0.0377601
0.0575857
0.07708
0.314483
0.314483
0.128944
0.0268715
0.0306856
0.017049
0.0208551
0.0249981
0.0548766
0.296978
0.314483
0.269546
0.0461275
0.0428171
0.0418725
0.0460679
0.047241
0.0274065
0.314483
0.314483
0.252623
0.0604398
0.0760792
0.0311546
0.0110225
0.0540382
0.0634876
0.177615
0.314483
0.293802
0.0297552
0.0305953
0.0246402
0.0164156
0.0245578
0.0712997
0.314105
0.316636
0.256138
0.0507064
0.0381003
0.043644
0.018485
0.0373932
0.0741427
0.285197
0.316636
0.2315
0.0692799
0.102871
0.0375737
0.0116028
0.050892
0.0675282
0.222365
0.316636
0.28556
0.0170908
0.0306085
0.022587
0.00779751
0.017427
0.025808
0.143818
0.316636
0.304753
0.0464524
0.0789474
0.029325
0.0149381
0.0101029
0.0145597
0.0586756
0.204711
0.053884
0.0167375
0.030467
0.0625823
0.268364
0.0277649
0.0129475
0.0554931
0.16306
0.0245475
0.0458301
0.426995
0.426995
0.00423184
0.00336107
0.00634699
0.0388511
0.127615
0.0574626
0.00899626
0.0123821
0.0099726
0.426995
0.00521697
0.00602305
0.109177
0.257162
0.0276441
0.0174655
0.103792
0.426995
0.25737
0.0340241
0.0149274
0.0573338
0.196622
0.0323801
0.0476467
0.413148
0.413148
0.117422
0.0474356
0.0308238
0.0408582
0.0614657
0.0302161
0.0370208
0.04656
0.185468
0.413148
0.00752623
0.0155045
0.0895052
0.199262
0.0344074
0.0176444
0.0934554
0.413148
0.085426
0.0313767
0.0333303
0.135309
0.210257
0.0212124
0.0285127
0.0414777
0.0996497
0.179397
0.0543279
0.0234
0.153935
0.284112
0.0231335
0.0397572
0.0536261
0.212962
0.284112
0.0530581
0.0105437
0.181224
0.284112
0.0119695
0.0528289
0.150531
0.284112
0.201656
0.0349601
0.0298689
0.106965
0.279782
0.0290403
0.093042
0.0876033
0.135456
0.284112
0.0625082
0.0217833
0.0932996
0.275458
0.0315285
0.187487
0.226864
0.284112
0.273039
0.0416649
0.00717683
0.190777
0.273039
0.00806762
0.0407713
0.111099
0.273039
0.273039
0.273039
0.0188242
0.106173
0.234925
0.00618652
0.00595341
0.00451797
0.0188382
0.273039
0.0496651
0.0145547
0.0746663
0.273039
0.0248386
0.16109
0.177391
0.273039
0.219962
0.273039
0.0602144
0.126041
0.273039
0.00900517
0.0122362
0.021987
0.00897237
0.287111
0.287111
0.0398785
0.211275
0.287111
0.0317994
0.0244978
0.0118896
0.0266253
0.213944
0.255305
0.0139525
0.196071
0.287111
0.126531
0.0610909
0.107489
0.104676
0.287111
0.287111
0.116696
0.221924
0.287111
0.0377903
0.0254312
0.0396461
0.0178552
0.0861592
0.11189
0.0159397
0.0626277
0.287111
0.0925128
0.0197046
0.0098514
0.00312428
0.0455719
0.0468839
0.0249595
0.331198
0.331198
0.2214
0.0360945
0.0824024
0.0318055
0.0191292
0.0352418
0.0416736
0.160931
0.331198
0.300972
0.0237067
0.0368575
0.0415732
0.0248851
0.0293495
0.0569203
0.267132
0.331198
0.260782
0.0273488
0.0409673
0.0226051
0.0525896
0.0308102
0.0162448
0.217069
0.331198
0.249121
0.0548709
0.0238709
0.0357812
0.0170801
0.0401673
0.0518718
0.208982
0.327793
0.278778
0.0173027
0.0381542
0.0359516
0.0136639
0.0188131
0.0092055
0.191339
0.327793
0.285697
0.0488529
0.0720567
0.0379755
0.0328001
0.0215338
0.0173406
0.250134
0.327793
0.292048
0.0481261
0.0298717
0.036269
0.0107223
0.0075692
0.0274763
0.226123
0.327793
0.303823
0.11684
0.0309763
0.00956225
0.00402147
0.00499064
0.0047533
0.0460363
0.132076
0.0489008
0.0107385
0.0105259
0.00756086
0.399888
0.00819304
0.0100246
0.101692
0.243556
0.0320286
0.0827492
0.183742
0.399888
0.000136079
0.00524718
0.00875171
0.0491506
0.14483
0.0613063
0.0218764
0.00711748
0.00185964
0.384293
0.0296133
0.0126458
0.0624847
0.12481
0.0356699
0.171273
0.399888
0.399888
0.342016
0.00969082
0.0176674
0.0710353
0.164239
0.0311081
0.0606026
0.137596
0.342016
0.0970839
0.0408022
0.0334884
0.10627
0.187597
0.0125748
0.0247234
0.0378482
0.0895886
0.267708
0.0279094
0.0179606
0.0453215
0.0855264
0.0328449
0.122749
0.342016
0.342016
0.177473
0.0661524
0.0183907
0.241973
0.342016
0.0151705
0.0365506
0.0806363
0.298472
0.18699
0.0671605
0.0382087
0.11485
0.262198
0.0272554
0.100372
0.0938755
0.148035
0.262198
0.084985
0.0161634
0.0845461
0.262198
0.0400414
0.215728
0.246856
0.262198
0.247863
0.110898
0.0218866
0.198357
0.262198
0.015595
0.0244986
0.053936
0.262198
0.262198
0.111023
0.0226208
0.157648
0.262198
0.0137343
0.0234325
0.0784072
0.262198
0.268697
0.0829728
0.0152555
0.0777092
0.268697
0.0351492
0.197687
0.206259
0.268697
0.268697
0.268697
0.0599412
0.121581
0.268697
0.0159955
0.00909874
0.0233966
0.0223256
0.268697
0.109356
0.01334
0.119207
0.163703
0.0086295
0.0176225
0.0745121
0.268697
0.268697
0.182357
0.0197323
0.258301
0.268697
0.0241427
0.0146215
0.0145868
0.0422886
0.317633
0.317633
0.115011
0.204654
0.317633
0.0442983
0.0197856
0.0388711
0.043908
0.10978
0.117218
0.016058
0.0593907
0.313505
0.0851471
0.0168151
0.00445813
0.0012991
0.317633
0.317633
0.03955
0.317633
0.317633
0.0390877
0.0190283
0.0207225
0.0906899
0.0251248
0.0286041
0.0137309
0.0990556
0.264715
0.0598581
0.0133016
0.00675355
0.00231868
0.0337233
0.0517116
0.0776027
0.378114
0.378114
0.340463
0.0432701
0.0632119
0.0293201
0.0906207
0.0573135
0.0280937
0.31048
0.378114
0.332585
0.0816154
0.0459043
0.061111
0.0329681
0.0623215
0.0804636
0.132508
0.230866
0.136723
0.0730948
0.0743229
0.0409299
0.048415
0.101214
0.0739722
0.1043
0.201198
0.11689
0.0775082
0.0444501
0.0470024
0.0570281
0.0468057
0.0321616
0.349402
0.367788
0.349768
0.0680194
0.0457081
0.0586323
0.0280092
0.013767
0.0343684
0.367788
0.367788
0.367788
0.130041
0.0361675
0.0180796
0.0535108
0.114595
0.0867383
0.11404
0.185786
0.120943
0.0593474
0.043809
0.0515133
0.0267199
0.0603133
0.0664285
0.132827
0.166564
0.139558
0.0815029
0.0517075
0.0216828
0.0010526
0.00526721
0.009358
0.0626577
0.172475
0.056263
0.020435
0.00673899
0.00219809
0.384212
0.0263041
0.0155073
0.0738312
0.158317
0.0423317
0.232375
0.384212
0.384212
0.00717141
0.011715
0.0129445
0.0200825
0.022922
0.01943
0.0127006
0.0102604
0.00839051
0.384212
0.00789302
0.00674636
0.117963
0.245702
0.00573736
0.0220653
0.245624
0.384212
0.238038
0.020919
0.0166505
0.0418858
0.0900567
0.0292686
0.135746
0.292577
0.292577
0.176052
0.1896
0.0224515
0.162571
0.292577
0.0113806
0.0352346
0.0685472
0.231335
0.292577
0.00842542
0.00843955
0.0583827
0.11735
0.00470704
0.0167476
0.139501
0.292577
0.292577
0.292577
0.0265371
0.176457
0.255543
0.0030284
0.0106519
0.0403347
0.157567
0.265515
0.208434
0.0251514
0.158408
0.265515
0.0132083
0.0186985
0.0488838
0.265515
0.265515
0.172799
0.0200577
0.126291
0.254779
0.0168326
0.0111966
0.0658251
0.265515
0.265515
0.179067
0.0224719
0.13771
0.200483
0.00516933
0.013367
0.081529
0.265515
0.261069
0.128768
0.0324756
0.115825
0.190051
0.00813776
0.0131473
0.117977
0.265515
0.289594
0.164931
0.0151787
0.115335
0.15209
0.0123474
0.00696783
0.0744777
0.289594
0.289594
0.239378
0.0178926
0.264832
0.289594
0.0332951
0.0167741
0.01468
0.0635309
0.223061
0.0593649
0.0205149
0.0897449
0.160384
0.00535994
0.00638236
0.139081
0.289594
0.289594
0.289594
0.00759891
0.145151
0.284158
0.0176455
0.0109673
0.0133476
0.0236731
0.339269
0.339269
0.0371202
0.339269
0.339269
0.0436625
0.0188979
0.0192011
0.122001
0.0335345
0.0257896
0.0155087
0.107552
0.277172
0.0505856
0.013916
0.00948009
0.00345508
0.339269
0.339269
0.01493
0.258691
0.339269
0.0236753
0.0127318
0.0183073
0.0526691
0.0143417
0.00916724
0.0102798
0.05126
0.081289
0.029905
0.015528
0.0148714
0.0118339
0.0343003
0.0868321
0.118735
0.214336
0.295955
0.187232
0.125668
0.0933674
0.036253
0.0536705
0.14692
0.125832
0.15957
0.206134
0.115896
0.109361
0.0861453
0.0752566
0.0190077
0.0547148
0.138009
0.307013
0.307013
0.307013
0.120321
0.0400917
0.0149855
0.0115922
0.0557846
0.1044
0.307013
0.307013
0.291924
0.129713
0.0763404
0.0634915
0.0601239
0.16815
0.137593
0.193207
0.241106
0.12313
0.0828615
0.0622717
0.0646909
0.0470482
0.0839101
0.0836419
0.204318
0.222025
0.183461
0.108139
0.0725232
0.0401654
0.0129635
0.0696452
0.0783492
0.345897
0.345897
0.301234
0.0989249
0.0411276
0.0386749
0.00304616
0.046995
0.0520154
0.242238
0.345897
0.345897
0.0786095
0.0255361
0.0150201
0.00728283
0.0125561
0.0121508
0.0291398
0.0318122
0.0198586
0.0129419
0.0112516
0.00922286
0.428325
0.00777593
0.00606236
0.129056
0.264795
0.00640142
0.0173653
0.310751
0.428325
0.00736882
0.00885174
0.00624921
0.032452
0.139569
0.0646174
0.00699993
0.00724923
0.0211573
0.428325
0.0189023
0.0163341
0.0691191
0.183865
0.0144989
0.00843914
0.120252
0.428325
0.350072
0.00863436
0.00756078
0.0718224
0.141945
0.00341574
0.0130015
0.194404
0.350072
0.350072
0.350072
0.0381788
0.149901
0.211424
0.00350658
0.00913265
0.0445058
0.177502
0.350072
0.0162267
0.0118167
0.0443808
0.118328
0.00719889
0.00734897
0.0842539
0.350072
0.154055
0.151765
0.048087
0.0597563
0.0965795
0.0126074
0.0271987
0.0452281
0.102842
0.266703
0.266703
0.0379075
0.170976
0.242597
0.0086401
0.018532
0.10224
0.266703
0.266703
0.265202
0.0494842
0.150099
0.224152
0.0093677
0.0205469
0.157293
0.266703
0.140322
0.130643
0.062841
0.0945991
0.246883
0.0629208
0.0378245
0.0718217
0.184244
0.116271
0.0933411
0.139009
0.206082
0.266703
0.0843035
0.044849
0.0787643
0.218106
0.286794
0.0644667
0.0236706
0.115605
0.204858
0.00762711
0.0124578
0.149383
0.286794
0.286794
0.286794
0.0103935
0.195636
0.286794
0.0177146
0.0174074
0.0158923
0.0383047
0.113626
0.0910687
0.0927263
0.203483
0.286794
0.0760101
0.0245407
0.0590335
0.241581
0.17388
0.207456
0.0272847
0.286794
0.286794
0.0286642
0.0259642
0.0216976
0.0573017
0.351592
0.351592
0.0153327
0.282102
0.351592
0.020193
0.0163534
0.0174699
0.0702095
0.0132169
0.00750552
0.0172731
0.0481762
0.0594297
0.027768
0.0200525
0.0154557
0.0106052
0.316728
0.351592
0.0421822
0.351592
0.351592
0.0340146
0.0349929
0.0281666
0.123667
0.00255935
0.000800296
0.0165847
0.0636836
0.181192
0.0822435
0.0116858
0.00370102
0.00438314
0.00685527
0.0313775
0.0782375
0.272919
0.32146
0.180244
0.0572179
0.0177095
0.00389502
0.00110129
0.0267687
0.0506141
0.235439
0.32146
0.191095
0.0538137
0.0467015
0.0375833
0.000618344
0.016465
0.0517545
0.32146
0.32146
0.279526
0.0662392
0.0102389
0.000659804
0.0011341
0.00498536
0.0398884
0.252207
0.32146
0.32146
0.0986516
0.000606557
0
0.00110898
0.0340137
0.039075
0.241745
0.325759
0.202698
0.0417428
0.0228805
0.0191824
0.000674566
0.0260541
0.0295177
0.159864
0.325759
0.289584
0.044412
0.0136734
0.00911998
0.00284342
0.00594593
0.0576729
0.251999
0.325759
0.325759
0.0916059
0.00581038
0.00196718
0.00557016
0.0180551
0.0543917
0.256698
0.325759
0.325759
0.0213606
0.0157781
0.00379258
0.00640098
0.0112945
0.0073468
0.0560085
0.176315
0.0731318
0.00854381
0.00701219
0.0259865
0.453512
0.0264307
0.0173898
0.089857
0.1836
0.0187506
0.0122966
0.166913
0.453512
0.0182198
0.00595261
0.0208344
0.0822236
0.218978
0.0833032
0.0047017
0.00622164
0.0441918
0.424579
0.0151203
0.0113867
0.048413
0.121734
0.0290082
0.00901499
0.0897959
0.453512
0.348823
0.0199349
0.0108364
0.0582564
0.112824
0.009901
0.00685213
0.10409
0.348823
0.223431
0.187116
0.0288706
0.0786031
0.118489
0.0126942
0.0227043
0.0440123
0.146365
0.29887
0.00910979
0.0124419
0.0440286
0.0764567
0.0240527
0.0078149
0.0621799
0.348823
0.348823
0.342655
0.0246547
0.125746
0.312545
0.00936002
0.0174372
0.0605454
0.135002
0.160542
0.131807
0.0485698
0.101282
0.203337
0.0393139
0.0392765
0.0789937
0.177691
0.143843
0.118094
0.0988269
0.1445
0.214238
0.0728844
0.0826176
0.131699
0.216216
0.229159
0.229159
0.0528305
0.118374
0.229159
0.0262206
0.114001
0.179086
0.21005
0.229159
0.229159
0.218708
0.182715
0.229159
0.118533
0.229159
0.229159
0.229159
0.126315
0.0963071
0.0927682
0.194698
0.264932
0.0633695
0.0619438
0.118371
0.243289
0.145075
0.132362
0.0238215
0.264932
0.264932
0.0368347
0.0285641
0.023999
0.0665258
0.218787
0.187124
0.197323
0.188644
0.264932
0.087413
0.233983
0.264932
0.264932
0.163033
0.138486
0.10336
0.154158
0.264932
0.0774485
0.03167
0.0384087
0.0330758
0.275401
0.252019
0.0412901
0.350336
0.350336
0.0470502
0.0357057
0.0297642
0.13906
0.0024048
0.000916432
0.0220794
0.0673714
0.208511
0.0849745
0.015559
0.00393161
0.00448325
0.329077
0.285293
0.198061
0.312546
0.350336
0.103937
0.0301169
0.038644
0.0173146
0.00250315
0.00370201
0.00811892
0.0487993
0.250108
0.0758091
0.0097978
0.00582899
0.00347918
0.0106383
0.0448584
0.0902126
0.375671
0.375671
0.327973
0.0900912
0.0261309
0.00870446
0.0112654
0.0136682
0.044336
0.305816
0.375671
0.375671
0.130845
0.0188451
0.0164356
0.0331411
0.083005
0.0746547
0.139759
0.186973
0.085052
0.0618994
0.0430208
0.0307977
0.0353035
0.0583072
0.0453166
0.106225
0.197721
0.184731
0.0998628
0.0792666
0.0765155
0.0171539
0.0219424
0.0635308
0.307287
0.354562
0.354562
0.115993
0.0224396
0.0165886
0.0121067
0.041514
0.0736877
0.315379
0.354562
0.354562
0.0340494
0.0378245
0.0184402
0.0393623
0.0813956
0.0579527
0.131719
0.190092
0.184478
0.0757176
0.0789877
0.0834653
0.0164037
0.0674938
0.0866469
0.179591
0.252377
0.18328
0.0728282
0.0851999
0.0394627
0.0207931
0.0130394
0.0210802
0.0899562
0.228757
0.0813816
0.00717595
0.0102815
0.0512984
0.383819
0.0233752
0.0107632
0.0589961
0.127539
0.0285767
0.0386449
0.181638
0.409865
0.00789098
0.0178056
0.0221946
0.0503914
0.0634779
0.0419902
0.0167986
0.0219521
0.0206696
0.182969
0.0147149
0.00996653
0.0272342
0.0833396
0.0475301
0.409865
0.409865
0.409865
0.218317
0.0124387
0.00923099
0.0425483
0.0623779
0.0198464
0.021634
0.0983941
0.29121
0.29121
0.29121
0.0354333
0.126857
0.235373
0.00941217
0.0213054
0.0497353
0.157373
0.0952482
0.0168705
0.0138364
0.0214195
0.0534749
0.0403777
0.208203
0.29121
0.29121
0.29121
0.29121
0.142959
0.223407
0.29121
0.0377874
0.0799337
0.0933311
0.110337
0.231968
0.203475
0.0541537
0.0955643
0.178886
0.0135449
0.0838914
0.131782
0.199813
0.216909
0.21378
0.13566
0.113836
0.206567
0.0869121
0.192395
0.231968
0.231968
0.231968
0.231968
0.113726
0.153647
0.231968
0.0551722
0.0683637
0.0849448
0.231968
0.206555
0.141624
0.11638
0.15669
0.178384
0.0209322
0.0687273
0.137544
0.231968
0.25183
0.201981
0.189788
0.175121
0.260353
0.0771999
0.235723
0.260353
0.260353
0.228611
0.128199
0.0976749
0.144834
0.260353
0.0829892
0.0331191
0.0424045
0.0326485
0.260353
0.155398
0.112796
0.141279
0.213154
0.0189466
0.0815663
0.174394
0.260353
0.148421
0.138597
0.0602335
0.107064
0.231798
0.0151152
0.0166939
0.0183443
0.0146805
0.314064
0.314064
0.258156
0.314064
0.314064
0.145303
0.0425547
0.0568271
0.0189177
0.00440604
0.00745981
0.0109809
0.06112
0.314064
0.0884989
0.0125465
0.0147311
0.00727885
0.314064
0.314064
0.161253
0.269777
0.314064
0.0191297
0.0201235
0.0277811
0.0155623
0.0106491
0.0131437
0.0186431
0.0239025
0.0491442
0.0203444
0.0161241
0.0219517
0.014881
0.0922172
0.181197
0.187199
0.216898
0.22058
0.110998
0.15175
0.108126
0.0787086
0.0989283
0.111558
0.0763182
0.150247
0.229988
0.224323
0.229988
0.180205
0.181091
0.0639689
0.113948
0.204355
0.229988
0.229988
0.202234
0.185884
0.0895384
0.122562
0.0668696
0.105585
0.0874116
0.174203
0.229988
0.229988
0.210591
0.128936
0.138534
0.0997929
0.145711
0.0864155
0.190601
0.228358
0.223451
0.183364
0.151851
0.165785
0.0411849
0.148366
0.167942
0.228358
0.228358
0.225374
0.149755
0.185372
0.120066
0.0682461
0.0857002
0.0729769
0.159226
0.228358
0.228358
0.227268
0.103796
0.113736
0.0676859
0.0616218
0.0681589
0.184446
0.228358
0.228358
0.228358
0.168621
0.0794162
0.0162781
0.0360309
0.0345839
0.0699959
0.0617476
0.0458276
0.0277778
0.0376115
0.0387998
0.23368
0.0262232
0.0167905
0.0448487
0.131988
0.0712377
0.410733
0.410733
0.410733
0.0122439
0.0102994
0.010546
0.0361222
0.0601509
0.0749452
0.0655193
0.0376787
0.0240007
0.0407103
0.00228162
0.00577698
0.0225156
0.0416718
0.104903
0.275787
0.345905
0.410733
0.117833
0.0253226
0.0179164
0.0321239
0.0794518
0.0600503
0.286924
0.286924
0.286924
0.286924
0.286924
0.238236
0.286924
0.286924
0.0712872
0.123737
0.126493
0.148125
0.0157672
0.00592723
0.00476242
0.0226094
0.0702728
0.0991381
0.109401
0.135043
0.175972
0.133499
0.147078
0.112916
0.176665
0.286924
0.174002
0.0726127
0.0436229
0.0537134
0.252865
0.252865
0.158599
0.215532
0.252865
0.10068
0.093182
0.0995916
0.252865
0.247958
0.196158
0.182971
0.204053
0.252865
0.0773962
0.0986617
0.152493
0.252865
0.0732847
0.0866249
0.0770942
0.142958
0.252865
0.220242
0.0752254
0.0247747
0.0343024
0.0361184
0.0333632
0.112655
0.189232
0.252865
0.130045
0.077736
0.0306323
0.0636405
0.304635
0.2113
0.177533
0.205541
0.304635
0.106368
0.14057
0.238128
0.304635
0.283643
0.188271
0.115824
0.147028
0.303799
0.0208744
0.0220172
0.0281122
0.0167091
0.0295357
0.0367911
0.137219
0.176425
0.304635
0.183892
0.127435
0.0551345
0.122544
0.0339113
0.0647573
0.126219
0.118097
0.146466
0.0192878
0.00590221
0.00215748
0.00217769
0.35886
0.35886
0.322066
0.35886
0.35886
0.0350467
0.0311939
0.0494904
0.0225951
0.016454
0.0253461
0.042184
0.0511366
0.0628717
0.0265824
0.0290904
0.0543595
0.0264558
0.0905247
0.204679
0.35886
0.240045
0.301947
0.042672
0.0151852
0.00902269
0.00290291
0.0328789
0.0511366
0.061258
0.08325
0.116223
0.0478588
0.0359099
0.0151903
0.00463253
0.0615056
0.0978956
0.17739
0.231078
0.231078
0.164938
0.162617
0.0877026
0.116653
0.053793
0.0696117
0.0907125
0.163916
0.231078
0.231078
0.198135
0.121409
0.113863
0.0687474
0.21848
0.231078
0.231078
0.231078
0.217169
0.141511
0.1921
0.0701052
0.0395569
0.0640634
0.0988834
0.231078
0.231078
0.231078
0.169116
0.14971
0.0923162
0.0573085
0.0687348
0.104978
0.164569
0.248509
0.254647
0.210117
0.106175
0.113003
0.0423706
0.0494174
0.0760031
0.208385
0.249338
0.254647
0.254647
0.172121
0.101777
0.0293607
0.0567231
0.114943
0.247551
0.254647
0.254647
0.176223
0.135821
0.105352
0.028698
0.043246
0.0759724
0.118802
0.254647
0.254647
0.167528
0.144405
0.0613205
0.0264075
0.0277742
0.0384338
0.104732
0.145866
0.189538
0.15209
0.106704
0.0784596
0.0940757
0.00387786
0.0259358
0.0768021
0.122418
0.324793
0.39216
0.39216
0.39216
0.0175035
0.0181311
0.051318
0.0767609
0.26982
0.269258
0.0842822
0.0745058
0.0551289
0.023679
0.0317774
0.035355
0.0755657
0.185831
0.207731
0.145061
0.105304
0.0492304
0.0357757
0.0149882
0.0174342
0.0706149
0.178913
0.265041
0.271738
0.287011
0.287011
0.287011
0.287011
0.287011
0.287011
0.287011
0.287011
0.195977
0.108391
0.13085
0.0154029
0.0146081
0.0306798
0.0409111
0.0850718
0.101591
0.0633211
0.0450494
0.0386442
0.00363532
0.00520653
0.0437875
0.068671
0.140177
0.175404
0.0655133
0.0299634
0.0197928
0.149232
0.199001
0.177217
0.321495
0.321495
0.321495
0.193908
0.0583556
0.0154629
0.0659
0.0681277
0.321495
0.321495
0.321495
0.321495
0.229278
0.0624009
0.0248831
0.00256166
0.00492878
0.0489413
0.0529497
0.11084
0.137972
0.0524147
0.0247373
0.0228663
0.0152011
0.0143477
0.030817
0.0757051
0.144956
0.0790418
0.0217391
0.0135368
0.0208218
0.0220124
0.0359806
0.328154
0.328154
0.328154
0.328154
0.328154
0.134545
0.0570808
0.0627749
0.0997644
0.328154
0.29741
0.327918
0.0565032
0.0140731
0.00546263
0.000750618
0.015352
0.0192521
0.0434133
0.106284
0.21001
0.108518
0.0274681
0.021119
0.0350291
0.0194103
0.0423904
0.0518003
0.0636005
0.139554
0.122734
0.0383143
0.0176456
0.011662
0.165553
0.269025
0.296977
0.296977
0.296977
0.132129
0.0358761
0.019832
0.00378445
0.0557551
0.0996013
0.140519
0.23634
0.282118
0.126276
0.059998
0.037391
0.0133913
0.0349751
0.0814263
0.0992041
0.159894
0.296977
0.274739
0.0795123
0.0356583
0.0327146
0.0542033
0.102891
0.115353
0.258194
0.296977
0.148347
0.082899
0.0263467
0.0164148
0.0496022
0.179597
0.215889
0.239041
0.253554
0.170291
0.0999607
0.136555
0.0709308
0.0352368
0.0659064
0.0990476
0.217343
0.253554
0.223868
0.148535
0.158968
0.0918677
0.0917294
0.214071
0.253554
0.253554
0.253554
0.0968614
0.0328661
0.0626693
0.0266423
0.0159186
0.0528625
0.121569
0.253554
0.253554
0.253554
0.15774
0.0623183
0.00955787
0.0245912
0.0595763
0.119109
0.202207
0.259981
0.259981
0.143441
0.14184
0.105091
0.0209794
0.0468847
0.0713988
0.0982843
0.259981
0.259981
0.118944
0.136266
0.0654464
0.013717
0.0432087
0.13985
0.259981
0.259981
0.259981
0.149058
0.0699297
0.01595
0.0287007
0.0191317
0.10979
0.259981
0.259981
0.259981
0.125733
0.114531
0.259981
0.0283142
0.0408176
0.0897701
0.112302
0.264543
0.264543
0.117712
0.148817
0.106995
0.0404246
0.0462305
0.0700467
0.114757
0.264543
0.264543
0.240708
0.113754
0.0738954
0.0260605
0.0186572
0.180985
0.264543
0.264543
0.264543
0.152496
0.110111
0.189961
0.0464088
0.0248727
0.109795
0.213276
0.264543
0.264543
0.127168
0.089199
0.108114
0.0547746
0.0412119
0.0986504
0.125212
0.271016
0.271016
0.223524
0.100123
0.117771
0.0246177
0.0402225
0.116842
0.265905
0.271016
0.271016
0.209415
0.0719067
0.0579967
0.0349887
0.0284256
0.151643
0.207916
0.271016
0.271016
0.134076
0.076011
0.0660578
0.0320653
0.058825
0.105826
0.165209
0.271016
0.271016
0.143462
0.0451634
0.0865326
0.0231521
0.0310312
0.146865
0.250002
0.274714
0.274714
0.20143
0.0794365
0.0884157
0.05685
0.0563883
0.122949
0.274714
0.274714
0.274714
0.0993692
0.0523884
0.0865585
0.0301354
0.0528691
0.0875114
0.153414
0.274714
0.274714
0.14039
0.0629816
0.102491
0.0131371
0.0329941
0.101237
0.142992
0.274714
0.274714
0.164699
0.0915514
0.0483418
0.0419046
0.0473725
0.11208
0.280187
0.280187
0.280187
0.0890287
0.0695784
0.107218
0.0528093
0.123889
0.109825
0.226308
0.280187
0.280187
0.0750755
0.0580411
0.0376548
0.013736
0.0329227
0.0806466
0.163377
0.280187
0.280187
0.17197
0.113932
0.0584659
0.0594404
0.0842378
0.0836173
0.198109
0.280187
0.280187
0.137625
0.0565979
0.0366523
0.036363
0.0994778
0.0964046
0.23116
0.289758
0.289758
0.0743252
0.0553302
0.0500636
0.0727496
0.127758
0.13762
0.282002
0.289758
0.15897
0.0746895
0.0431485
0.0361786
0.0346291
0.0859878
0.0713966
0.229708
0.289758
0.289758
0.122808
0.0547878
0.0426669
0.0460299
0.117738
0.14545
0.289758
0.289758
0.162386
0.144458
0.0487252
0.00611251
0.0689304
0.179917
0.276511
0.270408
0.261774
0.0802276
0.0187787
0.0387276
0.0218538
0.0220425
0.0541329
0.0912293
0.264082
0.276511
0.276511
0.137538
0.0626291
0.014151
0.0401283
0.0993965
0.215462
0.276511
0.276511
0.142139
0.0897777
0.026508
0.0223278
0.0100207
0.0359048
0.0575571
0.276511
0.276511
0.259242
0.103446
0.0519921
0.00695365
0.0123513
0.0303512
0.0769105
0.228602
0.296131
0.283852
0.11668
0.0532735
0.0148022
0.0181881
0.0201873
0.0757915
0.2185
0.296131
0.246732
0.100455
0.0576324
0.0976805
0.00361699
0.013518
0.0277023
0.296131
0.296131
0.225654
0.0929263
0.0485568
0.00587481
0.00577351
0.0133809
0.114384
0.296131
0.296131
0.296131
0.0719361
0.0719661
0.0709609
0.0145448
0.0145101
0.0911627
0.191927
0.318185
0.20858
0.112327
0.0557425
0.064113
0.0161063
0.0111653
0.0658731
0.139708
0.324332
0.243504
0.0860128
0.0490327
0.0424596
0.00357265
0.0197403
0.105847
0.324332
0.324332
0.279534
0.090336
0.0576735
0.0396791
0.00714368
0.0241555
0.0760674
0.310987
0.324332
0.253475
0.0527883
0.0277411
0.0140326
0.0136317
0.00945362
0.0795423
0.147088
0.324777
0.239804
0.0951222
0.0517321
0.0376794
0.022037
0.0438897
0.0573673
0.162539
0.324777
0.211508
0.0845741
0.0141277
0.0405144
0.00525376
0.0364828
0.0794428
0.317175
0.324777
0.260529
0.0581532
0.024851
0.0027693
0.00948152
0.00795811
0.020206
0.324777
0.324777
0.324777
0.0358569
0.0151755
0.0123464
0.0216123
0.0319681
0.0434832
0.157286
0.330544
0.194221
0.0762159
0.028971
0.0520582
0.00809445
0.0160169
0.0673626
0.151234
0.330544
0.215319
0.0988469
0.0548134
0.0312368
0.011022
0.00953926
0.0185433
0.296197
0.330544
0.330544
0.0346773
0.0208539
0.0124462
0.00431819
0.0147669
0.0441439
0.286731
0.330544
0.330544
0.0616881
0.0555879
0.00509344
0.00874076
0.0131815
0.0517009
0.137569
0.334337
0.180972
0.0841553
0.0612811
0.0340459
0.0356059
0.0448367
0.0492793
0.175689
0.334337
0.19308
0.0514153
0.0311778
0.0190978
0.00659765
0.0156234
0.0405845
0.251086
0.334337
0.334337
0.0585158
0.045038
0.00470471
0.00433524
0.00643071
0.0365917
0.334337
0.334337
0.334337
0.0340863
0.00761328
0.00559179
0.0165896
0.036905
0.0401172
0.147205
0.361787
0.149012
0.0397001
0.0249336
0.0193482
0.0241756
0.0537307
0.0501982
0.196621
0.361787
0.0815955
0.0468487
0.0190352
0.00503266
0.00518567
0.0078047
0.0349864
0.361787
0.361787
0.287837
0.0374831
0.00222145
0.00612052
0.00546649
0.00259253
0.0204937
0.263333
0.361787
0.291378
0.0338068
0.016239
0.0158306
0.0436007
0.100961
0.219534
0.287292
0.277986
0.149683
0.0958512
0.031086
0.0211622
0.015049
0.0290129
0.0706133
0.287292
0.287292
0.244045
0.109219
0.0602285
0.00982862
0.0705577
0.076258
0.157166
0.251721
0.226044
0.0967618
0.0591395
0.0387913
0.040746
0.0569861
0.0861053
0.287292
0.287292
0.287292
0.264839
0.0770179
0.0111619
0.0101993
0.00331555
0.00753049
0.0344796
0.299432
0.299432
0.179505
0.085038
0.0457061
0.00539299
0.00112364
0.00590451
0.0863821
0.299432
0.299432
0.293489
0.0787914
0.0355571
0.00885405
0.0473174
0.0675968
0.216008
0.298502
0.299432
0.157347
0.0597947
0.0121979
5.13088e-05
0.00132756
0.0272789
0.13095
0.299432
0.299432
0.19031
0.0540778
0.0159023
0.00517006
0.000727445
0.00835708
0.0801824
0.321339
0.321339
0.244559
0.0984138
0.0355313
0.00570938
0.0113619
0.0103234
0.0658928
0.320725
0.321339
0.216842
0.0601693
0.0272085
0.0078331
0.00165526
0.0284834
0.0778458
0.321339
0.321339
0.173938
0.0666864
0.0265682
0.00415722
0.0378936
0.0256609
0.110629
0.236672
0.321339
0.156772
0.0640431
0.048902
0.0236383
0.00634087
0.0158466
0.067135
0.320362
0.320362
0.201805
0.0660828
0.0292208
0.00419778
0.00824511
0.00504683
0.0219167
0.320362
0.320362
0.31229
0.0320132
0.0137384
0.00646776
0.0232112
0.0258981
0.0732436
0.235989
0.320362
0.168229
0.061918
0.0552863
0.0175261
0.0123007
0.0218587
0.0935327
0.269522
0.320362
0.219467
0.0710736
0.0302179
0.0134773
0.00872825
0.0075104
0.0240977
0.321144
0.321144
0.296049
0.0302634
0.0169784
0.00531679
0.00832681
0.0142907
0.0439612
0.321144
0.321144
0.254428
0.0583357
0.054373
0.00791813
0.00737112
0.0203971
0.0729632
0.279677
0.321144
0.210687
0.0733794
0.0343863
0.01535
0.0265196
0.0244213
0.0617507
0.223291
0.321144
0.145174
0.0421005
0.0673195
0.0262441
0.0103994
0.0168984
0.0469043
0.292266
0.323835
0.277594
0.0538818
0.0412038
0.00686447
0.00413796
0.0104279
0.0405249
0.323835
0.323835
0.323835
0.0422864
0.00976954
0.00677981
0.0187533
0.0343213
0.0561271
0.232239
0.319307
0.143413
0.0456958
0.0620699
0.0301301
0.013494
0.0442036
0.0347319
0.291928
0.323835
0.127376
0.0845981
0.0432722
0.0207997
0.00520463
0.0118164
0.0460028
0.323841
0.347996
0.316239
0.040804
0.00244113
0.00640647
0.0064599
0.00813603
0.0228898
0.293205
0.347996
0.278407
0.0299477
0.0140034
0.0158618
0.00678087
0.049135
0.0340701
0.255398
0.347996
0.129878
0.0696554
0.0409259
0.020041
0.00621831
0.0274355
0.0524478
0.197005
0.311435
0.163156
0.050918
0.0275439
0.0200653
0.0770793
0.104525
0.172942
0.251013
0.250692
0.135747
0.0603736
0.0387008
0.0574754
0.0718107
0.139458
0.272524
0.272524
0.272524
0.272524
0.0956385
0.0209808
0.0144102
0.0615169
0.0921034
0.105135
0.175785
0.169603
0.135956
0.110806
0.0912596
0.0861615
0.076441
0.156287
0.272524
0.272524
0.272524
0.272524
0.088652
0.0637026
0.0160556
0.0582639
0.0993878
0.252978
0.29627
0.29627
0.170491
0.067289
0.0153934
0.00134589
0.000387872
0.0232887
0.130474
0.29627
0.29627
0.292319
0.0800523
0.00619827
0.000613681
0.052281
0.100718
0.155494
0.200551
0.29627
0.20018
0.0363415
0.0347227
0.0109611
0.00502142
0.0230446
0.125328
0.157811
0.29627
0.29627
0.0597368
0.0157488
0.00464777
0.00107839
0.0210506
0.087887
0.303157
0.303157
0.254836
0.085271
0.0216016
0.00123784
0.0569636
0.0250979
0.101479
0.303157
0.303157
0.189486
0.0662191
0.0647617
0.0358903
0.00489727
0.0161962
0.0665409
0.135414
0.303157
0.303157
0.0580002
0.0298627
0.0100275
0.00355496
0.0247479
0.0702173
0.290384
0.303157
0.303157
0.0720883
0.0375392
0.00901715
0.0309169
0.0230292
0.0649458
0.314437
0.314437
0.18304
0.0604754
0.0643374
0.0231978
0.0142352
0.021763
0.0967111
0.314437
0.314437
0.246776
0.0592182
0.0348776
0.0130656
0.0068272
0.0241237
0.0436474
0.217164
0.314437
0.314117
0.0708922
0.0446121
0.0126617
0.00409571
0.0149933
0.0460946
0.226525
0.314437
0.265191
0.056678
0.0231458
0.0108188
0.00654465
0.0213244
0.0787089
0.322056
0.322056
0.239523
0.0548584
0.0307471
0.0110436
0.0290433
0.0276334
0.0596642
0.290863
0.322056
0.186032
0.0419885
0.0583202
0.0200057
0.00626422
0.0129524
0.0377567
0.204684
0.322056
0.276535
0.0457373
0.0179605
0.0110382
0.0137004
0.0018513
0.0148952
0.322056
0.322056
0.236517
0.0186326
0.00902709
0.0167542
0.0235982
0.0353124
0.0562838
0.305121
0.330596
0.208052
0.0452656
0.0528037
0.023368
0.0135164
0.0404703
0.0293223
0.235571
0.330596
0.230095
0.111367
0.0511802
0.0199567
0.00961292
0.00376309
0.0222061
0.330596
0.330596
0.262927
0.0243484
0.014894
0.0142878
0.0124338
0.020322
0.0289119
0.194084
0.330596
0.250055
0.0818943
0.0317714
0.0138033
0.0076879
0.0457215
0.0335765
0.226304
0.330481
0.2267
0.0924616
0.0507948
0.0182608
0.006499
0.0304456
0.0592294
0.246885
0.289228
0.224073
0.0711545
0.0302341
0.0172991
0.0048077
0.0199504
0.0397861
0.26462
0.330481
0.218047
0.0726264
0.0342297
0.00732087
0.00339815
0.00654046
0.0230277
0.330481
0.330481
0.330481
0.0643862
0.00957132
0.010182
0.0570698
0.101671
0.110627
0.131036
0.184515
0.13718
0.0861548
0.0750808
0.0912964
0.0805995
0.191166
0.270066
0.304926
0.304926
0.292751
0.050326
0.0402878
0.0147125
0.0331496
0.0771935
0.118848
0.190774
0.30184
0.213121
0.120118
0.0739741
0.083384
0.0286964
0.0744204
0.182832
0.304926
0.304926
0.205404
0.0301677
0.0255896
0.0161978
0.0552104
0.118431
0.137714
0.207413
0.325784
0.171633
0.0222769
0.0219632
0.00755114
0.00621935
0.0398608
0.123167
0.161185
0.325784
0.325784
0.0701094
0.0150566
0.00530502
0.0156451
0.0490383
0.113485
0.325784
0.325784
0.121363
0.0245357
0.0257327
0.0128923
0.00798225
0.0421982
0.161979
0.266614
0.325784
0.268909
0.0413827
0.0277191
0.0063621
0.00478938
0.0226497
0.0698842
0.156732
0.328181
0.314475
0.0598907
0.0221921
0.00858936
0.00581029
0.0184111
0.0400565
0.265979
0.328181
0.292786
0.0647802
0.0242881
0.0178565
0.00427806
0.0252868
0.137786
0.267899
0.328181
0.225879
0.0398906
0.030697
0.0112163
0.0129589
0.0363983
0.0500442
0.313716
0.328181
0.150903
0.0332579
0.0220393
0.0270761
0.00757127
0.0177939
0.0317079
0.228512
0.323112
0.319262
0.0627732
0.0301633
0.018777
0.00274031
0.0156871
0.065864
0.17785
0.323112
0.285105
0.0415481
0.0213829
0.00816495
0.00909142
0.0322957
0.0526472
0.323112
0.323112
0.183775
0.0302387
0.0197745
0.0238404
0.00174655
0.00726202
0.061031
0.323112
0.323112
0.20598
0.082164
0.024154
0.00445148
0.00424401
0.0162146
0.0664749
0.179522
0.322068
0.320483
0.0303743
0.0160658
0.00707897
0.010881
0.0042175
0.0130476
0.250242
0.322068
0.300861
0.0357111
0.00934129
0.0119196
0.000427736
0.0125455
0.0590156
0.322068
0.322068
0.247304
0.0658987
0.0203611
0.00208923
0.00582104
0.0305421
0.033666
0.273191
0.322068
0.183338
0.0479096
0.04305
0.0385552
0.00829235
0.00538353
0.01564
0.222172
0.331408
0.32798
0.0346486
0.0149342
0.00846519
0.0108766
0.00854601
0.0163598
0.11843
0.331408
0.331408
0.0811165
0.0336915
0.00528879
0.00382173
0.0279502
0.0485638
0.278294
0.331408
0.206614
0.0391158
0.0425006
0.027784
0.0205721
0.0252265
0.0652682
0.255188
0.331408
0.261959
0.017808
0.0520265
0.0190026
0.00434567
0.00747853
0.0235358
0.160693
0.313422
0.310025
0.0690264
0.0365553
0.00258053
0.00236949
0.00201155
0.0185595
0.313422
0.313422
0.313422
0.0633569
0.0100283
0.00705045
0.00969875
0.0229918
0.0826499
0.282006
0.313422
0.223039
0.0184985
0.0304945
0.0164972
0.00758728
0.0262683
0.0572681
0.310349
0.313422
0.191973
0.0350889
0.0193866
0.0182384
0.0517181
0.0919197
0.154473
0.20292
0.321437
0.24457
0.122587
0.0926694
0.109116
0.0726409
0.11611
0.181701
0.321437
0.321437
0.248853
0.0337952
0.0203167
0.0220279
0.0437448
0.130405
0.108208
0.1378
0.167204
0.116798
0.111739
0.0811067
0.0468607
0.200246
0.234004
0.216087
0.252021
0.282985
0.0383118
0.0486633
0.0112616
0.0347895
0.0469484
0.0874157
0.139528
0.347667
0.347667
0.160495
0.0378494
0.0319386
0.0160057
0.022432
0.0959237
0.185282
0.347667
0.347667
0.347667
0.0720008
0.0525794
0.015614
0.13842
0.178815
0.166298
0.163309
0.197208
0.0210996
0.0282131
0.0117805
0.0177721
0.0582605
0.10461
0.178063
0.149562
0.241949
0.0626437
0.0197595
0.0586389
0.0698368
0.0127862
0.0616881
0.157268
0.362453
0.362453
0.325474
0.072479
0.0547536
0.0275589
0.0263127
0.0420199
0.0746386
0.362453
0.362453
0.234544
0.0609874
0.0318432
0.0678992
0.0418394
0.0915838
0.170963
0.157721
0.223686
0.0571259
0.0152249
0.0532976
0.0666334
0.0460645
0.0933587
0.150512
0.156193
0.231762
0.0908963
0.0208272
0.082678
0.0793447
0.0204732
0.0339276
0.0790784
0.348398
0.348398
0.281535
0.049181
0.0324268
0.0688851
0.00847098
0.0350072
0.12792
0.348398
0.348398
0.336331
0.07881
0.0298115
0.00973438
0.0411186
0.0794597
0.147476
0.207801
0.24474
0.0876058
0.0367623
0.0759314
0.089602
0.0539086
0.0697183
0.0792463
0.224888
0.202674
0.0891921
0.0650886
0.0738703
0.0468987
0.00763573
0.0465687
0.140692
0.33062
0.33062
0.33062
0.0670174
0.0267297
0.00523963
0.00938398
0.0531252
0.0619098
0.33062
0.33062
0.33062
0.0951806
0.0779476
0.0555782
0.0480735
0.0670176
0.0731975
0.24052
0.228942
0.105953
0.0780208
0.0750326
0.0542061
0.042773
0.0754401
0.0874112
0.183238
0.220576
0.123825
0.0712353
0.100945
0.125003
0.0181681
0.0641912
0.0756567
0.336979
0.343434
0.343434
0.0811489
0.0683944
0.0477842
0.0632251
0.0581524
0.0788709
0.328018
0.343434
0.343434
0.0390571
0.0546574
0.032925
0.0525276
0.0809087
0.102596
0.173794
0.233877
0.146702
0.0606429
0.080291
0.113131
0.0654323
0.0777203
0.132678
0.14124
0.154294
0.106182
0.103905
0.0732809
0.125875
0.0500843
0.0570696
0.0933956
0.324203
0.324203
0.324203
0.039049
0.0383718
0.0437004
0.027724
0.0396076
0.0935739
0.324203
0.324203
0.301059
0.0636295
0.0492852
0.0459998
0.0819555
0.0842953
0.134887
0.147925
0.1755
0.108357
0.0960614
0.0565375
0.124158
0.124604
0.110448
0.0822317
0.118683
0.287026
0.232531
0.107665
0.0942618
0.122308
0.0887155
0.187196
0.164316
0.200017
0.234117
0.199277
0.156121
0.112742
0.0717293
0.234117
0.234117
0.234117
0.234117
0.234117
0.0592422
0.0943892
0.0259325
0.0616107
0.0922417
0.171863
0.146123
0.105518
0.145946
0.185558
0.108867
0.174028
0.113709
0.191182
0.234117
0.234117
0.234117
0.234117
0.0916824
0.095578
0.0699446
0.0531846
0.228351
0.239262
0.239262
0.218601
0.239262
0.0292782
0.0588438
0.0236339
0.0324249
0.11388
0.180954
0.239262
0.233843
0.235717
0.125262
0.0478532
0.0980207
0.120378
0.109204
0.239262
0.211263
0.178816
0.151788
0.112538
0.0871297
0.0516242
0.0404467
0.129079
0.230216
0.234972
0.239262
0.239262
0.124356
0.0968733
0.0711014
0.0668753
0.0783827
0.169089
0.217025
0.215979
0.218778
0.101321
0.0426655
0.0886219
0.0985102
0.0695876
0.131086
0.223048
0.198085
0.218374
0.171043
0.0786642
0.152461
0.149611
0.0944053
0.242339
0.227311
0.246085
0.246085
0.148909
0.085881
0.0756852
0.0453569
0.0373489
0.12779
0.177909
0.246085
0.246085
0.246085
0.195329
0.0708034
0.0475386
0.0535084
0.110676
0.210865
0.225889
0.238767
0.15684
0.0903284
0.146856
0.152985
0.0876637
0.122927
0.139607
0.248544
0.261855
0.142568
0.0761438
0.0969025
0.0935599
0.0280484
0.128118
0.179531
0.261855
0.261855
0.261855
0.171582
0.0890326
0.0503109
0.0216687
0.0577173
0.0864781
0.261855
0.261855
0.198282
0.111087
0.127996
0.16209
0.0755626
0.113602
0.137383
0.259402
0.259402
0.164237
0.084617
0.100324
0.0917259
0.0655254
0.132278
0.138641
0.259402
0.2319
0.191364
0.0850001
0.131232
0.14673
0.0204206
0.0622875
0.105206
0.259402
0.259402
0.237775
0.12665
0.118446
0.129651
0.0895237
0.133555
0.174247
0.259402
0.259402
0.259402
0.0605674
0.0816125
0.0942037
0.0872175
0.14714
0.147805
0.253523
0.253523
0.227911
0.0727824
0.107982
0.152624
0.116812
0.137457
0.166717
0.199482
0.251416
0.144059
0.122195
0.0795489
0.141727
0.0738338
0.122517
0.18999
0.253523
0.253523
0.253523
0.07424
0.0843537
0.0880264
0.0741748
0.0791535
0.095324
0.253523
0.253523
0.233791
0.0436695
0.108831
0.123089
0.131994
0.134867
0.142936
0.188667
0.259578
0.14448
0.117286
0.0687008
0.162362
0.180934
0.115755
0.0945861
0.152253
0.259578
0.259578
0.162864
0.152383
0.184672
0.0565582
0.0653528
0.109103
0.259578
0.259578
0.207362
0.0613916
0.0993745
0.122986
0.0525929
0.0890986
0.126267
0.259578
0.259578
0.245756
0.128856
0.0971434
0.0681499
