0.144723
0.22639
0.178801
0.123807
0.22639
0.0230511
0.0453922
0.138533
0.103028
0.181996
0.22639
0.214076
0.134881
0.164584
0.0824327
0.223607
0.22639
0.17763
0.148992
0.22639
0.167068
0.136499
0.22639
0.0755334
0.0977573
0.0808963
0.093865
0.22639
0.22639
0.13595
0.131601
0.149613
0.0684173
0.109676
0.22639
0.22639
0.148944
0.192137
0.187933
0.140704
0.181291
0.108367
0.208707
0.2201
0.2201
0.0817221
0.122702
0.117302
0.155881
0.132049
0.213128
0.2201
0.2201
0.143367
0.166266
0.191141
0.189952
0.167177
0.205149
0.0733317
0.110828
0.2201
0.2201
0.1497
0.145205
0.0479321
0.104147
0.210626
0.0791765
0.0713418
0.122396
0.2201
0.087137
0.142222
0.130566
0.169861
0.171828
0.221729
0.222282
0.222282
0.197416
0.0879491
0.144111
0.101978
0.148488
0.196804
0.114177
0.222282
0.212963
0.183503
0.140897
0.152282
0.0433563
0.151697
0.222282
0.10735
0.102647
0.174727
0.222282
0.139191
0.0974357
0.124782
0.185898
0.222282
0.115084
0.0939931
0.222282
0.222282
0.0893746
0.150899
0.105643
0.132204
0.185484
0.0954665
0.16463
0.142994
0.164843
0.16671
0.207691
0.202304
0.221948
0.195082
0.133671
0.164634
0.147721
0.188423
0.0908684
0.0908034
0.112853
0.144934
0.221948
0.117736
0.095426
0.215331
0.221948
0.133849
0.221948
0.221948
0.221948
0.221948
0.0840719
0.103092
0.144483
0.221948
0.139936
0.190373
0.196242
0.197685
0.18401
0.164491
0.120181
0.116335
0.153163
0.125152
0.178828
0.184569
0.135425
0.147055
0.134899
0.207937
0.144295
0.16312
0.103433
0.209328
0.209328
0.209328
0.209328
0.114852
0.0957816
0.136209
0.209328
0.165227
0.209328
0.209328
0.209328
0.192399
0.0720583
0.12173
0.164489
0.100739
0.143017
0.21037
0.21037
0.126887
0.192679
0.179276
0.190496
0.174154
0.14733
0.0975176
0.181755
0.12126
0.0907077
0.152811
0.074974
0.106554
0.198509
0.18228
0.149172
0.173343
0.21037
0.21037
0.21037
0.133471
0.186387
0.21037
0.116274
0.207998
0.175919
0.130934
0.0968209
0.120427
0.120944
0.158572
0.21037
0.21037
0.119962
0.212182
0.147782
0.106438
0.188507
0.0986784
0.120908
0.219322
0.208131
0.159448
0.219322
0.190848
0.136952
0.219322
0.0993456
0.126059
0.101431
0.144248
0.166328
0.19624
0.13395
0.113587
0.170957
0.158831
0.219322
0.219322
0.219322
0.219322
0.17375
0.0982388
0.12258
0.219322
0.117295
0.0535991
0.153637
0.188038
0.146999
0.253274
0.154393
0.117147
0.253274
0.0583653
0.0862749
0.0731557
0.102083
0.234914
0.206762
0.0929365
0.127927
0.141145
0.069776
0.105965
0.253274
0.253274
0.0338901
0.102062
0.209034
0.253274
0.253274
0.0851049
0.0240041
0.0107434
0.0105304
0.117907
0.158413
0.138262
0.219108
0.253274
0.253274
0.253274
0.0857107
0.0339222
0.182184
0.205698
0.140698
0.160947
0.191003
0.0843848
0.110691
0.240332
0.240332
0.161479
0.130295
0.0432709
0.114985
0.18702
0.0926056
0.070464
0.143886
0.224944
0.119297
0.141824
0.189808
0.240332
0.240332
0.240332
0.240332
0.100259
0.0782103
0.108352
0.0889953
0.102179
0.111886
0.19125
0.130946
0.197286
0.137305
0.240332
0.16298
0.149341
0.0452547
0.163164
0.226772
0.119309
0.101138
0.195932
0.226772
0.117973
0.0936667
0.112868
0.194682
0.226772
0.10787
0.0964163
0.226772
0.223039
0.161181
0.0994624
0.166389
0.139655
0.226772
0.112284
0.117758
0.159187
0.226772
0.0672823
0.0666423
0.167519
0.155672
0.226772
0.163085
0.188182
0.226772
0.214587
0.0781795
0.0992892
0.12308
0.157547
0.225249
0.111756
0.100082
0.212821
0.182842
0.142242
0.225249
0.225249
0.225249
0.225249
0.11041
0.125826
0.175694
0.225249
0.0778892
0.0913493
0.16277
0.135793
0.225249
0.149705
0.137192
0.204262
0.166163
0.0629446
0.164055
0.194677
0.225249
0.225249
0.134935
0.0633298
0.112476
0.18307
0.11866
0.219122
0.219122
0.219122
0.219122
0.150276
0.116624
0.16334
0.219122
0.138742
0.202605
0.219122
0.219122
0.219122
0.0940649
0.142302
0.139629
0.0890623
0.0744801
0.185539
0.180776
0.219122
0.219122
0.171274
0.0857262
0.1141
0.190805
0.103501
0.178425
0.118588
0.197075
0.164948
0.157657
0.1155
0.0608968
0.0525791
0.130927
0.167505
0.217414
0.217414
0.217414
0.161438
0.196948
0.183714
0.104697
0.215301
0.191849
0.120518
0.108862
0.163182
0.13671
0.165015
0.217414
0.209797
0.0975087
0.193589
0.125856
0.171043
0.155973
0.204897
0.165201
0.114007
0.0968001
0.101118
0.217414
0.139599
0.158239
0.17174
0.0931726
0.10682
0.152107
0.217414
0.160992
0.182459
0.112955
0.130754
0.195524
0.173457
0.216873
0.216873
0.216873
0.216873
0.164872
0.113377
0.130307
0.216873
0.134532
0.0707146
0.1735
0.182034
0.103948
0.177009
0.11423
0.157687
0.186409
0.109893
0.125047
0.216873
0.216873
0.155407
0.136293
0.123249
0.148711
0.193573
0.174382
0.160486
0.192164
0.130075
0.0428261
0.139754
0.234849
0.266366
0.266366
0.104733
0.0279794
0.0183131
0.00898371
0.171169
0.241112
0.168683
0.266366
0.266366
0.266366
0.266366
0.0866742
0.0521408
0.0491501
0.149534
0.185257
0.122725
0.0989489
0.0292121
0.0206208
0.0033911
0.00217954
0.0438882
0.173327
0.261991
0.200972
0.174325
0.171524
0.219835
0.15527
0.0316433
0.12156
0.165123
0.158081
0.233641
0.233641
0.233641
0.233641
0.0860619
0.0594707
0.0948374
0.0691791
0.0800884
0.136131
0.18613
0.163835
0.230466
0.181324
0.225922
0.0403314
0.196953
0.233641
0.139918
0.139471
0.12623
0.169301
0.0821635
0.0240358
0.0889074
0.200758
0.229617
0.0960019
0.187044
0.233641
0.233641
0.150808
0.0584217
0.125875
0.0694907
0.117353
0.13926
0.207143
0.13854
0.217325
0.189385
0.212427
0.0522216
0.0627304
0.111029
0.129644
0.230929
0.137794
0.149101
0.230929
0.189489
0.0961674
0.230929
0.230929
0.0777965
0.163875
0.230929
0.230929
0.178109
0.113334
0.0540504
0.0911591
0.0538165
0.0694651
0.149745
0.186719
0.230929
0.230929
0.230929
0.0754008
0.0983196
0.141075
0.150254
0.223642
0.154993
0.144607
0.210834
0.155751
0.0698375
0.166908
0.202396
0.223642
0.223642
0.166527
0.082685
0.134107
0.191655
0.0621623
0.120546
0.0635895
0.0796875
0.158471
0.18224
0.223642
0.223642
0.223642
0.0606443
0.214867
0.16113
0.168852
0.223642
0.217047
0.223642
0.140766
0.0840172
0.0831985
0.197775
0.216628
0.216628
0.216628
0.216628
0.102554
0.13199
0.197915
0.0933791
0.182132
0.140406
0.216628
0.214699
0.203328
0.133618
0.0947801
0.0478896
0.0586151
0.198843
0.181335
0.176911
0.216628
0.216628
0.216628
0.140067
0.0796275
0.132386
0.216628
0.212794
0.12486
0.190075
0.116871
0.0809719
0.132049
0.0322479
0.0889036
0.199101
0.162691
0.215911
0.17672
0.215911
0.161672
0.106595
0.0674137
0.103637
0.215911
0.145894
0.174028
0.201294
0.108506
0.15817
0.174321
0.162422
0.128751
0.215911
0.215911
0.109383
0.170128
0.144008
0.141843
0.153388
0.0554425
0.136914
0.215911
0.215911
0.1383
0.191633
0.14154
0.131104
0.215911
0.215911
0.102493
0.148143
0.127679
0.189645
0.190911
0.13121
0.171288
0.211004
0.1971
0.161177
0.152354
0.165775
0.175762
0.191746
0.184313
0.179175
0.211004
0.130986
0.128995
0.211004
0.211004
0.115278
0.211004
0.150203
0.166966
0.211004
0.211004
0.0949414
0.152084
0.141663
0.146334
0.211004
0.0704797
0.131519
0.128162
0.130401
0.118626
0.284962
0.284962
0.161055
0.143483
0.0377244
0.0390599
0.0194698
0.00621437
0.124921
0.284962
0.284962
0.284962
0.284962
0.284962
0.240847
0.284962
0.0631497
0.103208
0.211939
0.123427
0.100618
0.109874
0.0770699
0.0611062
0.0421628
0.0190257
0.052905
0.0889678
0.0988168
0.142194
0.147714
0.109844
0.131856
0.0999021
0.0452147
0.0495569
0.221913
0.248476
0.179539
0.130812
0.0989654
0.159901
0.0842202
0.0250518
0.0929734
0.210449
0.248476
0.149821
0.236683
0.248476
0.248476
0.191875
0.0723582
0.0286291
0.0329149
0.0310297
0.0730809
0.104159
0.0428303
0.0620577
0.0842672
0.0753728
0.196453
0.248476
0.152702
0.248476
0.248476
0.0579562
0.154793
0.248476
0.248476
0.0719799
0.160547
0.19204
0.0753083
0.151783
0.231644
0.232017
0.161293
0.0864527
0.0514556
0.0789304
0.0366241
0.0629106
0.123294
0.141454
0.162423
0.232017
0.232017
0.181615
0.183007
0.0924702
0.156998
0.232017
0.037816
0.138946
0.232017
0.232017
0.206682
0.175219
0.0559549
0.185193
0.16014
0.0498489
0.224712
0.232017
0.232017
0.0711727
0.109308
0.0514799
0.0857472
0.172002
0.166529
0.239074
0.23939
0.23939
0.0591062
0.161286
0.133838
0.163076
0.23939
0.198671
0.180568
0.130107
0.0951711
0.23939
0.19075
0.0753715
0.164115
0.217337
0.071622
0.23939
0.23939
0.23939
0.0320451
0.100776
0.118914
0.172156
0.230984
0.13034
0.158329
0.095595
0.0664033
0.0671977
0.207791
0.197669
0.219148
0.220829
0.220829
0.220829
0.145761
0.0990267
0.137048
0.220829
0.220829
0.154089
0.220829
0.123723
0.0778663
0.208434
0.0530847
0.0578245
0.112748
0.15306
0.21388
0.220829
0.193516
0.189043
0.111105
0.0877403
0.161446
0.20161
0.0887236
0.220829
0.220829
0.112816
0.0496839
0.100554
0.082233
0.119106
0.21417
0.21417
0.128907
0.175129
0.139318
0.124167
0.168442
0.0703127
0.137322
0.21417
0.21417
0.144218
0.20306
0.143805
0.19591
0.21417
0.207901
0.165496
0.164416
0.0778171
0.195655
0.183109
0.083032
0.0913648
0.126039
0.196766
0.14184
0.21417
0.148751
0.179738
0.183962
0.138335
0.138456
0.131522
0.21417
0.128599
0.197841
0.189897
0.141807
0.212122
0.161062
0.223071
0.223071
0.223071
0.148389
0.166225
0.144917
0.137837
0.223071
0.0676669
0.138265
0.144091
0.170023
0.149058
0.20194
0.146911
0.164305
0.167613
0.129842
0.198851
0.194845
0.223071
0.107267
0.195648
0.160674
0.138407
0.188701
0.0978828
0.122319
0.110255
0.06552
0.173282
0.221073
0.221073
0.182219
0.221073
0.0905639
0.113913
0.105535
0.0374448
0.110632
0.160814
0.0842365
0.201593
0.221073
0.221073
0.221073
0.142094
0.0645668
0.136333
0.221073
0.20515
0.160285
0.213285
0.143399
0.221073
0.221073
0.0565735
0.125747
0.174327
0.117746
0.198305
0.221073
0.129438
0.109621
0.102094
0.0996012
0.0593313
0.0270324
0.0141141
0.0627622
0.12822
0.047739
0.0705707
0.0659564
0.0906739
0.26553
0.269549
0.178034
0.269549
0.269549
0.0580978
0.136624
0.222102
0.269549
0.106126
0.0819611
0.033649
0.0615009
0.139702
0.0312998
0.0658177
0.112908
0.17004
0.269549
0.269549
0.0462112
0.144338
0.269549
0.00956594
0.124145
0.269549
0.269549
0.19459
0.163271
0.0916304
0.133805
0.228988
0.0289621
0.0968733
0.175804
0.228988
0.171119
0.156615
0.0620661
0.11991
0.153556
0.0537758
0.189638
0.228988
0.228988
0.228988
0.228988
0.0685466
0.0820735
0.228988
0.00672541
0.0925407
0.227084
0.228988
0.141492
0.228988
0.134791
0.0981295
0.134063
0.111393
0.164514
0.228988
0.179843
0.232199
0.173478
0.0929221
0.117327
0.202942
0.0730246
0.220418
0.232199
0.232199
0.0454859
0.0839426
0.100324
0.129078
0.173893
0.106655
0.132555
0.0968051
0.0868012
0.154413
0.232199
0.215829
0.120389
0.160777
0.133911
0.222233
0.232199
0.143048
0.144295
0.0787554
0.126772
0.183468
0.232199
0.143367
0.232199
0.220753
0.135888
0.0690864
0.118109
0.142378
0.173745
0.226075
0.167451
0.14725
0.112731
0.102388
0.119192
0.132071
0.0743969
0.176968
0.226075
0.159456
0.0628587
0.0780555
0.114158
0.163881
0.134872
0.164892
0.208668
0.226075
0.216053
0.226075
0.226075
0.166267
0.118291
0.146562
0.221782
0.217749
0.215927
0.176379
0.185086
0.146186
0.172662
0.135169
0.135772
0.0770654
0.184965
0.210891
0.117182
0.0911469
0.103325
0.197592
0.141409
0.185545
0.118143
0.161063
0.179965
0.143704
0.158767
0.136787
0.21169
0.136285
0.126947
0.183413
0.155885
0.152677
0.128562
0.21089
0.21169
0.21169
0.21169
0.169774
0.135534
0.150205
0.21169
0.21169
0.139791
0.204421
0.196798
0.156643
0.171277
0.142161
0.180249
0.174804
0.143955
0.22076
0.19483
0.222055
0.123884
0.193366
0.159507
0.146963
0.185889
0.12061
0.121937
0.103075
0.0890145
0.222055
0.143756
0.13866
0.165103
0.222055
0.153302
0.157617
0.222055
0.222055
0.129773
0.15558
0.149689
0.222055
0.222055
0.103084
0.116473
0.127121
0.0932683
0.118503
0.2027
0.187705
0.160728
0.209983
0.102916
0.248443
0.192807
0.0452186
0.126668
0.167488
0.105441
0.17818
0.286041
0.136443
0.107503
0.0674766
0.077563
0.108253
0.169045
0.155215
0.137939
0.18789
0.0652714
0.0469898
0.0694043
0.0819118
0.286041
0.286041
0.140917
0.122582
0.280675
0.0508805
0.0844911
0.114417
0.286041
0.126788
0.0817651
0.0339396
0.0564909
0.153857
0.0372882
0.0812467
0.10234
0.182895
0.269626
0.269626
0.0484733
0.142532
0.269626
0.0069552
0.11297
0.244741
0.269626
0.130978
0.106254
0.0426413
0.0366835
0.0917193
0.0101714
0.0824324
0.245285
0.236653
0.247467
0.23155
0.0537866
0.0819361
0.256351
0.0034348
0.124819
0.269626
0.26379
0.249494
0.249494
0.0872493
0.0984707
0.249494
0.00502729
0.106915
0.217526
0.249494
0.192696
0.249494
0.180622
0.116679
0.168427
0.127693
0.220056
0.249494
0.182174
0.147955
0.14822
0.0454335
0.061593
0.167307
0.00187445
0.124264
0.249494
0.238986
0.170733
0.167275
0.139348
0.14716
0.167404
0.0104045
0.0226952
0.0295896
0.0231728
0.155234
0.227058
0.227058
0.135846
0.17117
0.125902
0.227058
0.227058
0.118145
0.157862
0.0870184
0.133327
0.182689
0.227058
0.16359
0.227058
0.227058
0.168431
0.149718
0.227058
0.135633
0.129887
0.142419
0.0240131
0.0610957
0.0386527
0.0157215
0.112894
0.218494
0.0939809
0.194626
0.227058
0.227058
0.201728
0.069815
0.0850341
0.129737
0.112192
0.149992
0.173844
0.233752
0.175551
0.233752
0.233752
0.152877
0.0836339
0.10174
0.182412
0.153463
0.185713
0.232274
0.184571
0.1026
0.168561
0.117037
0.233752
0.100611
0.154865
0.233752
0.233752
0.233752
0.0922189
0.0873756
0.0286974
0.0520026
0.160634
0.15985
0.233752
0.233752
0.110392
0.0290748
0.0666107
0.0985151
0.106977
0.174569
0.129542
0.168676
0.178721
0.217202
0.175471
0.187439
0.191425
0.120764
0.14649
0.139036
0.263959
0.176021
0.10666
0.171935
0.147264
0.0335852
0.0517568
0.173919
0.17464
0.268204
0.268204
0.183725
0.0566132
0.0723337
0.0485415
0.0454726
0.0970102
0.160663
0.268204
0.268204
0.250872
0.0461638
0.0600615
0.179492
0.105614
0.143431
0.137667
0.245871
0.102226
0.102983
0.199155
0.151391
0.137632
0.133953
0.129914
0.156184
0.147711
0.138968
0.101435
0.139172
0.108248
0.0582249
0.066608
0.0796801
0.172453
0.252556
0.252556
0.252556
0.067767
0.0652703
0.172297
0.236731
0.211833
0.125766
0.252556
0.252556
0.213171
0.158495
0.153878
0.0716985
0.105903
0.0992454
0.0984647
0.123798
0.0454616
0.0305772
0.0399606
0.0434606
0.363911
0.283508
0.0880014
0.104134
0.274625
0.0356124
0.0589657
0.0564332
0.363911
0.0590107
0.111728
0.0901873
0.0729574
0.0770214
0.0268037
0.0303214
0.117245
0.136359
0.363911
0.299028
0.0535261
0.0504778
0.253881
0.0138979
0.00324781
0.0377492
0.363911
0.160428
0.143217
0.0540391
0.0514466
0.129682
0.0134757
0.124678
0.251053
0.251053
0.251053
0.251053
0.0998977
0.120627
0.251053
0.00306557
0.173777
0.251053
0.251053
0.251053
0.13756
0.0357492
0.0315711
0.132487
0.0083289
0.0311986
0.138556
0.251053
0.251053
0.214559
0.099318
0.0737084
0.158533
0.0068641
0.049981
0.140002
0.251053
0.237527
0.237527
0.0890584
0.113338
0.230578
0.00116119
0.225881
0.237527
0.237527
0.237527
0.237527
0.227231
0.237527
0.237423
0.00540365
0.0448134
0.0310488
0.0166
0.21149
0.166798
0.081422
0.0852115
0.132645
0.00726959
0.0710786
0.227262
0.237527
0.0439405
0.184177
0.220809
0.223165
0.12761
0.0184096
0.00775881
0.0198777
0.0111662
0.218281
0.23897
0.191485
0.210356
0.210516
0.0222725
0.0987909
0.0503886
0.0155367
0.159384
0.23897
0.141861
0.23897
0.23897
0.23897
0.23897
0.124583
0.165216
0.0698364
0.23897
0.210216
0.19548
0.142606
0.0147424
0.011275
0.0267459
0.0177501
0.102793
0.23897
0.158085
0.129691
0.188968
0.106822
0.100161
0.148502
0.168267
0.136203
0.257124
0.142008
0.211801
0.257124
0.257124
0.257124
0.142446
0.145562
0.039394
0.0554887
0.204043
0.200097
0.257124
0.257124
0.167857
0.0333855
0.0982658
0.124319
0.257124
0.173305
0.128315
0.217359
0.0716444
0.0707526
0.126962
0.146901
0.0269757
0.0508794
0.107105
0.245747
0.198176
0.0868143
0.0723517
0.0366982
0.0359917
0.0392129
0.0592121
0.218855
0.222484
0.281238
0.281238
0.248575
0.0685312
0.088259
0.0444093
0.0506323
0.165304
0.234596
0.281238
0.281238
0.220239
0.0473629
0.0707966
0.0288527
0.0544536
0.134489
0.268027
0.224641
0.0986621
0.069733
0.0482045
0.0385324
0.0185058
0.0396475
0.128458
0.26425
0.281238
0.150748
0.0961852
0.047461
0.00939277
0.0543607
0.074685
0.132364
0.19899
0.246705
0.246705
0.225753
0.0732272
0.0630849
0.196523
0.244563
0.233838
0.135662
0.246705
0.246705
0.246705
0.193167
0.151553
0.0149042
0.0214526
0.133816
0.232275
0.246705
0.152572
0.0846558
0.036604
0.00432251
0.00970409
0.0329357
0.148199
0.246705
0.246705
0.141137
0.0821598
0.0268087
0.0215016
0.0567622
0.102399
0.0859595
0.0820896
0.0881957
0.03636
0.0450588
0.119094
0.114723
0.364807
0.291063
0.0557442
0.0659248
0.280317
0.0130403
0.00769637
0.0630658
0.364807
0.0749578
0.166795
0.0681865
0.0813285
0.110384
0.0226716
0.0789634
0.0853511
0.0798774
0.364807
0.194413
0.0482813
0.120278
0.240032
0.0204688
0.0952607
0.165506
0.364807
0.276078
0.158776
0.0419509
0.0467547
0.16469
0.00723437
0.0302558
0.139795
0.276078
0.276078
0.242395
0.165399
0.0967801
0.162342
0.00901995
0.0480512
0.139289
0.276078
0.173167
0.115989
0.0371033
0.0753491
0.155501
0.0327965
0.0755883
0.205434
0.276078
0.170074
0.121879
0.0927072
0.112193
0.215787
0.0376372
0.0971735
0.276078
0.276078
0.250246
0.171037
0.109035
0.101693
0.123782
0.00882069
0.0602593
0.184613
0.265482
0.0746523
0.175018
0.235321
0.265482
0.192244
0.0348301
0.00981317
0.0190233
0.0158266
0.13332
0.0866521
0.0773083
0.0846041
0.174008
0.0470376
0.0987343
0.265482
0.265482
0.172232
0.265482
0.265482
0.265482
0.265482
0.120824
0.0281911
0.0770006
0.0826636
0.124189
0.254005
0.254005
0.254005
0.250721
0.0326742
0.0159871
0.0285649
0.0234697
0.129255
0.254005
0.180065
0.167149
0.254005
0.10251
0.13172
0.205846
0.2511
0.219717
0.254005
0.254005
0.253019
0.254005
0.0949801
0.0212427
0.064139
0.061606
0.0487211
0.0667924
0.109956
0.0724434
0.170932
0.0637471
0.0172014
0.0397826
0.0593042
0.252585
0.279085
0.279085
0.254299
0.279085
0.107136
0.149478
0.279085
0.279085
0.0553064
0.0881334
0.227874
0.279085
0.279085
0.154793
0.130254
0.0621465
0.0724093
0.0846172
0.129816
0.159388
0.0749532
0.183291
0.0627916
0.0173897
0.0562758
0.106209
0.0401358
0.0297375
0.0381753
0.111177
0.182028
0.0647635
0.0474417
0.0673721
0.109333
0.0671227
0.101093
0.303896
0.303896
0.303896
0.187836
0.125405
0.0834686
0.0809135
0.0270895
0.0452002
0.303896
0.303896
0.303896
0.234625
0.148576
0.114481
0.0250658
0.0479793
0.0407118
0.0447502
0.154799
0.248741
0.0873525
0.0506183
0.0972645
0.154417
0.0282266
0.0820019
0.0589358
0.0575477
0.0752061
0.102782
0.166893
0.237556
0.151305
0.0206317
0.0233732
0.29294
0.29294
0.29294
0.201865
0.101981
0.0703042
0.0257942
0.0133477
0.0433156
0.291343
0.29294
0.29294
0.29294
0.244067
0.0611607
0.0377392
0.0306015
0.060119
0.0558832
0.0988034
0.110123
0.107587
0.120495
0.128178
0.109465
0.0498298
0.0846493
0.180499
0.173508
0.150467
0.1162
0.16634
0.190847
0.138132
0.073104
0.139406
0.0708497
0.0769895
0.122385
0.0265372
0.0678366
0.0721768
0.0619999
0.292891
0.248604
0.0453032
0.157644
0.277522
0.0508121
0.0965424
0.167122
0.292891
0.0857861
0.0994808
0.0823145
0.07225
0.155823
0.028067
0.0519494
0.053651
0.0518923
0.292891
0.292891
0.0419535
0.219605
0.292891
0.064405
0.110274
0.292891
0.292891
0.125547
0.104966
0.0258654
0.0643665
0.126753
0.0252025
0.0644845
0.14132
0.191847
0.119356
0.0759574
0.0767999
0.0868887
0.144431
0.0296837
0.147815
0.268675
0.268675
0.268675
0.220464
0.0400556
0.0942949
0.268675
0.0193345
0.0405682
0.11687
0.163397
0.268675
0.253925
0.238968
0.0985888
0.193773
0.0205203
0.194078
0.268675
0.268675
0.0949745
0.0580424
0.0700673
0.0650183
0.11629
0.0320469
0.135203
0.253442
0.253442
0.125178
0.245788
0.253442
0.253442
0.253442
0.0731805
0.0276134
0.0529446
0.0539692
0.232373
0.181221
0.16655
0.0992144
0.136866
0.0202848
0.142764
0.253442
0.253442
0.0869661
0.235988
0.253442
0.253442
0.212333
0.0356141
0.0463377
0.0475232
0.0409492
0.245454
0.294691
0.294691
0.294691
0.294691
0.091068
0.0272577
0.0698016
0.0794601
0.0544736
0.0558204
0.0991668
0.0848345
0.182197
0.0515756
0.0193766
0.045816
0.0752114
0.123832
0.294691
0.294691
0.294691
0.292677
0.0581275
0.0694812
0.0717468
0.0974503
0.100067
0.127465
0.173331
0.0904283
0.141938
0.024576
0.0615107
0.05724
0.168494
0.142401
0.194999
0.251897
0.11558
0.251897
0.0938622
0.0262548
0.113256
0.251897
0.0718579
0.043441
0.0782727
0.163712
0.251897
0.127311
0.0692158
0.0989317
0.180274
0.251897
0.251897
0.251897
0.131695
0.251897
0.0641342
0.195032
0.204297
0.251897
0.130973
0.0554396
0.0517824
0.0970645
0.207878
0.0428474
0.018079
0.0662115
0.219904
0.0792756
0.0538411
0.0771045
0.237915
0.279079
0.175574
0.0742745
0.126271
0.256193
0.0627631
0.0840824
0.0962072
0.097444
0.135379
0.205485
0.279079
0.279079
0.279079
0.169246
0.0782226
0.0629936
0.1337
0.264981
0.0398251
0.0230171
0.0858346
0.279079
0.279079
0.0887676
0.0178632
0.0497248
0.122861
0.0244363
0.0337623
0.105025
0.279079
0.0404184
0.058378
0.0652477
0.129831
0.171574
0.148125
0.161793
0.16538
0.184067
0.0879293
0.118561
0.236598
0.200895
0.242774
0.205162
0.220362
0.232114
0.228651
0.173471
0.0633717
0.00925264
0.0713409
0.237568
0.037145
0.0274591
0.0498192
0.242774
0.242774
0.0489991
0.012105
0.0917337
0.242774
0.167623
0.164596
0.242774
0.242774
0.0800094
0.0695285
0.0616997
0.0607802
0.11152
0.0213518
0.0334432
0.0430813
0.0372912
0.304023
0.304023
0.0327336
0.20634
0.304023
0.07287
0.0994621
0.191828
0.304023
0.0977734
0.0712913
0.0433945
0.0834358
0.178221
0.0438317
0.0264225
0.0450184
0.0196459
0.304023
0.258559
0.061134
0.170305
0.304023
0.00632712
0.0413303
0.244385
0.304023
0.261409
0.168636
0.0316474
0.0788386
0.183076
0.0184154
0.0395399
0.068205
0.117948
0.239042
0.147947
0.152834
0.0891984
0.182333
0.0190753
0.181445
0.288028
0.288028
0.27466
0.128916
0.0296083
0.0776222
0.222194
0.00231678
0.0124895
0.0600409
0.210595
0.288028
0.159317
0.0444808
0.0478851
0.153919
1.24684e-05
0.0236345
0.288028
0.288028
0.233995
0.154308
0.164288
0.102539
0.167915
0.022959
0.190153
0.276293
0.276293
0.0725388
0.214545
0.276293
0.267803
0.210906
0.0374184
0.0476812
0.0428864
0.0431689
0.276293
0.189038
0.0491206
0.0459958
0.132598
0
0.0182619
0.247112
0.276293
0.0838886
0.140621
0.229504
0.16382
0.155632
0.0474176
0.014356
0.0446655
0.0908644
0.114919
0.277508
0.277508
0.277508
0.277508
0.0579465
0.060968
0.0691807
0.110931
0.104787
0.133265
0.156553
0.0869649
0.149822
0.0275229
0.0542467
0.061617
0.170983
0.163495
0.277508
0.277508
0.277508
0.209949
0.0727752
0.0206343
0.0129165
0.0168172
0.08386
0.20217
0.277508
0.257186
0.17341
0.0431233
0.0170656
0.0172741
0.0547849
0.213153
0.293166
0.258514
0.105379
0.259794
0.0492739
0.111621
0.166521
0.326473
0.103396
0.0339794
0.0344544
0.0707158
0.172854
0.0270117
0.0181864
0.0547896
0.165383
0.171323
0.326473
0.326473
0.326473
0.288902
0.0970037
0.0429074
0.0394084
0.114787
0.0698262
0.0495423
0.0248316
0.0407006
0.055213
0.00312531
0.00726513
0.0516179
0.14401
0.251353
0.0955976
0.0809691
0.188062
0.32195
0.053366
0.0476243
0.121189
0.32195
0.32195
0.128737
0.0124715
0.0812044
0.20684
0.0383887
0.0399274
0.128507
0.32195
0.131741
0.126567
0.0543663
0.0832878
0.13373
0.0101774
0.0252048
0.134892
0.275727
0.232795
0.112365
0.0298095
0.0381128
0.126829
0.0240481
0.0525134
0.131596
0.32195
0.167276
0.067581
0.00552267
0.0722017
0.238639
0.0389821
0.0256909
0.043925
0.265964
0.31347
0.063025
0.0100598
0.0921834
0.277443
0.218426
0.184052
0.200722
0.342843
0.0849099
0.0461414
0.0190854
0.0211046
0.0745818
0.0112475
0.0169454
0.0500849
0.106075
0.342843
0.159886
0.0309586
0.0733069
0.12478
0.0399772
0.0396274
0.295953
0.342843
0.11769
0.0726234
0.0407618
0.0805344
0.161286
0.0393892
0.0266093
0.0489295
0.0245796
0.309463
0.251934
0.0519258
0.169046
0.309463
0.00608676
0.0520511
0.16621
0.309463
0.0754267
0.0868663
0.0385412
0.0853788
0.157964
0.0180549
0.0323042
0.0294762
0.0180014
0.309463
0.192509
0.0188208
0.143263
0.309463
0.00165013
0.196218
0.309463
0.309463
0.285337
0.138492
0.0327193
0.0908781
0.240858
0.00209469
0.0179488
0.056105
0.25187
0.285337
0.150778
0.0309027
0.0831816
0.208138
0.0336139
0.0918568
0.285337
0.285337
0.159546
0.11018
0.0108796
0.0827992
0.235364
0.000240764
0.0556122
0.132656
0.18265
0.250526
0.101661
0.0196308
0.0991706
0.285337
0.0559973
0.105659
0.151426
0.285337
0.289385
0.223956
0.0571166
0.0740058
0.220075
0.0457108
0.0713326
0.275492
0.289385
0.100135
0.181833
0.243803
0.186112
0.244156
0.116939
0.0309424
0.0527997
0.103781
0.281536
0.127945
0.0312741
0.105738
0.289385
0.0716008
0.0710864
0.0919032
0.276269
0.0623472
0.0480728
0.187949
0.109608
0.223642
0.0861821
0.038412
0.0406077
0.128652
0.21621
0.276706
0.276706
0.276706
0.276706
0.223654
0.0266446
0.0171193
0.0343278
0.117431
0.276706
0.276706
0.243123
0.23688
0.0674762
0.0207124
0.0266907
0.0695796
0.0960118
0.103013
0.276706
0.188326
0.276706
0.187505
0.0424432
0.0230811
0.08898
0.0702907
0.0657789
0.103281
0.102992
0.093639
0.01404
0.0054688
0.0249072
0.0900588
0.261907
0.370435
0.370435
0.370435
0.370435
0.151505
0.051345
0.0585751
0.135861
0.0980674
0.0632069
0.0415612
0.0596296
0.0758096
0.00173441
0.0152838
0.0735095
0.192327
0.147496
0.162643
0.221495
0.233711
0.211567
0.0152888
0.0156568
0.0453274
0.133238
0.100841
0.110158
0.0385909
0.0365554
0.0856932
0.017281
0.0386026
0.0732006
0.105882
0.199227
0.176951
0.105861
0.140503
0.211713
0.0171999
0.0545052
0.211574
0.237242
0.237242
0.164536
0.0468545
0.0854325
0.237242
0.0597676
0.0934343
0.196883
0.237242
0.221193
0.225359
0.0893586
0.100407
0.237242
0.0482132
0.135636
0.201617
0.237242
0.111802
0.14473
0.0996205
0.107487
0.205947
0.0933442
0.203754
0.153892
0.171649
0.0936091
0.0487829
0.0208496
0.0342357
0.100115
0.0188922
0.0274089
0.0572482
0.120537
0.425705
0.162736
0.0450592
0.0950408
0.146024
0.0768851
0.0728759
0.308659
0.425705
0.0353153
0.0380115
0.0307878
0.0390164
0.0587362
0.0246149
0.0571454
0.0433498
0.0627835
0.425705
0.16202
0.0844971
0.04366
0.0754991
0.00611436
0.0191581
0.0913547
0.425705
0.103271
0.101944
0.0514461
0.111247
0.214295
0.0224047
0.039446
0.0328523
0.0309812
0.303859
0.211119
0.018371
0.204003
0.303859
0.00517828
0.244997
0.303859
0.303859
0.101955
0.0934782
0.0599909
0.0998976
0.224215
0.0352176
0.0344155
0.02666
0.0113986
0.160074
0.106141
0.0432742
0.113584
0.283201
0.0968561
0.210807
0.284347
0.212633
0.231017
0.136316
0.0122743
0.135111
0.259792
0.00140128
0.0848136
0.187876
0.259792
0.259792
0.182933
0.0159237
0.157777
0.259792
0.133011
0.25144
0.186728
0.259792
0.11333
0.0620363
0.0223315
0.0813124
0.194993
0.0475119
0.0991199
0.151984
0.124433
0.259792
0.180287
0.0217751
0.12786
0.259792
0.0055638
0.0659289
0.120133
0.199223
0.267229
0.229803
0.0366072
0.155657
0.267229
0.178813
0.181437
0.117869
0.267229
0.0918958
0.0719541
0.267229
0.195124
0.267229
0.214122
0.0781215
0.0576449
0.17961
0.267229
0.163976
0.0326467
0.147001
0.267229
0.00478794
0.0399665
0.121905
0.236906
0.146518
0.0480381
0.0160741
0.0625413
0.139292
0.00820189
0.0258924
0.0603591
0.172716
0.151977
0.168417
0.325581
0.325581
0.325581
0.325581
0.0745541
0.0400228
0.175827
0.130569
0.10397
0.0739488
0.0989943
0.172597
0.0334784
0.0101586
0.046282
0.178674
0.161228
0.0751968
0.0529757
0.144109
0.297655
0.0205211
0.0249798
0.0664114
0.325581
0.195662
0.116621
0.0312852
0.0575047
0.109689
0.0131077
0.0161966
0.051603
0.227305
0.243147
0.243147
0.0940618
0.190177
0.243147
0.0297916
0.0308334
0.0859378
0.243147
0.229586
0.224344
0.0806783
0.0853142
0.175619
0.0277318
0.0907155
0.133435
0.228496
0.243147
0.243147
0.101655
0.146222
0.243147
0.0438445
0.0559628
0.11343
0.243147
0.229629
0.148457
0.0374194
0.109544
0.229495
0.067575
0.0697797
0.0966598
0.192001
0.228831
0.228831
0.0996169
0.117554
0.228831
0.0412578
0.144493
0.186412
0.228831
0.102558
0.135056
0.101367
0.105012
0.228831
0.107941
0.215576
0.203513
0.187645
0.228831
0.185166
0.0721845
0.127205
0.228831
0.0845898
0.0918628
0.1517
0.214091
0.108118
0.0497894
0.0828343
0.111769
0.228831
0.13797
0.133418
0.228831
0.228831
0.0380819
0.0437867
0.0376648
0.0456697
0.0758067
0.0345019
0.0690858
0.0629384
0.079503
0.438173
0.198332
0.130211
0.0490659
0.0843198
0.011629
0.0199642
0.118817
0.438173
0.0475095
0.0304921
0.0468157
0.0401181
0.105567
0.0463618
0.0301734
0.0758917
0.126106
0.438173
0.170951
0.11932
0.151762
0.0796321
0.0105804
0.018605
0.0809181
0.438173
0.082387
0.0748296
0.0567023
0.103637
0.208873
0.0323989
0.0285268
0.0237064
0.00967499
0.128457
0.0855818
0.0351658
0.118075
0.279596
0.0865389
0.190653
0.272476
0.214906
0.0411661
0.0569112
0.0524876
0.388852
0.42685
0.0983412
0.0143344
0.0165043
0.00325548
0.0472563
0.0644395
0.0264112
0.186639
0.42685
0.261554
0.0241984
0.0262514
0.0317551
0.117369
0.0607464
0.0212964
0.1098
0.260307
0.0538539
0.123151
0.195051
0.153256
0.291885
0.291885
0.0268469
0.128342
0.266635
0.00565091
0.0521888
0.121688
0.253091
0.0510873
0.114094
0.0510178
0.19297
0.291885
0.168564
0.0192771
0.0388103
0.0317199
0.181286
0.291885
0.0917089
0.287348
0.291885
0.109498
0.0276255
0.0473592
0.0342434
0.279246
0.279246
0.0396984
0.181314
0.279246
0.00511429
0.0502795
0.164614
0.279246
0.201664
0.0997264
0.0189766
0.0933802
0.175229
0.00727874
0.0278674
0.0854569
0.23595
0.22836
0.279246
0.166741
0.279246
0.279246
0.178424
0.0404589
0.107603
0.0878398
0.0873512
0.141289
0.0353351
0.104258
0.219903
0.0228277
0.0179092
0.0369201
0.113382
0.243146
0.136401
0.063874
0.23269
0.259977
0.0215908
0.0454794
0.122535
0.259977
0.259977
0.171421
0.0382194
0.0934408
0.197824
0.0150995
0.0236215
0.0824198
0.259977
0.155515
0.151411
0.0664261
0.191175
0.259977
0.0466863
0.0457958
0.092558
0.259977
0.252951
0.195075
0.0175823
0.0932321
0.259977
0.0120457
0.0343072
0.0789207
0.259977
0.255524
0.255524
0.0880134
0.146554
0.255524
0.0311453
0.0517107
0.125443
0.255524
0.234476
0.140516
0.0377678
0.118515
0.24002
0.062682
0.0844499
0.0956954
0.2046
0.255524
0.255524
0.0282366
0.126953
0.255524
0.0451302
0.0687083
0.116139
0.255524
0.255524
0.209909
0.0683192
0.0500874
0.148368
0.0648813
0.0217362
0.0794887
0.180189
0.240956
0.176255
0.0740423
0.145451
0.240956
0.077276
0.108292
0.167127
0.237897
0.115749
0.0457519
0.0799374
0.120567
0.240956
0.107164
0.122819
0.240956
0.240956
0.240956
0.240956
0.0930791
0.0792505
0.187681
0.110975
0.0425543
0.128933
0.164532
0.240909
0.088664
0.0440432
0.227171
0.240956
0.0973661
0.0323144
0.128796
0.240956
0.045367
0.0279067
0.0409896
0.0414342
0.0979763
0.0380648
0.0276827
0.0823473
0.121222
0.366739
0.147131
0.106518
0.139757
0.109214
0.0142115
0.0161542
0.0929164
0.366739
0.0842733
0.0316616
0.0142216
0.0746186
0.10196
0.0336936
0.0151974
0.0478461
0.175547
0.321178
0.170424
0.0506048
0.124332
0.366739
0.0150968
0.0724443
0.366739
0.366739
0.0414401
0.0603732
0.0571262
0.24953
0.345
0.0663237
0.0196933
0.0213606
0.00365974
0.0934274
0.108136
0.0298328
0.133348
0.345
0.163519
0.0232767
0.0269301
0.0397183
0.0297416
0.0665536
0.0522291
0.137028
0.345
0.031336
0.0197987
0.00544209
0.00292393
0.345
0.345
0.263626
0.200039
0.345
0.0505599
0.00225742
0.00410619
0.0264945
0.0798729
0.168885
0.0788102
0.166942
0.288425
0.142362
0.0270231
0.0535084
0.0437648
0.167477
0.288425
0.119127
0.266027
0.288425
0.0849945
0.0249055
0.0642442
0.050743
0.288425
0.288425
0.205376
0.155459
0.288425
0.0473048
0.00381182
0.00656536
0.0202943
0.184927
0.288425
0.158561
0.12656
0.218764
0.0284297
0.0185779
0.022178
0.0380527
0.222267
0.283013
0.245625
0.283013
0.283013
0.155487
0.0600537
0.169898
0.118681
0.120513
0.232924
0.0463342
0.135019
0.261679
0.0253112
0.02258
0.0550798
0.156497
0.262611
0.283013
0.283013
0.18594
0.283013
0.0533515
0.0283348
0.0444317
0.0659603
0.0814674
0.0871318
0.0659365
0.0457467
0.100771
0.0254619
0.0218458
0.0313689
0.0787656
0.206484
0.201485
0.0641215
0.222269
0.255944
0.0495346
0.0679301
0.12943
0.255944
0.255944
0.198293
0.0109624
0.137535
0.255944
0.0176025
0.0447416
0.102055
0.255944
0.213405
0.188204
0.112016
0.0869613
0.232891
0.0526593
0.0401856
0.0649186
0.188935
0.255944
0.135704
0.0129903
0.123081
0.255944
0.0376501
0.0220364
0.0951037
0.255944
0.274766
0.274766
0.0173872
0.170623
0.274766
0.0388462
0.0776505
0.139766
0.274766
0.274766
0.207358
0.05632
0.0665686
0.170914
0.0563868
0.0284843
0.0937429
0.193147
0.274766
0.199786
0.0227696
0.18535
0.274766
0.0381969
0.0209772
0.104761
0.274766
0.154451
0.199146
0.0693903
0.097232
0.121543
0.0316658
0.0390738
0.0835112
0.141158
0.249163
0.249163
0.0905404
0.105537
0.249163
0.0904868
0.0533406
0.167329
0.212731
0.249163
0.0979137
0.0542099
0.249163
0.249163
0.0815168
0.0294454
0.13303
0.249163
0.249163
0.249163
0.128027
0.122597
0.138226
0.0447902
0.050964
0.117697
0.223297
0.227847
0.102998
0.0725864
0.115511
0.124258
0.0527854
0.0389915
0.134526
0.249163
0.146265
0.0497686
0.0194921
0.118038
0.165605
0.0433636
0.0267618
0.0712808
0.282133
0.327541
0.257855
0.0598861
0.151737
0.327541
0.0303389
0.086391
0.327541
0.327541
0.130899
0.0662472
0.0409544
0.0637327
0.0901774
0.0287034
0.0205272
0.0932085
0.234655
0.188088
0.0948605
0.0408015
0.125474
0.280158
0.0388323
0.0492022
0.16097
0.214468
0.0305495
0.076336
0.0533956
0.0830719
0.113888
0.0193955
0.0295816
0.00838155
0.00316261
0.343023
0.343023
0.263523
0.193663
0.343023
0.00823788
0.00518101
0.00559891
0.0382724
0.0564105
0.078878
0.0732021
0.0561015
0.104839
0.00448607
0.0338561
0.0334112
0.0169563
0.343023
0.343023
0.0523078
0.343023
0.343023
0.0236442
0.0289981
0.021924
0.0300311
0.290157
0.290157
0.26414
0.16626
0.290157
0.0148792
0.00704508
0.00721914
0.0310624
0.204947
0.290157
0.189505
0.0947316
0.229701
0.00271976
0.019549
0.0337678
0.0549753
0.290157
0.290157
0.0498111
0.290157
0.290157
0.0197894
0.0320794
0.0432151
0.0385514
0.149528
0.140536
0.0202741
0.0689961
0.146746
0.0143841
0.0214279
0.0410064
0.0717375
0.317488
0.317488
0.317488
0.234516
0.317488
0.0159939
0.0482601
0.0971369
0.154941
0.182462
0.146157
0.105624
0.0826323
0.179826
0.0442564
0.0367733
0.0681574
0.171011
0.213751
0.125658
0.040113
0.0876838
0.136685
0.0321119
0.0666117
0.155195
0.270296
0.147977
0.189319
0.0486923
0.0759531
0.239239
0.0186855
0.0291312
0.140129
0.166083
0.244094
0.192848
0.116393
0.12917
0.244094
0.0576493
0.0434282
0.0883094
0.244094
0.244094
0.145456
0.0571307
0.198337
0.244094
0.0455824
0.0378871
0.11971
0.244094
0.189824
0.158709
0.0698687
0.126819
0.244094
0.0240033
0.0371989
0.166989
0.244094
0.160581
0.153211
0.0992384
0.239403
0.244094
0.0932407
0.0337527
0.0621442
0.244094
0.277043
0.182448
0.0781555
0.277043
0.277043
0.0433803
0.0358098
0.13104
0.277043
0.165151
0.200907
0.0677236
0.124205
0.155624
0.0236904
0.0519324
0.113939
0.149803
0.224903
0.14354
0.139645
0.277043
0.277043
0.072108
0.0352307
0.0775454
0.277043
0.135489
0.159842
0.130988
0.189698
0.191373
0.0392004
0.049778
0.0823397
0.06956
0.234959
0.234959
0.11793
0.151242
0.20434
0.032467
0.0655717
0.154583
0.234959
0.234959
0.144565
0.0872677
0.117286
0.147248
0.0514065
0.042169
0.140952
0.234959
0.234959
0.234959
0.141076
0.234959
0.234959
0.0536466
0.0722796
0.157357
0.0867715
0.174876
0.217196
0.109515
0.14216
0.112682
0.100906
0.0598178
0.234959
0.234959
0.25396
0.156517
0.0704893
0.104546
0.163593
0.05442
0.0459054
0.136783
0.25396
0.25396
0.171514
0.0774129
0.205266
0.25396
0.0954113
0.0842923
0.102588
0.25396
0.203873
0.176461
0.0629086
0.112607
0.18777
0.112202
0.0562933
0.183124
0.25396
0.187331
0.152048
0.0390557
0.15235
0.25396
0.0920125
0.0835866
0.128575
0.25396
