0.0663584
0.104808
0.0827192
0.155638
0.293007
0.225838
0.145511
0.145598
0.0606189
0.148971
0.147329
0.19503
0.25844
0.293007
0.215356
0.116369
0.178077
0.0949954
0.062813
0.195371
0.237022
0.178777
0.16461
0.178125
0.163002
0.137512
0.105016
0.09035
0.118162
0.100879
0.1637
0.222272
0.155208
0.0940543
0.125155
0.180878
0.144422
0.121144
0.163947
0.270116
0.270116
0.161965
0.126384
0.194085
0.107704
0.0852088
0.104746
0.103751
0.140798
0.270116
0.270116
0.0818911
0.161675
0.154047
0.101162
0.175281
0.133845
0.165249
0.244731
0.145198
0.0997925
0.147658
0.167357
0.0954028
0.210537
0.116083
0.108472
0.258792
0.0850904
0.125251
0.167943
0.158638
0.108428
0.110478
0.114074
0.210729
0.256738
0.220061
0.0954386
0.196808
0.1405
0.121647
0.151522
0.149975
0.256738
0.256738
0.202509
0.0821831
0.140735
0.0703137
0.107371
0.256738
0.18761
0.126575
0.23906
0.104884
0.149168
0.203111
0.134568
0.0454732
0.147193
0.153699
0.168157
0.159349
0.112688
0.14685
0.204616
0.128531
0.111196
0.159853
0.198858
0.282998
0.282998
0.184066
0.110046
0.176297
0.052583
0.131403
0.135013
0.156731
0.231898
0.282998
0.215661
0.0807789
0.07967
0.0666521
0.0454862
0.179452
0.181329
0.165229
0.165625
0.161027
0.176127
0.186102
0.112573
0.0988262
0.119492
0.0529214
0.150532
0.162579
0.196982
0.136065
0.245453
0.0716564
0.0808931
0.101915
0.10999
0.217366
0.270836
0.216244
0.144853
0.137092
0.0773614
0.0744758
0.159364
0.116445
0.200514
0.270836
0.227571
0.187568
0.198563
0.165106
0.0689488
0.123291
0.0630742
0.126316
0.18916
0.219581
0.183456
0.183722
0.0663752
0.0940375
0.12093
0.147842
0.152828
0.197778
0.172353
0.173708
0.226049
0.177915
0.0610074
0.135001
0.122782
0.184675
0.249064
0.208528
0.211274
0.189679
0.141567
0.0793226
0.206661
0.199928
0.196608
0.249064
0.222643
0.123139
0.170957
0.106284
0.06476
0.134795
0.178303
0.154643
0.215064
0.167675
0.181608
0.151666
0.13194
0.110208
0.168241
0.181397
0.157822
0.161487
0.184276
0.135821
0.124934
0.0979763
0.073483
0.166703
0.203607
0.184247
0.247759
0.230362
0.141023
0.177413
0.104702
0.0856835
0.230269
0.247759
0.247759
0.247759
0.247759
0.137579
0.0765616
0.116466
0.0815924
0.178376
0.201486
0.160058
0.155318
0.152577
0.119147
0.148534
0.0966543
0.0642234
0.143572
0.240708
0.197341
0.109923
0.0637377
0.0865627
0.136958
0.0930669
0.067622
0.182585
0.211198
0.194969
0.211198
0.19511
0.196434
0.132445
0.118076
0.100742
0.119246
0.116075
0.197488
0.211198
0.191716
0.134083
0.118517
0.195223
0.0920704
0.140777
0.138567
0.150194
0.211198
0.154536
0.189097
0.15554
0.153251
0.106642
0.198528
0.211198
0.211198
0.183107
0.184625
0.170861
0.144795
0.136548
0.111506
0.175992
0.172262
0.203684
0.207058
0.179932
0.130857
0.130421
0.174377
0.117861
0.207058
0.133136
0.152076
0.207058
0.11719
0.14032
0.194685
0.141893
0.0998675
0.179887
0.199507
0.188744
0.181269
0.171938
0.165457
0.171349
0.207058
0.150276
0.149239
0.184927
0.191643
0.193349
0.066811
0.11274
0.198412
0.155557
0.129445
0.214633
0.207839
0.166628
0.214633
0.123957
0.145235
0.214633
0.112439
0.0585744
0.169705
0.150091
0.204167
0.188941
0.131848
0.15265
0.214633
0.106563
0.17781
0.173004
0.149023
0.178964
0.203356
0.0676555
0.11034
0.185774
0.188306
0.133432
0.131612
0.0681846
0.21461
0.214633
0.214633
0.214633
0.137388
0.0892148
0.0580715
0.19329
0.170095
0.20316
0.182172
0.169907
0.171935
0.210699
0.102546
0.114262
0.124267
0.0516295
0.14997
0.151376
0.216899
0.138324
0.216899
0.0831434
0.176765
0.177994
0.0881008
0.206755
0.216899
0.216899
0.216899
0.130859
0.0906614
0.094179
0.115749
0.171469
0.0736667
0.195038
0.216899
0.216899
0.216899
0.172161
0.078018
0.141313
0.0759483
0.135902
0.185255
0.208648
0.171867
0.207506
0.0940627
0.137183
0.132549
0.193237
0.176491
0.208648
0.135547
0.180134
0.208648
0.208648
0.130363
0.176489
0.208648
0.0716388
0.195391
0.208648
0.203891
0.208648
0.146372
0.0937359
0.0816665
0.208648
0.159881
0.208648
0.159185
0.177123
0.163074
0.0875404
0.105573
0.175896
0.209619
0.195874
0.209619
0.165234
0.199324
0.181761
0.182479
0.184582
0.209619
0.209619
0.209619
0.17485
0.209619
0.195046
0.149738
0.123732
0.0958716
0.120075
0.209619
0.173556
0.209619
0.145692
0.15472
0.147796
0.0896161
0.101163
0.113491
0.140969
0.165697
0.209619
0.108364
0.131914
0.0847109
0.121521
0.162592
0.216037
0.216037
0.216037
0.178912
0.216037
0.216037
0.216037
0.150905
0.0947314
0.20733
0.216037
0.216037
0.146215
0.110322
0.122647
0.185139
0.122037
0.0892979
0.116129
0.134005
0.191593
0.216037
0.128245
0.19695
0.127468
0.16067
0.106316
0.130012
0.108898
0.135944
0.122872
0.131662
0.166227
0.175851
0.161416
0.0874707
0.125349
0.10192
0.141262
0.210395
0.124678
0.154626
0.14257
0.14445
0.0819904
0.119507
0.215575
0.215575
0.215575
0.179547
0.167979
0.178717
0.144722
0.0663968
0.215575
0.215575
0.215575
0.202056
0.10618
0.13335
0.141468
0.125617
0.0635741
0.0970262
0.215575
0.215575
0.215575
0.197402
0.13098
0.206516
0.215575
0.080903
0.125663
0.162386
0.209323
0.20706
0.168869
0.143707
0.164771
0.178498
0.135105
0.130014
0.180643
0.200524
0.164651
0.102694
0.103469
0.190932
0.118281
0.0777906
0.0851183
0.2141
0.2141
0.2141
0.207013
0.12403
0.16189
0.2141
0.121395
0.0573698
0.211283
0.190765
0.122409
0.164741
0.2141
0.2141
0.188837
0.181984
0.177951
0.170171
0.206243
0.189764
0.105497
0.100632
0.175036
0.149318
0.188107
0.129966
0.079267
0.200726
0.20725
0.20725
0.20725
0.205944
0.107184
0.132737
0.0937337
0.191979
0.16486
0.134216
0.160066
0.20725
0.188507
0.20725
0.117745
0.132414
0.139245
0.158416
0.20725
0.202304
0.138312
0.141012
0.13275
0.184349
0.14194
0.0750597
0.172161
0.212456
0.212512
0.186265
0.16779
0.100378
0.0934897
0.114086
0.137627
0.12967
0.209553
0.212512
0.212512
0.212512
0.14959
0.123653
0.161293
0.0862728
0.133482
0.182775
0.187642
0.121658
0.125404
0.120594
0.101136
0.212512
0.212512
0.212512
0.212512
0.177834
0.133856
0.178584
0.188487
0.115946
0.165725
0.160085
0.110572
0.199532
0.192047
0.181989
0.215566
0.144862
0.0850324
0.0696254
0.172516
0.164014
0.208957
0.126321
0.146741
0.133315
0.0925247
0.124029
0.215566
0.182132
0.215566
0.215566
0.215566
0.215566
0.215566
0.197956
0.112741
0.0736442
0.0972157
0.206602
0.215566
0.124681
0.129532
0.215087
0.0765723
0.112498
0.125323
0.203973
0.198131
0.217386
0.152624
0.150749
0.169526
0.117181
0.133192
0.150842
0.183138
0.190765
0.217386
0.0973955
0.173795
0.112638
0.161505
0.0968165
0.0731218
0.106131
0.188799
0.217386
0.17879
0.21106
0.217386
0.118878
0.206023
0.164552
0.0972631
0.16128
0.217386
0.126448
0.194049
0.217386
0.137659
0.112683
0.139055
0.144778
0.189695
0.202287
0.120178
0.209292
0.141994
0.185977
0.127694
0.119128
0.0888826
0.122486
0.109103
0.154897
0.178093
0.162633
0.167707
0.136183
0.182917
0.113642
0.182604
0.21147
0.142843
0.194705
0.21147
0.188033
0.0650319
0.21147
0.191938
0.21147
0.21147
0.139978
0.21147
0.21147
0.126024
0.0662061
0.200678
0.191356
0.213512
0.161522
0.112946
0.125436
0.127009
0.11547
0.0530205
0.0748354
0.208018
0.220485
0.220485
0.193178
0.135044
0.205887
0.220485
0.0894096
0.161959
0.104826
0.124533
0.210636
0.17451
0.220485
0.210627
0.220485
0.0868663
0.114222
0.158619
0.220485
0.220485
0.0851937
0.107621
0.113391
0.204492
0.0686641
0.075017
0.219741
0.219741
0.219741
0.219741
0.140966
0.166089
0.219741
0.121213
0.0569168
0.211118
0.204687
0.153159
0.196915
0.219741
0.219741
0.201972
0.135777
0.155178
0.180959
0.219741
0.219741
0.106091
0.0900806
0.10468
0.136007
0.108102
0.0749765
0.162737
0.117441
0.128032
0.139592
0.152739
0.125556
0.208701
0.119156
0.0909377
0.20357
0.180151
0.156856
0.201976
0.20357
0.192919
0.20357
0.167963
0.135893
0.150169
0.146687
0.20357
0.161701
0.147205
0.194787
0.132741
0.140177
0.122779
0.20357
0.152447
0.158323
0.149958
0.140437
0.130289
0.20357
0.109602
0.201478
0.194081
0.20357
0.20357
0.161893
0.177109
0.118818
0.112362
0.148528
0.139292
0.102265
0.126291
0.1761
0.168043
0.146516
0.18083
0.121195
0.106554
0.217984
0.200818
0.217984
0.217984
0.17921
0.153237
0.208644
0.148153
0.123984
0.193284
0.184879
0.217984
0.208393
0.154706
0.145727
0.107533
0.110985
0.0847025
0.136803
0.0811693
0.186458
0.217984
0.156619
0.21485
0.217984
0.0940141
0.121326
0.217412
0.173299
0.217412
0.217412
0.217412
0.217412
0.217412
0.152506
0.102352
0.0951296
0.0684344
0.187483
0.215312
0.158295
0.1452
0.173459
0.112576
0.112647
0.183924
0.120353
0.217412
0.217412
0.161813
0.214002
0.217412
0.087198
0.0733218
0.147901
0.0924331
0.145741
0.190982
0.114549
0.180464
0.15273
0.094053
0.112676
0.112585
0.0724905
0.166792
0.208507
0.177973
0.200361
0.208507
0.134235
0.173292
0.150804
0.113307
0.151913
0.208507
0.141105
0.208507
0.208507
0.163543
0.105486
0.189104
0.147525
0.207207
0.206933
0.0873058
0.18452
0.168556
0.108706
0.104828
0.143853
0.180853
0.151031
0.18695
0.15929
0.207993
0.208507
0.16861
0.128159
0.172727
0.12304
0.17625
0.206506
0.129561
0.178561
0.201932
0.170844
0.081104
0.197314
0.177956
0.206506
0.206506
0.1529
0.206506
0.172115
0.121028
0.117999
0.155632
0.18691
0.193697
0.199465
0.140492
0.177252
0.206506
0.170825
0.0562116
0.165642
0.164849
0.185754
0.17064
0.153395
0.200104
0.113469
0.0478202
0.110116
0.150315
0.106743
0.132491
0.21782
0.203733
0.21782
0.194757
0.21782
0.115609
0.157486
0.187761
0.21782
0.21782
0.114749
0.125367
0.0891519
0.208757
0.0864347
0.21782
0.0949465
0.158776
0.19096
0.183864
0.184491
0.163434
0.150181
0.0628667
0.12218
0.1264
0.21782
0.21782
0.147278
0.192366
0.13176
0.131581
0.177151
0.206217
0.220296
0.22765
0.22765
0.172525
0.131869
0.0899964
0.133422
0.140253
0.0927138
0.166781
0.133042
0.178906
0.194337
0.151682
0.130356
0.22765
0.0622955
0.144252
0.154144
0.22765
0.22765
0.15242
0.22765
0.177445
0.12217
0.112317
0.116237
0.12225
0.149579
0.193746
0.169337
0.100999
0.096583
0.206694
0.143849
0.11943
0.193034
0.152762
0.193884
0.194709
0.138098
0.13144
0.209801
0.122269
0.206642
0.175181
0.208227
0.209801
0.202689
0.209801
0.144746
0.104563
0.112328
0.116857
0.120218
0.156658
0.199983
0.137668
0.103598
0.132911
0.187504
0.16033
0.209801
0.209801
0.143226
0.200308
0.153278
0.209801
0.128764
0.0982179
0.133644
0.20225
0.194581
0.215346
0.215346
0.198089
0.198812
0.142471
0.109985
0.0977678
0.124871
0.0958683
0.18526
0.215346
0.215346
0.215346
0.215346
0.0874853
0.141967
0.215346
0.165337
0.126682
0.165809
0.12563
0.173091
0.152477
0.11135
0.102907
0.188495
0.0898149
0.156599
0.184015
0.168795
0.215346
0.127461
0.123172
0.119388
0.162717
0.137945
0.210573
0.210573
0.200548
0.200416
0.210573
0.0749012
0.095118
0.208604
0.0800317
0.127882
0.17925
0.171856
0.197167
0.124693
0.130064
0.0898853
0.208484
0.076952
0.157536
0.165455
0.205218
0.210573
0.137536
0.206995
0.0869624
0.210573
0.181461
0.155156
0.210573
0.165492
0.150282
0.148579
0.172399
0.126129
0.212157
0.117615
0.187337
0.188593
0.108395
0.160904
0.123369
0.125297
0.10775
0.137639
0.15823
0.159084
0.182365
0.162508
0.212157
0.212157
0.18884
0.108205
0.212157
0.178339
0.191011
0.212157
0.183109
0.187794
0.157926
0.212157
0.186428
0.101758
0.0670315
0.145691
0.212157
0.171763
0.104531
0.0986575
0.212157
0.139899
0.172706
0.189626
0.209104
0.209104
0.151823
0.209104
0.209104
0.198663
0.0930915
0.193481
0.152879
0.197308
0.209104
0.194201
0.197831
0.107428
0.0867681
0.20597
0.102805
0.10586
0.209104
0.209104
0.170435
0.117778
0.0983627
0.201909
0.0840267
0.084945
0.102561
0.138795
0.184396
0.146909
0.130577
0.154119
0.209104
0.0874581
0.159429
0.101912
0.192216
0.223827
0.154855
0.147925
0.130453
0.166968
0.0733689
0.125584
0.142013
0.223827
0.223827
0.148084
0.158945
0.13239
0.11103
0.127136
0.140328
0.196423
0.223827
0.223827
0.215884
0.19256
0.172531
0.181738
0.0913442
0.151517
0.145521
0.158113
0.223827
0.223827
0.19259
0.120272
0.0991462
0.0638225
0.114335
0.165437
0.240417
0.240417
0.160883
0.187162
0.158667
0.115199
0.108826
0.120749
0.135076
0.156884
0.213894
0.14319
0.090987
0.0859953
0.194092
0.0860097
0.151453
0.167386
0.198713
0.240417
0.240417
0.178462
0.113377
0.110302
0.0515501
0.127941
0.240417
0.220793
0.240417
0.154634
0.206516
0.113552
0.136026
0.104043
0.112636
0.130212
0.158255
0.202353
0.134351
0.108177
0.144515
0.196253
0.14696
0.222868
0.195063
0.0990237
0.189034
0.171658
0.221853
0.163035
0.0995276
0.0501596
0.0990958
0.222868
0.222868
0.222868
0.188546
0.204098
0.143126
0.158842
0.103792
0.222868
0.15981
0.113651
0.222868
0.157641
0.140986
0.222868
0.0844169
0.147411
0.215554
0.155175
0.0885876
0.152833
0.142508
0.180571
0.201466
0.121236
0.0977776
0.160063
0.0835151
0.160147
0.171919
0.198504
0.214247
0.136323
0.120135
0.130991
0.215554
0.17834
0.11647
0.215554
0.166474
0.177588
0.215554
0.117824
0.161274
0.215554
0.111279
0.108582
0.215554
0.128411
0.158301
0.215554
0.215554
0.103921
0.175222
0.0702818
0.15854
0.173501
0.216019
0.180254
0.142679
0.16959
0.104962
0.220474
0.145156
0.168655
0.220474
0.167109
0.127408
0.138014
0.148302
0.181423
0.220474
0.147205
0.126442
0.182366
0.114945
0.2019
0.220474
0.220474
0.0654432
0.220474
0.137724
0.218013
0.220474
0.161268
0.130827
0.0811655
0.0758784
0.116106
0.219447
0.157958
0.191748
0.219447
0.19684
0.154188
0.158315
0.21609
0.18895
0.0948766
0.0633623
0.153434
0.219447
0.175482
0.110825
0.105588
0.219447
0.0720898
0.219447
0.14153
0.219447
0.219447
0.161378
0.142533
0.119754
0.145724
0.10785
0.137969
0.146944
0.176417
0.219447
0.170778
0.118106
0.105877
0.184149
0.185509
0.0836447
0.0978764
0.203428
0.219159
0.178697
0.12542
0.118914
0.219159
0.103269
0.10524
0.0749717
0.165033
0.187382
0.174304
0.141771
0.147141
0.219159
0.125935
0.124774
0.135933
0.179688
0.219159
0.159669
0.110909
0.141028
0.219159
0.168068
0.142047
0.0340788
0.219159
0.219159
0.219159
0.137391
0.208252
0.219159
0.159349
0.129056
0.229682
0.229682
0.229682
0.201099
0.160595
0.139912
0.189899
0.0966343
0.142577
0.195592
0.205017
0.229682
0.229682
0.184654
0.119418
0.0773112
0.0670348
0.125768
0.228004
0.229682
0.229682
0.134646
0.0980864
0.0538755
0.0870995
0.0505579
0.0739873
0.141696
0.229682
0.229682
0.1912
0.0798629
0.0579677
0.109868
0.0791285
0.124793
0.235237
0.229172
0.235237
0.235237
0.169693
0.114703
0.104627
0.0609099
0.130362
0.235237
0.210797
0.235237
0.159058
0.18034
0.130103
0.142564
0.0524086
0.0752381
0.156057
0.235237
0.235237
0.193666
0.0694141
0.0749939
0.141795
0.067407
0.0994603
0.183859
0.211049
0.235237
0.110736
0.0869946
0.133096
0.196714
0.0559988
0.101461
0.223385
0.205898
0.223385
0.197019
0.201607
0.178086
0.171758
0.0992351
0.21907
0.13631
0.08943
0.223385
0.174037
0.15303
0.223385
0.099326
0.0897994
0.107303
0.183068
0.181167
0.223385
0.106803
0.0896747
0.156026
0.20161
0.137008
0.141607
0.0931756
0.104139
0.223385
0.152279
0.13373
0.190859
0.223385
0.150452
0.215534
0.145172
0.0916954
0.215534
0.189544
0.186307
0.215534
0.119657
0.147735
0.215534
0.103718
0.137939
0.215534
0.17679
0.139863
0.215534
0.207645
0.15393
0.199917
0.139612
0.124541
0.215534
0.135312
0.115569
0.153615
0.169608
0.0605124
0.142914
0.159581
0.170034
0.215534
0.195825
0.0767587
0.0963585
0.17625
0.201433
0.223125
0.126288
0.158712
0.223125
0.186066
0.186335
0.223125
0.223125
0.0994052
0.223125
0.117826
0.223125
0.223125
0.173353
0.118099
0.0952288
0.0672438
0.0683895
0.208368
0.185092
0.159034
0.223125
0.198345
0.0888464
0.0878706
0.143422
0.116944
0.208852
0.13059
0.178166
0.208362
0.10149
0.0612621
0.105604
0.106922
0.0887476
0.203009
0.11401
0.217717
0.217717
0.183802
0.136685
0.136783
0.129109
0.10312
0.144359
0.170426
0.211322
0.217717
0.193266
0.16596
0.144109
0.191019
0.115859
0.195381
0.100072
0.171894
0.200864
0.103922
0.0950335
0.122445
0.101967
0.164488
0.194929
0.10167
0.217717
0.215905
0.147058
0.175128
0.217717
0.186309
0.105053
0.116798
0.14798
0.173891
0.213068
0.173981
0.144492
0.171299
0.213068
0.132638
0.119981
0.052473
0.213068
0.213068
0.213068
0.145695
0.18599
0.213068
0.122047
0.171221
0.0878856
0.213068
0.186576
0.145769
0.194564
0.213068
0.213068
0.117156
0.173088
0.116295
0.150978
0.184986
0.113372
0.12929
0.154559
0.173265
0.0972162
0.151488
0.237627
0.237627
0.237627
0.162229
0.134201
0.0659423
0.0917011
0.0696055
0.0981982
0.210964
0.237627
0.237627
0.224224
0.0928521
0.0840528
0.119808
0.0759291
0.160775
0.0929823
0.227313
0.237627
0.124436
0.166257
0.132688
0.0796414
0.0766965
0.149062
0.19436
0.237627
0.237627
0.196197
0.121123
0.125232
0.160445
0.0527845
0.099177
0.224386
0.224386
0.224386
0.187815
0.0891315
0.0971766
0.13556
0.0723371
0.099381
0.202202
0.21597
0.224386
0.143936
0.118433
0.166944
0.20798
0.0981781
0.145246
0.148615
0.224386
0.224386
0.180586
0.138567
0.146006
0.181781
0.110541
0.161434
0.107229
0.115139
0.218906
0.209849
0.224386
0.115656
0.167406
0.0877474
0.114214
0.2149
0.163465
0.2149
0.128929
0.144125
0.18078
0.194551
0.117717
0.127361
0.0821616
0.120395
0.2149
0.182398
0.128299
0.182496
0.2149
0.13521
0.164207
0.114987
0.122476
0.2149
0.208242
0.2149
0.132636
0.208845
0.0796493
0.120964
0.147035
0.182958
0.2149
0.141535
0.21418
0.189768
0.17592
0.140064
0.17741
0.124779
0.124405
0.223744
0.176665
0.111535
0.144047
0.166905
0.0891718
0.153303
0.19671
0.176919
0.223744
0.223744
0.110223
0.0924036
0.175098
0.087112
0.146889
0.194435
0.223744
0.223744
0.156768
0.116369
0.140583
0.120149
0.202263
0.175996
0.223744
0.223744
0.21526
0.117392
0.109994
0.110845
0.163407
0.0938674
0.177889
0.189148
0.160044
0.216623
0.216623
0.100816
0.0838433
0.144355
0.140173
0.216623
0.127857
0.183446
0.201727
0.117579
0.0625453
0.127961
0.137512
0.188391
0.190753
0.216623
0.216623
0.216623
0.121974
0.127994
0.135069
0.158995
0.0788949
0.145167
0.207632
0.135812
0.216623
0.107953
0.209222
0.216623
0.17439
0.127284
0.194348
0.0963584
0.165029
0.186317
0.11971
0.086639
0.141049
0.132299
0.110986
0.187191
0.128044
0.216127
0.213263
0.147618
0.216127
0.216127
0.160528
0.0755116
0.192889
0.138811
0.11261
0.183263
0.102269
0.204048
0.216127
0.194319
0.10749
0.216127
0.144146
0.200387
0.216127
0.166979
0.137514
0.158935
0.188842
0.10035
0.187713
0.129008
0.217038
0.193823
0.148288
0.217038
0.217038
0.212862
0.0901796
0.194016
0.145532
0.140561
0.202654
0.120782
0.157508
0.148004
0.17534
0.104602
0.217038
0.16808
0.217038
0.214956
0.146229
0.135177
0.170318
0.200734
0.12588
0.171539
0.0779795
0.106059
0.217038
0.113161
0.130574
0.15341
0.142753
0.0700774
0.141666
0.0978959
0.194748
0.226896
0.10906
0.172024
0.14032
0.0817095
0.078998
0.152561
0.169697
0.226896
0.226896
0.192399
0.114178
0.142638
0.159531
0.0320185
0.158657
0.11119
0.226896
0.226896
0.113717
0.143025
0.0869711
0.175959
0.0962091
0.14594
0.166804
0.204935
0.216849
0.226896
0.226896
0.226896
0.18912
0.0897183
0.155447
0.126552
0.209179
0.209179
0.157982
0.125438
0.140854
0.148947
0.0989698
0.139246
0.0797106
0.122971
0.208356
0.135568
0.209179
0.124351
0.156531
0.130299
0.18556
0.196609
0.209179
0.209179
0.205993
0.209179
0.167638
0.128866
0.162855
0.209179
0.207975
0.209179
0.164481
0.110037
0.194019
0.156245
0.135605
0.109218
0.132752
0.081316
0.120789
0.211346
0.130964
0.214405
0.118826
0.162894
0.0761306
0.105633
0.110386
0.168542
0.209119
0.155181
0.155814
0.157943
0.154263
0.164754
0.214405
0.214405
0.214405
0.17189
0.12437
0.134025
0.120515
0.145164
0.151207
0.214405
0.153011
0.137878
0.214405
0.214405
0.214405
0.214405
0.208962
0.0821443
0.117026
0.146455
0.202161
0.216901
0.166898
0.109159
0.117508
0.119827
0.154912
0.133519
0.216901
0.216901
0.195782
0.142488
0.120921
0.102314
0.151454
0.122322
0.216901
0.16
0.159657
0.216901
0.216901
0.216901
0.193137
0.216901
0.141355
0.123857
0.107424
0.122707
0.12831
0.133474
0.208447
0.198409
0.205129
0.177025
0.158509
0.210017
0.210017
0.210017
0.154922
0.143705
0.134355
0.177945
0.0723412
0.129677
0.167786
0.120242
0.195614
0.109962
0.17542
0.210017
0.19224
0.14915
0.124983
0.136079
0.197854
0.210017
0.174654
0.210017
0.210017
0.210017
0.0708608
0.0894589
0.054201
0.126091
0.198608
0.147209
0.155234
0.210017
0.162334
0.0922401
0.195094
0.127446
0.109433
0.193186
0.117413
0.188868
0.21368
0.21368
0.11652
0.21368
0.135182
0.160214
0.21368
0.160484
0.211472
0.151507
0.152785
0.0804193
0.0958417
0.0846441
0.171579
0.21368
0.173287
0.126556
0.210994
0.16604
0.133817
0.21368
0.19117
0.201419
0.21368
0.142893
0.155675
0.147969
0.112105
0.118597
0.214189
0.152187
0.172822
0.214189
0.138431
0.161252
0.168977
0.17214
0.106572
0.189716
0.111514
0.126764
0.214189
0.131855
0.193693
0.160541
0.117676
0.139263
0.214189
0.214189
0.19086
0.183224
0.144173
0.127345
0.16108
0.124254
0.123481
0.186091
0.134049
0.201705
0.214189
0.194004
0.157682
0.180923
0.111221
0.0447719
0.1188
0.0983448
0.204974
0.213718
0.12131
0.127559
0.0948128
0.13257
0.0701504
0.111377
0.152268
0.193043
0.154474
0.213718
0.213718
0.208614
0.148113
0.145785
0.168473
0.145757
0.163999
0.213718
0.136443
0.148588
0.130726
0.11243
0.169167
0.171777
0.204293
0.213718
0.213718
0.199864
0.192784
0.206511
0.213718
0.104595
0.147485
0.162183
0.188679
0.173433
0.193615
0.179736
0.138291
0.0971458
0.142738
0.205285
0.171298
0.214273
0.177395
0.0849608
0.102368
0.15555
0.114353
0.146048
0.150408
0.190585
0.214273
0.214273
0.201828
0.172685
0.196442
0.214273
0.0688986
0.169689
0.214273
0.214273
0.195076
0.10183
0.0783699
0.142193
0.159537
0.163587
0.190541
0.171759
0.215605
0.199279
0.12102
0.108115
0.126681
0.112946
0.121051
0.215605
0.162827
0.134238
0.215605
0.215605
0.215605
0.198133
0.207417
0.0696667
0.133152
0.191249
0.215605
0.215605
0.138425
0.0990389
0.163489
0.178974
0.0925773
0.135574
0.147863
0.118666
0.215605
0.215605
0.10387
0.0796593
0.160709
0.123183
0.221737
0.172539
0.169029
0.221737
0.221737
0.221737
0.202017
0.221737
0.122778
0.128067
0.103389
0.106558
0.184974
0.150163
0.204588
0.217965
0.196338
0.089835
0.125208
0.114614
0.122014
0.221737
0.221737
0.158951
0.0994603
0.197741
0.0794857
0.141281
0.102346
0.133399
0.211288
0.148372
0.117507
0.093615
0.183024
0.132376
0.148028
0.127601
0.170484
0.211359
0.171382
0.211359
0.211359
0.211359
0.0685904
0.102466
0.0583438
0.105306
0.211359
0.179059
0.173612
0.195479
0.169553
0.0773018
0.147174
0.120278
0.177896
0.211359
0.168269
0.154724
0.124295
0.211359
0.0889664
0.211359
0.09277
0.139822
0.211359
0.211359
0.159844
0.20292
0.189759
0.0773215
0.116241
0.0872928
0.13532
0.212686
0.183682
0.130298
0.184598
0.18162
0.147761
0.212686
0.175925
0.155288
0.212686
0.135071
0.188435
0.138714
0.0741682
0.0704049
0.212686
0.128267
0.17837
0.212686
0.212686
0.169796
0.187178
0.190987
0.196709
0.212686
0.153062
0.0992128
0.156304
0.198743
0.192996
0.16578
0.102786
0.140835
0.208182
0.190429
0.130527
0.176347
0.131137
0.142436
0.152987
0.10356
0.0934696
0.152459
0.158092
0.208182
0.208182
0.170404
0.180729
0.132484
0.110416
0.17836
0.208182
0.161885
0.126402
0.157519
0.191427
0.185547
0.16575
0.153696
0.135475
0.208182
0.166781
0.206381
0.208182
0.13332
0.208182
0.130799
0.166539
0.127018
0.144642
0.166003
0.168487
0.210356
0.167251
0.162038
0.146112
0.1035
0.109999
0.178885
0.210356
0.210356
0.210356
0.173734
0.174181
0.183358
0.210356
0.110247
0.119934
0.210356
0.210356
0.164822
0.184241
0.176477
0.0884335
0.113361
0.137339
0.210356
0.156011
0.203977
0.210356
0.117787
0.153688
0.104523
0.107376
0.102052
0.162468
0.21513
0.21513
0.21513
0.200683
0.173415
0.189215
0.21513
0.0551989
0.177944
0.21513
0.21513
0.21513
0.133971
0.0933481
0.159181
0.15924
0.0950492
0.155887
0.144101
0.21513
0.21513
0.147891
0.148717
0.158922
0.144339
0.0422931
0.0828369
0.152504
0.130533
0.124968
0.101151
0.157138
0.196203
0.21513
0.0798948
0.160184
0.189187
0.225077
0.225077
0.201542
0.162398
0.213803
0.202099
0.0902506
0.127105
0.223755
0.159057
0.225077
0.225077
0.132912
0.0826099
0.186202
0.0330328
0.0910551
0.177268
0.157838
0.133805
0.144918
0.199614
0.225077
0.225077
0.0305425
0.112563
0.107889
0.186279
0.225077
0.189878
0.115719
0.0881172
0.059604
0.102346
0.15376
0.184112
0.158181
0.221002
0.221002
0.21638
0.140943
0.221002
0.104141
0.19537
0.138684
0.156593
0.221002
0.176155
0.158488
0.181646
0.194752
0.0423136
0.147287
0.132035
0.198911
0.221002
0.221002
0.161504
0.109995
0.0608847
0.0829716
0.163653
0.0953677
0.132129
0.213545
0.176859
0.147265
0.192725
0.0953121
0.0827128
0.202586
0.132341
0.160195
0.210778
0.149131
0.159288
0.210778
0.20155
0.075597
0.210778
0.149555
0.15336
0.210778
0.203094
0.177965
0.208444
0.163035
0.096175
0.177643
0.157941
0.138199
0.184908
0.153903
0.135118
0.208327
0.0979509
0.0775468
0.14444
0.210778
0.210778
0.207908
0.0983022
0.12709
0.151759
0.1633
0.0595778
0.212479
0.166041
0.169247
0.212479
0.181364
0.172961
0.212479
0.172519
0.194235
0.212479
0.150342
0.11686
0.150098
0.161875
0.17792
0.198031
0.0891196
0.0893721
0.141689
0.212479
0.212479
0.193319
0.0868597
0.112047
0.176798
0.179167
0.121608
0.165179
0.132322
0.162676
0.0998423
0.200189
0.19009
0.21222
0.0953628
0.169379
0.217943
0.141534
0.125218
0.149002
0.158832
0.197465
0.217943
0.140552
0.120392
0.174413
0.173421
0.217943
0.217943
0.143042
0.204813
0.168705
0.183064
0.0975538
0.112917
0.10287
0.1325
0.101394
0.147084
0.206586
0.217943
0.139343
0.0608164
0.130643
0.125077
0.0775194
0.147244
0.213482
0.217943
0.217943
0.20849
0.118258
0.133536
0.215879
0.215879
0.17843
0.206751
0.187487
0.115413
0.13482
0.109195
0.215879
0.215879
0.215879
0.215879
0.142638
0.168855
0.120744
0.129875
0.125926
0.134265
0.180217
0.215879
0.211228
0.113429
0.166387
0.156868
0.0936379
0.109616
0.0917845
0.145777
0.215879
0.215879
0.215841
0.111429
0.138259
0.102836
0.0828797
0.203583
0.210107
0.210107
0.210107
0.169563
0.18966
0.192444
0.186407
0.046726
0.126778
0.142988
0.112331
0.165242
0.151216
0.210107
0.210107
0.210107
0.116175
0.0915047
0.135701
0.192018
0.210107
0.210107
0.14748
0.164219
0.14159
0.0465301
0.117343
0.112397
0.208369
0.210107
0.210107
0.173331
0.129345
0.0869402
0.0404305
0.126642
0.160621
0.160927
0.182213
0.204834
0.217144
0.217144
0.217144
0.0512963
0.108338
0.143592
0.214087
0.217144
0.180271
0.198623
0.122973
0.0863223
0.0637055
0.150201
0.149825
0.202897
0.217144
0.203298
0.164217
0.1518
0.138205
0.0987918
0.161759
0.14187
0.20337
0.217144
0.17874
0.212552
0.126447
0.0775614
0.060517
0.154597
0.173923
0.210686
0.210686
0.210686
0.210686
0.138542
0.0871453
0.113405
0.208403
0.122803
0.176965
0.210686
0.209819
0.185597
0.210686
0.0984897
0.124013
0.193903
0.163037
0.18002
0.210686
0.174533
0.199383
0.106053
0.109232
0.109352
0.115426
0.0839958
0.12805
0.193932
0.210686
0.139124
0.210686
0.118251
0.122215
0.218179
0.195078
0.165955
0.204166
0.187127
0.188074
0.218179
0.109132
0.0734657
0.185461
0.218179
0.218179
0.218179
0.0854126
0.159393
0.172525
0.17406
0.0996583
0.112847
0.0757903
0.13418
0.191617
0.192222
0.147513
0.218179
0.137724
0.085137
0.0989486
0.0964269
0.208838
0.212592
0.10479
0.211201
0.155682
0.146755
0.0845875
0.163555
0.215743
0.215743
0.192053
0.0684265
0.143357
0.210755
0.192964
0.138814
0.163485
0.147625
0.208393
0.124104
0.177919
0.215743
0.215743
0.0910734
0.0884341
0.0997735
0.107815
0.215743
0.20907
0.0994314
0.192595
0.157786
0.135069
0.10259
0.125225
0.215743
0.215743
0.163645
0.215743
0.143115
0.150503
0.155071
0.0964489
0.0976294
0.104171
0.141555
0.100166
0.122732
0.221682
0.221682
0.129139
0.106782
0.119868
0.095033
0.108487
0.146734
0.221682
0.221682
0.221682
0.221682
0.0870882
0.125879
0.183396
0.21667
0.153257
0.190819
0.116949
0.110623
0.134399
0.160074
0.215091
0.149161
0.197951
0.221682
0.221682
0.171469
0.165839
0.221682
0.169247
0.175324
0.185479
0.213959
0.213959
0.134565
0.208707
0.180189
0.123983
0.117295
0.121724
0.193848
0.213959
0.213959
0.213959
0.125423
0.156559
0.147004
0.159016
0.213959
0.17867
0.134284
0.202046
0.115487
0.144949
0.213959
0.164879
0.089282
0.213941
0.0805015
0.153647
0.185761
0.126449
0.146067
0.105546
0.0620978
0.130942
0.128567
0.173652
0.178199
0.214887
0.213139
0.155451
0.181466
0.181313
0.0693848
0.166672
0.124516
0.214887
0.214887
0.214887
0.211397
0.155882
0.0814295
0.149677
0.214887
0.0807046
0.175639
0.18988
0.134356
0.111248
0.0669036
0.0589147
0.174383
0.142202
0.0763166
0.214887
0.214887
0.207814
0.168726
0.214887
0.116552
0.0586726
0.15954
0.139582
0.187398
0.219738
0.191635
0.148128
0.133529
0.0878711
0.0860364
0.140943
0.106453
0.181448
0.191273
0.169317
0.219738
0.127443
0.0889734
0.16385
0.176939
0.101782
0.219738
0.219738
0.181925
0.145094
0.219738
0.152405
0.0942247
0.219738
0.219738
0.219738
0.219738
0.119002
0.0983816
0.187044
0.152292
0.0983126
0.170871
0.140181
0.172323
0.20964
0.160746
0.21873
0.105678
0.105607
0.0887984
0.0999257
0.070275
0.149308
0.166696
0.158208
0.122279
0.169067
0.112916
0.082459
0.21873
0.21873
0.21873
0.21873
0.186274
0.151277
0.209011
0.21873
0.0997699
0.158759
0.154493
0.116308
0.19446
0.21873
0.146965
0.21873
0.20664
0.0997051
0.105412
0.0796641
0.141189
0.181109
0.161871
0.142393
0.182908
0.140727
0.097097
0.126581
0.0858788
0.174638
0.197051
0.113839
0.221549
0.16539
0.135019
0.107935
0.13578
0.125921
0.149574
0.221549
0.221549
0.173962
0.215769
0.221549
0.0719945
0.128875
0.153924
0.221549
0.221549
0.221549
0.221549
0.221549
0.164496
0.0952024
0.115254
0.0990122
0.169547
0.17919
0.113706
0.204222
0.151042
0.129783
0.0860192
0.130254
0.162336
0.204313
0.169608
0.179989
0.193784
0.15311
0.151901
0.0771285
0.139015
0.123525
0.226305
0.226305
0.225266
0.167062
0.164592
0.142481
0.077627
0.11325
0.0973147
0.226305
0.226305
0.226305
0.14701
0.226305
0.226305
0.0744682
0.130865
0.149782
0.170642
0.156891
0.160067
0.145154
0.103235
0.141836
0.209735
0.209735
0.142024
0.181331
0.209735
0.209735
0.161614
0.181472
0.209735
0.085388
0.133618
0.0933983
0.209735
0.209735
0.209735
0.105859
0.209735
0.164624
0.181836
0.17225
0.209735
0.107979
0.205421
0.152279
0.145433
0.154971
0.120763
0.154857
0.221625
0.174226
0.120505
0.221625
0.141063
0.172607
0.191996
0.178898
0.0931958
0.215446
0.0995111
0.142219
0.221625
0.141455
0.155057
0.106411
0.0680689
0.136473
0.221625
0.109576
0.145582
0.221625
0.18829
0.147668
0.107491
0.221625
0.142897
0.183794
0.182069
0.200964
0.221625
0.221625
0.120742
0.0660044
0.0842138
0.128717
0.210733
0.106847
0.165177
0.227572
0.125324
0.100408
0.0607423
0.050017
0.126399
0.120016
0.109317
0.208397
0.227572
0.206233
0.181942
0.227572
0.136237
0.131778
0.166962
0.142047
0.179759
0.227572
0.227572
0.159319
0.0525925
0.0633809
0.156302
0.156938
0.132642
0.163073
0.227572
0.227572
0.227572
0.163947
0.155088
0.113441
0.157038
0.131362
0.218056
0.218753
0.1578
0.142085
0.218753
0.133663
0.079121
0.218753
0.218753
0.218753
0.218753
0.120762
0.105327
0.175284
0.152711
0.106255
0.13631
0.102637
0.148865
0.218753
0.218753
0.218753
0.131729
0.12466
0.0511927
0.177977
0.19644
0.177954
0.175852
0.129642
0.14225
0.167844
0.148002
0.0634313
0.21281
0.20387
0.21281
0.21281
0.168964
0.148621
0.17793
0.204657
0.0816432
0.149021
0.166772
0.157892
0.178333
0.164936
0.156578
0.205078
0.187059
0.0701394
0.173506
0.19803
0.166055
0.170814
0.180161
0.144851
0.151369
0.140585
0.125237
0.189108
0.21281
0.143384
0.110804
0.114528
0.0984659
0.21281
0.16554
0.0772828
0.127514
0.146179
0.148333
0.218188
0.203646
0.148118
0.157741
0.199744
0.0697267
0.134225
0.138778
0.193617
0.218188
0.169773
0.189783
0.197919
0.126316
0.160658
0.199985
0.218188
0.142395
0.146397
0.145627
0.0962953
0.218188
0.127596
0.0895434
0.107678
0.169594
0.181846
0.218188
0.218188
0.174679
0.218188
0.0845008
0.064323
0.160674
0.117461
0.187762
0.216053
0.174513
0.146763
0.161089
0.126827
0.0742549
0.11667
0.0645512
0.216053
0.208357
0.195392
0.161577
0.216053
0.216053
0.0886935
0.139873
0.162465
0.173909
0.216053
0.213946
0.160387
0.216053
0.106274
0.11097
0.183406
0.0807268
0.127373
0.200462
0.155865
0.194731
0.216053
0.176831
0.0881756
0.155566
0.0765123
0.216536
0.216536
0.203681
0.14527
0.216536
0.196711
0.194494
0.166531
0.216536
0.113429
0.216536
0.156378
0.13128
0.177863
0.134429
0.137026
0.202413
0.0663208
0.126285
0.187262
0.133841
0.215781
0.216536
0.216536
0.129887
0.145696
0.17045
0.177675
0.216536
0.0849689
0.0833913
0.113602
0.102595
0.131669
0.192762
0.0982299
0.1123
0.220518
0.183524
0.130703
0.0864039
0.216399
0.111721
0.152104
0.1814
0.193594
0.220518
0.220518
0.122295
0.0954496
0.101396
0.165838
0.220518
0.120282
0.186147
0.220518
0.0987515
0.136135
0.137219
0.163252
0.0544299
0.155669
0.142184
0.116126
0.220518
0.220518
0.210887
0.220518
0.18181
0.108554
0.164461
0.162012
0.182816
0.222374
0.222374
0.142994
0.0802211
0.0652257
0.107918
0.134927
0.133515
0.164692
0.222374
0.222374
0.222374
0.174385
0.168349
0.0818363
0.177199
0.151398
0.0972981
0.222374
0.222374
0.142152
0.166399
0.121199
0.128678
0.222374
0.222374
0.141768
0.181483
0.194466
0.0846429
0.158962
0.137274
0.0953593
0.144607
0.12936
0.17022
0.2124
0.2124
0.2124
0.15537
0.143705
0.0772523
0.2124
0.173348
0.201746
0.179253
0.136115
0.13902
0.196819
0.164734
0.146665
0.2124
0.2124
0.136964
0.191793
0.170427
0.0622596
0.113786
0.130819
0.126793
0.2124
0.2124
0.158638
0.123276
0.0688673
0.148863
0.2124
0.193687
0.0883101
0.188864
0.189779
0.184159
0.168888
0.163702
0.134086
0.176922
0.150605
0.138081
0.179546
0.212182
0.199715
0.122333
0.0880601
0.155315
0.212182
0.159337
0.126565
0.212182
0.209985
0.185092
0.143315
0.0789348
0.134652
0.212182
0.212182
0.0994986
0.143911
0.212182
0.212182
0.179657
0.152378
0.146545
0.124116
0.135978
0.146644
0.189601
0.215661
0.184326
0.147506
0.0975444
0.136557
0.215661
0.125284
0.101063
0.128061
0.150494
0.164092
0.215661
0.212654
0.171296
0.215661
0.0950561
0.11233
0.147817
0.215661
0.215661
0.215661
0.156314
0.163055
0.0862867
0.118351
0.0820503
0.212726
0.105978
0.118374
0.161713
0.205751
0.215661
0.215661
0.109201
0.0845338
0.170468
0.141551
0.154631
0.209439
0.182001
0.179073
0.209439
0.113344
0.108003
0.169801
0.09859
0.141941
0.207761
0.170009
0.209439
0.209439
0.162549
0.0915445
0.203312
0.0876869
0.128786
0.177041
0.192572
0.209439
0.18385
0.145385
0.0876144
0.166445
0.0764619
0.185462
0.19003
0.150599
0.209439
0.18475
0.209439
0.147989
0.200393
0.0902479
0.142916
0.213843
0.1691
0.225856
0.225856
0.225856
0.141449
0.157839
0.169389
0.180231
0.225856
0.109361
0.0878995
0.114399
0.11342
0.0958938
0.194876
0.139693
0.225856
0.205642
0.182866
0.225856
0.212682
0.225856
0.105371
0.212996
0.155607
0.11921
0.133507
0.0483125
0.0970132
0.0979375
0.067319
