0.148906
0.186749
0.22619
0.22619
0.22619
0.22619
0.1434
0.1969
0.078437
0.100512
0.206575
0.112318
0.22619
0.22619
0.190602
0.197254
0.197618
0.0885723
0.070827
0.142294
0.11262
0.167694
0.22619
0.22619
0.185922
0.140493
0.108116
0.121367
0.141253
0.113292
0.113001
0.176037
0.133215
0.130321
0.0843744
0.124329
0.104568
0.207305
0.0950986
0.211804
0.211804
0.192491
0.188934
0.211804
0.153157
0.0956981
0.211804
0.211804
0.208654
0.146006
0.211804
0.174767
0.182581
0.20866
0.130574
0.099653
0.115112
0.119844
0.211804
0.161225
0.184048
0.114313
0.139306
0.0780722
0.115706
0.184408
0.211804
0.202391
0.119576
0.135383
0.137064
0.0878709
0.0911477
0.215776
0.215776
0.215776
0.163064
0.215776
0.215776
0.215776
0.215776
0.0764862
0.11425
0.106931
0.143575
0.199601
0.171556
0.150309
0.136407
0.129112
0.091003
0.141491
0.20637
0.215776
0.215776
0.141035
0.145875
0.162197
0.0867277
0.112896
0.0754495
0.0942604
0.215776
0.215776
0.163582
0.146835
0.204649
0.106986
0.0545237
0.111401
0.133118
0.197875
0.212121
0.186958
0.197773
0.161634
0.126055
0.0922395
0.134557
0.188345
0.197459
0.212121
0.212121
0.144735
0.186168
0.146796
0.120356
0.089125
0.139387
0.212121
0.212121
0.163588
0.138228
0.186645
0.0858594
0.139039
0.107091
0.212121
0.212121
0.205362
0.210687
0.149267
0.17189
0.139048
0.0796703
0.133951
0.158752
0.208848
0.213545
0.196093
0.149194
0.145921
0.130199
0.109964
0.204718
0.162711
0.172984
0.213545
0.187209
0.163621
0.103408
0.103971
0.135419
0.125997
0.206103
0.213545
0.210627
0.153947
0.123176
0.171349
0.103725
0.13613
0.213545
0.213545
0.14057
0.180659
0.177181
0.138139
0.175291
0.184462
0.110322
0.188028
0.130498
0.172668
0.210505
0.134779
0.17513
0.133676
0.124075
0.0997792
0.0823024
0.177485
0.210505
0.210505
0.210505
0.142049
0.155844
0.0901199
0.133839
0.210505
0.210505
0.107762
0.210505
0.210505
0.145769
0.210505
0.129477
0.178106
0.210505
0.210505
0.210505
0.171602
0.141529
0.101467
0.118997
0.133313
0.101616
0.077185
0.148441
0.211501
0.222398
0.173165
0.123541
0.19321
0.120438
0.278827
0.176534
0.116746
0.144679
0.143631
0.0781765
0.0704737
0.0929895
0.278827
0.129902
0.127925
0.162125
0.16757
0.19537
0.182489
0.102549
0.149782
0.125751
0.222804
0.125787
0.121404
0.19701
0.116776
0.135865
0.124916
0.237772
0.278827
0.0962814
0.132525
0.0973325
0.18361
0.22431
0.22431
0.192241
0.176254
0.1361
0.162571
0.18035
0.109034
0.139376
0.172042
0.142784
0.117396
0.115977
0.137342
0.0864703
0.113765
0.184487
0.22431
0.22431
0.147686
0.171046
0.210526
0.194432
0.11233
0.182351
0.180532
0.22431
0.22431
0.168793
0.108129
0.126015
0.181719
0.164835
0.150782
0.132254
0.151125
0.217888
0.18195
0.162595
0.132178
0.154866
0.117193
0.147014
0.184971
0.217888
0.217888
0.147919
0.105722
0.106225
0.120749
0.122633
0.190228
0.20009
0.217888
0.217888
0.178096
0.143849
0.131422
0.217888
0.0831312
0.139708
0.210153
0.195619
0.217888
0.143768
0.140557
0.180197
0.0725071
0.104736
0.155882
0.188322
0.230083
0.230083
0.161938
0.108599
0.132239
0.107773
0.113086
0.0977737
0.0955601
0.214458
0.230083
0.19291
0.122759
0.196783
0.138203
0.0783301
0.150303
0.208738
0.215882
0.230083
0.141678
0.158454
0.151031
0.0798238
0.0768923
0.129515
0.230083
0.230083
0.230083
0.142008
0.163204
0.169648
0.111649
0.0997204
0.0929138
0.127757
0.211666
0.225136
0.174513
0.111321
0.16775
0.109203
0.128561
0.113051
0.225136
0.189382
0.191553
0.21973
0.131253
0.136077
0.102392
0.083312
0.112624
0.173874
0.225136
0.225136
0.153196
0.207767
0.142632
0.116853
0.079831
0.151909
0.192974
0.210084
0.225136
0.212789
0.225136
0.151643
0.0854613
0.122707
0.121145
0.215969
0.177141
0.199181
0.158269
0.114614
0.14988
0.0822195
0.131983
0.215969
0.215969
0.163434
0.162961
0.165129
0.131337
0.171444
0.186598
0.0867997
0.144634
0.113913
0.137554
0.215969
0.214795
0.215969
0.145144
0.0713069
0.076587
0.194843
0.215969
0.213636
0.215969
0.215969
0.207516
0.111044
0.0417791
0.121253
0.201886
0.208561
0.14016
0.208561
0.195053
0.142877
0.208561
0.145604
0.136942
0.196733
0.208561
0.208561
0.208561
0.106064
0.0671965
0.107868
0.133641
0.0965456
0.193533
0.201354
0.198987
0.208561
0.208561
0.198199
0.118174
0.0273775
0.0454104
0.121908
0.208561
0.203609
0.189658
0.167839
0.201922
0.0779157
0.0275974
0.100485
0.119039
0.156551
0.188275
0.248699
0.150751
0.0762437
0.137803
0.137633
0.256956
0.121171
0.11561
0.194884
0.151437
0.111509
0.119747
0.236031
0.271714
0.0521438
0.127881
0.159707
0.154745
0.21724
0.168968
0.202657
0.0902809
0.0239934
0.215519
0.0952868
0.115016
0.180232
0.181305
0.122436
0.147636
0.193292
0.271714
0.0903161
0.125683
0.154229
0.222401
0.241983
0.120553
0.149024
0.189303
0.178667
0.100982
0.123607
0.131359
0.241983
0.230364
0.138287
0.100339
0.139177
0.17017
0.0543205
0.09469
0.0957178
0.183819
0.241983
0.241983
0.186955
0.0429104
0.0870864
0.150073
0.144668
0.105124
0.241983
0.241983
0.241983
0.193685
0.102973
0.115002
0.1101
0.144619
0.153982
0.218778
0.218778
0.145142
0.120182
0.122685
0.197821
0.0978812
0.15532
0.1818
0.186636
0.218778
0.156494
0.1088
0.125196
0.0946684
0.132543
0.148315
0.103476
0.218778
0.218778
0.218778
0.218778
0.131732
0.146668
0.102698
0.191799
0.107678
0.107009
0.218778
0.218778
0.149143
0.182186
0.212788
0.0888729
0.171135
0.173717
0.186064
0.212822
0.158128
0.123608
0.107831
0.099695
0.0705042
0.13086
0.218099
0.218099
0.218099
0.146237
0.163633
0.172702
0.126657
0.0600521
0.161554
0.181296
0.136881
0.218099
0.214189
0.12845
0.166208
0.184085
0.0543375
0.150048
0.213182
0.218099
0.218099
0.218099
0.154596
0.163214
0.122993
0.0759267
0.122107
0.183411
0.223377
0.223377
0.156313
0.209319
0.159476
0.140538
0.0850428
0.1845
0.172577
0.215755
0.223377
0.198468
0.223377
0.131655
0.0816385
0.0468448
0.132656
0.223377
0.223377
0.223377
0.21389
0.143345
0.143237
0.116008
0.0986091
0.174434
0.153021
0.153841
0.214513
0.120851
0.103283
0.0831905
0.128351
0.0921493
0.179842
0.154294
0.185993
0.22193
0.198583
0.22193
0.140756
0.0748521
0.0859385
0.204901
0.22193
0.22193
0.22193
0.215585
0.22193
0.143448
0.0566688
0.0880717
0.127114
0.16344
0.184312
0.216702
0.148264
0.11512
0.0837547
0.130459
0.0321259
0.097449
0.221507
0.213909
0.22193
0.204536
0.15757
0.080548
0.046686
0.100026
0.211956
0.219249
0.219249
0.219249
0.210971
0.219249
0.157378
0.0426618
0.033966
0.115135
0.219249
0.219249
0.219249
0.153734
0.193819
0.110171
0.0414076
0.026928
0.098034
0.219249
0.219249
0.219249
0.219249
0.1851
0.106339
0.0459273
0.0344169
0.124164
0.156857
0.193257
0.201944
0.176325
0.170806
0.128302
0.0407945
0.0418807
0.124342
0.168334
0.215782
0.24996
0.14937
0.180395
0.114572
0.0394804
0.27866
0.103231
0.135516
0.173272
0.181614
0.129007
0.172785
0.260616
0.27866
0.0550975
0.139621
0.145837
0.209569
0.158703
0.143893
0.163553
0.11496
0.0470335
0.27866
0.0760999
0.0586876
0.0914414
0.143467
0.141405
0.131013
0.0876885
0.27866
0.0746543
0.153762
0.15619
0.214011
0.251638
0.251638
0.174344
0.0418056
0.121982
0.147538
0.124156
0.112334
0.251638
0.251638
0.251638
0.245669
0.143943
0.153807
0.00171832
0.0314149
0.226763
0.21696
0.251638
0.184007
0.0798856
0.00872428
0.000678711
0.0182024
0.0186701
0.0978729
0.251638
0.251638
0.187639
0.0825999
0.0184714
0.00547326
0.110868
0.120513
0.098025
0.233033
0.233033
0.233033
0.228897
0.140171
0.154074
0.107092
0.187657
0.205667
0.119352
0.233033
0.233033
0.186178
0.171323
0.218449
0.0133842
0.0130693
0.113359
0.212646
0.233033
0.194083
0.0791177
0.0262123
0.00662644
0.00952736
0.0594575
0.233033
0.215083
0.233033
0.178178
0.17143
0.0628862
0.0186242
0.0738685
0.177214
0.223491
0.146447
0.223491
0.223491
0.166828
0.1661
0.194022
0.0647987
0.143164
0.223491
0.214591
0.223491
0.223491
0.171839
0.182752
0.149121
0.00963696
0.0479655
0.223491
0.179955
0.223491
0.196982
0.151454
0.0757851
0.0247496
0.0200757
0.0628129
0.121864
0.170995
0.223491
0.223491
0.170912
0.0784235
0.0810112
0.0622403
0.151628
0.239723
0.239723
0.239723
0.235197
0.173954
0.177455
0.15318
0.112429
0.2293
0.212283
0.186521
0.187812
0.131274
0.138311
0.0901151
0.125855
0.0333463
0.0623782
0.0933201
0.152184
0.239723
0.239723
0.199892
0.101411
0.0745582
0.0749052
0.0975497
0.109214
0.0895965
0.239723
0.239723
0.239723
0.0551711
0.0374195
0.0989807
0.165604
0.212619
0.228866
0.206311
0.138385
0.137866
0.107121
0.125218
0.0743834
0.141375
0.230892
0.21963
0.243354
0.223337
0.170558
0.109264
0.0779215
0.075918
0.0894763
0.0972544
0.0864856
0.243354
0.243354
0.243354
0.100842
0.0355966
0.0618579
0.173141
0.153625
0.102587
0.243354
0.243354
0.243354
0.0784038
0.0499917
0.0667795
0.136028
0.227896
0.227896
0.227896
0.225571
0.170016
0.147341
0.063386
0.0602887
0.140615
0.143691
0.206602
0.222459
0.15531
0.212453
0.153882
0.0481323
0.0758513
0.192396
0.145708
0.121774
0.227896
0.227896
0.227896
0.117038
0.0463637
0.108619
0.143796
0.15979
0.106616
0.219663
0.17405
0.227896
0.169193
0.0725307
0.0638108
0.157293
0.140347
0.232272
0.181019
0.121818
0.182149
0.126807
0.0471126
0.289198
0.069059
0.0949109
0.105608
0.165902
0.136565
0.129516
0.0900842
0.289198
0.115928
0.158995
0.182793
0.111835
0.192244
0.154994
0.285159
0.142547
0.0567863
0.289198
0.0949834
0.215259
0.104046
0.115671
0.0523129
0.143011
0.121182
0.289198
0.00509788
0.041483
0.257949
0.257949
0.257949
0.202299
0.0749186
0.0119849
0.000691669
0.00145119
0.00577696
0.134179
0.257949
0.257949
0.257949
0.137641
0.0337871
0.000749329
0.169285
0.155115
0.159223
0.253227
0.208147
0.15109
0.148501
0.165257
0.14707
0.164824
0.06989
0.144199
0.257949
0.257949
0.157505
0.0812528
0.0975152
0.0896566
0.00204927
0.00571973
0.148723
0.266337
0.266337
0.252911
0.101175
0.0364463
0.000349095
0.00233188
0.0595775
0.266337
0.250245
0.266337
0.263743
0.266337
0.0901459
0.000641534
0.165811
0.0750624
0.112641
0.266337
0.239418
0.146858
0.0658102
0.0698308
0.103965
0.0265098
0.0396215
0.171446
0.266337
0.266337
0.10225
0.0593175
0.0156515
0.0190454
0.0137795
0.055395
0.251818
0.216806
0.251818
0.251818
0.251818
0.114936
0.0209675
0.0352071
0.0808448
0.225876
0.251818
0.251818
0.251818
0.244976
0.110187
0.122306
0.0221015
0.0626687
0.178672
0.251818
0.251818
0.118989
0.0552595
0.0129267
0.0270126
0.0363216
0.0519766
0.15478
0.251818
0.251818
0.0884776
0.0452718
0.0159338
0.00912323
0.0573205
0.092162
0.154269
0.230709
0.258113
0.258113
0.258113
0.151506
0.117444
0.105818
0.148343
0.237744
0.135794
0.258113
0.258113
0.258113
0.0804785
0.040464
0.0336378
0.0555312
0.173995
0.258113
0.258113
0.101742
0.0594351
0.0206896
0.0123215
0.00781813
0.0117449
0.204954
0.258113
0.234218
0.100509
0.0492211
0.0036253
0.0036124
0.11293
0.131456
0.188515
0.123417
0.256525
0.256525
0.256525
0.174024
0.039124
0.12475
0.236764
0.199465
0.15622
0.256525
0.256525
0.252412
0.124956
0.07586
0.00275019
0.0137178
0.210204
0.256525
0.240049
0.105469
0.0512187
0.00501535
0.00367127
0.00332518
0.0265336
0.149494
0.165085
0.256525
0.186145
0.0700705
0.0111875
0.00789299
0.133812
0.232814
0.153121
0.151086
0.243658
0.243658
0.243658
0.187314
0.063401
0.142647
0.18539
0.138298
0.135858
0.243658
0.243658
0.243658
0.164536
0.0703309
0.00431686
0.0294019
0.132225
0.182431
0.243658
0.18876
0.083963
0.0102868
0.00616065
0.0158004
0.0260407
0.152475
0.225267
0.243658
0.243658
0.116719
0.0270496
0.0110178
0.109359
0.164347
0.136175
0.103389
0.259451
0.226254
0.298019
0.125812
0.0468345
0.298019
0.0897009
0.212097
0.134556
0.137718
0.0553261
0.139707
0.109314
0.298019
0.016666
0.0241581
0.122694
0.164021
0.259511
0.207814
0.099009
0.0209127
0.00723001
0.298019
0.0152849
0.118211
0.0815295
0.141052
0.107147
0.082241
0.0626487
0.298019
0.187794
0.171459
0.199252
0.245866
0.245866
0.195528
0.171004
0.163586
0.183516
0.158804
0.0925839
0.168887
0.245866
0.245866
0.188254
0.122478
0.114966
0.104626
0.245866
0.140465
0.0388213
0.0393885
0.0714757
0.0476973
0.0844846
0.119401
0.245866
0.245866
0.194134
0.0272786
0.0708539
0.154229
0.0620101
0.0985349
0.187601
0.200249
0.187475
0.0890258
0.150986
0.266488
0.266488
0.196434
0.114122
0.100526
0.162831
0.0460684
0.0646461
0.143044
0.266488
0.266488
0.140484
0.105307
0.041768
0.0618201
0.263806
0.115436
0.0335022
0.0710266
0.128626
0.0659831
0.0915653
0.167973
0.266488
0.266488
0.197439
0.057768
0.173449
0.226874
0.0964122
0.127277
0.101101
0.224667
0.0491746
0.0880124
0.199311
0.269751
0.269751
0.144062
0.0972068
0.0373858
0.100012
0.0704496
0.104416
0.269751
0.269751
0.269751
0.168362
0.0834166
0.0259783
0.0326885
0.227711
0.145139
0.0666652
0.132649
0.209643
0.101899
0.121917
0.0796558
0.269751
0.126143
0.209544
0.142356
0.193036
0.211901
0.177768
0.148041
0.104317
0.147815
0.0611183
0.103748
0.25731
0.25731
0.25731
0.15557
0.0889295
0.0294496
0.0430089
0.0119578
0.0205915
0.25731
0.25731
0.25731
0.121271
0.063045
0.00977798
0.00767286
0.173074
0.19298
0.117693
0.168524
0.203153
0.147024
0.14616
0.110326
0.252641
0.114664
0.0894679
0.201253
0.25731
0.25731
0.156649
0.106732
0.0880471
0.16299
0.00663474
0.0202645
0.260102
0.260102
0.254937
0.111649
0.0529782
0.00990788
0.00658064
0.00368935
0.01884
0.20752
0.260102
0.260102
0.184026
0.040932
0.0137643
0.00612384
0.194761
0.140407
0.165952
0.260102
0.254639
0.125198
0.0885727
0.0574776
0.211251
0.0844946
0.066625
0.252326
0.260102
0.260102
0.209411
0.0763061
0.0286807
0.138357
0.00267727
0.0153838
0.159379
0.284586
0.284586
0.167658
0.070795
0.00958081
0.00576384
0.00485477
0.0335101
0.125266
0.233254
0.284586
0.284586
0.153245
0.00528966
0.00442358
0.114053
0.093945
0.212772
0.284586
0.284586
0.183427
0.0596348
0.0109204
0.13986
0.0269795
0.0046522
0.17906
0.284586
0.284586
0.183897
0.0802209
0.034173
0.0140723
0.00411097
0.023443
0.093579
0.15701
0.297228
0.293338
0.130109
0.0100843
0.00748892
0.297228
0.0141377
0.121984
0.133395
0.15525
0.135767
0.0974626
0.0610178
0.297228
0.0172275
0.00218003
0.112911
0.297228
0.297228
0.140787
0.0501608
0.0211907
0.0070342
0.297228
0.0227116
0.0755213
0.199385
0.186363
0.184195
0.0603863
0.0410432
0.297228
0.262167
0.198101
0.0579217
0.0620335
0.146057
0.0524352
0.113475
0.14716
0.262167
0.262167
0.262167
0.018904
0.108858
0.255861
0.088776
0.180738
0.262167
0.262167
0.196045
0.0507465
0.0315339
0.0671
0.166119
0.0157575
0.0362248
0.0627445
0.262167
0.204921
0.0664041
0.0336079
0.159857
0.262167
0.0155393
0.0247978
0.0757567
0.259975
0.251363
0.124225
0.023024
0.0811916
0.204309
0.0776573
0.13972
0.200327
0.251363
0.251363
0.251363
0.042005
0.204307
0.251363
0.123191
0.170887
0.154838
0.251363
0.167506
0.0365719
0.0266523
0.102525
0.251363
0.0126657
0.0348539
0.0891398
0.251363
0.251363
0.06454
0.0227075
0.101956
0.251363
0.0373727
0.0568978
0.0891206
0.220767
0.247747
0.17238
0.0599867
0.145161
0.247747
0.122411
0.154121
0.125767
0.247747
0.167244
0.240532
0.209595
0.247747
0.247747
0.232551
0.190389
0.119894
0.193676
0.19817
0.0539762
0.020032
0.0502994
0.159164
0.0274533
0.067665
0.112459
0.247747
0.147813
0.0616389
0.0206424
0.0936413
0.247747
0.0383451
0.0453942
0.0866777
0.234785
0.192124
0.199565
0.182842
0.211141
0.243194
0.188543
0.175819
0.124044
0.243194
0.123466
0.0852779
0.243194
0.243194
0.243194
0.17591
0.137937
0.0947659
0.188798
0.213706
0.0740731
0.0158938
0.0596617
0.243194
0.0261694
0.0371976
0.0955737
0.243194
0.178921
0.0448843
0.029932
0.0480035
0.172633
0.0584838
0.126443
0.143296
0.243194
0.188193
0.12332
0.203904
0.265991
0.265991
0.142112
0.112377
0.0680692
0.233388
0.0691646
0.0580644
0.265991
0.265991
0.265991
0.230396
0.104474
0.0594982
0.121656
0.265991
0.100219
0.0387384
0.0631782
0.174267
0.041628
0.0793722
0.112579
0.265991
0.116913
0.112112
0.0518423
0.0879955
0.0947198
0.0847017
0.0937362
0.235363
0.215662
0.0954826
0.0893262
0.199159
0.267218
0.267218
0.166947
0.0643092
0.029929
0.126585
0.0618254
0.0452555
0.178066
0.267218
0.267218
0.1657
0.095381
0.0764953
0.0970434
0.191648
0.157415
0.045043
0.131985
0.208414
0.0469958
0.0420113
0.180009
0.240178
0.228456
0.0734711
0.0324061
0.254445
0.267218
0.129729
0.0836955
0.10395
0.267218
0.0504299
0.0422388
0.103418
0.292372
0.270258
0.107914
0.0498537
0.0462
0.0751901
0.276186
0.0282136
0.0838133
0.244136
0.181904
0.131704
0.0357619
0.0402808
0.292372
0.20465
0.0943549
0.0194349
0.212438
0.292372
0.0553989
0.0391563
0.0724235
0.292372
0.292372
0.127637
0.0432145
0.0860275
0.181672
0.0588581
0.0335355
0.103921
0.292372
0.253496
0.0649613
0.0478694
0.10859
0.276576
0.0200973
0.0503279
0.130595
0.290866
0.221939
0.0766176
0.0419479
0.271729
0.290866
0.01428
0.0388863
0.0973459
0.290866
0.212391
0.0712685
0.0334847
0.0751954
0.139591
0.0371395
0.0326586
0.173298
0.290866
0.255632
0.112745
0.0451531
0.165606
0.290866
0.0214904
0.0214131
0.0681828
0.184386
0.203898
0.0451449
0.0337969
0.156731
0.286434
0.0134882
0.0359751
0.126742
0.286434
0.286434
0.0999665
0.0351368
0.15166
0.286434
0.0545909
0.0721295
0.131417
0.286434
0.185375
0.0669123
0.0310932
0.114512
0.22466
0.0206781
0.0251877
0.120582
0.286434
0.093388
0.0719354
0.0318883
0.286434
0.286434
0.0121879
0.0242503
0.0760774
0.238056
0.260812
0.0712996
0.0326175
0.0699363
0.207032
0.0409598
0.0719534
0.162811
0.276347
0.218363
0.0727466
0.0167876
0.154889
0.276347
0.0424424
0.0738523
0.119018
0.276347
0.131676
0.0560065
0.024409
0.158829
0.276347
0.0109589
0.0410242
0.151591
0.276347
0.234268
0.0681801
0.0137883
0.250286
0.276347
0.0178095
0.060787
0.118386
0.276347
0.254067
0.076537
0.0180629
0.102726
0.275517
0.0297512
0.0614525
0.139537
0.275517
0.228522
0.0463552
0.0416097
0.0851874
0.224663
0.046349
0.141459
0.189133
0.275517
0.275517
0.0635228
0.0105037
0.141944
0.275517
0.0144193
0.0620578
0.155884
0.275517
0.272272
0.0329739
0.00707828
0.0954667
0.210072
0.0237537
0.0380643
0.0909428
0.275517
0.277384
0.11214
0.05655
0.111437
0.269995
0.0355794
0.0912267
0.158893
0.277384
0.163404
0.13492
0.0428844
0.0463468
0.1302
0.127478
0.147645
0.277384
0.277384
0.277384
0.0529039
0.00591482
0.110727
0.277384
0.0191667
0.0236488
0.0750241
0.277384
0.225623
0.08143
0.0091825
0.0339541
0.145994
0.00787781
0.0541057
0.1998
0.277384
0.232011
0.179831
0.0359107
0.100308
0.234159
0.0522924
0.0535195
0.186738
0.259674
0.259674
0.127728
0.0554483
0.259674
0.259674
0.148481
0.114516
0.166317
0.259674
0.21126
0.0638234
0.00562894
0.0987742
0.259674
0.00283535
0.0279427
0.106638
0.259674
0.154757
0.0149926
0.00721331
0.141702
0.259674
0.0156266
0.0356432
0.0402478
0.259674
0.227675
0.127421
0.0265529
0.212635
0.282242
0.0441628
0.0429907
0.0946479
0.308003
0.308003
0.128698
0.0555189
0.120811
0.184199
0.0397738
0.022473
0.107713
0.308003
0.117139
0.0199289
0.00362082
0.123265
0.308003
0.00620631
0.0181724
0.0195324
0.293457
0.308003
0.0775536
0.00505337
0.0537035
0.130912
0.00476411
0.00476527
0.0154117
0.308003
0.263484
0.105252
0.0484205
0.0955656
0.169777
0.0555201
0.0425013
0.250922
0.286739
0.264773
0.135712
0.0561052
0.219663
0.286739
0.0254855
0.0258452
0.085781
0.231631
0.286739
0.109071
0.039652
0.0785584
0.136647
0.0243067
0.0106916
0.131214
0.286739
0.189101
0.130179
0.0191884
0.154566
0.286739
0.0139493
0.022184
0.0947451
0.23481
0.221237
0.0839384
0.0399282
0.153276
0.2888
0.0276782
0.026609
0.166828
0.2888
0.121526
0.0908751
0.0493559
0.2888
0.2888
0.0178567
0.0234899
0.0893845
0.2888
0.192682
0.093692
0.0221975
0.0947277
0.26432
0.0166035
0.0215081
0.0870287
0.2888
0.179043
0.0834287
0.0599756
0.227105
0.2888
0.020569
0.0216032
0.0532169
0.199989
0.147474
0.0610543
0.0324268
0.181704
0.274206
0.0141941
0.0377907
0.176871
0.274206
0.24567
0.0680086
0.0119725
0.274206
0.274206
0.0179557
0.0820569
0.15324
0.274206
0.194863
0.0709193
0.0424798
0.109473
0.237292
0.0171588
0.0170728
0.0532048
0.274206
0.113728
0.034729
0.0149615
0.274206
0.274206
0.00662127
0.0259542
0.0599041
0.274206
0.284872
0.0655299
0.0106985
0.177883
0.284872
0.0153237
0.0855625
0.227272
0.284872
0.254226
0.0423687
0.00762344
0.126964
0.232655
0.0134048
0.0259757
0.128284
0.284872
0.22459
0.0425688
0.012717
0.149837
0.284872
0.00465982
0.0156167
0.0778335
0.284872
0.179664
0.0129105
0.00336512
0.10856
0.205226
0.00573647
0.0181924
0.12133
0.284872
0.296734
0.06593
0.00784152
0.15918
0.296734
0.0109309
0.0153983
0.121152
0.296734
0.240295
0.0807085
0.0092378
0.0505415
0.17627
0.00452955
0.0535327
0.192482
0.296734
0.265385
0.019936
0.00418614
0.158418
0.296734
0.0046538
0.0134699
0.10751
0.296734
0.135392
0.0248893
0.00792358
0.109645
0.23614
0.0103211
0.0120068
0.078787
0.296734
0.262988
0.0757423
0.00672089
0.146923
0.286314
0.00245325
0.0344336
0.113028
0.286314
0.225571
0.0206775
0.0118402
0.192061
0.286314
0.0151041
0.0402018
0.0552354
0.286314
0.131157
0.0300676
0.00593792
0.206543
0.286314
0.00504742
0.00724762
0.0380168
0.286314
0.23161
0.0520264
0.0288392
0.142802
0.286314
0.0106312
0.00960006
0.0189324
0.286314
0.147944
0.0254447
0.00556914
0.141302
0.342897
0.00515455
0.0173666
0.0223434
0.335837
0.342897
0.10349
0.0111331
0.0595201
0.12645
0.00693541
0.00514733
0.0194563
0.342897
0.138277
0.0296192
0.0110735
0.122507
0.25299
0.00265249
0.00294536
0.00831059
0.237508
0.342897
0.0318653
0.00161201
0.112932
0.235986
0.00142306
0.000812058
0.00722397
0.342897
0.284724
0.142133
0.0418653
0.0776315
0.139198
0.0329753
0.0148392
0.134105
0.284724
0.17771
0.137851
0.0234277
0.143271
0.284724
0.0167152
0.0353786
0.079751
0.2336
0.239819
0.138021
0.0324241
0.102543
0.252611
0.0211443
0.0495526
0.229313
0.284724
0.210202
0.0705154
0.033729
0.191456
0.284724
0.01097
0.0607819
0.120957
0.284724
0.196539
0.0907799
0.0220156
0.0933455
0.281266
0.0213301
0.0343215
0.0835726
0.282474
0.171354
0.0825551
0.0606294
0.245375
0.282474
0.0276143
0.0317104
0.0482268
0.214965
0.282474
0.0407082
0.0331874
0.118023
0.252243
0.0116854
0.0521409
0.0899357
0.282474
0.273576
0.0693859
0.0310501
0.213237
0.282474
0.0100744
0.0452002
0.144219
0.258045
0.199678
0.0742673
0.0449678
0.128764
0.27125
0.0243668
0.0246671
0.0639336
0.277253
0.173875
0.0350444
0.0144629
0.277253
0.277253
0.00761091
0.0371234
0.073143
0.277253
0.277253
0.0641435
0.0279188
0.106684
0.268536
0.00846225
0.0373627
0.157692
0.277253
0.207092
0.0276984
0.00475205
0.176465
0.277253
0.00442828
0.0422132
0.11134
0.277253
0.258931
0.0497429
0.014976
0.176992
0.299726
0.00626537
0.0253366
0.128608
0.299726
0.187518
0.0273146
0.00757447
0.128973
0.23952
0.00423745
0.0203851
0.186428
0.299726
0.221252
0.0316115
0.00436112
0.126257
0.299726
0.00621332
0.0475071
0.16672
0.299726
0.180265
0.0523827
0.0252735
0.0937336
0.231645
0.0226044
0.0121586
0.0504965
0.299726
0.220513
0.033297
0.00914686
0.185286
0.289291
0.00315816
0.0128768
0.163682
0.289291
0.142983
0.0229008
0.00653061
0.126013
0.285751
0.00852506
0.0113254
0.0848718
0.289291
0.217443
0.0402494
0.0153213
0.158415
0.289291
0.0140974
0.0515666
0.065373
0.289291
0.133043
0.0155
0.00935152
0.133285
0.289291
0.00550356
0.172709
0.173483
0.289291
0.135404
0.0273803
0.00732578
0.234935
0.288652
0.00447709
0.00701674
0.0385452
0.288652
0.251627
0.0535337
0.0349039
0.153045
0.288652
0.0114453
0.00715386
0.0246033
0.288652
0.161601
0.0158383
0.00509336
0.224183
0.288652
0.00159468
0.148758
0.121762
0.288652
0.203772
0.0395823
0.0122117
0.112055
0.277273
0.00053097
0.010816
0.0535032
0.288652
0.152957
0.0324665
0.0141142
0.133242
0.296301
0.00297902
0.00172118
0.0108555
0.281112
0.360598
0.0520788
0.00206524
0.123103
0.236868
0.00181071
0.000695654
0.00760852
0.360598
0.125622
0.0364277
0.0103019
0.103483
0.244011
0.000103936
0.00562509
0.0200603
0.255614
0.360598
0.115821
0.0359382
0.0696747
0.152886
3.46452e-05
0.00373113
0.017374
0.360598
0.224471
0.14153
0.0320638
0.0925418
0.242577
0.020534
0.0358951
0.200454
0.276234
0.203823
0.0724547
0.0367833
0.171431
0.276234
0.00882897
0.052528
0.0892113
0.276234
0.201262
0.0353532
0.0230733
0.158451
0.276234
0.0122657
0.0473728
0.0982107
0.276234
0.159809
0.0625755
0.0262803
0.276234
0.276234
0.0217958
0.0405515
0.0937166
0.276234
0.274332
0.0390708
0.0314838
0.112178
0.252427
0.00929737
0.0449122
0.081672
0.276624
0.231875
0.0689415
0.0285939
0.202389
0.276624
0.0185744
0.0539079
0.115584
0.247732
0.24811
0.0558986
0.0268949
0.164935
0.276624
0.0256818
0.041742
0.114918
0.276624
0.201444
0.116385
0.0124183
0.174842
0.276624
0.0202159
0.0124585
0.0781709
0.276624
0.258899
0.0662076
0.0269168
0.118463
0.273252
0.015282
0.0420149
0.155526
0.273252
0.273252
0.0426433
0.0063998
0.156667
0.273252
0.00503499
0.0335381
0.10676
0.273252
0.21592
0.0816436
0.0123958
0.100651
0.26055
0.0144592
0.0112636
0.145504
0.273252
0.200884
0.0594198
0.00350671
0.197063
0.273252
0.00551937
0.0209113
0.123265
0.273252
0.279276
0.0486516
0.00735707
0.123052
0.279276
0.00545409
0.0341693
0.168319
0.279276
0.257151
0.0665138
0.0359479
0.0955902
0.209445
0.0180498
0.0121945
0.063469
0.279276
0.260614
0.0667313
0.00540871
0.108572
0.274329
0.0039091
0.0264014
0.185293
0.279276
0.272005
0.0720208
0.0205252
0.112724
0.252353
0.0223627
0.0207214
0.0646584
0.279276
0.275254
0.0592948
0.0263701
0.168972
0.282059
0.0116627
0.0471213
0.0766181
0.282059
0.146386
0.028853
0.0112431
0.129383
0.282059
0.00546772
0.173784
0.203207
0.282059
0.282059
0.0678592
0.0162247
0.109331
0.243152
0.0148316
0.0363952
0.0554992
0.282059
0.248467
0.0418259
0.0114064
0.0879994
0.220145
0.020417
0.0616951
0.105258
0.282059
0.149165
0.0231144
0.0071014
0.206799
0.280984
0.00159079
0.125543
0.122073
0.280984
0.199853
0.0381949
0.0131511
0.116539
0.280984
0.000166981
0.0131458
0.0636321
0.280984
0.276492
0.0305451
0.00670877
0.175852
0.280984
0.00519806
0.0496451
0.0495808
0.280984
0.280984
0.0410667
0.0172221
0.126642
0.280984
0.00414419
0.00842681
0.0487892
0.280984
0.119621
0.0364602
0.0125683
0.110731
0.26659
0.000216446
0.00535671
0.0235595
0.274577
0.355381
0.123873
0.0432178
0.078401
0.172387
0.000216446
0.0028031
0.0144893
0.355381
0.213053
0.0317318
0.00976836
0.131044
0.297977
0.00145709
0.00256972
0.0108116
0.260078
0.355381
0.0673091
0.0235802
0.082419
0.184789
0.0060846
0.00392935
0.0108402
0.355381
0.192558
0.0288425
0.015424
0.14534
0.285488
0.0160569
0.0349065
0.100103
0.285488
0.160226
0.0626257
0.0280807
0.262757
0.285488
0.0172296
0.0271355
0.0701063
0.285488
0.269045
0.0161035
0.00753104
0.159058
0.285488
0.0108577
0.02747
0.104837
0.285488
0.133705
0.0513714
0.0138092
0.270094
0.285488
0.0153564
0.0378009
0.0671477
0.208897
0.272628
0.0614466
0.0321078
0.164876
0.272628
0.0227943
0.0328878
0.0954066
0.272628
0.225123
0.105163
0.0139987
0.170391
0.272628
0.0252285
0.0212952
0.0599094
0.272628
0.272628
0.054267
0.0235537
0.151216
0.272628
0.017965
0.0387658
0.0720367
0.272628
0.189051
0.0830413
0.0204176
0.236311
0.272628
0.0126346
0.0146887
0.0388282
0.242002
0.243619
0.0744319
0.013703
0.101532
0.258444
0.0172448
0.0158175
0.120599
0.266497
0.266497
0.0662893
0.0108543
0.172091
0.266497
0.00753578
0.0138012
0.114011
0.266497
0.266497
0.0603906
0.0251789
0.122498
0.266497
0.0188705
0.0224551
0.0445741
0.266497
0.239491
0.0655553
0.0409075
0.248545
0.266497
0.0611775
0.0526995
0.0491439
0.266497
0.279086
0.0731819
0.014189
0.0919304
0.233801
0.00397678
0.014195
0.160669
0.279086
0.268073
0.0789253
0.0328952
0.099623
0.246016
0.025754
0.0225401
0.066595
0.279086
0.279086
0.0508897
0.0388548
0.140436
0.231253
0.0645761
0.0624512
0.066781
0.279086
0.257854
0.0693751
0.0137068
0.170317
0.279086
0.0235834
0.0577518
0.103094
0.279086
0.293138
0.080998
0.0270879
0.092914
0.229439
0.0192842
0.0363672
0.0551404
0.293138
0.260686
0.0498573
0.0104113
0.0680257
0.1806
0.0150458
0.0617792
0.128456
0.293138
0.293138
0.0505838
0.0107361
0.120812
0.293138
0.0166426
0.0405442
0.0963803
0.293138
0.271941
0.0216694
0.0113408
0.0998284
0.269746
0.0104362
0.0140081
0.103851
0.293138
0.274937
0.0348726
0.00501449
0.156639
0.274937
0.00383701
0.0466207
0.0550355
0.274937
0.274937
0.0341422
0.0217722
0.135636
0.274937
0.00252334
0.00540642
0.0545634
0.274937
0.247156
0.0112033
0.00759116
0.202364
0.274937
0.00405874
0.00390681
0.0497919
0.274937
0.228713
0.0158523
0.00859002
0.17398
0.274937
0.00510538
0.0155292
0.0463444
0.274937
0.175834
0.0282047
0.0121663
0.126695
0.28793
0.00134884
0.00128422
0.0111127
0.245509
0.338909
0.0692369
0.029379
0.0701549
0.158279
0.00556647
0.0033056
0.00985874
0.338909
0.134445
0.00914891
0.00355291
0.195751
0.328654
0.0013843
0.00391411
0.00965243
0.26633
0.338909
0.0126684
0.00309314
0.149029
0.235517
0.000241421
0.00334692
0.0130183
0.338909
0.229229
0.0191534
0.0083143
0.15126
0.297127
0.0124888
0.0278749
0.120252
0.297127
0.118297
0.0651002
0.0185724
0.244001
0.297127
0.0162256
0.0292855
0.0621493
0.209483
0.227854
0.0179097
0.00896843
0.171792
0.297127
0.025938
0.0517007
0.0793328
0.297127
0.123406
0.0550316
0.0184792
0.219772
0.297127
0.0241938
0.0361259
0.060229
0.296937
0.266345
0.070216
0.0317253
0.142554
0.26199
0.0211146
0.0358876
0.0700039
0.279405
0.201424
0.0730733
0.0222675
0.247699
0.279405
0.0124814
0.0178388
0.0340578
0.265494
0.250531
0.0736624
0.0410299
0.14461
0.279405
0.0307706
0.0445852
0.0521103
0.279405
0.153165
0.0707576
0.0535905
0.218319
0.279405
0.0215874
0.0104659
0.0568284
0.279405
0.270222
0.0563293
0.0283625
0.13107
0.270222
0.0191742
0.0244759
0.0344753
0.270222
0.270222
0.0872889
0.042565
0.230142
0.270222
0.0495478
0.0413396
0.0435685
0.270222
0.255875
0.0522131
0.0644055
0.135963
0.270222
0.0275615
0.0176173
0.048321
0.270222
0.270222
0.0872181
0.0255612
0.155391
0.270222
0.0348689
0.0331615
0.0320483
0.219189
0.285583
0.0602071
0.0391898
0.114933
0.195765
0.0459272
0.0418215
0.0523993
0.285583
0.205438
0.0633145
0.018795
0.18046
0.285583
0.0287686
0.055028
0.111692
0.285583
0.285583
0.0642759
0.027258
0.0748853
0.18864
0.037348
0.0332475
0.0500059
0.285583
0.250833
0.0302609
0.00449591
0.230628
0.285583
0.000241685
0.0193989
0.142439
0.285583
0.281013
0.0470679
0.0151871
0.113262
0.293655
0.0208355
0.0392113
0.0997706
0.293655
0.267919
0.0178253
0.00967428
0.0892637
0.239656
0.00847097
0.0102705
0.096095
0.293655
0.229361
0.0223594
0.00653446
0.167993
0.293655
2.10255e-05
0.0146631
0.137852
0.293655
0.238064
0.0235136
0.0154641
0.124459
0.228317
0.00614123
0.0179474
0.058236
0.293655
0.282718
0.0125302
0.00705427
0.201458
0.282718
0.00420595
0.00330255
0.0516226
0.282718
0.223247
0.0177319
0.0139014
0.184586
0.282718
0.00318068
0.0112715
0.0509882
0.282718
0.201221
0.0194125
0.0128374
0.232568
0.282718
0.00449509
0.0120612
0.0353604
0.282718
0.150565
0.0306199
0.00868795
0.168279
0.282718
0.0250204
0.0125347
0.0259262
0.282718
0.126151
0.00993797
0.0055306
0.189217
0.313185
0.000704322
0.0027974
0.0105888
0.250243
0.328267
0.0129513
0.00366879
0.141215
0.212375
0.000180024
0.00370642
0.0160142
0.328267
0.0779636
0.00960079
0.00259024
0.183373
0.31259
0.00605288
0.00301683
0.00868017
0.261341
0.328267
0.00254028
0.00120517
0.149815
0.249661
0.00244479
0.00312678
0.00766905
0.328267
0.197673
0.0224276
0.0196953
0.160184
0.291336
0.0218636
0.0542916
0.0836475
0.291336
0.118446
0.0622927
0.0199369
0.205894
0.291336
0.0142734
0.0253402
0.0612813
0.291336
0.241391
0.0420833
0.0459843
0.133568
0.291336
0.0145157
0.0307206
0.0691892
0.291336
0.151129
0.0187068
0.0105558
0.248878
0.291336
0.0109147
0.0211804
0.0888506
0.291336
0.236102
0.0839917
0.0409654
0.140427
0.279028
0.0211646
0.0376924
0.0636074
0.279028
0.185604
0.0654607
0.0539907
0.239705
0.279028
0.0176304
0.0208316
0.0593988
0.279028
0.2414
0.0257084
0.0205431
0.178085
0.279028
0.0178259
0.0385014
0.10564
0.279028
0.109628
0.024437
0.0661032
0.224007
0.279028
0.0204304
0.0431097
0.100923
0.279028
0.269058
0.0489835
0.0643756
0.15962
0.265444
0.0262226
0.0287378
0.0569637
0.269058
0.269058
0.105543
0.0197685
0.172897
0.269058
0.0267492
0.0185491
0.0409114
0.258792
0.206923
0.0310982
0.0808787
0.141516
0.269058
0.0255967
0.0467754
0.0788478
0.269058
0.269058
0.0924517
0.0320317
0.187118
0.269058
0.0134185
0.00937962
0.0763555
0.269058
0.278218
0.0659226
0.0213519
0.0786267
0.182434
0.0275761
0.0163073
0.0544728
0.278218
0.224024
0.0259871
0.00595576
0.250261
0.278218
0.00228776
0.0217376
0.144436
0.278218
0.278218
0.0619055
0.0370592
0.0882142
0.227727
0.0146003
0.00581893
0.0644681
0.278218
0.220628
0.0249278
0.00602688
0.247152
0.278218
0.036084
0.0144913
0.128259
0.278218
0.22362
0.0189541
0.00886151
0.179057
0.292533
0.00209697
0.0185822
0.146146
0.296419
0.249775
0.0200824
0.0160545
0.135554
0.228137
0.00999358
0.0207128
0.0475123
0.296419
0.258099
0.014706
0.00734793
0.166635
0.277543
0.03445
0.0187466
0.124666
0.296419
0.250259
0.0172312
0.0210225
0.139767
0.207911
0.0234552
0.0412362
0.0731795
0.296419
0.227962
0.0226307
0.0135659
0.235513
0.274911
0.00627265
0.0132627
0.0289677
0.274911
0.178066
0.0328974
0.00984978
0.163089
0.274911
0.0201926
0.018575
0.0276705
0.274911
0.274911
0.0317313
0.0154033
0.218384
0.274911
0.0136827
0.0320839
0.0484133
0.274911
0.265646
0.0475718
0.00286187
0.141776
0.272596
0.00931989
0.0147313
0.0718
0.274911
0.0948153
0.0137638
0.00340068
0.186231
0.324558
0.00471782
0.00442157
0.00912224
0.265144
0.331902
0.00443668
0.00122281
0.155421
0.265089
0.00196188
0.00280724
0.00992025
0.331902
0.178565
0.0335315
0.000463015
0.1492
0.282088
0.0019334
0.00355982
0.0189738
0.237286
0.331902
0.0323364
0.000300397
0.106012
0.202148
0.0006691
0.00137636
0.0221919
0.331902
0.209717
0.0351358
0.0462013
0.122107
0.274543
0.024014
0.04303
0.0715881
0.274543
0.213339
0.0215873
0.00809702
0.218944
0.274543
0.00639087
0.0140372
0.0640504
0.274543
0.22754
0.0524116
0.0411936
0.186822
0.274543
0.0160344
0.0172258
0.0785372
0.274543
0.241617
0.0313419
0.0105717
0.256827
0.274543
0.00806381
0.0195061
0.0717713
0.274543
0.274894
0.0327235
0.0171524
0.170633
0.274894
0.013681
0.0336695
0.0942496
0.274894
0.158019
0.0265212
0.0769856
0.23394
0.274894
0.018944
0.049099
0.0926938
0.274894
0.260479
0.0539889
0.0131579
0.195631
0.274894
0.0142082
0.0369279
0.0835386
0.274894
0.112948
0.028447
0.00805185
0.181766
0.274894
0.0127687
0.0590063
0.116001
0.274894
0.227453
0.0330986
0.0909517
0.162084
0.273781
0.026444
0.0559972
0.0858838
0.273781
0.273781
0.0777994
0.0311001
0.234709
0.273781
0.0184183
0.00569224
0.075305
0.273781
0.155018
0.0503961
0.0116712
0.107764
0.273781
0.0191367
0.0608579
0.0872272
0.273781
0.227975
0.0713902
0.0169879
0.220495
0.273781
0.0143601
0.0172942
0.0502862
0.273146
0.271756
0.0533378
0.033933
0.109591
0.242098
0.0191672
0.00252046
0.0621922
0.271756
0.247978
0.0422873
0.00694707
0.240991
0.271756
0.0312443
0.0150401
0.130596
0.271756
0.270249
0.0674367
0.0228621
0.101865
0.263603
0.0155458
0.013384
0.0452072
0.271756
0.200284
0.0612571
0.0283035
0.164739
0.271756
0.00884872
0.0347115
0.176052
0.271756
0.281324
0.0267223
0.00976385
0.170101
0.263037
0.0318646
0.0176288
0.133346
0.288624
0.280317
0.0185783
0.0245328
0.152114
0.208665
0.023754
0.0388953
0.0635547
0.288624
0.272742
0.0369278
0.0311459
0.116199
0.288624
0.0102002
0.0372431
0.170763
0.288624
0.202566
0.0152655
0.00274384
0.0955534
0.236657
0.0202373
0.0525297
0.0593668
0.288624
0.272964
0.0332584
0.019628
0.236503
0.272964
0.0137932
0.0279246
0.0423947
0.272964
0.272964
0.0452434
0.00465306
0.139303
0.272964
0.00884151
0.0283306
0.0739119
0.272964
0.240056
0.00507594
0.00116351
0.19555
0.272964
0.0129394
0.0321107
0.0295365
0.272964
0.188502
0.0139105
0.00234606
0.153034
0.272964
0.0273863
0.0295242
0.0903153
0.272964
0.196001
0.0348074
0.000796659
0.153586
0.308216
0.00203373
0.00711001
0.0202099
0.253138
0.34221
0.0368711
0.00573595
0.114695
0.213602
0.0136561
0.00174254
0.022062
0.34221
0.14291
0.0145167
0.00368732
0.153502
0.29093
0.00803019
0.00741513
0.0275746
0.198792
0.34221
0.0468762
0.0460644
0.115961
0.235873
0.0619973
0.00914696
0.037211
0.34221
