0.0606164
0.138812
0.233755
0.210075
0.207509
0.203271
0.208649
0.179415
0.0737764
0.0259385
0.0822424
0.233755
0.233755
0.233755
0.145995
0.123253
0.118744
0.129441
0.0675622
0.151773
0.0908061
0.176489
0.233755
0.233755
0.165149
0.233755
0.143913
0.0828236
0.148473
0.14048
0.169019
0.233755
0.173484
0.113894
0.0961273
0.10468
0.028051
0.0858657
0.226855
0.226855
0.226855
0.143995
0.0940808
0.0911484
0.119643
0.17837
0.195326
0.204908
0.125165
0.226855
0.183361
0.226855
0.158785
0.106568
0.0618777
0.102574
0.0974111
0.142278
0.218265
0.21873
0.118921
0.123474
0.134946
0.215342
0.147595
0.162195
0.226855
0.226855
0.204476
0.066935
0.212439
0.0923575
0.168777
0.17054
0.214102
0.126809
0.214102
0.160866
0.173835
0.125827
0.0998998
0.0979387
0.154267
0.103752
0.152511
0.214102
0.214102
0.150478
0.160156
0.0843369
0.156636
0.140578
0.130386
0.214102
0.214102
0.211429
0.0753236
0.212271
0.133662
0.0932304
0.206175
0.124663
0.193871
0.214102
0.214102
0.13141
0.196542
0.141715
0.155486
0.192819
0.134709
0.204774
0.225931
0.222955
0.135523
0.159205
0.1051
0.0344225
0.118092
0.0956376
0.167253
0.225931
0.105284
0.213632
0.144179
0.0559183
0.0918554
0.225931
0.120766
0.225931
0.225931
0.225931
0.157611
0.225931
0.206942
0.00932833
0.121768
0.110078
0.225931
0.225931
0.0946759
0.134391
0.0960073
0.166866
0.0700774
0.141666
0.0978959
0.194748
0.226896
0.10906
0.172024
0.14032
0.0817095
0.078998
0.152561
0.169697
0.226896
0.226896
0.192399
0.114178
0.142638
0.159531
0.0320185
0.158657
0.11119
0.226896
0.226896
0.113717
0.143025
0.0869711
0.175959
0.0962091
0.14594
0.166804
0.204935
0.216849
0.226896
0.226896
0.226896
0.18912
0.0897183
0.155447
0.126552
0.209179
0.209179
0.157982
0.125438
0.140854
0.148947
0.0989698
0.139246
0.0797106
0.122971
0.208356
0.135568
0.209179
0.124351
0.156531
0.130299
0.18556
0.196609
0.209179
0.209179
0.205993
0.209179
0.167638
0.128866
0.162855
0.209179
0.207975
0.209179
0.164481
0.110037
0.194019
0.156245
0.135605
0.109218
0.132752
0.081316
0.120789
0.211346
0.130964
0.214405
0.118826
0.162894
0.0761306
0.105633
0.110386
0.168542
0.209119
0.155181
0.155814
0.157943
0.154263
0.164754
0.214405
0.214405
0.214405
0.17189
0.12437
0.134025
0.120515
0.145164
0.151207
0.214405
0.153011
0.137878
0.214405
0.214405
0.214405
0.214405
0.208962
0.0955889
0.181584
0.0625134
0.142196
0.221758
0.221758
0.175217
0.218108
0.17064
0.0752396
0.180386
0.144035
0.148302
0.221758
0.19532
0.0906602
0.141716
0.117081
0.112865
0.0808372
0.221758
0.214701
0.221758
0.137308
0.0887185
0.182336
0.174209
0.113203
0.176446
0.165215
0.149094
0.221758
0.206927
0.14642
0.221758
0.0872698
0.0711812
0.145193
0.112659
0.130541
0.214265
0.214265
0.0996656
0.139047
0.13879
0.214265
0.186681
0.136986
0.214265
0.214265
0.213269
0.0794256
0.208959
0.108764
0.101515
0.189409
0.161715
0.141521
0.214265
0.214265
0.17695
0.201443
0.0771148
0.137211
0.146898
0.130343
0.158241
0.214265
0.20005
0.183059
0.149498
0.137477
0.156499
0.158495
0.106583
0.179085
0.210903
0.210903
0.0773427
0.178191
0.130321
0.0908931
0.210903
0.167241
0.210903
0.210903
0.210903
0.170517
0.20955
0.159569
0.149256
0.166361
0.130967
0.122939
0.210903
0.207016
0.150035
0.107529
0.101025
0.158305
0.163008
0.0916996
0.151869
0.210903
0.210903
0.210903
0.103939
0.0974343
0.0787216
0.217796
0.159905
0.217796
0.217796
0.217796
0.172088
0.197626
0.192032
0.040622
0.0940981
0.109987
0.188134
0.19281
0.110661
0.147527
0.126963
0.13763
0.206772
0.194223
0.1316
0.144107
0.217796
0.217796
0.211966
0.107038
0.106519
0.145285
0.14605
0.134569
0.145947
0.217796
0.132535
0.176272
0.165479
0.149109
0.0447719
0.1188
0.0983448
0.204974
0.213718
0.12131
0.127559
0.0948128
0.13257
0.0701504
0.111377
0.152268
0.193043
0.154474
0.213718
0.213718
0.208614
0.148113
0.145785
0.168473
0.145757
0.163999
0.213718
0.136443
0.148588
0.130726
0.11243
0.169167
0.171777
0.204293
0.213718
0.213718
0.199864
0.192784
0.206511
0.213718
0.104595
0.147485
0.162183
0.188679
0.173433
0.193615
0.179736
0.138291
0.0971458
0.142738
0.205285
0.171298
0.214273
0.177395
0.0849608
0.102368
0.15555
0.114353
0.146048
0.150408
0.190585
0.214273
0.214273
0.201828
0.172685
0.196442
0.214273
0.0688986
0.169689
0.214273
0.214273
0.195076
0.10183
0.0783699
0.142193
0.159537
0.163587
0.190541
0.171759
0.215605
0.199279
0.12102
0.108115
0.126681
0.112946
0.121051
0.215605
0.162827
0.134238
0.215605
0.215605
0.215605
0.198133
0.207417
0.0696667
0.133152
0.191249
0.215605
0.215605
0.138425
0.0990389
0.163489
0.178974
0.0925773
0.135574
0.147863
0.118666
0.215605
0.215605
0.10387
0.0796593
0.160709
0.139539
0.105304
0.191276
0.204236
0.225253
0.170118
0.094015
0.17106
0.19543
0.0942778
0.187174
0.177056
0.170811
0.225253
0.225253
0.127214
0.225253
0.113413
0.0983209
0.179822
0.145587
0.225253
0.200893
0.0626047
0.128261
0.116629
0.131879
0.0682413
0.165836
0.107586
0.225253
0.225253
0.225253
0.0772247
0.192342
0.0699237
0.084778
0.193884
0.17306
0.165092
0.216888
0.216888
0.148233
0.216888
0.0841293
0.128612
0.172506
0.12793
0.140882
0.216888
0.216888
0.186432
0.136448
0.144675
0.0645825
0.188096
0.0980247
0.216888
0.216888
0.207501
0.132632
0.143549
0.0633383
0.122856
0.16321
0.153266
0.216888
0.198069
0.143264
0.216888
0.163762
0.0506187
0.157484
0.19991
0.140428
0.127571
0.216323
0.216323
0.181539
0.106429
0.103246
0.152648
0.216323
0.152036
0.187764
0.191449
0.216323
0.216323
0.144869
0.0996596
0.112798
0.201587
0.113647
0.183806
0.145512
0.0977384
0.216323
0.143128
0.0572903
0.161078
0.171476
0.149242
0.146714
0.192817
0.174419
0.207836
0.216323
0.0546377
0.16507
0.207625
0.166137
0.154383
0.204796
0.207625
0.207625
0.119461
0.0826219
0.146734
0.138724
0.159998
0.150318
0.207625
0.175535
0.207625
0.19167
0.121233
0.13458
0.177623
0.175554
0.152015
0.147756
0.14991
0.187676
0.169544
0.0555094
0.150375
0.144983
0.207625
0.176475
0.169664
0.1765
0.207625
0.104109
0.157506
0.127018
0.144642
0.166003
0.168487
0.210356
0.167251
0.162038
0.146112
0.1035
0.109999
0.178885
0.210356
0.210356
0.210356
0.173734
0.174181
0.183358
0.210356
0.110247
0.119934
0.210356
0.210356
0.164822
0.184241
0.176477
0.0884335
0.113361
0.137339
0.210356
0.156011
0.203977
0.210356
0.117787
0.153688
0.104523
0.107376
0.102052
0.162468
0.21513
0.21513
0.21513
0.200683
0.173415
0.189215
0.21513
0.0551989
0.177944
0.21513
0.21513
0.21513
0.133971
0.0933481
0.159181
0.15924
0.0950492
0.155887
0.144101
0.21513
0.21513
0.147891
0.148717
0.158922
0.144339
0.0422931
0.0828369
0.152504
0.130533
0.124968
0.101151
0.157138
0.196203
0.21513
0.0798948
0.160184
0.189187
0.225077
0.225077
0.201542
0.162398
0.213803
0.202099
0.0902506
0.127105
0.223755
0.159057
0.225077
0.225077
0.132912
0.0826099
0.186202
0.0330328
0.0910551
0.177268
0.157838
0.133805
0.144918
0.199614
0.225077
0.225077
0.0305425
0.112563
0.107889
0.186279
0.225077
0.189878
0.115719
0.0881172
0.059604
0.0973926
0.18262
0.114422
0.211845
0.210563
0.0990128
0.11196
0.109376
0.13205
0.0609179
0.143662
0.0922801
0.211845
0.211845
0.192277
0.0900012
0.192399
0.109727
0.157865
0.205548
0.19875
0.211845
0.177946
0.211845
0.190584
0.156632
0.173483
0.0954861
0.19121
0.0703624
0.190826
0.211845
0.184365
0.192245
0.211845
0.139897
0.0681636
0.181117
0.0870393
0.215867
0.215867
0.172397
0.142444
0.18399
0.107528
0.141615
0.15236
0.149131
0.215867
0.211653
0.130122
0.215867
0.14553
0.0697809
0.171305
0.215867
0.0764959
0.189691
0.215867
0.16156
0.18714
0.215867
0.170633
0.125159
0.136003
0.184589
0.132365
0.215867
0.176629
0.185924
0.0942662
0.10794
0.143219
0.203208
0.119566
0.215796
0.180423
0.126361
0.215796
0.138369
0.0679997
0.177116
0.20271
0.143951
0.17583
0.215796
0.191361
0.215796
0.215796
0.0631567
0.155151
0.151704
0.168867
0.134685
0.215796
0.13953
0.188393
0.0953354
0.121001
0.181768
0.150226
0.148617
0.100092
0.215796
0.181642
0.166099
0.148368
0.134851
0.150784
0.201181
0.156205
0.158623
0.190298
0.165333
0.216011
0.191116
0.057322
0.146956
0.163412
0.216213
0.216213
0.200726
0.207856
0.216213
0.12109
0.138385
0.145241
0.15096
0.122934
0.0910905
0.216213
0.145885
0.153958
0.151784
0.115882
0.155364
0.134952
0.216213
0.216213
0.216213
0.103518
0.14368
0.123583
0.0814536
0.118258
0.133536
0.215879
0.215879
0.17843
0.206751
0.187487
0.115413
0.13482
0.109195
0.215879
0.215879
0.215879
0.215879
0.142638
0.168855
0.120744
0.129875
0.125926
0.134265
0.180217
0.215879
0.211228
0.113429
0.166387
0.156868
0.0936379
0.109616
0.0917845
0.145777
0.215879
0.215879
0.215841
0.111429
0.138259
0.102836
0.0828797
0.203583
0.210107
0.210107
0.210107
0.169563
0.18966
0.192444
0.186407
0.046726
0.126778
0.142988
0.112331
0.165242
0.151216
0.210107
0.210107
0.210107
0.116175
0.0915047
0.135701
0.192018
0.210107
0.210107
0.14748
0.164219
0.14159
0.0465301
0.117343
0.112397
0.208369
0.210107
0.210107
0.173331
0.129345
0.0869402
0.0404305
0.126642
0.160621
0.160927
0.182213
0.204834
0.217144
0.217144
0.217144
0.0512963
0.108338
0.143592
0.214087
0.217144
0.180271
0.198623
0.122973
0.0863223
0.0637055
0.150201
0.149825
0.202897
0.217144
0.203298
0.164217
0.1518
0.138205
0.0987918
0.161759
0.14187
0.20337
0.217144
0.17874
0.212552
0.126447
0.0775614
0.148424
0.172256
0.187375
0.212602
0.201903
0.212602
0.165055
0.131108
0.155361
0.085923
0.154905
0.0889547
0.187652
0.212602
0.142813
0.212602
0.212602
0.147134
0.118208
0.150159
0.0737388
0.153598
0.212602
0.125549
0.105603
0.212602
0.176333
0.0625945
0.0972767
0.184203
0.212602
0.212602
0.127131
0.212602
0.196921
0.097462
0.143968
0.184139
0.0808072
0.172084
0.211043
0.144182
0.199187
0.211043
0.160494
0.125852
0.111366
0.163879
0.130451
0.211043
0.105453
0.130895
0.0923594
0.115257
0.088832
0.136132
0.175661
0.200085
0.211043
0.143774
0.211043
0.165599
0.0956175
0.182173
0.211043
0.174793
0.200665
0.211043
0.211043
0.211043
0.156721
0.129795
0.15512
0.127716
0.149266
0.132525
0.212535
0.126755
0.124066
0.0939051
0.11705
0.151911
0.118174
0.140221
0.104028
0.212535
0.191708
0.138581
0.145074
0.153124
0.212535
0.212535
0.181527
0.161052
0.212535
0.212535
0.212535
0.139402
0.157363
0.14527
0.125248
0.191874
0.132452
0.157065
0.164971
0.212535
0.212535
0.212535
0.152326
0.14342
0.118749
0.0899348
0.216869
0.197958
0.145287
0.15305
0.123274
0.151865
0.134571
0.215736
0.216869
0.216869
0.11838
0.144508
0.13045
0.0880488
0.184303
0.172617
0.201439
0.0995956
0.145701
0.170384
0.205171
0.168824
0.216869
0.132279
0.216869
0.181074
0.129174
0.173001
0.0821797
0.180169
0.216869
0.185245
0.169247
0.175324
0.185479
0.213959
0.213959
0.134565
0.208707
0.180189
0.123983
0.117295
0.121724
0.193848
0.213959
0.213959
0.213959
0.125423
0.156559
0.147004
0.159016
0.213959
0.17867
0.134284
0.202046
0.115487
0.144949
0.213959
0.164879
0.089282
0.213941
0.0805015
0.153647
0.185761
0.126449
0.146067
0.105546
0.0620978
0.130942
0.128567
0.173652
0.178199
0.214887
0.213139
0.155451
0.181466
0.181313
0.0693848
0.166672
0.124516
0.214887
0.214887
0.214887
0.211397
0.155882
0.0814295
0.149677
0.214887
0.0807046
0.175639
0.18988
0.134356
0.111248
0.0669036
0.0589147
0.174383
0.142202
0.0763166
0.214887
0.214887
0.207814
0.168726
0.214887
0.116552
0.0586726
0.15954
0.139582
0.187398
0.219738
0.191635
0.148128
0.133529
0.0878711
0.0860364
0.140943
0.106453
0.181448
0.191273
0.169317
0.219738
0.127443
0.0889734
0.16385
0.176939
0.101782
0.219738
0.219738
0.181925
0.145094
0.219738
0.152405
0.0942247
0.219738
0.219738
0.219738
0.219738
0.119002
0.0983816
0.187044
0.152292
0.165692
0.143479
0.0886727
0.22007
0.22007
0.147878
0.138985
0.22007
0.181479
0.0579127
0.0882545
0.22007
0.22007
0.22007
0.155139
0.22007
0.22007
0.110095
0.217822
0.145781
0.212512
0.147621
0.169559
0.103139
0.22007
0.187353
0.212628
0.0748888
0.101958
0.0762277
0.134506
0.22007
0.0926492
0.107413
0.125767
0.0845062
0.0861244
0.129829
0.205129
0.22288
0.22288
0.173618
0.22288
0.177908
0.100888
0.176453
0.218404
0.189262
0.218819
0.22288
0.171534
0.222301
0.171911
0.116626
0.0719578
0.0968368
0.074231
0.115917
0.185333
0.1039
0.144334
0.134881
0.0665764
0.169629
0.22288
0.076763
0.188287
0.22288
0.150829
0.22288
0.0902536
0.0793525
0.199156
0.212941
0.160875
0.148717
0.189319
0.168407
0.172647
0.137929
0.137082
0.111918
0.113547
0.193491
0.142387
0.156846
0.144451
0.190935
0.210349
0.212941
0.131628
0.200245
0.0624505
0.153596
0.212941
0.130526
0.165011
0.145682
0.113797
0.144385
0.176802
0.147415
0.212941
0.212941
0.101187
0.203834
0.150481
0.181303
0.138207
0.156444
0.209783
0.116354
0.150728
0.180262
0.18021
0.172671
0.209783
0.121416
0.209783
0.151204
0.0959908
0.171717
0.103576
0.1941
0.209783
0.193114
0.123868
0.158531
0.135112
0.209783
0.209783
0.113539
0.171612
0.185975
0.194059
0.126672
0.209783
0.116468
0.129099
0.209783
0.141776
0.117078
0.117891
0.209783
0.154857
0.221625
0.174226
0.120505
0.221625
0.141063
0.172607
0.191996
0.178898
0.0931958
0.215446
0.0995111
0.142219
0.221625
0.141455
0.155057
0.106411
0.0680689
0.136473
0.221625
0.109576
0.145582
0.221625
0.18829
0.147668
0.107491
0.221625
0.142897
0.183794
0.182069
0.200964
0.221625
0.221625
0.120742
0.0660044
0.0842138
0.128717
0.210733
0.106847
0.165177
0.227572
0.125324
0.100408
0.0607423
0.050017
0.126399
0.120016
0.109317
0.208397
0.227572
0.206233
0.181942
0.227572
0.136237
0.131778
0.166962
0.142047
0.179759
0.227572
0.227572
0.159319
0.0525925
0.0633809
0.156302
0.156938
0.132642
0.163073
0.227572
0.227572
0.227572
0.163947
0.155088
0.113441
0.157038
0.131362
0.218056
0.218753
0.1578
0.142085
0.218753
0.133663
0.079121
0.218753
0.218753
0.218753
0.218753
0.120762
0.105327
0.175284
0.152711
0.106255
0.13631
0.102637
0.148865
0.218753
0.218753
0.218753
0.131729
0.12466
0.0511927
0.177977
0.19644
0.177954
0.175852
0.129642
0.14225
0.167844
0.148002
0.212354
0.126886
0.199463
0.200237
0.225808
0.172005
0.225808
0.181752
0.222451
0.0632749
0.0844682
0.0761921
0.143493
0.225808
0.112352
0.0871622
0.105458
0.112165
0.0698436
0.0828139
0.148654
0.223097
0.225808
0.225808
0.214397
0.156657
0.15182
0.0659949
0.117352
0.115446
0.225808
0.225808
0.176291
0.112638
0.205419
0.117721
0.0709033
0.106288
0.0800772
0.131023
0.23239
0.127425
0.120192
0.131865
0.104289
0.161853
0.23239
0.0856516
0.191911
0.23239
0.173399
0.192007
0.0714941
0.082287
0.0883265
0.171336
0.153471
0.224435
0.23239
0.212152
0.158194
0.204008
0.127934
0.178861
0.23239
0.156585
0.225683
0.23239
0.112212
0.193005
0.101876
0.145504
0.12275
0.191359
0.0663317
0.145901
0.218006
0.130996
0.133647
0.121288
0.105801
0.144425
0.179017
0.139298
0.218006
0.218006
0.0957796
0.19931
0.177333
0.157975
0.14859
0.173643
0.11633
0.170231
0.218006
0.13236
0.139308
0.145852
0.150725
0.193732
0.218006
0.0780925
0.148333
0.218006
0.211048
0.188743
0.218006
0.173049
0.11057
0.149724
0.122101
0.194404
0.214734
0.113945
0.178074
0.204324
0.173695
0.144332
0.188904
0.106676
0.105575
0.214734
0.151462
0.113782
0.100744
0.214734
0.192539
0.214734
0.0845986
0.191451
0.214734
0.209423
0.167406
0.214734
0.202095
0.132356
0.191058
0.0992192
0.161185
0.178058
0.0943689
0.153613
0.141102
0.163489
0.131669
0.192762
0.0982299
0.1123
0.220518
0.183524
0.130703
0.0864039
0.216399
0.111721
0.152104
0.1814
0.193594
0.220518
0.220518
0.122295
0.0954496
0.101396
0.165838
0.220518
0.120282
0.186147
0.220518
0.0987515
0.136135
0.137219
0.163252
0.0544299
0.155669
0.142184
0.116126
0.220518
0.220518
0.210887
0.220518
0.18181
0.108554
0.164461
0.162012
0.182816
0.222374
0.222374
0.142994
0.0802211
0.0652257
0.107918
0.134927
0.133515
0.164692
0.222374
0.222374
0.222374
0.174385
0.168349
0.0818363
0.177199
0.151398
0.0972981
0.222374
0.222374
0.142152
0.166399
0.121199
0.128678
0.222374
0.222374
0.141768
0.181483
0.194466
0.0846429
0.158962
0.137274
0.0953593
0.144607
0.12936
0.17022
0.2124
0.2124
0.2124
0.15537
0.143705
0.0772523
0.2124
0.173348
0.201746
0.179253
0.136115
0.13902
0.196819
0.164734
0.146665
0.2124
0.2124
0.136964
0.191793
0.170427
0.0622596
0.113786
0.130819
0.126793
0.2124
0.2124
0.158638
0.123276
0.0688673
0.148863
0.2124
0.193687
0.065853
0.112791
0.145755
0.224218
0.224218
0.224218
0.197515
0.172594
0.180067
0.0681288
0.119785
0.118611
0.223814
0.224218
0.167377
0.105201
0.182238
0.149358
0.055521
0.160441
0.125997
0.174151
0.224218
0.112079
0.154711
0.183703
0.141354
0.0888788
0.0636819
0.157414
0.223799
0.224218
0.115271
0.221239
0.224218
0.128441
0.0710771
0.152581
0.129465
0.174953
0.222504
0.164769
0.117234
0.16382
0.127954
0.13292
0.222504
0.143783
0.151554
0.222504
0.122248
0.117581
0.0496168
0.0859644
0.0850211
0.0758878
0.191082
0.213158
0.222504
0.116927
0.222504
0.201574
0.114447
0.140613
0.168464
0.222504
0.180348
0.222504
0.222504
0.13317
0.222504
0.184233
0.134493
0.19142
0.123075
0.157118
0.217122
0.125202
0.125188
0.130942
0.110057
0.177497
0.217122
0.0900588
0.14183
0.206253
0.156441
0.194915
0.217122
0.148156
0.114592
0.179771
0.217122
0.174274
0.217122
0.217122
0.113218
0.212576
0.150956
0.0951995
0.164518
0.107344
0.217122
0.151943
0.188312
0.129469
0.178802
0.128849
0.174912
0.211182
0.0942759
0.193788
0.218984
0.159823
0.208048
0.218984
0.193396
0.149726
0.170361
0.11968
0.164143
0.189259
0.111548
0.148613
0.153278
0.147041
0.087934
0.180513
0.119757
0.185971
0.171344
0.169758
0.165262
0.190718
0.157361
0.0513503
0.155315
0.218984
0.218984
0.218984
0.145984
0.0978591
0.122985
0.124726
0.158563
0.1978
0.131511
0.15902
0.205902
0.101919
0.129087
0.138351
0.129652
0.0527445
0.155223
0.156365
0.123898
0.214414
0.214414
0.178339
0.214414
0.181761
0.070478
0.165816
0.214414
0.214414
0.214414
0.116143
0.119049
0.190461
0.144481
0.102485
0.184795
0.214414
0.214414
0.214414
0.146732
0.077652
0.214414
0.0837621
0.0762611
0.188043
0.172815
0.112799
0.216442
0.188957
0.134316
0.202658
0.115521
0.139252
0.210288
0.216442
0.144536
0.192836
0.157283
0.101817
0.13502
0.110686
0.106748
0.181877
0.216442
0.204411
0.216442
0.164049
0.0991932
0.216442
0.0651185
0.0881389
0.216442
0.216442
0.191519
0.216442
0.216442
0.117192
0.10616
0.0497267
0.155036
0.216541
0.216541
0.154216
0.214845
0.119664
0.0828156
0.127786
0.108133
0.15322
0.188433
0.216541
0.183093
0.105992
0.071939
0.15013
0.216541
0.181593
0.0841134
0.216541
0.185257
0.187468
0.216541
0.216541
0.149415
0.118236
0.106624
0.0873318
0.177325
0.216541
0.190848
0.216541
0.132133
0.135502
0.127283
0.136585
0.0852336
0.211718
0.144502
0.180205
0.211718
0.0932101
0.139336
0.211718
0.181154
0.0783321
0.0766196
0.15623
0.211718
0.211718
0.150048
0.197732
0.211718
0.119142
0.101596
0.185995
0.0913461
0.1286
0.211718
0.140864
0.177143
0.211718
0.125997
0.138166
0.126262
0.211718
0.211718
0.191721
0.117268
0.211718
0.211718
0.0768846
0.0761587
0.0931873
0.177751
0.210336
0.210336
0.143418
0.199037
0.190513
0.0979503
0.13141
0.210336
0.210336
0.150433
0.210336
0.210336
0.106834
0.210336
0.197209
0.135487
0.116376
0.183641
0.167462
0.13807
0.111877
0.210336
0.203076
0.0741545
0.184463
0.168808
0.107059
0.122684
0.210336
0.16582
0.141627
0.165952
0.152827
0.112666
0.209806
0.209806
0.15025
0.209806
0.201889
0.120388
0.193608
0.185811
0.10337
0.174846
0.123438
0.209806
0.164149
0.155321
0.150021
0.207658
0.119661
0.155109
0.192296
0.117432
0.112084
0.209806
0.17585
0.155162
0.161485
0.138259
0.155696
0.17246
0.181311
0.209806
0.209806
0.0990989
0.134025
0.194049
0.0441963
0.082517
0.16746
0.118194
0.17815
0.158783
0.142749
0.195978
0.219178
0.154218
0.0548676
0.16507
0.219178
0.219178
0.219178
0.168028
0.113784
0.115851
0.149248
0.115251
0.188691
0.18446
0.198575
0.219178
0.119059
0.133216
0.171323
0.030606
0.0989357
0.104632
0.148239
0.219178
0.219178
0.110564
0.180789
0.219178
0.219178
0.0717435
0.187655
0.215789
0.215789
0.198852
0.121616
0.128373
0.166791
0.153711
0.107836
0.170758
0.215789
0.215789
0.192081
0.172094
0.0683958
0.215789
0.109423
0.109266
0.141029
0.157553
0.211851
0.215789
0.11598
0.151047
0.215789
0.16203
0.0755903
0.0872561
0.165282
0.215789
0.172001
0.0971956
0.200898
0.169251
0.167856
0.122406
0.200501
0.215641
0.215641
0.215641
0.149697
0.106959
0.215641
0.0792238
0.13194
0.215641
0.215641
0.187079
0.215641
0.1904
0.155427
0.108505
0.0660743
0.115631
0.141283
0.186573
0.215641
0.212722
0.103064
0.167967
0.115644
0.089933
0.116113
0.215641
0.145105
0.165651
0.215641
0.140378
0.14088
0.166798
0.0876475
0.102451
0.211322
0.169971
0.163065
0.211322
0.176212
0.192701
0.11223
0.0876969
0.0735344
0.128506
0.211322
0.211322
0.211322
0.104091
0.196877
0.129114
0.133105
0.123964
0.211322
0.135879
0.182481
0.211322
0.129524
0.122733
0.135952
0.0837595
0.209828
0.160302
0.157837
0.211322
0.185636
0.0892149
0.211322
0.211322
0.177633
0.11346
0.211
0.105087
0.152156
0.211
0.145369
0.184734
0.199558
0.12439
0.118711
0.112013
0.165222
0.187858
0.177529
0.175931
0.202253
0.186233
0.0764302
0.0621555
0.163133
0.211
0.122897
0.156563
0.201431
0.211
0.1508
0.115647
0.157093
0.104409
0.184511
0.138233
0.204914
0.194151
0.164099
0.211
0.211
0.123021
0.115656
0.141468
0.153872
0.141058
0.175301
0.209489
0.184471
0.0721559
0.148514
0.183556
0.155087
0.139016
0.209489
0.15802
0.138596
0.128345
0.201758
0.141543
0.148359
0.209489
0.160283
0.209054
0.170734
0.141398
0.183104
0.197263
0.187297
0.160292
0.209489
0.209489
0.209489
0.187164
0.147657
0.129947
0.0813737
0.132696
0.204399
0.154275
0.125723
0.212417
0.150641
0.157765
0.127899
0.172804
0.169091
0.17088
0.212417
0.181867
0.212417
0.105027
0.130953
0.133123
0.0590015
0.166564
0.17656
0.212417
0.196948
0.201204
0.188063
0.154623
0.117005
0.0699101
0.212417
0.212417
0.178235
0.168608
0.182472
0.204482
0.13813
0.109028
0.117964
0.13028
0.190689
0.190069
0.157267
0.213555
0.126926
0.124192
0.117984
0.0538983
0.0930849
0.117518
0.112516
0.213555
0.213555
0.150974
0.177578
0.213555
0.213555
0.213555
0.213555
0.140686
0.134964
0.18006
0.167253
0.140709
0.151044
0.139635
0.164345
0.108785
0.112284
0.185468
0.213555
0.213555
0.159481
0.213555
0.141881
0.09782
0.166546
0.126205
0.210879
0.212494
0.172441
0.158027
0.188622
0.183956
0.0880206
0.0841144
0.185503
0.212494
0.16052
0.120137
0.183037
0.147078
0.195397
0.165507
0.0986451
0.13221
0.174548
0.212494
0.202199
0.155184
0.212494
0.146081
0.101651
0.125689
0.206162
0.153315
0.212494
0.180649
0.136754
0.130752
0.194181
0.12867
0.143092
0.20542
0.217472
0.199651
0.107593
0.154379
0.0978996
0.125688
0.160293
0.217472
0.152408
0.141653
0.203033
0.0933481
0.133508
0.187829
0.168183
0.125989
0.171298
0.190755
0.170117
0.217472
0.154783
0.125053
0.109552
0.17553
0.0969913
0.151986
0.0817562
0.117623
0.217472
0.217472
0.206811
0.217472
0.217472
0.186455
0.214435
0.155857
0.155239
0.198289
0.0930829
0.148251
0.141569
0.143051
0.187844
0.15289
0.186515
0.214435
0.177406
0.0991371
0.214435
0.214435
0.214435
0.138486
0.214435
0.101274
0.148968
0.214435
0.194994
0.168505
0.195793
0.172377
0.165345
0.157307
0.106292
0.0856147
0.212175
0.0625996
0.0892637
0.114619
0.151341
0.0668348
0.14721
0.207356
0.139027
0.168218
0.178892
0.215279
0.133076
0.104077
0.184395
0.0879316
0.14103
0.125964
0.206681
0.166844
0.181012
0.215279
0.215279
0.14185
0.215279
0.156398
0.163608
0.21256
0.203399
0.215279
0.215279
0.14767
0.115107
0.0449654
0.107757
0.130851
0.144968
0.0890168
0.13592
0.215279
0.215279
0.16611
0.115835
0.164429
0.148581
0.199835
0.147015
0.168154
0.158358
0.204326
0.116411
0.138861
0.21513
0.21513
0.21513
0.202395
0.143009
0.135412
0.0748331
0.123366
0.0720898
0.0972244
0.156597
0.178742
0.0986232
0.127843
0.21513
0.21513
0.21513
0.21513
0.189136
0.21513
0.21513
0.0713101
0.127478
0.171817
0.139541
0.110606
0.156895
0.212619
0.212619
0.196754
0.178408
0.155424
0.113741
0.0618161
0.212619
0.212619
0.200995
0.159193
0.186312
0.147479
0.107808
0.128758
0.118668
0.212619
0.212619
0.212619
0.206432
0.212619
0.0793703
0.111052
0.145632
0.113144
0.0862743
0.169058
0.177176
0.155245
0.165712
0.0711872
0.180805
0.212619
0.168387
0.214986
0.214986
0.164996
0.140219
0.177376
0.152649
0.128259
0.141943
0.149623
0.16042
0.127738
0.121588
0.17882
0.214986
0.214986
0.163477
0.210573
0.111068
0.0896367
0.213848
0.214986
0.149084
0.177471
0.0616269
0.158811
0.202181
0.164549
0.101745
0.214986
0.214986
0.150162
0.214986
0.159844
0.117206
0.112541
0.0899266
0.158855
0.110234
0.13399
0.168209
0.219964
0.219964
0.184173
0.193957
0.127315
0.105707
0.119166
0.219964
0.16856
0.219964
0.185089
0.148578
0.158775
0.170156
0.129963
0.219964
0.203292
0.152508
0.219964
0.125941
0.114857
0.105664
0.0865335
0.0559579
0.112949
0.144098
0.15235
0.219964
0.130961
0.219964
0.178224
0.198247
0.138492
0.158131
0.199506
0.162466
0.223949
0.151528
0.145003
0.131856
0.162243
0.127594
0.15608
0.0822662
0.0954049
0.223949
0.219212
0.208017
0.223949
0.223949
0.0732804
0.095561
0.105196
0.142132
0.223949
0.121944
0.223949
0.18646
0.158461
0.113171
0.119063
0.0529159
0.05941
0.151528
0.21359
0.223949
0.194194
0.207096
0.217833
0.217833
0.126122
0.128638
0.217833
0.209232
0.196715
0.217833
0.217833
0.181958
0.195853
0.141562
0.0945843
0.211388
0.0697696
0.139567
0.133375
0.197544
0.122462
0.153803
0.0715769
0.0827387
0.20107
0.217833
0.217833
0.217833
0.182576
0.0704347
0.167254
0.13363
0.0925737
0.217595
0.0762844
0.176228
0.0924883
0.0513961
0.128642
0.222322
0.121726
0.158768
0.222322
0.222322
0.216265
0.210419
0.119253
0.1369
0.080374
0.123849
0.119426
0.139744
0.07645
0.164176
0.222322
0.222322
0.133581
0.185538
0.135249
0.21944
0.195402
0.222322
0.0954844
0.198791
0.135739
0.136356
0.160284
0.106078
0.105095
0.114677
0.103659
0.145525
0.222322
0.222322
0.131681
0.096336
0.0891096
0.130612
0.169196
0.0819954
0.144302
0.191037
0.219061
0.219061
0.219061
0.157941
0.200019
0.219061
0.0715993
0.108557
0.146245
0.166806
0.113602
0.210859
0.106443
0.154908
0.199725
0.103439
0.139618
0.219061
0.219061
0.153967
0.219061
0.120062
0.129645
0.219061
0.118075
0.202131
0.142272
0.219061
0.201906
0.226901
0.179367
0.192747
0.226901
0.0856593
0.108796
0.136037
0.136029
0.0923885
0.141382
0.152718
0.169878
0.19614
0.0493239
0.155731
0.226901
0.149795
0.170648
0.226901
0.178353
0.175899
0.226901
0.123597
0.197298
0.141633
0.226901
0.104876
0.178964
0.151267
0.18057
0.194319
0.0619019
0.1192
0.153706
0.111573
0.123305
0.210427
0.214593
0.174873
0.214593
0.0700525
0.15407
0.214593
0.145048
0.12695
0.214593
0.214593
0.177785
0.214593
0.128355
0.132916
0.129289
0.104
0.154606
0.214593
0.214593
0.214593
0.214593
0.102633
0.142801
0.157284
0.0789083
0.106469
0.214593
0.101923
0.197604
0.214593
0.135661
0.0982835
0.100976
0.115872
0.169499
0.218768
0.218768
0.164044
0.218768
0.133682
0.145235
0.101695
0.0947618
0.0651474
0.107816
0.151916
0.167696
0.218768
0.150463
0.218768
0.218768
0.201394
0.127429
0.198436
0.152748
0.194441
0.218768
0.157944
0.111039
0.101577
0.139638
0.0549693
0.100021
0.160427
0.136712
0.218768
0.17942
0.140432
0.178488
0.218768
0.110691
0.120302
0.136124
0.150433
0.217488
0.146942
0.217488
0.217488
0.166441
0.156947
0.153393
0.0726243
0.0587884
0.17272
0.21314
0.217488
0.217488
0.217488
0.0678587
0.103221
0.217488
0.142102
0.217488
0.150118
0.135816
0.148634
0.184996
0.0838053
0.113575
0.155825
0.14944
0.198941
0.184373
0.210953
0.173142
0.157877
0.202625
0.212729
0.118999
0.0962443
0.217908
0.217908
0.217908
0.217908
0.217908
0.0835042
0.151108
0.150436
0.147494
0.217908
0.0838953
0.214081
0.130746
0.0752145
0.0975777
0.105893
0.187348
0.187925
0.217908
0.192629
0.217908
0.2034
0.200963
0.0847475
0.161649
0.113517
0.142311
0.1521
0.112779
0.143534
0.0824839
0.144422
0.113006
0.217279
0.152564
0.220193
0.202546
0.220193
0.100994
0.220193
0.116576
0.173198
0.190718
0.130214
0.0989621
0.103786
0.119689
0.190656
0.220193
0.220193
0.059486
0.0638859
0.109428
0.196876
0.182625
0.163023
0.185846
0.159732
0.0834843
0.18037
0.136611
0.220193
0.220193
0.13814
0.128143
0.205582
0.120566
0.17077
0.132199
0.221045
0.134812
0.141225
0.169825
0.116544
0.187298
0.221045
0.221045
0.165792
0.221045
0.103689
0.112867
0.221045
0.117809
0.195101
0.171915
0.221045
0.120937
0.115752
0.208535
0.206245
0.143465
0.123242
0.196947
0.106406
0.116477
0.109067
0.221045
0.200037
0.120699
0.143188
0.0659534
0.150841
0.209962
0.143997
0.192685
0.223468
0.14916
0.164517
0.223468
0.130805
0.198547
0.173341
0.223468
0.142903
0.171116
0.147314
0.187734
0.223468
0.0787933
0.136724
0.152772
0.107317
0.0780056
0.202914
0.223468
0.150586
0.18715
0.0818067
0.181656
0.221945
0.116975
0.0726843
0.132357
0.191015
0.170163
0.197466
0.12284
0.16793
0.155345
0.0929143
0.211397
0.211397
0.197166
0.211397
0.211397
0.14466
0.170265
0.177687
0.105534
0.146672
0.211397
0.125701
0.211397
0.211397
0.158271
0.108006
0.0995897
0.133997
0.0708652
0.1232
0.207872
0.211397
0.211397
0.146181
0.194444
0.147764
0.108312
0.107154
0.201457
0.115337
0.111482
0.209414
0.150987
0.102799
0.193527
0.125596
0.164366
0.209549
0.17069
0.19851
0.209549
0.182297
0.108516
0.0980607
0.160403
0.0657406
0.120346
0.160343
0.135118
0.203971
0.181286
0.146739
0.209549
0.209549
0.0977159
0.194516
0.107658
0.111912
0.209549
0.133838
0.107483
0.174633
0.135489
0.114951
0.176995
0.13541
0.120666
0.209549
0.209549
0.209549
0.209549
0.207041
0.0873918
0.139699
0.206011
0.1264
0.197079
0.15121
0.128211
0.170391
0.206011
0.120032
0.141385
0.167907
0.130786
0.180503
0.148049
0.194642
0.200873
0.193686
0.11162
0.175123
0.155019
0.146027
0.206011
0.206011
0.206011
0.192331
0.175019
0.125897
0.202412
0.206011
0.206011
0.118582
0.0827101
0.176196
0.170461
0.0934622
0.140519
0.13989
0.210118
0.186439
0.213494
0.151439
0.213494
0.213494
0.213494
0.0785466
0.138804
0.110391
0.191133
0.171208
0.0813937
0.15911
0.137622
0.131753
0.153606
0.211843
0.213494
0.213494
0.203871
0.0851181
0.213494
0.213494
0.119001
0.0948416
0.149502
0.135958
0.205402
0.213494
0.0799458
0.0968974
0.152064
0.12064
0.0736731
0.0848956
0.114544
0.202381
0.201711
0.178071
0.204346
0.174175
0.0983495
0.207897
0.156036
0.207897
0.207897
0.14365
0.133914
0.207897
0.112268
0.186017
0.134386
0.189178
0.118875
0.194218
0.207897
0.182537
0.204129
0.0702452
0.138205
0.180766
0.207897
0.124927
0.190756
0.160289
0.144703
0.207897
0.114648
0.131466
0.166543
0.157217
0.213502
0.213502
0.13951
0.151038
0.213502
0.112665
0.152118
0.133835
0.213502
0.213502
0.12915
0.195824
0.0897221
0.202095
0.213502
0.126893
0.158998
0.213502
0.115076
0.13766
0.145791
0.131263
0.168282
0.118614
0.142052
0.142039
0.159803
0.156883
0.105557
0.194173
0.0813106
0.213502
0.213502
0.192226
0.101258
0.210679
0.210679
0.152068
0.204517
0.109481
0.210679
0.210679
0.129937
0.0952066
0.127176
0.210679
0.210679
0.190835
0.130714
0.181287
0.180307
0.135078
0.111807
0.17944
0.158506
0.124316
0.207895
0.107819
0.187425
0.210679
0.188769
0.117652
0.163865
0.0918798
0.198377
0.184207
0.198819
0.128365
0.106361
0.149114
0.101742
0.140117
0.20866
0.20866
0.188507
0.155233
0.201369
0.171485
0.185796
0.0925054
0.203716
0.168951
0.155507
0.204877
0.194856
0.145067
0.195931
0.138178
0.130844
0.20866
0.115627
0.20866
0.183158
0.202643
0.1459
0.125668
0.175464
0.113024
0.169978
0.124297
0.133225
0.152293
0.120296
0.20866
0.114162
0.168599
0.0852036
0.209383
0.160688
0.137034
0.195276
0.162305
0.121908
0.171002
0.153541
0.138979
0.193401
0.15477
0.136308
0.209383
0.209383
0.209383
0.209383
0.209383
0.11677
0.169925
0.161668
0.141688
0.152035
0.0872031
0.158065
0.122366
0.185699
0.117524
0.126759
0.209383
0.209383
0.209383
0.123079
0.206229
0.131994
0.152646
0.113244
0.169908
0.154813
0.144134
0.211658
0.189772
0.198732
0.201111
0.211658
0.154518
0.211658
0.201521
0.199329
0.106648
0.0956332
0.170703
0.176401
0.106517
0.0991122
0.114774
0.203163
0.208567
0.193947
0.111042
0.146209
0.137654
0.159736
0.171976
0.110597
0.0961658
0.168978
0.130088
0.211658
0.211658
0.127269
0.202456
0.147953
0.199269
0.200398
0.213861
0.174678
0.0917089
0.207453
0.205109
0.110212
0.0867099
0.130619
0.113896
0.201759
0.213861
0.0663598
0.117375
0.177639
0.122025
0.160752
0.114325
0.112037
0.201219
0.160131
0.213861
0.213861
0.136661
0.190687
0.0790327
0.0756577
0.123769
0.200328
0.213861
0.213861
0.187937
0.153792
0.213861
0.141374
0.19638
0.184518
0.193736
0.210429
0.182141
0.210429
0.103963
0.184118
0.188596
0.210429
0.120769
0.18977
0.157313
0.155531
0.210429
0.121089
0.141785
0.0712721
0.206617
0.195707
0.0940617
0.210429
0.210429
0.210429
0.206851
0.169886
0.0775454
0.0951247
0.148339
0.129642
0.196864
0.120775
0.142784
0.110099
0.0765593
0.202399
0.220984
0.122089
0.165466
0.167247
0.169807
0.213549
0.133671
0.177153
0.168185
0.159424
0.169593
0.146606
0.220984
0.146339
0.220984
0.220984
0.215395
0.0755272
0.109534
0.179651
0.156056
0.207476
0.121235
0.134274
0.102197
0.0728686
0.143133
0.111306
0.0937523
0.180482
0.20335
0.143171
0.155168
0.152083
0.220984
0.125899
0.193802
0.165849
0.155278
0.212374
0.164487
0.212374
0.212374
0.212374
0.117168
0.170164
0.101121
0.212374
0.212374
0.212374
0.144664
0.114661
0.162039
0.156362
0.201718
0.117439
0.177925
0.212374
0.130897
0.107457
0.106045
0.18869
0.158835
0.203539
0.10308
0.111618
0.197505
0.100561
0.111196
0.106806
0.212374
0.111443
0.216364
0.136233
0.216364
0.175644
0.199392
0.151679
0.145237
0.194183
0.104026
0.16328
0.172328
0.153348
0.153852
0.158876
0.216364
0.12664
0.150633
0.203204
0.216364
0.11759
0.111144
0.199196
0.13434
0.16568
0.163379
0.172952
0.0397065
0.136462
0.108696
0.186697
0.216364
0.210076
0.216364
0.145962
0.125819
0.0995203
0.154549
0.208127
0.144996
0.139761
0.114398
0.173968
0.140901
0.168587
0.133394
0.128551
0.205646
0.210389
0.210389
0.103757
0.150396
0.183035
0.198952
0.044092
0.135585
0.113869
0.171667
0.210389
0.210389
0.210389
0.186241
0.129913
0.0878732
0.210389
0.194416
0.132296
0.210389
0.184668
0.177242
0.16192
0.169422
0.0971998
0.111246
0.210041
0.214486
0.205308
0.103746
0.115721
0.173734
0.192803
0.196697
0.126816
0.0823932
0.160601
0.150708
0.214486
0.214486
0.155462
0.214486
0.0929839
0.209214
0.185456
0.137837
0.195187
0.167274
0.164398
0.105902
0.120424
0.211398
0.157544
0.0583579
0.133003
0.194217
0.194398
0.214486
0.162384
0.137934
0.157609
0.126765
0.107158
0.214315
0.172824
0.214315
0.208951
0.137074
0.198392
0.111958
0.0852555
0.105857
0.202091
0.214315
0.196654
0.187531
0.198661
0.214315
0.174227
0.163846
0.0813319
0.177016
0.199715
0.181434
0.214315
0.116856
0.130987
0.147704
0.0700729
0.080469
0.169518
0.182715
0.0957175
0.0774861
0.214315
0.214315
