0.0385696
0.0881674
0.124933
0.249905
0.249905
0.205225
0.110815
0.0346791
0.0854531
0.124873
0.194077
0.174778
0.242702
0.249905
0.173037
0.0726516
0.0497058
0.0549566
0.0183775
0.0687762
0.0785986
0.249905
0.249905
0.249905
0.0764242
0.0474771
0.0281254
0.0397879
0.0478431
0.0516712
0.1771
0.23363
0.249905
0.249905
0.241713
0.241121
0.136991
0.223268
0.240472
0.240472
0.240472
0.190836
0.0738553
0.04591
0.0568505
0.0907347
0.166041
0.170307
0.221732
0.240472
0.0705626
0.0493412
0.0443881
0.0522651
0.0621796
0.0884395
0.0787297
0.240472
0.240472
0.240472
0.240472
0.240472
0.193775
0.0540542
0.125803
0.0867494
0.137546
0.231395
0.171317
0.128294
0.152758
0.119709
0.0878919
0.158762
0.238053
0.238053
0.238053
0.133446
0.0721357
0.0773041
0.0732423
0.0816357
0.203984
0.176829
0.223782
0.238053
0.12085
0.118884
0.133165
0.06193
0.0821625
0.171364
0.134363
0.206116
0.238053
0.223826
0.153243
0.166302
0.107235
0.0492724
0.220323
0.172093
0.174087
0.238053
0.0955895
0.173596
0.196597
0.120698
0.0723251
0.136388
0.162321
0.201437
0.23785
0.159638
0.103709
0.147972
0.0633061
0.0545368
0.228566
0.23785
0.23785
0.23785
0.168467
0.119143
0.198997
0.0759207
0.0645481
0.15789
0.201492
0.180954
0.23785
0.0976673
0.116577
0.162783
0.122142
0.105705
0.23785
0.23785
0.23785
0.23785
0.0799376
0.0556413
0.0788667
0.0303789
0.0496022
0.179597
0.215889
0.239041
0.253554
0.170291
0.0999607
0.136555
0.0709308
0.0352368
0.0659064
0.0990476
0.217343
0.253554
0.223868
0.148535
0.158968
0.0918677
0.0917294
0.214071
0.253554
0.253554
0.253554
0.0968614
0.0328661
0.0626693
0.0266423
0.0159186
0.0528625
0.121569
0.253554
0.253554
0.253554
0.15774
0.0623183
0.00955787
0.0245912
0.0595763
0.119109
0.202207
0.259981
0.259981
0.143441
0.14184
0.105091
0.0209794
0.0468847
0.0713988
0.0982843
0.259981
0.259981
0.118944
0.136266
0.0654464
0.013717
0.0432087
0.13985
0.259981
0.259981
0.259981
0.149058
0.0699297
0.01595
0.0287007
0.0191317
0.10979
0.259981
0.259981
0.259981
0.125733
0.114531
0.259981
0.0283142
0.0408176
0.0897701
0.112302
0.264543
0.264543
0.117712
0.148817
0.106995
0.0404246
0.0462305
0.0700467
0.114757
0.264543
0.264543
0.240708
0.113754
0.0738954
0.0260605
0.0186572
0.180985
0.264543
0.264543
0.264543
0.152496
0.110111
0.189961
0.0464088
0.0248727
0.109795
0.213276
0.264543
0.264543
0.127168
0.089199
0.108114
0.0115506
0.0469354
0.060457
0.267706
0.267706
0.267706
0.100175
0.0535098
0.0226096
0.0313799
0.0328598
0.0386282
0.170846
0.237894
0.262515
0.237551
0.20466
0.193704
0.00489172
0.0159076
0.063109
0.267706
0.267706
0.267706
0.135506
0.028504
0.0302936
0.0304912
0.0148172
0.0214895
0.197
0.267706
0.267706
0.134299
0.0980454
0.144069
0.0503963
0.0696095
0.0672873
0.261012
0.261012
0.261012
0.261012
0.221504
0.177532
0.0561048
0.100035
0.0713364
0.125502
0.207094
0.143139
0.136317
0.156992
0.116963
0.032609
0.0251169
0.0348531
0.261012
0.261012
0.261012
0.176441
0.133026
0.15825
0.0355245
0.0591937
0.0924718
0.185957
0.221056
0.236264
0.136033
0.129855
0.107725
0.0975174
0.15386
0.123638
0.191192
0.224169
0.199968
0.195708
0.1765
0.127969
0.0864449
0.224169
0.176061
0.149573
0.224169
0.0925487
0.160826
0.173412
0.123061
0.0410137
0.0836637
0.124517
0.224169
0.224169
0.224169
0.210345
0.204165
0.163073
0.0581262
0.0753804
0.132939
0.224169
0.224169
0.200347
0.150052
0.117096
0.0827636
0.101096
0.176233
0.215218
0.175672
0.217367
0.0926143
0.115174
0.140559
0.115341
0.108653
0.254331
0.254331
0.254331
0.254331
0.0842336
0.0379946
0.0477346
0.0349332
0.0440509
0.077583
0.140759
0.254331
0.253333
0.199189
0.160008
0.0989288
0.0696583
0.0765346
0.159111
0.254331
0.254331
0.254331
0.124275
0.130095
0.0379417
0.0349598
0.0689304
0.179917
0.276511
0.270408
0.261774
0.0802276
0.0187787
0.0387276
0.0218538
0.0220425
0.0541329
0.0912293
0.264082
0.276511
0.276511
0.137538
0.0626291
0.014151
0.0401283
0.0993965
0.215462
0.276511
0.276511
0.142139
0.0897777
0.026508
0.0223278
0.0100207
0.0359048
0.0575571
0.276511
0.276511
0.259242
0.103446
0.0519921
0.00695365
0.0123513
0.0303512
0.0769105
0.228602
0.296131
0.283852
0.11668
0.0532735
0.0148022
0.0181881
0.0201873
0.0757915
0.2185
0.296131
0.246732
0.100455
0.0576324
0.0976805
0.00361699
0.013518
0.0277023
0.296131
0.296131
0.225654
0.0929263
0.0485568
0.00587481
0.00577351
0.0133809
0.114384
0.296131
0.296131
0.296131
0.0719361
0.0719661
0.0709609
0.0145448
0.0145101
0.0911627
0.191927
0.318185
0.20858
0.112327
0.0557425
0.064113
0.0161063
0.0111653
0.0658731
0.139708
0.324332
0.243504
0.0860128
0.0490327
0.0424596
0.00357265
0.0197403
0.105847
0.324332
0.324332
0.279534
0.090336
0.0576735
0.0396791
0.00714368
0.0241555
0.0760674
0.310987
0.324332
0.253475
0.0527883
0.0277411
0.0140326
0.0079345
0.0175003
0.0420891
0.237126
0.312493
0.312493
0.131381
0.0325125
0.0354297
0.0280124
0.0141924
0.0221226
0.136906
0.312493
0.312493
0.141983
0.0976252
0.122552
0.0160957
0.041478
0.0447797
0.312493
0.312493
0.168234
0.0687503
0.0269833
0.0181825
0.0102814
0.0196931
0.0341679
0.312493
0.312493
0.179858
0.0512707
0.0270386
0.0217571
0.0337515
0.020686
0.0397726
0.200187
0.313037
0.313037
0.194982
0.129335
0.155934
0.0374787
0.0556939
0.0796634
0.154806
0.165419
0.17424
0.14302
0.10643
0.102903
0.0120531
0.0165949
0.0426112
0.313037
0.313037
0.265416
0.0907471
0.0687338
0.0501578
0.0358183
0.0553852
0.0554298
0.171812
0.28395
0.313037
0.131319
0.124107
0.120292
0.0582209
0.0873583
0.115065
0.218741
0.237387
0.230783
0.237387
0.162394
0.174379
0.0727015
0.0901292
0.126134
0.237387
0.224359
0.147626
0.150836
0.115478
0.0885016
0.0483672
0.0591534
0.0938537
0.237387
0.237387
0.237387
0.237387
0.23445
0.210934
0.0469376
0.14581
0.16284
0.155909
0.17007
0.187702
0.138455
0.0745441
0.0271284
0.0716484
0.100642
0.16378
0.253788
0.241367
0.187592
0.192249
0.111872
0.0793754
0.10758
0.194255
0.253788
0.253788
0.253788
0.154698
0.153946
0.0450377
0.045314
0.0421062
0.11909
0.199524
0.179368
0.246699
0.20264
0.154352
0.079559
0.0342395
0.0984549
0.118012
0.187815
0.253788
0.253788
0.127292
0.0972178
0.0752363
0.0990922
0.0436007
0.100961
0.219534
0.287292
0.277986
0.149683
0.0958512
0.031086
0.0211622
0.015049
0.0290129
0.0706133
0.287292
0.287292
0.244045
0.109219
0.0602285
0.00982862
0.0705577
0.076258
0.157166
0.251721
0.226044
0.0967618
0.0591395
0.0387913
0.040746
0.0569861
0.0861053
0.287292
0.287292
0.287292
0.264839
0.0770179
0.0111619
0.0101993
0.00331555
0.00753049
0.0344796
0.299432
0.299432
0.179505
0.085038
0.0457061
0.00539299
0.00112364
0.00590451
0.0863821
0.299432
0.299432
0.293489
0.0787914
0.0355571
0.00885405
0.0473174
0.0675968
0.216008
0.298502
0.299432
0.157347
0.0597947
0.0121979
5.13088e-05
0.00132756
0.0272789
0.13095
0.299432
0.299432
0.19031
0.0540778
0.0159023
0.00517006
0.000727445
0.00835708
0.0801824
0.321339
0.321339
0.244559
0.0984138
0.0355313
0.00570938
0.0113619
0.0103234
0.0658928
0.320725
0.321339
0.216842
0.0601693
0.0272085
0.0078331
0.00165526
0.0284834
0.0778458
0.321339
0.321339
0.173938
0.0666864
0.0265682
0.00415722
0.0378936
0.0256609
0.110629
0.236672
0.321339
0.156772
0.0640431
0.048902
0.0236383
0.021264
0.0526797
0.0436403
0.245802
0.348075
0.146357
0.0815551
0.0340177
0.0232071
0.0185522
0.028238
0.0359605
0.273878
0.348075
0.157968
0.0717165
0.0387984
0.0223132
0.00667998
0.0361027
0.0430618
0.180783
0.348075
0.348075
0.0420126
0.0128038
0
0.0217577
0.0156062
0.0475498
0.129001
0.348075
0.348075
0.0884569
0.0497005
0.021769
0.0226195
0.0244139
0.0436963
0.311392
0.311392
0.213803
0.0975021
0.0664235
0.044114
0.0449004
0.0466499
0.0523497
0.15245
0.229389
0.240564
0.108438
0.1043
0.0911048
0.0351269
0.0201155
0.0578461
0.148766
0.311392
0.311392
0.131579
0.0770069
0.072789
0.126061
0.0400326
0.0888999
0.07535
0.311392
0.302588
0.185855
0.177991
0.185653
0.0640078
0.0539338
0.0841736
0.211902
0.25257
0.25257
0.187622
0.186919
0.173256
0.0476604
0.108474
0.130545
0.154215
0.154371
0.129654
0.121578
0.0808666
0.0325431
0.185806
0.0453965
0.116399
0.092643
0.25257
0.25257
0.25257
0.25257
0.25257
0.0708824
0.117999
0.120437
0.205678
0.213728
0.173193
0.198837
0.143162
0.079027
0.050557
0.113255
0.197246
0.1927
0.225046
0.173986
0.155846
0.101522
0.058424
0.0931573
0.146364
0.171873
0.225046
0.225046
0.169831
0.0916216
0.0690204
0.112537
0.0765426
0.121426
0.168814
0.225046
0.225046
0.225046
0.225046
0.186243
0.139144
0.0717894
0.137989
0.148405
0.2177
0.225046
0.192405
0.217028
0.164683
0.113249
0.0770793
0.104525
0.172942
0.251013
0.250692
0.135747
0.0603736
0.0387008
0.0574754
0.0718107
0.139458
0.272524
0.272524
0.272524
0.272524
0.0956385
0.0209808
0.0144102
0.0615169
0.0921034
0.105135
0.175785
0.169603
0.135956
0.110806
0.0912596
0.0861615
0.076441
0.156287
0.272524
0.272524
0.272524
0.272524
0.088652
0.0637026
0.0160556
0.0582639
0.0993878
0.252978
0.29627
0.29627
0.170491
0.067289
0.0153934
0.00134589
0.000387872
0.0232887
0.130474
0.29627
0.29627
0.292319
0.0800523
0.00619827
0.000613681
0.052281
0.100718
0.155494
0.200551
0.29627
0.20018
0.0363415
0.0347227
0.0109611
0.00502142
0.0230446
0.125328
0.157811
0.29627
0.29627
0.0597368
0.0157488
0.00464777
0.00107839
0.0210506
0.087887
0.303157
0.303157
0.254836
0.085271
0.0216016
0.00123784
0.0569636
0.0250979
0.101479
0.303157
0.303157
0.189486
0.0662191
0.0647617
0.0358903
0.00489727
0.0161962
0.0665409
0.135414
0.303157
0.303157
0.0580002
0.0298627
0.0100275
0.00355496
0.0247479
0.0702173
0.290384
0.303157
0.303157
0.0720883
0.0375392
0.00901715
0.0104708
0.0477341
0.0452854
0.121506
0.338719
0.276201
0.0518534
0.0185909
0.00429785
0.0355147
0.0357206
0.0503375
0.0773751
0.338719
0.236983
0.0915634
0.0820235
0.0539752
0.00483607
0.0207956
0.0715696
0.296438
0.338719
0.318897
0.050942
0.0503678
0.0221514
0.0263531
0.0341254
0.0612782
0.269194
0.338719
0.255273
0.0498732
0.0509759
0.090496
0.0563464
0.0404193
0.0588382
0.0889264
0.319722
0.285582
0.117843
0.100652
0.101492
0.159577
0.0605721
0.0614164
0.0856571
0.319722
0.218706
0.140757
0.156649
0.223054
0.0382008
0.0362713
0.0743855
0.291849
0.319722
0.304894
0.0645214
0.0666567
0.0841402
0.0703604
0.0628258
0.0750756
0.150683
0.319722
0.118023
0.0662177
0.0774356
0.11488
0.215141
0.0638897
0.0797996
0.103323
0.260979
0.260979
0.239946
0.246593
0.260979
0.0769759
0.107122
0.0963021
0.173671
0.224782
0.14136
0.132731
0.126242
0.0991538
0.0904754
0.0728283
0.102219
0.226816
0.260979
0.190911
0.118058
0.113394
0.153174
0.0542712
0.0890743
0.179469
0.260979
0.260979
0.116176
0.083948
0.0543004
0.078386
0.0786847
0.11127
0.140889
0.227248
0.227248
0.21155
0.195084
0.177755
0.170636
0.0614182
0.143395
0.155245
0.156179
0.227248
0.18859
0.15255
0.120547
0.126758
0.0737102
0.12386
0.227248
0.227248
0.227248
0.211599
0.142668
0.0853962
0.12567
0.0426598
0.0923292
0.162532
0.227248
0.227248
0.227248
0.148423
0.0841264
0.127123
0.0570698
0.101671
0.110627
0.131036
0.184515
0.13718
0.0861548
0.0750808
0.0912964
0.0805995
0.191166
0.270066
0.304926
0.304926
0.292751
0.050326
0.0402878
0.0147125
0.0331496
0.0771935
0.118848
0.190774
0.30184
0.213121
0.120118
0.0739741
0.083384
0.0286964
0.0744204
0.182832
0.304926
0.304926
0.205404
0.0301677
0.0255896
0.0161978
0.0552104
0.118431
0.137714
0.207413
0.325784
0.171633
0.0222769
0.0219632
0.00755114
0.00621935
0.0398608
0.123167
0.161185
0.325784
0.325784
0.0701094
0.0150566
0.00530502
0.0156451
0.0490383
0.113485
0.325784
0.325784
0.121363
0.0245357
0.0257327
0.0128923
0.00798225
0.0421982
0.161979
0.266614
0.325784
0.268909
0.0413827
0.0277191
0.0063621
0.00478938
0.0226497
0.0698842
0.156732
0.328181
0.314475
0.0598907
0.0221921
0.00858936
0.00581029
0.0184111
0.0400565
0.265979
0.328181
0.292786
0.0647802
0.0242881
0.0178565
0.00427806
0.0252868
0.137786
0.267899
0.328181
0.225879
0.0398906
0.030697
0.0112163
0.0129589
0.0363983
0.0500442
0.313716
0.328181
0.150903
0.0332579
0.0220393
0.0270761
0.00891185
0.0412512
0.0832068
0.296746
0.316318
0.199178
0.0543555
0.046864
0.0239858
0.0416636
0.0601967
0.101867
0.316318
0.316318
0.210476
0.057089
0.0896535
0.128815
0.0144505
0.0311946
0.0723246
0.316318
0.316318
0.150461
0.0732458
0.0499926
0.016186
0.0208945
0.0215698
0.0792158
0.272584
0.316318
0.194876
0.0701261
0.0557482
0.0700718
0.0650054
0.0672219
0.112507
0.314603
0.314603
0.245281
0.0695054
0.0962536
0.124887
0.114475
0.0939986
0.0703348
0.189589
0.314603
0.137891
0.0865124
0.0891562
0.187943
0.0196879
0.0271745
0.0749742
0.314603
0.314603
0.263052
0.0875946
0.09861
0.0889846
0.0186537
0.00717613
0.0412557
0.105228
0.197222
0.137004
0.160216
0.196627
0.15759
0.142133
0.10706
0.117373
0.258626
0.258626
0.215803
0.136814
0.112661
0.245679
0.0640733
0.107938
0.197091
0.258626
0.258626
0.129661
0.090447
0.0669416
0.110024
0.0284936
0.015128
0.039454
0.145792
0.258626
0.202453
0.258626
0.258626
0.250644
0.0238399
0.0477864
0.180417
0.140325
0.157339
0.110727
0.097546
0.109003
0.103251
0.0744714
0.143759
0.239398
0.239398
0.239398
0.231827
0.137509
0.103101
0.151562
0.0573692
0.101744
0.184918
0.239398
0.239398
0.239398
0.142247
0.0946791
0.171105
0.0429345
0.0896956
0.187265
0.188369
0.218838
0.14623
0.155194
0.160271
0.133252
0.0238602
0.122715
0.153088
0.184595
0.239398
0.178061
0.143375
0.100521
0.0854098
0.0517181
0.0919197
0.154473
0.20292
0.321437
0.24457
0.122587
0.0926694
0.109116
0.0726409
0.11611
0.181701
0.321437
0.321437
0.248853
0.0337952
0.0203167
0.0220279
0.0437448
0.130405
0.108208
0.1378
0.167204
0.116798
0.111739
0.0811067
0.0468607
0.200246
0.234004
0.216087
0.252021
0.282985
0.0383118
0.0486633
0.0112616
0.0347895
0.0469484
0.0874157
0.139528
0.347667
0.347667
0.160495
0.0378494
0.0319386
0.0160057
0.022432
0.0959237
0.185282
0.347667
0.347667
0.347667
0.0720008
0.0525794
0.015614
0.13842
0.178815
0.166298
0.163309
0.197208
0.0210996
0.0282131
0.0117805
0.0177721
0.0582605
0.10461
0.178063
0.149562
0.241949
0.0626437
0.0197595
0.0586389
0.0698368
0.0127862
0.0616881
0.157268
0.362453
0.362453
0.325474
0.072479
0.0547536
0.0275589
0.0263127
0.0420199
0.0746386
0.362453
0.362453
0.234544
0.0609874
0.0318432
0.0678992
0.0418394
0.0915838
0.170963
0.157721
0.223686
0.0571259
0.0152249
0.0532976
0.0666334
0.0460645
0.0933587
0.150512
0.156193
0.231762
0.0908963
0.0208272
0.082678
0.0793447
0.0241366
0.0771843
0.14227
0.352934
0.352934
0.206214
0.131669
0.0884452
0.0333843
0.034266
0.0468683
0.230601
0.352934
0.352934
0.352934
0.10239
0.123143
0.152585
0.0594916
0.14037
0.112921
0.0946069
0.132042
0.0666994
0.0970068
0.0700407
0.0552868
0.0787714
0.0592882
0.0930116
0.103187
0.126287
0.142328
0.0823382
0.100458
0.0991765
0.0317525
0.0531762
0.17533
0.285086
0.285086
0.285086
0.111188
0.135388
0.146412
0.036069
0.00990078
0.0611672
0.190527
0.237199
0.214477
0.251808
0.265631
0.27257
0.0949455
0.0712257
0.0691142
0.0846279
0.10803
0.133993
0.10935
0.150769
0.114948
0.113987
0.0120505
0.0144062
0.0266466
0.0291902
0.0409947
0.186598
0.285086
0.285086
0.0471048
0.0153507
0.0609578
0.235216
0.256933
0.256933
0.256933
0.256933
0.256933
0.0251026
0.0551297
0.211863
0.200273
0.20112
0.112998
0.137723
0.157302
0.127186
0.112654
0.017428
0.0115481
0.0296212
0.0612181
0.0686782
0.256933
0.256933
0.256933
0.0780814
0.0563469
0.100589
0.192011
0.195616
0.083443
0.0676695
0.215814
0.183039
0.0419394
0.0960669
0.217463
0.217463
0.217463
0.152573
0.198655
0.195971
0.147619
0.0557578
0.160506
0.181469
0.217463
0.217463
0.217463
0.163075
0.134899
0.102751
0.0842701
0.113037
0.117587
0.190448
0.217463
0.170116
0.109153
0.217463
0.138528
0.135525
0.168401
0.169941
0.154829
0.188305
0.153287
0.0859802
0.217463
0.165421
0.0887155
0.187196
0.164316
0.200017
0.234117
0.199277
0.156121
0.112742
0.0717293
0.234117
0.234117
0.234117
0.234117
0.234117
0.0592422
0.0943892
0.0259325
0.0616107
0.0922417
0.171863
0.146123
0.105518
0.145946
0.185558
0.108867
0.174028
0.113709
0.191182
0.234117
0.234117
0.234117
0.234117
0.0916824
0.095578
0.0699446
0.0531846
0.228351
0.239262
0.239262
0.218601
0.239262
0.0292782
0.0588438
0.0236339
0.0324249
0.11388
0.180954
0.239262
0.233843
0.235717
0.125262
0.0478532
0.0980207
0.120378
0.109204
0.239262
0.211263
0.178816
0.151788
0.112538
0.0871297
0.0516242
0.0404467
0.129079
0.230216
0.234972
0.239262
0.239262
0.124356
0.0968733
0.0711014
0.0668753
0.0783827
0.169089
0.217025
0.215979
0.218778
0.101321
0.0426655
0.0886219
0.0985102
0.0695876
0.131086
0.223048
0.198085
0.218374
0.171043
0.0786642
0.152461
0.149611
0.0944053
0.242339
0.227311
0.246085
0.246085
0.148909
0.085881
0.0756852
0.0453569
0.0373489
0.12779
0.177909
0.246085
0.246085
0.246085
0.195329
0.0708034
0.0475386
0.112414
0.207443
0.176022
0.153455
0.189466
0.116744
0.162258
0.14401
0.105781
0.107237
0.109563
0.183846
0.188975
0.193888
0.207443
0.118671
0.207443
0.207443
0.162994
0.207443
0.178169
0.141546
0.204054
0.207443
0.172889
0.148865
0.0792193
0.136825
0.17504
0.163465
0.207443
0.129747
0.16223
0.179599
0.173109
0.139145
0.107852
0.107632
0.136748
0.150811
0.135691
0.185906
0.156977
0.242445
0.189223
0.156872
0.0227615
0.016209
0.0492523
0.0463131
0.0547374
0.294995
0.303159
0.303159
0.127967
0.148115
0.142035
0.172741
0.123395
0.107119
0.127685
0.20162
0.168649
0.164399
0.00538332
0.0131974
0.0476304
0.0362362
0.0479656
0.204947
0.303159
0.303159
0.133931
0.0191968
0.0142949
0.0492246
0.0654957
0.0816709
0.291248
0.291248
0.291248
0.0869232
0.0739454
0.104155
0.211054
0.228676
0.103186
0.102692
0.245231
0.189499
0.170021
0.0116443
0.0080854
0.0539229
0.079686
0.0601755
0.191628
0.291248
0.291248
0.0962449
0.0880971
0.0988937
0.101945
0.160802
0.168125
0.228753
0.197855
0.211013
0.105602
0.118465
0.11328
0.208166
0.212417
0.19897
0.138633
0.212417
0.154653
0.153646
0.201719
0.154378
0.166587
0.20385
0.173741
0.093434
0.212417
0.169714
0.1248
0.116491
0.0713969
0.141261
0.212417
0.212417
0.212417
0.175767
0.212417
0.106337
0.146337
0.114804
0.099616
0.20946
0.165423
0.212417
0.164881
0.102275
0.123128
0.199262
0.141871
0.142152
0.180456
0.219689
0.131148
0.193755
0.147815
0.20615
0.230482
0.230482
0.230482
0.230482
0.0858293
0.111652
0.116014
0.0705742
0.0824164
0.146363
0.0954555
0.118722
0.226335
0.195967
0.202145
0.156102
0.0816794
0.123676
0.178656
0.129034
0.230482
0.230482
0.182187
0.078057
0.169138
0.0563138
0.0944096
0.2022
0.192207
0.201131
0.148344
0.0857522
0.0832531
0.0674448
0.046373
0.135839
0.234691
0.216461
0.285843
0.285843
0.170923
0.0794276
0.0484283
0.0836036
0.0543378
0.111777
0.131374
0.192278
0.240217
0.128033
0.0363756
0.091277
0.037998
0.0757395
0.208644
0.21441
0.285843
0.285843
0.285843
0.0203114
0.0498841
0.0549918
0.0723751
0.161951
0.167999
0.229702
0.202616
0.122924
0.0620505
0.0493286
0.0340333
0.0275994
0.07881
0.126463
0.2618
0.28579
0.198384
0.156241
0.0796509
0.0496521
0.0449674
0.123158
0.156487
0.28579
0.28579
0.180534
0.028803
0.0423232
0.0363018
0.00524282
0.021768
0.217329
0.28579
0.28579
0.224765
0.244839
0.121165
0.0198081
0.0776402
0.131891
0.0841235
0.129367
0.233985
0.158854
0.0988749
0.0739941
0.0354173
0.0591483
0.0757994
0.0637635
0.165404
0.276962
0.111952
0.0975353
0.090062
0.0614729
0.0459528
0.0864991
0.0639306
0.364728
0.375835
0.294559
0.101163
0.0470405
0.0560277
0.0499455
0.0650297
0.0633814
0.308805
0.375835
0.219617
0.10931
0.0373457
0.0756624
0.0489453
0.0590036
0.0565841
0.153631
0.224458
0.085724
0.0727903
0.0979699
0.0718844
0.0712167
0.0034937
0.00450295
0.0415052
0.176453
0.113191
0.127609
0.28328
0.324651
0.0428562
0.0681223
0.0607314
0.294554
0.359997
0.218067
0.0931678
0.0484939
0.0634208
0.0361155
0.0119882
0.00907871
0.0851326
0.359997
0.359997
0.202549
0.163244
0.10972
0.0813363
0.00653606
0.00687618
0.0527519
0.185505
0.113218
0.11963
0.249553
0.327661
0.0495695
0.0499119
0.045377
0.0806108
0.204947
0.138172
0.104254
0.0954008
0.0936574
0.0408997
0.0276187
0.0307021
0.106837
0.346833
0.346833
0.189173
0.13711
0.109415
0.0292891
0.0235085
0.050324
0.198424
0.346833
0.346833
0.174499
0.115794
0.0793343
0.0651504
0.0566588
0.0412106
0.115579
0.251831
0.144846
0.114398
0.0718908
0.110412
0.046234
0.0589654
0.0475431
0.0719849
0.281108
0.133557
0.103909
0.0535769
0.0532994
0.0304758
0.0347072
0.0717984
0.260524
0.370351
0.368615
0.164726
0.111598
0.110413
0.031876
0.0201012
0.0427157
0.239031
0.370351
0.361916
0.0483509
0.0510962
0.0526271
0.0405656
0.0642323
0.0538844
0.103968
0.297217
0.14046
0.100586
0.0571539
0.0482706
0.0657701
0.115354
0.0818154
0.183569
0.348611
0.095558
0.0365828
0.0841505
0.0283744
0.0418563
0.0323638
0.0498952
0.256384
0.384743
0.321225
0.0353255
0.0627746
0.0761201
0.0305277
0.0639644
0.0792828
0.296968
0.384743
0.272877
0.0459794
0.0270243
0.0278327
0.0404469
0.0888117
0.120562
0.164609
0.293826
0.0875491
0.0265021
0.0650065
0.0269359
0.0606118
0.18186
0.181487
0.310964
0.331054
0.239097
0.016274
0.028497
0.035979
0.0286279
0.0611571
0.0940951
0.246144
0.331054
0.197411
0.0432853
0.0326319
0.0246388
0.0573265
0.0901271
0.169484
0.331054
0.331054
0.161907
0.0348879
0.0275281
0.00662844
0.0418488
0.114612
0.159185
0.236405
0.291254
0.158023
0.0250089
0.0366965
0.0285584
0.00691862
0.0284424
0.146577
0.291254
0.291254
0.22472
0.160403
0.127706
0.0471557
0.0316338
0.0646065
0.130183
0.291254
0.291254
0.13844
0.035633
0.0307321
0.00523516
0.00703275
0.0325425
0.13046
0.291254
0.291254
0.284373
0.0708223
0.122035
0.052778
0.0333112
0.0732398
0.0570934
0.400713
0.400713
0.324602
0.107951
0.0491136
0.0466228
0.0345732
0.0516259
0.0495748
0.353027
0.400713
0.26143
0.113726
0.0308096
0.0458538
0.0654906
0.0783976
0.0549854
0.11542
0.188551
0.121628
0.0818437
0.072025
0.0707609
0.0620471
0.108272
0.104672
0.13931
0.113977
0.0828467
0.033939
0.0809767
0.0644503
0.0319469
0.0468351
0.0469815
0.389832
0.407495
0.275626
0.114046
0.0447694
0.0528496
0.0409013
0.0119756
0.00707268
0.114822
0.407495
0.407495
0.222403
0.168269
0.12268
0.06153
0.0993723
0.0947976
0.125226
0.105456
0.0883531
0.040708
0.073927
0.0690681
0.0492758
0.0478639
0.019195
0.0692939
0.0737986
0.090337
0.112748
0.151713
0.120116
0.0431656
0.0207911
0.0313236
0.1365
0.376955
0.376955
0.206256
0.14406
0.112526
0.0302287
0.0247378
0.0481974
0.217081
0.376955
0.376955
0.162976
0.123501
0.0849447
0.0446475
0.0508058
0.0207947
0.064734
0.0772401
0.119009
0.0962191
0.127068
0.110894
0.0954846
0.00203177
0.0269432
0.0192675
0.0422598
0.132599
0.118281
0.224054
0.270085
0.0232216
0.0267758
0.0576885
0.204037
0.401092
0.265277
0.111951
0.079371
0.0712388
0.0151378
0.0158391
0.0209825
0.184924
0.401092
0.308895
0.0404056
0.0252961
0.0350346
0.0689324
0.0023069
0.0145005
0.0163164
0.0776353
0.126735
0.0748332
0.142688
0.213211
0.13892
0.0207255
0.0147058
0.15654
0.401092
0.212852
0.0473856
0.0786468
0.214293
0.0210724
0.030975
0.0423867
0.220641
0.396598
0.282117
0.0374801
0.0291135
0.0462332
0.0218575
0.0573765
0.0725575
0.255813
0.396598
0.223072
0.0374935
0.013899
0.0194972
0.10728
0.0268497
0.0378706
0.118381
0.396598
0.220799
0.0457181
0.0717586
0.251698
0.0773949
0.073982
0.0636824
0.107297
0.2723
0.0943892
0.0843009
0.0332464
0.0270345
0.0317179
0.0938746
0.140629
0.348061
0.395377
0.257376
0.0587309
0.0301972
0.0246991
0.0562969
0.136635
0.242632
0.395377
0.395377
0.199319
0.0550974
0.0499483
0.0124662
0.0623516
0.100375
0.12681
0.106754
0.170962
0.100759
0.10294
0.0478285
0.0459171
0.0690533
0.119913
0.0802606
0.138608
0.167132
0.0660217
0.0701402
0.0559504
0.0446766
0.0356433
0.104353
0.191032
0.32098
0.32098
0.19595
0.0516232
0.0508556
0.00911496
0.0132188
0.0637227
0.176102
0.32098
0.32098
0.32098
0.0728661
0.207082
0.103329
0.0452172
0.0776322
0.0860038
0.115662
0.165266
0.0452276
0.0465458
0.0422491
0.0454381
0.0229023
0.0625019
0.115595
0.32098
0.297481
0.152642
0.0181899
0.0301928
0.016689
0.0536967
0.0764866
0.0503293
0.153101
0.311555
0.201939
0.0694128
0.0755679
0.07308
0.0428525
0.120676
0.122275
0.204441
0.311555
0.145015
0.0366997
0.0643912
0.0606708
0.061988
0.157079
0.0969541
0.311555
0.311555
0.311555
0.160316
0.0370233
0.0296955
0.063158
0.0502848
0.0821374
0.245768
0.311555
0.250879
0.127322
0.0601054
0.024409
0.0504233
0.110907
0.1175
0.219239
0.30244
0.177443
0.0621301
0.0750697
0.0858275
0.0637106
0.0598293
0.0238489
0.111173
0.30244
0.201077
0.120416
0.179972
0.172331
0.0727256
0.0615798
0.094288
0.245885
0.30244
0.30244
0.124418
0.0460002
0.0293778
0.0233623
0.0551179
0.141785
0.233757
0.30244
0.30244
0.0923308
0.0531237
0.0443375
0.0702553
0.0566501
0.0222844
0.103136
0.267888
0.260606
0.138237
0.173089
0.175714
0.0972531
0.00223285
0.0379697
0.0459186
0.164519
0.267888
0.180342
0.267888
0.267888
0.0212341
0.0714241
0.147283
0.244164
0.267888
0.267888
0.0908329
0.0448387
0.0366834
0.0425694
0.0299032
0.086408
0.224584
0.267888
0.267888
0.115991
0.078677
0.0861639
0.0794742
0.00406625
0.0251298
0.0453627
0.159137
0.237009
0.133168
0.178084
0.284288
0.18814
0.037244
0.0197375
0.221571
0.382566
0.289455
0.0816346
0.108664
0.296299
0.032307
0.0301678
0.0642392
0.1815
0.286697
0.244985
0.0888292
0.0636174
0.0558165
0.0424768
0.0447719
0.0553139
0.125043
0.319519
0.139639
0.0999402
0.0739781
0.0263576
0.161623
0.0499914
0.0583577
0.204313
0.362731
0.324154
0.09744
0.105913
0.362731
0.102128
0.102389
0.0857419
0.178474
0.362731
0.179953
0.133341
0.0434272
0.0335508
0.0469083
0.0545876
0.0699148
0.148838
0.338285
0.158911
0.1272
0.0963318
0.0328537
0.0542182
0.0831433
0.0686191
0.0976075
0.154836
0.154875
0.106949
0.0961188
0.0354007
0.102405
0.18238
0.214517
0.218227
0.218227
0.218227
0.215887
0.0817133
0.0652871
0.106569
0.218227
0.189469
0.218227
0.218227
0.127566
0.154146
0.135652
0.081817
0.103009
0.194335
0.142833
0.178963
0.218227
0.218227
0.172191
0.155298
0.0756514
0.0685835
0.165839
0.123639
0.184402
0.218227
0.180335
0.135986
0.12844
0.0488894
0.0752811
0.179823
0.191737
0.201829
0.246943
0.0961662
0.0993502
0.104615
0.075145
0.0466874
0.128883
0.273984
0.273984
0.273984
0.238113
0.041707
0.0838671
0.0241718
0.0749086
0.179824
0.14224
0.185257
0.273984
0.0961789
0.0854487
0.0958963
0.0535482
0.0500543
0.117845
0.273984
0.273984
0.273984
0.154213
0.0900368
0.0811863
0.0387487
0.0324551
0.0942075
0.0599018
0.28135
0.336474
0.318178
0.089391
0.0175402
0.0235362
0.0257432
0.027619
0.064179
0.260354
0.336474
0.206188
0.0612388
0.0324041
0.0111224
0.0411883
0.0854448
0.0890748
0.281353
0.336474
0.0794173
0.0204549
0.0331779
0.0194413
0.0645762
0.0366498
0.0518699
0.266074
0.336474
0.187927
0.0379608
0.0381154
0.0459014
0.0271817
0.0288537
0.0642456
0.255086
0.331521
0.265623
0.0596019
0.027351
0.013616
0.0151624
0.0312464
0.0698301
0.247719
0.331521
0.331521
0.0517461
0.0288232
0.0382051
0.0652899
0.0396079
0.0683628
0.280844
0.331521
0.171234
0.0466228
0.0492896
0.0344762
0.0343602
0.043557
0.065033
0.263918
0.331521
0.148426
0.0298532
0.0709072
0.0533398
0.0196759
0.047628
0.0828226
0.294146
0.294672
0.294672
0.0703515
0.032765
0.0387886
0.0166256
0.0201122
0.0574465
0.204934
0.294672
0.294672
0.133417
0.0708249
0.0481013
0.0309705
0.0573412
0.0718223
0.294672
0.294672
0.174084
0.0506332
0.109341
0.0764552
0.038806
0.0232428
0.016506
0.13891
0.201458
0.199045
0.115098
0.267932
0.239601
0.0307217
0.0381898
0.0856636
0.264994
0.264994
0.264994
0.184151
0.0906459
0.0586097
0.0582209
0.0610197
0.0768208
0.183431
0.264994
0.208079
0.181166
0.130048
0.0546204
0.0595141
0.0429248
0.0263623
0.184661
0.264994
0.264994
0.172835
0.264994
0.264994
0.0564952
0.0741263
0.088911
0.130841
0.13579
0.128314
0.133848
0.230877
0.174247
0.0783394
0.0820696
0.118249
0.222616
0.222616
0.222616
0.222616
0.151773
0.0740051
0.0732553
0.114645
0.139178
0.179574
0.222616
0.222616
0.188558
0.138404
0.044104
0.0975516
0.133186
0.139378
0.156054
0.202073
0.17306
0.195239
0.222616
0.204787
0.0968141
0.17402
0.132975
0.119945
0.193217
0.171951
0.222616
0.222616
0.106454
0.0945532
0.166009
0.172702
0.207746
0.210087
0.210087
0.205197
0.140728
0.0631369
0.0538695
0.158534
0.140434
0.187401
0.210087
0.210087
0.171024
0.11143
0.0586919
0.121379
0.196146
0.166891
0.14409
0.210087
0.153347
0.210087
0.210087
0.146095
0.0679957
0.0843327
0.156495
0.172031
0.171768
0.210087
0.184686
0.210087
0.152618
0.0740379
0.189985
0.172767
0.199433
0.255205
0.149657
0.133023
0.110398
0.066655
0.0564258
0.172529
0.255205
0.255205
0.255205
0.159511
0.0938141
0.113722
0.0421502
0.0967865
0.107943
0.155967
0.204688
0.173178
0.154171
0.140933
0.168816
0.141087
0.143822
0.255205
0.255205
0.200695
0.255205
0.0432981
0.0997408
0.108681
0.0200308
0.0654607
0.112735
0.137018
0.378535
0.378535
0.139181
0.0257597
0.0530427
0.0501832
0.0711776
0.0435763
0.090758
0.378535
0.378535
0.266134
0.0526325
0.0763761
0.0602502
0.0571458
0.0820779
0.120054
0.161904
0.155727
0.131508
0.113874
0.0633953
0.0487507
0.0392857
0.0338175
0.0519526
0.194379
0.278983
0.123142
0.0668329
0.082168
0.092341
0.0673648
0.0437804
0.12154
0.365281
0.365281
0.257989
0.0615136
0.095137
0.0538024
0.0468165
0.0642371
0.0792331
0.365281
0.365281
0.263391
0.0498369
0.0851437
0.0844489
0.0538132
0.0573394
0.0675167
0.194178
0.297967
0.112223
0.0494578
0.0961628
0.0782755
0.0774306
0.08461
0.0754825
0.11602
0.142435
0.112086
0.0362558
0.117759
0.126247
0.0411906
0.0692086
0.0785792
0.282322
0.282322
0.278874
0.0673407
0.116374
0.0908184
0.0508793
0.019185
0.0137879
0.217152
0.282322
0.282322
0.193535
0.282322
0.282322
0.0640686
0.0939057
0.096108
0.109541
0.140276
0.10943
0.042514
0.141505
0.122969
0.040018
0.0447259
0.0319455
0.03406
0.0623322
0.0872196
0.246459
0.282322
0.238248
0.0629929
0.0280915
0.0197985
0.236208
0.249616
0.249616
0.234651
0.249616
0.249616
0.0731664
0.0645223
0.0943696
0.147121
0.169325
0.161808
0.186058
0.249616
0.190725
0.0722518
0.0454131
0.0455788
0.0452626
0.0855834
0.0948801
0.238042
0.249616
0.249616
0.11323
0.0317183
0.086515
0.173311
0.120605
0.0568202
0.110127
0.232305
0.249616
0.114519
0.11203
0.147669
0.164669
0.219883
0.209273
0.219883
0.219883
0.205984
0.109444
0.160062
0.162553
0.160347
0.202004
0.184386
0.219883
0.219239
0.112962
0.179782
0.0480515
0.108809
0.202903
0.132787
0.0914786
0.126604
0.219883
0.219883
0.0783737
0.109256
0.103715
0.15545
0.166562
0.219883
0.131135
0.185327
0.115889
0.12017
0.177324
0.197259
0.169931
0.206848
0.180725
0.206848
0.206848
0.153328
0.0648888
0.0989111
0.153882
0.198495
0.20192
0.206848
0.198069
0.187406
0.167984
0.0633674
0.12842
0.139996
0.146736
0.161016
0.206848
0.169206
0.206848
0.125565
0.104852
0.11453
0.145286
0.13932
0.206848
0.206848
0.182849
0.182503
0.0641776
0.0908071
0.106729
0.155698
0.215596
0.187852
0.195552
0.184419
0.16451
0.152295
0.161049
0.230976
0.230976
0.230976
0.230976
0.0443759
0.1083
0.119598
0.0218139
0.0692171
0.120627
0.145205
0.146392
0.217965
0.207445
0.17351
0.191145
0.0612213
0.0956745
0.214791
0.195841
0.230976
0.230976
0.177555
0.111286
0.126982
0.0293571
0.124128
0.152777
0.15224
0.224996
0.210082
0.207642
0.180986
0.113933
0.105489
0.0526208
0.0552198
0.0818143
0.224996
0.224996
0.141434
0.167365
0.149863
0.139113
0.125231
0.216668
0.142533
0.152698
0.224996
0.224996
0.200536
0.213739
0.080411
0.0645102
0.160697
0.157963
0.224996
0.224996
0.130102
0.224996
0.124194
0.0269291
0.0782874
0.0934594
0.125549
0.231454
0.231454
0.15256
0.145548
0.183509
0.130833
0.118382
0.174432
0.119826
0.185185
0.220383
0.196395
0.108039
0.138547
0.189979
0.106414
0.212518
0.182858
0.231454
0.231454
0.138279
0.219786
0.111072
0.0336409
0.0905711
0.0742246
0.0937981
0.228518
0.197544
0.231454
0.186949
0.114935
0.162295
0.0945648
0.161082
0.129353
0.147973
0.188002
0.171032
0.114115
0.153718
0.146789
0.0674129
0.0452373
0.0356283
0.0512189
0.109914
0.210531
0.254797
0.254797
0.254797
0.102069
0.0729132
0.0742927
0.20668
0.192092
0.212107
0.197765
0.138292
0.185758
0.118076
0.0234115
0.117105
0.0651201
0.106322
0.254797
0.254797
0.254797
0.254797
0.0848315
0.0292735
0.0332081
0.0482174
0.115882
0.193205
0.24505
0.24505
0.24505
0.12486
0.0377431
0.110165
0.210431
0.169427
0.10946
0.152874
0.24384
0.24505
0.126147
0.0157219
0.0752508
0.064135
0.127399
0.208882
0.24505
0.24505
0.24505
0.067361
0.136202
0.147115
0.198938
0.13736
0.148082
0.177684
0.234274
0.152025
0.175057
0.0455359
0.117549
0.212354
0.166419
0.148858
0.1681
0.215891
0.215891
0.106545
0.0955637
0.103261
0.16589
0.163443
0.215891
0.111323
0.169204
0.154269
0.106778
0.124505
0.14197
0.215891
0.168218
0.152915
0.170005
0.215891
0.192885
0.130793
0.123092
0.149578
0.206155
0.1698
0.215891
0.167945
0.186489
0.215891
0.0950953
0.118175
0.145902
0.153413
0.167572
0.206654
0.163497
0.205415
0.172054
0.10775
0.123936
0.169847
0.150884
0.206654
0.206654
0.206421
0.149199
0.0578833
0.175904
0.134605
0.146067
0.206654
0.19185
0.206654
0.178722
0.206654
0.206654
0.141439
0.146433
0.16317
0.117203
0.12283
0.181261
0.206654
0.191181
0.107988
0.0772446
0.115529
0.16357
0.151274
0.223017
0.212953
0.19186
0.171828
0.0515263
0.0963517
0.182801
0.237102
0.237534
0.237534
0.165408
0.113696
0.104913
0.0295156
0.166321
0.177572
0.144386
0.103217
0.112563
0.137812
0.17547
0.174339
0.0966305
0.1511
0.237534
0.237534
0.237534
0.237534
0.203741
0.116764
0.0617072
0.0518875
0.138727
0.214459
0.120556
0.179134
0.214459
0.214459
0.178389
0.185395
0.103742
0.0706645
0.187985
0.153178
0.214459
0.214459
0.118904
0.214459
0.116314
0.0492467
0.128178
0.175879
0.101264
0.21164
0.214459
0.138217
0.156332
0.135137
0.106271
0.151054
0.214459
0.136106
0.174256
0.18683
0.193597
0.198442
0.0872757
0.169554
0.0890948
0.188212
0.166666
0.218221
0.218221
0.138164
0.218221
0.106944
0.0444378
0.0875932
0.108093
0.0809514
0.190892
0.187194
0.218221
0.218221
0.0815758
0.134421
0.157676
0.218221
0.132928
0.171935
0.218221
0.203938
0.18716
0.0863512
0.17866
0.0703732
0.0981833
0.13836
0.184523
0.193776
0.215273
0.218221
0.18935
0.132897
0.0975953
0.0920825
0.0610188
0.180322
0.179761
0.199111
0.232055
0.107469
0.159503
0.0957954
0.0175869
0.0821295
0.0813586
0.109712
0.255854
0.255854
0.255854
0.255854
0.0866192
0.093075
0.116861
0.178186
0.201283
0.191197
0.216264
0.196156
0.162789
0.0947797
0.0169636
0.0801871
0.0943849
0.0560435
0.108171
0.255854
0.255854
0.255854
0.113009
0.0141399
0.05158
0.0794852
0.134094
0.25651
0.25651
0.25651
0.25651
0.0741923
0.149411
0.142261
0.189872
0.161078
0.200228
0.195891
0.225277
0.133822
0.106715
0.0364643
0.0658528
0.0962593
0.0727701
0.102602
0.250954
0.25651
0.25651
0.134995
0.129326
0.140111
0.136801
0.178985
0.113736
0.193329
0.171132
0.134351
0.104211
0.129027
0.128985
0.207984
0.182967
0.207984
0.203896
0.207984
0.170436
0.116804
0.11798
0.126059
0.170817
0.206315
0.203591
0.174757
0.183937
0.201796
0.125038
0.150827
0.157989
0.154805
0.195844
0.10749
0.207984
0.178187
0.108737
0.0845404
0.166445
0.133727
0.207984
0.183879
0.088078
0.193891
0.201732
0.142634
0.165448
0.119377
0.13335
0.183301
0.209892
0.199437
0.194616
0.209892
0.189245
0.130515
0.11676
0.159198
0.138847
0.155059
0.195517
0.209892
0.149775
0.0844396
0.0717737
0.15711
0.149488
0.209892
0.204059
0.107662
0.209892
0.209892
0.12988
0.0497197
0.201582
0.176873
0.209892
0.206464
0.135044
0.208046
0.120543
0.0517148
0.15554
0.157001
0.162887
0.128682
0.143753
0.15093
0.173491
0.143401
0.0846409
0.135434
0.245004
0.245004
0.245004
0.245004
0.166472
0.0900735
0.0571707
0.0495778
0.0516298
0.194256
0.19259
0.16996
0.170081
0.136088
0.198224
0.119403
0.0511783
0.0586206
0.245004
0.245004
0.245004
0.245004
0.115651
0.138808
0.1365
0.0444666
