0.185752
0.156718
0.120972
0.209568
0.171897
0.156306
0.171288
0.118357
0.123203
0.128467
0.18505
0.143591
0.212488
0.198395
0.105589
0.171062
0.200848
0.162653
0.106964
0.12711
0.096603
0.167094
0.211283
0.130743
0.141148
0.0872176
0.065255
0.105573
0.223648
0.223648
0.173816
0.223648
0.223648
0.223648
0.223648
0.0833619
0.109887
0.168727
0.117062
0.211438
0.182348
0.110224
0.207832
0.162292
0.159753
0.10392
0.223643
0.223643
0.1905
0.0973566
0.131969
0.220646
0.11395
0.155624
0.0922722
0.223643
0.223643
0.160945
0.223643
0.223643
0.223643
0.186921
0.0751733
0.0624792
0.143293
0.114153
0.0948912
0.139538
0.122876
0.129144
0.166927
0.223643
0.139976
0.224272
0.224272
0.224272
0.126486
0.186977
0.224272
0.132533
0.224272
0.112555
0.155547
0.098326
0.148454
0.187259
0.144314
0.136281
0.193589
0.224272
0.11559
0.183535
0.125811
0.135817
0.224272
0.17217
0.12722
0.156182
0.224272
0.101621
0.16398
0.158525
0.0992678
0.142307
0.101986
0.158276
0.152534
0.162095
0.12091
0.136909
0.136216
0.197993
0.208363
0.173212
0.20337
0.208363
0.208363
0.119022
0.106123
0.118538
0.0997227
0.0926318
0.10584
0.148487
0.208363
0.208363
0.146473
0.208363
0.208363
0.132674
0.199047
0.154045
0.163085
0.155132
0.193372
0.0887791
0.208004
0.11724
0.140263
0.208363
0.208363
0.193063
0.170067
0.119592
0.130989
0.0885436
0.146545
0.144039
0.12288
0.127212
0.206464
0.21685
0.178512
0.128484
0.167334
0.21685
0.21685
0.21685
0.11824
0.13396
0.21685
0.177479
0.0877101
0.175921
0.115995
0.144524
0.21685
0.21685
0.214002
0.190906
0.145143
0.0957499
0.169707
0.125866
0.21685
0.21685
0.111509
0.136602
0.128108
0.135083
0.133694
0.150915
0.190851
0.210386
0.210386
0.12325
0.129473
0.166524
0.142961
0.132677
0.129168
0.165504
0.176282
0.162748
0.210386
0.177807
0.210386
0.210386
0.101618
0.149955
0.118606
0.207773
0.210386
0.117769
0.146799
0.0949141
0.141443
0.0782947
0.210386
0.158892
0.173307
0.191641
0.204205
0.200188
0.190432
0.107015
0.161943
0.157719
0.165039
0.203741
0.137949
0.162637
0.147678
0.154701
0.170027
0.186294
0.160224
0.11874
0.203741
0.155868
0.102139
0.157613
0.203741
0.156103
0.0846623
0.171081
0.143413
0.146805
0.180163
0.19564
0.203741
0.195382
0.15996
0.133473
0.161868
0.148963
0.199458
0.169279
0.145981
0.15827
0.203741
0.203741
0.11362
0.146653
0.100871
0.14755
0.205529
0.111395
0.12196
0.0882915
0.0672913
0.147215
0.223955
0.223955
0.165251
0.223955
0.223955
0.223955
0.211952
0.0915698
0.0352701
0.199563
0.223955
0.223955
0.223955
0.155869
0.222109
0.146791
0.0765916
0.0752365
0.164598
0.170571
0.164443
0.178463
0.191312
0.169117
0.125532
0.0666768
0.142209
0.221254
0.221254
0.195471
0.221254
0.221254
0.221254
0.20492
0.082326
0.0727586
0.153783
0.102738
0.0918814
0.190959
0.178988
0.144555
0.169638
0.221254
0.0864226
0.184202
0.220262
0.189139
0.156624
0.175635
0.197525
0.132375
0.0663506
0.0920989
0.119507
0.0678206
0.0673145
0.157944
0.216387
0.190971
0.166414
0.152071
0.121828
0.194291
0.111155
0.130766
0.217152
0.217152
0.153072
0.182291
0.217152
0.118651
0.189028
0.151716
0.10097
0.158814
0.127463
0.168621
0.146594
0.184006
0.100787
0.20639
0.118251
0.112283
0.20295
0.217152
0.217152
0.178599
0.197227
0.0912748
0.191999
0.181674
0.101344
0.15771
0.167478
0.137979
0.178498
0.183367
0.162044
0.209753
0.180387
0.122105
0.179967
0.141573
0.150882
0.143719
0.196769
0.104582
0.166194
0.124184
0.168832
0.209316
0.199642
0.197821
0.180999
0.138881
0.112608
0.209753
0.20552
0.122966
0.121795
0.209367
0.165276
0.160934
0.167518
0.126067
0.209753
0.0904787
0.171996
0.209753
0.135846
0.173125
0.175247
0.124967
0.099196
0.143542
0.121877
0.156794
0.212715
0.205103
0.20556
0.199655
0.142261
0.101969
0.161681
0.101908
0.212715
0.212715
0.109526
0.114433
0.131838
0.123228
0.187069
0.212715
0.102431
0.192214
0.212715
0.140214
0.198692
0.177908
0.127293
0.177502
0.212715
0.0908848
0.212715
0.212715
0.0763762
0.118445
0.157569
0.212715
0.106342
0.149778
0.113318
0.169797
0.222128
0.109402
0.151908
0.12344
0.133934
0.0461004
0.222128
0.207401
0.172189
0.19577
0.209788
0.222128
0.202833
0.108683
0.184565
0.18186
0.084404
0.180058
0.222128
0.0986296
0.14982
0.179303
0.222128
0.059148
0.149892
0.0862053
0.0949489
0.177936
0.178849
0.154381
0.222128
0.222128
0.0567786
0.17361
0.188416
0.138628
0.173103
0.17206
0.207167
0.207167
0.174181
0.120682
0.207167
0.190265
0.186503
0.175383
0.166507
0.173045
0.207167
0.207167
0.0497395
0.123017
0.0852406
0.0825692
0.165879
0.152722
0.118687
0.207167
0.207167
0.203319
0.207167
0.207167
0.149575
0.174612
0.104633
0.133491
0.147171
0.143254
0.0587459
0.226074
0.226074
0.226074
0.226074
0.177625
0.226074
0.190947
0.134639
0.106033
0.194188
0.200791
0.21115
0.215423
0.1905
0.19828
0.153031
0.0999529
0.127249
0.126025
0.0881361
0.109944
0.173848
0.12397
0.11231
0.128804
0.158792
0.0871312
0.226074
0.166567
0.10381
0.134615
0.127216
0.141293
0.224654
0.108107
0.120539
0.215702
0.215702
0.215702
0.203796
0.186962
0.188251
0.161889
0.0970478
0.0772842
0.134985
0.0894565
0.103044
0.215702
0.215702
0.202998
0.201196
0.135947
0.107422
0.215702
0.187088
0.138214
0.137297
0.12875
0.163819
0.215702
0.166246
0.144725
0.215702
0.0907057
0.135152
0.153066
0.109539
0.194265
0.185732
0.109856
0.0746547
0.166587
0.121828
0.119081
0.210909
0.210909
0.210909
0.19321
0.138328
0.094049
0.163597
0.17215
0.108365
0.176834
0.169154
0.138114
0.17435
0.189021
0.17831
0.210909
0.0893992
0.167365
0.184242
0.132071
0.209293
0.17916
0.129197
0.133788
0.0947165
0.125151
0.19495
0.210909
0.171374
0.161395
0.210909
0.210909
0.111365
0.210388
0.183755
0.126835
0.131666
0.171813
0.165853
0.158808
0.159102
0.110305
0.210388
0.101518
0.187926
0.210388
0.0988336
0.157768
0.128317
0.145718
0.172586
0.104242
0.115068
0.210388
0.210388
0.17422
0.158115
0.200157
0.200331
0.0906051
0.165104
0.198718
0.210388
0.19145
0.20918
0.16455
0.163514
0.136016
0.149484
0.215359
0.135035
0.215359
0.215359
0.0950675
0.192168
0.159829
0.134284
0.143743
0.215359
0.116412
0.215359
0.215359
0.0832671
0.106749
0.165347
0.18708
0.129363
0.183348
0.191725
0.215359
0.215359
0.204936
0.156481
0.181743
0.129814
0.161467
0.172838
0.108773
0.133675
0.164142
0.113576
0.139384
0.140346
0.12598
0.136904
0.174791
0.119004
0.177328
0.227098
0.0968912
0.12804
0.211146
0.175826
0.0540163
0.154535
0.0947189
0.094048
0.199213
0.211011
0.156128
0.227098
0.227098
0.129844
0.1185
0.0926748
0.150054
0.227098
0.126296
0.13888
0.167269
0.144549
0.145329
0.202585
0.0758447
0.169986
0.227098
0.149671
0.155801
0.227098
0.227098
0.044894
0.136782
0.106861
0.0855631
0.1907
0.184413
0.133126
0.22222
0.22222
0.20281
0.22222
0.22222
0.139046
0.19642
0.113908
0.13067
0.167158
0.161128
0.107467
0.17225
0.0531846
0.159495
0.22222
0.149102
0.151193
0.22222
0.22222
0.121116
0.22222
0.157168
0.0995744
0.13792
0.0953091
0.22222
0.126956
0.192127
0.156628
0.186364
0.101336
0.142188
0.171878
0.154908
0.148779
0.165843
0.201357
0.107703
0.216099
0.190072
0.142893
0.192273
0.135263
0.17087
0.216099
0.136568
0.119073
0.158462
0.114727
0.172809
0.216099
0.216099
0.141532
0.183752
0.10677
0.124993
0.216099
0.148167
0.125609
0.216099
0.1734
0.139317
0.216099
0.134306
0.109188
0.219946
0.172067
0.139856
0.182274
0.14707
0.176547
0.219946
0.155856
0.132105
0.219946
0.105758
0.174734
0.211392
0.112611
0.179003
0.199026
0.106358
0.0934306
0.18209
0.12899
0.1197
0.207815
0.206303
0.161225
0.219946
0.144173
0.0987683
0.0932586
0.219946
0.205373
0.219946
0.15184
0.154797
0.131916
0.0916998
0.148027
0.215403
0.0960517
0.174769
0.215456
0.134358
0.181414
0.180354
0.11613
0.128539
0.0815741
0.126916
0.174545
0.215456
0.173138
0.162334
0.215456
0.204902
0.0964354
0.0933995
0.215456
0.153254
0.215456
0.120392
0.188436
0.174353
0.115816
0.135931
0.100622
0.215456
0.178136
0.154109
0.16017
0.215456
0.215456
0.102202
0.159367
0.0989295
0.145174
0.189254
0.215963
0.169265
0.157305
0.215963
0.188536
0.102923
0.147147
0.212242
0.215963
0.184369
0.183164
0.181166
0.141959
0.154685
0.136828
0.135014
0.205946
0.141913
0.151432
0.156748
0.215963
0.215963
0.138314
0.086719
0.0721341
0.108734
0.190309
0.198339
0.15236
0.159789
0.149047
0.163849
0.121594
0.180194
0.212604
0.212604
0.212604
0.167025
0.157976
0.145137
0.137887
0.156957
0.143866
0.15548
0.170405
0.173758
0.128651
0.147436
0.14833
0.111074
0.111782
0.102931
0.122374
0.19122
0.212604
0.151732
0.12835
0.145936
0.17873
0.212604
0.144955
0.146817
0.212604
0.212604
0.212571
0.212604
0.162435
0.123849
0.112882
0.0993822
0.138999
0.146966
0.205505
0.117858
0.122949
0.157298
0.120977
0.132895
0.158229
0.0702753
0.163109
0.214765
0.159996
0.134873
0.204984
0.214765
0.214765
0.137837
0.178465
0.184858
0.214765
0.161487
0.179138
0.181753
0.146464
0.104406
0.156932
0.151495
0.214765
0.191274
0.21102
0.209647
0.0884777
0.214765
0.112242
0.143889
0.0743996
0.174873
0.221688
0.181885
0.14848
0.220642
0.221688
0.1074
0.210806
0.173429
0.125781
0.183463
0.134076
0.215821
0.125494
0.160784
0.106966
0.16124
0.19263
0.221688
0.217079
0.203546
0.182678
0.122485
0.221688
0.080297
0.115334
0.147074
0.221688
0.183505
0.0819988
0.0949664
0.0715176
0.1788
0.0977299
0.15167
0.117165
0.156895
0.211565
0.190424
0.161111
0.18057
0.0789914
0.147565
0.207312
0.119662
0.149653
0.19102
0.184281
0.156668
0.212937
0.113919
0.0974689
0.124447
0.130527
0.142226
0.168368
0.1309
0.130056
0.188373
0.137985
0.212937
0.212931
0.212937
0.212937
0.212937
0.148673
0.153524
0.212937
0.177763
0.0973717
0.176376
0.099788
0.11978
0.176028
0.203321
0.156968
0.211192
0.113216
0.118241
0.104731
0.186552
0.152039
0.211192
0.147609
0.13301
0.126629
0.0944166
0.192286
0.202507
0.189095
0.202382
0.211192
0.199944
0.142233
0.211192
0.181888
0.180302
0.180417
0.211192
0.196599
0.211192
0.0865993
0.104974
0.127903
0.154391
0.0960838
0.100772
0.176671
0.116294
0.200403
0.114139
0.145553
0.146538
0.106679
0.11522
0.0836077
0.203279
0.133234
0.131204
0.153636
0.229208
0.228034
0.101513
0.171746
0.149263
0.168594
0.204171
0.229208
0.109867
0.120016
0.137343
0.206195
0.129074
0.132846
0.187364
0.143083
0.229208
0.229208
0.229208
0.229208
0.17703
0.0973777
0.105096
0.203227
0.111075
0.138661
0.139476
0.218623
0.213289
0.10248
0.10894
0.0610503
0.101139
0.136898
0.166638
0.139196
0.139954
0.137273
0.14979
0.113194
0.137367
0.218623
0.183348
0.218623
0.218623
0.218623
0.218623
0.19127
0.0780578
0.171154
0.218623
0.142963
0.218623
0.218623
0.130031
0.218623
0.161257
0.13613
0.0963867
0.147213
0.15184
0.214405
0.156705
0.130033
0.132101
0.171047
0.193048
0.113589
0.158618
0.218707
0.218707
0.188342
0.198882
0.144049
0.114866
0.108367
0.204711
0.218707
0.179775
0.218707
0.218707
0.116223
0.203224
0.182497
0.084015
0.102405
0.181949
0.16314
0.156218
0.153075
0.204911
0.155868
0.0661553
0.21509
0.131487
0.21509
0.213597
0.21509
0.166922
0.181401
0.172241
0.165614
0.0904205
0.140388
0.17282
0.21509
0.193427
0.21509
0.204933
0.0896152
0.21509
0.118709
0.101904
0.134755
0.142664
0.165437
0.181499
0.21509
0.138331
0.0867727
0.0741267
0.182809
0.144208
0.121636
0.21509
0.21326
0.154468
0.0734676
0.068659
0.114776
0.139921
0.22397
0.230618
0.230618
0.230618
0.187214
0.119486
0.230618
0.105611
0.107838
0.15027
0.230618
0.230618
0.135795
0.0872756
0.0981675
0.182931
0.089251
0.160753
0.122019
0.188387
0.230618
0.159716
0.142023
0.118478
0.106553
0.035256
0.0615535
0.0985987
0.230618
0.230618
0.219549
0.199578
0.113839
0.0597997
0.0897238
0.138075
0.154082
0.133299
0.155895
0.113698
0.143701
0.190929
0.115152
0.216909
0.216909
0.216909
0.216909
0.216909
0.203667
0.182926
0.216909
0.136281
0.103784
0.122385
0.142036
0.120657
0.212944
0.113518
0.10096
0.168896
0.195216
0.216909
0.126864
0.133329
0.127345
0.216909
0.0991511
0.216909
0.127841
0.187131
0.178171
0.207631
0.191516
0.174779
0.209453
0.208323
0.153818
0.209453
0.154234
0.182831
0.166583
0.19305
0.154286
0.209453
0.0978614
0.0894443
0.141404
0.159511
0.192887
0.172364
0.127679
0.101021
0.209453
0.107111
0.209453
0.118719
0.126459
0.0786864
0.187203
0.172621
0.14831
0.209453
0.162645
0.136878
0.166288
0.133159
0.15932
0.13481
0.159812
0.155833
0.21708
0.109944
0.110967
0.148419
0.192301
0.121424
0.118104
0.186325
0.107259
0.21708
0.21708
0.21708
0.21708
0.176886
0.0841454
0.21708
0.179684
0.152211
0.21708
0.195727
0.148364
0.16094
0.12014
0.130131
0.0498819
0.174643
0.176297
0.135613
0.15319
0.21708
0.153834
0.174071
0.106055
0.12824
0.210931
0.1484
0.210931
0.210931
0.210931
0.205368
0.166189
0.099322
0.136952
0.198051
0.12144
0.201796
0.210931
0.136685
0.210931
0.175969
0.107123
0.0770032
0.171129
0.165438
0.118357
0.197898
0.193209
0.130103
0.156342
0.0377002
0.110588
0.192497
0.149294
0.182592
0.1871
0.210931
0.210931
0.0657423
0.13864
0.187292
0.224234
0.170242
0.19622
0.224234
0.147047
0.198724
0.208792
0.0451593
0.0889922
0.152419
0.148513
0.186423
0.153477
0.200425
0.134625
0.0432258
0.0420178
0.160671
0.224234
0.206097
0.224234
0.224234
0.224234
0.224234
0.0720113
0.0344511
0.13239
0.151332
0.210506
0.224234
0.093521
0.0945274
0.11314
0.0767503
0.0928429
0.114137
0.162253
0.162122
0.204282
0.192671
0.216984
0.131686
0.0677216
0.0730481
0.211477
0.18589
0.184137
0.216984
0.205821
0.165756
0.0983504
0.0531536
0.0574798
0.173012
0.205447
0.216984
0.216984
0.142853
0.108804
0.142367
0.109115
0.0571404
0.197686
0.216984
0.216984
0.216984
0.202544
0.216984
0.150712
0.0387453
0.0904866
0.15692
0.140114
0.210095
0.2282
0.139763
0.127123
0.107264
0.0815391
0.0585349
0.0925521
0.100812
0.2282
0.2282
0.226757
0.200156
0.113909
0.0682768
0.0649653
0.178274
0.2282
0.2282
0.155022
0.187465
0.184244
0.150447
0.06579
0.0962268
0.2282
0.2282
0.199386
0.178663
0.2282
0.2282
0.0778074
0.0808829
0.086175
0.120413
0.111345
0.111237
0.254748
0.254748
0.116041
0.1205
0.146217
0.141758
0.148385
0.165591
0.11192
0.254748
0.174041
0.194292
0.102798
0.161212
0.0085176
0.0437925
0.199477
0.252677
0.254748
0.254748
0.0872347
0.026272
0.0132586
0.0430692
0.0850169
0.18212
0.229972
0.254748
0.254748
0.204677
0.0803066
0.0736521
0.126668
0.187221
0.1659
0.0966232
0.241228
0.15576
0.196784
0.0967506
0.120824
0.0658989
0.169966
0.175661
0.13946
0.241228
0.163053
0.153051
0.161464
0.154311
0.0376179
0.0891912
0.195709
0.197859
0.241228
0.241228
0.17265
0.0660138
0.0404418
0.0291769
0.11834
0.131679
0.241228
0.241228
0.241228
0.241228
0.106889
0.0994901
0.0701195
0.198884
0.176283
0.143677
0.244428
0.185621
0.181043
0.153926
0.115384
0.123442
0.0617707
0.156836
0.17997
0.118957
0.156043
0.188217
0.1574
0.13493
0.0384443
0.0939071
0.118107
0.201871
0.244428
0.244428
0.244428
0.127897
0.10329
0.0683881
0.100209
0.109747
0.186725
0.244428
0.244428
0.244428
0.139397
0.123788
0.11984
0.0932325
0.153682
0.189876
0.141855
0.218055
0.198658
0.147084
0.128474
0.0577331
0.104118
0.192202
0.165529
0.154993
0.221788
0.236436
0.236436
0.0845602
0.0798715
0.0964942
0.11291
0.170086
0.236436
0.236436
0.236436
0.164798
0.14944
0.113505
0.0892722
0.0860914
0.172536
0.236436
0.210023
0.144482
0.192268
0.104233
0.066249
0.146604
0.219133
0.210213
0.185301
0.223376
0.223376
0.223376
0.0936021
0.0483245
0.144605
0.148328
0.177277
0.223376
0.140573
0.100091
0.101704
0.0846302
0.12921
0.113814
0.113681
0.202339
0.223376
0.190716
0.159567
0.223376
0.127765
0.0942673
0.173408
0.0949058
0.129249
0.223376
0.21273
0.197427
0.205558
0.112904
0.0437959
0.143274
0.175114
0.183004
0.220785
0.138236
0.0857997
0.0917261
0.0908666
0.0479937
0.207147
0.187678
0.220785
0.220785
0.137414
0.194049
0.108324
0.0624937
0.103515
0.184345
0.0944809
0.114879
0.2161
0.185946
0.193461
0.205633
0.113573
0.120375
0.220785
0.155467
0.193423
0.220785
0.220785
0.205871
0.170251
0.192399
0.0494333
0.189556
0.21148
0.21148
0.158084
0.132224
0.146453
0.101542
0.0718415
0.0822691
0.21148
0.196912
0.160944
0.163402
0.205586
0.21148
0.072763
0.0676244
0.115957
0.21148
0.16079
0.170148
0.210981
0.21148
0.180256
0.128741
0.169543
0.138087
0.21148
0.21148
0.147533
0.13158
0.166743
0.206727
0.21148
0.100874
0.00840165
0.0571004
0.217855
0.269461
0.288697
0.288697
0.147593
0.0289018
0.0136226
0.0174962
0.125734
0.191358
0.23588
0.288697
0.288697
0.210139
0.113808
0.103548
0.052372
0.069143
0.139097
0.222184
0.142495
0.0961171
0.105393
0.142206
0.135532
0.0326439
0.0706831
0.216505
0.257056
0.225167
0.0766956
0.10069
0.0514866
0.0184124
0.017504
0.131236
0.229585
0.227004
0.252609
0.252609
0.188946
0.0911166
0.0560941
0.0374299
0.147045
0.183742
0.252609
0.252609
0.252609
0.252609
0.134613
0.134464
0.0294346
0.0580078
0.189025
0.239055
0.222389
0.0998491
0.0737459
0.0368111
0.0238096
0.00717514
0.049062
0.174308
0.252609
0.252609
0.156877
0.0631331
0.0348274
0.0324922
0.0446871
0.102971
0.178925
0.247339
0.247339
0.247339
0.247339
0.145753
0.121041
0.0665944
0.123045
0.115572
0.236896
0.247339
0.247339
0.246632
0.178791
0.0997584
0.0107904
0.0331355
0.15901
0.247339
0.241055
0.155297
0.0475887
0.0248552
0.0415603
0.00514162
0.00826277
0.186133
0.247339
0.247339
0.149761
0.0797782
0.0089504
0.0125167
0.0787856
0.109278
0.113584
0.208018
0.264775
0.264775
0.236993
0.179998
0.117974
0.110126
0.0905997
0.0730398
0.16652
0.264775
0.264775
0.179008
0.168924
0.080264
0.0048422
0.0033667
0.176038
0.264775
0.264775
0.165269
0.0634037
0.011542
0.01535
0.00897723
0.00594954
0.134898
0.23051
0.264775
0.264775
0.0839471
0.021161
0.0160358
0.113357
0.105791
0.0965652
0.163024
0.261618
0.261618
0.187772
0.172062
0.0786897
0.110115
0.182253
0.0836621
0.0913047
0.261618
0.261618
0.187369
0.171126
0.117918
0.011628
0.0114369
0.134194
0.243366
0.261618
0.261618
0.0924875
0.0359869
0.0255904
0.0252359
0.0206467
0.110479
0.223771
0.261618
0.261618
0.171811
0.028008
0.028723
0.100099
0.176274
0.0925783
0.0795088
0.228255
0.225663
0.186132
0.160992
0.10721
0.102786
0.258816
0.125083
0.125848
0.258816
0.212373
0.193796
0.112281
0.193993
0.0263813
0.0279721
0.114158
0.210909
0.258816
0.258816
0.189303
0.0411098
0.0351195
0.0211104
0.0445828
0.0520135
0.115206
0.258816
0.258816
0.258816
0.0842433
0.042719
0.103421
0.252791
0.141444
0.124412
0.210777
0.183223
0.173808
0.0870969
0.170134
0.140505
0.23139
0.195183
0.11888
0.116175
0.117913
0.185032
0.216746
0.0909699
0.0229059
0.0760857
0.0664148
0.117042
0.252791
0.252791
0.252791
0.0645684
0.0394062
0.0323734
0.15616
0.135105
0.19123
0.252791
0.252791
0.252791
0.0892401
0.0314474
0.101891
0.136003
0.24944
0.24944
0.238358
0.190464
0.203444
0.222567
0.24944
0.0660108
0.163931
0.24944
0.24944
0.24944
0.148787
0.127804
0.0843004
0.0434753
0.193134
0.139473
0.0951385
0.24944
0.24944
0.0965732
0.0759439
0.102671
0.144535
0.0897166
0.167279
0.109444
0.0882094
0.119199
0.0445295
0.109064
0.0912741
0.0781257
0.0757341
0.164388
0.288055
0.288055
0.288055
0.213902
0.11584
0.0757192
0.052432
0.0173893
0.090806
0.288055
0.288055
0.288055
0.212558
0.083092
0.0858456
0.0760997
0.112937
0.153729
0.0859285
0.101475
0.1907
0.0509593
0.107242
0.0978349
0.139035
0.173715
0.16774
0.13343
0.0992302
0.0782241
0.0513616
0.0743857
0.162325
0.260578
0.0192601
0.0531447
0.290172
0.290172
0.290172
0.204503
0.0652393
0.0722195
0.0771917
0.00975539
0.0390123
0.290172
0.290172
0.290172
0.261153
0.117972
0.0167238
0.0280736
0.110701
0.0962272
0.101377
0.0986046
0.0579035
0.0512303
0.0858216
0.183332
0.248528
0.0468358
0.107276
0.280999
0.234971
0.099939
0.0574193
0.120899
0.126482
0.0868455
0.0081537
0.0213074
0.252663
0.311947
0.311947
0.244102
0.0584767
0.0172351
0.0236548
0.00179068
0.00828483
0.181679
0.311947
0.311947
0.311947
0.177376
0.00553734
0.00250993
0.0206148
0.0567295
0.173869
0.178031
0.0995982
0.0416917
0.123598
0.144399
0.0846558
0.0371691
0.148993
0.216657
0.211433
0.226001
0.0530819
0.123099
0.109804
0.0616124
0.00581703
0.0176074
0.156181
0.278306
0.309328
0.309328
0.16719
0.0212554
0.0107224
0.036286
0.02795
0.126771
0.260078
0.309328
0.309328
0.235239
0.0287344
0.0386668
0.0270529
0.0851768
0.133833
0.188099
0.209432
0.0575246
0.113463
0.122786
0.0783538
0.0194135
0.0356546
0.22356
0.272931
0.229211
0.092584
0.0666193
0.0884567
0.0325084
0.0360315
0.0404988
0.129855
0.234691
0.284502
0.284502
0.263044
0.0491195
0.0472109
0.0226483
0.0271305
0.105278
0.148436
0.284502
0.284502
0.284502
0.0857153
0.0586207
0.0159797
0.0196188
0.177871
0.269272
0.238241
0.0889999
0.0614488
0.0914701
0.0345258
0.00169984
0.0111204
0.134388
0.234256
0.284502
0.187163
0.168721
0.0334616
0.00266795
0.0272554
0.0841523
0.116566
0.14906
0.260774
0.260774
0.260774
0.0670185
0.0497046
0.0479809
0.21416
0.158821
0.201316
0.260774
0.260774
0.226219
0.0864924
0.0395554
0.000772827
0.0171602
0.153262
0.260774
0.260774
0.140558
0.11719
0.0204349
0.0022405
0.00347444
0.0265088
0.189997
0.260774
0.260774
0.245102
0.0917758
0.00885077
0.0124017
0.265913
0.222434
0.148379
0.265913
0.265913
0.172831
0.117158
0.116969
0.197563
0.157921
0.265913
0.141775
0.105736
0.142456
0.0693577
0.128183
0.149879
0.127894
0.265913
0.244248
0.183849
0.265913
0.265913
0.0453854
0.0430961
0.0558252
0.078694
0.155889
0.119891
0.0636182
0.0932652
0.147757
0.00792233
0.0344248
0.100881
0.096399
0.234463
0.234463
0.119215
0.134291
0.234463
0.0890629
0.165531
0.206901
0.234463
0.234463
0.234463
0.234463
0.135687
0.144877
0.0897061
0.145473
0.234463
0.234463
0.234463
0.166644
0.0438281
0.110512
0.2196
0.00813367
0.0342141
0.125917
0.190101
0.173259
0.109075
0.0684888
0.0691448
0.0887261
0.0346746
0.0356738
0.105862
0.234463
0.184644
0.186924
0.202609
0.157333
0.123058
0.0995281
0.192923
0.2505
0.2505
0.103643
0.2505
0.2505
0.2505
0.192623
0.104928
0.237692
0.225781
0.222657
0.174112
0.0854982
0.0399617
0.051951
0.0850422
0.0304194
0.0274037
0.127516
0.2505
0.149631
0.1363
0.0518237
0.0642658
0.12252
0.0388178
0.0755425
0.159024
0.219319
0.0680481
0.151474
0.249257
0.249257
0.206872
0.0910605
0.249257
0.249257
0.230191
0.100717
0.249257
0.249257
0.249257
0.249257
0.101065
0.229879
0.218165
0.12601
0.123868
0.0982279
0.0302157
0.0563354
0.0992251
0.0277499
0.0623035
0.146678
0.23709
0.111082
0.0802734
0.104278
0.0651648
0.0817186
0.034436
0.0795681
0.136034
0.216183
0.0763508
0.191677
0.267345
0.274965
0.274965
0.126699
0.221275
0.242846
0.165348
0.0476707
0.0830229
0.274965
0.274965
0.274965
0.181208
0.119076
0.161232
0.0762281
0.0890756
0.0580464
0.0757961
0.0818993
0.0883841
0.0357319
0.0829933
0.1361
0.217736
0.16228
0.147216
0.190133
0.0848401
0.0970379
0.0339237
0.081005
0.165302
0.164731
0.0367104
0.0387178
0.289033
0.289033
0.289033
0.153787
0.096386
0.142337
0.0758992
0.0334268
0.0751255
0.289033
0.289033
0.289033
0.218778
0.216937
0.061356
0.0231628
0.0932955
0.0832052
0.114628
0.0899918
0.101833
0.0466715
0.100399
0.155589
0.147986
0.132163
0.272112
0.156476
0.141141
0.240467
0.0679275
0.101162
0.105646
0.0749168
0.0204798
0.050524
0.276139
0.289187
0.289187
0.142705
0.115837
0.0543803
0.0418796
0.0123101
0.0557659
0.289187
0.289187
0.289187
0.289187
0.099387
0.0433629
0.0389733
0.0886208
0.154963
0.106291
0.0971558
0.137449
0.0724644
0.0983088
0.119679
0.19522
0.0873788
0.123407
0.140441
0.223561
0.26889
0.142978
0.087485
0.0726627
0.163944
0.303895
0.298655
0.206876
0.303895
0.303895
0.0381473
0.051836
0.0804461
0.0877875
0.210518
0.136122
0.0623018
0.117954
0.173505
0.00709723
0.0267294
0.115189
0.132814
0.28184
0.124694
0.0664112
0.303895
0.303895
0.0268665
0.0615762
0.0374764
0.0448147
0.180817
0.135894
0.0417628
0.0736153
0.121814
0.00276981
0.0196768
0.0758941
0.242633
0.248814
0.226012
0.0492971
0.169861
0.248814
0.012842
0.0385287
0.198283
0.248814
0.245777
0.163024
0.120517
0.0894068
0.132341
0.0657042
0.0618525
0.157175
0.248814
0.248814
0.218175
0.0741215
0.105862
0.175597
0.00504304
0.0358527
0.121889
0.248814
0.248814
0.153446
0.0227077
0.0697399
0.162558
0.0201966
0.0994822
0.211143
0.248814
0.260917
0.131135
0.0612731
0.071746
0.12852
0.0564062
0.0477132
0.177823
0.260917
0.247197
0.206424
0.0599465
0.093663
0.183372
0.0614796
0.0995328
0.220678
0.260917
0.237758
0.143888
0.0224773
0.0631698
0.161018
0.0203885
0.096141
0.214213
0.260917
0.260917
0.151407
0.00432824
0.0816778
0.260917
0.000865583
0.0102508
0.19684
0.260917
0.250796
0.178017
0.0362814
0.105074
0.187891
0.0526696
0.0794998
0.217619
0.260417
0.218436
0.135158
0.116132
0.0891142
0.145144
0.0800389
0.123875
0.199725
0.260417
0.260417
0.167571
0.00856129
0.0861708
0.260417
0.00108324
0.00812866
0.178029
0.260417
0.260417
0.187385
0.0239218
0.0370517
0.130099
0.0575773
0.060369
0.167859
0.260417
0.187838
0.115584
0.1175
0.128757
0.178466
0.0783589
0.132661
0.196359
0.245274
0.245274
0.245274
0.245274
0.144577
0.208532
0.0447211
0.125209
0.245274
0.245274
0.245274
0.19956
0.0533345
0.0671721
0.139533
0.0259799
0.0420391
0.149168
0.245274
0.245274
0.202378
0.122346
0.0811808
0.0965577
0.0262952
0.0590506
0.149389
0.116827
0.179067
0.151609
0.217337
0.142793
0.188625
0.0603513
0.164887
0.247737
0.247737
0.247737
0.247737
0.247737
0.247737
0.247737
0.0541693
0.109324
0.181898
0.173556
0.124481
0.116033
0.10253
0.0747898
0.074192
0.0124718
0.039018
0.140587
0.171056
0.247737
0.238313
0.0506
0.0974936
0.222786
0.0136467
0.0297527
0.0807205
0.120326
0.185613
0.236748
0.175942
0.140321
0.222594
0.0852737
0.129135
0.220868
0.236748
0.139944
0.210007
0.219785
0.236748
0.236748
0.236748
0.138208
0.179908
0.236748
0.190378
0.127144
0.0323407
0.0532744
0.113864
0.012286
0.0221456
0.0848248
0.236748
0.205473
0.162483
0.0503929
0.0819021
0.131319
0.0184867
0.0564248
0.126546
0.212297
0.290299
0.129671
0.04985
0.290299
0.290299
0.0163659
0.0516968
0.057739
0.0737798
0.218921
0.118149
0.0313585
0.0731641
0.124965
0.00395753
0.0104907
0.0751859
0.255356
0.278848
0.231981
0.069519
0.290299
0.290299
0.0042981
0.0514659
0.0897205
0.224416
0.280757
0.144213
0.0292146
0.0576977
0.125448
0.000561004
0.022524
0.0744671
0.264035
0.257499
0.174893
0.0540091
0.110414
0.174045
0.0104468
0.0355141
0.118379
0.257499
0.257499
0.153165
0.0117155
0.0516776
0.149037
0.0226
0.115869
0.232666
0.257499
0.257499
0.257499
0.0308106
0.0828531
0.234388
0.00916179
0.0300336
0.106764
0.257499
0.257499
0.12832
0.0112014
0.100126
0.257499
0.0111943
0.0264796
0.162608
0.257499
0.258959
0.152379
0.0114434
0.0543771
0.154708
0.0243941
0.119892
0.215445
0.258959
0.258959
0.16984
0.0048083
0.083673
0.258959
0
0.0152652
0.193364
0.258959
0.258959
0.128244
0.0151901
0.0925632
0.258959
0.0190442
0.0353868
0.148584
0.258959
0.258959
0.122417
0
0.0716157
0.217867
0.0267639
0.0108188
0.164105
0.258959
0.269477
0.197944
0.00963206
0.0951213
0.269477
0
0.0124251
0.177961
0.269477
0.269477
0.176235
0.0186879
0.0425064
0.140433
0.0697958
0.0690626
0.171013
0.269477
0.269477
0.114113
0.0002476
0.0816958
0.245921
0.0125803
0.0127924
0.1887
0.269477
0.269477
0.123713
0.018643
0.04524
0.166474
0.00754816
0.00160469
0.113561
0.269477
0.256094
0.236629
0.0678929
0.0843503
0.176053
0.0387857
0.0516683
0.185589
0.256094
0.256094
0.222831
0.145569
0.121043
0.163079
0.0325322
0.0690978
0.212956
0.123136
0.256094
0.141066
0.0228969
0.0712127
0.247774
0.000377541
0.00845141
0.160866
0.256094
0.256094
0.160527
0.0498323
0.0884274
0.256094
0.0103157
0.0324185
0.0974372
0.256094
0.192377
0.167928
0.155842
0.118806
0.135183
0.0092801
0.0500848
0.230963
0.233971
0.249603
0.249603
0.0813163
0.16909
0.249603
0.0124621
0.0392286
0.117796
0.185413
0.248085
0.140696
0.0429451
0.0746004
0.237985
0.0100594
0.0374666
0.13971
0.249603
0.214671
0.106365
0.0427309
0.249603
0.249603
0.00228064
0.0134648
0.142652
0.249603
0.251763
0.211182
0.0637778
0.100896
0.195285
0.0107081
0.0372067
0.140169
0.251763
0.251763
0.251763
0.0771364
0.150702
0.22119
0.0247615
0.102141
0.235899
0.251763
0.221247
0.0911928
0.0309055
0.162082
0.251763
0.0031828
0.0164392
0.124394
0.251763
0.195582
0.125393
0.0174317
0.114878
0.209607
0.0296131
0.06659
0.116391
0.251763
0.264191
0.215402
0.0846183
0.275047
0.275047
0.00653574
0.0377553
0.0956863
0.256619
0.275047
0.143986
0.0373644
0.0665038
0.14727
0.00175363
0.0150435
0.0732691
0.275047
0.177661
0.275047
0.172972
0.202762
0.275047
0.139065
0.176877
0.114035
0.0606995
0.130288
0.105512
0.0356526
0.0522799
0.126981
0.0101176
0.0259336
0.10933
0.248101
0.259483
0.226002
0.0425747
0.118772
0.259483
0.0164433
0.0346281
0.118318
0.259483
0.259483
0.153211
0.0155236
0.103914
0.259483
0.0149441
0.0453558
0.216319
0.259483
0.18558
0.137361
0.0371506
0.0956062
0.19801
0.0200872
0.0445479
0.133596
0.259483
0.182617
0.134981
0.0175296
0.0835157
0.252611
0.040271
0.0884843
0.199772
0.259483
0.263471
0.173142
0.0189806
0.116707
0.263471
0.0301025
0.0661596
0.21495
0.263471
0.263471
0.161541
0.00196084
0.0905206
0.239973
0.0220252
0.0378932
0.191428
0.263471
0.191916
0.145204
0.0167988
0.126814
0.263471
0.0289631
0.074026
0.175558
0.263471
0.115694
0.108664
0.033305
0.0590708
0.184751
0.0728012
0.0665414
0.183573
0.263471
0.263727
0.166195
0.00339143
0.111802
0.263727
0.0168903
0.0328345
0.232681
0.263727
0.263727
0.116159
0.015155
0.0656426
0.247994
0.0083496
0.0129793
0.171458
0.263727
0.154412
0.12745
0.0450813
0.0993525
0.256
0.067852
0.0695623
0.159732
0.263727
0.199534
0.143711
0.0890191
0.0410741
0.178874
0.0548506
0.0537467
0.218812
0.263727
0.258896
0.115181
0.0190388
0.0789788
0.258896
0.00420679
0.0132001
0.188473
0.258896
0.258896
0.145028
0.0401749
0.120344
0.258896
0.0130486
0.0364258
0.118319
0.258896
0.258896
0.157011
0.0881453
0.0586154
0.21635
0.0568219
0.0587631
0.188653
0.236506
0.258896
0.13631
0.0604524
0.0957073
0.258896
0.0192422
0.0232169
0.0913545
0.258896
0.26268
0.134645
0.0317677
0.0898042
0.236212
0.0132038
0.0414326
0.149768
0.26268
0.204512
0.107739
0.0332455
0.26268
0.26268
0.00129756
0.0204397
0.151846
0.249855
0.26268
0.120822
0.0455193
0.083335
0.220869
0.0277907
0.0310776
0.103366
0.26268
0.188791
0.149178
0.0485355
0.23509
0.26268
0.0142854
0.0191403
0.114944
0.23475
0.253072
0.125028
0.0322141
0.216142
0.253072
0.00568831
0.0332171
0.163463
0.253072
0.243327
0.143504
0.0107628
0.148682
0.253072
0.0451092
0.0874134
0.135654
0.253072
0.237146
0.154499
0.05434
0.179235
0.253072
0.0298362
0.0360703
0.160762
0.253072
0.205146
0.0797945
0.0312528
0.121857
0.208582
0.0633607
0.0517928
0.0926646
0.253072
0.235926
0.257348
0.216749
0.257348
0.257348
0.164229
0.230775
0.169614
0.108036
0.199198
0.149367
0.0715102
0.0809688
0.17931
0.0138272
0.0231376
0.13303
0.257348
0.147415
0.205487
0.162574
0.087192
0.0833635
0.186897
0.176241
0.174365
0.153626
0.169613
0.126631
0.109763
0.0771725
0.0985673
0.0454594
0.0251317
0.145461
0.257348
0.210476
0.138765
0.0646497
0.136865
0.223876
0.0237037
0.0369061
0.148282
0.265524
0.234828
0.163818
0.0309417
0.113945
0.265524
0.031683
0.0881185
0.265524
0.265524
0.209662
0.135816
0.125472
0.114595
0.165464
0.076317
0.0377873
0.184524
0.265524
0.237208
0.125499
0.0128173
0.0726413
0.200663
0.0225738
0.0615704
0.172655
0.265524
0.246421
0.173206
0.0270259
0.169005
0.258751
0.0257572
0.0755908
0.241365
0.258751
0.16166
0.125901
0.0413593
0.0705734
0.196778
0.0660622
0.109921
0.211239
0.258751
0.258751
0.14996
0.0155508
0.111421
0.246818
0.0114115
0.0449677
0.165954
0.258751
0.208137
0.158958
0.0394013
0.0636305
0.0804332
0.0201767
0.0852775
0.225993
0.258751
0.194151
0.135152
0.0547584
0.105001
0.256103
0.0629369
0.0895906
0.158067
0.256103
0.225614
0.125426
0.0666094
0.056748
0.240961
0.0481543
0.0800655
0.254599
0.256103
0.239744
0.198613
0.0630911
0.0962318
0.0898869
0.0298194
0.0551394
0.173327
0.201449
0.249156
0.160264
0.0430488
0.0803216
0.166911
0.146086
0.145358
0.256103
0.256103
0.213508
0.103864
0.0581431
0.0581954
0.20205
0.036999
0.0510685
0.145277
0.176908
0.23814
0.109137
0.044628
0.093409
0.21787
0.0141684
0.0233532
0.0830322
0.23814
0.167838
0.140713
0.232787
0.141038
0.23814
0.135485
0.127245
0.220759
0.231414
0.23814
0.167673
0.23814
0.180621
0.23814
0.0816477
0.111175
0.162159
0.23814
0.262432
0.101844
0.0392584
0.0864097
0.190064
0.021413
0.0340405
0.0866905
0.262432
0.153783
0.122073
0.0302448
0.186616
0.262432
0.0174524
0.0203065
0.086488
0.211174
0.262432
0.170915
0.262432
0.234928
0.262432
0.105498
0.15112
0.055147
0.245405
0.170145
0.10598
0.0141327
0.161504
0.262432
0.00887
0.0246426
0.0923719
0.262432
0.252223
0.180438
0.0514585
0.200039
0.252223
0.0413813
0.0509946
0.16572
0.252223
0.224473
0.0924617
0.03388
0.150816
0.252223
0.0860526
0.0485044
0.0863954
0.252223
0.252048
0.165322
0.0264159
0.193136
0.252223
0.016999
0.046337
0.147483
0.252223
0.153433
0.141653
0.0978406
0.145907
0.208307
0.0579137
0.0449568
0.0879655
0.252223
0.198409
0.223278
0.159182
0.0999063
0.063804
0.199615
0.212574
0.18345
0.20992
0.225351
0.1386
0.129248
0.100267
0.105669
0.0487632
0.0253522
0.170495
0.246594
0.199627
0.203648
0.0904357
0.0908105
0.167552
0.0306959
0.0978997
0.246594
0.246594
0.246594
0.0720458
0.0674095
0.186091
0.246594
0.036944
0.0391447
0.142009
0.246594
0.242327
0.138511
0.12287
0.123919
0.152229
0.0663205
0.031979
0.17634
0.264647
0.264647
0.108758
0.0257236
0.0802835
0.211866
0.0204611
0.0690936
0.194156
0.264647
0.253241
0.0755979
0.123393
0.220274
0.264647
0.0429766
0.016468
0.120962
0.264647
0.127508
0.0710207
0.0487511
0.0828022
0.238225
0.0965026
0.096239
0.22092
0.264647
0.259497
0.140919
0.0261797
0.125185
0.259497
0.0128656
0.0503553
0.192445
0.259497
0.23008
0.151149
0.0383988
0.0748807
0.117663
0.0222863
0.119463
0.231887
0.259497
0.134915
0.0803563
0.0807755
0.106361
0.259497
0.0657166
0.0605818
0.210829
0.259497
0.151145
0.0468626
0.0417542
0.135549
0.259497
0.0785387
0.0805561
0.259497
0.259497
0.159597
0.120209
0.0420058
0.0734949
0.0909866
0.0175874
0.0468527
0.114134
0.15104
0.243125
0.0927579
0.0208589
0.0654376
0.138939
0.0722583
0.103286
0.336183
0.336183
0.132494
0.0775869
0.0509746
0.0998328
0.205791
0.0274012
0.0218267
0.130715
0.282635
0.336183
0.0810554
0.00806477
0.0714201
0.153307
0.0731064
0.127688
0.336183
0.336183
0.138462
0.0942542
0.103459
0.0914067
0.183294
0.0564265
0.0605015
0.135133
0.229533
0.202106
0.151444
0.189678
0.123069
0.232491
0.0364591
0.0450239
0.101848
0.234968
0.234968
0.175131
0.151921
0.132525
0.223089
0.0361859
0.055367
0.229931
0.234968
0.152663
0.234524
0.234968
0.189854
0.234968
0.0206097
0.0535453
0.177713
0.234968
0.214228
0.19813
0.257421
0.18126
0.257421
0.05352
0.0676323
0.0596692
0.232283
0.143452
0.0817216
0.00677455
0.136008
0.257421
0.0105146
0.0177802
0.0674966
0.251493
0.121941
0.257421
0.257421
0.257421
0.257421
0.0234727
0.0569632
0.105103
0.15733
0.167912
0.11758
0.0283887
0.13175
0.239308
0.00124057
0.0233824
0.0541851
0.252483
0.258806
0.170724
0.0199576
0.213304
0.258806
0.0222558
0.0545273
0.139646
0.258806
0.170913
0.138538
0.0808671
0.169412
0.221247
0.068511
0.0411124
0.0927424
0.258806
0.258806
0.192544
0.054989
0.232635
0.258806
0.00697856
0.0605693
0.139907
0.258806
0.107416
0.130775
0.0741386
0.142162
0.164989
0.0345292
0.0893959
0.10151
0.258806
