0.0170315
0.100762
0.127365
0.221833
0.276738
0.276738
0.276738
0.172116
0.0875014
0.0166922
0.0381202
0.0528296
0.276738
0.276738
0.276738
0.10462
0.0485987
0.0336079
0.090175
0.276738
0.2043
0.122365
0.175974
0.140837
0.172507
0.0760851
0.0465307
0.0917024
0.08205
0.0616117
0.133987
0.276738
0.176465
0.0962751
0.119328
0.101573
0.0150516
0.0529672
0.11298
0.300897
0.300897
0.300897
0.0475162
0.0469376
0.0412657
0.138403
0.0930943
0.300897
0.300897
0.300897
0.0918787
0.0596951
0.0124396
0.00523613
0.116574
0.111718
0.101934
0.168931
0.300897
0.16189
0.0658146
0.104718
0.102088
0.0921175
0.0937316
0.130879
0.193491
0.280516
0.147093
0.077779
0.0914365
0.0275187
0.0263617
0.0451187
0.142981
0.147465
0.164894
0.0251294
0.0222442
0.0305342
0.0125114
0.308642
0.308642
0.308642
0.304003
0.308642
0.0294895
0.0295772
0.0517029
0.0344795
0.0538942
0.0509683
0.0410799
0.0612421
0.0783507
0.0365762
0.0173887
0.0237054
0.0325356
0.308642
0.308642
0.252928
0.247927
0.308642
0.0393774
0.0343359
0.0372757
0.10455
0.292736
0.292736
0.292736
0.292736
0.292736
0.043373
0.0456527
0.0970924
0.0524108
0.104143
0.173536
0.0688574
0.0659236
0.106754
0.0740635
0.0986351
0.18053
0.0672015
0.292736
0.292736
0.242707
0.236747
0.292736
0.0398855
0.0351023
0.0420261
0.13675
0.0379127
0.0460375
0.0338057
0.0364616
0.0975829
0.0866373
0.0707847
0.119703
0.0624254
0.143409
0.183616
0.0914962
0.180534
0.166152
0.183279
0.233982
0.233982
0.141102
0.0742389
0.196926
0.130564
0.124983
0.227207
0.143312
0.12001
0.165837
0.0768883
0.0748583
0.0600017
0.0523022
0.0625073
0.1116
0.167016
0.158565
0.233982
0.233982
0.169128
0.233982
0.121399
0.118997
0.233982
0.0520817
0.233982
0.233982
0.217208
0.111465
0.207806
0.164733
0.169935
0.222637
0.152973
0.1433
0.142329
0.0794013
0.0671795
0.187247
0.0757797
0.109823
0.158262
0.147975
0.150364
0.0225242
0.0148858
0.211733
0.245119
0.145611
0.164227
0.245119
0.0875552
0.245119
0.245119
0.245119
0.0500708
0.245119
0.242821
0.0426857
0.0757145
0.217671
0.245119
0.0445712
0.0317533
0.106824
0.223229
0.108524
0.131002
0.166114
0.221249
0.217493
0.0332031
0.0201134
0.0838889
0.207444
0.106286
0.109394
0.166563
0.254148
0.219257
0.120169
0.0392129
0.0651784
0.254148
0.254148
0.0600904
0.0749695
0.254148
0.254148
0.0684324
0.055427
0.04685
0.254148
0.254148
0.161865
0.0627759
0.181949
0.254148
0.12542
0.0140674
0.0659044
0.262493
0.262493
0.159159
0.182045
0.138221
0.145323
0.0501497
0.0415716
0.0726685
0.0738182
0.0931669
0.145465
0.242744
0.223964
0.0896146
0.111275
0.0869215
0.123388
0.262493
0.262493
0.262493
0.262493
0.227207
0.097367
0.0258542
0.0201485
0.0195942
0.0534446
0.127556
0.262493
0.262493
0.237573
0.0873858
0.0378817
0.0380647
0.111075
0.139645
0.16882
0.216746
0.261355
0.261355
0.0837021
0.109934
0.0982638
0.0676281
0.104925
0.14146
0.196658
0.261355
0.191242
0.0909558
0.0767584
0.02732
0.0337599
0.0963392
0.151768
0.261355
0.261355
0.261355
0.11617
0.0630378
0.0393533
0.111065
0.249053
0.0831482
0.186211
0.261355
0.1809
0.0668253
0.164235
0.16568
0.0431742
0.075868
0.0586006
0.0591845
0.0870019
0.0449581
0.0223272
0.0240049
0.0287088
0.229193
0.302258
0.302258
0.302258
0.302258
0.0489671
0.0288563
0.0482474
0.112433
0.152507
0.287983
0.191544
0.0819361
0.157173
0.0356008
0.0233215
0.0524957
0.0329618
0.302258
0.302258
0.302258
0.136145
0.235972
0.0228739
0.0400112
0.0702576
0.049764
0.239218
0.327582
0.327582
0.267779
0.327582
0.0456776
0.0323925
0.0580867
0.130835
0.0290199
0.0449661
0.0478607
0.0416244
0.102077
0.0737716
0.0692431
0.121303
0.0658842
0.327582
0.327582
0.327582
0.164323
0.279621
0.0211791
0.0493819
0.0779324
0.0519042
0.0175134
0.0108096
0.0267833
0.0822227
0.0546351
0.0544837
0.0967147
0.106739
0.074407
0.0785815
0.063049
0.0497652
0.0453223
0.114296
0.13062
0.149764
0.230904
0.230904
0.16261
0.230904
0.105337
0.118598
0.230904
0.0449839
0.230904
0.230904
0.220247
0.0603926
0.0254995
0.0560781
0.16347
0.142078
0.120489
0.208956
0.230904
0.230904
0.157322
0.230904
0.134744
0.167475
0.230904
0.0519723
0.162192
0.177907
0.230904
0.173341
0.23539
0.0988797
0.12011
0.228112
0.0538893
0.222263
0.23539
0.23539
0.0480408
0.23539
0.185951
0.0345654
0.0466353
0.14389
0.23539
0.0549463
0.0267319
0.147434
0.23539
0.129477
0.191628
0.23539
0.0571235
0.164296
0.21587
0.23539
0.0264897
0.162786
0.23539
0.23539
0.0716157
0.0636726
0.168632
0.072845
0.0206287
0.073744
0.254189
0.254189
0.0590241
0.0553834
0.228035
0.254189
0.0827378
0.0477547
0.0426724
0.254189
0.254189
0.123525
0.0650769
0.162803
0.254189
0.144086
0.0150455
0.0244391
0.169125
0.254189
0.254189
0.0806598
0.104793
0.245178
0.0843319
0.0328956
0.010936
0.0972229
0.254189
0.0568226
0.230695
0.254189
0.158511
0.0723319
0.02421
0.0920756
0.26078
0.26078
0.26078
0.26078
0.253362
0.10118
0.0175288
0.0151771
0.0176825
0.064757
0.141284
0.26078
0.26078
0.243488
0.0623698
0.0398672
0.0352305
0.039859
0.0900002
0.128407
0.240371
0.23068
0.26078
0.117759
0.0211388
0.0381461
0.0153811
0.0727343
0.179839
0.26078
0.26078
0.142184
0.0517471
0.0122874
0.0131118
0.0158092
0.0803249
0.132647
0.294247
0.294247
0.254298
0.073476
0.0416318
0.0249596
0.0968502
0.130624
0.0729594
0.229901
0.294247
0.153894
0.0468615
0.0824211
0.104086
0.0150348
0.0717999
0.175738
0.2656
0.28918
0.177367
0.0655588
0.0145029
0.0206683
0.105723
0.110529
0.241021
0.294247
0.294247
0.0680247
0.0659773
0.0642644
0.144302
0.128677
0.267926
0.154595
0.109076
0.226129
0.0451218
0.0264763
0.0417473
0.0253257
0.26195
0.267926
0.267926
0.160567
0.258902
0.0284474
0.0386307
0.0734022
0.0398466
0.0972931
0.267926
0.199028
0.211088
0.267926
0.0306154
0.0272362
0.0250653
0.0471838
0.108366
0.267926
0.266485
0.150453
0.267926
0.0954313
0.0270657
0.0285995
0.0630179
0.329935
0.329935
0.329935
0.19343
0.301708
0.0256259
0.0496471
0.0856087
0.0356157
0.0163922
0.0097624
0.0362902
0.0683834
0.0613438
0.0501174
0.0983544
0.140121
0.0654666
0.180623
0.329935
0.329935
0.179119
0.329935
0.0945165
0.0431877
0.0472155
0.0732962
0.0257315
0.0434037
0.0459008
0.111746
0.097642
0.10089
0.102365
0.124079
0.120968
0.0475158
0.0249744
0.0684691
0.128112
0.133402
0.0959659
0.172876
0.220351
0.220351
0.184674
0.220351
0.119755
0.150632
0.220351
0.0593551
0.112748
0.131473
0.218461
0.0946835
0.0986341
0.0984508
0.220351
0.220351
0.19038
0.181915
0.220351
0.220351
0.198195
0.220351
0.220351
0.184378
0.220351
0.0976556
0.114331
0.143278
0.136037
0.160492
0.188169
0.116579
0.144623
0.24079
0.0546149
0.123868
0.1408
0.24079
0.0288024
0.135167
0.24079
0.156915
0.0702656
0.103687
0.185779
0.0667709
0.0202277
0.211513
0.24079
0.24079
0.200971
0.24079
0.106596
0.131041
0.170018
0.174032
0.0427928
0.0786871
0.24079
0.24079
0.127187
0.132189
0.24079
0.174963
0.0206565
0.0214105
0.146061
0.283648
0.205671
0.0740834
0.118774
0.221273
0.0712244
0.0272194
0.00836983
0.078541
0.191991
0.0690979
0.224995
0.220396
0.111218
0.0508787
0.0217967
0.0510265
0.0820508
0.283648
0.283648
0.15231
0.192047
0.283648
0.193501
0.0403509
0.0147118
0.0309119
0.0746136
0.283648
0.283648
0.248949
0.196156
0.0247565
0.00195739
0.0346099
0.0873738
0.17449
0.261965
0.261965
0.261965
0.112771
0.0236448
0.034175
0.0183568
0.0806742
0.197372
0.261965
0.261965
0.21086
0.0568783
0.0225958
0.0142319
0.068994
0.195134
0.219467
0.261965
0.261965
0.150662
0.0991744
0.0496778
0.0294137
0.046217
0.148762
0.152679
0.191
0.261965
0.22537
0.196751
0.0454552
0.0236693
0.0117938
0.0594006
0.150816
0.290917
0.301187
0.211942
0.0610028
0.0172632
0.0162483
0.141715
0.088166
0.190108
0.301187
0.301187
0.184523
0.0929008
0.0412797
0.115759
0.041397
0.112706
0.12677
0.197457
0.301187
0.183149
0.194283
0.0381192
0.0222843
0.0327165
0.0378673
0.107181
0.157686
0.272773
0.27347
0.135705
0.0616101
0.0462766
0.106709
0.284041
0.16336
0.229948
0.284041
0.0736703
0.0416898
0.0232738
0.0426039
0.107147
0.284041
0.284041
0.181663
0.284041
0.0969492
0.0442839
0.0374375
0.0527844
0.0175461
0.0612663
0.105356
0.0962049
0.166365
0.101058
0.0559714
0.0407668
0.0341409
0.0771527
0.275146
0.284041
0.281348
0.284041
0.0888868
0.0460529
0.106102
0.156141
0.1495
0.292749
0.292749
0.18817
0.292749
0.079891
0.0468404
0.0518163
0.0516836
0.0238937
0.0355526
0.0535569
0.110646
0.102916
0.0810781
0.0976618
0.177645
0.103761
0.0693071
0.29032
0.292749
0.287271
0.292749
0.0737508
0.0461625
0.1051
0.114243
0.0404996
0.199318
0.167018
0.165614
0.254385
0.0938769
0.0658443
0.164639
0.0942793
0.0785227
0.0922752
0.11038
0.214949
0.235123
0.140768
0.135098
0.235123
0.16596
0.189414
0.235123
0.217465
0.15421
0.20566
0.0934929
0.087468
0.122659
0.0950779
0.129632
0.235123
0.235123
0.235123
0.235123
0.155431
0.112029
0.210287
0.107368
0.154171
0.235123
0.235123
0.103721
0.156769
0.0269604
0.033739
0.0547951
0.0286854
0.245947
0.245947
0.245947
0.213884
0.245947
0.13959
0.1243
0.128503
0.136856
0.0423084
0.0897978
0.245947
0.245947
0.175656
0.202302
0.245947
0.169972
0.0132881
0.245947
0.245947
0.245947
0.157077
0.243169
0.0337461
0.0419628
0.0261652
0.0246828
0.0379545
0.0470204
0.0811366
0.192925
0.127389
0.0992566
0.069547
0.0292892
0.035298
0.04095
0.0855298
0.273885
0.273885
0.20219
0.251011
0.273885
0.163686
0.0209116
0.0122386
0.0354318
0.0651577
0.273885
0.273885
0.271348
0.238421
0.054278
0.0062534
0.0302236
0.0367637
0.0979312
0.232228
0.174121
0.130256
0.0826647
0.034255
0.031314
0.0282902
0.0970138
0.0998212
0.195554
0.273885
0.156593
0.236545
0.0933363
0.0322378
0.0467055
0.142678
0.199866
0.266506
0.295415
0.143815
0.0752438
0.0313235
0.0201522
0.0327076
0.0869606
0.116806
0.173248
0.295415
0.233727
0.136193
0.0319919
0.0194754
0.0194679
0.0369209
0.0673107
0.249069
0.295415
0.276287
0.108435
0.0389273
0.00657477
0.0207259
0.074732
0.138448
0.275713
0.295415
0.295415
0.127894
0.00449243
0.00151789
0.0366068
0.0852956
0.109998
0.212217
0.274288
0.223002
0.159855
0.0277956
0.0160713
0.0340916
0.040689
0.096695
0.153105
0.274288
0.274288
0.153556
0.0623909
0.0348813
0.0248975
0.0789138
0.142468
0.274288
0.274288
0.274288
0.185464
0.00869586
0.00139225
0.0334634
0.0464656
0.201841
0.234302
0.274288
0.274288
0.0706696
0.114894
0.114182
0.0146383
0.0288501
0.106858
0.0984699
0.179455
0.126974
0.0608029
0.040681
0.0244677
0.10967
0.291683
0.300511
0.241387
0.300511
0.0860418
0.0528678
0.0951074
0.134646
0.0115533
0.020587
0.0805051
0.113841
0.242798
0.151108
0.0357855
0.0475051
0.0556559
0.231919
0.300511
0.0241134
0.300511
0.300511
0.0477301
0.0536373
0.145023
0.300511
0.0857533
0.24964
0.260248
0.22346
0.260248
0.0577693
0.0398898
0.0840194
0.0843691
0.0618524
0.164204
0.113571
0.134225
0.208579
0.0653299
0.053662
0.160857
0.0786556
0.189786
0.260248
0.0541616
0.260248
0.260248
0.0584835
0.0536436
0.107491
0.260248
0.181056
0.229885
0.164721
0.0809641
0.234527
0.0258293
0.0526338
0.09057
0.260248
0.115372
0.237914
0.177247
0.206162
0.309674
0.0863861
0.0640219
0.140135
0.0622128
0.103196
0.178514
0.122247
0.0695657
0.134504
0.0207872
0.0261937
0.0420223
0.0132382
0.226315
0.31423
0.21665
0.0928731
0.328444
0.0474372
0.0761968
0.113398
0.284765
0.0282651
0.0486749
0.0684958
0.278622
0.328444
0.0652282
0.0849836
0.0564442
0.135334
0.155662
0.234734
0.189631
0.104738
0.194871
0.030635
0.027162
0.00331572
0.000584671
0.0157111
0.0202364
0.0317409
0.104481
0.121661
0.0633238
0.0306175
0.0119857
0.0185579
0.0162932
0.0313575
0.040908
0.342164
0.497083
0.104615
0.11928
0.0725289
0.187884
0.00785572
0.0322274
0.038969
0.201395
0.497083
0.278542
0.0228495
0.0021071
0.00734404
0.0101229
0.0119356
0.043301
0.129323
0.146112
0.0736484
0.0328659
0.0109705
0.0116129
0.0115342
0.045283
0.0440389
0.119115
0.227686
0.10623
0.164133
0.0668637
0.0187721
0.00677265
0.0193347
0.0297161
0.222072
0.552794
0.261074
0.0223875
0.00526531
0.0168972
0.00240464
0.00976202
0.0583168
0.200954
0.552794
0.225371
0.111837
0.0420973
0.0117362
0.0152054
0.0312066
0.0774042
0.247566
0.275998
0.275998
0.139472
0.0427961
0.00775836
0.0196726
0.0805019
0.165974
0.275998
0.275998
0.275998
0.118856
0.00520031
0.00212089
0.0101977
0.0344479
0.125143
0.1745
0.275998
0.240917
0.200466
0.0561274
0.0169261
0.0121588
0.0974286
0.23312
0.224707
0.275998
0.229622
0.0910424
0.0616282
0.00376774
0.0254544
0.0896744
0.173542
0.260076
0.260076
0.260076
0.152798
0.00369544
0
0.0279815
0.0506541
0.201947
0.248773
0.260076
0.244367
0.09802
0.119485
0.0985304
0.0177453
0.111168
0.260076
0.260076
0.260076
0.182334
0.0608099
0.0404718
0.00540302
0.00852347
0.0320603
0.129484
0.228914
0.260076
0.159017
0.17834
0.125873
0.0538557
0.0110007
0.025685
0.0865212
0.119578
0.217952
0.114972
0.0395878
0.0462797
0.0495874
0.284155
0.313817
0.051914
0.313817
0.313817
0.0341874
0.0398557
0.103048
0.313817
0.0103699
0.0225637
0.0811481
0.124105
0.159851
0.0647777
0.0495643
0.0469119
0.0234379
0.313817
0.313817
0.112198
0.156482
0.313817
0.0240402
0.0258627
0.0369659
0.164666
0.233413
0.260878
0.0646036
0.231542
0.260878
0.0397722
0.0362603
0.0770403
0.248649
0.218436
0.260878
0.146133
0.0727814
0.216529
0.0180756
0.0408855
0.0837383
0.260878
0.260878
0.260878
0.109518
0.104249
0.260878
0.0226106
0.0145668
0.03553
0.145469
0.21602
0.108323
0.0264681
0.0173446
0.0919896
0.00255151
0.0162927
0.16796
0.260878
0.27342
0.32086
0.184019
0.0831324
0.32086
0.037415
0.0617144
0.111518
0.308163
0.0612542
0.0687218
0.0479882
0.240576
0.32086
0.0548382
0.0700965
0.0491677
0.135561
0.189487
0.0796876
0.048315
0.010487
0.02799
0.0148821
0.0446374
0.173711
0.32086
0.101261
0.0557481
0.0195607
0.0498648
0.197233
0.042878
0.0909692
0.128898
0.32086
0.0391324
0.0392173
0.0277225
0.292774
0.438188
0.092539
0.104366
0.0650719
0.184675
0.0184314
0.0346133
0.0388897
0.172086
0.438188
0.231358
0.0367524
0.014359
0.0132824
0.103061
0.0545436
0.0272531
0.0613912
0.20045
0.0697886
0.137558
0.124344
0.36972
0.0639605
0.0696065
0.070925
0.150224
0.283185
0.121247
0.0831202
0.0793857
0.0428267
0.0110334
0.0273248
0.0414459
0.197099
0.482897
0.210592
0.0346224
0.0166567
0.0164497
0.00697964
0.0109873
0.0465506
0.191461
0.482897
0.19999
0.100235
0.0264102
0.0321076
0.0351163
0.0507834
0.088978
0.131463
0.297481
0.123953
0.0918545
0.0827594
0.0639503
0.0523394
0.0539891
0.1228
0.173073
0.270855
0.159827
0.15352
0.0955676
0.144162
0.0449865
0.0298185
0.0771111
0.113981
0.22702
0.169935
0.148086
0.0446132
0.0238117
0.101765
0.0876438
0.136178
0.15775
0.324584
0.135081
0.0608847
0.0823623
0.0936035
0.324584
0.0792053
0.0257903
0.122821
0.324584
0.0768446
0.08733
0.0945018
0.219186
0.324584
0.122179
0.0215694
0.140259
0.324584
0.0408861
0.0373649
0.107195
0.324584
0.146588
0.109492
0.176597
0.189825
0.365354
0.11349
0.0387189
0.0782338
0.108935
0.00903649
0.027697
0.0916512
0.137427
0.17325
0.0927144
0.111967
0.0755913
0.0252804
0.393919
0.184335
0.0320829
0.199344
0.393919
0.0348746
0.0349524
0.0967949
0.393919
0.21168
0.123694
0.0954338
0.0671894
0.118793
0.0175948
0.0350432
0.0549848
0.0578327
0.0114635
0.0258691
0.0881402
0.11451
0.137695
0.0547513
0.0489922
0.0404795
0.0187654
0.312833
0.312833
0.165294
0.138062
0.312833
0.0206942
0.0182083
0.0170357
0.133987
0.155918
0.140796
0.216042
0.0694658
0.174435
0.0315308
0.0242075
0.0321139
0.0247875
0.312833
0.312833
0.312833
0.216341
0.312833
0.0806862
0.026169
0.107635
0.0816278
0.281652
0.281652
0.148797
0.0926274
0.281652
0.0171474
0.00982193
0.0213192
0.136187
0.231829
0.124052
0.0267399
0.0170975
0.0712207
0.00267301
0.0153938
0.140492
0.281652
0.281652
0.281652
0.281652
0.183706
0.281652
0.0954613
0.0327736
0.0585737
0.0736972
0.185856
0.0874218
0.0235623
0.0100529
0.029592
0.034142
0.0499234
0.201424
0.281652
0.294678
0.138307
0.0569751
0.0130471
0.0252982
0.0235093
0.0775456
0.239845
0.294678
0.190527
0.117518
0.0258569
0.0540985
0.177681
0.064787
0.135349
0.180874
0.294678
0.189949
0.0577346
0.0117082
0.0155692
0.0344374
0.121001
0.177242
0.28411
0.294678
0.132255
0.0879576
0.118781
0.110455
0.0701557
0.142116
0.210395
0.22218
0.294678
0.18079
0.120043
0.0498271
0.0728379
0.173838
0.105979
0.218636
0.2032
0.238269
0.115285
0.12223
0.14011
0.196395
0.191694
0.166826
0.141279
0.127299
0.086833
0.0893815
0.0995954
0.128229
0.150311
0.108542
0.197711
0.238269
0.229265
0.238269
0.0237272
0.0986317
0.157419
0.237239
0.238269
0.238269
0.193487
0.12591
0.176002
0.0636059
0.104063
0.179333
0.173423
0.206435
0.16294
0.152558
0.139698
0.0978197
0.0811347
0.0790165
0.174267
0.213771
0.208118
0.2185
0.2185
0.142847
0.2185
0.0165942
0.105929
0.173101
0.2185
0.2185
0.2185
0.188159
0.138214
0.193087
0.0181166
0.0831471
0.18061
0.180737
0.2185
0.2185
0.172946
0.159044
0.0763763
0.196299
0.046629
0.0121961
0.0869978
0.242536
0.0522245
0.0595444
0.0499977
0.138789
0.309057
0.0735181
0.011122
0.110077
0.309057
0.0293336
0.0283753
0.0863983
0.309057
0.186272
0.0588527
0.0157958
0.138028
0.309057
0.0248933
0.0316057
0.0618213
0.216069
0.309057
0.0642498
0.0102252
0.170385
0.309057
0.0102318
0.0160346
0.16159
0.309057
0.307656
0.08201
0.0116376
0.120905
0.307656
0.0193021
0.0194893
0.0662185
0.307656
0.114479
0.0946833
0.041543
0.034749
0.0656925
0.0108482
0.0110184
0.0213004
0.0247798
0.307656
0.0599512
0.00696051
0.211086
0.307656
0.00477696
0.00814031
0.140107
0.307656
0.307656
0.307656
0.0208551
0.148385
0.307656
0.00781337
0.00952867
0.00581339
0.0181322
0.168196
0.14036
0.159642
0.0879983
0.187202
0.0297523
0.0185025
0.0252326
0.0226273
0.279469
0.279469
0.279469
0.235156
0.279469
0.0772783
0.0258246
0.0776412
0.0610252
0.279469
0.279469
0.0570542
0.196121
0.279469
0.0327505
0.0250445
0.0109015
0.019428
0.164537
0.205333
0.0623034
0.169916
0.279469
0.110577
0.0549418
0.115265
0.102043
0.259368
0.259368
0.259368
0.188117
0.259368
0.0743458
0.0346362
0.0485107
0.0620273
0.183864
0.0808575
0.0193236
0.0590373
0.140705
0.0619074
0.064582
0.152004
0.259368
0.0682666
0.0560405
0.0638371
0.146337
0.259368
0.114821
0.10214
0.177347
0.101713
0.205653
0.0402395
0.0134721
0.236176
0.259368
0.164969
0.204108
0.259368
0.225721
0.138916
0.0339733
0.00546364
0.0737576
0.194526
0.0984547
0.14269
0.187946
0.283453
0.0940216
0.0648477
0.0708874
0.0810665
0.0694566
0.0866099
0.151534
0.148257
0.223792
0.219726
0.113759
0.0668893
0.283453
0.283453
0.214027
0.283453
0.283453
0.283453
0.142168
0.127612
0.104104
0.150928
0.166702
0.0593868
0.0319359
0.103067
0.179499
0.0985176
0.112958
0.114078
0.158195
0.138425
0.17015
0.238461
0.232137
0.238461
0.02223
0.0962198
0.149856
0.236037
0.238461
0.238461
0.14824
0.112554
0.1327
0.191429
0.238461
0.238461
0.20046
0.23159
0.0746135
0.0387571
0.173841
0.238461
0.0129794
0.0474805
0.0625892
0.226799
0.238461
0.108837
0.0573952
0.0243278
0.0338517
0.0191122
0.113218
0.169632
0.246314
0.246314
0.246314
0.168238
0.121653
0.126044
0.0591728
0.0997707
0.113486
0.128241
0.246314
0.246314
0.234028
0.211294
0.105836
0.0108913
0.0532305
0.0667199
0.225
0.246314
0.143615
0.110005
0.0540425
0.0714692
0.246314
0.179184
0.0641196
0.086944
0.144964
0.0791707
0.172559
0.246314
0.246314
0.179397
0.0543279
0.0234
0.153935
0.284112
0.0231335
0.0397572
0.0536261
0.212962
0.284112
0.0530581
0.0105437
0.181224
0.284112
0.0119695
0.0528289
0.150531
0.284112
0.201656
0.0349601
0.0298689
0.106965
0.279782
0.0290403
0.093042
0.0876033
0.135456
0.284112
0.0625082
0.0217833
0.0932996
0.275458
0.0315285
0.187487
0.226864
0.284112
0.273039
0.0416649
0.00717683
0.190777
0.273039
0.00806762
0.0407713
0.111099
0.273039
0.273039
0.273039
0.0188242
0.106173
0.234925
0.00618652
0.00595341
0.00451797
0.0188382
0.273039
0.0496651
0.0145547
0.0746663
0.273039
0.0248386
0.16109
0.177391
0.273039
0.219962
0.273039
0.0602144
0.126041
0.273039
0.00900517
0.0122362
0.021987
0.00897237
0.287111
0.287111
0.0398785
0.211275
0.287111
0.0317994
0.0244978
0.0118896
0.0266253
0.213944
0.255305
0.0139525
0.196071
0.287111
0.126531
0.0610909
0.107489
0.104676
0.287111
0.287111
0.116696
0.221924
0.287111
0.0377903
0.0254312
0.0396461
0.0178552
0.0861592
0.11189
0.0159397
0.0626277
0.287111
0.0925128
0.0197046
0.0098514
0.00312428
0.0897538
0.0489537
0.00966089
0.189226
0.297351
0.125648
0.107114
0.184126
0.115918
0.202468
0.0372134
0.0139615
0.297351
0.297351
0.239427
0.235388
0.297351
0.294908
0.0107273
0.00290008
0.0070796
0.033145
0.154088
0.0873508
0.0289451
0.0470061
0.0385465
0.148536
0.0101845
0.0141153
0.03248
0.0872798
0.0192802
0.1941
0.297351
0.297351
0.175718
0.0659877
0.0390898
0.289929
0.294839
0.201228
0.257245
0.294839
0.294839
0.134386
0.0784149
0.0635776
0.119547
0.165415
0.051686
0.0402006
0.0932402
0.181281
0.205009
0.0809582
0.0276701
0.0546478
0.14103
0.021093
0.199801
0.294839
0.294839
0.151417
0.146459
0.0658707
0.082256
0.136843
0.0200488
0.0283149
0.101451
0.154341
0.257753
0.247639
0.189782
0.203855
0.257753
0.0674196
0.0530411
0.171631
0.257753
0.0146182
0.0646785
0.0736151
0.256443
0.257753
0.135287
0.0359571
0.019309
0.00792755
0.257753
0.257753
0.160839
0.216917
0.257753
0.0400792
0.053648
0.168527
0.257753
0.0397368
0.116744
0.153842
0.152963
0.140132
0.0849358
0.0344976
0.016829
0.0278222
0.0125333
0.0789772
0.0919845
0.263063
0.303846
0.188125
0.0985727
0.0462975
0.0344168
0.292651
0.213976
0.0428022
0.0594551
0.127199
0.0824473
0.22523
0.303846
0.303846
0.0518801
0.164821
0.164157
0.153417
0.124548
0.0820106
0.0572045
0.0447992
0.0580221
0.303846
0.0426801
0.0291297
0.0237423
0.0335441
0.0371534
0.0909978
0.264848
0.303846
0.18699
0.0671605
0.0382087
0.11485
0.262198
0.0272554
0.100372
0.0938755
0.148035
0.262198
0.084985
0.0161634
0.0845461
0.262198
0.0400414
0.215728
0.246856
0.262198
0.247863
0.110898
0.0218866
0.198357
0.262198
0.015595
0.0244986
0.053936
0.262198
0.262198
0.111023
0.0226208
0.157648
0.262198
0.0137343
0.0234325
0.0784072
0.262198
0.268697
0.0829728
0.0152555
0.0777092
0.268697
0.0351492
0.197687
0.206259
0.268697
0.268697
0.268697
0.0599412
0.121581
0.268697
0.0159955
0.00909874
0.0233966
0.0223256
0.268697
0.109356
0.01334
0.119207
0.163703
0.0086295
0.0176225
0.0745121
0.268697
0.268697
0.182357
0.0197323
0.258301
0.268697
0.0241427
0.0146215
0.0145868
0.0422886
0.317633
0.317633
0.115011
0.204654
0.317633
0.0442983
0.0197856
0.0388711
0.043908
0.10978
0.117218
0.016058
0.0593907
0.313505
0.0851471
0.0168151
0.00445813
0.0012991
0.317633
0.317633
0.03955
0.317633
0.317633
0.0390877
0.0190283
0.0207225
0.0906899
0.0251248
0.0286041
0.0137309
0.0990556
0.264715
0.0598581
0.0133016
0.00675355
0.00231868
0.0167331
0.00439527
0.010919
0.0394361
0.196152
0.0993624
0.0255038
0.0489695
0.0556615
0.130426
0.0137794
0.0213342
0.0338565
0.0915879
0.0317142
0.301213
0.3943
0.3943
0.0046031
0.00707362
0.0114298
0.0613816
0.201223
0.0668138
0.00618798
0.00243929
0.000949335
0.325698
0.0297552
0.0276627
0.0510522
0.0941898
0.0381041
0.181893
0.3943
0.3943
0.199689
0.0635942
0.0191979
0.0501249
0.141859
0.0304932
0.218805
0.297449
0.297449
0.19313
0.124549
0.0458777
0.0749397
0.175765
0.0251194
0.0439148
0.121312
0.186264
0.212504
0.034512
0.015497
0.0863234
0.172619
0.038005
0.0871626
0.297449
0.297449
0.229758
0.0584929
0.0135387
0.149886
0.297449
0.00358807
0.0324445
0.192905
0.297449
0.313873
0.313873
0.0977506
0.185835
0.313873
0.0394338
0.0614953
0.13846
0.298211
0.0319311
0.114055
0.137114
0.151267
0.126854
0.0762086
0.0327459
0.0224231
0.0253644
0.313873
0.149265
0.0321035
0.313873
0.313873
0.00824827
0.0101164
0.102926
0.313873
0.0200465
0.0477116
0.0594675
0.0607566
0.120089
0.0554318
0.0408586
0.0672129
0.0732666
0.0506123
0.193722
0.197532
0.189608
0.131186
0.0844399
0.0595812
0.0539143
0.0531712
0.333053
0.0389382
0.0400598
0.0254765
0.0390817
0.0511899
0.0890987
0.326723
0.392304
0.0361229
0.10678
0.0904087
0.100286
0.165295
0.0694567
0.0643848
0.0766778
0.0479038
0.392304
0.0922525
0.0301339
0.10849
0.186843
0.0229555
0.0382157
0.150304
0.392304
0.265515
0.208434
0.0251514
0.158408
0.265515
0.0132083
0.0186985
0.0488838
0.265515
0.265515
0.172799
0.0200577
0.126291
0.254779
0.0168326
0.0111966
0.0658251
0.265515
0.265515
0.179067
0.0224719
0.13771
0.200483
0.00516933
0.013367
0.081529
0.265515
0.261069
0.128768
0.0324756
0.115825
0.190051
0.00813776
0.0131473
0.117977
0.265515
0.289594
0.164931
0.0151787
0.115335
0.15209
0.0123474
0.00696783
0.0744777
0.289594
0.289594
0.239378
0.0178926
0.264832
0.289594
0.0332951
0.0167741
0.01468
0.0635309
0.223061
0.0593649
0.0205149
0.0897449
0.160384
0.00535994
0.00638236
0.139081
0.289594
0.289594
0.289594
0.00759891
0.145151
0.284158
0.0176455
0.0109673
0.0133476
0.0236731
0.339269
0.339269
0.0371202
0.339269
0.339269
0.0436625
0.0188979
0.0192011
0.122001
0.0335345
0.0257896
0.0155087
0.107552
0.277172
0.0505856
0.013916
0.00948009
0.00345508
0.339269
0.339269
0.01493
0.258691
0.339269
0.0236753
0.0127318
0.0183073
0.0526691
0.0143417
0.00916724
0.0102798
0.05126
0.081289
0.029905
0.015528
0.0148714
0.0118339
0.00358828
0.00531204
0.0130455
0.072352
0.217163
0.0594965
0.00762212
0.00550294
0.00140162
0.285666
0.0298956
0.0289769
0.0550878
0.0922855
0.0432235
0.250391
0.391998
0.391998
0.0166955
0.0105628
0.0118671
0.0471749
0.0904089
0.0274571
0.012272
0.00968421
0.0138798
0.391998
0.0106502
0.011122
0.0348147
0.0327317
0.0253942
0.026699
0.391998
0.391998
0.187499
0.0364573
0.0129604
0.0827363
0.163942
0.0443631
0.120822
0.280515
0.280515
0.241296
0.0916918
0.00843912
0.133546
0.280515
0.0053206
0.041404
0.224914
0.280515
0.214802
0.0239787
0.00881756
0.0343917
0.0669978
0.020571
0.0134293
0.163874
0.280515
0.278165
0.185236
0.0589148
0.0668154
0.2566
0.0245903
0.0206074
0.194022
0.280515
0.317809
0.202508
0.0228944
0.303815
0.317809
0.00709088
0.0119954
0.121407
0.317809
0.015882
0.0389284
0.054713
0.0566517
0.109729
0.0488654
0.0380864
0.0751296
0.0662442
0.317809
0.317809
0.11592
0.125556
0.317809
0.0289691
0.0261515
0.205451
0.317809
0.0405901
0.0448028
0.0533831
0.0742577
0.122221
0.0552695
0.0336292
0.0537814
0.0579448
0.0402298
0.0983134
0.0966403
0.101123
0.159716
0.0632464
0.0665134
0.0829119
0.04295
0.400441
0.0921958
0.0408549
0.09242
0.160978
0.0197033
0.0334214
0.181368
0.400441
0.0804133
0.0719394
0.100066
0.114451
0.149416
0.0697883
0.0629026
0.0609462
0.0567009
0.300893
0.0913234
0.0249234
0.046833
0.112547
0.0345087
0.132961
0.400441
0.400441
0.266703
0.266703
0.0379075
0.170976
0.242597
0.0086401
0.018532
0.10224
0.266703
0.266703
0.265202
0.0494842
0.150099
0.224152
0.0093677
0.0205469
0.157293
0.266703
0.140322
0.130643
0.062841
0.0945991
0.246883
0.0629208
0.0378245
0.0718217
0.184244
0.116271
0.0933411
0.139009
0.206082
0.266703
0.0843035
0.044849
0.0787643
0.218106
0.286794
0.0644667
0.0236706
0.115605
0.204858
0.00762711
0.0124578
0.149383
0.286794
0.286794
0.286794
0.0103935
0.195636
0.286794
0.0177146
0.0174074
0.0158923
0.0383047
0.113626
0.0910687
0.0927263
0.203483
0.286794
0.0760101
0.0245407
0.0590335
0.241581
0.17388
0.207456
0.0272847
0.286794
0.286794
0.0286642
0.0259642
0.0216976
0.0573017
0.351592
0.351592
0.0153327
0.282102
0.351592
0.020193
0.0163534
0.0174699
0.0702095
0.0132169
0.00750552
0.0172731
0.0481762
0.0594297
0.027768
0.0200525
0.0154557
0.0106052
0.316728
0.351592
0.0421822
0.351592
0.351592
0.0340146
0.0349929
0.0281666
0.123667
0.00255935
0.000800296
0.0165847
0.0636836
0.181192
0.0822435
0.0116858
0.00370102
0.00438314
0.018321
0.0120912
0.0181586
0.0559141
0.0872654
0.0356269
0.02097
0.0151935
0.0152789
0.414008
0.0103092
0.0101143
0.0423666
0.0429907
0.0272827
0.0313173
0.414008
0.414008
0.00594428
0.00172248
0.0111769
0.0754779
0.249362
0.110263
0.0154
0.00496401
0.00778291
0.414008
0.00481941
0.0070568
0.0490969
0.145373
0.095038
0.0658206
0.0786046
0.414008
0.23108
0.0298837
0.00534084
0.0303233
0.065292
0.0189849
0.0137268
0.165226
0.288225
0.288225
0.203126
0.0302451
0.0817053
0.242324
0.0172014
0.0381527
0.237071
0.288225
0.239175
0.00736429
0.00138028
0.031649
0.113337
0.0595835
0.0285852
0.0427011
0.288225
0.288225
0.181222
0.0495039
0.192745
0.288225
0.0244182
0.0551222
0.110592
0.288225
0.303585
0.303585
0.0579132
0.117502
0.303585
0.0197674
0.0385035
0.225785
0.303585
0.0379284
0.044101
0.0540484
0.0778557
0.11888
0.0363071
0.0392938
0.0611321
0.04755
0.303585
0.219954
0.0558331
0.261952
0.303585
0.0471439
0.0691306
0.13984
0.303585
0.0706966
0.0841424
0.0913286
0.136249
0.190904
0.0931975
0.0846078
0.084611
0.0661758
0.0763212
0.0755867
0.100145
0.116867
0.159917
0.053029
0.0692094
0.0632771
0.0506868
0.275373
0.0899427
0.0352744
0.0381079
0.0887542
0.0349262
0.104304
0.312948
0.312948
0.0930805
0.108007
0.123911
0.21517
0.312948
0.153251
0.141213
0.120925
0.0641324
0.194467
0.0830988
0.0842613
0.0764407
0.134678
0.104232
0.312948
0.312948
0.312948
0.160542
0.131807
0.0485698
0.101282
0.203337
0.0393139
0.0392765
0.0789937
0.177691
0.143843
0.118094
0.0988269
0.1445
0.214238
0.0728844
0.0826176
0.131699
0.216216
0.229159
0.229159
0.0528305
0.118374
0.229159
0.0262206
0.114001
0.179086
0.21005
0.229159
0.229159
0.218708
0.182715
0.229159
0.118533
0.229159
0.229159
0.229159
0.126315
0.0963071
0.0927682
0.194698
0.264932
0.0633695
0.0619438
0.118371
0.243289
0.145075
0.132362
0.0238215
0.264932
0.264932
0.0368347
0.0285641
0.023999
0.0665258
0.218787
0.187124
0.197323
0.188644
0.264932
0.087413
0.233983
0.264932
0.264932
0.163033
0.138486
0.10336
0.154158
0.264932
0.0774485
0.03167
0.0384087
0.0330758
0.275401
0.252019
0.0412901
0.350336
0.350336
0.0470502
0.0357057
0.0297642
0.13906
0.0024048
0.000916432
0.0220794
0.0673714
0.208511
0.0849745
0.015559
0.00393161
0.00448325
0.329077
0.285293
0.198061
0.312546
0.350336
0.103937
0.0301169
0.038644
0.0173146
0.00250315
0.00370201
0.00811892
0.0487993
0.250108
0.0758091
0.0097978
0.00582899
0.00347918
0.00517466
0.00171326
0.0139236
0.0796125
0.281867
0.110113
0.0189192
0.00609914
0.00715448
0.397522
0.00537765
0.00655741
0.0550395
0.183383
0.0808566
0.0520825
0.161753
0.397522
0.00211329
0.00349586
0.0163333
0.0644878
0.321952
0.100624
0.0143879
0.00748715
0.00433234
0.375635
0.0143643
0.00560875
0.0678577
0.202549
0.0833431
0.0180041
0.206057
0.397522
0.216544
0.00906021
0.00014468
0.0353439
0.132349
0.052235
0.0232298
0.0749869
0.288165
0.288165
0.136381
0.0344072
0.223266
0.288165
0.0177663
0.0687462
0.154221
0.288165
0.157855
0.00973005
0.0044107
0.0429763
0.136162
0.0611606
0.0174519
0.0864068
0.288165
0.288165
0.21324
0.0438279
0.161439
0.288165
0.0156884
0.0427186
0.173613
0.288165
0.297467
0.174016
0.0361184
0.279837
0.297467
0.0407231
0.0823079
0.173523
0.297467
0.0725383
0.0938713
0.0944668
0.137352
0.1891
0.0639625
0.090753
0.0924028
0.0726923
0.297467
0.265309
0.0575969
0.205263
0.297467
0.0396541
0.0708777
0.16525
0.297467
0.0872918
0.109179
0.102025
0.0845778
0.119006
0.0521451
0.0475396
0.0725325
0.0749943
0.0859674
0.117921
0.115675
0.168279
0.24628
0.0993949
0.125398
0.106265
0.0684412
0.179891
0.0919073
0.0893484
0.0719896
0.121657
0.0958822
0.268683
0.272604
0.272604
0.114988
0.146649
0.144496
0.104109
0.104445
0.0836957
0.0799337
0.0636747
0.144961
0.272604
0.180149
0.19799
0.209399
0.272604
0.0849379
0.179546
0.205617
0.272604
0.231968
0.203475
0.0541537
0.0955643
0.178886
0.0135449
0.0838914
0.131782
0.199813
0.216909
0.21378
0.13566
0.113836
0.206567
0.0869121
0.192395
0.231968
0.231968
0.231968
0.231968
0.113726
0.153647
0.231968
0.0551722
0.0683637
0.0849448
0.231968
0.206555
0.141624
0.11638
0.15669
0.178384
0.0209322
0.0687273
0.137544
0.231968
0.25183
0.201981
0.189788
0.175121
0.260353
0.0771999
0.235723
0.260353
0.260353
0.228611
0.128199
0.0976749
0.144834
0.260353
0.0829892
0.0331191
0.0424045
0.0326485
0.260353
0.155398
0.112796
0.141279
0.213154
0.0189466
0.0815663
0.174394
0.260353
0.148421
0.138597
0.0602335
0.107064
0.231798
0.0151152
0.0166939
0.0183443
0.0146805
0.314064
0.314064
0.258156
0.314064
0.314064
0.145303
0.0425547
0.0568271
0.0189177
0.00440604
0.00745981
0.0109809
0.06112
0.314064
0.0884989
0.0125465
0.0147311
0.00727885
0.314064
0.314064
0.161253
0.269777
0.314064
0.0191297
0.0201235
0.0277811
0.0155623
0.0106491
0.0131437
0.0186431
0.0239025
0.0491442
0.0203444
0.0161241
0.0219517
0.014881
0.00348318
0.00569607
0.0148946
0.0581385
0.319738
0.0809378
0.0133327
0.0126855
0.00570985
0.280592
0.0133736
0.0050895
0.0522984
0.210309
0.0542249
0.0616557
0.389051
0.415687
0.00883336
0.0100533
0.0176847
0.0259441
0.0546881
0.0184981
0.0145702
0.0178428
0.013162
0.261779
0.00858876
0.00532301
0.0194758
0.0399766
0.0149305
0.0936747
0.415687
0.415687
0.147184
0.0110496
0.00464524
0.0443486
0.162277
0.0457453
0.0297887
0.152137
0.273929
0.253174
0.193682
0.0630253
0.186674
0.273929
0.0150088
0.0552871
0.201309
0.273929
0.14183
0.0156479
0.00534928
0.037934
0.0742002
0.0118306
0.0356226
0.273929
0.273929
0.26158
0.188548
0.0992773
0.16414
0.273929
0.0202502
0.0489207
0.204826
0.273929
0.27889
0.27889
0.097724
0.272528
0.27889
0.0505137
0.0815362
0.179111
0.27889
0.093131
0.13947
0.131924
0.107071
0.126518
0.0585561
0.0581788
0.0808534
0.0988745
0.27889
0.27889
0.168416
0.27889
0.27889
0.0302132
0.0444384
0.116434
0.27889
0.0580301
0.0746933
0.0456953
0.0605696
0.0663595
0.060137
0.0296842
0.0642194
0.0788423
0.119701
0.183375
0.175568
0.122116
0.0855374
0.0986793
0.0901724
0.0737498
0.14937
0.287985
0.235693
0.230429
0.206155
0.287985
0.115494
0.237014
0.223569
0.287985
0.0943136
0.102954
0.0686671
0.102457
0.101514
0.0765718
0.0355759
0.0562774
0.0720663
0.287985
0.129546
0.0833469
0.119858
0.193714
0.0369366
0.0382051
0.170606
0.287985
0.252865
0.252865
0.158599
0.215532
0.252865
0.10068
0.093182
0.0995916
0.252865
0.247958
0.196158
0.182971
0.204053
0.252865
0.0773962
0.0986617
0.152493
0.252865
0.0732847
0.0866249
0.0770942
0.142958
0.252865
0.220242
0.0752254
0.0247747
0.0343024
0.0361184
0.0333632
0.112655
0.189232
0.252865
0.130045
0.077736
0.0306323
0.0636405
0.304635
0.2113
0.177533
0.205541
0.304635
0.106368
0.14057
0.238128
0.304635
0.283643
0.188271
0.115824
0.147028
0.303799
0.0208744
0.0220172
0.0281122
0.0167091
0.0295357
0.0367911
0.137219
0.176425
0.304635
0.183892
0.127435
0.0551345
0.122544
0.0339113
0.0647573
0.126219
0.118097
0.146466
0.0192878
0.00590221
0.00215748
0.00217769
0.35886
0.35886
0.322066
0.35886
0.35886
0.0350467
0.0311939
0.0494904
0.0225951
0.016454
0.0253461
0.042184
0.0511366
0.0628717
0.0265824
0.0290904
0.0543595
0.0264558
0.0905247
0.204679
0.35886
0.240045
0.301947
0.042672
0.0151852
0.00902269
0.00290291
0.0328789
0.0511366
0.061258
0.08325
0.116223
0.0478588
0.0359099
0.0151903
0.00463253
0.00794427
0.0111812
0.018916
0.0248824
0.0367672
0.0125827
0.0144469
0.0222218
0.0111883
0.269149
0.0106581
0.00609313
0.0325937
0.0616646
0.00800896
0.139349
0.445945
0.445945
0.0111457
0.0215406
0.0320498
0.0384309
0.0604433
0.0244985
0.0133794
0.00669448
0.00267289
0.290194
0.0250123
0.0091637
0.060317
0.124097
0.0148773
0.00749981
0.437197
0.445945
0.155356
0.0178148
0.00670527
0.0432754
0.0845953
0.00688113
0.0524748
0.286655
0.286655
0.246247
0.215007
0.110835
0.179003
0.286655
0.0203466
0.0667597
0.212346
0.286655
0.173479
0.0273545
0.011341
0.0260386
0.0598975
0.014236
0.00526263
0.223476
0.286655
0.148541
0.161296
0.00925909
0.230619
0.286655
0.00445359
0.0108709
0.108862
0.265973
0.285302
0.285302
0.223522
0.285302
0.285302
0.0351368
0.0577485
0.14414
0.285302
0.0679441
0.100743
0.0826606
0.0732535
0.0654394
0.0755794
0.0436427
0.0803777
0.0976349
0.205414
0.285302
0.0262586
0.285302
0.285302
0.0136529
0.0272502
0.0997755
0.18994
0.14561
0.158957
0.067669
0.101936
0.216731
0.0312568
0.0533069
0.0724617
0.106443
0.134591
0.159628
0.124582
0.149485
0.126297
0.103657
0.0529757
0.0943078
0.0922869
0.30212
0.212482
0.143631
0.149313
0.189226
0.0682395
0.0624308
0.296169
0.30212
0.174668
0.224557
0.0972121
0.0837471
0.167459
0.0467494
0.100652
0.12882
0.151278
0.272088
0.133201
0.0230696
0.0840284
0.144847
0.0356271
0.0938412
0.264545
0.30212
