0.244335
0.13398
0.0306745
0.076233
0.151676
0.0440043
0.0701948
0.168651
0.255953
0.255953
0.0876955
0.0117004
0.134323
0.255953
0.0531106
0.0929964
0.255953
0.255953
0.255953
0.148156
0.0419944
0.0817846
0.193828
0.0550938
0.028695
0.10162
0.255953
0.255953
0.0909583
0.0083982
0.129634
0.255953
0.121208
0.0979515
0.182301
0.255953
0.259044
0.0963337
0.0156977
0.123429
0.259044
0.0682981
0.0932308
0.239082
0.259044
0.259044
0.145321
0.0409066
0.10085
0.259044
0.0109911
0.0281908
0.110467
0.259044
0.259044
0.100771
0.0201299
0.106335
0.259044
0.12588
0.090835
0.142617
0.259044
0.259044
0.158715
0.0402395
0.0650148
0.137077
0.00690516
0.0148338
0.0640386
0.259044
0.231625
0.138428
0.0476081
0.0976608
0.261552
0.015528
0.0305967
0.0715018
0.261552
0.261552
0.220655
0.0882902
0.217111
0.261552
0.00544984
0.0320281
0.0917187
0.261552
0.261552
0.158738
0.0458174
0.0705528
0.142848
0.00947483
0.0157379
0.0378764
0.261552
0.261552
0.118057
0.0129127
0.191585
0.261552
0.0076836
0.0276527
0.0763226
0.261552
0.2701
0.199585
0.103691
0.177159
0.2701
0.0204387
0.0592384
0.225426
0.2701
0.204848
0.0649354
0.0727734
0.0720111
0.12872
0.060357
0.0796087
0.218902
0.2701
0.2701
0.125561
0.0135635
0.167185
0.2701
0.0120014
0.0266053
0.0820701
0.2701
0.216463
0.06617
0.0267043
0.0644738
0.133667
0.064321
0.105106
0.0887695
0.2701
0.273898
0.0704239
0.0876893
0.0737288
0.16095
0.0690071
0.1001
0.29466
0.29466
0.29466
0.0972396
0.0197973
0.0787119
0.184346
0.0141421
0.0584684
0.123051
0.29466
0.29466
0.0727793
0.0263766
0.0913171
0.136701
0.0405138
0.0892022
0.0817308
0.29466
0.29466
0.0697342
0.0435387
0.126713
0.162121
0.0226087
0.0202263
0.0592603
0.29466
0.262675
0.140028
0.0105652
0.14617
0.262675
0.0113957
0.0281977
0.0789076
0.262675
0.23631
0.112449
0.00465394
0.123221
0.262675
0.0223072
0.0537143
0.0764508
0.262675
0.262675
0.137613
0.0374757
0.18464
0.262675
0.0110165
0.0136909
0.0470127
0.262675
0.262675
0.138819
0.0271567
0.128514
0.262675
0.0426966
0.0260157
0.0623344
0.262675
0.26875
0.124945
0.00298476
0.158689
0.26875
0.0171233
0.0313175
0.0643996
0.26875
0.163233
0.0497791
0.0188426
0.241193
0.26875
0.0139451
0.0201965
0.0640998
0.26875
0.26875
0.181577
0.027285
0.131511
0.26875
0.0285024
0.0187205
0.058075
0.26875
0.166547
0.0446244
0.0338795
0.208292
0.26875
0.0152799
0.0290478
0.090912
0.26875
0.263064
0.152784
0.050614
0.0833366
0.183142
0.0625157
0.0321578
0.0965915
0.270288
0.233092
0.0739773
0.0208375
0.122723
0.270288
0.12757
0.0777267
0.183844
0.270288
0.236054
0.176802
0.114588
0.0940434
0.270288
0.036069
0.0456509
0.128114
0.270288
0.270288
0.158004
0.0420409
0.0622244
0.141072
0.020528
0.0556159
0.156709
0.270288
0.266864
0.0903881
0.0264372
0.126289
0.27134
0.153315
0.0851274
0.160213
0.27134
0.27134
0.131787
0.0256688
0.102565
0.210287
0.00866062
0.0125911
0.107991
0.27134
0.27134
0.171275
0.0164162
0.0700005
0.173386
0.0190732
0.0447085
0.174692
0.27134
0.27134
0.166503
0.0185653
0.060242
0.136576
0.019906
0.0347297
0.156458
0.27134
0.269023
0.155043
0.0350779
0.101515
0.196715
0.0126921
0.0171162
0.0654474
0.269023
0.269023
0.130512
0.0125878
0.226234
0.269023
0.0105395
0.0343428
0.0799463
0.269023
0.208145
0.180769
0.033207
0.0712506
0.186659
0.0242102
0.0281003
0.115075
0.246162
0.259927
0.094188
0.0101691
0.220533
0.269023
0.00733933
0.0161547
0.14352
0.269023
0.291189
0.145403
0.0169505
0.186522
0.291189
0.0162551
0.0320674
0.0761393
0.291189
0.230678
0.0594881
0.0409307
0.0798686
0.147694
0.0649675
0.0921188
0.0931251
0.291189
0.263811
0.104119
0.0220622
0.197425
0.291189
0.0130962
0.0233277
0.170237
0.291189
0.156608
0.0591451
0.0512464
0.0825371
0.135215
0.0461222
0.0900324
0.139927
0.291189
0.310638
0.0727111
0.039729
0.106497
0.169319
0.0467062
0.0796415
0.0873963
0.310638
0.310638
0.0875551
0.0461166
0.133973
0.207502
0.0248187
0.0213203
0.0803642
0.310638
0.241203
0.0815213
0.0544393
0.110658
0.192971
0.0403964
0.0809906
0.185312
0.310638
0.148335
0.0440051
0.0281888
0.111671
0.25967
0.0238232
0.0503371
0.110095
0.310638
0.268427
0.121278
0.0323809
0.186652
0.268427
0.0162001
0.0155207
0.0616734
0.268427
0.268427
0.120884
0.0176381
0.135339
0.268427
0.0440302
0.0359996
0.0705469
0.268427
0.172171
0.0612732
0.0222134
0.172246
0.268427
0.0138227
0.035222
0.067093
0.268427
0.268427
0.121127
0.0210644
0.123022
0.268427
0.03101
0.0388933
0.0940419
0.268427
0.271077
0.145186
0.0185035
0.15717
0.271077
0.0347364
0.0301101
0.0714377
0.271077
0.196619
0.0660693
0.0302537
0.238618
0.271077
0.0179699
0.0411735
0.0895523
0.271077
0.271077
0.12243
0.0253227
0.144317
0.271077
0.0270006
0.0383176
0.0887374
0.271077
0.206412
0.160162
0.0613052
0.138421
0.237179
0.0133432
0.0281728
0.0668903
0.220176
0.200167
0.152855
0.0989099
0.0943985
0.273473
0.04581
0.0383573
0.126845
0.273473
0.273473
0.119605
0.0456131
0.0651746
0.197456
0.0181004
0.0457197
0.163506
0.273473
0.227953
0.10918
0.0321937
0.11485
0.273473
0.0159679
0.0328528
0.10691
0.273473
0.265019
0.0592546
0.00815581
0.132599
0.273473
0.00845885
0.0558144
0.160267
0.273473
0.26892
0.138727
0.0172291
0.0884958
0.263749
0.0154659
0.0473056
0.189284
0.26892
0.26892
0.150987
0.0193715
0.0846581
0.15958
0.0172414
0.0347633
0.172732
0.26892
0.26892
0.111075
0.0185307
0.134968
0.26892
0.0136651
0.0675138
0.184103
0.26892
0.256747
0.1696
0.0404164
0.104747
0.133179
0.00848164
0.0202438
0.0634392
0.26892
0.203278
0.157492
0.0278249
0.089611
0.19749
0.0205138
0.0315906
0.125322
0.250194
0.212696
0.0912448
0.0109906
0.248561
0.284441
0.00738378
0.0114686
0.155682
0.284441
0.216902
0.179961
0.04168
0.117727
0.147302
0.0121318
0.0187626
0.0643195
0.221315
0.243621
0.106695
0.0187766
0.142703
0.284441
0.00427489
0.0104519
0.284441
0.284441
0.231301
0.101382
0.0226941
0.209154
0.270357
0.0129166
0.025793
0.171946
0.270357
0.144494
0.0528689
0.0593671
0.0799416
0.13298
0.0296623
0.0745071
0.144771
0.270357
0.204563
0.12853
0.0410773
0.147078
0.270357
0.114819
0.11128
0.270357
0.270357
0.0480012
0.0888139
0.108005
0.130021
0.252464
0.146641
0.123873
0.182189
0.254067
0.238414
0.0766498
0.0638846
0.10831
0.183294
0.0287092
0.0762537
0.183457
0.256604
0.163983
0.0595533
0.0281996
0.111253
0.250928
0.0185393
0.0430271
0.109957
0.256604
0.0854482
0.0925625
0.122835
0.182962
0.256604
0.256604
0.240544
0.23836
0.233151
0.256604
0.0898031
0.0378017
0.13479
0.256604
0.0120131
0.0234419
0.0630651
0.256604
0.196432
0.0631491
0.0215129
0.179218
0.273819
0.0114447
0.029587
0.0675643
0.273819
0.273819
0.125802
0.020225
0.117381
0.273819
0.0191126
0.0393428
0.103665
0.273819
0.273819
0.0671347
0.0238003
0.187363
0.273819
0.00802583
0.0222686
0.0560588
0.273819
0.136379
0.0296273
0.0240727
0.224313
0.273819
0.0285256
0.0442714
0.0990034
0.273819
0.271183
0.106875
0.0255303
0.140005
0.271183
0.0181816
0.0370584
0.0934756
0.271183
0.265743
0.169844
0.0472249
0.112079
0.211846
0.0127635
0.0322133
0.0556468
0.225937
0.194671
0.0312679
0.0282935
0.183254
0.271183
0.0231471
0.0352307
0.114022
0.271183
0.271183
0.149686
0.097602
0.167129
0.271183
0.00763121
0.0258698
0.0803138
0.271183
0.18603
0.0751639
0.0261781
0.095935
0.27156
0.0145962
0.0259742
0.0802121
0.27156
0.23163
0.0420067
0.00697599
0.10154
0.27156
0.00652335
0.0415103
0.128933
0.27156
0.148585
0.0432987
0.00993061
0.157603
0.27156
0.147858
0.0172565
0.088421
0.27156
0.27156
0.054476
0.0157222
0.185626
0.27156
0.249851
0.0211499
0.123489
0.27156
0.264714
0.0746646
0.0137787
0.0973483
0.286733
0.00844502
0.0551781
0.134892
0.286733
0.199874
0.13692
0.0394555
0.0780046
0.105723
0.00429174
0.0184775
0.0693628
0.286733
0.286733
0.0868243
0.0243024
0.19963
0.286733
0.286733
0.0230713
0.0814769
0.286733
0.187708
0.0881251
0.0367852
0.0891875
0.146553
0.0171907
0.0288447
0.151304
0.286733
0.22152
0.185107
0.0483062
0.109008
0.151118
0.00594432
0.0244677
0.0840234
0.230564
0.246798
0.107636
0.0274974
0.16994
0.275857
0.00496799
0.00843237
0.275857
0.275857
0.223234
0.131437
0.0639999
0.116587
0.228504
0.0167097
0.0240086
0.125
0.220176
0.275857
0.0910187
0.0667135
0.182444
0.275857
0.0216899
0.0292732
0.103104
0.275857
0.225426
0.13106
0.0481681
0.161713
0.260997
0.0645014
0.104272
0.260997
0.260997
0.0472469
0.0859348
0.0964493
0.109883
0.227191
0.0898504
0.123304
0.176719
0.260997
0.260997
0.105057
0.0930881
0.169146
0.260997
0.123655
0.0611952
0.151603
0.260997
0.135535
0.170071
0.0620496
0.0866222
0.127954
0.12519
0.0606738
0.147402
0.260997
0.0737985
0.0840964
0.112506
0.160987
0.244309
0.157552
0.234774
0.221472
0.244309
0.244309
0.100227
0.0427199
0.141201
0.244309
0.0136696
0.0246921
0.0663848
0.244309
0.144497
0.128304
0.056281
0.106114
0.174
0.244309
0.111414
0.219685
0.244309
0.244309
0.0833663
0.035074
0.165388
0.244309
0.00847774
0.0570089
0.0667814
0.244309
0.272186
0.0716181
0.028167
0.182576
0.272186
0.00866153
0.0191883
0.0495477
0.272186
0.139528
0.0378985
0.0210533
0.20417
0.272186
0.0232596
0.03746
0.078756
0.272186
0.272186
0.0476353
0.0241513
0.173759
0.272186
0.0104731
0.039541
0.04995
0.272186
0.190615
0.0419706
0.0205215
0.25758
0.272186
0.0164104
0.0215964
0.0547617
0.272186
0.191103
0.0359303
0.0226547
0.146243
0.268087
0.0174208
0.0258047
0.0784956
0.268087
0.261741
0.111501
0.0709701
0.145072
0.268087
0.00718625
0.0172864
0.0639671
0.268087
0.268087
0.0416537
0.0179079
0.173152
0.268087
0.0110711
0.0102932
0.0531853
0.268087
0.268087
0.157694
0.0173651
0.175551
0.268087
0.00147287
0.00822086
0.108795
0.268087
0.177053
0.0552179
0.0156183
0.153683
0.274076
0.114543
0.0213063
0.0724703
0.274076
0.274076
0.0714206
0.0235427
0.154469
0.274076
0.1934
0.0333839
0.0934622
0.274076
0.244928
0.0799179
0.018961
0.0853778
0.213133
0.0672017
0.0256418
0.0937043
0.274076
0.221363
0.0899255
0.0208295
0.165614
0.274076
0.0978783
0.0455788
0.123259
0.274076
0.275158
0.0886972
0.0322147
0.14176
0.275158
0.275158
0.037217
0.0568301
0.275158
0.180641
0.0907979
0.0361574
0.0901522
0.16277
0.018972
0.0374107
0.146116
0.275158
0.171179
0.0922723
0.0243608
0.151405
0.275158
0.153198
0.0617524
0.138176
0.275158
0.273635
0.0936146
0.00478592
0.0731757
0.23043
0.0210356
0.0393583
0.094657
0.275158
0.189701
0.124495
0.0586474
0.108559
0.227324
0.0148772
0.0328476
0.11921
0.216021
0.268122
0.0874793
0.0616598
0.183835
0.268122
0.0188294
0.0250279
0.0883743
0.268122
0.268122
0.140494
0.0118691
0.0907746
0.268122
0.0249403
0.0571101
0.107901
0.268122
0.268122
0.168687
0.0273127
0.186521
0.268122
0.0036085
0.019177
0.10185
0.268122
0.274213
0.11488
0.0975491
0.192684
0.274213
0.081258
0.0517336
0.152153
0.274213
0.154051
0.143274
0.048671
0.0847623
0.138691
0.0877481
0.0590266
0.138901
0.274213
0.274213
0.192558
0.0388509
0.198248
0.274213
0.0646851
0.057747
0.157332
0.274213
0.187846
0.103089
0.0235816
0.0790668
0.107043
0.0790988
0.0656103
0.133273
0.274213
0.148844
0.10893
0.0396909
0.111601
0.195113
0.16649
0.0992135
0.216163
0.264924
0.264924
0.0977402
0.0386617
0.166388
0.264924
0.018658
0.040141
0.0638437
0.264924
0.204556
0.108061
0.0177657
0.0972481
0.140059
0.158756
0.105701
0.170313
0.264924
0.264924
0.16491
0.0318563
0.198144
0.264924
0.0543868
0.0238519
0.0636839
0.264924
0.259533
0.0558855
0.0227817
0.165663
0.259533
0.0178065
0.0260255
0.0449715
0.259533
0.196951
0.0382677
0.0201037
0.259533
0.259533
0.0185967
0.0204178
0.0430799
0.259533
0.259533
0.138337
0.0222264
0.163303
0.259533
0.0381934
0.0126534
0.0445272
0.259533
0.259533
0.0685157
0.0235859
0.238387
0.259533
0.00686783
0.0125138
0.0463519
0.259533
0.269284
0.036385
0.0163322
0.171337
0.269284
0.0123139
0.0105047
0.03861
0.269284
0.252102
0.130332
0.0182669
0.206712
0.269284
0.0014712
0.00530463
0.0962967
0.269284
0.269284
0.0554097
0.0271724
0.146052
0.226075
0.00349321
0.00912892
0.0487738
0.269284
0.162308
0.102532
0.034101
0.248614
0.269284
0.00646691
0.0216918
0.0519688
0.269284
0.205626
0.0762267
0.0235916
0.0722271
0.230403
0.0596407
0.0226343
0.0867978
0.250347
0.213519
0.099222
0.038824
0.128739
0.250347
0.101478
0.0484373
0.0833474
0.250347
0.250347
0.0652796
0.0144947
0.123564
0.250347
0.1564
0.0601621
0.0963639
0.250347
0.250347
0.191239
0.108008
0.19602
0.250347
0.250347
0.088419
0.100088
0.250347
0.157465
0.101246
0.0437671
0.109378
0.261173
0.141923
0.0675852
0.100915
0.261173
0.241368
0.0847328
0.00282729
0.0661883
0.200589
0.0176056
0.0481004
0.098298
0.261173
0.261173
0.216095
0.114965
0.17667
0.261173
0.261173
0.145777
0.101457
0.261173
0.261173
0.0651232
0.00373488
0.0708734
0.181725
0.0153822
0.0385265
0.115061
0.261173
0.234005
0.118456
0.00942651
0.0818256
0.236021
0.018702
0.0619649
0.106634
0.266628
0.260615
0.11732
0.0178771
0.176357
0.266628
0.00161395
0.0127961
0.0986138
0.266628
0.266628
0.078202
0.00175766
0.0878282
0.236386
0.0170602
0.0426225
0.127154
0.266628
0.24286
0.0489173
0.00589979
0.217641
0.266628
0.00153848
0.0962717
0.162779
0.266628
0.269389
0.151324
0.0300202
0.205563
0.281859
0.0580003
0.0515526
0.166239
0.281859
0.17143
0.0718041
0.0210467
0.0852238
0.131494
0.0795515
0.0738527
0.115598
0.281859
0.281859
0.0716479
0.0138185
0.241026
0.281859
0.000512238
0.0653522
0.200688
0.281859
0.149593
0.113728
0.0529982
0.0978973
0.137784
0.017108
0.0552076
0.0944725
0.281859
0.203301
0.10102
0.0195159
0.112973
0.183929
0.166243
0.125955
0.191011
0.276776
0.276776
0.17484
0.0396185
0.202419
0.276776
0.0486269
0.0207377
0.0686363
0.276776
0.210604
0.122887
0.0707915
0.131112
0.170497
0.0180732
0.0388823
0.14504
0.276776
0.154233
0.101766
0.0248864
0.184285
0.276776
0.0568505
0.0510046
0.128489
0.237883
0.26027
0.158749
0.0295926
0.16627
0.26027
0.0339247
0.00945019
0.0591003
0.26027
0.26027
0.0607712
0.0369921
0.26027
0.26027
0.00889305
0.0125194
0.0374252
0.26027
0.181603
0.0968833
0.0208192
0.143549
0.26027
0.0316293
0.0306428
0.12166
0.26027
0.26027
0.106648
0.0579798
0.159516
0.26027
0.0172378
0.0219147
0.0292435
0.26027
0.275717
0.0482416
0.0362469
0.169063
0.275717
0.00521793
0.010004
0.0467805
0.275717
0.186085
0.103664
0.0390633
0.275717
0.275717
0.00594693
0.0192436
0.0671591
0.275717
0.275717
0.0767076
0.0383742
0.0885016
0.192197
0.0108319
0.0155385
0.062093
0.275717
0.145152
0.0437621
0.0171833
0.256039
0.275717
0.0163068
0.0226792
0.0865259
0.275717
0.181829
0.0399421
0.0102463
0.0961023
0.25438
0.108737
0.0388809
0.0792275
0.264502
0.212178
0.125434
0.0786825
0.165926
0.264502
0.20219
0.0555136
0.0825121
0.264502
0.194353
0.0385274
0.00709333
0.166588
0.264502
0.062619
0.0279724
0.196465
0.264502
0.190909
0.0359435
0.00554767
0.264502
0.264502
0.0810023
0.0272546
0.106347
0.264502
0.258422
0.143368
0.0857936
0.171607
0.290436
0.290436
0.0962932
0.103969
0.290436
0.1813
0.0394973
0.0032761
0.0633198
0.143538
0.0120182
0.0375204
0.0888439
0.290436
0.203121
0.0401294
0.00416653
0.290436
0.290436
0.120244
0.0369885
0.180881
0.290436
0.120931
0.0568522
0.0167814
0.0443178
0.14092
0.0177238
0.0217415
0.0594354
0.247164
0.25884
0.0688315
0.00255422
0.109891
0.263954
0.019478
0.0612637
0.141625
0.268114
0.254074
0.0433792
0.00338823
0.250157
0.268114
0.00673631
0.111459
0.150071
0.268114
0.173074
0.0990589
0.0157821
0.0666755
0.211023
0.0229479
0.0396418
0.0766656
0.268114
0.268114
0.0811177
0.0132524
0.207737
0.268114
0.0207311
0.0642262
0.0606153
0.268114
0.287317
0.068633
0.0110536
0.263053
0.287317
0.00846109
0.0934784
0.213466
0.287317
0.138866
0.0824185
0.0594642
0.0914248
0.148033
0.0278055
0.0606715
0.102235
0.287317
0.287317
0.111828
0.0215167
0.203675
0.287317
0.0279991
0.0815576
0.0976086
0.287317
0.134251
0.102479
0.0881067
0.0700154
0.130793
0.0343459
0.0417055
0.061326
0.287317
0.203761
0.120016
0.0849511
0.118627
0.180674
0.028531
0.0526893
0.194458
0.306808
0.165071
0.113556
0.0356601
0.220696
0.306808
0.0438025
0.050052
0.143122
0.270549
0.186122
0.118386
0.0960692
0.0889654
0.152817
0.0448492
0.049345
0.148024
0.306808
0.0935978
0.087238
0.0459973
0.306808
0.306808
0.0233051
0.0561872
0.153729
0.168906
0.206316
0.128303
0.0312303
0.155647
0.260813
0.0222726
0.0293212
0.142621
0.260813
0.260813
0.119524
0.0612459
0.168892
0.260813
0.018207
0.0191798
0.0343283
0.260813
0.193691
0.0833784
0.0217733
0.18973
0.260813
0.019509
0.0440329
0.153301
0.260813
0.260813
0.168839
0.0585824
0.151697
0.260813
0.0229884
0.0355184
0.043569
0.260813
0.28319
0.0856221
0.042117
0.0912352
0.223784
0.0128452
0.0145718
0.0727659
0.28319
0.156965
0.0448212
0.0126594
0.282029
0.28319
0.0169813
0.0369394
0.113395
0.28319
0.28319
0.109149
0.0417518
0.0754829
0.190357
0.0256294
0.0331968
0.0637966
0.28319
0.245524
0.0629736
0.00829101
0.171289
0.28319
0.0155604
0.0313444
0.0899355
0.28319
0.223061
0.0381827
0.00892268
0.174236
0.278145
0.0892265
0.0308953
0.184269
0.278145
0.209091
0.032958
0.00184091
0.278145
0.278145
0.114062
0.0247324
0.105432
0.278145
0.172811
0.0713234
0.0143618
0.0982719
0.278145
0.0653152
0.0116052
0.0954292
0.278145
0.141456
0.0503757
0.0208994
0.146288
0.278145
0.0547427
0.0128682
0.061488
0.278145
0.231119
0.0336667
1.21431e-05
0.316379
0.316379
0.187674
0.0383495
0.196122
0.316379
0.124065
0.0479894
0.0188397
0.0832669
0.185151
0.0200364
0.0404854
0.0664995
0.316379
0.150999
0.0655319
0.0248723
0.158996
0.316379
0.111509
0.0153124
0.0729503
0.261618
0.138686
0.0519876
0.00798745
0.0727891
0.14779
0.0215529
0.0446099
0.113891
0.316379
0.140621
0.0722366
0.0147532
0.106848
0.244893
0.0262948
0.0573346
0.0716894
0.281212
0.281212
0.0731495
0.0102795
0.256795
0.281212
0.0291562
0.0888001
0.0456167
0.281212
0.153238
0.0724312
0.0136373
0.116157
0.268185
0.0328096
0.0381387
0.103393
0.272087
0.281212
0.0384243
0.0073976
0.221837
0.281212
0.0284851
0.0301233
0.0667974
0.281212
0.293238
0.098961
0.016486
0.251919
0.293238
0.040136
0.112767
0.095213
0.293238
0.142074
0.0872191
0.0782983
0.0832907
0.146818
0.0518312
0.0324368
0.075606
0.293238
0.287074
0.0362208
0.0199402
0.260001
0.293238
0.0459316
0.0296731
0.0941705
0.293238
0.123027
0.0733076
0.0562155
0.101581
0.148107
0.0468397
0.0175803
0.0853356
0.293238
0.17519
0.107198
0.0832211
0.0811636
0.162809
0.059383
0.0422827
0.172425
0.299265
0.108498
0.0839085
0.04248
0.289872
0.299265
0.0147244
0.0397489
0.156027
0.19929
0.173834
0.0784345
0.0625095
0.115509
0.218145
0.0568667
0.0218313
0.152302
0.299265
0.191966
0.0385283
0.0153237
0.296678
0.299265
0.0414403
0.0571796
0.115566
0.284553
0.204201
0.0884224
0.0216264
0.160358
0.256709
0.0108735
0.0311972
0.149028
0.256709
0.256709
0.153046
0.0440835
0.151287
0.256709
0.0216759
0.0274354
0.0558428
0.256709
0.256709
0.0496272
0.0157872
0.160813
0.256709
0.0254185
0.0389077
0.109602
0.256709
0.256709
0.0904687
0.050981
0.256709
0.256709
0.0235969
0.0250878
0.053793
0.256709
0.282032
0.106118
0.0354622
0.0793237
0.201842
0.0253737
0.0269526
0.0763767
0.282032
0.174976
0.066278
0.00676044
0.176479
0.282032
0.0104524
0.0492001
0.115054
0.282032
0.282032
0.0847312
0.057258
0.132216
0.239196
0.0239687
0.0204388
0.064268
0.282032
0.282032
0.0870262
0.00373107
0.152488
0.282032
0.0046863
0.0358104
0.113929
0.282032
0.239451
0.0981255
0.0229554
0.114482
0.261277
0.119089
0.0203677
0.111073
0.261277
0.172175
0.0712502
0.025894
0.161872
0.261277
0.118946
0.0278611
0.0697211
0.261277
0.261277
0.196811
0.0327392
0.0948198
0.261277
0.0794983
0.0412261
0.0865908
0.261277
0.261277
0.167014
0.0288904
0.139187
0.261277
0.0753894
0.0589422
0.0918574
0.25823
0.185643
0.0887551
0.0355317
0.184071
0.278372
0.270382
0.0423631
0.0680901
0.278372
0.197384
0.0506641
0.01658
0.12992
0.212419
0.0298796
0.0838828
0.17593
0.278372
0.278372
0.217712
0.0431989
0.21108
0.278372
0.173148
0.0837259
0.107298
0.184499
0.13775
0.0577059
0.0149524
0.0335181
0.0872141
0.0462479
0.0632219
0.14694
0.278372
0.15727
0.0555534
0.0187404
0.144127
0.298228
0.0411515
0.0516748
0.10469
0.298228
0.298228
0.0355784
0.00815697
0.245834
0.298228
0.0315818
0.0316946
0.070206
0.298228
0.187202
0.0843316
0.0166107
0.0351555
0.115618
0.0404765
0.0453408
0.0939606
0.226234
0.298228
0.109977
0.0110606
0.140983
0.298228
0.00492445
0.0114916
0.0502408
0.298228
0.298547
0.033849
0.0186206
0.278476
0.30219
0.0484712
0.0281358
0.08934
0.30219
0.14309
0.0704775
0.0521762
0.110578
0.170152
0.0526779
0.0163493
0.0893678
0.30219
0.30219
0.123042
0.0155496
0.139333
0.30219
0.0106479
0.0246139
0.0680561
0.30219
0.174838
0.0684144
0.0244789
0.0735492
0.109167
0.0152708
0.0675477
0.0760977
0.297509
0.176985
0.0828547
0.0537478
0.106416
0.216172
0.0548029
0.0224929
0.154457
0.279541
0.182948
0.0480411
0.0160666
0.279541
0.279541
0.0368413
0.0491703
0.13582
0.279541
0.201379
0.135302
0.0341073
0.0739314
0.172765
0.0255208
0.0752172
0.0986321
0.279541
0.219328
0.165075
0.053288
0.247546
0.279541
0.0422795
0.0371774
0.119261
0.279541
0.261693
0.0642165
0.0146657
0.149515
0.261693
0.0212475
0.0329038
0.118851
0.261693
0.227567
0.082097
0.0437766
0.239035
0.261693
0.0246665
0.0289451
0.0584749
0.248391
0.228504
0.187784
0.0446197
0.114619
0.261693
0.0289584
0.0208259
0.0989362
0.261693
0.214931
0.110868
0.0259107
0.210743
0.261693
0.018327
0.0520088
0.0731957
0.261693
0.27142
0.0778317
0.0478271
0.118792
0.235637
0.0259053
0.0235959
0.0700445
0.27142
0.27142
0.0919096
0.00535663
0.15652
0.27142
0.00440577
0.039655
0.126271
0.27142
0.260394
0.0828855
0.027218
0.101133
0.270678
0.0173057
0.0530781
0.0980284
0.27142
0.244625
0.0461499
0.00372845
0.134775
0.27142
0.00473144
0.0340504
0.15184
0.27142
0.255804
0.207266
0.036663
0.127196
0.255804
0.101821
0.0476823
0.0964173
0.255804
0.255804
0.190113
0.0349543
0.170428
0.255804
0.101119
0.0830554
0.118699
0.255804
0.191839
0.142674
0.0181107
0.255804
0.255804
0.050199
0.046107
0.115936
0.255804
0.131123
0.106844
0.0169924
0.102931
0.25265
0.0317367
0.0987979
0.145817
0.141809
0.268891
0.265082
0.0533732
0.26638
0.268891
0.254344
0.12703
0.151197
0.196342
0.179909
0.0534534
0.0289344
0.049749
0.108263
0.05843
0.0947897
0.18578
0.268891
0.156134
0.118444
0.0218647
0.107003
0.268891
0.0529834
0.131388
0.200616
0.184506
0.145713
0.0589906
0.00476693
0.0134201
0.105956
0.0622232
0.125005
0.233816
0.268891
0.205724
0.0848536
0.0257114
0.0470567
0.157044
0.0463251
0.0654439
0.112799
0.253196
0.299475
0.140464
0.00849025
0.145136
0.299475
0.00741619
0.0186286
0.0575435
0.299475
0.177785
0.0644826
0.00478175
0.0359692
0.172616
0.0476027
0.0789708
0.152411
0.284031
0.299475
0.122425
0.00390325
0.228116
0.299475
0.0150792
0.0452865
0.0915776
0.299475
0.302453
0.161493
0.0103317
0.141268
0.302453
0.0109392
0.0329119
0.0734394
0.302453
0.197815
0.0757499
0.037639
0.0793956
0.128897
0.0135566
0.0765491
0.0770144
0.302453
0.302453
0.141729
0.00753412
0.222889
0.302453
0.0198959
0.0517996
0.119005
0.302453
0.117434
0.059993
0.0270004
0.0843491
0.0904288
0.0289476
0.0358815
0.107972
0.302453
0.221633
0.131758
0.042387
0.0768852
0.173594
0.0199226
0.0788374
0.0948374
0.278596
0.181215
0.154535
0.0549151
0.278596
0.278596
0.0310619
0.0438128
0.123549
0.278596
0.1857
0.0773886
0.0262193
0.113065
0.19646
0.0373168
0.0418781
0.129231
0.278596
0.278596
0.0758813
0.039775
0.231923
0.278596
0.044492
0.028764
0.070248
0.278596
0.226738
0.170085
0.0422753
0.139117
0.262971
0.0230966
0.0272043
0.0997221
0.262971
0.2172
0.0949399
0.0211502
0.210653
0.262971
0.0205528
0.0488319
0.0655457
0.262971
0.262971
0.063578
0.0271047
0.161856
0.262971
0.0319774
0.0317337
0.0811355
0.262971
0.255415
0.146283
0.0489567
0.13325
0.262971
0.0146454
0.0353911
0.0946579
0.262971
0.253359
0.0687155
0.019008
0.0888109
0.257323
0.0203771
0.0473422
0.0924228
0.291268
0.212653
0.0597606
0.00536436
0.144679
0.291268
0.00670598
0.0348691
0.137333
0.291268
0.222841
0.0848594
0.0352201
0.0612316
0.163917
0.0169161
0.0512509
0.143016
0.291268
0.291268
0.131232
0.0214302
0.149495
0.291268
0.00522587
0.0199893
0.0956567
0.291268
0.117539
0.085113
0.0491889
0.153125
0.269042
0.0410015
0.0607276
0.114986
0.234809
0.086023
0.0622857
0.0190731
0.06979
0.15991
0.0203902
0.0604793
0.0880827
0.103898
0.134736
0.175178
0.269042
0.269042
0.269042
0.269042
0.186859
0.269042
0.252241
0.0879355
0.107193
0.130651
0.205582
0.269042
0.141559
0.100339
0.195202
0.117469
0.16424
0.101423
0.0276936
0.112116
0.242309
0.0485839
0.107407
0.182416
0.197715
0.147755
0.053081
0.00927823
0.0234975
0.0917319
0.0508604
0.113998
0.209395
0.242309
0.186948
0.188219
0.242309
0.242309
0.242309
0.242309
0.242309
0.228379
0.242309
0.0519261
0.0765332
0.0573127
0.090948
0.139485
0.115973
0.125469
0.224263
0.242309
0.175128
0.0749761
0.0110138
0.0501407
0.184626
0.0387681
0.0865463
0.158953
0.283735
0.283735
0.149658
0.00505997
0.218044
0.283735
0.0180899
0.0471844
0.107851
0.283735
0.0857515
0.0609892
0.0596499
0.11146
0.171437
0.0990995
0.110358
0.149192
0.244882
0.283735
0.0527975
0.0154821
0.23589
0.283735
0.0185445
0.0758413
0.139998
0.283735
0.290695
0.185919
0.0118692
0.23246
0.290695
0.0191253
0.0552856
0.133915
0.290695
0.115217
0.0630688
0.0417503
0.0710723
0.0845495
0.0225986
0.0330473
0.119045
0.290695
0.290695
0.0613894
0.0298419
0.261876
0.290695
0.0234133
0.0613856
0.156911
0.290695
0.0854111
0.0564114
0.083341
0.112983
0.11872
0.0574592
0.0412618
0.124247
0.290695
0.175772
0.0696879
0.0363784
0.115306
0.200265
0.0266473
0.035963
0.132786
0.277293
0.277293
0.0552977
0.0382757
0.27642
0.277293
0.0288176
0.0327485
0.0747823
0.277293
0.0785719
0.037839
0.0500342
0.153593
0.222172
0.0674426
0.0413694
0.172112
0.277293
0.132598
0.134481
0.101505
0.277293
0.277293
0.0706299
0.0486958
0.118558
0.277293
0.267787
0.0446321
0.0235338
0.196231
0.267787
0.0226736
0.0364242
0.0860342
0.267787
0.251491
0.115655
0.0436967
0.158777
0.267787
0.0167701
0.0416199
0.102918
0.267787
0.140452
0.0785416
0.0618581
0.201086
0.267787
0.0594037
0.0459933
0.130661
0.267787
0.131251
0.0717864
0.0407851
0.23314
0.267787
0.0189064
0.0646672
0.110243
0.267787
0.216209
0.0614972
0.0273692
0.0617676
0.156515
0.0155309
0.0470533
0.129432
0.291207
0.291207
0.124345
0.0185082
0.137584
0.291207
0.00463458
0.0176683
0.0872111
0.291207
0.162504
0.0434397
0.0241344
0.106281
0.2172
0.0263003
0.0496123
0.103595
0.291207
0.291207
0.0448064
0.00642406
0.257504
0.291207
0.0377076
0.0163096
0.0940177
0.291207
0.0912821
0.118687
0.236849
0.2309
0.236849
0.236849
0.114742
0.236849
0.168474
0.0878194
0.0872475
0.0956104
0.117042
0.177379
0.0879421
0.0639124
0.125787
0.118582
0.0492035
0.169576
0.236849
0.236849
0.236849
0.236849
0.137485
0.133163
0.137875
0.123275
0.107707
0.236842
0.227757
0.236849
0.140484
0.0961506
0.0604015
0.110873
0.10955
0.117216
0.145604
0.192894
0.207373
0.122388
0.102217
0.118325
0.17621
0.0359836
0.0343088
0.04226
0.0524403
0.0707038
0.0350355
0.0868305
0.126401
0.149173
0.126137
0.153858
0.251433
0.251433
0.251433
0.208482
0.158285
0.0788531
0.136405
0.0732032
0.167595
0.185234
0.251433
0.251433
0.251433
0.203108
0.25011
0.244056
0.0519939
0.0384385
0.0488541
0.0812335
0.115659
0.0324193
0.0777276
0.0965643
0.15165
0.167715
0.0475083
0.0133782
0.122784
0.252241
0.00946866
0.0381126
0.0930006
0.252241
0.0674303
0.187776
0.216521
0.252241
0.252241
0.23424
0.242934
0.252241
0.252241
0.125113
0.159369
0.0545191
0.252241
0.252241
0.0649104
0.100505
0.216031
0.252241
0.258142
0.0834252
0.0344087
0.217431
0.285133
0.0163577
0.0442702
0.144427
0.285133
0.0749501
0.049798
0.0697025
0.0797896
0.0990995
0.0525505
0.0461768
0.109156
0.260962
0.208977
0.210092
0.0793155
0.285133
0.285133
0.0733187
0.195436
0.285133
0.285133
0.0838526
0.0705095
0.113943
0.0720368
0.163424
0.0802207
0.0702844
0.109519
0.187278
0.0738015
0.03264
0.0520984
0.132319
0.210488
0.0646323
0.049956
0.156083
0.261721
0.18795
0.112906
0.068333
0.261721
0.261721
0.0455736
0.0431758
0.102505
0.261721
0.157485
0.0843047
0.0897865
0.0821463
0.201843
0.0904151
0.0810803
0.123912
0.261721
0.261721
0.219921
0.151348
0.261721
0.261721
0.0179982
0.106088
0.117647
0.261721
0.151275
0.0659096
0.0416439
0.196817
0.271017
0.0393649
0.0391062
0.116495
0.271017
0.133327
0.055835
0.0372934
0.223077
0.271017
0.0223354
0.0557586
0.123601
0.271017
0.271017
0.186031
0.0868023
0.160817
0.253363
0.0148583
0.0713116
0.117469
0.271017
0.252317
0.170714
0.0312979
0.0820309
0.22476
0.0175425
0.0234626
0.085861
0.271017
0.17267
0.0406222
0.0252563
0.109126
0.220547
0.02768
0.0460436
0.123637
0.291755
0.291755
0.0524774
0.00668534
0.261431
0.291755
0.0313469
0.0214771
0.0938667
0.291755
0.189393
0.124339
0.0217654
0.0392178
0.108643
0.0159307
0.0195798
0.0987862
0.291755
0.291755
0.106003
0.00613889
0.162918
0.291755
0.0202251
0.0361649
0.108326
0.291755
0.0532514
0.163849
0.228983
0.228983
0.228983
0.168942
0.0932104
0.088517
0.105059
0.13924
0.135707
0.228983
0.207417
0.228983
0.144146
0.113351
0.0940138
0.148872
0.118788
0.173628
0.228983
0.17737
0.228983
0.228983
0.228983
0.0545644
0.148743
0.0715379
0.166153
0.172682
0.15034
0.228983
0.115975
0.155487
0.0992757
0.10479
0.109854
0.157973
0.238914
0.238914
0.238914
0.15884
0.110297
0.098296
0.140728
0.0544149
0.112298
0.181997
0.22924
0.238914
0.126377
0.144937
0.17642
0.1739
0.0712849
0.17911
0.203116
0.238914
0.238914
0.150707
0.14157
0.140546
0.114055
0.0245103
0.0749786
0.205747
0.238914
0.238914
0.108691
0.0915083
0.121433
0.0496455
0.0428391
0.107548
0.172103
0.242175
0.242175
0.115304
0.155709
0.192579
0.19142
0.0885185
0.108121
0.0442345
0.131919
0.232768
0.0545633
0.0762519
0.156723
0.217236
0.0275623
0.065225
0.208952
0.242175
0.242175
0.114903
0.120904
0.179278
0.127442
0.132889
0.139692
0.159468
0.242175
0.242175
0.130549
0.098897
0.217379
0.242175
0.111836
0.109092
0.0398349
0.166577
0.272079
0.0601321
0.108985
0.191412
0.263592
0.0542387
0.0489922
0.0481469
0.0429275
0.0944397
0.0538787
0.0432586
0.0589265
0.0923032
0.152378
0.156598
0.229137
0.272079
0.272079
0.217582
0.162407
0.272079
0.272079
0.0905691
0.0934313
0.182406
0.272079
0.272079
0.152425
0.0582448
0.109828
0.0917181
0.116104
0.0631162
0.0552334
0.0621104
0.152165
0.0771136
0.0630495
0.0818182
0.189145
0.269348
0.147794
0.0768154
0.177914
0.269348
0.0116387
0.083044
0.0749321
0.25959
0.16707
0.171451
0.242365
0.269348
0.269348
0.269348
0.101568
0.182273
0.161827
0.178053
0.213581
0.109407
0.165695
0.269348
0.0581634
0.0372353
0.0717831
0.113662
0.256315
0.156841
0.0651623
0.148897
0.256315
0.0119165
0.081998
0.105909
0.256315
0.256315
0.140758
0.0232521
0.0879488
0.235354
0.0161239
0.0145898
0.097572
0.256315
0.226946
0.256315
0.079279
0.0752025
0.237925
0.0946289
0.0423885
0.120802
0.256315
0.256315
0.234479
0.037119
0.044424
0.142353
0.00977468
0.0136251
0.147903
0.256315
0.232921
0.110002
0.0187461
0.0546942
0.134276
0.0156852
0.0166052
0.11265
0.28246
0.28246
0.0917352
0.00766082
0.198339
0.28246
0.0104718
0.0391286
0.129628
0.28246
0.265491
0.149981
0.0242076
0.0568644
0.105298
0.01894
0.0424799
0.148984
0.28246
0.28246
0.0591284
0.0047355
0.206744
0.28246
0.0471664
0.0635813
0.0987922
0.28246
0.154526
0.222918
0.230513
0.22999
0.230513
0.230513
0.230513
0.0836838
0.181729
0.106349
0.222358
0.201731
0.198894
0.230513
0.144457
0.194191
0.145574
0.143551
0.0107858
0.0739573
0.158352
0.230513
0.187309
0.139903
0.0847459
0.073595
0.0235385
0.0624353
0.0956695
0.137386
0.170036
0.230513
0.134343
0.158718
0.095595
0.0920989
0.0784161
0.187524
0.176434
0.205357
0.240567
0.147194
0.125614
0.143165
0.137568
0.0683504
0.114342
0.240567
0.240567
0.189233
0.157362
0.0671965
0.0758466
0.115256
0.0494519
0.0617252
0.150356
0.162737
0.234453
0.13919
0.11866
0.0887801
0.104412
0.191253
0.0980906
0.239602
0.240567
0.240567
0.240567
0.13913
0.139637
0.233237
0.0470947
0.07376
0.211364
0.226225
0.14714
0.134808
0.0716265
0.0979419
0.152489
0.128689
0.105211
0.121666
0.159086
0.195043
0.103783
0.0832037
0.164376
0.226225
0.120212
0.0798501
0.193971
0.226225
0.226225
0.226225
0.139459
0.138574
0.210591
0.197551
0.120953
0.18577
0.196092
0.226225
0.2017
0.120083
0.194817
0.226225
0.124444
0.113705
0.144394
0.198316
0.23887
0.136247
0.116486
0.200557
0.23887
0.0717909
0.0887056
0.150976
0.192439
0.23887
0.0900967
0.0294324
0.065993
0.0545886
0.183433
0.165545
0.23887
0.23887
0.23887
0.23887
0.15531
0.210491
0.204204
0.0401107
0.100353
0.23887
0.23887
0.181184
0.0997171
0.0565079
0.0656287
0.0567629
0.117567
0.143937
0.196213
0.209109
0.281339
0.133378
0.0542609
0.126547
0.103108
0.121351
0.12178
0.0574613
0.109333
0.166379
0.0444779
0.0313977
0.0629846
0.0878529
0.0641125
0.167232
0.281339
0.281339
0.217901
0.148255
0.0960479
0.120551
0.0674371
0.0770703
0.0782251
0.281339
0.281339
0.281339
0.155273
0.0979157
0.148126
0.276155
0.160998
0.140105
0.0434375
0.0854555
0.148034
0.0513695
0.0445302
0.125057
0.229633
0.21507
0.130725
0.0220054
0.0472513
0.128143
0.00865317
0.00916997
0.0882008
0.26479
0.131615
0.0759289
0.26479
0.26479
0.26479
0.164584
0.13973
0.226652
0.26479
0.132431
0.132678
0.0591055
0.26479
0.26479
0.0879839
0.0928174
0.151526
0.26479
0.242994
0.114389
0.0227983
0.0664951
0.132106
0.0164757
0.0391684
0.125196
0.263333
0.263333
0.0486646
0.00652617
0.180499
0.263333
0.0314332
0.0493667
0.0977286
0.263333
0.1917
0.133693
0.063961
0.263333
0.263333
0.102868
0.152223
0.226448
0.263333
0.239638
0.0870489
0.0337846
0.105777
0.199535
0.0192356
0.0152505
0.154204
0.263333
0.0213771
0.0792168
0.171538
0.265933
0.241278
0.131169
0.0437834
0.0908866
0.0295776
0.0822017
0.104982
0.202894
0.265933
0.265933
0.170151
0.187072
0.120473
0.103361
0.106665
0.199551
0.156549
0.265933
0.265933
0.14167
0.035176
0.0673835
0.0256304
0.0537966
0.094769
0.256435
0.265933
0.265933
0.14939
0.139794
0.111435
0.0107891
0.0568841
0.0678155
0.172845
0.211104
0.252303
0.13918
0.121034
0.107654
0.125036
0.211205
0.137713
0.252303
0.218064
0.252303
0.252303
0.139849
0.115049
0.252303
0.0527364
0.0843032
0.178076
0.252303
0.252303
0.0874447
0.107454
0.103878
0.0205925
0.0137009
0.039339
0.0762724
0.19712
0.252303
0.252303
0.0769158
0.109761
0.0572223
0.132479
0.115764
0.206379
0.177022
0.238824
0.238824
0.126723
0.121372
0.238824
0.20612
0.136886
0.144456
0.157365
0.238824
0.166967
0.122715
0.177891
0.238824
0.00778374
0.0535208
0.0691371
0.125842
0.238824
0.238824
0.0768893
0.0944
0.0496258
0.10325
0.0485313
0.090158
0.0607887
0.126844
0.202506
0.216317
0.238824
0.238824
0.181345
0.176296
0.182022
0.230645
0.24134
0.212344
0.142695
0.197865
0.209717
0.0487446
0.0992287
0.24134
0.24134
0.149333
0.108915
0.0422048
0.0478501
0.0579915
0.0861213
0.0503803
0.112139
0.0998829
0.16324
0.24134
0.200434
0.24134
0.24134
0.013963
0.0185164
0.24134
0.24134
0.227657
0.113148
0.0864636
0.0596742
0.0762182
0.0618022
0.132688
0.265142
0.265142
0.137099
0.100185
0.0574347
0.0922902
0.0688894
0.0547592
0.0628003
0.265142
0.265142
0.265142
0.121124
0.0621465
0.107286
0.180709
0.00935231
0.0503166
0.265142
0.265142
0.242658
0.123941
0.0835149
0.0631657
0.0372931
0.0684413
0.216853
0.265142
0.265142
0.265142
0.0806642
0.0880583
0.049878
0.0534751
0.0875091
0.0572042
0.257146
0.257146
0.257146
0.102029
0.0772103
0.154853
0.24381
0.0917879
0.0790852
0.081496
0.156223
0.257146
0.0769865
0.0465971
0.101435
0.244845
0.084378
0.257146
0.257146
0.257146
0.257146
0.0575826
0.0934258
0.0583975
0.0410708
0.0914538
0.127384
0.201953
0.247749
0.185789
0.0937314
0.083621
0.097311
0.1595
0.127604
0.0916646
0.111503
0.187122
0.246139
0.0918297
0.0706769
0.120787
0.246139
0.158266
0.0681228
0.0214141
0.0821437
0.142009
0.0281233
0.0273583
0.0903856
0.246139
0.0961239
0.182511
0.246139
0.246139
0.246139
0.135541
0.11309
0.088186
0.11842
0.144737
0.0640293
0.246139
0.246139
0.246139
0.118374
0.206482
0.223672
0.246139
