0.139936
0.190373
0.196242
0.197685
0.18401
0.164491
0.120181
0.116335
0.153163
0.125152
0.178828
0.184569
0.135425
0.147055
0.134899
0.207937
0.144295
0.16312
0.103433
0.209328
0.209328
0.209328
0.209328
0.114852
0.0957816
0.136209
0.209328
0.165227
0.209328
0.209328
0.209328
0.192399
0.0720583
0.12173
0.164489
0.100739
0.143017
0.21037
0.21037
0.126887
0.192679
0.179276
0.190496
0.174154
0.14733
0.0975176
0.181755
0.12126
0.0907077
0.152811
0.074974
0.106554
0.198509
0.18228
0.149172
0.173343
0.21037
0.21037
0.21037
0.133471
0.186387
0.21037
0.116274
0.207998
0.175919
0.130934
0.0968209
0.120427
0.120944
0.158572
0.21037
0.21037
0.119962
0.212182
0.147782
0.106438
0.188507
0.0986784
0.120908
0.219322
0.208131
0.159448
0.219322
0.190848
0.136952
0.219322
0.0993456
0.126059
0.101431
0.144248
0.166328
0.19624
0.13395
0.113587
0.170957
0.158831
0.219322
0.219322
0.219322
0.219322
0.17375
0.0982388
0.12258
0.219322
0.117295
0.0535991
0.153637
0.188038
0.21327
0.215686
0.205401
0.192014
0.215686
0.157503
0.175882
0.136792
0.215686
0.175467
0.188177
0.14331
0.17882
0.184844
0.148358
0.157134
0.114021
0.104881
0.215686
0.213167
0.145759
0.164554
0.215686
0.165687
0.0860153
0.174993
0.215686
0.119407
0.136456
0.0866338
0.155624
0.215686
0.113165
0.0527783
0.082955
0.0739216
0.185752
0.156718
0.120972
0.209568
0.171897
0.156306
0.171288
0.118357
0.123203
0.128467
0.18505
0.143591
0.212488
0.198395
0.105589
0.171062
0.200848
0.162653
0.106964
0.12711
0.096603
0.167094
0.211283
0.130743
0.141148
0.0872176
0.065255
0.105573
0.223648
0.223648
0.173816
0.223648
0.223648
0.223648
0.223648
0.0833619
0.109887
0.168727
0.117062
0.211438
0.182348
0.110224
0.207832
0.162292
0.159753
0.10392
0.223643
0.223643
0.1905
0.0973566
0.131969
0.220646
0.11395
0.155624
0.0922722
0.223643
0.223643
0.160945
0.223643
0.223643
0.223643
0.186921
0.0751733
0.0624792
0.143293
0.114153
0.0948912
0.139538
0.122876
0.129144
0.166927
0.223643
0.139976
0.224272
0.224272
0.224272
0.126486
0.186977
0.224272
0.132533
0.224272
0.112555
0.155547
0.098326
0.148454
0.187259
0.144314
0.136281
0.193589
0.224272
0.11559
0.183535
0.125811
0.135817
0.224272
0.17217
0.12722
0.156182
0.224272
0.101621
0.16398
0.158525
0.0992678
0.142307
0.101986
0.158276
0.152534
0.162095
0.11866
0.219122
0.219122
0.219122
0.219122
0.150276
0.116624
0.16334
0.219122
0.138742
0.202605
0.219122
0.219122
0.219122
0.0940649
0.142302
0.139629
0.0890623
0.0744801
0.185539
0.180776
0.219122
0.219122
0.171274
0.0857262
0.1141
0.190805
0.103501
0.178425
0.118588
0.197075
0.164948
0.157657
0.1155
0.0608968
0.0525791
0.130927
0.167505
0.217414
0.217414
0.217414
0.161438
0.196948
0.183714
0.104697
0.215301
0.191849
0.120518
0.108862
0.163182
0.13671
0.165015
0.217414
0.209797
0.0975087
0.193589
0.125856
0.171043
0.155973
0.204897
0.165201
0.114007
0.0968001
0.101118
0.217414
0.139599
0.158239
0.17174
0.0931726
0.10682
0.152107
0.217414
0.160992
0.182459
0.112955
0.130754
0.195524
0.173457
0.216873
0.216873
0.216873
0.216873
0.164872
0.113377
0.130307
0.216873
0.134532
0.0707146
0.1735
0.182034
0.103948
0.177009
0.11423
0.157687
0.186409
0.109893
0.125047
0.216873
0.216873
0.155407
0.136293
0.123249
0.148711
0.193573
0.174382
0.160486
0.192164
0.130075
0.189156
0.155792
0.121049
0.149297
0.224467
0.164457
0.0960529
0.16634
0.196241
0.123976
0.155229
0.0920035
0.133233
0.213066
0.0988256
0.106392
0.102396
0.078894
0.179303
0.14653
0.139428
0.180027
0.224467
0.187582
0.167183
0.195777
0.140855
0.0309401
0.198954
0.224467
0.224467
0.224467
0.197434
0.224467
0.183428
0.0970883
0.11362
0.146653
0.100871
0.14755
0.205529
0.111395
0.12196
0.0882915
0.0672913
0.147215
0.223955
0.223955
0.165251
0.223955
0.223955
0.223955
0.211952
0.0915698
0.0352701
0.199563
0.223955
0.223955
0.223955
0.155869
0.222109
0.146791
0.0765916
0.0752365
0.164598
0.170571
0.164443
0.178463
0.191312
0.169117
0.125532
0.0666768
0.142209
0.221254
0.221254
0.195471
0.221254
0.221254
0.221254
0.20492
0.082326
0.0727586
0.153783
0.102738
0.0918814
0.190959
0.178988
0.144555
0.169638
0.221254
0.0864226
0.184202
0.220262
0.189139
0.156624
0.175635
0.197525
0.132375
0.0663506
0.0920989
0.119507
0.0678206
0.0673145
0.157944
0.216387
0.190971
0.166414
0.152071
0.121828
0.194291
0.111155
0.130766
0.217152
0.217152
0.153072
0.182291
0.217152
0.118651
0.189028
0.151716
0.10097
0.158814
0.127463
0.168621
0.146594
0.184006
0.100787
0.20639
0.118251
0.112283
0.20295
0.217152
0.217152
0.178599
0.197227
0.0912748
0.191999
0.181674
0.101344
0.15771
0.167478
0.137979
0.178498
0.183367
0.0831985
0.197775
0.216628
0.216628
0.216628
0.216628
0.102554
0.13199
0.197915
0.0933791
0.182132
0.140406
0.216628
0.214699
0.203328
0.133618
0.0947801
0.0478896
0.0586151
0.198843
0.181335
0.176911
0.216628
0.216628
0.216628
0.140067
0.0796275
0.132386
0.216628
0.212794
0.12486
0.190075
0.116871
0.0809719
0.132049
0.0322479
0.0889036
0.199101
0.162691
0.215911
0.17672
0.215911
0.161672
0.106595
0.0674137
0.103637
0.215911
0.145894
0.174028
0.201294
0.108506
0.15817
0.174321
0.162422
0.128751
0.215911
0.215911
0.109383
0.170128
0.144008
0.141843
0.153388
0.0554425
0.136914
0.215911
0.215911
0.1383
0.191633
0.14154
0.131104
0.215911
0.215911
0.102493
0.148143
0.127679
0.189645
0.190911
0.13121
0.171288
0.211004
0.1971
0.161177
0.152354
0.165775
0.175762
0.191746
0.184313
0.179175
0.211004
0.130986
0.128995
0.211004
0.211004
0.115278
0.211004
0.150203
0.166966
0.211004
0.211004
0.0949414
0.152084
0.141663
0.146334
0.211004
0.0704797
0.131519
0.128162
0.130401
0.16523
0.152585
0.165253
0.209427
0.225624
0.211124
0.190524
0.214812
0.133382
0.0524949
0.22641
0.22641
0.22641
0.22641
0.189018
0.22641
0.22641
0.162201
0.0902008
0.158239
0.0920014
0.140517
0.22641
0.0758896
0.122782
0.124748
0.104902
0.141825
0.111288
0.0770985
0.104788
0.177627
0.123026
0.11147
0.131622
0.155773
0.0587459
0.226074
0.226074
0.226074
0.226074
0.177625
0.226074
0.190947
0.134639
0.106033
0.194188
0.200791
0.21115
0.215423
0.1905
0.19828
0.153031
0.0999529
0.127249
0.126025
0.0881361
0.109944
0.173848
0.12397
0.11231
0.128804
0.158792
0.0871312
0.226074
0.166567
0.10381
0.134615
0.127216
0.141293
0.224654
0.108107
0.120539
0.215702
0.215702
0.215702
0.203796
0.186962
0.188251
0.161889
0.0970478
0.0772842
0.134985
0.0894565
0.103044
0.215702
0.215702
0.202998
0.201196
0.135947
0.107422
0.215702
0.187088
0.138214
0.137297
0.12875
0.163819
0.215702
0.166246
0.144725
0.215702
0.0907057
0.135152
0.153066
0.109539
0.194265
0.185732
0.109856
0.0746547
0.166587
0.121828
0.119081
0.210909
0.210909
0.210909
0.19321
0.138328
0.094049
0.163597
0.17215
0.108365
0.176834
0.169154
0.138114
0.17435
0.189021
0.17831
0.210909
0.0893992
0.167365
0.184242
0.132071
0.209293
0.17916
0.129197
0.133788
0.0947165
0.125151
0.19495
0.210909
0.171374
0.161395
0.210909
0.210909
0.0671977
0.207791
0.197669
0.219148
0.220829
0.220829
0.220829
0.145761
0.0990267
0.137048
0.220829
0.220829
0.154089
0.220829
0.123723
0.0778663
0.208434
0.0530847
0.0578245
0.112748
0.15306
0.21388
0.220829
0.193516
0.189043
0.111105
0.0877403
0.161446
0.20161
0.0887236
0.220829
0.220829
0.112816
0.0496839
0.100554
0.082233
0.119106
0.21417
0.21417
0.128907
0.175129
0.139318
0.124167
0.168442
0.0703127
0.137322
0.21417
0.21417
0.144218
0.20306
0.143805
0.19591
0.21417
0.207901
0.165496
0.164416
0.0778171
0.195655
0.183109
0.083032
0.0913648
0.126039
0.196766
0.14184
0.21417
0.148751
0.179738
0.183962
0.138335
0.138456
0.131522
0.21417
0.128599
0.197841
0.189897
0.141807
0.212122
0.161062
0.223071
0.223071
0.223071
0.148389
0.166225
0.144917
0.137837
0.223071
0.0676669
0.138265
0.144091
0.170023
0.149058
0.20194
0.146911
0.164305
0.167613
0.129842
0.198851
0.194845
0.223071
0.107267
0.195648
0.160674
0.138407
0.188701
0.0978828
0.122319
0.110255
0.06552
0.162523
0.218124
0.146148
0.188212
0.218124
0.0926837
0.159285
0.167419
0.153299
0.185009
0.166118
0.105853
0.150646
0.172684
0.150387
0.149171
0.186073
0.218124
0.112576
0.194984
0.217836
0.210115
0.218124
0.146959
0.148633
0.172457
0.0771274
0.146716
0.185994
0.125144
0.181051
0.218124
0.151649
0.138537
0.112647
0.0852966
0.156628
0.186364
0.101336
0.142188
0.171878
0.154908
0.148779
0.165843
0.201357
0.107703
0.216099
0.190072
0.142893
0.192273
0.135263
0.17087
0.216099
0.136568
0.119073
0.158462
0.114727
0.172809
0.216099
0.216099
0.141532
0.183752
0.10677
0.124993
0.216099
0.148167
0.125609
0.216099
0.1734
0.139317
0.216099
0.134306
0.109188
0.219946
0.172067
0.139856
0.182274
0.14707
0.176547
0.219946
0.155856
0.132105
0.219946
0.105758
0.174734
0.211392
0.112611
0.179003
0.199026
0.106358
0.0934306
0.18209
0.12899
0.1197
0.207815
0.206303
0.161225
0.219946
0.144173
0.0987683
0.0932586
0.219946
0.205373
0.219946
0.15184
0.154797
0.131916
0.0916998
0.148027
0.215403
0.0960517
0.174769
0.215456
0.134358
0.181414
0.180354
0.11613
0.128539
0.0815741
0.126916
0.174545
0.215456
0.173138
0.162334
0.215456
0.204902
0.0964354
0.0933995
0.215456
0.153254
0.215456
0.120392
0.188436
0.174353
0.115816
0.135931
0.100622
0.215456
0.178136
0.154109
0.16017
0.215456
0.215456
0.102202
0.0690864
0.118109
0.142378
0.173745
0.226075
0.167451
0.14725
0.112731
0.102388
0.119192
0.132071
0.0743969
0.176968
0.226075
0.159456
0.0628587
0.0780555
0.114158
0.163881
0.134872
0.164892
0.208668
0.226075
0.216053
0.226075
0.226075
0.166267
0.118291
0.146562
0.221782
0.217749
0.215927
0.176379
0.185086
0.146186
0.172662
0.135169
0.135772
0.0770654
0.184965
0.210891
0.117182
0.0911469
0.103325
0.197592
0.141409
0.185545
0.118143
0.161063
0.179965
0.143704
0.158767
0.136787
0.21169
0.136285
0.126947
0.183413
0.155885
0.152677
0.128562
0.21089
0.21169
0.21169
0.21169
0.169774
0.135534
0.150205
0.21169
0.21169
0.139791
0.204421
0.196798
0.156643
0.171277
0.142161
0.180249
0.174804
0.143955
0.22076
0.19483
0.222055
0.123884
0.193366
0.159507
0.146963
0.185889
0.12061
0.121937
0.103075
0.0890145
0.222055
0.143756
0.13866
0.165103
0.222055
0.153302
0.157617
0.222055
0.222055
0.129773
0.15558
0.149689
0.222055
0.222055
0.103084
0.116473
0.127121
0.0932683
0.134807
0.2034
0.214854
0.214854
0.214854
0.170036
0.134663
0.148014
0.0832833
0.132798
0.178209
0.147963
0.193624
0.214854
0.144099
0.183849
0.149356
0.0915437
0.139467
0.195986
0.208787
0.214854
0.214854
0.0965889
0.138658
0.143078
0.117009
0.0949587
0.0964902
0.147778
0.190967
0.214854
0.0908421
0.153315
0.214854
0.169337
0.0977299
0.15167
0.117165
0.156895
0.211565
0.190424
0.161111
0.18057
0.0789914
0.147565
0.207312
0.119662
0.149653
0.19102
0.184281
0.156668
0.212937
0.113919
0.0974689
0.124447
0.130527
0.142226
0.168368
0.1309
0.130056
0.188373
0.137985
0.212937
0.212931
0.212937
0.212937
0.212937
0.148673
0.153524
0.212937
0.177763
0.0973717
0.176376
0.099788
0.11978
0.176028
0.203321
0.156968
0.211192
0.113216
0.118241
0.104731
0.186552
0.152039
0.211192
0.147609
0.13301
0.126629
0.0944166
0.192286
0.202507
0.189095
0.202382
0.211192
0.199944
0.142233
0.211192
0.181888
0.180302
0.180417
0.211192
0.196599
0.211192
0.0865993
0.104974
0.127903
0.154391
0.0960838
0.100772
0.176671
0.116294
0.200403
0.114139
0.145553
0.146538
0.106679
0.11522
0.0836077
0.203279
0.133234
0.131204
0.153636
0.229208
0.228034
0.101513
0.171746
0.149263
0.168594
0.204171
0.229208
0.109867
0.120016
0.137343
0.206195
0.129074
0.132846
0.187364
0.143083
0.229208
0.229208
0.229208
0.229208
0.17703
0.129737
0.112192
0.149992
0.173844
0.233752
0.175551
0.233752
0.233752
0.152877
0.0836339
0.10174
0.182412
0.153463
0.185713
0.232274
0.184571
0.1026
0.168561
0.117037
0.233752
0.100611
0.154865
0.233752
0.233752
0.233752
0.0922189
0.0873756
0.0286974
0.0520026
0.160634
0.15985
0.233752
0.233752
0.110392
0.0290748
0.0666107
0.0985151
0.106977
0.174569
0.129542
0.168676
0.178721
0.217202
0.175471
0.187439
0.191425
0.120764
0.14649
0.139036
0.263959
0.176021
0.10666
0.171935
0.147264
0.0335852
0.0517568
0.173919
0.17464
0.268204
0.268204
0.183725
0.0566132
0.0723337
0.0485415
0.0454726
0.0970102
0.160663
0.268204
0.268204
0.250872
0.0461638
0.0600615
0.179492
0.105614
0.143431
0.137667
0.245871
0.102226
0.102983
0.199155
0.151391
0.137632
0.133953
0.129914
0.156184
0.147711
0.138968
0.101435
0.139172
0.108248
0.0582249
0.066608
0.0796801
0.172453
0.252556
0.252556
0.252556
0.067767
0.0652703
0.172297
0.236731
0.211833
0.125766
0.252556
0.252556
0.213171
0.158495
0.153878
0.152132
0.18717
0.195269
0.21935
0.19398
0.137924
0.105833
0.146568
0.112867
0.0772332
0.0793596
0.144409
0.133336
0.148629
0.0779407
0.160681
0.214082
0.135111
0.200456
0.229104
0.229104
0.179557
0.229104
0.229104
0.229104
0.166147
0.192382
0.0881778
0.092888
0.130852
0.12683
0.216158
0.110606
0.123059
0.176939
0.173316
0.0897238
0.138075
0.154082
0.133299
0.155895
0.113698
0.143701
0.190929
0.115152
0.216909
0.216909
0.216909
0.216909
0.216909
0.203667
0.182926
0.216909
0.136281
0.103784
0.122385
0.142036
0.120657
0.212944
0.113518
0.10096
0.168896
0.195216
0.216909
0.126864
0.133329
0.127345
0.216909
0.0991511
0.216909
0.127841
0.187131
0.178171
0.207631
0.191516
0.174779
0.209453
0.208323
0.153818
0.209453
0.154234
0.182831
0.166583
0.19305
0.154286
0.209453
0.0978614
0.0894443
0.141404
0.159511
0.192887
0.172364
0.127679
0.101021
0.209453
0.107111
0.209453
0.118719
0.126459
0.0786864
0.187203
0.172621
0.14831
0.209453
0.162645
0.136878
0.166288
0.133159
0.15932
0.13481
0.159812
0.155833
0.21708
0.109944
0.110967
0.148419
0.192301
0.121424
0.118104
0.186325
0.107259
0.21708
0.21708
0.21708
0.21708
0.176886
0.0841454
0.21708
0.179684
0.152211
0.21708
0.195727
0.148364
0.16094
0.12014
0.130131
0.0498819
0.174643
0.176297
0.135613
0.15319
0.21708
0.153834
0.174071
0.136203
0.257124
0.142008
0.211801
0.257124
0.257124
0.257124
0.142446
0.145562
0.039394
0.0554887
0.204043
0.200097
0.257124
0.257124
0.167857
0.0333855
0.0982658
0.124319
0.257124
0.173305
0.128315
0.217359
0.0716444
0.0707526
0.126962
0.146901
0.0269757
0.0508794
0.107105
0.245747
0.198176
0.0868143
0.0723517
0.0366982
0.0359917
0.0392129
0.0592121
0.218855
0.222484
0.281238
0.281238
0.248575
0.0685312
0.088259
0.0444093
0.0506323
0.165304
0.234596
0.281238
0.281238
0.220239
0.0473629
0.0707966
0.0288527
0.0544536
0.134489
0.268027
0.224641
0.0986621
0.069733
0.0482045
0.0385324
0.0185058
0.0396475
0.128458
0.26425
0.281238
0.150748
0.0961852
0.047461
0.00939277
0.0543607
0.074685
0.132364
0.19899
0.246705
0.246705
0.225753
0.0732272
0.0630849
0.196523
0.244563
0.233838
0.135662
0.246705
0.246705
0.246705
0.193167
0.151553
0.0149042
0.0214526
0.133816
0.232275
0.246705
0.152572
0.0846558
0.036604
0.00432251
0.00970409
0.0329357
0.148199
0.246705
0.246705
0.141137
0.0821598
0.0268087
0.0215016
0.188368
0.243109
0.243109
0.143537
0.243109
0.243109
0.219594
0.154392
0.152128
0.0722455
0.0839551
0.0901492
0.111664
0.243109
0.234657
0.155345
0.142746
0.115651
0.00715132
0.0276329
0.175036
0.243109
0.243109
0.203296
0.0739396
0.0183303
0.0151069
0.00565823
0.0290718
0.143834
0.243109
0.243109
0.243109
0.102781
0.0261693
0.0159428
0.086175
0.120413
0.111345
0.111237
0.254748
0.254748
0.116041
0.1205
0.146217
0.141758
0.148385
0.165591
0.11192
0.254748
0.174041
0.194292
0.102798
0.161212
0.0085176
0.0437925
0.199477
0.252677
0.254748
0.254748
0.0872347
0.026272
0.0132586
0.0430692
0.0850169
0.18212
0.229972
0.254748
0.254748
0.204677
0.0803066
0.0736521
0.126668
0.187221
0.1659
0.0966232
0.241228
0.15576
0.196784
0.0967506
0.120824
0.0658989
0.169966
0.175661
0.13946
0.241228
0.163053
0.153051
0.161464
0.154311
0.0376179
0.0891912
0.195709
0.197859
0.241228
0.241228
0.17265
0.0660138
0.0404418
0.0291769
0.11834
0.131679
0.241228
0.241228
0.241228
0.241228
0.106889
0.0994901
0.0701195
0.198884
0.176283
0.143677
0.244428
0.185621
0.181043
0.153926
0.115384
0.123442
0.0617707
0.156836
0.17997
0.118957
0.156043
0.188217
0.1574
0.13493
0.0384443
0.0939071
0.118107
0.201871
0.244428
0.244428
0.244428
0.127897
0.10329
0.0683881
0.100209
0.109747
0.186725
0.244428
0.244428
0.244428
0.139397
0.123788
0.252585
0.279085
0.279085
0.254299
0.279085
0.107136
0.149478
0.279085
0.279085
0.0553064
0.0881334
0.227874
0.279085
0.279085
0.154793
0.130254
0.0621465
0.0724093
0.0846172
0.129816
0.159388
0.0749532
0.183291
0.0627916
0.0173897
0.0562758
0.106209
0.0401358
0.0297375
0.0381753
0.111177
0.182028
0.0647635
0.0474417
0.0673721
0.109333
0.0671227
0.101093
0.303896
0.303896
0.303896
0.187836
0.125405
0.0834686
0.0809135
0.0270895
0.0452002
0.303896
0.303896
0.303896
0.234625
0.148576
0.114481
0.0250658
0.0479793
0.0407118
0.0447502
0.154799
0.248741
0.0873525
0.0506183
0.0972645
0.154417
0.0282266
0.0820019
0.0589358
0.0575477
0.0752061
0.102782
0.166893
0.237556
0.151305
0.0206317
0.0233732
0.29294
0.29294
0.29294
0.201865
0.101981
0.0703042
0.0257942
0.0133477
0.0433156
0.291343
0.29294
0.29294
0.29294
0.244067
0.0611607
0.0377392
0.0306015
0.060119
0.0558832
0.0988034
0.110123
0.107587
0.120495
0.128178
0.109465
0.0498298
0.0846493
0.180499
0.173508
0.150467
0.1162
0.16634
0.190847
0.138132
0.00977647
0.0254691
0.236106
0.293714
0.293714
0.293714
0.127453
0.0227273
0.0321778
0.00627455
0.0465181
0.212415
0.293714
0.293714
0.293714
0.225665
0.0398692
0.0146734
0.0468233
0.0670358
0.138918
0.176664
0.150745
0.102494
0.118637
0.0813643
0.103005
0.0625098
0.0641896
0.151033
0.244427
0.121533
0.0830111
0.119074
0.180111
0.165715
0.00840165
0.0571004
0.217855
0.269461
0.288697
0.288697
0.147593
0.0289018
0.0136226
0.0174962
0.125734
0.191358
0.23588
0.288697
0.288697
0.210139
0.113808
0.103548
0.052372
0.069143
0.139097
0.222184
0.142495
0.0961171
0.105393
0.142206
0.135532
0.0326439
0.0706831
0.216505
0.257056
0.225167
0.0766956
0.10069
0.0514866
0.0184124
0.017504
0.131236
0.229585
0.227004
0.252609
0.252609
0.188946
0.0911166
0.0560941
0.0374299
0.147045
0.183742
0.252609
0.252609
0.252609
0.252609
0.134613
0.134464
0.0294346
0.0580078
0.189025
0.239055
0.222389
0.0998491
0.0737459
0.0368111
0.0238096
0.00717514
0.049062
0.174308
0.252609
0.252609
0.156877
0.0631331
0.0348274
0.0324922
0.0446871
0.102971
0.178925
0.247339
0.247339
0.247339
0.247339
0.145753
0.121041
0.0665944
0.123045
0.115572
0.236896
0.247339
0.247339
0.246632
0.178791
0.0997584
0.0107904
0.0331355
0.15901
0.247339
0.241055
0.155297
0.0475887
0.0248552
0.0415603
0.00514162
0.00826277
0.186133
0.247339
0.247339
0.149761
0.0797782
0.0089504
0.0125167
0.142401
0.194999
0.251897
0.11558
0.251897
0.0938622
0.0262548
0.113256
0.251897
0.0718579
0.043441
0.0782727
0.163712
0.251897
0.127311
0.0692158
0.0989317
0.180274
0.251897
0.251897
0.251897
0.131695
0.251897
0.0641342
0.195032
0.204297
0.251897
0.130973
0.0554396
0.0517824
0.0970645
0.207878
0.0428474
0.018079
0.0662115
0.219904
0.0792756
0.0538411
0.0771045
0.237915
0.279079
0.175574
0.0742745
0.126271
0.256193
0.0627631
0.0840824
0.0962072
0.097444
0.135379
0.205485
0.279079
0.279079
0.279079
0.169246
0.0782226
0.0629936
0.1337
0.264981
0.0398251
0.0230171
0.0858346
0.279079
0.279079
0.0887676
0.0178632
0.0497248
0.122861
0.0244363
0.0337623
0.105025
0.279079
0.0404184
0.058378
0.0652477
0.129831
0.171574
0.148125
0.161793
0.16538
0.184067
0.0879293
0.118561
0.236598
0.200895
0.242774
0.205162
0.220362
0.232114
0.228651
0.173471
0.0633717
0.00925264
0.0713409
0.237568
0.037145
0.0274591
0.0498192
0.242774
0.242774
0.0489991
0.012105
0.0917337
0.242774
0.167623
0.164596
0.242774
0.242774
0.0835038
0.112927
0.21438
0.231174
0.231174
0.167587
0.175764
0.10569
0.190638
0.0844298
0.0970488
0.231174
0.231174
0.159534
0.147874
0.182944
0.229033
0.231174
0.203002
0.0610886
0.0183945
0.174827
0.231174
0.121067
0.0939003
0.11644
0.231174
0.147939
0.115472
0.101539
0.190332
0.191866
0.106544
0.0826047
0.149413
0.178887
0.101891
0.136003
0.24944
0.24944
0.238358
0.190464
0.203444
0.222567
0.24944
0.0660108
0.163931
0.24944
0.24944
0.24944
0.148787
0.127804
0.0843004
0.0434753
0.193134
0.139473
0.0951385
0.24944
0.24944
0.0965732
0.0759439
0.102671
0.144535
0.0897166
0.167279
0.109444
0.0882094
0.119199
0.0445295
0.109064
0.0912741
0.0781257
0.0757341
0.164388
0.288055
0.288055
0.288055
0.213902
0.11584
0.0757192
0.052432
0.0173893
0.090806
0.288055
0.288055
0.288055
0.212558
0.083092
0.0858456
0.0760997
0.112937
0.153729
0.0859285
0.101475
0.1907
0.0509593
0.107242
0.0978349
0.139035
0.173715
0.16774
0.13343
0.0992302
0.0782241
0.0513616
0.0743857
0.162325
0.260578
0.0192601
0.0531447
0.290172
0.290172
0.290172
0.204503
0.0652393
0.0722195
0.0771917
0.00975539
0.0390123
0.290172
0.290172
0.290172
0.261153
0.117972
0.0167238
0.0280736
0.110701
0.0962272
0.101377
0.0986046
0.0579035
0.0512303
0.0858216
0.183332
0.248528
0.0468358
0.107276
0.280999
0.234971
0.099939
0.0574193
0.120899
0.126482
0.0868455
0.213153
0.293166
0.258514
0.105379
0.259794
0.0492739
0.111621
0.166521
0.326473
0.103396
0.0339794
0.0344544
0.0707158
0.172854
0.0270117
0.0181864
0.0547896
0.165383
0.171323
0.326473
0.326473
0.326473
0.288902
0.0970037
0.0429074
0.0394084
0.114787
0.0698262
0.0495423
0.0248316
0.0407006
0.055213
0.00312531
0.00726513
0.0516179
0.14401
0.251353
0.0955976
0.0809691
0.188062
0.32195
0.053366
0.0476243
0.121189
0.32195
0.32195
0.128737
0.0124715
0.0812044
0.20684
0.0383887
0.0399274
0.128507
0.32195
0.131741
0.126567
0.0543663
0.0832878
0.13373
0.0101774
0.0252048
0.134892
0.275727
0.232795
0.112365
0.0298095
0.0381128
0.126829
0.0240481
0.0525134
0.131596
0.32195
0.167276
0.067581
0.00552267
0.0722017
0.238639
0.0389821
0.0256909
0.043925
0.265964
0.31347
0.063025
0.0100598
0.0921834
0.277443
0.218426
0.184052
0.200722
0.342843
0.0849099
0.0461414
0.0190854
0.0211046
0.0745818
0.0112475
0.0169454
0.0500849
0.106075
0.342843
0.159886
0.0309586
0.0733069
0.12478
0.0399772
0.0396274
0.295953
0.342843
0.236646
0.082057
0.0284422
0.176421
0.273019
0.155635
0.11156
0.103727
0.273019
0.169925
0.122504
0.0958839
0.182009
0.196177
0.140616
0.0930977
0.113455
0.175144
0.273019
0.117167
0.0526633
0.0990605
0.233294
0.0216692
0.0248707
0.157425
0.273019
0.270241
0.135262
0.124464
0.160299
0.273019
0.0406815
0.0385747
0.0871129
0.196666
0.265913
0.222434
0.148379
0.265913
0.265913
0.172831
0.117158
0.116969
0.197563
0.157921
0.265913
0.141775
0.105736
0.142456
0.0693577
0.128183
0.149879
0.127894
0.265913
0.244248
0.183849
0.265913
0.265913
0.0453854
0.0430961
0.0558252
0.078694
0.155889
0.119891
0.0636182
0.0932652
0.147757
0.00792233
0.0344248
0.100881
0.096399
0.234463
0.234463
0.119215
0.134291
0.234463
0.0890629
0.165531
0.206901
0.234463
0.234463
0.234463
0.234463
0.135687
0.144877
0.0897061
0.145473
0.234463
0.234463
0.234463
0.166644
0.0438281
0.110512
0.2196
0.00813367
0.0342141
0.125917
0.190101
0.173259
0.109075
0.0684888
0.0691448
0.0887261
0.0346746
0.0356738
0.105862
0.234463
0.184644
0.186924
0.202609
0.157333
0.123058
0.0995281
0.192923
0.2505
0.2505
0.103643
0.2505
0.2505
0.2505
0.192623
0.104928
0.237692
0.225781
0.222657
0.174112
0.0854982
0.0399617
0.051951
0.0850422
0.0304194
0.0274037
0.127516
0.2505
0.149631
0.1363
0.0518237
0.0642658
0.12252
0.0388178
0.0755425
0.159024
0.219319
0.261907
0.370435
0.370435
0.370435
0.370435
0.151505
0.051345
0.0585751
0.135861
0.0980674
0.0632069
0.0415612
0.0596296
0.0758096
0.00173441
0.0152838
0.0735095
0.192327
0.147496
0.162643
0.221495
0.233711
0.211567
0.0152888
0.0156568
0.0453274
0.133238
0.100841
0.110158
0.0385909
0.0365554
0.0856932
0.017281
0.0386026
0.0732006
0.105882
0.199227
0.176951
0.105861
0.140503
0.211713
0.0171999
0.0545052
0.211574
0.237242
0.237242
0.164536
0.0468545
0.0854325
0.237242
0.0597676
0.0934343
0.196883
0.237242
0.221193
0.225359
0.0893586
0.100407
0.237242
0.0482132
0.135636
0.201617
0.237242
0.111802
0.14473
0.0996205
0.107487
0.205947
0.0933442
0.203754
0.153892
0.171649
0.0936091
0.0487829
0.0208496
0.0342357
0.100115
0.0188922
0.0274089
0.0572482
0.120537
0.425705
0.162736
0.0450592
0.0950408
0.146024
0.0768851
0.0728759
0.308659
0.425705
0.0353153
0.0380115
0.0307878
0.0390164
0.0587362
0.0246149
0.0571454
0.0433498
0.0627835
0.425705
0.16202
0.0844971
0.04366
0.0754991
0.00611436
0.0191581
0.0913547
0.425705
0.292781
0.122984
0.0643428
0.106177
0.22414
0.0317179
0.0378653
0.150368
0.292781
0.292781
0.145662
0.119595
0.172065
0.292781
0.0374609
0.044105
0.0851951
0.200746
0.292781
0.0842523
0.0476052
0.112172
0.243113
0.0043468
0.0157532
0.0558433
0.292781
0.180268
0.0982319
0.0485887
0.142395
0.292781
0.015834
0.0362546
0.0287824
0.162726
0.303895
0.298655
0.206876
0.303895
0.303895
0.0381473
0.051836
0.0804461
0.0877875
0.210518
0.136122
0.0623018
0.117954
0.173505
0.00709723
0.0267294
0.115189
0.132814
0.28184
0.124694
0.0664112
0.303895
0.303895
0.0268665
0.0615762
0.0374764
0.0448147
0.180817
0.135894
0.0417628
0.0736153
0.121814
0.00276981
0.0196768
0.0758941
0.242633
0.248814
0.226012
0.0492971
0.169861
0.248814
0.012842
0.0385287
0.198283
0.248814
0.245777
0.163024
0.120517
0.0894068
0.132341
0.0657042
0.0618525
0.157175
0.248814
0.248814
0.218175
0.0741215
0.105862
0.175597
0.00504304
0.0358527
0.121889
0.248814
0.248814
0.153446
0.0227077
0.0697399
0.162558
0.0201966
0.0994822
0.211143
0.248814
0.260917
0.131135
0.0612731
0.071746
0.12852
0.0564062
0.0477132
0.177823
0.260917
0.247197
0.206424
0.0599465
0.093663
0.183372
0.0614796
0.0995328
0.220678
0.260917
0.237758
0.143888
0.0224773
0.0631698
0.161018
0.0203885
0.096141
0.214213
0.260917
0.260917
0.151407
0.00432824
0.0816778
0.260917
0.000865583
0.0102508
0.19684
0.260917
0.243147
0.243147
0.0940618
0.190177
0.243147
0.0297916
0.0308334
0.0859378
0.243147
0.229586
0.224344
0.0806783
0.0853142
0.175619
0.0277318
0.0907155
0.133435
0.228496
0.243147
0.243147
0.101655
0.146222
0.243147
0.0438445
0.0559628
0.11343
0.243147
0.229629
0.148457
0.0374194
0.109544
0.229495
0.067575
0.0697797
0.0966598
0.192001
0.228831
0.228831
0.0996169
0.117554
0.228831
0.0412578
0.144493
0.186412
0.228831
0.102558
0.135056
0.101367
0.105012
0.228831
0.107941
0.215576
0.203513
0.187645
0.228831
0.185166
0.0721845
0.127205
0.228831
0.0845898
0.0918628
0.1517
0.214091
0.108118
0.0497894
0.0828343
0.111769
0.228831
0.13797
0.133418
0.228831
0.228831
0.0380819
0.0437867
0.0376648
0.0456697
0.0758067
0.0345019
0.0690858
0.0629384
0.079503
0.438173
0.198332
0.130211
0.0490659
0.0843198
0.011629
0.0199642
0.118817
0.438173
0.0475095
0.0304921
0.0468157
0.0401181
0.105567
0.0463618
0.0301734
0.0758917
0.126106
0.438173
0.170951
0.11932
0.151762
0.0796321
0.0105804
0.018605
0.0809181
0.438173
0.283948
0.0986988
0.0606912
0.127148
0.258965
0.00745154
0.014626
0.0653851
0.283948
0.223238
0.120344
0.050137
0.151436
0.283948
0.0101517
0.0316675
0.0449206
0.197819
0.283948
0.108335
0.0589885
0.145986
0.231757
0.0084087
0.0120566
0.0441682
0.283948
0.212429
0.161675
0.083478
0.185121
0.275082
0.00359247
0.0450284
0.0638636
0.277399
0.290299
0.129671
0.04985
0.290299
0.290299
0.0163659
0.0516968
0.057739
0.0737798
0.218921
0.118149
0.0313585
0.0731641
0.124965
0.00395753
0.0104907
0.0751859
0.255356
0.278848
0.231981
0.069519
0.290299
0.290299
0.0042981
0.0514659
0.0897205
0.224416
0.280757
0.144213
0.0292146
0.0576977
0.125448
0.000561004
0.022524
0.0744671
0.264035
0.257499
0.174893
0.0540091
0.110414
0.174045
0.0104468
0.0355141
0.118379
0.257499
0.257499
0.153165
0.0117155
0.0516776
0.149037
0.0226
0.115869
0.232666
0.257499
0.257499
0.257499
0.0308106
0.0828531
0.234388
0.00916179
0.0300336
0.106764
0.257499
0.257499
0.12832
0.0112014
0.100126
0.257499
0.0111943
0.0264796
0.162608
0.257499
0.258959
0.152379
0.0114434
0.0543771
0.154708
0.0243941
0.119892
0.215445
0.258959
0.258959
0.16984
0.0048083
0.083673
0.258959
0
0.0152652
0.193364
0.258959
0.258959
0.128244
0.0151901
0.0925632
0.258959
0.0190442
0.0353868
0.148584
0.258959
0.258959
0.122417
0
0.0716157
0.217867
0.0267639
0.0108188
0.164105
0.258959
0.255524
0.255524
0.0880134
0.146554
0.255524
0.0311453
0.0517107
0.125443
0.255524
0.234476
0.140516
0.0377678
0.118515
0.24002
0.062682
0.0844499
0.0956954
0.2046
0.255524
0.255524
0.0282366
0.126953
0.255524
0.0451302
0.0687083
0.116139
0.255524
0.255524
0.209909
0.0683192
0.0500874
0.148368
0.0648813
0.0217362
0.0794887
0.180189
0.240956
0.176255
0.0740423
0.145451
0.240956
0.077276
0.108292
0.167127
0.237897
0.115749
0.0457519
0.0799374
0.120567
0.240956
0.107164
0.122819
0.240956
0.240956
0.240956
0.240956
0.0930791
0.0792505
0.187681
0.110975
0.0425543
0.128933
0.164532
0.240909
0.088664
0.0440432
0.227171
0.240956
0.0973661
0.0323144
0.128796
0.240956
0.045367
0.0279067
0.0409896
0.0414342
0.0979763
0.0380648
0.0276827
0.0823473
0.121222
0.366739
0.147131
0.106518
0.139757
0.109214
0.0142115
0.0161542
0.0929164
0.366739
0.0842733
0.0316616
0.0142216
0.0746186
0.10196
0.0336936
0.0151974
0.0478461
0.175547
0.321178
0.170424
0.0506048
0.124332
0.366739
0.0150968
0.0724443
0.366739
0.366739
0.265533
0.0930615
0.0532496
0.161558
0.265533
0.0133292
0.0117802
0.0522901
0.265533
0.217521
0.176336
0.093963
0.198546
0.265533
0.00431296
0.0298592
0.0648631
0.265533
0.240309
0.11601
0.0385814
0.100615
0.264066
0.0476399
0.0720184
0.225952
0.265533
0.116123
0.224383
0.120582
0.123532
0.265533
0.0530016
0.0914265
0.107982
0.0806379
0.264191
0.215402
0.0846183
0.275047
0.275047
0.00653574
0.0377553
0.0956863
0.256619
0.275047
0.143986
0.0373644
0.0665038
0.14727
0.00175363
0.0150435
0.0732691
0.275047
0.177661
0.275047
0.172972
0.202762
0.275047
0.139065
0.176877
0.114035
0.0606995
0.130288
0.105512
0.0356526
0.0522799
0.126981
0.0101176
0.0259336
0.10933
0.248101
0.259483
0.226002
0.0425747
0.118772
0.259483
0.0164433
0.0346281
0.118318
0.259483
0.259483
0.153211
0.0155236
0.103914
0.259483
0.0149441
0.0453558
0.216319
0.259483
0.18558
0.137361
0.0371506
0.0956062
0.19801
0.0200872
0.0445479
0.133596
0.259483
0.182617
0.134981
0.0175296
0.0835157
0.252611
0.040271
0.0884843
0.199772
0.259483
0.263471
0.173142
0.0189806
0.116707
0.263471
0.0301025
0.0661596
0.21495
0.263471
0.263471
0.161541
0.00196084
0.0905206
0.239973
0.0220252
0.0378932
0.191428
0.263471
0.191916
0.145204
0.0167988
0.126814
0.263471
0.0289631
0.074026
0.175558
0.263471
0.115694
0.108664
0.033305
0.0590708
0.184751
0.0728012
0.0665414
0.183573
0.263471
0.274766
0.274766
0.0173872
0.170623
0.274766
0.0388462
0.0776505
0.139766
0.274766
0.274766
0.207358
0.05632
0.0665686
0.170914
0.0563868
0.0284843
0.0937429
0.193147
0.274766
0.199786
0.0227696
0.18535
0.274766
0.0381969
0.0209772
0.104761
0.274766
0.154451
0.199146
0.0693903
0.097232
0.121543
0.0316658
0.0390738
0.0835112
0.141158
0.249163
0.249163
0.0905404
0.105537
0.249163
0.0904868
0.0533406
0.167329
0.212731
0.249163
0.0979137
0.0542099
0.249163
0.249163
0.0815168
0.0294454
0.13303
0.249163
0.249163
0.249163
0.128027
0.122597
0.138226
0.0447902
0.050964
0.117697
0.223297
0.227847
0.102998
0.0725864
0.115511
0.124258
0.0527854
0.0389915
0.134526
0.249163
0.146265
0.0497686
0.0194921
0.118038
0.165605
0.0433636
0.0267618
0.0712808
0.282133
0.327541
0.257855
0.0598861
0.151737
0.327541
0.0303389
0.086391
0.327541
0.327541
0.130899
0.0662472
0.0409544
0.0637327
0.0901774
0.0287034
0.0205272
0.0932085
0.234655
0.188088
0.0948605
0.0408015
0.125474
0.280158
0.0388323
0.0492022
0.16097
0.214468
0.280067
0.163607
0.0441211
0.155108
0.280067
0.0628092
0.100558
0.280067
0.280067
0.191918
0.280067
0.186907
0.200272
0.280067
0.0843723
0.135127
0.165118
0.14572
0.176078
0.0849257
0.0477884
0.0987007
0.190461
0.0602227
0.0611491
0.138656
0.221464
0.134378
0.16747
0.110397
0.0755308
0.103362
0.100188
0.106714
0.120711
0.0629603
0.235926
0.257348
0.216749
0.257348
0.257348
0.164229
0.230775
0.169614
0.108036
0.199198
0.149367
0.0715102
0.0809688
0.17931
0.0138272
0.0231376
0.13303
0.257348
0.147415
0.205487
0.162574
0.087192
0.0833635
0.186897
0.176241
0.174365
0.153626
0.169613
0.126631
0.109763
0.0771725
0.0985673
0.0454594
0.0251317
0.145461
0.257348
0.210476
0.138765
0.0646497
0.136865
0.223876
0.0237037
0.0369061
0.148282
0.265524
0.234828
0.163818
0.0309417
0.113945
0.265524
0.031683
0.0881185
0.265524
0.265524
0.209662
0.135816
0.125472
0.114595
0.165464
0.076317
0.0377873
0.184524
0.265524
0.237208
0.125499
0.0128173
0.0726413
0.200663
0.0225738
0.0615704
0.172655
0.265524
0.246421
0.173206
0.0270259
0.169005
0.258751
0.0257572
0.0755908
0.241365
0.258751
0.16166
0.125901
0.0413593
0.0705734
0.196778
0.0660622
0.109921
0.211239
0.258751
0.258751
0.14996
0.0155508
0.111421
0.246818
0.0114115
0.0449677
0.165954
0.258751
0.208137
0.158958
0.0394013
0.0636305
0.0804332
0.0201767
0.0852775
0.225993
0.258751
0.277043
0.182448
0.0781555
0.277043
0.277043
0.0433803
0.0358098
0.13104
0.277043
0.165151
0.200907
0.0677236
0.124205
0.155624
0.0236904
0.0519324
0.113939
0.149803
0.224903
0.14354
0.139645
0.277043
0.277043
0.072108
0.0352307
0.0775454
0.277043
0.135489
0.159842
0.130988
0.189698
0.191373
0.0392004
0.049778
0.0823397
0.06956
0.234959
0.234959
0.11793
0.151242
0.20434
0.032467
0.0655717
0.154583
0.234959
0.234959
0.144565
0.0872677
0.117286
0.147248
0.0514065
0.042169
0.140952
0.234959
0.234959
0.234959
0.141076
0.234959
0.234959
0.0536466
0.0722796
0.157357
0.0867715
0.174876
0.217196
0.109515
0.14216
0.112682
0.100906
0.0598178
0.234959
0.234959
0.25396
0.156517
0.0704893
0.104546
0.163593
0.05442
0.0459054
0.136783
0.25396
0.25396
0.171514
0.0774129
0.205266
0.25396
0.0954113
0.0842923
0.102588
0.25396
0.203873
0.176461
0.0629086
0.112607
0.18777
0.112202
0.0562933
0.183124
0.25396
0.187331
0.152048
0.0390557
0.15235
0.25396
0.0920125
0.0835866
0.128575
0.25396
0.245246
0.145948
0.0660324
0.157115
0.243651
0.10307
0.111681
0.116926
0.245246
0.245246
0.245246
0.167726
0.124382
0.0793692
0.16994
0.182681
0.164418
0.145695
0.205126
0.14112
0.0276572
0.11227
0.245246
0.0817674
0.0823392
0.114104
0.245246
0.156479
0.199316
0.0466802
0.0753614
0.129816
0.0264261
0.143084
0.245246
0.245246
0.198409
0.223278
0.159182
0.0999063
0.063804
0.199615
0.212574
0.18345
0.20992
0.225351
0.1386
0.129248
0.100267
0.105669
0.0487632
0.0253522
0.170495
0.246594
0.199627
0.203648
0.0904357
0.0908105
0.167552
0.0306959
0.0978997
0.246594
0.246594
0.246594
0.0720458
0.0674095
0.186091
0.246594
0.036944
0.0391447
0.142009
0.246594
0.242327
0.138511
0.12287
0.123919
0.152229
0.0663205
0.031979
0.17634
0.264647
0.264647
0.108758
0.0257236
0.0802835
0.211866
0.0204611
0.0690936
0.194156
0.264647
0.253241
0.0755979
0.123393
0.220274
0.264647
0.0429766
0.016468
0.120962
0.264647
0.127508
0.0710207
0.0487511
0.0828022
0.238225
0.0965026
0.096239
0.22092
0.264647
0.259497
0.140919
0.0261797
0.125185
0.259497
0.0128656
0.0503553
0.192445
0.259497
0.23008
0.151149
0.0383988
0.0748807
0.117663
0.0222863
0.119463
0.231887
0.259497
0.134915
0.0803563
0.0807755
0.106361
0.259497
0.0657166
0.0605818
0.210829
0.259497
0.151145
0.0468626
0.0417542
0.135549
0.259497
0.0785387
0.0805561
0.259497
0.259497
