0.175718
0.0659877
0.0390898
0.289929
0.294839
0.201228
0.257245
0.294839
0.294839
0.134386
0.0784149
0.0635776
0.119547
0.165415
0.051686
0.0402006
0.0932402
0.181281
0.205009
0.0809582
0.0276701
0.0546478
0.14103
0.021093
0.199801
0.294839
0.294839
0.151417
0.146459
0.0658707
0.082256
0.136843
0.0200488
0.0283149
0.101451
0.154341
0.257753
0.247639
0.189782
0.203855
0.257753
0.0674196
0.0530411
0.171631
0.257753
0.0146182
0.0646785
0.0736151
0.256443
0.257753
0.135287
0.0359571
0.019309
0.00792755
0.257753
0.257753
0.160839
0.216917
0.257753
0.0400792
0.053648
0.168527
0.257753
0.0397368
0.116744
0.153842
0.152963
0.140132
0.0849358
0.0344976
0.016829
0.0278222
0.0125333
0.0789772
0.0919845
0.263063
0.303846
0.188125
0.0985727
0.0462975
0.0344168
0.292651
0.213976
0.0428022
0.0594551
0.127199
0.0824473
0.22523
0.303846
0.303846
0.0518801
0.164821
0.164157
0.153417
0.124548
0.0820106
0.0572045
0.0447992
0.0580221
0.303846
0.0426801
0.0291297
0.0237423
0.0335441
0.0371534
0.0909978
0.264848
0.303846
0.228778
0.199895
0.0353548
0.0416132
0.119547
0.111781
0.277987
0.277987
0.277987
0.201045
0.277987
0.140033
0.149481
0.187695
0.0172386
0.0208786
0.0402131
0.027687
0.277987
0.110204
0.0188667
0.0149449
0.0454819
0.0344151
0.111517
0.23989
0.277987
0.225881
0.277987
0.124643
0.0980401
0.171733
0.0542641
0.0195536
0.0401075
0.140426
0.158872
0.257882
0.0923353
0.118941
0.18553
0.0271221
0.0148659
0.0203123
0.012494
0.301611
0.301611
0.156086
0.113315
0.212366
0.0500976
0.0358109
0.205695
0.135239
0.229432
0.301611
0.0980671
0.0789289
0.158532
0.0326291
0.00913982
0.0145053
0.0131688
0.301611
0.301611
0.213865
0.0909285
0.301611
0.0423079
0.0230555
0.0341657
0.0669461
0.193727
0.254832
0.110986
0.0792099
0.154415
0.0588124
0.0730629
0.122691
0.103458
0.15225
0.254832
0.254832
0.254832
0.254832
0.14005
0.150947
0.0696372
0.0684814
0.254832
0.254832
0.135249
0.0680647
0.235897
0.0397142
0.0311829
0.0313011
0.0374216
0.103217
0.176187
0.187423
0.210443
0.254832
0.254832
0.0764777
0.105195
0.0661934
0.161851
0.231738
0.231738
0.231738
0.231738
0.170715
0.179952
0.0589232
0.0776217
0.0456453
0.15392
0.100196
0.142235
0.231738
0.231738
0.075512
0.0304314
0.0505025
0.097342
0.13382
0.166526
0.182286
0.210784
0.222154
0.130008
0.141834
0.0792867
0.0415573
0.204442
0.185852
0.231738
0.175772
0.231738
0.231738
0.131263
0.0511319
0.199689
0.0635942
0.0191979
0.0501249
0.141859
0.0304932
0.218805
0.297449
0.297449
0.19313
0.124549
0.0458777
0.0749397
0.175765
0.0251194
0.0439148
0.121312
0.186264
0.212504
0.034512
0.015497
0.0863234
0.172619
0.038005
0.0871626
0.297449
0.297449
0.229758
0.0584929
0.0135387
0.149886
0.297449
0.00358807
0.0324445
0.192905
0.297449
0.313873
0.313873
0.0977506
0.185835
0.313873
0.0394338
0.0614953
0.13846
0.298211
0.0319311
0.114055
0.137114
0.151267
0.126854
0.0762086
0.0327459
0.0224231
0.0253644
0.313873
0.149265
0.0321035
0.313873
0.313873
0.00824827
0.0101164
0.102926
0.313873
0.0200465
0.0477116
0.0594675
0.0607566
0.120089
0.0554318
0.0408586
0.0672129
0.0732666
0.0506123
0.193722
0.197532
0.189608
0.131186
0.0844399
0.0595812
0.0539143
0.0531712
0.333053
0.0389382
0.0400598
0.0254765
0.0390817
0.0511899
0.0890987
0.326723
0.392304
0.0361229
0.10678
0.0904087
0.100286
0.165295
0.0694567
0.0643848
0.0766778
0.0479038
0.392304
0.0922525
0.0301339
0.10849
0.186843
0.0229555
0.0382157
0.150304
0.392304
0.292187
0.107638
0.0314154
0.0161546
0.0402812
0.0417527
0.0965413
0.259504
0.292187
0.259872
0.284293
0.111349
0.0946653
0.161358
0.0555682
0.013142
0.0499676
0.150462
0.292187
0.124925
0.036952
0.11389
0.203226
0.032599
0.066268
0.101746
0.292187
0.232262
0.167359
0.098097
0.132689
0.27331
0.0116407
0.0294147
0.0318341
0.261822
0.224491
0.253593
0.0755554
0.0656107
0.123196
0.0256499
0.00497638
0.0141471
0.0225876
0.29773
0.29773
0.204498
0.116895
0.29773
0.0408949
0.0524951
0.041037
0.0392934
0.173784
0.182586
0.0704094
0.116035
0.249748
0.0149337
0.0353247
0.0110246
0.0478164
0.29773
0.29773
0.0333406
0.291956
0.29773
0.0747442
0.113609
0.0325645
0.0979486
0.262827
0.262827
0.14954
0.10738
0.262827
0.0537328
0.0486309
0.0331537
0.0342089
0.0797531
0.167874
0.175263
0.226459
0.227682
0.262827
0.125882
0.105473
0.0738128
0.262827
0.262827
0.0582551
0.262827
0.262827
0.0508867
0.0535255
0.0206121
0.0542008
0.0681009
0.121176
0.0878713
0.177877
0.21685
0.118579
0.160552
0.0672113
0.207092
0.083492
0.172073
0.220512
0.226142
0.226142
0.226142
0.193965
0.165059
0.107197
0.0678043
0.226142
0.226142
0.226142
0.226142
0.226142
0.226142
0.170495
0.0908961
0.0504992
0.129131
0.135013
0.192748
0.226142
0.141123
0.152038
0.0679769
0.144481
0.0262064
0.0616625
0.0563573
0.1415
0.191637
0.220768
0.129689
0.0426557
0.100909
0.187499
0.0364573
0.0129604
0.0827363
0.163942
0.0443631
0.120822
0.280515
0.280515
0.241296
0.0916918
0.00843912
0.133546
0.280515
0.0053206
0.041404
0.224914
0.280515
0.214802
0.0239787
0.00881756
0.0343917
0.0669978
0.020571
0.0134293
0.163874
0.280515
0.278165
0.185236
0.0589148
0.0668154
0.2566
0.0245903
0.0206074
0.194022
0.280515
0.317809
0.202508
0.0228944
0.303815
0.317809
0.00709088
0.0119954
0.121407
0.317809
0.015882
0.0389284
0.054713
0.0566517
0.109729
0.0488654
0.0380864
0.0751296
0.0662442
0.317809
0.317809
0.11592
0.125556
0.317809
0.0289691
0.0261515
0.205451
0.317809
0.0405901
0.0448028
0.0533831
0.0742577
0.122221
0.0552695
0.0336292
0.0537814
0.0579448
0.0402298
0.0983134
0.0966403
0.101123
0.159716
0.0632464
0.0665134
0.0829119
0.04295
0.400441
0.0921958
0.0408549
0.09242
0.160978
0.0197033
0.0334214
0.181368
0.400441
0.0804133
0.0719394
0.100066
0.114451
0.149416
0.0697883
0.0629026
0.0609462
0.0567009
0.300893
0.0913234
0.0249234
0.046833
0.112547
0.0345087
0.132961
0.400441
0.400441
0.293095
0.114103
0.0527139
0.098029
0.168541
0.0295281
0.0609881
0.120371
0.293095
0.236503
0.170816
0.119702
0.144302
0.253957
0.0162871
0.0255826
0.0367266
0.266076
0.257391
0.102777
0.0356076
0.0568114
0.119588
0.038059
0.0987981
0.293095
0.293095
0.271509
0.214697
0.102909
0.17629
0.153295
0.0801381
0.0444927
0.0747461
0.140978
0.173321
0.162465
0.0868461
0.125255
0.241736
0.0188233
0.0305521
0.0149497
0.0545729
0.275127
0.275127
0.036438
0.275127
0.275127
0.0850573
0.140705
0.0531701
0.0900515
0.239737
0.262839
0.128112
0.167454
0.192856
0.0648049
0.027616
0.0405163
0.017047
0.275127
0.275127
0.129491
0.221599
0.275127
0.0676725
0.042541
0.0249182
0.0162548
0.284676
0.284676
0.0792941
0.284676
0.284676
0.0644977
0.0813584
0.032656
0.0515012
0.0548237
0.13813
0.13885
0.216479
0.191369
0.118598
0.222176
0.082261
0.23411
0.284676
0.284676
0.168946
0.252225
0.284676
0.0530332
0.038528
0.0253316
0.0171142
0.00876656
0.0703012
0.0947003
0.100519
0.146468
0.0995116
0.0829514
0.0359233
0.0327135
0.0526807
0.246876
0.246876
0.246876
0.246876
0.226068
0.246876
0.107205
0.240173
0.0491154
0.113771
0.10679
0.219704
0.246876
0.246876
0.169701
0.0647481
0.22055
0.00666667
0.103877
0.139284
0.186804
0.246876
0.15376
0.155525
0.0683817
0.0594286
0.00246875
0.0151037
0.020136
0.0886074
0.229199
0.180551
0.132525
0.0156732
0.00988707
0.23108
0.0298837
0.00534084
0.0303233
0.065292
0.0189849
0.0137268
0.165226
0.288225
0.288225
0.203126
0.0302451
0.0817053
0.242324
0.0172014
0.0381527
0.237071
0.288225
0.239175
0.00736429
0.00138028
0.031649
0.113337
0.0595835
0.0285852
0.0427011
0.288225
0.288225
0.181222
0.0495039
0.192745
0.288225
0.0244182
0.0551222
0.110592
0.288225
0.303585
0.303585
0.0579132
0.117502
0.303585
0.0197674
0.0385035
0.225785
0.303585
0.0379284
0.044101
0.0540484
0.0778557
0.11888
0.0363071
0.0392938
0.0611321
0.04755
0.303585
0.219954
0.0558331
0.261952
0.303585
0.0471439
0.0691306
0.13984
0.303585
0.0706966
0.0841424
0.0913286
0.136249
0.190904
0.0931975
0.0846078
0.084611
0.0661758
0.0763212
0.0755867
0.100145
0.116867
0.159917
0.053029
0.0692094
0.0632771
0.0506868
0.275373
0.0899427
0.0352744
0.0381079
0.0887542
0.0349262
0.104304
0.312948
0.312948
0.0930805
0.108007
0.123911
0.21517
0.312948
0.153251
0.141213
0.120925
0.0641324
0.194467
0.0830988
0.0842613
0.0764407
0.134678
0.104232
0.312948
0.312948
0.312948
0.242074
0.0986224
0.042682
0.0448385
0.0954697
0.0345254
0.0971235
0.258997
0.258997
0.258997
0.227928
0.101485
0.128662
0.159745
0.0661002
0.0362978
0.0671279
0.136722
0.198023
0.0942293
0.0815777
0.0787307
0.162418
0.0970966
0.217213
0.258997
0.258997
0.189832
0.258997
0.258997
0.237591
0.166919
0.140396
0.0941449
0.0584156
0.0952329
0.237541
0.24543
0.124347
0.152616
0.23152
0.0572419
0.0319363
0.0388974
0.0144362
0.25721
0.25721
0.116948
0.214507
0.25721
0.0688494
0.0468489
0.0330256
0.0236408
0.241416
0.25721
0.176797
0.173728
0.25721
0.130427
0.056443
0.0448526
0.0223612
0.25721
0.25721
0.0870415
0.189857
0.25721
0.0311471
0.0117635
0.00679852
0.0150902
0.313334
0.313334
0.187815
0.313334
0.313334
0.0644689
0.0596084
0.0404325
0.0250615
0.00798829
0.10691
0.173212
0.124724
0.1505
0.108672
0.122986
0.055972
0.0388778
0.313334
0.313334
0.0644813
0.23207
0.313334
0.0386798
0.0141385
0.00877049
0.0168528
0.00660727
0.0052693
0.0161662
0.115463
0.281914
0.0454309
0.0271659
0.0128784
0.00680715
0.0145205
0.212517
0.273157
0.273157
0.273157
0.224249
0.273157
0.141963
0.0847976
0.00336565
0.0294409
0.0499678
0.10422
0.265089
0.273157
0.262821
0.0358246
0.0223514
0.0155545
0.0134113
0.042248
0.273157
0.273157
0.111646
0.0574162
0.0278791
0.016063
0.00339609
0.0265377
0.0273014
0.153332
0.273157
0.273157
0.0590487
0.0437576
0.0267897
0.216544
0.00906021
0.00014468
0.0353439
0.132349
0.052235
0.0232298
0.0749869
0.288165
0.288165
0.136381
0.0344072
0.223266
0.288165
0.0177663
0.0687462
0.154221
0.288165
0.157855
0.00973005
0.0044107
0.0429763
0.136162
0.0611606
0.0174519
0.0864068
0.288165
0.288165
0.21324
0.0438279
0.161439
0.288165
0.0156884
0.0427186
0.173613
0.288165
0.297467
0.174016
0.0361184
0.279837
0.297467
0.0407231
0.0823079
0.173523
0.297467
0.0725383
0.0938713
0.0944668
0.137352
0.1891
0.0639625
0.090753
0.0924028
0.0726923
0.297467
0.265309
0.0575969
0.205263
0.297467
0.0396541
0.0708777
0.16525
0.297467
0.0872918
0.109179
0.102025
0.0845778
0.119006
0.0521451
0.0475396
0.0725325
0.0749943
0.0859674
0.117921
0.115675
0.168279
0.24628
0.0993949
0.125398
0.106265
0.0684412
0.179891
0.0919073
0.0893484
0.0719896
0.121657
0.0958822
0.268683
0.272604
0.272604
0.114988
0.146649
0.144496
0.104109
0.104445
0.0836957
0.0799337
0.0636747
0.144961
0.272604
0.180149
0.19799
0.209399
0.272604
0.0849379
0.179546
0.205617
0.272604
0.17864
0.102369
0.0896474
0.0756532
0.147752
0.0833038
0.210841
0.247471
0.247471
0.201006
0.225486
0.247471
0.179156
0.193074
0.102436
0.0813054
0.0634494
0.0974807
0.247471
0.197316
0.207465
0.211501
0.247471
0.0851005
0.142345
0.191698
0.247471
0.1425
0.131414
0.107081
0.123603
0.149459
0.0582512
0.0779549
0.0983113
0.123151
0.263301
0.269964
0.178257
0.189859
0.269964
0.121762
0.0778693
0.0727861
0.0353604
0.269964
0.269964
0.0900244
0.242413
0.269964
0.0473075
0.0231843
0.0109984
0.0198848
0.194129
0.146595
0.0905511
0.143579
0.238432
0.0767627
0.0806849
0.118932
0.0672761
0.269964
0.155543
0.0442764
0.220905
0.269964
0.0491005
0.036777
0.0210751
0.00383367
0.324376
0.324376
0.0636425
0.310739
0.324376
0.0483725
0.0236945
0.0135697
0.0226379
0.0121878
0.0116016
0.0187292
0.125445
0.31538
0.0584028
0.0251346
0.0138216
0.00961164
0.324376
0.217663
0.0432612
0.270057
0.324376
0.0593962
0.0365139
0.0237521
0.0039135
0.00809764
0.0161412
0.0192792
0.0723427
0.318666
0.116854
0.0152257
0.0176412
0.0153995
0.0305695
0.0253683
0.0515471
0.327928
0.334992
0.140621
0.0548005
0.0329811
0.0239694
0.00610237
0.0222063
0.0419746
0.194725
0.334992
0.302554
0.0655884
0.0500688
0.0275985
0.0103745
0.0393643
0.052541
0.16089
0.334992
0.292606
0.043601
0.0425181
0.0222772
0.00611142
0.0127134
0.0298142
0.18095
0.334992
0.334992
0.0637876
0.069646
0.0222395
0.147184
0.0110496
0.00464524
0.0443486
0.162277
0.0457453
0.0297887
0.152137
0.273929
0.253174
0.193682
0.0630253
0.186674
0.273929
0.0150088
0.0552871
0.201309
0.273929
0.14183
0.0156479
0.00534928
0.037934
0.0742002
0.0118306
0.0356226
0.273929
0.273929
0.26158
0.188548
0.0992773
0.16414
0.273929
0.0202502
0.0489207
0.204826
0.273929
0.27889
0.27889
0.097724
0.272528
0.27889
0.0505137
0.0815362
0.179111
0.27889
0.093131
0.13947
0.131924
0.107071
0.126518
0.0585561
0.0581788
0.0808534
0.0988745
0.27889
0.27889
0.168416
0.27889
0.27889
0.0302132
0.0444384
0.116434
0.27889
0.0580301
0.0746933
0.0456953
0.0605696
0.0663595
0.060137
0.0296842
0.0642194
0.0788423
0.119701
0.183375
0.175568
0.122116
0.0855374
0.0986793
0.0901724
0.0737498
0.14937
0.287985
0.235693
0.230429
0.206155
0.287985
0.115494
0.237014
0.223569
0.287985
0.0943136
0.102954
0.0686671
0.102457
0.101514
0.0765718
0.0355759
0.0562774
0.0720663
0.287985
0.129546
0.0833469
0.119858
0.193714
0.0369366
0.0382051
0.170606
0.287985
0.257598
0.254149
0.241168
0.21657
0.257598
0.109979
0.199516
0.220601
0.257598
0.160579
0.152767
0.104126
0.150229
0.204693
0.0647669
0.0972177
0.13179
0.137968
0.257598
0.142365
0.0900478
0.148535
0.231445
0.0304095
0.0487268
0.135352
0.257598
0.0980653
0.14098
0.0557465
0.105405
0.160525
0.0129143
0.0482651
0.0778578
0.140881
0.205278
0.167763
0.0968581
0.199212
0.304115
0.0876239
0.11526
0.179283
0.0886402
0.304115
0.185149
0.0538291
0.304115
0.304115
0.075072
0.0538957
0.0290236
0.00455872
0.0900096
0.147152
0.0661512
0.166708
0.304115
0.0131001
0.0761007
0.0924293
0.0828276
0.166071
0.1136
0.0315084
0.304115
0.304115
0.0176872
0.0106875
0.0116674
0.0193325
0.366799
0.23961
0.051461
0.366799
0.366799
0.0679774
0.0519634
0.0315442
0.00521192
0.0110704
0.0223794
0.0346175
0.0979437
0.366799
0.130081
0.017739
0.0211531
0.0218476
0.2093
0.142903
0.0427215
0.366799
0.366799
0.0297812
0.0203667
0.0199339
0.0173444
0.00844997
0.0174349
0.0309869
0.0659798
0.121941
0.0647833
0.0191286
0.02686
0.029624
0.0149042
0.0553492
0.0875563
0.242656
0.342137
0.322139
0.0521214
0.0546654
0.0371806
0.0103629
0.00834308
0.0547079
0.276073
0.342137
0.342137
0.0781117
0.0985475
0.0314097
0.0228895
0.0524399
0.0744877
0.14157
0.306173
0.196329
0.0764954
0.0814001
0.0824132
0.0371994
0.0288927
0.0559886
0.172578
0.342137
0.169689
0.0637831
0.048186
0.0643917
0.155356
0.0178148
0.00670527
0.0432754
0.0845953
0.00688113
0.0524748
0.286655
0.286655
0.246247
0.215007
0.110835
0.179003
0.286655
0.0203466
0.0667597
0.212346
0.286655
0.173479
0.0273545
0.011341
0.0260386
0.0598975
0.014236
0.00526263
0.223476
0.286655
0.148541
0.161296
0.00925909
0.230619
0.286655
0.00445359
0.0108709
0.108862
0.265973
0.285302
0.285302
0.223522
0.285302
0.285302
0.0351368
0.0577485
0.14414
0.285302
0.0679441
0.100743
0.0826606
0.0732535
0.0654394
0.0755794
0.0436427
0.0803777
0.0976349
0.205414
0.285302
0.0262586
0.285302
0.285302
0.0136529
0.0272502
0.0997755
0.18994
0.14561
0.158957
0.067669
0.101936
0.216731
0.0312568
0.0533069
0.0724617
0.106443
0.134591
0.159628
0.124582
0.149485
0.126297
0.103657
0.0529757
0.0943078
0.0922869
0.30212
0.212482
0.143631
0.149313
0.189226
0.0682395
0.0624308
0.296169
0.30212
0.174668
0.224557
0.0972121
0.0837471
0.167459
0.0467494
0.100652
0.12882
0.151278
0.272088
0.133201
0.0230696
0.0840284
0.144847
0.0356271
0.0938412
0.264545
0.30212
0.258738
0.227492
0.141952
0.184055
0.233235
0.0502375
0.0833788
0.223173
0.258738
0.118288
0.193054
0.0868538
0.161887
0.258738
0.0229857
0.0753282
0.137736
0.193251
0.252741
0.163573
0.0266773
0.0883993
0.163368
0.0491752
0.0939131
0.200041
0.258738
0.181666
0.154605
0.123458
0.0767385
0.167112
0.0640906
0.0849954
0.171211
0.20375
0.0942445
0.155037
0.0711461
0.179031
0.320044
0.0148998
0.0944068
0.112956
0.0944803
0.181834
0.152327
0.0354891
0.320044
0.320044
0.019464
0.0191368
0.0150039
0.0227119
0.183277
0.144281
0.0911009
0.0844334
0.195565
0.0567152
0.0693425
0.121905
0.15499
0.320044
0.217985
0.0895974
0.320044
0.320044
0.0568226
0.0275125
0.0416787
0.0964824
0.240844
0.192525
0.03811
0.385353
0.385353
0.0242491
0.0288314
0.0166551
0.0270835
0.00963051
0.0182371
0.0413021
0.0736051
0.116401
0.0575066
0.0225748
0.029861
0.0321525
0.385353
0.266677
0.0620956
0.385353
0.385353
0.0453943
0.0275512
0.045399
0.134549
0.0128782
0.0217696
0.039448
0.0799133
0.129801
0.0765136
0.0367519
0.0211779
0.0260607
0.0372513
0.0742826
0.123401
0.239437
0.281251
0.235039
0.10679
0.120761
0.131077
0.0507338
0.0412685
0.123295
0.281251
0.281251
0.205371
0.0915219
0.0998155
0.119385
0.0497826
0.0684111
0.073904
0.281251
0.281251
0.264367
0.137746
0.0983407
0.100327
0.0685142
0.0796662
0.1197
0.191468
0.281251
0.154681
0.112849
0.128445
0.129833
0.194092
0.0289997
0.0113162
0.0362498
0.0784215
0.0162368
0.00646719
0.215266
0.299956
0.135167
0.178017
0.00873591
0.238822
0.299956
0.00219564
0.013297
0.106974
0.262221
0.299956
0.0297621
0.0121869
0.0717634
0.127009
0.0106332
0.00582451
0.148886
0.299956
0.292016
0.0519802
0.0132123
0.217026
0.299956
0.00188809
0.00503425
0.0368174
0.29776
0.197641
0.274603
0.0290909
0.274603
0.274603
0.00982357
0.0316368
0.107087
0.199231
0.144274
0.167932
0.0986823
0.108597
0.244725
0.0396705
0.0531999
0.075363
0.116807
0.274603
0.111899
0.0382562
0.274603
0.274603
0.00769734
0.0245714
0.0590843
0.274603
0.188601
0.158301
0.094104
0.151794
0.270429
0.00592801
0.0235307
0.0552352
0.195919
0.154712
0.209302
0.119475
0.0846957
0.193463
0.0452999
0.0873735
0.11331
0.154539
0.249017
0.132851
0.0318377
0.077261
0.144215
0.0351759
0.0809261
0.259358
0.259358
0.259358
0.247781
0.0943373
0.14005
0.259358
0.0123516
0.0474372
0.117985
0.243073
0.259358
0.138561
0.0536509
0.0825898
0.25542
0.0574435
0.13112
0.16793
0.259358
0.233796
0.160599
0.0282317
0.084084
0.167364
0.044744
0.0916985
0.199184
0.266211
0.17567
0.158296
0.0943075
0.0786367
0.180444
0.0593861
0.0700309
0.179574
0.195814
0.266211
0.161617
0.0301167
0.0876533
0.266211
0.0339692
0.0955507
0.165097
0.266211
0.266211
0.266211
0.0875797
0.0594088
0.191003
0.0570807
0.0952199
0.150576
0.266211
0.176406
0.138952
0.0636647
0.0743099
0.175153
0.0499924
0.0634279
0.124376
0.136102
0.315082
0.205663
0.0623917
0.315082
0.315082
0.0464158
0.0298521
0.04565
0.0990014
0.228656
0.176819
0.0538639
0.0716345
0.193075
0.033312
0.0593212
0.133616
0.302866
0.186462
0.0510977
0.0339192
0.315082
0.315082
0.0215217
0.0146122
0.0394205
0.165749
0.379012
0.280707
0.0483576
0.379012
0.379012
0.0401181
0.0347074
0.0490042
0.135657
0.0165626
0.0271931
0.0377565
0.0698481
0.139107
0.0733557
0.0299319
0.0282328
0.0264478
0.23224
0.040237
0.0305995
0.379012
0.379012
0.0233728
0.0152223
0.0491416
0.20796
0.0185567
0.0391306
0.0237711
0.0819071
0.16287
0.0458865
0.028722
0.0261047
0.0183584
0.0615642
0.119023
0.0948158
0.280678
0.280678
0.280678
0.114261
0.13419
0.100456
0.076375
0.0935827
0.157201
0.219402
0.280678
0.178109
0.119539
0.158811
0.143003
0.043463
0.155992
0.080116
0.280678
0.280678
0.210967
0.154745
0.129227
0.0639844
0.0443905
0.072032
0.157567
0.201721
0.171103
0.177524
0.0882874
0.112792
0.064964
0.277185
0.032409
0.0131629
0.0705389
0.139905
0.0116102
0.0369813
0.197314
0.277185
0.261924
0.0689331
0.0259531
0.254959
0.277185
0.0014947
0.0117418
0.0460044
0.277185
0.136222
0.032207
0.0308836
0.0544471
0.147716
0.0577027
0.258538
0.277185
0.277185
0.23146
0.185865
0.0654024
0.0761881
0.146492
0.0251286
0.155569
0.158263
0.215561
0.270368
0.150494
0.0609378
0.270368
0.270368
0.0101198
0.0278074
0.0637316
0.270368
0.17394
0.178336
0.10771
0.190877
0.270368
0.0119925
0.0220302
0.0583523
0.208088
0.270368
0.270368
0.187195
0.159134
0.270368
0.0566276
0.154804
0.138545
0.161902
0.163008
0.170439
0.0572293
0.0931022
0.115369
0.0192326
0.0465099
0.0620949
0.079197
0.206986
0.220089
0.0882415
0.15478
0.271958
0.0195259
0.0344347
0.091333
0.236168
0.271958
0.128823
0.0572803
0.101373
0.244507
0.0400569
0.0792725
0.135046
0.271958
0.153021
0.161513
0.0486666
0.191664
0.271958
0.0130238
0.028679
0.071
0.13894
0.196481
0.0489174
0.0238926
0.205555
0.271958
0.0651805
0.0318536
0.220077
0.271958
0.273979
0.122647
0.0301606
0.094993
0.253813
0.0216711
0.050448
0.10612
0.273979
0.244903
0.217783
0.043545
0.0633922
0.169317
0.0303582
0.0475555
0.112475
0.273979
0.17598
0.0218599
0.0114302
0.221948
0.273979
0.0423752
0.0421821
0.206681
0.273979
0.161329
0.12434
0.0261828
0.184418
0.273979
0.0346572
0.12471
0.179099
0.189663
0.213163
0.149072
0.0347333
0.07008
0.166306
0.020956
0.0359486
0.110971
0.263156
0.249575
0.0727996
0.0266094
0.282624
0.282624
0.012154
0.00875366
0.0493858
0.156608
0.124629
0.0838477
0.0253719
0.150756
0.282624
0.0336354
0.100023
0.167582
0.211886
0.282624
0.239648
0.0912147
0.282624
0.282624
0.0430652
0.0332211
0.107387
0.173874
0.308047
0.0744235
0.0374081
0.318266
0.318266
0.0154924
0.0132008
0.0644575
0.193576
0.0198775
0.0317879
0.0239956
0.0870548
0.181482
0.0465748
0.0212434
0.0257404
0.0160687
0.318266
0.298452
0.124875
0.317418
0.318266
0.0525533
0.0212482
0.148858
0.282196
0.0237043
0.0256526
0.0354823
0.136624
0.254247
0.0905091
0.0184683
0.0074494
0.0106828
0.0300404
0.113683
0.0744089
0.255526
0.315026
0.181023
0.10372
0.100108
0.0353867
0.0351912
0.0638858
0.121319
0.193512
0.175624
0.155786
0.06286
0.0787141
0.0455298
0.0767139
0.0825581
0.113457
0.315026
0.315026
0.315026
0.0572048
0.0212961
0.0452725
0.016537
0.0467039
0.135218
0.315026
0.315026
0.293551
0.0348483
0.0278827
0.00492266
0.173065
0.0358381
0.0316019
0.0698499
0.161763
0.0696189
0.25204
0.25204
0.25204
0.250761
0.191989
0.0704232
0.0926017
0.179002
0.0384159
0.154344
0.196626
0.240421
0.0205676
0.00943596
0.015305
0.0477679
0.25204
0.25204
0.117011
0.125989
0.122887
0.133734
0.129917
0.0472462
0.0342107
0.25204
0.24676
0.143624
0.229666
0.25204
0.26921
0.26921
0.139183
0.141245
0.26921
0.0703189
0.158659
0.160715
0.199676
0.115289
0.149479
0.0513313
0.0672839
0.119018
0.033549
0.0286558
0.0532177
0.0786519
0.207402
0.216384
0.128375
0.0659799
0.26921
0.26921
0.26921
0.26921
0.26921
0.0580025
0.0867477
0.0933065
0.101644
0.160788
0.0993822
0.142814
0.112683
0.0878718
0.122312
0.14395
0.0446156
0.156999
0.270498
0.0313282
0.0201253
0.0541356
0.130581
0.196194
0.0466539
0.025922
0.185482
0.270498
0.0496943
0.0299857
0.162002
0.270498
0.172503
0.146005
0.147319
0.16122
0.270093
0.0731246
0.118404
0.12928
0.0919221
0.270498
0.107501
0.0369766
0.0866328
0.270498
0.158709
0.192096
0.270498
0.270498
0.193407
0.021371
0.0154789
0.215161
0.269283
0.035935
0.0413288
0.151684
0.269283
0.189383
0.137234
0.0310331
0.162764
0.269283
0.0235501
0.0851421
0.154424
0.202907
0.269283
0.13523
0.0564972
0.126583
0.269283
0.0806286
0.135504
0.222009
0.269283
0.133482
0.224635
0.154833
0.128999
0.223728
0.0890215
0.132193
0.0446659
0.0392944
0.167175
0.105136
0.0349015
0.139607
0.259575
0.024397
0.0771674
0.145773
0.220637
0.259575
0.259575
0.059626
0.259575
0.259575
0.0280775
0.0269038
0.107141
0.172925
0.170343
0.259575
0.172926
0.143
0.213842
0.0668657
0.107644
0.0393197
0.106665
0.259575
0.259575
0.14569
0.133452
0.259575
0.0563281
0.0387563
0.034794
0.109309
0.291683
0.291683
0.0785499
0.25719
0.291683
0.035536
0.0193558
0.133847
0.241097
0.016422
0.0205781
0.0282147
0.124025
0.248694
0.0936816
0.0204789
0.0109401
0.00630854
0.291683
0.291683
0.196712
0.148683
0.291683
0.063902
0.0333138
0.049061
0.221854
0.00533322
0.0176594
0.0102372
0.12027
0.291683
0.18335
0.0078282
0.0108104
0.00700074
0.0242821
0.0332576
0.0472526
0.210583
0.370175
0.195253
0.0396942
0.0172079
0.013308
0.0103303
0.0262589
0.0551791
0.212354
0.370175
0.168327
0.0232513
0.0193696
0.00447777
0.00978761
0.0321767
0.0314881
0.253568
0.370175
0.299838
0.0142918
0.015803
0.0131534
0.00302479
0.0034867
0.0207505
0.280645
0.370175
0.220595
0.0180917
0.0078328
0.0041597
0.0417493
0.0169096
0.0230391
0.07962
0.308867
0.308867
0.142415
0.185327
0.15017
0.166794
0.144436
0.0655191
0.057059
0.308867
0.294468
0.175949
0.308867
0.308867
0.00106552
0.00926704
0.0125709
0.0461261
0.143221
0.111552
0.0491921
0.0134913
0.00642117
0.156251
0.0404512
0.0321549
0.053475
0.1226
0.0671324
0.0479801
0.279061
0.308867
0.195223
0.174678
0.109744
0.0612168
0.306755
0.306755
0.276612
0.306755
0.306755
0.0487587
0.0804688
0.0759832
0.0799342
0.143849
0.101105
0.0982912
0.0645104
0.0767245
0.160562
0.0594284
0.0467754
0.0614075
0.156796
0.105001
0.0825799
0.287466
0.306755
0.0489288
0.0707524
0.122404
0.154972
0.16531
0.164409
0.0971069
0.107067
0.122269
0.124901
0.113978
0.0979403
0.106145
0.219256
0.0794823
0.0765391
0.068125
0.0598599
0.236773
0.0921044
0.0344896
0.0636083
0.268119
0.134422
0.186583
0.218646
0.268119
0.0580914
0.119474
0.125163
0.196894
0.2318
0.137887
0.100419
0.0838829
0.0348356
0.268119
0.146033
0.0859219
0.169555
0.268119
0.268119
0.255961
0.17328
0.189759
0.236244
0.0922931
0.0373882
0.084463
0.27
0.0661782
0.116304
0.146893
0.27
0.0989156
0.15982
0.105491
0.139899
0.169852
0.0562444
0.0750166
0.0210922
0.0275972
0.228149
0.142641
0.0980987
0.200096
0.27
0.27
0.129614
0.098388
0.128222
0.0523475
0.146925
0.27
0.27
0.27
0.27
0.0872594
0.0455067
0.0242859
0.152538
0.231775
0.162614
0.162724
0.202564
0.0510013
0.0806384
0.0247976
0.0833391
0.264524
0.264524
0.134869
0.116145
0.264524
0.0473099
0.0332078
0.0275045
0.0934958
0.0829416
0.264524
0.264524
0.264524
0.264524
0.264524
0.0812698
0.0434932
0.0509311
0.0728535
0.205186
0.197395
0.236869
0.160073
0.0685447
0.0881114
0.0224215
0.0951453
0.28354
0.28354
0.270354
0.178295
0.28354
0.0675074
0.0476123
0.0559696
0.24189
0.00271455
0.0244643
0.0126227
0.120713
0.28354
0.174869
0.0186607
0.0197733
0.00774156
0.140254
0.28354
0.28354
0.262172
0.222363
0.0926802
0.156728
0.0368744
0.195294
0.00448552
0.0160961
0.0321065
0.118624
0.255709
0.0718724
0.0260178
0.0200012
0.00724362
0.00540271
0.0445678
0.0337869
0.268451
0.369172
0.30856
0.0363892
0.0329054
0.0149992
0.00676673
0.00643823
0.0169554
0.253421
0.369172
0.239276
0.0344434
0.0233778
0.00866333
0.014076
0.0406383
0.0769291
0.216554
0.369172
0.12931
0.055359
0.0447547
0.0207581
0.0075147
0.0214773
0.0710376
0.247184
0.369172
0.101779
0.0584599
0.027949
0.00454884
0.00112096
0.0125755
0.0147362
0.0683971
0.224373
0.154976
0.0500997
0.0172387
0.00956068
0.178476
0.0546504
0.0549557
0.0803416
0.202057
0.10759
0.0696968
0.356462
0.356462
0.000152041
0.00109645
0.00268696
0.108425
0.356462
0.266039
0.035746
0.00936141
0.00129358
0.0341415
0.00778696
0.0273849
0.105123
0.356462
0.344159
0.151986
0.148288
0.217669
0.133848
0.0473497
0.0407766
0.0598665
0.152339
0.125478
0.0750422
0.308936
0.368742
0.0383215
0.0628763
0.0905247
0.151279
0.189483
0.180173
0.0996358
0.0741349
0.0926196
0.0260601
0.00693714
0.0144383
0.103499
0.368742
0.313055
0.105631
0.0923618
0.153971
0.012303
0.0177089
0.0178991
0.183926
0.368742
0.311813
0.10187
0.0378488
0.0330171
0.0496998
0.0910237
0.0850298
0.162716
0.203428
0.151161
0.0916884
0.0508176
0.0275244
0.210613
0.13557
0.0670054
0.133494
0.314153
0.314153
0.266282
0.154855
0.162172
0.0255211
0.0379438
0.0402138
0.190419
0.314153
0.300325
0.0813745
0.0200104
0.0210847
0.0562852
0.0518707
0.0791805
0.314153
0.314153
0.16492
0.0463964
0.0272182
0.0036808
0.21239
0.156054
0.0974904
0.194766
0.280716
0.280259
0.154275
0.102982
0.135056
0.0448571
0.135355
0.280716
0.280716
0.280716
0.23506
0.0772379
0.0356609
0.0277277
0.0634101
0.0649385
0.0932896
0.280716
0.280716
0.149524
0.0368629
0.0193132
0.0100635
0.0165452
0.048963
0.0734615
0.226524
0.280716
0.124665
0.0206236
0.0100331
0.0111345
0.0787075
0.280491
0.297123
0.297123
0.297123
0.221672
0.0558755
0.0319329
0.0606298
0.0810331
0.206136
0.213594
0.261345
0.256492
0.0803312
0.0783154
0.0228928
0.0976453
0.0140578
0.0545513
0.0854342
0.242254
0.297123
0.179364
0.032118
0.0144198
0.0231742
0.00485033
0.0239033
0.0466281
0.214883
0.297123
0.112004
0.0204957
0.0173938
0.00535695
0.156555
0.302286
0.302286
0.302286
0.302286
0.0987173
0.137325
0.0401229
0.196421
0.00334984
0.0164853
0.0339453
0.126756
0.302286
0.0780557
0.0290284
0.0210452
0.00839763
0.00231856
0.0384033
0.0770389
0.302286
0.302286
0.180419
0.0403866
0.0237455
0.0103616
0.000760334
0.00143451
0.0246498
0.264065
0.302286
0.194492
0.0165193
0.00475058
0.00027825
0.00884504
0.0302804
0.0560135
0.1713
0.366217
0.102849
0.0402326
0.0320249
0.0167166
0.00675987
0.0160293
0.0452046
0.178864
0.366217
0.0926659
0.042456
0.0247932
0.00432038
0.00174823
0.00389711
0.0379999
0.366217
0.366217
0.278415
0.0300821
0.00229605
0.000656933
0.0014026
0.0097501
0.029251
0.347989
0.366217
0.187327
0.00452372
0.00518825
0.00320282
0
0.000399611
0.0030408
0.149312
0.344731
0.344731
0.0406031
0.0128882
0.00416613
0.0350179
0.0135756
0.0522267
0.140466
0.344731
0.344731
0.22877
0.260243
0.202875
0.0253733
0.0185674
0.0175777
0.155608
0.344731
0.105337
0.0245274
0.0303648
0.0610632
0.0201121
0.0171094
0.0147834
0.13479
0.344731
0.118363
0.0438488
0.0264822
0.0126618
0.0252105
0.00499042
0.0214002
0.132525
0.390626
0.390626
0.139231
0.150845
0.140184
0.0123572
0.0236164
0.0133168
0.262698
0.390626
0.390626
0.154171
0.0510098
0.0356045
0.0160582
0.01065
0.0155781
0.125535
0.279622
0.0835114
0.0270069
0.0195964
0.00909742
0.00398726
0.00455397
0.0269521
0.110008
0.299162
0.0701458
0.0229773
0.027115
0.0189248
0.0452689
0.0565192
0.0572544
0.315412
0.378014
0.378014
0.136923
0.0271614
0.0351282
0.0826459
0.0974543
0.125377
0.378014
0.378014
0.162096
0.120086
0.0650157
0.0193258
0.00393937
0.00863678
0.0375251
0.137994
0.296735
0.0696301
0.0228989
0.028146
0.0201445
0.0172015
0.0477701
0.0204415
0.104036
0.284939
0.0721489
0.0692776
0.0403323
0.0234427
0.13544
0.158725
0.208491
0.348313
0.348313
0.181081
0.106852
0.0550886
0.0442129
0.0423372
0.0985522
0.112109
0.348313
0.348313
0.142715
0.0270106
0.0187631
0.0418588
0.0210844
0.0540434
0.0301641
0.145579
0.339492
0.0847916
0.0849487
0.0454595
0.0275088
0.0247792
0.0365054
0.0189673
0.139573
0.348313
0.15815
0.0318829
0.0417419
0.0489949
0.0305299
0.0859079
0.131559
0.381249
0.381249
0.178236
0.0154333
0.0146067
0.0739887
0.0104968
0.0300692
0.0382528
0.381249
0.381249
0.168978
0.0149222
0.0275715
0.00444416
0.0329731
0.0375486
0.0244618
0.150666
0.381249
0.154958
0.033609
0.0474082
0.0632206
0.0308605
0.0735759
0.024874
0.161079
0.285118
0.0561959
0.0348073
0.0325877
0.0325865
0.00174226
0.0239203
0.0536107
0.387192
0.387192
0.207207
0.0186686
0.0240566
0.00472147
0.000766119
0.00156073
0.0232173
0.387192
0.387192
0.263532
0.0157986
0.0062338
0.00261779
0.0344933
0.0688365
0.0368733
0.172775
0.301976
0.0569308
0.0409766
0.0407137
0.0342117
0.0153851
0.0416178
0.0406414
0.159915
0.330846
0.056057
0.0289494
0.0494018
0.0394871
0.00108848
0.00305023
0.0267411
0.402005
0.402005
0.280829
0.0192039
0.00147134
0.00293111
0.00134912
0.0101597
0.0242451
0.352825
0.402005
0.203465
0.00608393
0.00616637
0.00408293
0.0154336
0.0368142
0.0487334
0.170421
0.351535
0.0602684
0.0295819
0.0552465
0.0380448
0.0242762
0.0366695
0.0348924
0.166384
0.263431
0.0344091
0.0241712
0.0256822
0.0167908
0.0384271
0.0533965
0.0940042
0.32765
0.32765
0.225222
0.0683207
0.0563674
0.103404
0.0445784
0.0370987
0.055979
0.32765
0.32765
0.238308
0.0825078
0.0641293
0.0368586
0.0643847
0.122824
0.216523
0.200366
0.2909
0.190949
0.0737762
0.066061
0.16075
0.0719766
0.0922474
0.0907873
0.193123
0.219359
0.128426
0.11523
0.0599522
0.0942541
0.0463088
0.0329112
0.0638903
0.341233
0.341233
0.254541
0.081693
0.067206
0.0406571
0.0160574
0.0195373
0.0912476
0.341233
0.341233
0.247249
0.101186
0.116453
0.0709478
0.0700758
0.0858401
0.106899
0.21923
0.201154
0.149573
0.163444
0.0938735
0.0973627
0.046688
0.0573451
0.14651
0.212773
0.200565
0.132597
0.153677
0.0863175
0.0983572
0.0169785
0.0334662
0.0951116
0.324684
0.324684
0.200657
0.0946733
0.0955655
0.0600457
0.0531416
0.166046
0.0913878
0.324684
0.324684
0.221198
0.286192
0.167802
0.121409
0.0378806
0.0527063
0.130507
0.175168
0.158389
0.12805
0.138497
0.0818129
0.0916324
0.0356856
0.0699688
0.0831209
0.187138
0.231297
0.171002
0.163934
0.0754283
0.0483365
0.0553679
0.138583
0.0946878
0.347654
0.347654
0.166802
0.243312
0.125093
0.0952148
0.0680963
0.0813805
0.0713391
0.347654
0.347654
0.274215
0.0541694
0.0616736
0.112003
0.0326626
0.0745765
0.0796466
0.158035
0.208642
0.137458
0.115461
0.0572996
0.0521562
0.0432999
0.0971134
0.0440454
0.139119
0.247256
0.19068
0.0934881
0.0444126
0.0472249
0.0680076
0.0629726
0.0690259
0.327795
0.363272
0.203991
0.0352731
0.0464606
0.106278
0.0385268
0.0830601
0.0337351
0.357341
0.363272
0.0940012
0.0496158
0.0484499
0.0560182
0.0299503
0.086716
0.0595199
0.119137
0.203344
0.140305
0.0632724
0.0387511
0.0474959
0.0374667
0.0474685
0.109734
0.145413
0.363272
0.267933
0.0402355
0.0536489
0.254777
0.0414779
0.0746041
0.040144
0.326918
0.326918
0.102386
0.0512955
0.0499083
0.0561805
0.0185405
0.0512849
0.0576959
0.287828
0.326918
0.0993942
0.0554019
0.0649867
0.050382
0.0516501
0.0799462
0.120186
0.152861
0.326918
0.269089
0.0465829
0.0451109
0.22958
0.0933425
0.091721
0.101446
0.122269
0.326918
0.326918
0.038478
0.0296229
0.0362675
0.0258327
0.0644473
0.0784087
0.338495
0.338495
0.139205
0.0702557
0.0909655
0.0761288
0.0419477
0.0711892
0.0699833
0.338495
0.338495
0.0943449
0.0706393
0.0465288
0.0423588
0.142469
0.17182
0.152631
0.186755
0.338495
0.338495
0.0714234
0.0354004
0.032646
0.0221185
0.0728186
0.118376
0.175341
0.20112
0.0975227
0.102823
0.0748838
0.0386855
0.0516211
0.122234
0.21576
0.204657
0.275535
0.176589
0.0823935
0.0564915
0.123821
0.0575468
0.0720733
0.0927403
0.215226
0.223156
0.130171
0.0815327
0.0446314
0.0698908
0.0249184
0.0565906
0.108609
0.313986
0.313986
0.234475
0.207111
0.0687066
0.0489808
0.0437622
0.0623966
0.0788912
0.313986
0.313986
0.151866
0.234519
0.0830228
0.0767894
0.0534097
0.0672609
0.101856
0.255988
0.226399
0.156707
0.130002
0.0631996
0.0738465
0.030654
0.0532556
0.139705
0.219614
0.206775
0.149202
0.143209
0.0916139
0.0932727
0.0750278
0.0696324
0.0891913
0.270806
0.270806
0.215228
0.270806
0.116053
0.10163
0.0248322
0.146728
0.105416
0.270806
0.270806
0.270806
0.186568
0.186288
0.0952671
0.0347536
0.0582868
0.130903
0.216896
0.213947
0.161458
0.164049
0.0912278
0.096793
0.0479383
0.0708567
0.0981457
0.189478
0.237698
0.164505
0.185077
0.0912846
0.0787287
0.0427568
0.09561
0.0851766
0.287368
0.287368
0.287368
0.167566
0.184801
0.0873856
0.0405614
0.0697455
0.0506141
0.287368
0.287368
0.287368
0.184668
0.046725
0.0252864
0.0523778
0.0796034
0.0924972
0.201802
0.265792
0.155985
0.159842
0.0791576
0.0874374
0.0627353
0.134343
0.0758251
0.215099
0.294278
0.215445
0.105345
0.0341913
0.0654331
0.0519815
0.0453597
0.0444123
0.294278
0.294278
0.294278
0.144887
0.0395387
0.0287971
0.0229669
0.0301157
0.0991097
0.286687
0.294278
0.294278
0.153611
0.0265293
0.0526848
0.0392811
0.109282
0.0804865
0.19023
0.25539
0.152478
0.0692109
0.0285946
0.0587578
0.0341111
0.0451201
0.130777
0.159783
0.315955
0.291874
0.0520945
0.0604514
0.20919
0.0192192
0.0328927
0.055932
0.281946
0.315955
0.262347
0.0947359
0.0243446
0.057102
0.00758002
0.0160552
0.0603086
0.2921
0.315955
0.315955
0.069934
0.0380087
0.0671967
0.0393235
0.0641423
0.115825
0.15247
0.312663
0.252499
0.0535196
0.045542
0.172352
0.0634174
0.07292
0.110627
0.132375
0.312663
0.275616
0.0606855
0.0420832
0.0341929
0.0138633
0.0274102
0.0468568
0.25251
0.312663
0.291712
0.0592409
0.0350548
0.0632702
0.019843
0.0260236
0.0450313
0.267078
0.312663
0.312663
0.108788
0.0398111
0.0145534
0.0705146
0.09723
0.107101
0.147919
0.358099
0.309283
0.0703869
0.0304452
0.0313075
0.0155235
0.0458461
0.0942108
0.140538
0.152196
0.0946473
0.091146
0.0618272
0.0469946
0.0294397
0.0410361
0.0493209
0.244782
0.358099
0.312506
0.109283
0.0601809
0.0153856
0.0139103
0.015098
0.196733
0.358099
0.358099
0.170215
0.0843711
0.0670449
0.0355533
