0.166905
0.174397
0.21095
0.284479
0.284479
0.24277
0.140032
0.0765659
0.120662
0.0899657
0.0741251
0.071666
0.12454
0.284479
0.0481969
0.0612555
0.108524
0.119827
0.284479
0.284479
0.267438
0.215851
0.284479
0.0800205
0.085282
0.0551388
0.0297375
0.137206
0.127501
0.0734117
0.0873192
0.206182
0.0525333
0.050621
0.0822634
0.0884968
0.0967796
0.0545073
0.0867418
0.0310529
0.0473987
0.0431055
0.0640875
0.114656
0.271339
0.271397
0.140514
0.197271
0.172417
0.0921406
0.0836693
0.271397
0.271397
0.271397
0.0887014
0.0898189
0.0555932
0.0636738
0.108308
0.0560864
0.0684253
0.109236
0.136063
0.106024
0.115865
0.271397
0.271397
0.271397
0.0391494
0.271397
0.190402
0.235643
0.195764
0.11546
0.116709
0.107684
0.109903
0.0496147
0.107714
0.157988
0.240637
0.0564664
0.117822
0.0999859
0.146749
0.240637
0.128593
0.125657
0.240637
0.205798
0.0861342
0.0611454
0.176722
0.240637
0.240637
0.0542401
0.182454
0.125051
0.195502
0.240637
0.131839
0.0567239
0.0759227
0.240077
0.105403
0.240637
0.240637
0.240637
0.0953104
0.22372
0.165382
0.216854
0.245613
0.156937
0.109169
0.241226
0.19379
0.0840212
0.124612
0.0873208
0.129841
0.215586
0.107771
0.0993933
0.149343
0.169544
0.245613
0.117102
0.0549073
0.122558
0.245613
0.174678
0.245613
0.245613
0.245613
0.104992
0.111283
0.0674585
0.123195
0.127137
0.0826806
0.136465
0.147714
0.19317
0.152951
0.221184
0.17168
0.212653
0.228847
0.127764
0.122401
0.182185
0.186532
0.0426833
0.139837
0.13739
0.186501
0.228847
0.228847
0.228847
0.226616
0.0941373
0.103644
0.133294
0.132273
0.210582
0.190936
0.0862215
0.162683
0.197707
0.228847
0.0881953
0.14181
0.154643
0.115141
0.228847
0.104061
0.113833
0.094632
0.0813716
0.070499
0.194414
0.203225
0.235042
0.235042
0.235042
0.235042
0.235042
0.141447
0.0396898
0.117255
0.124712
0.11153
0.150065
0.0934732
0.169638
0.200558
0.163874
0.164526
0.209299
0.196852
0.10784
0.235042
0.0897138
0.160559
0.16143
0.15543
0.155499
0.0910516
0.0375234
0.0324169
0.12289
0.0751587
0.166265
0.223959
0.235042
0.0768273
0.183593
0.200738
0.184128
0.202425
0.144224
0.190177
0.25819
0.25819
0.0116686
0.0914577
0.16864
0.0989483
0.101785
0.0344409
0.201249
0.249593
0.161241
0.25819
0.203779
0.0603513
0.0416673
0.189308
0.118128
0.25819
0.25819
0.25819
0.0915175
0.0762032
0.05999
0.0600593
0.0515984
0.0236613
0.116329
0.19254
0.171151
0.287455
0.287455
0.264567
0.226865
0.287455
0.0891923
0.100637
0.0554635
0.0304915
0.143761
0.125552
0.0501816
0.0836622
0.19259
0.0515334
0.063168
0.0981564
0.101361
0.195559
0.262229
0.287455
0.287455
0.287455
0.107978
0.0651263
0.058419
0.228138
0.0901264
0.0935032
0.0397205
0.051459
0.0774272
0.0436604
0.0883441
0.11719
0.148903
0.0979168
0.102832
0.0547365
0.0806587
0.117107
0.062105
0.0888132
0.148723
0.162973
0.132248
0.164725
0.270972
0.270972
0.270972
0.0852204
0.270972
0.270972
0.270972
0.0971152
0.113382
0.041331
0.0509049
0.108917
0.0412737
0.075555
0.117124
0.11048
0.139369
0.0692709
0.122303
0.175782
0.270972
0.115387
0.168221
0.270972
0.270972
0.091605
0.0775222
0.253616
0.259546
0.259546
0.0661943
0.162105
0.162165
0.204009
0.254564
0.108092
0.0834382
0.110142
0.259546
0.123364
0.259546
0.259546
0.259546
0.0935089
0.0486444
0.0718024
0.0869843
0.161808
0.0582109
0.0612951
0.138961
0.199419
0.259546
0.134292
0.0832992
0.0881012
0.134759
0.0202363
0.0223388
0.0703308
0.259546
0.218752
0.0814482
0.0521157
0.134587
0.271489
0.161226
0.271489
0.271489
0.271489
0.0982495
0.102782
0.0939758
0.130936
0.142884
0.0601598
0.130647
0.160643
0.194365
0.271489
0.117467
0.0795406
0.0807767
0.118886
0.0270468
0.0260055
0.0661156
0.271489
0.118755
0.134147
0.159754
0.230864
0.234334
0.0860682
0.0923193
0.15773
0.228846
0.101238
0.130706
0.162859
0.213707
0.20526
0.0694608
0.15393
0.193399
0.225421
0.075977
0.141176
0.139577
0.111315
0.225421
0.122804
0.0804778
0.0889637
0.0894274
0.163253
0.178125
0.220008
0.225421
0.225421
0.131859
0.119268
0.225421
0.225421
0.0812756
0.225421
0.098953
0.0777704
0.194509
0.0867056
0.183984
0.225421
0.225421
0.149034
0.224378
0.219043
0.119031
0.246603
0.129694
0.120081
0.179542
0.206687
0.148064
0.0929118
0.04614
0.0314948
0.143002
0.092995
0.146379
0.220355
0.246603
0.157578
0.246603
0.122875
0.0806861
0.221396
0.0993186
0.197363
0.246603
0.246603
0.187637
0.0687469
0.00810127
0.019151
0.0627728
0.0359046
0.103846
0.246603
0.246603
0.302138
0.223376
0.0863173
0.0373124
0.197052
0.147399
0.302138
0.302138
0.302138
0.0848745
0.0751617
0.0519126
0.0589259
0.0899151
0.0313912
0.140102
0.185234
0.196086
0.302138
0.145615
0.0101184
0.0465585
0.0962924
0.0426801
0.147505
0.302138
0.302138
0.0761152
0.0708561
0.0567924
0.0500477
0.0795355
0.0444296
0.0626463
0.116094
0.150462
0.21948
0.292135
0.292135
0.292135
0.292135
0.142114
0.101414
0.0811873
0.239024
0.08837
0.101565
0.0448387
0.0704232
0.0920994
0.0496566
0.107038
0.133941
0.152964
0.0810193
0.090828
0.123913
0.157002
0.15054
0.292135
0.292135
0.292135
0.142743
0.0808756
0.120887
0.0908971
0.0963341
0.136723
0.07128
0.0607082
0.0599089
0.0615073
0.119875
0.156345
0.0806761
0.106916
0.1807
0.0725084
0.130353
0.171893
0.149386
0.220178
0.0962081
0.188099
0.25106
0.25106
0.237722
0.238948
0.25106
0.25106
0.13469
0.223977
0.165734
0.161636
0.244813
0.0662995
0.071137
0.0471668
0.0655065
0.157466
0.156575
0.0673045
0.104452
0.205195
0.0278491
0.029618
0.0910324
0.25106
0.141681
0.0714496
0.117067
0.139118
0.271463
0.11288
0.0904444
0.246085
0.28838
0.300491
0.17504
0.145494
0.145814
0.23633
0.0248158
0.0202926
0.105088
0.300491
0.136372
0.0964597
0.032112
0.057275
0.118713
0.0170478
0.0157339
0.0492699
0.21776
0.277047
0.0925819
0.0776822
0.0858525
0.1859
0.0834071
0.105114
0.208719
0.300491
0.287677
0.127065
0.101218
0.103587
0.168408
0.0253269
0.0234534
0.0734648
0.287677
0.152149
0.147041
0.218645
0.279704
0.287677
0.0749625
0.143658
0.187835
0.241226
0.281707
0.0855701
0.0603162
0.0669264
0.113316
0.0792012
0.0955045
0.172616
0.287677
0.0640991
0.105121
0.152094
0.20621
0.168345
0.0737291
0.0913288
0.137004
0.108752
0.176836
0.169226
0.22443
0.23691
0.23691
0.112118
0.148479
0.22142
0.23691
0.101634
0.23691
0.0980912
0.0567327
0.213749
0.100505
0.224195
0.23691
0.23691
0.082086
0.143089
0.160336
0.210899
0.165257
0.120206
0.113457
0.170038
0.136836
0.075986
0.0377413
0.0561453
0.0640214
0.0605172
0.0701163
0.0717678
0.23691
0.23691
0.189868
0.272772
0.123406
0.0679973
0.264806
0.129864
0.244779
0.272772
0.272772
0.189822
0.0646975
0.0081104
0.0257181
0.0795303
0.0462909
0.121796
0.272772
0.272772
0.119335
0.0915789
0.0701144
0.0726576
0.125752
0.140976
0.102444
0.272772
0.272772
0.0956461
0.0482298
0.0244084
0.0404108
0.0847027
0.0188147
0.041306
0.189126
0.272772
0.3187
0.148098
0.0152126
0.094043
0.157991
0.0715084
0.215984
0.3187
0.3187
0.0908985
0.112617
0.0731881
0.0597148
0.116691
0.0782526
0.119465
0.167315
0.211616
0.235022
0.175669
0.0747843
0.129456
0.303391
0.0496764
0.0955519
0.262499
0.3187
0.0531373
0.0854018
0.0664125
0.0939554
0.108273
0.0485642
0.0970346
0.116932
0.0883875
0.0815877
0.079133
0.0597647
0.086054
0.158826
0.228901
0.251572
0.251572
0.16897
0.0675567
0.105638
0.0977577
0.0893942
0.127925
0.0767816
0.0615985
0.0553265
0.058204
0.182919
0.251572
0.101833
0.173969
0.251572
0.211174
0.251572
0.251572
0.251572
0.171238
0.182817
0.137425
0.232446
0.238537
0.187153
0.0696669
0.063288
0.0774887
0.130524
0.215965
0.200662
0.172995
0.234059
0.0915041
0.0894902
0.046912
0.0594989
0.188617
0.14274
0.0558538
0.100849
0.206913
0.0388598
0.0401234
0.0969681
0.229096
0.234059
0.234059
0.234059
0.234059
0.234059
0.210951
0.17593
0.0937664
0.0712446
0.234059
0.179242
0.106699
0.150167
0.234059
0.0571249
0.113147
0.0494662
0.234059
0.18341
0.102821
0.028286
0.0704326
0.144116
0.0307583
0.0287043
0.0539555
0.252325
0.267501
0.0694565
0.0745424
0.109829
0.216482
0.110646
0.146873
0.228053
0.267501
0.26476
0.131551
0.088502
0.0910343
0.211492
0.0202709
0.123617
0.0481768
0.267501
0.245259
0.0551084
0.130656
0.15083
0.145374
0.0493231
0.267501
0.234852
0.267501
0.288838
0.0932523
0.0681495
0.0980949
0.161876
0.12051
0.148342
0.220428
0.288838
0.0748518
0.125627
0.212282
0.280398
0.250023
0.0800593
0.134361
0.174005
0.117236
0.28287
0.0495716
0.123101
0.133497
0.161942
0.038765
0.265436
0.240177
0.288838
0.0433455
0.0506301
0.0638583
0.0862278
0.115697
0.0738839
0.144192
0.0745368
0.0830799
0.101653
0.205551
0.2278
0.297226
0.291696
0.160322
0.178745
0.240199
0.177305
0.106163
0.052454
0.0837058
0.0896554
0.0696185
0.0939646
0.109886
0.297226
0.297226
0.0441331
0.0781517
0.0865535
0.102981
0.163295
0.0915793
0.144352
0.129979
0.162647
0.0827738
0.0350777
0.0208554
0.0311271
0.0253116
0.0527921
0.169737
0.297226
0.297226
0.150423
0.104784
0.069387
0.0894851
0.137329
0.173768
0.138941
0.3284
0.3284
0.130373
0.0609094
0.0254455
0.0635745
0.112167
0.0231019
0.0523151
0.261456
0.3284
0.122287
0.0820159
0.0442072
0.0487527
0.109734
0.0677334
0.14865
0.3284
0.3284
0.155088
0.0668819
0.0452552
0.0339807
0.125795
0.0459967
0.0784548
0.207767
0.269524
0.264193
0.200013
0.0751301
0.201278
0.264193
0.0564329
0.13117
0.264193
0.264193
0.0631656
0.11505
0.0779926
0.0834444
0.136268
0.0866471
0.129021
0.160945
0.130108
0.264193
0.212675
0.151692
0.114417
0.264193
0.101804
0.0933194
0.264193
0.264193
0.081112
0.0856195
0.0462547
0.0898559
0.195283
0.0682891
0.0938278
0.177962
0.106946
0.260881
0.261687
0.102894
0.143546
0.261687
0.191536
0.261687
0.261687
0.261687
0.18493
0.180407
0.153587
0.200023
0.223317
0.162353
0.0663224
0.0642093
0.078522
0.261687
0.119656
0.0250104
0.0986474
0.168778
0.0113637
0.0273839
0.0823463
0.261687
0.173389
0.106548
0.0702449
0.100737
0.188504
0.0939397
0.0264723
0.0172394
0.0276823
0.24272
0.24272
0.24272
0.24272
0.24272
0.158698
0.138052
0.100741
0.0756194
0.24272
0.165503
0.0752837
0.144905
0.24272
0.0473059
0.086971
0.0551442
0.24272
0.202258
0.112272
0.110255
0.166601
0.24272
0.108252
0.0596548
0.0499478
0.0954935
0.24272
0.111198
0.0264053
0.173899
0.24272
0.0279896
0.0195782
0.0353317
0.24272
0.264975
0.128411
0.060852
0.102594
0.205834
0.0194909
0.0983794
0.0575727
0.264975
0.238175
0.0506511
0.122422
0.145765
0.156317
0.0579965
0.264975
0.236694
0.264975
0.225117
0.0441991
0.0121946
0.127936
0.264975
0.00456627
0.0367976
0.0682554
0.264975
0.201065
0.0733078
0.0548489
0.0558406
0.128199
0.103628
0.201919
0.218297
0.264975
0.309699
0.0632376
0.14305
0.149491
0.195235
0.0559536
0.305739
0.289167
0.309699
0.0358895
0.0657498
0.105387
0.102354
0.129564
0.112935
0.151319
0.100835
0.102563
0.309699
0.0632478
0.0762981
0.0695077
0.13719
0.115663
0.22854
0.298348
0.309699
0.0387413
0.0952503
0.106733
0.0711639
0.0924483
0.0822374
0.0963647
0.0865157
0.060597
0.0341687
0.106424
0.138666
0.111687
0.171529
0.129445
0.168965
0.168253
0.188075
0.0850512
0.047719
0.0398189
0.0409657
0.0434836
0.0617556
0.193296
0.288406
0.288406
0.0629377
0.112292
0.138756
0.0962603
0.104953
0.119046
0.117792
0.175787
0.146583
0.0880149
0.0564699
0.0678044
0.16503
0.288406
0.288406
0.288406
0.288406
0.288406
0.0979822
0.0740605
0.0359615
0.0439785
0.0918302
0.0512355
0.136427
0.291308
0.291308
0.144214
0.0642319
0.0253894
0.032255
0.112883
0.0309111
0.0605831
0.172976
0.230963
0.108386
0.043423
0.0390198
0.137328
0.226008
0.291308
0.291308
0.291308
0.291308
0.0736175
0.0337127
0.033885
0.111164
0.291308
0.269219
0.128493
0.15895
0.106507
0.282407
0.172026
0.0721364
0.0909139
0.287
0.0632773
0.0691364
0.243374
0.287
0.0589668
0.069667
0.044439
0.0664548
0.143153
0.067926
0.0733628
0.127777
0.0891999
0.160973
0.0748117
0.0687371
0.210915
0.287
0.287
0.251986
0.254617
0.164113
0.0770737
0.0799949
0.139534
0.163698
0.287
0.111619
0.103388
0.0881493
0.0482469
0.32903
0.176827
0.0349123
0.115069
0.206709
0.00926844
0.0247398
0.0844142
0.32903
0.234784
0.175536
0.113592
0.116007
0.242812
0.110528
0.038003
0.0311719
0.0403449
0.32903
0.0653372
0.0376512
0.227945
0.32903
0.00832137
0.0229636
0.0547389
0.32903
0.0610607
0.162332
0.123996
0.149017
0.202602
0.0482573
0.0482672
0.0155374
0.00745708
0.246338
0.161317
0.135349
0.182011
0.260069
0.113052
0.064424
0.0897836
0.12137
0.260069
0.136009
0.0351936
0.228879
0.260069
0.0307983
0.0155219
0.0691318
0.260069
0.0920123
0.246681
0.194423
0.178721
0.205925
0.0781386
0.0698924
0.0362605
0.0439325
0.260069
0.260069
0.0443415
0.155071
0.260069
0.020214
0.0250707
0.0282856
0.216864
0.227876
0.0385774
0.00270681
0.133502
0.261612
0.00297786
0.0245535
0.0910669
0.261612
0.206132
0.0819699
0.0728291
0.0675915
0.144543
0.101436
0.177511
0.236415
0.261612
0.223472
0.102632
0.00956626
0.0876479
0.236705
0.00973225
0.0253541
0.0605781
0.261612
0.261612
0.227335
0.113701
0.170992
0.207778
0.0818295
0.167152
0.176635
0.261612
0.279826
0.0549458
0.0719739
0.060056
0.120433
0.0994996
0.18209
0.267182
0.292466
0.0284542
0.0862307
0.106347
0.0678307
0.081371
0.0933239
0.0939947
0.0910055
0.0574601
0.292466
0.147508
0.105417
0.126927
0.141527
0.0846529
0.233732
0.292466
0.292466
0.0980453
0.150052
0.0938466
0.134451
0.139653
0.104569
0.26004
0.251063
0.167275
0.0563736
0.111971
0.154482
0.098418
0.0980079
0.142518
0.158642
0.198506
0.16304
0.0902181
0.0842054
0.130513
0.131761
0.217588
0.219383
0.25653
0.25653
0.25653
0.136582
0.168839
0.171531
0.177011
0.153081
0.151727
0.25653
0.25653
0.25653
0.0779403
0.161237
0.172438
0.132958
0.162884
0.0588366
0.127837
0.0902946
0.0370613
0.115496
0.0723227
0.0893948
0.120699
0.174166
0.230985
0.263774
0.26977
0.26977
0.0844481
0.0599496
0.0662489
0.123818
0.26977
0.26977
0.0888734
0.151333
0.110736
0.0769254
0.14145
0.172792
0.140219
0.157936
0.070793
0.121491
0.0989476
0.0409082
0.219302
0.263194
0.0999217
0.206332
0.26977
0.249851
0.054992
0.0269031
0.022376
0.0960487
0.0619949
0.0539258
0.118369
0.265753
0.265753
0.0845979
0.127381
0.0866522
0.032071
0.0280814
0.0644166
0.0740428
0.265753
0.265753
0.0946305
0.0580857
0.0326147
0.202733
0.228645
0.0808283
0.17149
0.265753
0.25986
0.0478262
0.0773565
0.14305
0.161973
0.145345
0.0423333
0.037456
0.265753
0.265753
0.186589
0.195771
0.265753
0.329945
0.0831282
0.0421451
0.266729
0.329945
0.00761937
0.0359824
0.0960316
0.329945
0.0653774
0.230744
0.151615
0.172215
0.225592
0.0596341
0.0697716
0.0318599
0.015567
0.329945
0.131113
0.0516446
0.101427
0.151712
0.0318494
0.0401415
0.146662
0.329945
0.143822
0.196329
0.0945723
0.120044
0.170519
0.0345533
0.0354392
0.0512952
0.0223524
0.105616
0.258243
0.220135
0.2056
0.245973
0.0853871
0.0830578
0.0546281
0.0583559
0.258243
0.258243
0.0624865
0.188081
0.258243
0.0241382
0.030446
0.0435149
0.254779
0.192862
0.258243
0.134461
0.156627
0.229388
0.0614291
0.054904
0.0653185
0.0385992
0.258243
0.258243
0.0198181
0.0945135
0.258243
0.0269314
0.0403088
0.043399
0.131879
0.209944
0.0805132
0.0104815
0.0824635
0.235409
0.00769629
0.0195031
0.071447
0.249433
0.242527
0.202675
0.116928
0.159152
0.203108
0.0802432
0.134876
0.202698
0.249433
0.249433
0.094415
0.00826565
0.0464646
0.131394
0.0205647
0.0650706
0.115639
0.249433
0.177282
0.0874821
0.0835719
0.249433
0.249433
0.152946
0.148574
0.249433
0.249433
0.258391
0.101577
0.0829555
0.0938066
0.124602
0.0726533
0.157106
0.266155
0.266155
0.0635841
0.119226
0.0701779
0.105901
0.129641
0.0910198
0.176187
0.176494
0.136982
0.188236
0.063499
0.0707392
0.25945
0.217753
0.140886
0.183519
0.266155
0.266155
0.0950992
0.120577
0.0406172
0.201316
0.266155
0.179269
0.135563
0.0925289
0.171889
0.106083
0.155836
0.151416
0.170796
0.208204
0.165806
0.263867
0.263867
0.263867
0.0579679
0.158094
0.189416
0.131536
0.110876
0.0180835
0.0962251
0.0648276
0.0199261
0.163601
0.199796
0.0859702
0.263867
0.263867
0.263867
0.263867
0.193589
0.263867
0.102143
0.127125
0.103468
0.0875784
0.133227
0.0258567
0.0194893
0.0185858
0.0289727
0.0727113
0.170774
0.233459
0.178316
0.157667
0.0319031
0.120292
0.0872416
0.0298317
0.2568
0.270587
0.154612
0.25132
0.285647
0.285647
0.0768435
0.0497967
0.0145726
0.0879726
0.120774
0.133595
0.116941
0.230501
0.0475926
0.029449
0.0252676
0.00906026
0.285647
0.285647
0.113523
0.207772
0.285647
0.0282431
0.101449
0.0901434
0.0387379
0.166725
0.182257
0.0988173
0.162426
0.26418
0.26418
0.0404518
0.0590226
0.0966654
0.108346
0.10755
0.0398184
0.0347857
0.26418
0.26418
0.187561
0.183261
0.26418
0.243059
0.248148
0.115759
0.11373
0.26418
0.0313001
0.0660904
0.096513
0.073372
0.0822342
0.103205
0.082735
0.048867
0.12624
0.0969056
0.131373
0.262113
0.26418
0.323008
0.121888
0.0493332
0.130365
0.20277
0.0482657
0.0515404
0.155938
0.323008
0.153012
0.221506
0.0906421
0.136423
0.182471
0.0490511
0.0417901
0.0682959
0.0251068
0.323008
0.101764
0.0233795
0.229664
0.323008
0.0761512
0.0208833
0.0843843
0.323008
0.100294
0.154156
0.0981139
0.169942
0.251073
0.0831789
0.0629572
0.0903719
0.0126035
0.173649
0.223012
0.0985335
0.138575
0.206708
0.0605198
0.0474096
0.0670889
0.0382866
0.271355
0.18196
0.0284587
0.0986679
0.271355
0.0200909
0.0935923
0.0943049
0.113
0.128634
0.180381
0.118128
0.151152
0.224987
0.0794997
0.0858575
0.0877533
0.0154146
0.177777
0.271355
0.145912
0.201486
0.271355
0.0560534
0.271355
0.271355
0.256015
0.2551
0.0885846
0.0125177
0.0603569
0.178454
0.0282648
0.0771357
0.137742
0.2551
0.170992
0.0858593
0.0783389
0.2551
0.2551
0.148583
0.144558
0.2551
0.2551
0.113006
0.174688
0.0799005
0.133232
0.2551
0.0450559
0.186339
0.2551
0.145149
0.107274
0.0714988
0.0682881
0.2551
0.2551
0.0493989
0.0953566
0.140327
0.128663
0.177004
0.0587498
0.0548505
0.243636
0.250304
0.141205
0.157845
0.250304
0.250304
0.109372
0.120335
0.0385801
0.192577
0.250304
0.158229
0.158528
0.116334
0.20501
0.0669693
0.0659397
0.0587661
0.198578
0.220786
0.0630798
0.0775446
0.0708196
0.130209
0.127193
0.0455045
0.0842925
0.190312
0.204493
0.113428
0.250304
0.250304
0.250304
0.123763
0.135332
0.0501476
0.227238
0.273932
0.232539
0.22549
0.152578
0.259321
0.0610844
0.0914988
0.0659163
0.084891
0.127074
0.0339423
0.040363
0.0320481
0.0147279
0.119428
0.0630517
0.0866136
0.221402
0.273932
0.1835
0.273932
0.273932
0.273932
0.0288224
0.0547335
0.0809218
0.273932
0.273932
0.145516
0.0628111
0.0602971
0.0102931
0.0468067
0.0832978
0.0764415
0.107731
0.171679
0.0516058
0.0397825
0.020273
0.00293887
0.296099
0.257412
0.0973229
0.162151
0.315197
0.0359333
0.0864358
0.0702836
0.0203258
0.0118149
0.0593418
0.0736457
0.316243
0.316243
0.249625
0.0570111
0.0199626
0.00349762
0.140649
0.229141
0.186282
0.316243
0.316243
0.228537
0.0162096
0.026747
0.0287024
0.22641
0.232933
0.133723
0.154692
0.281462
0.056519
0.0830998
0.0778347
0.0528429
0.0702895
0.106962
0.0897312
0.0614521
0.094248
0.089573
0.145227
0.247256
0.281462
0.0931156
0.144668
0.128821
0.281462
0.281462
0.281462
0.079738
0.0702435
0.0415813
0.0325322
0.0478658
0.0397424
0.125366
0.281462
0.211483
0.262972
0.17279
0.0863446
0.248485
0.058589
0.0339286
0.176449
0.248485
0.110827
0.0476249
0.102574
0.248485
0.0702177
0.0969653
0.0842783
0.145406
0.182151
0.0761639
0.0590991
0.0606305
0.0157154
0.236601
0.128778
0.192323
0.208241
0.248485
0.248485
0.141967
0.248485
0.248485
0.0704742
0.191299
0.199905
0.16595
0.23859
0.18096
0.135828
0.131508
0.102329
0.0952126
0.115482
0.0961794
0.13402
0.167671
0.0746891
0.0693924
0.073735
0.0215636
0.0990754
0.184409
0.0905488
0.168883
0.235875
0.0411111
0.235875
0.235875
0.187749
0.0951941
0.235875
0.184818
0.171034
0.235875
0.230482
0.123935
0.186216
0.0995523
0.104747
0.235875
0.134991
0.235875
0.235875
0.166522
0.173592
0.235875
0.123129
0.141056
0.207538
0.0984674
0.183959
0.245455
0.0601102
0.23983
0.245455
0.17524
0.124302
0.0667318
0.0746729
0.245455
0.245455
0.0511735
0.111252
0.141884
0.123001
0.149416
0.245455
0.148579
0.245455
0.245455
0.210538
0.168339
0.245455
0.130414
0.0328713
0.0762904
0.084818
0.160341
0.245455
0.0985834
0.00502179
0.00756269
0.00228868
0.0862684
0.0732451
0.0723661
0.249083
0.249083
0.0862554
0.100098
0.0677744
0.131718
0.170245
0.0669008
0.123296
0.183651
0.249083
0.152435
0.249083
0.249083
0.249083
0.0458835
0.0595391
0.0728507
0.125544
0.168659
0.0656532
0.0112034
0.110171
0.157531
0.249083
0.249083
0.185446
0.122612
0.218544
0.120139
0.0912696
0.249083
0.249083
0.114825
0.0575842
0.0788501
0.157943
0.264621
0.161362
0.264621
0.264621
0.264621
0.0221668
0.0647611
0.0824986
0.264621
0.264621
0.14631
0.0927714
0.0866861
0.0126756
0.264621
0.209685
0.122354
0.118322
0.169065
0.079671
0.0820695
0.264621
0.264621
0.0367012
0.0558138
0.0610263
0.222841
0.264621
0.0567475
0.0155944
0.0236572
0.0200876
0.0111143
0.0732711
0.0847985
0.308978
0.308978
0.254946
0.0891389
0.0462691
0.00995937
0.16537
0.266741
0.204962
0.308978
0.308978
0.237604
0.0314611
0.0526404
0.0338721
0.0201472
0.0483672
0.066393
0.291033
0.308978
0.0610839
0.0157493
0.0283291
0.0385055
0.0134348
0.00411266
0.0311495
0.0989354
0.181989
0.0371828
0.0555423
0.198824
0.216178
0.122425
0.189902
0.174468
0.285021
0.285021
0.285021
0.0958708
0.104849
0.0470254
0.0450969
0.0668129
0.0547098
0.141248
0.285021
0.226472
0.285021
0.248855
0.100644
0.0102844
0.00486507
0.0435399
0.125209
0.227587
0.0562775
0.0753504
0.221706
0.187739
0.0253793
0.0207524
0.0442273
0.13331
0.175991
0.108695
0.188476
0.2393
0.134241
0.248317
0.134934
0.210521
0.237442
0.248317
0.248317
0.173205
0.248317
0.248317
0.0771814
0.16967
0.220552
0.192654
0.248317
0.194703
0.161018
0.142139
0.100211
0.238148
0.112929
0.0802355
0.105601
0.147423
0.0108579
0.0117398
0.0671199
0.248317
0.120566
0.126166
0.164107
0.0856964
0.1352
0.0543836
0.0457442
0.0456614
0.0344437
0.116625
0.22901
0.214187
0.214415
0.22901
0.22901
0.153756
0.221667
0.129085
0.150117
0.22901
0.178661
0.22901
0.22901
0.167504
0.22901
0.22901
0.178387
0.155805
0.192683
0.179168
0.0968522
0.149785
0.0684705
0.0615365
0.0498125
0.0591556
0.139421
0.22901
0.114314
0.119068
0.160422
0.0429688
0.0356874
0.0212607
0.0547586
0.241469
0.247807
0.211476
0.247807
0.247807
0.207143
0.247807
0.247807
0.233496
0.0374071
0.092335
0.132778
0.233591
0.247807
0.113716
0.00464285
0.00481314
0.0022255
0.17776
0.247807
0.0948331
0.162448
0.199445
0.0498609
0.0496573
0.0218377
0.0896189
0.0907915
0.127185
0.0927586
0.113671
0.15575
0.0171435
0.0286201
0.147104
0.247807
0.054257
0.0678398
0.106007
0.163268
0.195066
0.0679246
0.0164502
0.0946061
0.181045
0.241282
0.241282
0.241282
0.113422
0.231171
0.162314
0.0917731
0.238377
0.241282
0.0712604
0.0879694
0.08032
0.134688
0.142107
0.0456608
0.0579167
0.144923
0.236339
0.1296
0.200976
0.241282
0.241282
0.241282
0.0881315
0.112975
0.169248
0.241282
0.248106
0.20623
0.210195
0.133503
0.201601
0.113091
0.0873171
0.248106
0.248106
0.0367514
0.067554
0.0897527
0.248106
0.248106
0.0742032
0.0297952
0.0425573
0.0261475
0.132121
0.215553
0.248106
0.248106
0.243868
0.099767
0.124776
0.19014
0.248106
0.0288134
0.079409
0.0624513
0.239267
0.248106
0.0557087
0.0189757
0.00850881
0.0255599
0.0187887
0.0736084
0.134397
0.302316
0.302316
0.0928457
0.0391312
0.0687082
0.0656525
0.0243856
0.00252719
0.0443684
0.163186
0.253214
0.0734007
0.0922669
0.302316
0.302316
0.0683123
0.192955
0.0554295
0.302316
0.302316
0.0820714
0.0223713
0.00807528
0.0169627
0.114504
0.0168403
0.0234229
0.105634
0.250906
0.040017
0.0586191
0.253673
0.302316
0.0195375
0.00517347
0.0760027
0.232555
0.273064
0.0854933
0.098467
0.273064
0.273064
0.0364769
0.0255534
0.0766768
0.189586
0.186636
0.152552
0.273064
0.273064
0.194791
0.113859
0.0348069
0.0340758
0.122102
0.273064
0.0511426
0.0690908
0.266467
0.273064
0.118907
0.0410358
0.0108785
0.0747128
0.180884
0.0546832
0.124342
0.138304
0.245901
0.299487
0.13877
0.0799877
0.156545
0.234202
0.00944549
0.00987077
0.0994811
0.299487
0.15646
0.174676
0.21818
0.135157
0.186695
0.057525
0.0618391
0.0686378
0.0484222
0.299487
0.124844
0.0702847
0.170987
0.291719
0.0334563
0.0262372
0.160663
0.299487
0.125629
0.252402
0.191286
0.169988
0.163932
0.0818054
0.03927
0.0683894
0.0947998
0.223552
0.231189
0.231189
0.177262
0.231189
0.0609846
0.0997557
0.0808892
0.136903
0.231189
0.231189
0.231189
0.231189
0.216042
0.0307464
0.0733497
0.0408497
0.13361
0.219768
0.231189
0.230778
0.212594
0.231189
0.0696207
0.0253428
0.067926
0.102947
0.0778359
0.158972
0.193364
0.231189
0.18012
0.0278488
0.0149415
0.029109
0.0466836
0.217871
0.271945
0.155628
0.228157
0.208264
0.0172135
0.0767893
0.0347089
0.172538
0.0925275
0.140087
0.137043
0.171244
0.202292
0.0935833
0.061106
0.193612
0.225056
0.0877376
0.157243
0.149526
0.182033
0.168496
0.00979934
0.00505928
0.0157004
0.0391097
0.152294
0.177853
0.228985
0.271945
0.0899272
0.138721
0.171061
0.271945
0.271945
0.0741755
0.0848721
0.0983059
0.152509
0.166361
0.0659277
0.0527403
0.132179
0.2381
0.126926
0.206268
0.2381
0.2381
0.2381
0.121212
0.0931598
0.128001
0.2381
0.14751
0.104259
0.130369
0.2381
0.160032
0.0816296
0.0890889
0.2381
0.2381
0.135198
0.20213
0.194653
0.2381
0.2381
0.103607
0.0988102
0.121802
0.120719
0.164397
0.245692
0.265115
0.265115
0.265115
0.140167
0.122188
0.171286
0.265115
0.0320584
0.0741563
0.0746748
0.263414
0.265115
0.060655
0.0277587
0.0104655
0.0175501
0.214429
0.232361
0.209575
0.265115
0.265115
0.119361
0.100561
0.0793865
0.108307
0.019838
0.0579865
0.0428494
0.114614
0.253653
0.019553
0.0213725
0.0084655
0.00834794
0.0594292
0.141522
0.0660655
0.334011
0.334011
0.0795648
0.0346287
0.0123673
0.0171509
0.122401
0.0168317
0.0377628
0.125706
0.334011
0.0603123
0.0841302
0.334011
0.334011
0.0444697
0.114807
0.0534858
0.159053
0.334011
0.0259929
0.0255188
0.00991177
0.0297574
0.199778
0.032812
0.110735
0.0697723
0.141963
0.0291938
0.0875124
0.0868027
0.334011
0.121381
0.0339985
0.047422
0.154498
0.325238
0.0707729
0.0916388
0.325238
0.325238
0.158738
0.0470628
0.0175067
0.0759231
0.22504
0.0695331
0.155196
0.171693
0.280444
0.222397
0.0321243
0.079876
0.0700926
0.16658
0.0739202
0.101433
0.106826
0.325238
0.104817
0.0544708
0.212913
0.0724857
0.076981
0.108061
0.147904
0.177149
0.21953
0.291658
0.102455
0.0599795
0.159709
0.276559
0.0266062
0.0201484
0.213769
0.291658
0.127921
0.249192
0.146035
0.138135
0.159645
0.0663881
0.0528532
0.082911
0.0863121
0.247265
0.0924415
0.0654016
0.199708
0.291658
0.033905
0.0484092
0.291658
0.291658
0.101887
0.198631
0.126002
0.116033
0.163745
0.0452788
0.0671084
0.0947571
0.0839149
0.23767
0.23767
0.23767
0.23767
0.23767
0.0676879
0.0484366
0.105255
0.127566
0.0996271
0.192263
0.23767
0.23767
0.175049
0.0359136
0.0235447
0.0451761
0.0715889
0.14702
0.23767
0.23767
0.216143
0.230514
0.064453
0.102237
0.113471
0.132695
0.0707942
0.14017
0.23767
0.23767
0.23767
0.036102
0.0342156
0.0436538
0.0757322
0.0784957
0.1255
0.155347
0.178367
0.110521
0.0103191
0.00482472
0.0206867
0.0503668
0.0991765
0.158547
0.159612
0.264816
0.118755
0.181065
0.15951
0.264816
0.264816
0.0410782
0.0884852
0.172139
0.21406
0.133437
0.027824
0.0367656
0.0190045
0.0760906
0.0879092
0.213863
0.264816
0.264816
0.207151
0.152936
0.228781
0.264816
0.264816
0.135853
0.109271
0.121677
0.201429
0.156864
0.100701
0.0848214
0.235166
0.235166
0.145805
0.235166
0.158363
0.235166
0.235166
0.135629
0.0970916
0.107887
0.0905006
0.0866675
0.176586
0.202086
0.235166
0.215628
0.115087
0.166946
0.235166
0.235166
0.0583123
0.165171
0.148063
0.235166
0.235166
0.0316059
0.0321956
0.0413344
0.0420529
0.285948
0.285948
0.264455
0.285948
0.285948
0.180825
0.123765
0.0930187
0.158136
0.0272476
0.0688597
0.0556229
0.135008
0.285948
0.0259703
0.0369101
0.0133725
0.00113879
0.117148
0.285948
0.226513
0.285948
0.285948
0.0429458
0.0312218
0.031792
0.0484857
0.00763692
0.0172219
0.0438351
0.118561
0.274573
0.0479127
0.00237322
0.000937719
0.000158631
0.0491927
0.0876228
0.0620616
0.189279
0.34748
0.0232971
0.0444991
0.0189457
0.0358272
0.246396
0.0275837
0.0924858
0.083065
0.228597
0.0461907
0.0979607
0.135683
0.34748
0.0253324
0.0275469
0.0744433
0.184673
0.34748
0.0647021
0.00464169
0.0156767
0.0707974
0.305878
0.0223457
0.051015
0.0670425
0.184419
0.128309
0.191247
0.255045
0.34748
0.218961
0.0223262
0.0534824
0.0731713
0.21352
0.0596211
0.0991409
0.128112
0.3203
0.135966
0.0706224
0.143686
0.04889
0.110017
0.115933
0.13735
0.148003
0.207397
0.283578
0.0197666
0.0343087
0.0893047
0.207373
0.110859
0.153346
0.196499
0.3203
0.103555
0.0855283
0.0848541
0.201916
0.309073
0.199633
0.245584
0.193833
0.0167987
0.289796
0.0824635
0.0752263
0.215952
0.31063
0.0310771
0.0392546
0.31063
0.31063
0.132862
0.218963
0.110015
0.107132
0.156508
0.0388134
0.0742394
0.108511
0.0895566
0.228321
0.0704311
0.107041
0.11657
0.224031
0.0365672
0.0530239
0.31063
0.31063
0.0797445
0.112418
0.0506934
0.066038
0.221586
0.0497769
0.031992
0.0725291
0.10589
0.191755
0.245505
0.245505
0.244633
0.245505
0.0638335
0.115195
0.15679
0.141236
0.104534
0.18306
0.245505
0.245505
0.245505
0.0608346
0.0477628
0.0668283
0.0880908
0.11575
0.214517
0.11507
0.14086
0.245505
0.105509
0.0609356
0.0995271
0.107477
0.136376
0.16058
0.164188
0.138097
0.0955428
0.0762377
0.122579
0.217948
0.245505
0.0465945
0.0835233
0.128061
0.175912
0.103852
0.0229631
0.0251582
0.0386787
0.0575956
0.0783199
0.186095
0.242248
0.246117
0.246117
0.114264
0.158271
0.246117
0.246117
0.0409978
0.0825206
0.0865926
0.0603418
0.052823
0.0449242
0.065247
0.157087
0.144456
0.152766
0.246117
0.246117
0.246117
0.246117
0.204937
0.22514
0.246117
0.231875
0.0847566
0.157206
0.165922
0.219174
0.212558
0.08509
0.10903
0.221672
0.221672
0.058418
0.165085
0.129307
0.221672
0.221672
0.0695418
0.0349744
0.0294917
0.0475729
0.0958967
0.211101
0.221672
0.191573
0.221672
0.19224
0.221522
0.221672
0.221672
0.112676
0.221672
0.151292
0.181105
0.221672
0.135236
0.0955834
0.060809
0.0653448
0.1317
0.258303
0.228247
0.258303
0.258303
0.113418
0.0482283
0.0302269
0.0906785
0.00816272
0.0185599
0.0456213
0.139348
0.258303
0.0507584
0.00119429
0.00111055
0.000718611
0.168693
0.258303
0.231967
0.258303
0.258303
0.258303
0.235013
0.143002
0.179841
0.0687965
0.157423
0.12764
0.194318
0.258303
0.0791261
0.0261075
0.0214255
0.00155885
0.020425
0.0256903
0.0739981
0.19941
0.281557
0.0607037
0.0044579
0.0228068
0.0537886
0.2036
0.016696
0.0267157
0.0758414
0.199794
0.149443
0.157351
0.269684
0.281557
0.0544633
0.171282
0.200725
0.281557
0.281557
0.0913804
0.0485691
0.0376755
0.0126938
0.0742652
0.0327283
0.0429306
0.167943
0.251956
0.281557
0.217633
0.174982
0.281557
0.126469
0.0105824
0.0186667
0.0590802
0.137184
0.0725492
0.0909064
0.151456
0.302397
0.0554838
0.0592939
0.0613645
0.0807284
0.177178
0.145495
0.137103
0.101723
0.0235701
0.035876
0.0177413
0.0444782
0.102034
0.211072
0.159949
0.161636
0.260886
0.302397
0.204841
0.188995
0.237719
0.302397
0.302397
0.142997
0.162982
0.219035
0.228834
0.244566
0.0758986
0.0823314
0.126898
0.228546
0.0474968
0.068665
0.3138
0.3138
0.0821203
0.119031
0.0499002
0.0751029
0.207032
0.0539301
0.0277349
0.069687
0.0944308
0.175854
0.117997
0.108325
0.105072
0.197817
0.202506
0.140638
0.3138
0.3138
0.15433
0.165655
0.083967
0.193484
0.224423
0.127545
0.0161622
0.0845428
0.178254
0.085327
0.1634
0.0833915
0.128691
0.28313
0.0844044
0.0378675
0.0755584
0.0728733
0.0932592
0.119404
0.108458
0.128857
0.0656754
0.0616566
0.0956814
0.283678
0.344268
0.175905
0.191573
0.122029
0.276488
0.278237
0.135834
0.0234336
0.0778667
0.203973
0.11007
0.075628
0.0522557
0.0623612
0.0404268
0.0733499
0.0600376
0.344268
0.344268
0.037571
0.0733846
0.0758834
0.0715615
0.0535454
0.0370363
0.0606531
0.174957
0.134412
0.13528
0.223547
0.241308
0.241308
0.241308
0.200877
0.165591
0.241308
0.209772
0.0577286
0.0614047
0.0472256
0.0684294
0.0820986
0.0565992
0.0733527
0.241308
0.241308
0.156913
0.235215
0.241308
0.241308
0.241308
0.22932
0.157655
0.112382
0.149169
0.109146
0.191762
0.230758
0.204174
0.230758
0.197585
0.189875
0.230758
0.230758
0.125747
0.230758
0.176234
0.179813
0.230758
0.173395
0.0888845
0.0559062
0.0831687
0.140251
0.200527
0.201425
0.230758
0.230758
0.220177
0.148349
0.0635319
0.0536293
0.0733809
0.122856
0.12404
0.0965796
0.230758
0.0594917
0.0254616
0.0264073
0.0123925
0.201808
0.264504
0.264504
0.264504
0.264504
0.264504
0.220708
0.138122
0.234844
0.0531927
0.1282
0.116903
0.235767
0.264504
0.0718274
0.0171525
0.0162009
0.00205877
0.128574
0.224676
0.193955
0.205781
0.264504
0.107901
0.0261112
0.052631
0.0235888
0.0846535
0.133199
0.116401
0.139521
0.174833
0.0178392
0.00942429
0.0152947
0.0245631
0.0339656
0.116055
0.137555
0.276295
0.276295
0.0625534
0.0261008
0.0284242
0.0071568
0.0448797
0.027983
0.036019
0.133499
0.202701
0.242128
0.249395
0.276295
0.211029
0.0900406
0.161006
0.127679
0.14687
0.225538
0.0249667
0.0141072
0.0130926
0.0332022
0.199256
0.0246173
0.018767
0.0529529
0.197988
0.258989
0.276295
0.276295
0.276295
0.0226958
0.0153637
0.0361982
0.0853054
0.165289
0.122209
0.151989
0.248013
0.189527
0.122328
0.127649
0.174672
0.248013
0.248013
0.123513
0.151245
0.170007
0.137176
0.0872775
0.0137699
0.0195018
0.041719
0.112337
0.135313
0.248013
0.248013
0.198309
0.191914
0.131508
0.100423
0.190546
0.248013
0.248013
0.248013
0.248013
0.0864374
0.115837
0.0802071
0.0747278
0.0930975
0.145394
0.160032
0.134838
0.26139
0.26139
0.102277
0.126677
0.0852703
0.128568
0.179472
0.109003
0.0259122
0.0570761
0.100269
0.0401797
0.050282
0.26139
0.243058
0.229551
0.180846
0.26139
0.26139
0.26139
0.0715383
0.133331
0.138939
0.234319
0.26139
0.192753
0.118084
0.0816986
0.103998
0.0896841
0.123833
0.0962654
0.159458
0.185473
0.0940473
0.0261987
0.0500555
0.0925028
0.0635507
0.0422117
0.0390176
0.0469919
0.0269767
0.0335244
0.0445629
0.307792
0.307792
0.0758008
0.119271
0.145396
0.266992
0.307792
0.170371
0.100358
0.0953184
0.121719
0.12055
0.266585
0.286085
0.0876882
0.0754564
0.16926
0.122448
0.307792
0.307792
0.0705368
0.0579094
0.0601088
0.0868334
0.0730782
0.0488102
0.0808417
0.242494
0.242494
0.174912
0.234462
0.236237
0.242494
0.242494
0.221503
0.140603
0.110005
0.146179
0.114639
0.13922
0.163405
0.125248
0.10677
0.101144
0.0787602
0.242494
0.242494
0.169399
0.242494
0.206978
0.242494
0.242494
0.114664
0.0615078
0.0371433
0.0275559
0.237158
0.251693
0.251693
0.251693
0.251693
0.251693
0.18897
0.0729789
0.0670513
0.117904
0.161057
0.169544
0.117778
0.251693
0.0726956
0.0311139
0.0362844
0.0186889
0.199707
0.245351
0.219458
0.251693
0.251693
0.160699
0.091921
0.0288553
0.0114535
0.0623939
0.0950166
0.124383
0.155847
0.237298
0.0708486
0.0548382
0.0214591
0.00971212
0.24426
0.284027
0.284027
0.284027
0.284027
0.14245
0.0350476
0.0911006
0.0477555
0.108775
0.186782
0.174135
0.230415
0.244277
0.0175749
0.0119798
0.0176583
0.027225
0.133714
0.15311
0.228046
0.284027
0.284027
0.171343
0.151952
0.0475418
0.0480633
0.0492584
0.0828882
0.107539
0.123723
0.200572
0.043899
0.0469263
0.0344301
0.028968
0.101766
0.194356
0.147613
0.217909
0.267779
0.025181
0.0164373
0.0145616
0.0383468
0.281328
0.0324251
0.0247853
0.0512125
0.254105
0.276803
0.34848
0.34848
0.34848
0.065957
0.0824069
0.0960706
0.120974
0.177475
0.0370576
0.0456511
0.0289871
0.0516831
0.0420973
0.0131931
0.03179
0.0353724
0.120152
0.201781
0.263942
0.0845656
0.098575
0.1371
0.0225034
0.0290978
0.0573314
0.160965
0.168212
0.259644
0.259644
0.259644
0.259644
0.209376
0.127452
0.246133
0.259644
0.259644
0.259644
0.259644
0.0959314
0.0208778
0.00515037
0.0233136
0.0284325
0.0819935
0.137776
0.136309
0.0692238
0.0669415
0.0140687
0.0753264
0.0678909
0.20207
0.259644
0.217923
0.163681
0.0598067
0.0348501
