0.0680526
0.100572
0.0947094
0.214639
0.333569
0.241575
0.151668
0.0859632
0.113501
0.131085
0.200489
0.121793
0.183964
0.333569
0.206154
0.223336
0.144667
0.134119
0.0613761
0.0753514
0.124499
0.146417
0.163154
0.105484
0.129798
0.109371
0.127108
0.125384
0.193744
0.0609197
0.231134
0.270756
0.112819
0.13714
0.104962
0.115522
0.0804827
0.126588
0.126397
0.188312
0.253182
0.171571
0.174903
0.124573
0.11106
0.112135
0.164001
0.187486
0.253182
0.253182
0.253182
0.175057
0.205713
0.150461
0.138424
0.157797
0.0316824
0.183765
0.233215
0.0909704
0.104
0.0678862
0.0991135
0.120118
0.134503
0.0726602
0.161461
0.253182
0.130296
0.154126
0.166092
0.220269
0.0765241
0.121389
0.202486
0.239412
0.239412
0.239412
0.194522
0.204274
0.13635
0.122207
0.163869
0.0748119
0.239412
0.239412
0.220919
0.098023
0.14276
0.110296
0.130189
0.14392
0.0845674
0.15444
0.239412
0.104473
0.129138
0.127399
0.165585
0.0904489
0.193624
0.167215
0.138479
0.11184
0.0908416
0.0887899
0.198293
0.239412
0.0821858
0.154633
0.0814755
0.248409
0.248409
0.248409
0.147717
0.158812
0.108083
0.065781
0.101622
0.164266
0.248409
0.248409
0.248409
0.1752
0.160222
0.104006
0.129056
0.169285
0.14815
0.133126
0.121699
0.0819851
0.0961289
0.20997
0.226769
0.164106
0.195362
0.123263
0.0917393
0.16157
0.130332
0.15735
0.193476
0.140183
0.0563076
0.120899
0.1802
0.25213
0.25213
0.25213
0.217919
0.15009
0.105059
0.0559435
0.138534
0.128659
0.25213
0.25213
0.25213
0.18375
0.144484
0.125406
0.218782
0.191703
0.106298
0.115109
0.202891
0.162141
0.176812
0.229784
0.152714
0.0620368
0.099059
0.0652271
0.103655
0.144169
0.11
0.137269
0.0750509
0.0894629
0.0843704
0.188324
0.163629
0.289807
0.289807
0.289807
0.227506
0.150666
0.151041
0.111188
0.116324
0.117721
0.289807
0.289807
0.253839
0.0626273
0.0817236
0.168218
0.0644654
0.116806
0.121551
0.172643
0.200206
0.144278
0.145354
0.0746651
0.079066
0.0839116
0.0795685
0.138955
0.120754
0.12104
0.168365
0.117839
0.0521291
0.0851391
0.146331
0.153231
0.126966
0.334013
0.347683
0.328465
0.0852945
0.095001
0.188957
0.0845216
0.126888
0.0524743
0.18614
0.347683
0.228003
0.10359
0.132039
0.101231
0.0853152
0.0939098
0.190847
0.151029
0.148304
0.181199
0.114932
0.060147
0.0880554
0.0679474
0.0907226
0.0726839
0.0773355
0.124968
0.133883
0.129069
0.175194
0.122366
0.0935706
0.0953691
0.121275
0.186221
0.184669
0.143714
0.180271
0.134174
0.123725
0.211418
0.211418
0.0652465
0.211418
0.211418
0.141903
0.205075
0.107542
0.156616
0.159657
0.181415
0.127827
0.211418
0.211418
0.182779
0.149471
0.190149
0.19387
0.128093
0.150135
0.0703843
0.211418
0.210285
0.211418
0.152228
0.0747785
0.175945
0.216674
0.216674
0.0423717
0.216674
0.216674
0.142511
0.201686
0.0868533
0.134873
0.160437
0.208247
0.1066
0.212518
0.216674
0.138434
0.178481
0.216674
0.216674
0.0920287
0.154346
0.0569465
0.216674
0.216674
0.216674
0.16438
0.0625737
0.138255
0.0928305
0.184331
0.0792687
0.163812
0.216674
0.144406
0.116423
0.0869393
0.123049
0.157782
0.2057
0.118364
0.215182
0.217909
0.129018
0.177525
0.189176
0.217909
0.171067
0.217909
0.217909
0.209427
0.180653
0.156606
0.128152
0.217909
0.217909
0.100619
0.201076
0.0753197
0.148204
0.202523
0.160684
0.131969
0.120806
0.117438
0.152443
0.151899
0.192847
0.142688
0.154605
0.0903509
0.0541174
0.0854213
0.141188
0.18516
0.215511
0.180418
0.187943
0.190858
0.14952
0.157109
0.215511
0.215511
0.215511
0.215511
0.158574
0.116772
0.215511
0.215511
0.215511
0.215511
0.204042
0.134348
0.116326
0.157643
0.14141
0.150032
0.08506
0.0677627
0.15056
0.144621
0.154058
0.19118
0.121726
0.116691
0.146396
0.0912379
0.055906
0.128932
0.152917
0.219595
0.219595
0.137606
0.132878
0.219595
0.219595
0.219595
0.219595
0.2096
0.11373
0.111734
0.0935139
0.164315
0.21019
0.153723
0.166744
0.115604
0.114006
0.153467
0.176292
0.112787
0.142975
0.175399
0.106812
0.0752475
0.181867
0.191409
0.154544
0.182502
0.0589679
0.202793
0.219595
0.181801
0.137619
0.0976274
0.17357
0.113566
0.129971
0.161475
0.218574
0.218574
0.170485
0.184472
0.110931
0.0911748
0.107921
0.133904
0.180617
0.187653
0.153661
0.172255
0.13449
0.101311
0.0967218
0.207474
0.218574
0.1009
0.218574
0.218574
0.181312
0.135384
0.160368
0.172836
0.131901
0.218574
0.180279
0.1558
0.117132
0.101718
0.206684
0.218574
0.191365
0.10893
0.172309
0.22387
0.22387
0.207738
0.199916
0.150658
0.12115
0.111279
0.083465
0.113779
0.117353
0.117409
0.152186
0.173494
0.163135
0.22387
0.156306
0.196708
0.22387
0.22387
0.215577
0.16783
0.103707
0.22387
0.22387
0.22387
0.11654
0.133956
0.106792
0.0700012
0.125159
0.175973
0.103526
0.133244
0.160697
0.141671
0.165764
0.121688
0.222544
0.222544
0.218967
0.123912
0.149486
0.181663
0.125991
0.146166
0.0762996
0.21865
0.195097
0.222544
0.142899
0.0642435
0.151247
0.185898
0.164288
0.115465
0.157431
0.222544
0.222544
0.128396
0.163899
0.222544
0.0890758
0.0874227
0.135053
0.222544
0.222544
0.0985672
0.0658433
0.155239
0.17735
0.108678
0.171017
0.0766585
0.215622
0.215622
0.215622
0.206576
0.0883955
0.15237
0.133149
0.215622
0.0900646
0.213921
0.215622
0.168384
0.113681
0.0940117
0.16256
0.0854117
0.0692831
0.149398
0.215622
0.215622
0.138012
0.0824929
0.215622
0.215622
0.139928
0.159731
0.210317
0.215622
0.19203
0.150069
0.0726863
0.185949
0.13206
0.1299
0.207139
0.085089
0.199276
0.207139
0.207139
0.149667
0.140012
0.148866
0.207139
0.199746
0.205635
0.163159
0.207139
0.138337
0.0941943
0.064396
0.139166
0.159839
0.171724
0.190076
0.207139
0.207139
0.161948
0.0769147
0.207139
0.146631
0.0736426
0.172
0.133956
0.120048
0.207139
0.153738
0.204942
0.16971
0.137522
0.197546
0.178411
0.179343
0.180821
0.21129
0.154113
0.142231
0.164684
0.15286
0.203788
0.21129
0.144434
0.160216
0.21129
0.187944
0.0921533
0.177884
0.21129
0.085973
0.170241
0.142856
0.144587
0.21129
0.152519
0.21129
0.20143
0.133862
0.0919962
0.104126
0.169929
0.148858
0.183967
0.161918
0.101134
0.116819
0.157231
0.186001
0.220122
0.109999
0.166249
0.220122
0.168264
0.116037
0.220122
0.220122
0.202661
0.211817
0.0991367
0.220122
0.220122
0.194346
0.152723
0.126324
0.220122
0.0748666
0.0997097
0.177508
0.170263
0.210623
0.145884
0.0772387
0.090613
0.113053
0.0922374
0.132637
0.134522
0.220122
0.220122
0.140489
0.144958
0.0547933
0.135611
0.221304
0.225256
0.125457
0.225256
0.225256
0.156991
0.133328
0.161832
0.168183
0.120769
0.225256
0.165903
0.192078
0.134434
0.0906138
0.190789
0.225256
0.225256
0.0993025
0.192032
0.143398
0.224822
0.225256
0.137464
0.126293
0.0514362
0.0972895
0.0413506
0.112329
0.15847
0.14202
0.166659
0.154201
0.170381
0.16435
0.0975272
0.153706
0.22037
0.22037
0.22037
0.204876
0.102899
0.22037
0.22037
0.22037
0.126553
0.138403
0.0922269
0.109153
0.122358
0.15577
0.105347
0.13679
0.152337
0.0737515
0.189418
0.200037
0.169305
0.210728
0.212023
0.22037
0.22037
0.121812
0.0843479
0.101338
0.0896519
0.160464
0.22037
0.186574
0.141595
0.104153
0.0884921
0.201423
0.175921
0.125821
0.202759
0.244396
0.244396
0.124541
0.142144
0.244396
0.0789246
0.0927635
0.146926
0.244396
0.244396
0.109203
0.0578717
0.162246
0.177562
0.130137
0.0966758
0.0895398
0.195854
0.244396
0.195193
0.1761
0.115201
0.222002
0.0991081
0.130839
0.0897503
0.185087
0.182397
0.139073
0.112884
0.0751722
0.152698
0.0798953
0.06856
0.136669
0.203002
0.214665
0.147279
0.0722442
0.21146
0.214665
0.163839
0.142372
0.183489
0.214665
0.214665
0.149481
0.0774041
0.187525
0.155809
0.130473
0.135173
0.0986598
0.155335
0.197678
0.162026
0.163631
0.0732358
0.132512
0.214665
0.166505
0.155031
0.126031
0.214665
0.214665
0.214665
0.153297
0.211822
0.182583
0.147583
0.143902
0.214462
0.214462
0.150447
0.0946228
0.201226
0.173506
0.0673119
0.157146
0.107918
0.123359
0.214462
0.163999
0.205583
0.152559
0.126611
0.214462
0.182072
0.124959
0.107997
0.214462
0.214462
0.214462
0.162755
0.18084
0.0977581
0.15128
0.123373
0.192676
0.141071
0.105032
0.19435
0.214462
0.127954
0.0911417
0.170393
0.115661
0.138561
0.215198
0.163189
0.215198
0.177869
0.128572
0.111655
0.119719
0.139499
0.127626
0.215198
0.182243
0.0999219
0.124486
0.183754
0.107212
0.184184
0.131506
0.195414
0.166996
0.116135
0.215198
0.215198
0.127034
0.178588
0.209898
0.215198
0.205695
0.166097
0.0374813
0.155332
0.215198
0.215198
0.110079
0.135799
0.161761
0.161881
0.218591
0.172062
0.091059
0.116748
0.137815
0.120706
0.147692
0.166397
0.218591
0.218591
0.146371
0.172054
0.0649142
0.165158
0.218591
0.218591
0.208656
0.214496
0.204451
0.0377799
0.151074
0.218591
0.193779
0.176776
0.1714
0.133938
0.156945
0.218591
0.151234
0.109271
0.134342
0.127594
0.139144
0.219778
0.190954
0.219778
0.219778
0.152948
0.169707
0.0691774
0.120946
0.0342962
0.121829
0.177315
0.202144
0.219778
0.1797
0.219778
0.201683
0.131087
0.219778
0.217203
0.0956099
0.176452
0.219778
0.16317
0.131575
0.144989
0.102477
0.0668583
0.154626
0.175291
0.165068
0.177022
0.155029
0.163223
0.0997828
0.121413
0.0562807
0.189918
0.210043
0.214221
0.214221
0.214221
0.214221
0.214221
0.125912
0.0929569
0.100852
0.107257
0.187505
0.214221
0.152018
0.178381
0.137326
0.10746
0.0877691
0.161394
0.176726
0.1937
0.214221
0.173592
0.173884
0.122201
0.119335
0.0215719
0.047927
0.214221
0.140062
0.214221
0.199423
0.214221
0.163232
0.10117
0.131577
0.0746072
0.0871534
0.21459
0.250229
0.188851
0.171184
0.0955276
0.209231
0.0916746
0.120064
0.0835134
0.183624
0.171881
0.11829
0.0971301
0.0731932
0.11763
0.0341833
0.194299
0.250229
0.22999
0.250229
0.250229
0.250229
0.250229
0.133789
0.0938995
0.140378
0.100725
0.155755
0.250229
0.1653
0.140934
0.0492516
0.0968059
0.117889
0.13902
0.09874
0.158907
0.199459
0.158304
0.152416
0.0722707
0.10456
0.20283
0.148999
0.131501
0.152164
0.228927
0.228927
0.221874
0.135452
0.182297
0.0945287
0.0807974
0.0976607
0.134872
0.228927
0.228927
0.228927
0.0755985
0.11528
0.111731
0.187677
0.114695
0.196989
0.228927
0.228927
0.204602
0.145339
0.176773
0.187058
0.151078
0.10163
0.117149
0.215823
0.215823
0.215823
0.139629
0.163482
0.0701076
0.12644
0.157688
0.211401
0.140451
0.11836
0.149466
0.181315
0.125737
0.094255
0.148102
0.154486
0.183308
0.215823
0.215823
0.215823
0.136678
0.162875
0.0988292
0.109289
0.20374
0.215823
0.194835
0.194748
0.163481
0.137603
0.179919
0.0912216
0.150477
0.16087
0.213874
0.175819
0.128449
0.193644
0.190611
0.141622
0.151079
0.180262
0.19004
0.168335
0.190652
0.0414527
0.132937
0.213874
0.19813
0.126044
0.105845
0.213874
0.213874
0.174851
0.179879
0.209232
0.145853
0.196913
0.121446
0.133194
0.154702
0.151873
0.131106
0.175667
0.166217
0.150899
0.179845
0.206952
0.198554
0.180348
0.200638
0.206952
0.0442779
0.143166
0.206952
0.180336
0.156261
0.17225
0.139243
0.172955
0.206952
0.124535
0.14013
0.150754
0.117233
0.150917
0.172546
0.206952
0.179917
0.154443
0.168897
0.181082
0.136948
0.138971
0.109559
0.206952
0.206952
0.174243
0.145194
0.125879
0.203216
0.157901
0.0658223
0.212997
0.212997
0.112448
0.212997
0.212997
0.136542
0.175616
0.171477
0.110346
0.0735232
0.159211
0.165
0.177058
0.183975
0.157285
0.199319
0.105724
0.120146
0.141941
0.212997
0.212997
0.212997
0.212997
0.145457
0.212997
0.164619
0.0504806
0.036682
0.135223
0.173933
0.162898
0.142532
0.129334
0.190902
0.19843
0.12039
0.102174
0.158809
0.156257
0.193372
0.215124
0.164322
0.184413
0.123364
0.110817
0.0690154
0.122943
0.215124
0.137667
0.215124
0.215124
0.215124
0.161842
0.119835
0.0744116
0.161479
0.141583
0.202187
0.183799
0.14246
0.198078
0.203838
0.126838
0.191203
0.215124
0.150145
0.15767
0.215124
0.215124
0.14588
0.0740041
0.101012
0.101592
0.183131
0.145951
0.169485
0.226801
0.226801
0.226801
0.226801
0.155736
0.0856655
0.10923
0.0792031
0.137319
0.226801
0.115533
0.100334
0.0698459
0.0856353
0.171725
0.226801
0.123138
0.21646
0.226801
0.226801
0.213992
0.181224
0.226801
0.0590886
0.103621
0.0770987
0.194945
0.226801
0.164456
0.126387
0.104938
0.0713882
0.111025
0.106812
0.107452
0.146005
0.229396
0.222003
0.180488
0.101541
0.13088
0.0671508
0.145586
0.0902879
0.155509
0.229396
0.229396
0.13246
0.115526
0.173663
0.0861142
0.154768
0.128164
0.203932
0.229396
0.229396
0.204485
0.162785
0.0776306
0.0381825
0.152894
0.125713
0.229396
0.229396
0.229396
0.189957
0.16668
0.160633
0.0573202
0.12174
0.144948
0.148454
0.22177
0.22177
0.144671
0.109056
0.156124
0.0846135
0.133593
0.22177
0.22177
0.204983
0.180633
0.144055
0.124038
0.164103
0.0499541
0.209428
0.166463
0.171475
0.22177
0.210741
0.162972
0.153339
0.10798
0.0359968
0.103349
0.200847
0.201221
0.22177
0.198429
0.22177
0.149101
0.103096
0.116418
0.131377
0.22052
0.22052
0.18719
0.168728
0.181042
0.132791
0.178557
0.110618
0.118075
0.119731
0.144686
0.154549
0.178604
0.168528
0.154477
0.170501
0.066808
0.172983
0.22052
0.201493
0.22052
0.195432
0.22052
0.18589
0.106445
0.0656432
0.157793
0.165388
0.22052
0.22052
0.172565
0.13135
0.111974
0.0960195
0.142168
0.15175
0.184333
0.205316
0.203445
0.185719
0.190521
0.137584
0.147156
0.0992821
0.178575
0.205316
0.189845
0.198043
0.126242
0.200459
0.205316
0.0790555
0.0824534
0.205316
0.179241
0.205316
0.205316
0.184045
0.154114
0.129384
0.113751
0.0665509
0.123162
0.135337
0.162482
0.203844
0.182404
0.120177
0.204883
0.126186
0.130216
0.217854
0.217854
0.217854
0.217854
0.139535
0.217854
0.197122
0.0672541
0.0499826
0.143215
0.156839
0.187392
0.140163
0.137125
0.216709
0.187849
0.132585
0.0965991
0.171764
0.165581
0.209749
0.217854
0.217854
0.17096
0.184994
0.142142
0.0696473
0.105108
0.0896873
0.141737
0.217854
0.152151
0.125615
0.13413
0.157032
0.0999533
0.184326
0.126096
0.21351
0.197726
0.161357
0.217069
0.174583
0.132267
0.22438
0.22438
0.142055
0.20052
0.22438
0.22438
0.172991
0.0946015
0.12531
0.075635
0.121531
0.0867129
0.131693
0.22438
0.168004
0.145119
0.118141
0.144111
0.14642
0.141191
0.0916431
0.204607
0.205038
0.12041
0.189033
0.199842
0.120069
0.230479
0.230479
0.108437
0.211199
0.230479
0.230479
0.19942
0.181768
0.230479
0.0734904
0.112771
0.0759003
0.22064
0.230479
0.200275
0.14234
0.155269
0.0917555
0.076593
0.140195
0.170511
0.183497
0.230058
0.13124
0.130506
0.221749
0.144404
0.0467414
0.140506
0.154539
0.133762
0.142714
0.160059
0.108439
0.12603
0.0619669
0.112997
0.168073
0.12278
0.216296
0.216296
0.216296
0.198535
0.205718
0.124681
0.0487312
0.143113
0.126952
0.207796
0.216296
0.216296
0.170618
0.167312
0.172489
0.0664935
0.189506
0.192878
0.1876
0.192649
0.15244
0.13904
0.122817
0.10354
0.0714107
0.187071
0.156701
0.205558
0.137675
0.125227
0.183682
0.117925
0.190512
0.0662264
0.213309
0.182667
0.160048
0.216042
0.216042
0.145289
0.157624
0.134627
0.0419969
0.15381
0.189258
0.216042
0.216042
0.216042
0.211572
0.133819
0.111641
0.0751361
0.170801
0.122957
0.196421
0.164469
0.111746
0.198779
0.102733
0.205548
0.0502738
0.121438
0.200558
0.216042
0.199171
0.216042
0.131538
0.127069
0.113893
0.073213
0.218749
0.218749
0.218749
0.218749
0.218749
0.197581
0.165061
0.115312
0.0668819
0.14424
0.15063
0.218749
0.218749
0.198841
0.133641
0.122368
0.128125
0.0515252
0.131685
0.218749
0.218749
0.218749
0.218749
0.158274
0.113739
0.101641
0.0641586
0.1212
0.167188
0.158172
0.146109
0.0984817
0.146419
0.125591
0.208789
0.0873148
0.180481
0.157021
0.21429
0.21429
0.209605
0.162266
0.14993
0.146455
0.0760745
0.112322
0.161818
0.182149
0.21429
0.208562
0.124019
0.21429
0.135995
0.0802083
0.157103
0.21429
0.213231
0.18525
0.163493
0.180625
0.132939
0.201764
0.13844
0.193019
0.173279
0.140628
0.122166
0.21429
0.132983
0.122238
0.0887785
0.105467
0.176472
0.180529
0.215044
0.215044
0.215044
0.163418
0.198473
0.13863
0.0890943
0.1284
0.104117
0.159541
0.21059
0.153582
0.144164
0.140679
0.167816
0.162959
0.191891
0.180236
0.169134
0.166287
0.215044
0.179847
0.163164
0.0956477
0.0930116
0.136952
0.139239
0.119358
0.208674
0.215044
0.214648
0.182466
0.0838385
0.101357
0.167934
0.0921611
0.135223
0.214931
0.168539
0.166309
0.121023
0.150326
0.174469
0.159407
0.0977946
0.210619
0.214931
0.132098
0.188326
0.214931
0.151895
0.102111
0.138417
0.16219
0.142358
0.212829
0.214931
0.214931
0.161946
0.097969
0.116423
0.14657
0.214931
0.151734
0.17097
0.214931
0.121616
0.212716
0.166434
0.0919146
0.181633
0.184579
0.189409
0.218832
0.110849
0.153573
0.217595
0.147575
0.073468
0.143746
0.158605
0.150714
0.197167
0.177238
0.12872
0.158331
0.0774924
0.042806
0.0850824
0.10741
0.171407
0.218832
0.218832
0.218832
0.218832
0.218832
0.134892
0.218832
0.166034
0.218832
0.218832
0.138308
0.161212
0.101247
0.0982242
0.0929314
0.159104
0.156757
0.183825
0.217078
0.141747
0.111878
0.124206
0.117747
0.0754712
0.16742
0.163019
0.18688
0.148427
0.109893
0.144207
0.112632
0.177078
0.142659
0.204763
0.170496
0.217078
0.217078
0.151828
0.216993
0.129373
0.109899
0.07916
0.217078
0.217078
0.184274
0.17605
0.217078
0.217078
0.212757
0.122354
0.0896348
0.162108
0.142572
0.186448
0.189997
0.103515
0.157715
0.107336
0.214086
0.0455157
0.135353
0.174846
0.214086
0.20256
0.214086
0.104789
0.0800747
0.0958562
0.0777097
0.214086
0.214086
0.146624
0.214086
0.214086
0.214086
0.214086
0.171347
0.0923229
0.200616
0.176138
0.138557
0.191879
0.12774
0.186374
0.179894
0.142109
0.0613987
0.166736
0.224934
0.224934
0.224934
0.224934
0.161705
0.0975106
0.108956
0.0827925
0.127945
0.148869
0.163197
0.155227
0.120447
0.163566
0.168551
0.224934
0.123753
0.224934
0.224934
0.199506
0.224934
0.164939
0.159406
0.185815
0.162718
0.0829095
0.125188
0.183034
0.140621
0.153629
0.103176
0.116798
0.170856
0.169452
0.102656
0.157105
0.204964
0.204964
0.204964
0.158378
0.200653
0.182352
0.204964
0.137826
0.185373
0.204964
0.157453
0.156079
0.204964
0.130806
0.125368
0.0993073
0.093175
0.168297
0.204964
0.193185
0.152479
0.162336
0.140984
0.159975
0.149617
0.0703881
0.189223
0.195632
0.140033
0.0972487
0.204964
0.185307
0.167231
0.15071
0.144514
0.185663
0.211527
0.16662
0.187542
0.211527
0.160206
0.144882
0.0926904
0.105773
0.148372
0.14239
0.112601
0.199086
0.211527
0.2027
0.159343
0.0988845
0.0735798
0.178164
0.204334
0.185093
0.133806
0.211527
0.211527
0.181523
0.131515
0.0300184
0.0762204
0.129003
0.208632
0.211527
0.164502
0.184384
0.148164
0.211527
0.120488
0.155754
0.143776
0.132683
0.185638
0.218006
0.218006
0.138614
0.126505
0.148148
0.17928
0.218006
0.152568
0.192328
0.218006
0.116005
0.218006
0.18535
0.0341118
0.0652897
0.149343
0.218006
0.218006
0.166442
0.204008
0.128723
0.198151
0.0511462
0.048593
0.115637
0.196248
0.206228
0.218006
0.114242
0.17965
0.115253
0.0630317
0.0921325
0.122407
0.181819
0.195753
0.217578
0.217578
0.217578
0.217578
0.170117
0.192368
0.160698
0.217578
0.199959
0.138643
0.15004
0.127805
0.115538
0.0463435
0.0577241
0.0451968
0.128968
0.217578
0.217578
0.172617
0.138684
0.132201
0.0772385
0.193723
0.217578
0.195824
0.212658
0.199726
0.163765
0.165353
0.0866483
0.177718
0.168628
0.150271
0.206651
0.206651
0.140023
0.164626
0.119141
0.118798
0.0728399
0.184786
0.206651
0.147166
0.176429
0.192022
0.206651
0.184414
0.119433
0.0763956
0.179306
0.206651
0.203538
0.177549
0.203233
0.206651
0.149251
0.126725
0.0271098
0.11152
0.141956
0.206651
0.206651
0.122426
0.166096
0.166591
0.170695
0.0878957
0.211859
0.211859
0.139648
0.211859
0.211859
0.211859
0.211859
0.17914
0.0739852
0.174211
0.182519
0.149933
0.20281
0.127042
0.138801
0.148866
0.147988
0.0385199
0.126486
0.145541
0.211859
0.211859
0.152372
0.211859
0.211859
0.211859
0.0733676
0.090724
0.125484
0.187666
0.181526
0.0535766
0.16441
0.197112
0.0810879
0.10559
0.217365
0.217365
0.210815
0.217365
0.188552
0.139764
0.174963
0.147496
0.0983522
0.145663
0.150272
0.124406
0.158514
0.0895311
0.104142
0.190528
0.189991
0.110818
0.136424
0.171492
0.217365
0.217365
0.0883184
0.184573
0.217365
0.091181
0.0855534
0.209138
0.217365
0.164527
0.183918
0.0625211
0.170238
0.217365
0.135328
0.11552
0.197026
0.198791
0.184134
0.193178
0.15252
0.143303
0.201137
0.170497
0.0632153
0.19907
0.208208
0.15132
0.111849
0.168146
0.194176
0.174458
0.122182
0.123965
0.215319
0.215319
0.166596
0.215319
0.0960275
0.181054
0.215319
0.15497
0.0768636
0.16189
0.130781
0.0647056
0.0960166
0.109625
0.215319
0.215319
0.167601
0.0654711
0.209639
0.215739
0.206406
0.140946
0.191301
0.215739
0.19578
0.121719
0.0251907
0.0754102
0.111576
0.20607
0.215739
0.209755
0.205006
0.163279
0.17933
0.0921922
0.210556
0.149498
0.100899
0.129072
0.111326
0.215739
0.215739
0.153308
0.103161
0.0793542
0.114504
0.186423
0.206453
0.152923
0.131223
0.213098
0.171453
0.0389805
0.0686559
0.12524
0.216914
0.216914
0.216914
0.216914
0.155111
0.189084
0.0897993
0.0781549
0.108323
0.216914
0.216914
0.216914
0.136617
0.216914
0.138206
0.116155
0.110326
0.148918
0.216914
0.216914
0.149968
0.125176
0.180657
0.14042
0.0707184
0.108553
0.112782
0.216914
0.210551
0.216914
0.191879
0.191944
0.0642516
0.0575162
0.0505469
0.0633704
0.166356
0.215469
0.215469
0.143277
0.135308
0.14294
0.102176
0.147732
0.208762
0.161436
0.17982
0.215469
0.159529
0.172174
0.0872082
0.207098
0.121873
0.116371
0.168241
0.215469
0.199672
0.206048
0.204339
0.215469
0.116772
0.145862
0.138226
0.0998903
0.215469
0.201641
0.170866
0.175927
0.198008
0.119757
0.156586
0.202325
0.186018
0.193874
0.217384
0.217384
0.149495
0.126564
0.0490763
0.117603
0.134912
0.185868
0.217384
0.144598
0.148241
0.140981
0.150661
0.11294
0.114174
0.134221
0.105704
0.217384
0.217384
0.179724
0.197316
0.217384
0.143317
0.142248
0.086533
0.115862
0.140142
0.185979
0.217384
0.189576
0.215271
0.0575541
0.137864
0.140658
0.213012
0.213012
0.190492
0.213012
0.17474
0.202363
0.0622328
0.0899881
0.161929
0.205475
0.200285
0.0762821
0.126433
0.201895
0.0950745
0.167472
0.126428
0.135784
0.167879
0.19817
0.205172
0.213012
0.213012
0.213012
0.0707539
0.122774
0.208585
0.140353
0.134318
0.107735
0.213012
0.205043
0.115674
0.0769118
0.130107
0.194122
0.216795
0.216795
0.126887
0.162583
0.216795
0.084054
0.0848786
0.209811
0.210415
0.153407
0.213408
0.0685652
0.124207
0.185501
0.130315
0.101638
0.131671
0.216795
0.216795
0.216795
0.121057
0.212402
0.216795
0.112842
0.0583272
0.146659
0.139919
0.216795
0.216795
0.135974
0.207788
0.131549
0.0845411
0.119641
0.22374
0.208371
0.175069
0.22374
0.115061
0.155974
0.22374
0.157155
0.0804619
0.147851
0.128028
0.0818858
0.110588
0.108488
0.22374
0.22374
0.161305
0.105449
0.166081
0.223256
0.22374
0.22374
0.160192
0.214338
0.170197
0.0959117
0.102103
0.128388
0.12161
0.154992
0.140594
0.17826
0.187444
0.161771
0.143547
0.0912963
0.190687
0.16086
0.121833
0.144201
0.121124
0.218317
0.218317
0.172905
0.0886172
0.0855006
0.0995296
0.199084
0.207881
0.194845
0.203223
0.218317
0.137206
0.139239
0.152287
0.175688
0.202215
0.169915
0.202844
0.190827
0.207624
0.160961
0.0266655
0.0755534
0.174511
0.164688
0.107114
0.0998263
0.218317
0.218317
0.172294
0.0954338
0.114796
0.127114
0.213904
0.213904
0.182145
0.174384
0.213904
0.108663
0.0973897
0.128246
0.125376
0.205956
0.213904
0.213904
0.210879
0.213904
0.0871112
0.0516848
0.0914058
0.165721
0.187225
0.15964
0.135389
0.213904
0.213904
0.176138
0.119511
0.0878486
0.203447
0.18125
0.116923
0.183177
0.213904
0.134516
0.16822
0.175871
0.120123
0.127705
0.19798
0.221907
0.221907
0.190262
0.195254
0.221907
0.118245
0.128736
0.122351
0.0953791
0.221907
0.221907
0.179605
0.194759
0.21751
0.121572
0.0789568
0.0498731
0.0996818
0.220577
0.133629
0.123929
0.155104
0.220704
0.0847632
0.094066
0.0703505
0.0670884
0.129529
0.168557
0.221907
0.221907
0.221907
0.108262
0.101041
0.113075
0.09454
0.222889
0.222889
0.177146
0.194991
0.222889
0.146946
0.145673
0.0912171
0.108059
0.147504
0.182394
0.222889
0.179063
0.194587
0.107946
0.105458
0.10214
0.0741652
0.127038
0.174136
0.222889
0.222889
0.222889
0.119528
0.222889
0.158769
0.139758
0.0867587
0.129088
0.208008
0.222141
0.201847
0.153803
0.134882
0.130107
0.147135
0.213043
0.202936
0.213043
0.191534
0.213043
0.0706533
0.121532
0.179222
0.132153
0.142233
0.108282
0.212176
0.178882
0.0896186
0.163704
0.213043
0.200234
0.174007
0.147673
0.192944
0.213043
0.213043
0.213043
0.0703358
0.153893
0.156302
0.112147
0.201275
0.120756
0.0914025
0.167763
0.155591
0.0895745
0.138714
0.216568
0.204271
0.216568
0.119225
0.197836
0.202901
0.091285
0.0636489
0.151663
0.143232
0.216568
0.216568
0.113617
0.17182
0.129895
0.0740737
0.0804097
0.196554
0.190074
0.206712
0.216568
0.195109
0.106484
0.216568
0.211798
0.0595626
0.216568
0.147737
0.148136
0.216568
0.112027
0.112129
0.182311
0.129153
0.102275
0.164038
0.21938
0.21938
0.21938
0.129086
0.173003
0.174613
0.0934713
0.0825296
0.102401
0.129569
0.166163
0.157233
0.157271
0.141287
0.124009
0.134781
0.0748981
0.21938
0.21938
0.21938
0.21938
0.157034
0.15891
0.204365
0.146129
0.0318325
0.135039
0.144357
0.196092
0.21938
0.21938
0.176142
0.193892
0.114919
0.100651
0.102728
0.175178
0.190599
0.148691
0.179077
0.155483
0.167659
0.155179
0.0267808
0.0751486
0.108707
0.126137
0.0942671
0.119812
0.220227
0.220227
0.138369
0.0568776
0.162403
0.220227
0.220227
0.220227
0.220227
0.220227
0.181964
0.125499
0.132384
0.209835
0.156234
0.136297
0.220227
0.157757
0.220227
0.220227
0.11127
0.0349018
0.0834423
0.10851
0.151951
0.12912
0.155701
0.221132
0.221132
0.144775
0.0753922
0.0790685
0.201112
0.173631
0.127877
0.175446
0.221132
0.16362
0.143723
0.143353
0.169004
0.150957
0.150972
0.221132
0.167585
0.221132
0.221132
0.144868
0.123128
0.221132
0.221132
0.191173
0.131683
0.180161
0.159367
0.17621
0.15836
0.124727
0.0999877
0.0548899
0.113188
0.218115
0.145971
0.123421
0.174157
0.222755
0.147499
0.148591
0.0840477
0.0814338
0.102932
0.173694
0.222755
0.222755
0.222755
0.12108
0.124456
0.0969162
0.0500928
0.222755
0.214421
0.117796
0.170849
0.222755
0.120419
0.204392
0.153821
0.0525488
0.222755
0.189453
0.222755
0.222755
0.222755
0.121043
0.119495
0.0884983
0.0684564
0.0909172
0.157036
0.217266
0.217266
0.217266
0.108842
0.208707
0.151128
0.110816
0.129003
0.117929
0.199255
0.217266
0.186303
0.0669033
0.132421
0.113211
0.0599555
0.217266
0.196153
0.217266
0.217266
0.162179
0.099367
0.217266
0.217266
0.123001
0.217266
0.119464
0.196366
0.17278
0.217266
0.134904
0.220634
0.178596
0.141532
0.186545
0.172992
0.209904
0.220634
0.220634
0.0720594
0.120375
0.128074
0.107153
0.170453
0.129344
0.117313
0.106011
0.11794
0.116388
0.220634
0.220634
0.153169
0.220634
0.167422
0.220634
0.220634
0.220634
0.0705668
0.0942403
0.165064
0.181615
0.177063
0.0766614
0.101701
0.220634
0.123824
0.0927782
0.179708
0.166441
0.199686
0.221889
0.207616
0.154223
0.206649
0.179157
0.0717353
0.221889
0.145234
0.154738
0.221889
0.121825
0.118412
0.173557
0.118465
0.136204
0.131367
0.212656
0.212199
0.20841
0.144894
0.201526
0.221889
0.204067
0.0533429
0.106336
0.12417
0.087933
0.204982
0.17219
0.122163
0.163167
0.0801719
0.090263
0.214907
0.210981
0.214907
0.214907
0.148788
0.147782
0.210636
0.147053
0.0717418
0.131277
0.13682
0.168248
0.214907
0.209863
0.139681
0.164508
0.1225
0.0946225
0.172851
0.174415
0.114995
0.214907
0.214907
0.169498
0.168109
0.0857444
0.126594
0.17954
0.155095
0.214907
0.20976
0.214907
0.10779
0.108327
0.0798355
0.085548
0.154199
0.204672
0.19725
0.216636
0.216636
0.197798
0.185978
0.157211
0.127491
0.194093
0.144019
0.130717
0.214142
0.163458
0.216636
0.216636
0.0891282
0.158616
0.216636
0.17681
0.216636
0.216636
0.216636
0.146343
0.117842
0.104024
0.0899156
0.0832689
0.141608
0.138325
0.166781
0.110016
0.103911
0.122656
0.139442
0.118421
0.155559
0.132204
0.146145
0.200878
0.166272
0.216553
0.216553
0.122765
0.0954992
0.216553
0.216553
0.19952
0.120823
0.156686
0.18302
0.216553
0.158905
0.0932102
0.0854552
0.125006
0.128992
0.18578
0.12943
0.14206
0.148204
0.158763
0.0743006
0.111431
0.127809
0.211628
0.189311
0.216553
0.216553
0.216553
0.190038
0.13591
0.126511
0.0828514
0.0669534
0.229316
0.229316
0.137513
0.189784
0.229316
0.190678
0.229316
0.132557
0.0872493
0.229316
0.193079
0.229316
0.229316
0.229316
0.229316
0.146534
0.049976
0.102774
0.229316
0.140764
0.167288
0.108896
0.229316
0.0787715
0.0764957
0.0788484
0.130269
0.229316
0.0673032
0.0763032
0.104465
0.136731
0.103804
0.16815
0.10653
0.079183
0.22334
0.222934
0.22334
0.22334
0.216526
0.118885
0.22334
0.22334
0.131583
0.22334
0.206811
0.221114
0.22334
0.22334
0.048761
0.0674201
0.0740474
0.106014
0.186271
0.110299
0.0907873
0.102194
0.101616
0.0876156
0.13397
0.0873382
0.0652005
0.193948
0.219777
0.0925873
0.207845
0.22334
0.0972411
0.22081
0.22081
0.121722
0.22081
0.209434
0.22081
0.22081
0.22081
0.0635682
0.0909079
0.144678
0.140768
0.163906
0.112999
0.142201
0.22081
0.0967319
0.0921013
0.125903
0.0922301
0.0606932
0.170876
0.218334
0.137172
0.217229
0.22081
0.0977482
0.106555
0.11886
0.0821878
0.205386
0.108083
0.216743
0.22081
0.22081
0.122951
0.121833
0.173829
0.177053
0.201651
0.186588
0.248329
0.248329
0.161831
0.0801871
0.127966
0.104924
0.0820762
0.171181
0.16663
0.111084
0.138338
0.0822766
0.154455
0.13022
0.198455
0.127145
0.248329
0.158329
0.248329
0.248329
0.248329
0.0538155
0.145898
0.207559
0.128257
0.201443
0.116029
0.102797
0.131463
0.117905
0.11994
0.195625
0.14786
0.11637
0.209483
0.209483
0.14886
0.158543
0.110947
0.193682
0.199823
0.15812
0.209483
0.19324
0.194045
0.110808
0.0938042
0.0926606
0.0427434
0.145929
0.209483
0.155058
0.209483
0.172233
0.178015
0.167554
0.137023
0.160224
0.209186
0.209483
0.205507
0.201608
0.114071
0.113818
0.127468
0.179
0.177124
0.206616
0.14332
0.195905
0.209189
0.193896
0.136378
0.108777
0.121063
0.11615
0.096421
0.110432
0.167288
0.109214
0.0659342
0.0953792
0.13535
0.120745
0.146442
0.209189
0.209189
0.209189
0.204271
0.161761
0.202065
0.198506
0.119433
0.209189
0.209189
0.138151
0.209189
0.189664
0.0961808
0.194166
0.209189
0.164822
0.10001
0.0940222
0.109436
0.141708
0.122915
0.0849933
0.132647
0.16911
0.143688
0.077249
0.124572
0.113933
0.141678
0.147873
0.167385
0.220772
0.220772
0.182548
0.202362
0.206711
0.147012
0.220772
0.220772
0.162173
0.220772
0.220772
0.142271
0.10326
0.100008
0.083922
0.220772
0.220772
0.220772
0.220772
0.220772
0.0806226
0.267187
0.204205
0.0440778
0.147687
0.267187
0.202538
0.209888
0.143349
0.267187
0.132537
0.10458
0.0792577
0.197202
0.267187
0.081775
0.097798
0.170566
0.190984
0.0365626
0.0180799
0.0380687
0.161359
0.267187
0.202841
0.158438
0.119945
0.107322
0.116671
0.120315
0.0341742
0.20492
0.267187
0.0795269
0.108754
0.150773
0.107993
0.0733525
0.08441
0.081436
0.12629
0.228763
0.136898
0.110654
0.172169
0.16719
0.12476
0.209327
0.121842
0.125995
0.238648
0.238648
0.107696
0.238648
0.238648
0.0852233
0.0837512
0.0313503
0.110174
0.238648
0.101466
0.15592
0.190027
0.130208
0.0464163
0.0549724
0.0326329
0.216324
0.238648
0.238648
0.238648
0.238648
0.204004
0.0993905
0.144587
0.0949995
0.0693429
0.187191
0.22719
0.134209
0.22719
0.22719
0.102437
0.110269
0.0886056
0.070727
0.22719
0.132345
0.22719
0.22719
0.22719
0.037377
0.0297327
0.0357128
0.109381
0.175444
0.22719
0.22719
0.22719
0.184505
0.0647786
0.0442522
0.0356962
0.110065
0.22719
0.22719
0.22719
0.220429
0.17273
0.14213
0.107902
0.11231
0.102114
0.237903
0.16957
0.237903
0.237903
0.237903
0.0928943
0.165664
0.127045
0.105769
0.179501
0.0823575
0.0907761
0.134924
0.121962
0.101182
0.0647693
0.0683093
0.163762
0.237903
0.237903
0.237903
0.237903
0.219707
0.109042
0.225204
0.203432
0.169631
0.187466
0.120723
0.140621
0.122036
0.0922742
0.0942579
0.163128
0.178483
0.154651
0.208598
0.130697
0.134817
0.165442
0.154497
0.161321
0.21416
0.21416
0.178735
0.176734
0.111457
0.125967
0.0962232
0.17383
0.159013
0.21416
0.21416
0.21416
0.21416
0.170113
0.161805
0.178832
0.111102
0.0635024
0.123246
0.120981
0.166665
0.21416
0.206917
0.184871
0.16238
0.104757
0.144856
0.214846
0.214846
0.182829
0.176494
0.150045
0.195388
0.157453
0.139847
0.214846
0.214846
0.127357
0.214846
0.157758
0.0879596
0.210511
0.214846
0.175668
0.0675168
0.127787
0.116174
0.175392
0.214846
0.214846
0.193753
0.191809
0.0847809
0.0615216
0.123473
0.0986816
0.122643
0.190526
0.169727
0.16838
0.109481
0.142101
0.194066
0.213287
0.157542
0.216822
0.190742
0.130678
0.216822
0.216822
0.160929
0.09871
0.116532
0.0927023
0.216822
0.216822
0.187697
0.216822
0.216822
0.104667
0.0663386
0.127602
0.11548
0.146664
0.216822
0.191201
0.178343
0.134938
0.113224
0.0777777
0.102809
0.107058
0.14971
0.194278
0.156221
0.168277
0.173305
0.180439
0.0330601
0.0193249
0.0309431
0.148052
0.243426
0.162095
0.109378
0.0872149
0.0867768
0.109675
0.100025
0.02442
0.19587
0.243426
0.0795839
0.10983
0.128282
0.117174
0.162652
0.213932
0.176397
0.228521
0.243426
0.175937
0.14176
0.239517
0.243426
0.102468
0.156717
0.0677478
0.223658
0.243426
0.124927
0.19884
0.243426
0.219939
0.0644833
0.0511099
0.0204231
0.0894151
0.236617
0.100283
0.123403
0.156611
0.117337
0.0482303
0.0461672
0.0324159
0.205735
0.236617
0.236617
0.22345
0.236617
0.154524
0.0653723
0.0802249
0.060035
0.14618
0.236617
0.14452
0.17803
0.219216
0.190115
0.0362621
0.0558177
0.201919
0.236617
0.162704
0.227094
0.236617
0.236617
0.236617
0.0438308
0.0283377
0.0328715
0.12521
0.180162
0.226148
0.214579
0.226148
0.180472
0.0773957
0.0494402
0.0524063
0.136657
0.226148
0.173786
0.22487
0.200135
0.175724
0.0351897
0.0444116
0.169315
0.226148
0.188354
0.226148
0.226148
0.226148
0.226148
0.107892
0.0796853
0.123692
0.178279
0.226148
0.210376
0.135691
0.145604
0.106308
0.132441
0.0736659
0.0760047
0.17668
0.225432
0.225432
0.225432
0.225432
0.225432
0.122015
0.209382
0.175236
0.177343
0.22447
0.131301
0.155391
0.144675
0.135602
0.154234
0.105048
0.136002
0.197518
0.225432
0.225432
0.143982
0.151098
0.133163
0.0847718
0.141825
0.141932
0.154794
0.19962
0.177648
0.0962333
0.111486
0.119138
0.166916
0.21028
0.20383
0.21028
0.21028
0.172249
0.134919
0.194863
0.175969
0.0600537
0.132617
0.122056
0.144747
0.21028
0.194276
0.164891
0.122841
0.139792
0.0986896
0.173447
0.164987
0.180669
0.21028
0.165103
0.0833979
0.184157
0.18334
0.0905531
0.160973
0.174797
0.148258
0.21028
0.21028
0.12599
0.193003
0.0803428
0.0684617
0.148718
0.147433
0.170616
0.214331
0.214331
0.186854
0.168289
0.130256
0.0753791
0.141843
0.127156
0.121443
0.170335
0.182542
0.196432
0.11957
0.153076
0.0703079
0.181068
0.214331
0.214331
0.214331
0.214331
0.152297
0.214331
0.068564
0.0534308
0.111613
0.164436
0.214331
0.203306
0.193388
0.194071
0.214331
0.0946856
0.0746751
0.144853
0.150792
0.152199
0.192416
0.174888
0.192733
0.124895
0.131281
0.0834808
0.106154
0.121516
0.167784
0.166725
0.178766
0.214063
0.169881
0.203055
0.0405175
0.0982954
0.216989
0.216989
0.216989
0.162843
0.195722
0.216989
0.101027
0.0474762
0.0858726
0.167473
0.216989
0.216989
0.216989
0.212608
0.192845
0.130897
