0.114825
0.0575842
0.0788501
0.157943
0.264621
0.161362
0.264621
0.264621
0.264621
0.0221668
0.0647611
0.0824986
0.264621
0.264621
0.14631
0.0927714
0.0866861
0.0126756
0.264621
0.209685
0.122354
0.118322
0.169065
0.079671
0.0820695
0.264621
0.264621
0.0367012
0.0558138
0.0610263
0.222841
0.264621
0.0567475
0.0155944
0.0236572
0.0200876
0.0111143
0.0732711
0.0847985
0.308978
0.308978
0.254946
0.0891389
0.0462691
0.00995937
0.16537
0.266741
0.204962
0.308978
0.308978
0.237604
0.0314611
0.0526404
0.0338721
0.0201472
0.0483672
0.066393
0.291033
0.308978
0.0610839
0.0157493
0.0283291
0.0385055
0.0134348
0.00411266
0.0311495
0.0989354
0.181989
0.0371828
0.0555423
0.198824
0.216178
0.122425
0.189902
0.174468
0.285021
0.285021
0.285021
0.0958708
0.104849
0.0470254
0.0450969
0.0668129
0.0547098
0.141248
0.285021
0.226472
0.285021
0.248855
0.100644
0.0102844
0.00486507
0.0435399
0.125209
0.227587
0.0562775
0.0753504
0.221706
0.187739
0.0253793
0.0207524
0.0442273
0.13331
0.175991
0.108695
0.188476
0.2393
0.134241
0.0522939
0.0542874
0.0349051
0.111933
0.243683
0.243683
0.243683
0.243683
0.133005
0.19712
0.243683
0.182747
0.243683
0.243683
0.0599515
0.103211
0.0796298
0.118448
0.0592931
0.0955523
0.0483761
0.156417
0.220885
0.128511
0.205598
0.243683
0.127752
0.186265
0.243683
0.0818029
0.188536
0.243683
0.0226929
0.0872354
0.0495137
0.106468
0.272523
0.272523
0.272523
0.272523
0.272523
0.0734641
0.122684
0.104408
0.134033
0.0209201
0.0942633
0.272523
0.130188
0.0935993
0.0445402
0.100045
0.264371
0.0783152
0.272523
0.272523
0.127596
0.272523
0.272523
0.0260353
0.0904301
0.0606081
0.115447
0.0325988
0.0914088
0.0832804
0.0681586
0.0686927
0.0578295
0.0822493
0.0602674
0.0578786
0.0455241
0.2219
0.257654
0.257654
0.164904
0.122519
0.192906
0.257654
0.180654
0.0493572
0.148311
0.207725
0.257654
0.257654
0.110459
0.116817
0.177324
0.144323
0.0441975
0.179563
0.219377
0.177741
0.155098
0.115782
0.138414
0.128542
0.085732
0.0638562
0.190296
0.197997
0.244423
0.147751
0.041038
0.0370953
0.018923
0.0106369
0.0704506
0.214272
0.205568
0.269024
0.269024
0.125892
0.150465
0.161558
0.210252
0.0881092
0.116662
0.097683
0.269024
0.269024
0.185168
0.0378142
0.0328322
0.0133319
0.0676956
0.223429
0.261888
0.269024
0.167055
0.0568688
0.0513618
0.0239397
0.00495559
0.0256025
0.0391575
0.0848384
0.269024
0.269024
0.224048
0.0701045
0.0400081
0.00146479
0.248106
0.20623
0.210195
0.133503
0.201601
0.113091
0.0873171
0.248106
0.248106
0.0367514
0.067554
0.0897527
0.248106
0.248106
0.0742032
0.0297952
0.0425573
0.0261475
0.132121
0.215553
0.248106
0.248106
0.243868
0.099767
0.124776
0.19014
0.248106
0.0288134
0.079409
0.0624513
0.239267
0.248106
0.0557087
0.0189757
0.00850881
0.0255599
0.0187887
0.0736084
0.134397
0.302316
0.302316
0.0928457
0.0391312
0.0687082
0.0656525
0.0243856
0.00252719
0.0443684
0.163186
0.253214
0.0734007
0.0922669
0.302316
0.302316
0.0683123
0.192955
0.0554295
0.302316
0.302316
0.0820714
0.0223713
0.00807528
0.0169627
0.114504
0.0168403
0.0234229
0.105634
0.250906
0.040017
0.0586191
0.253673
0.302316
0.0195375
0.00517347
0.0760027
0.232555
0.273064
0.0854933
0.098467
0.273064
0.273064
0.0364769
0.0255534
0.0766768
0.189586
0.186636
0.152552
0.273064
0.273064
0.194791
0.113859
0.0348069
0.0340758
0.122102
0.273064
0.0511426
0.0690908
0.266467
0.273064
0.118907
0.0410358
0.0108785
0.0747128
0.180884
0.0546832
0.124342
0.138304
0.245901
0.0958898
0.142612
0.0735856
0.17734
0.203947
0.135757
0.237589
0.237589
0.141203
0.237589
0.237589
0.123844
0.187216
0.237589
0.0443944
0.13841
0.0824267
0.148354
0.221309
0.0910265
0.0198113
0.108063
0.237589
0.0489012
0.115942
0.120678
0.219559
0.237589
0.158851
0.0469246
0.133491
0.237589
0.0350344
0.0680909
0.215005
0.237589
0.284428
0.284428
0.172189
0.264366
0.284428
0.0424031
0.122432
0.0883367
0.149164
0.0589419
0.103572
0.0711744
0.0671053
0.0827221
0.0742323
0.0941679
0.0643685
0.0637137
0.284428
0.257795
0.0659417
0.243247
0.284428
0.0469993
0.0732673
0.23505
0.284428
0.125524
0.0779791
0.0419753
0.0956804
0.284428
0.0463128
0.053551
0.040728
0.0436478
0.133609
0.237657
0.237657
0.22684
0.221793
0.178959
0.194667
0.174655
0.117212
0.12513
0.237657
0.237657
0.237657
0.200351
0.0680328
0.0676438
0.0186287
0.0113177
0.213035
0.153372
0.129355
0.22712
0.237657
0.171869
0.162124
0.0787506
0.0479457
0.0998892
0.139827
0.161837
0.174482
0.237657
0.099147
0.0896249
0.0292706
0.00780074
0.120566
0.284965
0.284965
0.284965
0.219413
0.081377
0.0742791
0.0119898
0.000219588
0.0640348
0.0657543
0.095259
0.284965
0.284965
0.237507
0.0819812
0.0629904
0.00339944
0.0485108
0.153096
0.19737
0.199805
0.203226
0.118841
0.0947527
0.0289854
0.00482713
0.0515453
0.15136
0.24719
0.284965
0.284965
0.114142
0.0325205
0.0342314
0.0115111
0.164397
0.245692
0.265115
0.265115
0.265115
0.140167
0.122188
0.171286
0.265115
0.0320584
0.0741563
0.0746748
0.263414
0.265115
0.060655
0.0277587
0.0104655
0.0175501
0.214429
0.232361
0.209575
0.265115
0.265115
0.119361
0.100561
0.0793865
0.108307
0.019838
0.0579865
0.0428494
0.114614
0.253653
0.019553
0.0213725
0.0084655
0.00834794
0.0594292
0.141522
0.0660655
0.334011
0.334011
0.0795648
0.0346287
0.0123673
0.0171509
0.122401
0.0168317
0.0377628
0.125706
0.334011
0.0603123
0.0841302
0.334011
0.334011
0.0444697
0.114807
0.0534858
0.159053
0.334011
0.0259929
0.0255188
0.00991177
0.0297574
0.199778
0.032812
0.110735
0.0697723
0.141963
0.0291938
0.0875124
0.0868027
0.334011
0.121381
0.0339985
0.047422
0.154498
0.325238
0.0707729
0.0916388
0.325238
0.325238
0.158738
0.0470628
0.0175067
0.0759231
0.22504
0.0695331
0.155196
0.171693
0.280444
0.222397
0.0321243
0.079876
0.0700926
0.16658
0.0739202
0.101433
0.106826
0.325238
0.104817
0.0544708
0.212913
0.0724857
0.076981
0.108061
0.147904
0.177149
0.21953
0.240673
0.122151
0.0302065
0.109793
0.240673
0.0594105
0.13475
0.134089
0.228493
0.240673
0.236853
0.0723144
0.131931
0.240673
0.0423309
0.0797287
0.240673
0.240673
0.161041
0.0628754
0.106344
0.131444
0.240673
0.127319
0.142322
0.167414
0.203553
0.199202
0.078303
0.0658784
0.1745
0.240673
0.00947155
0.0827535
0.168173
0.223024
0.276501
0.276501
0.0835781
0.204904
0.276501
0.0430641
0.068278
0.241802
0.276501
0.160127
0.0994877
0.0265396
0.0788393
0.255059
0.0440912
0.0478682
0.0396433
0.0408967
0.276501
0.107854
0.0311061
0.266273
0.276501
0.0150439
0.0820286
0.168566
0.210573
0.256472
0.114429
0.0425642
0.0955456
0.235091
0.0301796
0.0378286
0.0341805
0.0230881
0.263307
0.218258
0.0932391
0.211774
0.263307
0.178889
0.158236
0.0928803
0.0704598
0.137074
0.171389
0.185865
0.204253
0.263307
0.119974
0.0966517
0.025704
0.0116714
0.263307
0.263307
0.146461
0.263307
0.263307
0.127861
0.135075
0.117703
0.053019
0.166053
0.128064
0.0629115
0.115187
0.214813
0.0707072
0.0504484
0.0410267
0.0680608
0.0829145
0.203035
0.253567
0.28782
0.322135
0.174412
0.12243
0.0314338
0.0136808
0.0727971
0.202169
0.2793
0.323291
0.323291
0.150207
0.0389104
0.0531451
0.023004
0.0665374
0.106421
0.08587
0.130145
0.171811
0.11049
0.08289
0.0576604
0.0610502
0.0508486
0.111848
0.107632
0.196449
0.323291
0.118734
0.100268
0.0454269
0.0452526
0.285948
0.285948
0.264455
0.285948
0.285948
0.180825
0.123765
0.0930187
0.158136
0.0272476
0.0688597
0.0556229
0.135008
0.285948
0.0259703
0.0369101
0.0133725
0.00113879
0.117148
0.285948
0.226513
0.285948
0.285948
0.0429458
0.0312218
0.031792
0.0484857
0.00763692
0.0172219
0.0438351
0.118561
0.274573
0.0479127
0.00237322
0.000937719
0.000158631
0.0491927
0.0876228
0.0620616
0.189279
0.34748
0.0232971
0.0444991
0.0189457
0.0358272
0.246396
0.0275837
0.0924858
0.083065
0.228597
0.0461907
0.0979607
0.135683
0.34748
0.0253324
0.0275469
0.0744433
0.184673
0.34748
0.0647021
0.00464169
0.0156767
0.0707974
0.305878
0.0223457
0.051015
0.0670425
0.184419
0.128309
0.191247
0.255045
0.34748
0.218961
0.0223262
0.0534824
0.0731713
0.21352
0.0596211
0.0991409
0.128112
0.3203
0.135966
0.0706224
0.143686
0.04889
0.110017
0.115933
0.13735
0.148003
0.207397
0.283578
0.0197666
0.0343087
0.0893047
0.207373
0.110859
0.153346
0.196499
0.3203
0.103555
0.0855283
0.0848541
0.201916
0.309073
0.199633
0.245584
0.193833
0.0167987
0.176127
0.0844517
0.0770912
0.131463
0.26808
0.118604
0.147645
0.149403
0.209723
0.205258
0.0891103
0.0478159
0.187583
0.26808
0.0248345
0.0863473
0.172367
0.235093
0.111491
0.0781629
0.0464518
0.26808
0.26808
0.180128
0.203434
0.129873
0.0322569
0.140878
0.0613975
0.0251211
0.265001
0.26808
0.0292177
0.0700618
0.10945
0.26808
0.275508
0.126872
0.0237291
0.294683
0.299677
0.0196841
0.0751652
0.170517
0.235478
0.266019
0.14001
0.0404177
0.0948669
0.237789
0.0261288
0.0336469
0.0368519
0.0271474
0.171922
0.0731396
0.022125
0.299677
0.299677
0.0234562
0.0435078
0.0928543
0.299677
0.188748
0.125913
0.0495567
0.112385
0.299677
0.0350344
0.0261347
0.0399559
0.0549063
0.288709
0.288709
0.133925
0.244349
0.288709
0.0935853
0.0965501
0.116566
0.0740507
0.171675
0.132454
0.0576343
0.117814
0.196433
0.0755194
0.0484487
0.0370668
0.0740395
0.288709
0.288709
0.188215
0.280506
0.288709
0.151508
0.0833042
0.12358
0.137333
0.0698659
0.093177
0.103108
0.0792169
0.203601
0.0828626
0.0642675
0.0422817
0.0673505
0.123688
0.144587
0.102271
0.174669
0.230809
0.152564
0.106484
0.0690539
0.103647
0.142003
0.154626
0.131343
0.266595
0.266595
0.175502
0.130093
0.0654442
0.107141
0.0793086
0.12797
0.191182
0.147946
0.239742
0.183915
0.120881
0.0716916
0.0922178
0.236747
0.266595
0.266595
0.266595
0.266595
0.0620859
0.0374019
0.0168086
0.077011
0.1317
0.258303
0.228247
0.258303
0.258303
0.113418
0.0482283
0.0302269
0.0906785
0.00816272
0.0185599
0.0456213
0.139348
0.258303
0.0507584
0.00119429
0.00111055
0.000718611
0.168693
0.258303
0.231967
0.258303
0.258303
0.258303
0.235013
0.143002
0.179841
0.0687965
0.157423
0.12764
0.194318
0.258303
0.0791261
0.0261075
0.0214255
0.00155885
0.020425
0.0256903
0.0739981
0.19941
0.281557
0.0607037
0.0044579
0.0228068
0.0537886
0.2036
0.016696
0.0267157
0.0758414
0.199794
0.149443
0.157351
0.269684
0.281557
0.0544633
0.171282
0.200725
0.281557
0.281557
0.0913804
0.0485691
0.0376755
0.0126938
0.0742652
0.0327283
0.0429306
0.167943
0.251956
0.281557
0.217633
0.174982
0.281557
0.126469
0.0105824
0.0186667
0.0590802
0.137184
0.0725492
0.0909064
0.151456
0.302397
0.0554838
0.0592939
0.0613645
0.0807284
0.177178
0.145495
0.137103
0.101723
0.0235701
0.035876
0.0177413
0.0444782
0.102034
0.211072
0.159949
0.161636
0.260886
0.302397
0.204841
0.188995
0.237719
0.302397
0.302397
0.142997
0.162982
0.219035
0.228834
0.0725277
0.0645007
0.0420589
0.145091
0.296333
0.125885
0.129088
0.0734734
0.0295338
0.0863147
0.0566263
0.023607
0.139644
0.288051
0.0272301
0.0478556
0.0662039
0.162314
0.126552
0.202241
0.165204
0.296333
0.296333
0.159389
0.213625
0.296333
0.296333
0.118014
0.178147
0.0593855
0.184971
0.296333
0.0904689
0.0456585
0.0530244
0.0539858
0.201429
0.130595
0.0370982
0.296493
0.296493
0.0353293
0.0579457
0.0935382
0.296493
0.198719
0.148755
0.054873
0.106147
0.296493
0.0547226
0.0403741
0.0345297
0.0452366
0.169994
0.296493
0.0557474
0.273684
0.296493
0.164315
0.0902334
0.0926945
0.10647
0.0795298
0.12284
0.0822862
0.0960531
0.296493
0.163135
0.0438011
0.0216329
0.0116913
0.284022
0.284022
0.137501
0.184403
0.284022
0.134111
0.0826173
0.0679973
0.0762145
0.0528365
0.0616943
0.0591927
0.083737
0.284022
0.0814093
0.0467044
0.0238115
0.0452296
0.165368
0.257316
0.191911
0.204844
0.284022
0.284022
0.0888437
0.0485035
0.0346073
0.00461786
0.0382407
0.0520042
0.28337
0.284022
0.216578
0.0280491
0.0463629
0.022523
0.0446835
0.0564132
0.0740255
0.107065
0.313412
0.107902
0.0521357
0.024708
0.0446505
0.133505
0.19396
0.163915
0.313412
0.313412
0.0622324
0.0138978
0.00692286
0.0530938
0.00101169
0.0325066
0.0419348
0.313412
0.313412
0.259642
0.0495208
0.0557456
0.0275394
0.00964267
0.0385671
0.0784458
0.313412
0.313412
0.313412
0.0372165
0.0113037
0.00750194
0.201808
0.264504
0.264504
0.264504
0.264504
0.264504
0.220708
0.138122
0.234844
0.0531927
0.1282
0.116903
0.235767
0.264504
0.0718274
0.0171525
0.0162009
0.00205877
0.128574
0.224676
0.193955
0.205781
0.264504
0.107901
0.0261112
0.052631
0.0235888
0.0846535
0.133199
0.116401
0.139521
0.174833
0.0178392
0.00942429
0.0152947
0.0245631
0.0339656
0.116055
0.137555
0.276295
0.276295
0.0625534
0.0261008
0.0284242
0.0071568
0.0448797
0.027983
0.036019
0.133499
0.202701
0.242128
0.249395
0.276295
0.211029
0.0900406
0.161006
0.127679
0.14687
0.225538
0.0249667
0.0141072
0.0130926
0.0332022
0.199256
0.0246173
0.018767
0.0529529
0.197988
0.258989
0.276295
0.276295
0.276295
0.0226958
0.0153637
0.0361982
0.0853054
0.165289
0.122209
0.151989
0.248013
0.189527
0.122328
0.127649
0.174672
0.248013
0.248013
0.123513
0.151245
0.170007
0.137176
0.0872775
0.0137699
0.0195018
0.041719
0.112337
0.135313
0.248013
0.248013
0.198309
0.191914
0.131508
0.100423
0.190546
0.248013
0.248013
0.248013
0.248013
0.0864374
0.0853247
0.117017
0.100859
0.233046
0.241097
0.101512
0.14624
0.175759
0.167221
0.0841718
0.115137
0.0446705
0.215183
0.241097
0.0600069
0.0504516
0.0822838
0.0687829
0.191105
0.10437
0.0553332
0.152114
0.241097
0.193526
0.241097
0.241097
0.122887
0.185392
0.14703
0.0774536
0.236184
0.241097
0.218164
0.110602
0.232223
0.176775
0.129945
0.22154
0.0472072
0.23807
0.266165
0.0700237
0.0722163
0.111761
0.102773
0.0383829
0.102687
0.0574833
0.103363
0.199725
0.0701873
0.0278297
0.00903294
0.00298382
0.266165
0.266165
0.132094
0.266165
0.266165
0.192551
0.154245
0.266165
0.266165
0.0814717
0.266165
0.163089
0.136607
0.261169
0.0685093
0.0134298
0.0129579
0.00750798
0.0984766
0.280587
0.155107
0.23188
0.34474
0.134214
0.0612625
0.0183551
0.0117036
0.00317052
0.0167547
0.0254024
0.124608
0.34474
0.108755
0.0158762
0.0120569
0.00620535
0.221404
0.34474
0.34474
0.34474
0.34474
0.0648675
0.0333458
0.0323307
0.0105266
0.00927107
0.0202029
0.0477622
0.0575406
0.0758037
0.0388594
0.0176109
0.0193324
0.0135184
0.00490486
0.0361644
0.0493404
0.337141
0.359729
0.291289
0.0516083
0.0398188
0.0205015
0.0120184
0.0268528
0.0753299
0.359729
0.359729
0.359729
0.0442496
0.0149873
0.00547774
0.0374135
0.0572319
0.109711
0.143064
0.226862
0.121103
0.069869
0.0521857
0.0330192
0.0715461
0.0438491
0.0491078
0.150835
0.288963
0.16805
0.0807608
0.0518605
0.0389437
0.24426
0.284027
0.284027
0.284027
0.284027
0.14245
0.0350476
0.0911006
0.0477555
0.108775
0.186782
0.174135
0.230415
0.244277
0.0175749
0.0119798
0.0176583
0.027225
0.133714
0.15311
0.228046
0.284027
0.284027
0.171343
0.151952
0.0475418
0.0480633
0.0492584
0.0828882
0.107539
0.123723
0.200572
0.043899
0.0469263
0.0344301
0.028968
0.101766
0.194356
0.147613
0.217909
0.267779
0.025181
0.0164373
0.0145616
0.0383468
0.281328
0.0324251
0.0247853
0.0512125
0.254105
0.276803
0.34848
0.34848
0.34848
0.065957
0.0824069
0.0960706
0.120974
0.177475
0.0370576
0.0456511
0.0289871
0.0516831
0.0420973
0.0131931
0.03179
0.0353724
0.120152
0.201781
0.263942
0.0845656
0.098575
0.1371
0.0225034
0.0290978
0.0573314
0.160965
0.168212
0.259644
0.259644
0.259644
0.259644
0.209376
0.127452
0.246133
0.259644
0.259644
0.259644
0.259644
0.0959314
0.0208778
0.00515037
0.0233136
0.0284325
0.0819935
0.137776
0.136309
0.0692238
0.0669415
0.0140687
0.0753264
0.0678909
0.20207
0.259644
0.217923
0.163681
0.0598067
0.0348501
0.220279
0.114898
0.0723441
0.156173
0.260596
0.178273
0.260596
0.242445
0.118109
0.214097
0.125646
0.0876167
0.260596
0.260596
0.260596
0.146157
0.260596
0.260596
0.0229342
0.0304648
0.0331561
0.0808921
0.164125
0.142306
0.107934
0.0800766
0.0668674
0.0395165
0.0382457
0.0444886
0.182306
0.260596
0.0953427
0.102579
0.112304
0.144622
0.260573
0.260573
0.132741
0.260573
0.260573
0.177249
0.15232
0.260573
0.260573
0.0813085
0.260573
0.158178
0.184553
0.260573
0.0599899
0.0128376
0.00890418
0.00534769
0.058633
0.0583229
0.0750935
0.165022
0.260573
0.0949373
0.114963
0.138525
0.176909
0.120493
0.148057
0.149197
0.209744
0.176654
0.0271444
0.00725994
0.0012247
0.000760531
0.205424
0.329476
0.329476
0.329476
0.329476
0.0535714
0.0280515
0.0205184
0.00689654
0.0137198
0.0236005
0.0352709
0.0372835
0.0424922
0.0309148
0.013134
0.0133167
0.0109488
0.257462
0.329476
0.329476
0.329476
0.320821
0.0741292
0.0162964
0.0035704
0.00171512
0.0168149
0.0433219
0.0399345
0.06418
0.0521671
0.0237802
0.0189619
0.0253125
0.00578387
0.0988458
0.143047
0.183651
0.1838
0.234457
0.198076
0.104611
0.0987334
0.0773055
0.161424
0.151417
0.117334
0.193018
0.234457
0.221204
0.148238
0.136971
0.104657
0.0734051
0.234457
0.19081
0.234457
0.234457
0.185035
0.107005
0.140303
0.0462836
0.0817898
0.180973
0.147228
0.234457
0.234457
0.191868
0.074091
0.17575
0.0855386
0.161246
0.245714
0.251063
0.251063
0.251063
0.231719
0.201132
0.0713365
0.0814967
0.0936869
0.142871
0.151695
0.191547
0.251063
0.0807246
0.0799122
0.098185
0.0486435
0.136321
0.208122
0.193467
0.250853
0.251063
0.1227
0.0934214
0.0399152
0.0849625
0.0490634
0.0845753
0.145255
0.251063
0.251063
0.132016
0.0648351
0.0685903
0.0295239
0.171963
0.197477
0.175301
0.258405
0.258405
0.0907657
0.109903
0.108842
0.132994
0.0757258
0.0345313
0.059948
0.0625397
0.258405
0.258405
0.258405
0.219776
0.252469
0.0653246
0.145659
0.206894
0.258405
0.258405
0.164643
0.070517
0.0653627
0.0698992
0.0579611
0.0943287
0.118997
0.177554
0.181993
0.193969
0.0951427
0.0826957
0.0534472
0.050189
0.0212412
0.0478046
0.0677316
0.259741
0.294846
0.294846
0.152347
0.194485
0.0314527
0.260014
0.193981
0.294846
0.294846
0.294846
0.294846
0.0899343
0.110252
0.0382729
0.0773988
0.0934206
0.140192
0.151569
0.133814
0.0658142
0.0390359
0.0359313
0.00519877
0.0129777
0.0394786
0.101026
0.243523
0.194931
0.129241
0.0599483
0.0127093
0.0407309
0.0801042
0.117047
0.253042
0.290345
0.290345
0.255511
0.127212
0.210518
0.0892986
0.0452045
0.137825
0.290345
0.290345
0.217682
0.239117
0.270765
0.290345
0.00266806
0.00653561
0.0185307
0.0588818
0.160382
0.10316
0.0751205
0.0208531
0.00980848
0.00944836
0.0228705
0.0341833
0.158978
0.274323
0.0935128
0.0476264
0.0117622
0.0125968
0.109788
0.0697897
0.215666
0.281477
0.281477
0.204463
0.247238
0.281477
0.281477
0.281477
0.281477
0.281477
0.281477
0.281477
0.0716948
0.0195888
0
0.000103675
0.0107901
0.0218197
0.0340126
0.140422
0.239069
0.0771911
0.0454352
0.00856956
0.0173846
0.0315716
0.0459896
0.0702375
0.098977
0.0833001
0.0486353
0.0207765
0.0139921
0.0158074
0.3828
0.3828
0.3828
0.3828
0.3828
0.186718
0.0388935
0.00146087
0.00269157
0.0535884
0.11194
0.0788069
0.138402
0.119503
0.0483561
0.030917
0.0473023
0.0148836
0.0580584
0.0837473
0.144124
0.230646
0.175759
0.0799996
0.0356773
0.0245216
0.0308184
0.0330205
0.0696565
0.0737945
0.0937651
0.152588
0.0326869
0.0200305
0.0141965
0.0230358
0.10252
0.245263
0.198272
0.245263
0.245263
0.191357
0.0871807
0.147869
0.0697351
0.122495
0.245263
0.151355
0.224835
0.245263
0.174582
0.0736112
0.193795
0.131093
0.067792
0.147721
0.206012
0.245263
0.245263
0.109618
0.0553131
0.0566085
0.0724863
0.049888
0.162383
0.150613
0.194913
0.245263
0.0908829
0.108386
0.123935
0.0400446
0.125849
0.209518
0.187321
0.26737
0.26737
0.161314
0.0530296
0.0336576
0.0785033
0.0974538
0.101552
0.162247
0.26737
0.26737
0.177308
0.0859299
0.141353
0.0540818
0.0210395
0.088255
0.223024
0.26737
0.26737
0.198168
0.0468187
0.0293859
0.0142808
0.0320324
0.129666
0.21301
0.26737
0.26737
0.148622
0.0294466
0.048899
0.0150671
0.120723
0.166465
0.212581
0.269923
0.269923
0.205628
0.0893563
0.118826
0.101393
0.0732917
0.119351
0.13394
0.183158
0.207264
0.219905
0.0878933
0.109647
0.0811265
0.0490248
0.147144
0.269923
0.269923
0.269923
0.187224
0.0386218
0.0354578
0.00980798
0.0254066
0.090432
0.171934
0.269923
0.269923
0.184145
0.0598077
0.0317972
0.0162718
0.0824543
0.15549
0.153424
0.221572
0.259976
0.243105
0.112604
0.0734468
0.0756586
0.00804761
0.034158
0.0799859
0.189578
0.281748
0.281748
0.220333
0.11911
0.0289102
0.0264084
0.0908179
0.150545
0.281748
0.281748
0.237017
0.0867749
0.0336021
0.00821088
0.00147487
0.0196817
0.105306
0.281748
0.281748
0.193005
0.122298
0.0471707
0.00708453
0.0129828
0.0388562
0.0742861
0.207854
0.279985
0.266434
0.224287
0.0775705
0.0468384
0.0284606
0.0722937
0.12475
0.279985
0.279985
0.242479
0.129285
0.0555845
0.0580637
0.000479645
0.0182526
0.0776204
0.279985
0.279985
0.220131
0.100007
0.0460794
0.00475655
0.0112652
0.0654531
0.0723436
0.279985
0.279985
0.279985
0.0985741
0.0374812
0.0408025
0.0385696
0.0881674
0.124933
0.249905
0.249905
0.205225
0.110815
0.0346791
0.0854531
0.124873
0.194077
0.174778
0.242702
0.249905
0.173037
0.0726516
0.0497058
0.0549566
0.0183775
0.0687762
0.0785986
0.249905
0.249905
0.249905
0.0764242
0.0474771
0.0281254
0.0397879
0.0478431
0.0516712
0.1771
0.23363
0.249905
0.249905
0.241713
0.241121
0.136991
0.223268
0.240472
0.240472
0.240472
0.190836
0.0738553
0.04591
0.0568505
0.0907347
0.166041
0.170307
0.221732
0.240472
0.0705626
0.0493412
0.0443881
0.0522651
0.0621796
0.0884395
0.0787297
0.240472
0.240472
0.240472
0.240472
0.240472
0.193775
0.0540542
0.125803
0.0867494
0.137546
0.231395
0.171317
0.128294
0.152758
0.119709
0.0878919
0.158762
0.238053
0.238053
0.238053
0.133446
0.0721357
0.0773041
0.0732423
0.0816357
0.203984
0.176829
0.223782
0.238053
0.12085
0.118884
0.133165
0.06193
0.0821625
0.171364
0.134363
0.206116
0.238053
0.223826
0.153243
0.166302
0.107235
0.0492724
0.220323
0.172093
0.174087
0.238053
0.0955895
0.173596
0.196597
0.120698
0.0166549
0.0508672
0.164443
0.328649
0.328649
0.221889
0.0222541
0.012892
0.000181261
0.0257713
0.081544
0.138765
0.268847
0.328649
0.146289
0.0229763
0.0460751
0.0210565
0.0464879
0.0856382
0.119141
0.328649
0.328649
0.136032
0.0197166
0.00796663
0.0213418
0.0138521
0.0392729
0.0753108
0.199498
0.328649
0.233425
0.0435426
0.0438059
0.0135925
0.037481
0.0917443
0.16228
0.321147
0.324989
0.156849
0.0336683
0.0329429
0.0127392
0.027207
0.0746632
0.108427
0.261097
0.312637
0.109239
0.0487327
0.0293745
0.0155523
0.0302611
0.0406494
0.0883388
0.259995
0.324989
0.239369
0.0575201
0.0268577
0.00939504
0.036283
0.0163417
0.0557382
0.295788
0.324989
0.288611
0.0403866
0.0297126
0.00985498
0.0301452
0.0808847
0.097874
0.280551
0.321389
0.142435
0.0705294
0.0278817
0.00628681
0.00146882
0.0215728
0.0840549
0.280537
0.321389
0.139522
0.0839676
0.0378978
0.00626362
0.0546365
0.0156912
0.0649325
0.321389
0.321389
0.321389
0.0714763
0.0318244
0.00971309
0.0108773
0.0143007
0.044355
0.150963
0.321389
0.321389
0.0355786
0.0297524
0.00510982
0.000622718
0.0263289
0.0787409
0.301494
0.301494
0.187588
0.0921781
0.0402463
0.00441258
0.00437906
0.0347288
0.0475942
0.272152
0.301494
0.256765
0.110208
0.0563867
0.0252178
0.0116466
0.0138794
0.0382917
0.20366
0.301494
0.301494
0.0532518
0.0481133
0.00896583
0.00382913
0.0151001
0.0565458
0.291045
0.301494
0.301494
0.116843
0.0249338
0.0334939
0.0115506
0.0469354
0.060457
0.267706
0.267706
0.267706
0.100175
0.0535098
0.0226096
0.0313799
0.0328598
0.0386282
0.170846
0.237894
0.262515
0.237551
0.20466
0.193704
0.00489172
0.0159076
0.063109
0.267706
0.267706
0.267706
0.135506
0.028504
0.0302936
0.0304912
0.0148172
0.0214895
0.197
0.267706
0.267706
0.134299
0.0980454
0.144069
0.0503963
0.0696095
0.0672873
0.261012
0.261012
0.261012
0.261012
0.221504
0.177532
0.0561048
0.100035
0.0713364
0.125502
0.207094
0.143139
0.136317
0.156992
0.116963
0.032609
0.0251169
0.0348531
0.261012
0.261012
0.261012
0.176441
0.133026
0.15825
0.0355245
0.0591937
0.0924718
0.185957
0.221056
0.236264
0.136033
0.129855
0.107725
0.0975174
0.15386
0.123638
0.191192
0.224169
0.199968
0.195708
0.1765
0.127969
0.0864449
0.224169
0.176061
0.149573
0.224169
0.0925487
0.160826
0.173412
0.123061
0.0410137
0.0836637
0.124517
0.224169
0.224169
0.224169
0.210345
0.204165
0.163073
0.0581262
0.0753804
0.132939
0.224169
0.224169
0.200347
0.150052
0.117096
0.0827636
0.0581184
0.0979274
0.137127
0.342232
0.342232
0.166986
0.0204954
0.0110067
0.0225668
0.021618
0.043346
0.0735644
0.259529
0.342232
0.23054
0.0435039
0.0445033
0.0160895
0.10077
0.0886334
0.115274
0.254997
0.342232
0.0971541
0.0433605
0.0283671
0.0926536
0.0784751
0.0864977
0.105823
0.252462
0.342232
0.106775
0.042993
0.0157199
0.0467448
0.0372847
0.0472684
0.0757546
0.301514
0.33437
0.235334
0.054798
0.0311393
0.0131244
0.0373726
0.0345141
0.0611695
0.330349
0.33437
0.22084
0.0385992
0.0297785
0.0268748
0.102502
0.112427
0.117983
0.268291
0.33437
0.0886892
0.073826
0.0255499
0.0209176
0.0163314
0.0438383
0.0486056
0.276587
0.33437
0.135803
0.0130399
0.0219307
0.0453825
0.056074
0.0409818
0.0704054
0.326078
0.326078
0.26024
0.0586003
0.0272563
0.0221664
0.0102831
0.017754
0.0572139
0.148363
0.326078
0.326078
0.0326914
0.0213527
0.00942469
0.0247822
0.0438481
0.0489773
0.316306
0.326078
0.135956
0.0259453
0.0293835
0.0498551
0.0136639
0.0176596
0.0309733
0.326078
0.326078
0.12767
0.0221357
0.0135955
0.01724
0.0171778
0.023376
0.046225
0.18158
0.324472
0.324472
0.0534887
0.030446
0.00814473
0.00502974
0.0183457
0.0396308
0.209989
0.324472
0.324472
0.109804
0.0333198
0.036399
0.0263571
0.0309626
0.031773
0.324472
0.324472
0.164841
0.0418167
0.0203445
0.0165788
0.0114853
0.0419258
0.0507278
0.324472
0.324472
0.128868
0.0576712
0.0208578
0.0177247
0.0079345
0.0175003
0.0420891
0.237126
0.312493
0.312493
0.131381
0.0325125
0.0354297
0.0280124
0.0141924
0.0221226
0.136906
0.312493
0.312493
0.141983
0.0976252
0.122552
0.0160957
0.041478
0.0447797
0.312493
0.312493
0.168234
0.0687503
0.0269833
0.0181825
0.0102814
0.0196931
0.0341679
0.312493
0.312493
0.179858
0.0512707
0.0270386
0.0217571
0.0337515
0.020686
0.0397726
0.200187
0.313037
0.313037
0.194982
0.129335
0.155934
0.0374787
0.0556939
0.0796634
0.154806
0.165419
0.17424
0.14302
0.10643
0.102903
0.0120531
0.0165949
0.0426112
0.313037
0.313037
0.265416
0.0907471
0.0687338
0.0501578
0.0358183
0.0553852
0.0554298
0.171812
0.28395
0.313037
0.131319
0.124107
0.120292
0.0582209
0.0873583
0.115065
0.218741
0.237387
0.230783
0.237387
0.162394
0.174379
0.0727015
0.0901292
0.126134
0.237387
0.224359
0.147626
0.150836
0.115478
0.0885016
0.0483672
0.0591534
0.0938537
0.237387
0.237387
0.237387
0.237387
0.23445
0.210934
0.0469376
0.14581
0.16284
0.155909
0.17007
0.187702
0.138455
0.0745441
0.0271284
0.109482
0.105564
0.154449
0.30728
0.30728
0.120948
0.0495173
0.0369994
0.0740486
0.0827379
0.106079
0.137421
0.30728
0.30728
0.135947
0.0430791
0.0190046
0.0408015
0.0253605
0.0907901
0.21921
0.30728
0.30728
0.13903
0.0232625
0.0346808
0.0364117
0.0266344
0.0510821
0.125413
0.30728
0.30728
0.0951452
0.0407713
0.0360993
0.0629785
0.0932521
0.120424
0.149357
0.311011
0.311011
0.124011
0.0695655
0.0326731
0.0266638
0.0195608
0.0641357
0.0787726
0.311011
0.311011
0.131747
0.0225594
0.0366433
0.0769332
0.0269074
0.0556072
0.113916
0.311011
0.311011
0.082815
0.0515023
0.034636
0.0456552
0.00785837
0.0575693
0.14763
0.311011
0.311011
0.242476
0.0900342
0.0306906
0.0156923
0.029251
0.0620599
0.0752143
0.263503
0.328518
0.126605
0.0297323
0.039452
0.0688684
0.0180447
0.023192
0.057951
0.328518
0.328518
0.108868
0.0307473
0.0164679
0.0261315
0.00438872
0.0531087
0.108304
0.313429
0.328518
0.20619
0.0833216
0.0323837
0.0106621
0.0206011
0.0494617
0.0594173
0.243365
0.328518
0.328518
0.0284472
0.0389797
0.00950134
0.0345072
0.0398825
0.0532783
0.270078
0.347144
0.130608
0.0484608
0.017394
0.018129
0.0141789
0.0517831
0.0466778
0.259737
0.347144
0.103165
0.059053
0.0266637
0.0228897
0.0119602
0.0280263
0.041177
0.2361
0.347144
0.330211
0.0305159
0.0387985
0.00714742
0.0100788
0.0432825
0.0464625
0.188181
0.347144
0.347144
0.0375642
0.0106205
0.000495403
0.021264
0.0526797
0.0436403
0.245802
0.348075
0.146357
0.0815551
0.0340177
0.0232071
0.0185522
0.028238
0.0359605
0.273878
0.348075
0.157968
0.0717165
0.0387984
0.0223132
0.00667998
0.0361027
0.0430618
0.180783
0.348075
0.348075
0.0420126
0.0128038
0
0.0217577
0.0156062
0.0475498
0.129001
0.348075
0.348075
0.0884569
0.0497005
0.021769
0.0226195
0.0244139
0.0436963
0.311392
0.311392
0.213803
0.0975021
0.0664235
0.044114
0.0449004
0.0466499
0.0523497
0.15245
0.229389
0.240564
0.108438
0.1043
0.0911048
0.0351269
0.0201155
0.0578461
0.148766
0.311392
0.311392
0.131579
0.0770069
0.072789
0.126061
0.0400326
0.0888999
0.07535
0.311392
0.302588
0.185855
0.177991
0.185653
0.0640078
0.0539338
0.0841736
0.211902
0.25257
0.25257
0.187622
0.186919
0.173256
0.0476604
0.108474
0.130545
0.154215
0.154371
0.129654
0.121578
0.0808666
0.0325431
0.185806
0.0453965
0.116399
0.092643
0.25257
0.25257
0.25257
0.25257
0.25257
0.0708824
0.117999
0.120437
0.205678
0.213728
0.173193
0.198837
0.143162
0.079027
0.0090339
0.0652443
0.161254
0.314008
0.314008
0.152602
0.050141
0.0372601
0.0119835
0.0184189
0.0522447
0.108895
0.314008
0.314008
0.17003
0.0375826
0.0371008
0.0407316
0.0134577
0.0284373
0.0635456
0.314008
0.314008
0.175262
0.0608651
0.0373054
0.0171952
0.0598218
0.0325101
0.0873304
0.314008
0.314008
0.218549
0.0288549
0.0205231
0.0530782
0.0127291
0.0581297
0.114006
0.328222
0.328222
0.170462
0.0524918
0.0489831
0.0370559
0.00987415
0.0457374
0.0993602
0.194811
0.328222
0.230798
0.0633567
0.0326018
0.0264592
0.0387802
0.0446451
0.0942834
0.328222
0.328222
0.177768
0.0349036
0.0365998
0.039177
0.0262925
0.0361212
0.0714032
0.328222
0.328222
0.15528
0.0478441
0.019125
0.0526366
0.00653976
0.0453852
0.0853846
0.195861
0.353094
0.226796
0.0623877
0.0369839
0.0166071
0.0241321
0.0468355
0.0644122
0.163908
0.353094
0.224555
0.0330026
0.0396238
0.0130635
0.0164724
0.0408113
0.0664692
0.297506
0.353094
0.169773
0.0518389
0.0227659
0.0289174
0.026915
0.0159402
0.0532083
0.233741
0.353094
0.347572
0.0417102
0.0251323
0.0131742
0.017465
0.0315346
0.0542588
0.16103
0.343289
0.20184
0.034647
0.0387538
0.00732805
0.0116501
0.0517343
0.0458713
0.125821
0.343289
0.250203
0.0439184
0.0161944
0.00395061
0.0236516
0.0176641
0.0432603
0.23183
0.343289
0.343289
0.0418435
0.0209962
0.00354718
0.00537424
0.0175733
0.0676366
0.293754
0.343289
0.309361
0.0598828
0.0457395
0.0161097
0.0104708
0.0477341
0.0452854
0.121506
0.338719
0.276201
0.0518534
0.0185909
0.00429785
0.0355147
0.0357206
0.0503375
0.0773751
0.338719
0.236983
0.0915634
0.0820235
0.0539752
0.00483607
0.0207956
0.0715696
0.296438
0.338719
0.318897
0.050942
0.0503678
0.0221514
0.0263531
0.0341254
0.0612782
0.269194
0.338719
0.255273
0.0498732
0.0509759
0.090496
0.0563464
0.0404193
0.0588382
0.0889264
0.319722
0.285582
0.117843
0.100652
0.101492
0.159577
0.0605721
0.0614164
0.0856571
0.319722
0.218706
0.140757
0.156649
0.223054
0.0382008
0.0362713
0.0743855
0.291849
0.319722
0.304894
0.0645214
0.0666567
0.0841402
0.0703604
0.0628258
0.0750756
0.150683
0.319722
0.118023
0.0662177
0.0774356
0.11488
0.215141
0.0638897
0.0797996
0.103323
0.260979
0.260979
0.239946
0.246593
0.260979
0.0769759
0.107122
0.0963021
0.173671
0.224782
0.14136
0.132731
0.126242
0.0991538
0.0904754
0.0728283
0.102219
0.226816
0.260979
0.190911
0.118058
0.113394
0.153174
0.0542712
0.0890743
0.179469
0.260979
0.260979
0.116176
0.083948
0.0543004
0.078386
0.0129572
0.0307762
0.0579788
0.285995
0.319797
0.229941
0.082678
0.0393123
0.016391
0.0568691
0.0420682
0.0736432
0.238838
0.319797
0.311677
0.0357298
0.0281683
0.0472481
0.0104529
0.0348137
0.0158756
0.319797
0.319797
0.144831
0.0262284
0.00480286
0.00679165
0.0128123
0.0218873
0.0330016
0.319797
0.319797
0.209231
0.0273549
0.00863936
0.00580385
0.0404418
0.055951
0.0909976
0.259999
0.339447
0.308354
0.0488732
0.0541018
0.0386053
0.0263576
0.0333757
0.0472187
0.210726
0.339447
0.188186
0.0234304
0.0182859
0.0543282
0.0203037
0.0259028
0.0388073
0.339447
0.339447
0.213473
0.0235376
0.0148001
0.0133987
0.0160414
0.02859
0.0298698
0.299975
0.339447
0.106552
0.0276725
0.0177999
0.0123629
0.0191296
0.0396104
0.0554227
0.225969
0.364045
0.218847
0.0303598
0.0258284
0.0329061
0.0356788
0.0259131
0.0397809
0.202758
0.364045
0.187074
0.0436984
0.0293218
0.0168113
0.023234
0.0311704
0.036491
0.352383
0.364045
0.0942435
0.0461644
0.0185969
0.0125169
0.026254
0.0659363
0.0421205
0.343224
0.364045
0.128196
0.0262778
0.0118046
0.0124781
0.0371624
0.0317899
0.0402079
0.226905
0.343695
0.229606
0.0454978
0.0270104
0.00429027
0.00826183
0.0354914
0.0793094
0.297526
0.343695
0.212841
0.0658667
0.0484112
0.0196154
0.0350519
0.0592712
0.0437022
0.343695
0.343695
0.12429
0.0531046
0.0261065
0.0137594
0.0199664
0.0373699
0.0730816
0.297776
0.343695
0.14769
0.0714503
0.033747
0.0133
0.00891185
0.0412512
0.0832068
0.296746
0.316318
0.199178
0.0543555
0.046864
0.0239858
0.0416636
0.0601967
0.101867
0.316318
0.316318
0.210476
0.057089
0.0896535
0.128815
0.0144505
0.0311946
0.0723246
0.316318
0.316318
0.150461
0.0732458
0.0499926
0.016186
0.0208945
0.0215698
0.0792158
0.272584
0.316318
0.194876
0.0701261
0.0557482
0.0700718
0.0650054
0.0672219
0.112507
0.314603
0.314603
0.245281
0.0695054
0.0962536
0.124887
0.114475
0.0939986
0.0703348
0.189589
0.314603
0.137891
0.0865124
0.0891562
0.187943
0.0196879
0.0271745
0.0749742
0.314603
0.314603
0.263052
0.0875946
0.09861
0.0889846
0.0186537
0.00717613
0.0412557
0.105228
0.197222
0.137004
0.160216
0.196627
0.15759
0.142133
0.10706
0.117373
0.258626
0.258626
0.215803
0.136814
0.112661
0.245679
0.0640733
0.107938
0.197091
0.258626
0.258626
0.129661
0.090447
0.0669416
0.110024
0.0284936
0.015128
0.039454
0.145792
0.258626
0.202453
0.258626
0.258626
0.250644
0.0238399
0.0477864
0.180417
0.140325
0.157339
0.110727
0.097546
0.109003
0.103251
0.0205901
0.0756598
0.0385786
0.330771
0.330771
0.281876
0.0430003
0.01848
0.0266909
0.0235105
0.035387
0.0508982
0.330771
0.330771
0.330771
0.0529771
0.0350934
0.0147609
0.00945137
0.0449883
0.0989914
0.247972
0.330771
0.141082
0.0818559
0.0694174
0.0243323
0.0146049
0.0459709
0.0709772
0.184654
0.281146
0.0913056
0.052441
0.0668756
0.0584619
0.0298027
0.0334265
0.0509067
0.347422
0.347422
0.330495
0.0408641
0.0387683
0.0266734
0.0233823
0.0369106
0.0458356
0.309658
0.347422
0.154769
0.0270439
0.0197673
0.0185431
0.0214644
0.0500501
0.0620553
0.210093
0.347422
0.121281
0.0389224
0.0553541
0.0533425
0.0182563
0.03002
0.0665416
0.205688
0.347422
0.132994
0.0514766
0.0263598
0.10664
0.027363
0.0379789
0.0528594
0.365282
0.389569
0.139495
0.0439467
0.0233466
0.0202217
0.0322187
0.0706409
0.0467237
0.389569
0.389569
0.100303
0.0406115
0.0219313
0.0210216
0.0245393
0.049295
0.0670993
0.278387
0.389569
0.176119
0.0596807
0.0327293
0.0914911
0.0559717
0.0975493
0.0391915
0.0812604
0.216756
0.0473623
0.0695382
0.0541398
0.0670958
0.0549902
0.0932634
0.0689045
0.389421
0.389421
0.122607
0.0901111
0.0557763
0.0345027
0.0274676
0.0673719
0.13037
0.389421
0.389421
0.218791
0.129545
0.0633638
0.0259985
0.0925258
0.155596
0.065511
0.124687
0.295751
0.0568036
0.116625
0.099545
0.0907077
0.0405642
0.116425
0.0988023
0.0894777
0.177075
0.0489301
0.095892
0.0661284
0.0502008
0.0241366
0.0771843
0.14227
0.352934
0.352934
0.206214
0.131669
0.0884452
0.0333843
0.034266
0.0468683
0.230601
0.352934
0.352934
0.352934
0.10239
0.123143
0.152585
0.0594916
0.14037
0.112921
0.0946069
0.132042
0.0666994
0.0970068
0.0700407
0.0552868
0.0787714
0.0592882
0.0930116
0.103187
0.126287
0.142328
0.0823382
0.100458
0.0991765
0.0317525
0.0531762
0.17533
0.285086
0.285086
0.285086
0.111188
0.135388
0.146412
0.036069
0.00990078
0.0611672
0.190527
0.237199
0.214477
0.251808
0.265631
0.27257
0.0949455
0.0712257
0.0691142
0.0846279
0.10803
0.133993
0.10935
0.150769
0.114948
0.113987
0.0120505
0.0144062
0.0266466
0.0291902
0.0409947
0.186598
0.285086
0.285086
0.0471048
0.0153507
0.0609578
0.235216
0.256933
0.256933
0.256933
0.256933
0.256933
0.0251026
0.0551297
0.211863
0.200273
0.20112
0.112998
0.137723
0.157302
0.127186
0.112654
0.017428
0.0115481
0.0296212
0.0612181
0.0686782
0.256933
0.256933
0.256933
0.0780814
0.0563469
0.100589
0.192011
0.195616
0.083443
0.0676695
0.215814
0.183039
