0.152951
0.221184
0.17168
0.212653
0.228847
0.127764
0.122401
0.182185
0.186532
0.0426833
0.139837
0.13739
0.186501
0.228847
0.228847
0.228847
0.226616
0.0941373
0.103644
0.133294
0.132273
0.210582
0.190936
0.0862215
0.162683
0.197707
0.228847
0.0881953
0.14181
0.154643
0.115141
0.228847
0.104061
0.113833
0.094632
0.0813716
0.070499
0.194414
0.203225
0.235042
0.235042
0.235042
0.235042
0.235042
0.141447
0.0396898
0.117255
0.124712
0.11153
0.150065
0.0934732
0.169638
0.200558
0.163874
0.164526
0.209299
0.196852
0.10784
0.235042
0.0897138
0.160559
0.16143
0.15543
0.155499
0.0910516
0.0375234
0.0324169
0.12289
0.0751587
0.166265
0.223959
0.235042
0.0768273
0.183593
0.200738
0.184128
0.202425
0.144224
0.190177
0.25819
0.25819
0.0116686
0.0914577
0.16864
0.0989483
0.101785
0.0344409
0.201249
0.249593
0.161241
0.25819
0.203779
0.0603513
0.0416673
0.189308
0.118128
0.25819
0.25819
0.25819
0.0915175
0.0762032
0.05999
0.0600593
0.0515984
0.0236613
0.116329
0.19254
0.171151
0.0200714
0.153364
0.259891
0.234047
0.169763
0.0911897
0.259891
0.259891
0.259891
0.0769392
0.105304
0.188794
0.141564
0.215988
0.115785
0.140443
0.154335
0.0495515
0.16263
0.146659
0.115517
0.154864
0.101199
0.0525932
0.259891
0.259891
0.259891
0.0882757
0.164027
0.159895
0.118643
0.140347
0.0900426
0.104134
0.115873
0.0889006
0.0824476
0.131185
0.214099
0.214099
0.214099
0.155351
0.177286
0.188614
0.0679322
0.152793
0.179459
0.189096
0.192143
0.214099
0.0908179
0.138112
0.187207
0.112438
0.0994786
0.214099
0.214099
0.213217
0.212491
0.128061
0.143863
0.185187
0.111522
0.068745
0.141306
0.214099
0.163765
0.214099
0.147202
0.145553
0.158682
0.0800563
0.160002
0.197578
0.191541
0.217638
0.217638
0.0984508
0.147578
0.211859
0.16214
0.129928
0.217638
0.1205
0.126172
0.217638
0.149087
0.217638
0.217638
0.186549
0.0867164
0.158392
0.217638
0.182739
0.217638
0.125806
0.12819
0.186459
0.0784025
0.0735414
0.120715
0.111377
0.0944182
0.217638
0.0949901
0.187259
0.166223
0.114838
0.145254
0.14767
0.0765451
0.0837816
0.15018
0.0971879
0.152926
0.242585
0.242585
0.242585
0.242585
0.115527
0.145845
0.242585
0.0643503
0.0499127
0.222469
0.23147
0.0797988
0.077852
0.0710251
0.056058
0.204381
0.0391459
0.122775
0.222117
0.156817
0.242585
0.242585
0.17183
0.146614
0.137185
0.0198373
0.0532552
0.242585
0.218487
0.101238
0.130706
0.162859
0.213707
0.20526
0.0694608
0.15393
0.193399
0.225421
0.075977
0.141176
0.139577
0.111315
0.225421
0.122804
0.0804778
0.0889637
0.0894274
0.163253
0.178125
0.220008
0.225421
0.225421
0.131859
0.119268
0.225421
0.225421
0.0812756
0.225421
0.098953
0.0777704
0.194509
0.0867056
0.183984
0.225421
0.225421
0.149034
0.224378
0.219043
0.119031
0.246603
0.129694
0.120081
0.179542
0.206687
0.148064
0.0929118
0.04614
0.0314948
0.143002
0.092995
0.146379
0.220355
0.246603
0.157578
0.246603
0.122875
0.0806861
0.221396
0.0993186
0.197363
0.246603
0.246603
0.187637
0.0687469
0.00810127
0.019151
0.0627728
0.0359046
0.103846
0.246603
0.246603
0.302138
0.223376
0.0863173
0.0373124
0.197052
0.147399
0.302138
0.302138
0.302138
0.0848745
0.0751617
0.0519126
0.0589259
0.0899151
0.0313912
0.140102
0.185234
0.196086
0.302138
0.145615
0.0101184
0.0465585
0.0962924
0.0426801
0.147505
0.302138
0.302138
0.0761152
0.0708561
0.0567924
0.0500477
0.0795355
0.0444296
0.0626463
0.116094
0.150462
0.1806
0.16215
0.110203
0.154546
0.186678
0.0880418
0.250686
0.250686
0.250686
0.0963493
0.172669
0.167949
0.155011
0.194062
0.140413
0.129403
0.128371
0.0916215
0.171862
0.163651
0.142537
0.132743
0.194045
0.138038
0.164236
0.250686
0.250686
0.0593185
0.140152
0.0788939
0.197667
0.250686
0.0763117
0.13531
0.135519
0.0786306
0.110233
0.205794
0.221891
0.221891
0.221891
0.194284
0.161502
0.165183
0.104496
0.0822479
0.128288
0.221891
0.204719
0.221891
0.17103
0.215911
0.158134
0.0722018
0.070816
0.188555
0.135055
0.221891
0.221891
0.122152
0.185042
0.19408
0.111872
0.0576874
0.0960856
0.221891
0.179865
0.221891
0.0446892
0.0895549
0.104948
0.0708988
0.106307
0.149784
0.224457
0.224457
0.224457
0.151311
0.174993
0.184354
0.0809192
0.0736085
0.147826
0.131886
0.124839
0.224457
0.116935
0.213404
0.224457
0.14141
0.0741023
0.128996
0.224457
0.195332
0.224457
0.0685879
0.0774714
0.115728
0.0826971
0.0877516
0.140316
0.201806
0.140071
0.224457
0.160374
0.204961
0.224457
0.180649
0.0810179
0.0837171
0.0711203
0.0628816
0.212094
0.0505846
0.133108
0.241473
0.179289
0.241473
0.241473
0.192809
0.166336
0.195621
0.0237529
0.0560163
0.241473
0.218109
0.0820379
0.104717
0.143539
0.0676196
0.158334
0.0784212
0.111266
0.167466
0.186024
0.241473
0.241473
0.17166
0.168214
0.218458
0.0363968
0.056744
0.241473
0.241473
0.176836
0.169226
0.22443
0.23691
0.23691
0.112118
0.148479
0.22142
0.23691
0.101634
0.23691
0.0980912
0.0567327
0.213749
0.100505
0.224195
0.23691
0.23691
0.082086
0.143089
0.160336
0.210899
0.165257
0.120206
0.113457
0.170038
0.136836
0.075986
0.0377413
0.0561453
0.0640214
0.0605172
0.0701163
0.0717678
0.23691
0.23691
0.189868
0.272772
0.123406
0.0679973
0.264806
0.129864
0.244779
0.272772
0.272772
0.189822
0.0646975
0.0081104
0.0257181
0.0795303
0.0462909
0.121796
0.272772
0.272772
0.119335
0.0915789
0.0701144
0.0726576
0.125752
0.140976
0.102444
0.272772
0.272772
0.0956461
0.0482298
0.0244084
0.0404108
0.0847027
0.0188147
0.041306
0.189126
0.272772
0.3187
0.148098
0.0152126
0.094043
0.157991
0.0715084
0.215984
0.3187
0.3187
0.0908985
0.112617
0.0731881
0.0597148
0.116691
0.0782526
0.119465
0.167315
0.211616
0.235022
0.175669
0.0747843
0.129456
0.303391
0.0496764
0.0955519
0.262499
0.3187
0.0531373
0.0854018
0.0664125
0.0939554
0.108273
0.0485642
0.0970346
0.116932
0.0883875
0.168159
0.187804
0.154354
0.126291
0.215745
0.181293
0.215745
0.215745
0.215745
0.0648856
0.175514
0.100467
0.167352
0.215745
0.112195
0.15338
0.120483
0.0665934
0.115661
0.180096
0.125982
0.143694
0.206052
0.0933703
0.207131
0.203104
0.161631
0.189638
0.215745
0.153488
0.135317
0.215745
0.18873
0.116195
0.167872
0.104355
0.0762408
0.193415
0.159508
0.218707
0.218707
0.165501
0.172583
0.139838
0.0912287
0.0608703
0.104051
0.209704
0.211096
0.218707
0.0690436
0.157842
0.111073
0.0585291
0.143413
0.218707
0.187989
0.149795
0.218707
0.157706
0.140413
0.218707
0.118242
0.218707
0.184862
0.160941
0.188032
0.218707
0.105989
0.137016
0.188906
0.130655
0.0701613
0.12111
0.205707
0.219884
0.219884
0.101332
0.123729
0.0996594
0.0624464
0.0836514
0.178154
0.184031
0.10158
0.219884
0.130179
0.173899
0.219884
0.159649
0.148616
0.188499
0.176161
0.218035
0.219884
0.0820097
0.138613
0.186324
0.123464
0.165961
0.167709
0.168645
0.201477
0.219884
0.0735843
0.176932
0.219884
0.176441
0.0772732
0.123435
0.129946
0.0580981
0.168453
0.0843566
0.114078
0.203674
0.158039
0.23257
0.239279
0.170178
0.159985
0.239279
0.0253363
0.054717
0.239279
0.239279
0.138245
0.131239
0.137673
0.163684
0.210354
0.0659622
0.117719
0.179341
0.14214
0.225982
0.239279
0.11385
0.153407
0.203168
0.0532676
0.114787
0.214469
0.239279
0.101653
0.205551
0.2278
0.297226
0.291696
0.160322
0.178745
0.240199
0.177305
0.106163
0.052454
0.0837058
0.0896554
0.0696185
0.0939646
0.109886
0.297226
0.297226
0.0441331
0.0781517
0.0865535
0.102981
0.163295
0.0915793
0.144352
0.129979
0.162647
0.0827738
0.0350777
0.0208554
0.0311271
0.0253116
0.0527921
0.169737
0.297226
0.297226
0.150423
0.104784
0.069387
0.0894851
0.137329
0.173768
0.138941
0.3284
0.3284
0.130373
0.0609094
0.0254455
0.0635745
0.112167
0.0231019
0.0523151
0.261456
0.3284
0.122287
0.0820159
0.0442072
0.0487527
0.109734
0.0677334
0.14865
0.3284
0.3284
0.155088
0.0668819
0.0452552
0.0339807
0.125795
0.0459967
0.0784548
0.207767
0.269524
0.264193
0.200013
0.0751301
0.201278
0.264193
0.0564329
0.13117
0.264193
0.264193
0.0631656
0.11505
0.0779926
0.0834444
0.136268
0.0866471
0.129021
0.160945
0.130108
0.264193
0.212675
0.151692
0.114417
0.264193
0.101804
0.0933194
0.264193
0.264193
0.081112
0.0856195
0.0462547
0.0898559
0.195283
0.0682891
0.0938278
0.177962
0.106946
0.107921
0.185035
0.126676
0.120307
0.216727
0.118668
0.216727
0.216727
0.203336
0.155715
0.216727
0.175123
0.118404
0.216727
0.189031
0.147301
0.152978
0.0903758
0.114008
0.132955
0.0899695
0.157559
0.216727
0.102772
0.156104
0.216727
0.149863
0.149895
0.18941
0.216727
0.177237
0.216727
0.0929756
0.138127
0.192416
0.109583
0.112319
0.216387
0.183404
0.125736
0.216387
0.140805
0.150078
0.181518
0.0919316
0.194384
0.176756
0.163613
0.182442
0.216387
0.144677
0.16514
0.157794
0.123547
0.10293
0.184432
0.216387
0.161527
0.216387
0.0635088
0.183899
0.20246
0.0944252
0.141585
0.216387
0.216387
0.18515
0.16865
0.0800974
0.174903
0.145411
0.0979782
0.146541
0.178279
0.163648
0.199735
0.215433
0.12062
0.172184
0.158682
0.120403
0.166951
0.210326
0.164131
0.152643
0.215433
0.068901
0.193386
0.215433
0.137971
0.101929
0.215433
0.215433
0.166868
0.157927
0.0604338
0.202795
0.172532
0.112541
0.110615
0.158321
0.169827
0.215433
0.215433
0.0737223
0.15646
0.168816
0.113324
0.148067
0.16474
0.137778
0.135496
0.207149
0.0721151
0.147329
0.185
0.130236
0.240662
0.266889
0.122199
0.153124
0.194673
0.0694933
0.105307
0.217855
0.266889
0.0995009
0.10332
0.138411
0.129487
0.153684
0.0724781
0.142876
0.135536
0.107249
0.246571
0.182396
0.112177
0.0766207
0.107852
0.127259
0.184643
0.266889
0.266889
0.0341687
0.106424
0.138666
0.111687
0.171529
0.129445
0.168965
0.168253
0.188075
0.0850512
0.047719
0.0398189
0.0409657
0.0434836
0.0617556
0.193296
0.288406
0.288406
0.0629377
0.112292
0.138756
0.0962603
0.104953
0.119046
0.117792
0.175787
0.146583
0.0880149
0.0564699
0.0678044
0.16503
0.288406
0.288406
0.288406
0.288406
0.288406
0.0979822
0.0740605
0.0359615
0.0439785
0.0918302
0.0512355
0.136427
0.291308
0.291308
0.144214
0.0642319
0.0253894
0.032255
0.112883
0.0309111
0.0605831
0.172976
0.230963
0.108386
0.043423
0.0390198
0.137328
0.226008
0.291308
0.291308
0.291308
0.291308
0.0736175
0.0337127
0.033885
0.111164
0.291308
0.269219
0.128493
0.15895
0.106507
0.282407
0.172026
0.0721364
0.0909139
0.287
0.0632773
0.0691364
0.243374
0.287
0.0589668
0.069667
0.044439
0.0664548
0.143153
0.067926
0.0733628
0.127777
0.0891999
0.160973
0.0748117
0.0687371
0.210915
0.287
0.287
0.251986
0.254617
0.164113
0.0770737
0.0799949
0.139534
0.163698
0.287
0.111619
0.103388
0.0881493
0.0482469
0.0873528
0.111662
0.106959
0.145017
0.242781
0.115105
0.13111
0.183272
0.143435
0.106484
0.13803
0.215182
0.15847
0.209481
0.0802739
0.135235
0.155368
0.0914121
0.116092
0.149207
0.242781
0.242781
0.242781
0.214963
0.181288
0.145832
0.0573403
0.0646052
0.0964249
0.238634
0.17958
0.242781
0.0974868
0.231482
0.228007
0.0899349
0.0932795
0.145122
0.220517
0.17527
0.220517
0.0580725
0.176048
0.176695
0.097189
0.106215
0.220517
0.220517
0.184379
0.194987
0.107704
0.17051
0.119526
0.0960526
0.0885864
0.12228
0.220517
0.185076
0.220517
0.116563
0.220517
0.220517
0.0994341
0.145414
0.220517
0.220517
0.149161
0.220517
0.0336338
0.0893954
0.180157
0.128834
0.108156
0.22303
0.22303
0.170073
0.176536
0.0873736
0.192437
0.158811
0.131577
0.130048
0.175415
0.159328
0.22303
0.22303
0.0843693
0.161456
0.193807
0.110825
0.176607
0.22303
0.22303
0.156721
0.202887
0.0352023
0.103794
0.173908
0.15301
0.105279
0.145446
0.0883141
0.22256
0.159573
0.0522596
0.081412
0.22303
0.22303
0.0761951
0.0784082
0.0795463
0.0770734
0.0841577
0.0497405
0.0836787
0.0878327
0.071092
0.174029
0.113511
0.0755657
0.0716957
0.110317
0.100801
0.106802
0.232634
0.339391
0.0585874
0.0931974
0.0409757
0.098874
0.0775921
0.0339069
0.0551335
0.161236
0.115389
0.339391
0.339391
0.339391
0.339391
0.339391
0.072617
0.0544383
0.110279
0.141289
0.0563736
0.111971
0.154482
0.098418
0.0980079
0.142518
0.158642
0.198506
0.16304
0.0902181
0.0842054
0.130513
0.131761
0.217588
0.219383
0.25653
0.25653
0.25653
0.136582
0.168839
0.171531
0.177011
0.153081
0.151727
0.25653
0.25653
0.25653
0.0779403
0.161237
0.172438
0.132958
0.162884
0.0588366
0.127837
0.0902946
0.0370613
0.115496
0.0723227
0.0893948
0.120699
0.174166
0.230985
0.263774
0.26977
0.26977
0.0844481
0.0599496
0.0662489
0.123818
0.26977
0.26977
0.0888734
0.151333
0.110736
0.0769254
0.14145
0.172792
0.140219
0.157936
0.070793
0.121491
0.0989476
0.0409082
0.219302
0.263194
0.0999217
0.206332
0.26977
0.249851
0.054992
0.0269031
0.022376
0.0960487
0.0619949
0.0539258
0.118369
0.265753
0.265753
0.0845979
0.127381
0.0866522
0.032071
0.0280814
0.0644166
0.0740428
0.265753
0.265753
0.0946305
0.0580857
0.0326147
0.202733
0.228645
0.0808283
0.17149
0.265753
0.25986
0.0478262
0.0773565
0.14305
0.161973
0.145345
0.0423333
0.037456
0.265753
0.265753
0.186589
0.195771
0.265753
0.0241487
0.0277215
0.0632509
0.0662097
0.264208
0.264208
0.0714771
0.0458684
0.0206208
0.0209627
0.0464986
0.0743813
0.0869862
0.243007
0.11072
0.0925248
0.0573843
0.0244805
0.144211
0.14176
0.0464436
0.0518138
0.264208
0.264208
0.136277
0.176046
0.264208
0.200842
0.264208
0.264208
0.21725
0.264208
0.220063
0.217657
0.174968
0.124352
0.0253512
0.0503017
0.0776094
0.0918056
0.235967
0.12243
0.0818974
0.0626478
0.0256461
0.0318389
0.0517535
0.0540313
0.0517817
0.156115
0.154786
0.0347574
0.0372707
0.027847
0.208646
0.342391
0.298973
0.251797
0.342391
0.301453
0.171593
0.117997
0.0487184
0.0148784
0.0885329
0.0927416
0.0992089
0.342391
0.342391
0.0879698
0.0523374
0.0240287
0.0376734
0.0517981
0.0527282
0.0486412
0.133219
0.166726
0.0330057
0.0363844
0.0310941
0.0217721
0.0313118
0.016199
0.0538514
0.0649947
0.0342403
0.0153419
0.0839053
0.0490253
0.00834566
0.0869488
0.0907626
0.0969767
0.3514
0.3514
0.208163
0.02345
0.0106013
0.0268483
0.280834
0.178818
0.350774
0.3514
0.3514
0.3514
0.0251128
0.0148887
0.0210853
0.0335725
0.0137061
0.0366125
0.0451942
0.0266565
0.0184011
0.0574452
0.0355119
0.22778
0.205751
0.221092
0.202942
0.199178
0.0366669
0.0254842
0.0441852
0.0502312
0.0143569
0.169905
0.11477
0.220563
0.31278
0.31278
0.31278
0.0158227
0.00852845
0.12323
0.193266
0.162882
0.31278
0.31278
0.31278
0.0141454
0.0321492
0.0177089
0.106083
0.155836
0.151416
0.170796
0.208204
0.165806
0.263867
0.263867
0.263867
0.0579679
0.158094
0.189416
0.131536
0.110876
0.0180835
0.0962251
0.0648276
0.0199261
0.163601
0.199796
0.0859702
0.263867
0.263867
0.263867
0.263867
0.193589
0.263867
0.102143
0.127125
0.103468
0.0875784
0.133227
0.0258567
0.0194893
0.0185858
0.0289727
0.0727113
0.170774
0.233459
0.178316
0.157667
0.0319031
0.120292
0.0872416
0.0298317
0.2568
0.270587
0.154612
0.25132
0.285647
0.285647
0.0768435
0.0497967
0.0145726
0.0879726
0.120774
0.133595
0.116941
0.230501
0.0475926
0.029449
0.0252676
0.00906026
0.285647
0.285647
0.113523
0.207772
0.285647
0.0282431
0.101449
0.0901434
0.0387379
0.166725
0.182257
0.0988173
0.162426
0.26418
0.26418
0.0404518
0.0590226
0.0966654
0.108346
0.10755
0.0398184
0.0347857
0.26418
0.26418
0.187561
0.183261
0.26418
0.243059
0.248148
0.115759
0.11373
0.26418
0.0313001
0.0660904
0.096513
0.073372
0.0822342
0.103205
0.082735
0.048867
0.12624
0.0969056
0.131373
0.262113
0.26418
0.0826379
0.103798
0.0431587
0.0430809
0.257149
0.257149
0.118031
0.138435
0.257149
0.121054
0.257149
0.239486
0.199909
0.257149
0.228403
0.175834
0.113759
0.075556
0.0608572
0.1138
0.110269
0.0445931
0.102911
0.0520756
0.111535
0.25438
0.257149
0.154883
0.257149
0.111588
0.176994
0.257149
0.0248461
0.0699025
0.0697197
0.0590579
0.130414
0.274963
0.248371
0.232638
0.314492
0.306331
0.144833
0.0792406
0.0345699
0.0154674
0.0598357
0.0657041
0.0820399
0.314492
0.314492
0.0810651
0.0341208
0.0143864
0.184053
0.314492
0.126783
0.207182
0.314492
0.0134586
0.0865639
0.103437
0.0456905
0.0139611
0.0535341
0.135657
0.0550659
0.0741229
0.0272318
0.0686937
0.0542319
0.0150886
0.0112447
0.082559
0.089961
0.10941
0.372334
0.372334
0.197428
0.0234514
0.00961398
0.0275615
0.191673
0.162339
0.284524
0.372334
0.372334
0.302557
0.0308155
0.013812
0.0148315
0.0657553
0.143832
0.0803335
0.0681694
0.0439707
0.12019
0.0980092
0.0298603
0.0328737
0.101388
0.130442
0.139351
0.109818
0.0851032
0.0875924
0.0491779
0.0310104
0.0180062
0.143531
0.129361
0.215969
0.334439
0.334439
0.334439
0.0319068
0.0103926
0.117169
0.274453
0.142548
0.334439
0.334439
0.334439
0.0267938
0.0529727
0.02436
0.0249086
0.0818136
0.0885594
0.134114
0.120894
0.0956204
0.101932
0.0626679
0.0388528
0.0149859
0.0275719
0.0487446
0.130315
0.174596
0.0782717
0.0157204
0.00702844
0.00256553
0.123763
0.135332
0.0501476
0.227238
0.273932
0.232539
0.22549
0.152578
0.259321
0.0610844
0.0914988
0.0659163
0.084891
0.127074
0.0339423
0.040363
0.0320481
0.0147279
0.119428
0.0630517
0.0866136
0.221402
0.273932
0.1835
0.273932
0.273932
0.273932
0.0288224
0.0547335
0.0809218
0.273932
0.273932
0.145516
0.0628111
0.0602971
0.0102931
0.0468067
0.0832978
0.0764415
0.107731
0.171679
0.0516058
0.0397825
0.020273
0.00293887
0.296099
0.257412
0.0973229
0.162151
0.315197
0.0359333
0.0864358
0.0702836
0.0203258
0.0118149
0.0593418
0.0736457
0.316243
0.316243
0.249625
0.0570111
0.0199626
0.00349762
0.140649
0.229141
0.186282
0.316243
0.316243
0.228537
0.0162096
0.026747
0.0287024
0.22641
0.232933
0.133723
0.154692
0.281462
0.056519
0.0830998
0.0778347
0.0528429
0.0702895
0.106962
0.0897312
0.0614521
0.094248
0.089573
0.145227
0.247256
0.281462
0.0931156
0.144668
0.128821
0.281462
0.281462
0.281462
0.079738
0.0702435
0.0415813
0.0325322
0.0478658
0.0397424
0.125366
0.281462
0.211483
0.262972
0.17279
0.0863446
0.0642133
0.16336
0.151069
0.0559076
0.0895669
0.0769684
0.169958
0.251664
0.251664
0.190399
0.251664
0.138255
0.214908
0.251664
0.0367098
0.0774621
0.0814988
0.0929038
0.0322142
0.0300388
0.0212609
0.100635
0.251664
0.248007
0.251664
0.250288
0.119659
0.156384
0.251664
0.153827
0.236971
0.251664
0.0356525
0.0636824
0.0615208
0.0720029
0.27206
0.27206
0.204448
0.27206
0.27206
0.031773
0.123852
0.151866
0.0984276
0.0282518
0.0879999
0.211875
0.0801879
0.104186
0.0371959
0.10542
0.10531
0.0292521
0.230037
0.27206
0.250505
0.27206
0.27206
0.0454715
0.0865562
0.0930921
0.0881305
0.0198867
0.0768249
0.265923
0.123995
0.0670655
0.0320947
0.0838689
0.212304
0.0643369
0.0474829
0.179007
0.251589
0.179081
0.159291
0.0558225
0.226136
0.237928
0.0778811
0.0887274
0.125727
0.251589
0.230967
0.218967
0.0912225
0.0977799
0.155215
0.0881646
0.0333285
0.163134
0.251589
0.241535
0.108894
0.104648
0.168179
0.251589
0.154273
0.0249627
0.078575
0.166294
0.251589
0.251589
0.081802
0.0750707
0.132325
0.107626
0.0859197
0.160312
0.259768
0.27622
0.27622
0.113467
0.13763
0.217956
0.132376
0.0565357
0.0733677
0.140737
0.246935
0.269468
0.158209
0.0545567
0.0184285
0.00953824
0.0375604
0.111731
0.146322
0.27622
0.27622
0.105014
0.0944435
0.147929
0.17086
0.0384025
0.0744921
0.0758788
0.27622
0.27622
0.185501
0.0213796
0.0189469
0.00763543
0.114825
0.0575842
0.0788501
0.157943
0.264621
0.161362
0.264621
0.264621
0.264621
0.0221668
0.0647611
0.0824986
0.264621
0.264621
0.14631
0.0927714
0.0866861
0.0126756
0.264621
0.209685
0.122354
0.118322
0.169065
0.079671
0.0820695
0.264621
0.264621
0.0367012
0.0558138
0.0610263
0.222841
0.264621
0.0567475
0.0155944
0.0236572
0.0200876
0.0111143
0.0732711
0.0847985
0.308978
0.308978
0.254946
0.0891389
0.0462691
0.00995937
0.16537
0.266741
0.204962
0.308978
0.308978
0.237604
0.0314611
0.0526404
0.0338721
0.0201472
0.0483672
0.066393
0.291033
0.308978
0.0610839
0.0157493
0.0283291
0.0385055
0.0134348
0.00411266
0.0311495
0.0989354
0.181989
0.0371828
0.0555423
0.198824
0.216178
0.122425
0.189902
0.174468
0.285021
0.285021
0.285021
0.0958708
0.104849
0.0470254
0.0450969
0.0668129
0.0547098
0.141248
0.285021
0.226472
0.285021
0.248855
0.100644
0.0102844
0.00486507
0.0435399
0.125209
0.227587
0.0562775
0.0753504
0.221706
0.187739
0.0253793
0.0207524
0.0442273
0.13331
0.175991
0.108695
0.188476
0.2393
0.134241
0.0522939
0.0542874
0.0349051
0.111933
0.243683
0.243683
0.243683
0.243683
0.133005
0.19712
0.243683
0.182747
0.243683
0.243683
0.0599515
0.103211
0.0796298
0.118448
0.0592931
0.0955523
0.0483761
0.156417
0.220885
0.128511
0.205598
0.243683
0.127752
0.186265
0.243683
0.0818029
0.188536
0.243683
0.0226929
0.0872354
0.0495137
0.106468
0.272523
0.272523
0.272523
0.272523
0.272523
0.0734641
0.122684
0.104408
0.134033
0.0209201
0.0942633
0.272523
0.130188
0.0935993
0.0445402
0.100045
0.264371
0.0783152
0.272523
0.272523
0.127596
0.272523
0.272523
0.0260353
0.0904301
0.0606081
0.115447
0.0325988
0.0914088
0.0832804
0.0681586
0.0686927
0.0578295
0.0822493
0.0602674
0.0578786
0.0455241
0.2219
0.257654
0.257654
0.164904
0.122519
0.192906
0.257654
0.180654
0.0493572
0.148311
0.207725
0.257654
0.257654
0.110459
0.116817
0.177324
0.144323
0.0441975
0.179563
0.219377
0.177741
0.155098
0.115782
0.138414
0.128542
0.085732
0.0638562
0.190296
0.197997
0.244423
0.147751
0.041038
0.0370953
0.018923
0.0106369
0.0704506
0.214272
0.205568
0.269024
0.269024
0.125892
0.150465
0.161558
0.210252
0.0881092
0.116662
0.097683
0.269024
0.269024
0.185168
0.0378142
0.0328322
0.0133319
0.0676956
0.223429
0.261888
0.269024
0.167055
0.0568688
0.0513618
0.0239397
0.00495559
0.0256025
0.0391575
0.0848384
0.269024
0.269024
0.224048
0.0701045
0.0400081
0.00146479
0.248106
0.20623
0.210195
0.133503
0.201601
0.113091
0.0873171
0.248106
0.248106
0.0367514
0.067554
0.0897527
0.248106
0.248106
0.0742032
0.0297952
0.0425573
0.0261475
0.132121
0.215553
0.248106
0.248106
0.243868
0.099767
0.124776
0.19014
0.248106
0.0288134
0.079409
0.0624513
0.239267
0.248106
0.0557087
0.0189757
0.00850881
0.0255599
0.0187887
0.0736084
0.134397
0.302316
0.302316
0.0928457
0.0391312
0.0687082
0.0656525
0.0243856
0.00252719
0.0443684
0.163186
0.253214
0.0734007
0.0922669
0.302316
0.302316
0.0683123
0.192955
0.0554295
0.302316
0.302316
0.0820714
0.0223713
0.00807528
0.0169627
0.114504
0.0168403
0.0234229
0.105634
0.250906
0.040017
0.0586191
0.253673
0.302316
0.0195375
0.00517347
0.0760027
0.232555
0.273064
0.0854933
0.098467
0.273064
0.273064
0.0364769
0.0255534
0.0766768
0.189586
0.186636
0.152552
0.273064
0.273064
0.194791
0.113859
0.0348069
0.0340758
0.122102
0.273064
0.0511426
0.0690908
0.266467
0.273064
0.118907
0.0410358
0.0108785
0.0747128
0.180884
0.0546832
0.124342
0.138304
0.245901
0.0958898
0.142612
0.0735856
0.17734
0.203947
0.135757
0.237589
0.237589
0.141203
0.237589
0.237589
0.123844
0.187216
0.237589
0.0443944
0.13841
0.0824267
0.148354
0.221309
0.0910265
0.0198113
0.108063
0.237589
0.0489012
0.115942
0.120678
0.219559
0.237589
0.158851
0.0469246
0.133491
0.237589
0.0350344
0.0680909
0.215005
0.237589
0.284428
0.284428
0.172189
0.264366
0.284428
0.0424031
0.122432
0.0883367
0.149164
0.0589419
0.103572
0.0711744
0.0671053
0.0827221
0.0742323
0.0941679
0.0643685
0.0637137
0.284428
0.257795
0.0659417
0.243247
0.284428
0.0469993
0.0732673
0.23505
0.284428
0.125524
0.0779791
0.0419753
0.0956804
0.284428
0.0463128
0.053551
0.040728
0.0436478
0.133609
0.237657
0.237657
0.22684
0.221793
0.178959
0.194667
0.174655
0.117212
0.12513
0.237657
0.237657
0.237657
0.200351
0.0680328
0.0676438
0.0186287
0.0113177
0.213035
0.153372
0.129355
0.22712
0.237657
0.171869
0.162124
0.0787506
0.0479457
0.0998892
0.139827
0.161837
0.174482
0.237657
0.099147
0.0896249
0.0292706
0.00780074
0.120566
0.284965
0.284965
0.284965
0.219413
0.081377
0.0742791
0.0119898
0.000219588
0.0640348
0.0657543
0.095259
0.284965
0.284965
0.237507
0.0819812
0.0629904
0.00339944
0.0485108
0.153096
0.19737
0.199805
0.203226
0.118841
0.0947527
0.0289854
0.00482713
0.0515453
0.15136
0.24719
0.284965
0.284965
0.114142
0.0325205
0.0342314
0.0115111
0.164397
0.245692
0.265115
0.265115
0.265115
0.140167
0.122188
0.171286
0.265115
0.0320584
0.0741563
0.0746748
0.263414
0.265115
0.060655
0.0277587
0.0104655
0.0175501
0.214429
0.232361
0.209575
0.265115
0.265115
0.119361
0.100561
0.0793865
0.108307
0.019838
0.0579865
0.0428494
0.114614
0.253653
0.019553
0.0213725
0.0084655
0.00834794
0.0594292
0.141522
0.0660655
0.334011
0.334011
0.0795648
0.0346287
0.0123673
0.0171509
0.122401
0.0168317
0.0377628
0.125706
0.334011
0.0603123
0.0841302
0.334011
0.334011
0.0444697
0.114807
0.0534858
0.159053
0.334011
0.0259929
0.0255188
0.00991177
0.0297574
0.199778
0.032812
0.110735
0.0697723
0.141963
0.0291938
0.0875124
0.0868027
0.334011
0.121381
0.0339985
0.047422
0.154498
0.325238
0.0707729
0.0916388
0.325238
0.325238
0.158738
0.0470628
0.0175067
0.0759231
0.22504
0.0695331
0.155196
0.171693
0.280444
0.222397
0.0321243
0.079876
0.0700926
0.16658
0.0739202
0.101433
0.106826
0.325238
0.104817
0.0544708
0.212913
0.0724857
0.076981
0.108061
0.147904
0.177149
0.21953
0.240673
0.122151
0.0302065
0.109793
0.240673
0.0594105
0.13475
0.134089
0.228493
0.240673
0.236853
0.0723144
0.131931
0.240673
0.0423309
0.0797287
0.240673
0.240673
0.161041
0.0628754
0.106344
0.131444
0.240673
0.127319
0.142322
0.167414
0.203553
0.199202
0.078303
0.0658784
0.1745
0.240673
0.00947155
0.0827535
0.168173
0.223024
0.276501
0.276501
0.0835781
0.204904
0.276501
0.0430641
0.068278
0.241802
0.276501
0.160127
0.0994877
0.0265396
0.0788393
0.255059
0.0440912
0.0478682
0.0396433
0.0408967
0.276501
0.107854
0.0311061
0.266273
0.276501
0.0150439
0.0820286
0.168566
0.210573
0.256472
0.114429
0.0425642
0.0955456
0.235091
0.0301796
0.0378286
0.0341805
0.0230881
0.263307
0.218258
0.0932391
0.211774
0.263307
0.178889
0.158236
0.0928803
0.0704598
0.137074
0.171389
0.185865
0.204253
0.263307
0.119974
0.0966517
0.025704
0.0116714
0.263307
0.263307
0.146461
0.263307
0.263307
0.127861
0.135075
0.117703
0.053019
0.166053
0.128064
0.0629115
0.115187
0.214813
0.0707072
0.0504484
0.0410267
0.0680608
0.0829145
0.203035
0.253567
0.28782
0.322135
0.174412
0.12243
0.0314338
0.0136808
0.0727971
0.202169
0.2793
0.323291
0.323291
0.150207
0.0389104
0.0531451
0.023004
0.0665374
0.106421
0.08587
0.130145
0.171811
0.11049
0.08289
0.0576604
0.0610502
0.0508486
0.111848
0.107632
0.196449
0.323291
0.118734
0.100268
0.0454269
0.0452526
0.285948
0.285948
0.264455
0.285948
0.285948
0.180825
0.123765
0.0930187
0.158136
0.0272476
0.0688597
0.0556229
0.135008
0.285948
0.0259703
0.0369101
0.0133725
0.00113879
0.117148
0.285948
0.226513
0.285948
0.285948
0.0429458
0.0312218
0.031792
0.0484857
0.00763692
0.0172219
0.0438351
0.118561
0.274573
0.0479127
0.00237322
0.000937719
0.000158631
0.0491927
0.0876228
0.0620616
0.189279
0.34748
0.0232971
0.0444991
0.0189457
0.0358272
0.246396
0.0275837
0.0924858
0.083065
0.228597
0.0461907
0.0979607
0.135683
0.34748
0.0253324
0.0275469
0.0744433
0.184673
0.34748
0.0647021
0.00464169
0.0156767
0.0707974
0.305878
0.0223457
0.051015
0.0670425
0.184419
0.128309
0.191247
0.255045
0.34748
0.218961
0.0223262
0.0534824
0.0731713
0.21352
0.0596211
0.0991409
0.128112
0.3203
0.135966
0.0706224
0.143686
0.04889
0.110017
0.115933
0.13735
0.148003
0.207397
0.283578
0.0197666
0.0343087
0.0893047
0.207373
0.110859
0.153346
0.196499
0.3203
0.103555
0.0855283
0.0848541
0.201916
0.309073
0.199633
0.245584
0.193833
0.0167987
0.176127
0.0844517
0.0770912
0.131463
0.26808
0.118604
0.147645
0.149403
0.209723
0.205258
0.0891103
0.0478159
0.187583
0.26808
0.0248345
0.0863473
0.172367
0.235093
0.111491
0.0781629
0.0464518
0.26808
0.26808
0.180128
0.203434
0.129873
0.0322569
0.140878
0.0613975
0.0251211
0.265001
0.26808
0.0292177
0.0700618
0.10945
0.26808
0.275508
0.126872
0.0237291
0.294683
0.299677
0.0196841
0.0751652
0.170517
0.235478
0.266019
0.14001
0.0404177
0.0948669
0.237789
0.0261288
0.0336469
0.0368519
0.0271474
0.171922
0.0731396
0.022125
0.299677
0.299677
0.0234562
0.0435078
0.0928543
0.299677
0.188748
0.125913
0.0495567
0.112385
0.299677
0.0350344
0.0261347
0.0399559
0.0549063
0.288709
0.288709
0.133925
0.244349
0.288709
0.0935853
0.0965501
0.116566
0.0740507
0.171675
0.132454
0.0576343
0.117814
0.196433
0.0755194
0.0484487
0.0370668
0.0740395
0.288709
0.288709
0.188215
0.280506
0.288709
0.151508
0.0833042
0.12358
0.137333
0.0698659
0.093177
0.103108
0.0792169
0.203601
0.0828626
0.0642675
0.0422817
0.0673505
0.123688
0.144587
0.102271
0.174669
0.230809
0.152564
0.106484
0.0690539
0.103647
0.142003
0.154626
0.131343
0.266595
0.266595
0.175502
0.130093
0.0654442
0.107141
0.0793086
0.12797
0.191182
0.147946
0.239742
0.183915
0.120881
0.0716916
0.0922178
0.236747
0.266595
0.266595
0.266595
0.266595
0.0620859
0.0374019
0.0168086
0.077011
0.1317
0.258303
0.228247
0.258303
0.258303
0.113418
0.0482283
0.0302269
0.0906785
0.00816272
0.0185599
0.0456213
0.139348
0.258303
0.0507584
0.00119429
0.00111055
0.000718611
0.168693
0.258303
0.231967
0.258303
0.258303
0.258303
0.235013
0.143002
0.179841
0.0687965
0.157423
0.12764
0.194318
0.258303
0.0791261
0.0261075
0.0214255
0.00155885
0.020425
0.0256903
0.0739981
0.19941
0.281557
0.0607037
0.0044579
0.0228068
0.0537886
0.2036
0.016696
0.0267157
0.0758414
0.199794
0.149443
0.157351
0.269684
0.281557
0.0544633
0.171282
0.200725
0.281557
0.281557
0.0913804
0.0485691
0.0376755
0.0126938
0.0742652
0.0327283
0.0429306
0.167943
0.251956
0.281557
0.217633
0.174982
0.281557
0.126469
0.0105824
0.0186667
0.0590802
0.137184
0.0725492
0.0909064
0.151456
0.302397
0.0554838
0.0592939
0.0613645
0.0807284
0.177178
0.145495
0.137103
0.101723
0.0235701
0.035876
0.0177413
0.0444782
0.102034
0.211072
0.159949
0.161636
0.260886
0.302397
0.204841
0.188995
0.237719
0.302397
0.302397
0.142997
0.162982
0.219035
0.228834
0.0725277
0.0645007
0.0420589
0.145091
0.296333
0.125885
0.129088
0.0734734
0.0295338
0.0863147
0.0566263
0.023607
0.139644
0.288051
0.0272301
0.0478556
0.0662039
0.162314
0.126552
0.202241
0.165204
0.296333
0.296333
0.159389
0.213625
0.296333
0.296333
0.118014
0.178147
0.0593855
0.184971
0.296333
0.0904689
0.0456585
0.0530244
0.0539858
0.201429
0.130595
0.0370982
0.296493
0.296493
0.0353293
0.0579457
0.0935382
0.296493
0.198719
0.148755
0.054873
0.106147
0.296493
0.0547226
0.0403741
0.0345297
0.0452366
0.169994
0.296493
0.0557474
0.273684
0.296493
0.164315
0.0902334
0.0926945
0.10647
0.0795298
0.12284
0.0822862
0.0960531
0.296493
0.163135
0.0438011
0.0216329
0.0116913
0.284022
0.284022
0.137501
0.184403
0.284022
0.134111
0.0826173
0.0679973
0.0762145
0.0528365
0.0616943
0.0591927
0.083737
0.284022
0.0814093
0.0467044
0.0238115
0.0452296
0.165368
0.257316
0.191911
0.204844
0.284022
0.284022
0.0888437
0.0485035
0.0346073
0.00461786
0.0382407
0.0520042
0.28337
0.284022
0.216578
0.0280491
0.0463629
0.022523
0.0446835
0.0564132
0.0740255
0.107065
0.313412
0.107902
0.0521357
0.024708
0.0446505
0.133505
0.19396
0.163915
0.313412
0.313412
0.0622324
0.0138978
0.00692286
0.0530938
0.00101169
0.0325066
0.0419348
0.313412
0.313412
0.259642
0.0495208
0.0557456
0.0275394
0.00964267
0.0385671
0.0784458
0.313412
0.313412
0.313412
0.0372165
0.0113037
0.00750194
0.201808
0.264504
0.264504
0.264504
0.264504
0.264504
0.220708
0.138122
0.234844
0.0531927
0.1282
0.116903
0.235767
0.264504
0.0718274
0.0171525
0.0162009
0.00205877
0.128574
0.224676
0.193955
0.205781
0.264504
0.107901
0.0261112
0.052631
0.0235888
0.0846535
0.133199
0.116401
0.139521
0.174833
0.0178392
0.00942429
0.0152947
0.0245631
0.0339656
0.116055
0.137555
0.276295
0.276295
0.0625534
0.0261008
0.0284242
0.0071568
0.0448797
0.027983
0.036019
0.133499
0.202701
0.242128
0.249395
0.276295
0.211029
0.0900406
0.161006
0.127679
0.14687
0.225538
0.0249667
0.0141072
0.0130926
0.0332022
0.199256
0.0246173
0.018767
0.0529529
0.197988
0.258989
0.276295
0.276295
0.276295
0.0226958
0.0153637
0.0361982
0.0853054
0.165289
0.122209
0.151989
0.248013
0.189527
0.122328
0.127649
0.174672
0.248013
0.248013
0.123513
0.151245
0.170007
0.137176
0.0872775
0.0137699
0.0195018
0.041719
0.112337
0.135313
0.248013
0.248013
0.198309
0.191914
0.131508
0.100423
0.190546
0.248013
0.248013
0.248013
0.248013
0.0864374
0.0853247
0.117017
0.100859
0.233046
0.241097
0.101512
0.14624
0.175759
0.167221
0.0841718
0.115137
0.0446705
0.215183
0.241097
0.0600069
0.0504516
0.0822838
0.0687829
0.191105
0.10437
0.0553332
0.152114
0.241097
0.193526
0.241097
0.241097
0.122887
0.185392
0.14703
0.0774536
0.236184
0.241097
0.218164
0.110602
0.232223
0.176775
0.129945
0.22154
0.0472072
0.23807
0.266165
0.0700237
0.0722163
0.111761
0.102773
0.0383829
0.102687
0.0574833
0.103363
0.199725
0.0701873
0.0278297
0.00903294
0.00298382
0.266165
0.266165
0.132094
0.266165
0.266165
0.192551
0.154245
0.266165
0.266165
0.0814717
0.266165
0.163089
0.136607
0.261169
0.0685093
0.0134298
0.0129579
0.00750798
0.0984766
0.280587
0.155107
0.23188
0.34474
0.134214
0.0612625
0.0183551
0.0117036
0.00317052
0.0167547
0.0254024
0.124608
0.34474
0.108755
0.0158762
0.0120569
0.00620535
0.221404
0.34474
0.34474
0.34474
0.34474
0.0648675
0.0333458
0.0323307
0.0105266
0.00927107
0.0202029
0.0477622
0.0575406
0.0758037
0.0388594
0.0176109
0.0193324
0.0135184
0.00490486
0.0361644
0.0493404
0.337141
0.359729
0.291289
0.0516083
0.0398188
0.0205015
0.0120184
0.0268528
0.0753299
0.359729
0.359729
0.359729
0.0442496
0.0149873
0.00547774
0.0374135
0.0572319
0.109711
0.143064
0.226862
0.121103
0.069869
0.0521857
0.0330192
0.0715461
0.0438491
0.0491078
0.150835
0.288963
0.16805
0.0807608
0.0518605
0.0389437
0.24426
0.284027
0.284027
0.284027
0.284027
0.14245
0.0350476
0.0911006
0.0477555
0.108775
0.186782
0.174135
0.230415
0.244277
0.0175749
0.0119798
0.0176583
0.027225
0.133714
0.15311
0.228046
0.284027
0.284027
0.171343
0.151952
0.0475418
0.0480633
0.0492584
0.0828882
0.107539
0.123723
0.200572
0.043899
0.0469263
0.0344301
0.028968
0.101766
0.194356
0.147613
0.217909
0.267779
0.025181
0.0164373
0.0145616
0.0383468
0.281328
0.0324251
0.0247853
0.0512125
0.254105
0.276803
0.34848
0.34848
0.34848
0.065957
0.0824069
0.0960706
0.120974
0.177475
0.0370576
0.0456511
0.0289871
0.0516831
0.0420973
0.0131931
0.03179
0.0353724
0.120152
0.201781
0.263942
0.0845656
0.098575
0.1371
0.0225034
0.0290978
0.0573314
0.160965
0.168212
0.259644
0.259644
0.259644
0.259644
0.209376
0.127452
0.246133
0.259644
0.259644
0.259644
0.259644
0.0959314
0.0208778
0.00515037
0.0233136
0.0284325
0.0819935
0.137776
0.136309
0.0692238
0.0669415
0.0140687
0.0753264
0.0678909
0.20207
0.259644
0.217923
0.163681
0.0598067
0.0348501
0.220279
0.114898
0.0723441
0.156173
0.260596
0.178273
0.260596
0.242445
0.118109
0.214097
0.125646
0.0876167
0.260596
0.260596
0.260596
0.146157
0.260596
0.260596
0.0229342
0.0304648
0.0331561
0.0808921
0.164125
0.142306
0.107934
0.0800766
0.0668674
0.0395165
0.0382457
0.0444886
0.182306
0.260596
0.0953427
0.102579
0.112304
0.144622
0.260573
0.260573
0.132741
0.260573
0.260573
0.177249
0.15232
0.260573
0.260573
0.0813085
0.260573
0.158178
0.184553
0.260573
0.0599899
0.0128376
0.00890418
0.00534769
0.058633
0.0583229
0.0750935
0.165022
0.260573
0.0949373
0.114963
0.138525
0.176909
0.120493
0.148057
0.149197
0.209744
0.176654
0.0271444
0.00725994
0.0012247
0.000760531
0.205424
0.329476
0.329476
0.329476
0.329476
0.0535714
0.0280515
0.0205184
0.00689654
0.0137198
0.0236005
0.0352709
0.0372835
0.0424922
0.0309148
0.013134
0.0133167
0.0109488
0.257462
0.329476
0.329476
0.329476
0.320821
0.0741292
0.0162964
0.0035704
0.00171512
0.0168149
0.0433219
0.0399345
0.06418
0.0521671
0.0237802
0.0189619
0.0253125
0.00578387
0.0988458
0.143047
0.183651
0.1838
0.234457
0.198076
0.104611
0.0987334
0.0773055
0.161424
0.151417
0.117334
0.193018
0.234457
0.221204
0.148238
0.136971
0.104657
0.0734051
0.234457
0.19081
0.234457
0.234457
0.185035
0.107005
0.140303
0.0462836
0.0817898
0.180973
0.147228
0.234457
0.234457
0.191868
0.074091
0.17575
0.0855386
