0.0568764
0.126357
0.232135
0.286992
0.31303
0.300068
0.0850104
0.0883207
0.052051
0.0737961
0.133417
0.119847
0.255139
0.31303
0.243404
0.139679
0.0924552
0.108514
0.0760524
0.135664
0.170569
0.160356
0.14949
0.176917
0.113622
0.126234
0.0894416
0.072716
0.183518
0.160164
0.0730929
0.168469
0.158255
0.159895
0.0987462
0.104008
0.0706885
0.135939
0.107392
0.271679
0.311415
0.231316
0.134179
0.102249
0.133988
0.0625685
0.135267
0.187702
0.311415
0.311415
0.231091
0.112208
0.084634
0.162711
0.0797194
0.181824
0.114408
0.0746484
0.16107
0.144274
0.134556
0.106194
0.129446
0.126032
0.167567
0.167766
0.133419
0.152062
0.0948171
0.0873724
0.127817
0.215131
0.0617592
0.132893
0.178805
0.284555
0.284555
0.269826
0.111084
0.0913204
0.180239
0.0660158
0.0724106
0.0856626
0.279524
0.284555
0.284555
0.0838295
0.100601
0.113015
0.120752
0.139338
0.14496
0.154058
0.180564
0.0965729
0.0780429
0.118473
0.210588
0.111183
0.0693825
0.121685
0.148448
0.17764
0.14445
0.151233
0.189024
0.146677
0.0654558
0.0674226
0.0901165
0.250129
0.28706
0.258404
0.0698947
0.109508
0.106822
0.148882
0.151938
0.11626
0.188428
0.28706
0.159553
0.028797
0.107768
0.0899523
0.0933648
0.0831501
0.15632
0.165654
0.218249
0.133264
0.130917
0.15287
0.148432
0.169501
0.226772
0.221077
0.216407
0.18548
0.0887499
0.167265
0.217662
0.177243
0.120507
0.124078
0.0808021
0.16609
0.28581
0.145356
0.0371486
0.115068
0.0964297
0.092654
0.0574318
0.042097
0.174568
0.28581
0.16843
0.193428
0.157156
0.0951686
0.175223
0.205293
0.206265
0.198755
0.177865
0.107713
0.172462
0.178045
0.197571
0.155416
0.207021
0.0600671
0.154184
0.238788
0.0907247
0.199597
0.274226
0.102876
0.0779431
0.0868444
0.0383645
0.177859
0.269116
0.190123
0.185645
0.141635
0.0912107
0.100616
0.0952768
0.0441835
0.217451
0.269116
0.209618
0.0840605
0.113425
0.0809048
0.168917
0.201414
0.0617084
0.15809
0.224804
0.10971
0.236024
0.215752
0.146341
0.1799
0.19627
0.176695
0.174814
0.269116
0.0633764
0.138702
0.160129
0.180144
0.100594
0.155962
0.0760385
0.196429
0.285975
0.268144
0.0915315
0.114433
0.0868507
0.0633105
0.111134
0.108959
0.156491
0.285975
0.164206
0.0760423
0.100304
0.121921
0.199433
0.213937
0.166773
0.198728
0.285975
0.10244
0.192403
0.168897
0.244088
0.0859373
0.142636
0.152092
0.0974873
0.19441
0.10998
0.187772
0.138926
0.106079
0.109199
0.174771
0.200907
0.206453
0.200353
0.206453
0.175594
0.181903
0.106728
0.103724
0.206453
0.185965
0.135967
0.206453
0.203795
0.167755
0.139946
0.18075
0.0621112
0.151267
0.132385
0.206453
0.206453
0.150047
0.168749
0.191214
0.0743085
0.0844553
0.129857
0.105979
0.171374
0.185791
0.206453
0.206453
0.137257
0.140279
0.105371
0.211267
0.12611
0.133339
0.211267
0.184969
0.154471
0.142235
0.191012
0.167312
0.211267
0.211267
0.166679
0.18248
0.145293
0.116102
0.131058
0.211267
0.0571081
0.117156
0.144565
0.153785
0.210372
0.211267
0.211267
0.150932
0.12929
0.0848507
0.137435
0.187062
0.108189
0.177134
0.168651
0.176625
0.182815
0.211267
0.141118
0.183699
0.174527
0.181896
0.195743
0.127976
0.104276
0.118896
0.208527
0.178783
0.115564
0.134976
0.188737
0.187702
0.17437
0.166388
0.188613
0.191867
0.0798754
0.157015
0.208527
0.122259
0.189998
0.113756
0.14678
0.149795
0.20021
0.15316
0.208527
0.180521
0.175101
0.208527
0.122123
0.0866643
0.195094
0.19496
0.116139
0.0912438
0.161763
0.194057
0.21011
0.153145
0.147527
0.176401
0.182403
0.138113
0.21011
0.21011
0.21011
0.189514
0.121649
0.208707
0.21011
0.167193
0.145339
0.17114
0.171435
0.166572
0.21011
0.0835712
0.0720279
0.185772
0.172308
0.0878726
0.14492
0.175744
0.138696
0.209182
0.196088
0.0935855
0.148514
0.150951
0.123945
0.210752
0.210912
0.210912
0.18296
0.131681
0.205291
0.20503
0.175726
0.152087
0.210125
0.091515
0.150451
0.210912
0.106028
0.210912
0.210912
0.0948681
0.0967332
0.136584
0.175373
0.144728
0.172941
0.158343
0.093158
0.145626
0.149672
0.108868
0.191619
0.0574572
0.180648
0.210912
0.147321
0.157527
0.205964
0.168755
0.16166
0.207021
0.10179
0.165521
0.214288
0.130281
0.214288
0.214288
0.137172
0.214288
0.214288
0.173987
0.166225
0.214288
0.0985551
0.164021
0.19441
0.199837
0.132777
0.204308
0.0775929
0.170056
0.214288
0.150632
0.149168
0.146576
0.148979
0.151869
0.144572
0.124436
0.187492
0.168368
0.11509
0.123629
0.0885813
0.146697
0.21964
0.21964
0.217178
0.203966
0.21964
0.158271
0.21964
0.21964
0.21964
0.122979
0.140591
0.179608
0.125938
0.21964
0.150002
0.21964
0.190858
0.113179
0.192359
0.166778
0.145921
0.183093
0.187765
0.135827
0.120318
0.0796262
0.173674
0.0380438
0.0538645
0.132421
0.157378
0.203547
0.115999
0.0723495
0.0872322
0.082467
0.0902994
0.114681
0.131136
0.213706
0.20511
0.146017
0.179949
0.182382
0.110819
0.0909433
0.118902
0.0997568
0.196461
0.213706
0.213706
0.204465
0.126361
0.122579
0.213706
0.137667
0.139588
0.213706
0.213706
0.132192
0.0778926
0.213706
0.213706
0.077938
0.130647
0.173503
0.174122
0.178506
0.154094
0.213706
0.204699
0.14946
0.0531806
0.0957283
0.121274
0.166836
0.214473
0.214473
0.209775
0.130737
0.114898
0.0908313
0.116452
0.148527
0.108209
0.191684
0.184235
0.165586
0.145031
0.200901
0.0829109
0.118718
0.172596
0.163475
0.190441
0.157119
0.214473
0.214473
0.197436
0.0868087
0.166841
0.157677
0.177336
0.214473
0.137838
0.214473
0.214473
0.214473
0.0783815
0.134654
0.178298
0.120684
0.196549
0.140249
0.157058
0.135123
0.163134
0.178264
0.199447
0.118084
0.166146
0.217738
0.144868
0.101449
0.137124
0.180066
0.115335
0.185228
0.159666
0.185523
0.217738
0.13358
0.217738
0.217738
0.217738
0.109487
0.206037
0.186655
0.17524
0.217738
0.120718
0.145509
0.153786
0.129265
0.174219
0.182436
0.173654
0.187903
0.212418
0.11814
0.116218
0.17553
0.201525
0.0886212
0.123933
0.212418
0.165916
0.20909
0.212418
0.145588
0.174944
0.199246
0.128464
0.212418
0.212418
0.194833
0.212418
0.119897
0.146851
0.151934
0.114556
0.0717248
0.109951
0.117105
0.130186
0.183604
0.171913
0.121312
0.133108
0.212418
0.0898582
0.139198
0.212895
0.194322
0.208047
0.202269
0.152453
0.194738
0.185088
0.127901
0.212895
0.112977
0.182799
0.212895
0.193847
0.212895
0.212895
0.212895
0.0798992
0.133451
0.143162
0.119183
0.196719
0.162455
0.1188
0.126965
0.184531
0.112347
0.153909
0.114297
0.163002
0.212593
0.127081
0.14147
0.141751
0.132077
0.14659
0.211718
0.134053
0.190127
0.211718
0.18236
0.181805
0.198
0.16033
0.185181
0.180618
0.169798
0.211718
0.186627
0.175208
0.188408
0.14315
0.13775
0.06977
0.145717
0.111758
0.134402
0.17364
0.116284
0.144534
0.137357
0.12425
0.105676
0.211718
0.166663
0.211718
0.211718
0.100931
0.142194
0.161515
0.192435
0.211537
0.196305
0.179093
0.208499
0.178696
0.177822
0.157536
0.113544
0.153447
0.058074
0.0653364
0.154206
0.18454
0.213859
0.101231
0.0748883
0.111991
0.0996606
0.079895
0.213859
0.130888
0.213859
0.213859
0.116784
0.169421
0.211886
0.213859
0.0872655
0.213859
0.179099
0.18022
0.213859
0.166637
0.107849
0.178346
0.195638
0.16848
0.0855777
0.151132
0.209115
0.209115
0.140485
0.0845652
0.174872
0.209115
0.0638511
0.105446
0.163616
0.15643
0.153161
0.131754
0.209115
0.149066
0.125606
0.188211
0.209115
0.126138
0.209115
0.193693
0.209115
0.209115
0.192371
0.209115
0.108212
0.155765
0.148471
0.149069
0.172619
0.152347
0.157011
0.132983
0.209115
0.0652244
0.101717
0.176167
0.184156
0.192772
0.17369
0.207951
0.188421
0.164921
0.0681125
0.146527
0.190285
0.186696
0.207951
0.152816
0.207951
0.207951
0.20621
0.112324
0.148583
0.144876
0.143734
0.154596
0.148215
0.196363
0.177682
0.207951
0.0918869
0.104992
0.189142
0.186101
0.185616
0.154376
0.206698
0.15341
0.0663005
0.0794384
0.140379
0.167018
0.184687
0.209105
0.158573
0.209105
0.200629
0.203946
0.0959193
0.186863
0.189052
0.169453
0.209105
0.136806
0.150742
0.1419
0.112069
0.126261
0.0949874
0.18123
0.187048
0.146761
0.148614
0.202579
0.161647
0.088082
0.118689
0.197564
0.190234
0.162009
0.144556
0.185201
0.204247
0.209105
0.153511
0.105931
0.21138
0.21138
0.190408
0.21138
0.145362
0.163962
0.14744
0.116272
0.0680835
0.0876864
0.135833
0.16798
0.18093
0.147974
0.128655
0.154494
0.21138
0.148914
0.21138
0.21138
0.21138
0.150447
0.184958
0.203654
0.21138
0.152234
0.0503921
0.194173
0.134118
0.205506
0.121694
0.143835
0.140256
0.21138
0.117358
0.0759113
0.120332
0.188689
0.172822
0.213116
0.157501
0.127357
0.149193
0.191788
0.0897422
0.127477
0.137866
0.17017
0.213116
0.150521
0.143056
0.181412
0.12908
0.0534634
0.213116
0.213116
0.213116
0.15839
0.131671
0.141754
0.199181
0.12954
0.114913
0.134253
0.129242
0.159085
0.213116
0.213116
0.213116
0.213116
0.213116
0.062991
0.134086
0.120392
0.13736
0.185869
0.12267
0.147672
0.161425
0.106373
0.0939823
0.215838
0.195485
0.215838
0.215838
0.111249
0.169244
0.154895
0.141444
0.0926987
0.133736
0.143435
0.147215
0.179184
0.140432
0.215838
0.215838
0.210131
0.121502
0.215838
0.157849
0.215838
0.201611
0.0934669
0.215838
0.215838
0.175521
0.0730857
0.211805
0.112707
0.185719
0.195823
0.100205
0.178057
0.186555
0.18838
0.0818367
0.188689
0.163442
0.166932
0.211581
0.110867
0.0950462
0.15325
0.171317
0.114358
0.211805
0.161192
0.211805
0.198561
0.0720714
0.211805
0.176488
0.120609
0.133108
0.175452
0.163451
0.211805
0.199371
0.131896
0.141153
0.17448
0.211805
0.137743
0.208622
0.150789
0.208622
0.208622
0.183655
0.208622
0.183998
0.197668
0.100829
0.151267
0.191064
0.17546
0.177646
0.157178
0.189119
0.143051
0.188109
0.107724
0.178613
0.106926
0.151144
0.181824
0.139419
0.208622
0.208622
0.108849
0.0846952
0.180631
0.0922426
0.15448
0.208622
0.181551
0.149874
0.154655
0.0714639
0.0968737
0.142217
0.18041
0.189803
0.194417
0.175689
0.207528
0.17185
0.197412
0.0878462
0.106568
0.207528
0.198558
0.191405
0.183315
0.198486
0.163831
0.040409
0.111422
0.176914
0.130692
0.189922
0.207528
0.179933
0.15045
0.153339
0.130131
0.176042
0.0931482
0.179053
0.173395
0.177631
0.207528
0.133239
0.168703
0.154549
0.109079
0.0823878
0.206886
0.184143
0.159893
0.177959
0.194128
0.16202
0.0649289
0.140496
0.206886
0.206886
0.196379
0.162125
0.170291
0.20573
0.206886
0.140991
0.155351
0.0919859
0.154958
0.159481
0.177386
0.206886
0.119097
0.127158
0.155497
0.152297
0.206886
0.206886
0.185977
0.094577
0.172793
0.200151
0.150459
0.1389
0.152284
0.199355
0.205299
0.205299
0.156518
0.169557
0.184042
0.205299
0.141081
0.0398413
0.151983
0.12682
0.205299
0.153424
0.124388
0.104346
0.168436
0.115529
0.109229
0.204148
0.205299
0.188491
0.141141
0.20181
0.201265
0.138867
0.151094
0.0264191
0.19595
0.175637
0.154848
0.205299
0.145936
0.161291
0.205299
0.170256
0.0432737
0.164473
0.16158
0.20752
0.173861
0.130223
0.108667
0.158003
0.131854
0.103567
0.120364
0.111091
0.149396
0.193863
0.195226
0.20752
0.20752
0.166906
0.0143562
0.183999
0.20752
0.177155
0.20752
0.192317
0.204192
0.20752
0.196997
0.0326601
0.0932524
0.147642
0.190622
0.20752
0.20752
0.152471
0.191682
0.157665
0.10422
0.131634
0.119086
0.138063
0.182741
0.161726
0.224049
0.218923
0.185437
0.115907
0.224049
0.180132
0.187408
0.172652
0.0971068
0.224049
0.224049
0.13819
0.0376814
0.0826414
0.170545
0.18755
0.198883
0.174456
0.169432
0.180602
0.150501
0.147832
0.224049
0.174836
0.154509
0.197684
0.144114
0.109037
0.147093
0.101156
0.11305
0.214958
0.162121
0.168608
0.168489
0.0797895
0.214958
0.205973
0.115395
0.113408
0.179356
0.190533
0.214958
0.165631
0.115912
0.163254
0.207551
0.214958
0.12537
0.214958
0.144199
0.123991
0.189168
0.115127
0.104277
0.145665
0.101881
0.0815501
0.19462
0.171837
0.180872
0.21436
0.0842379
0.214958
0.214958
0.153043
0.109851
0.187661
0.101799
0.160066
0.211846
0.127302
0.216036
0.216036
0.0899266
0.0973599
0.216036
0.135449
0.166729
0.216036
0.180934
0.174999
0.211767
0.0826894
0.0859917
0.131469
0.112265
0.216036
0.216036
0.108984
0.17612
0.162931
0.174291
0.062109
0.164354
0.13654
0.116844
0.216036
0.19331
0.216036
0.188982
0.173692
0.104924
0.19371
0.163565
0.199083
0.214376
0.166836
0.152423
0.174207
0.112982
0.184297
0.135314
0.187118
0.163215
0.186757
0.188277
0.137308
0.175461
0.147743
0.0674388
0.175744
0.12758
0.125305
0.214376
0.192923
0.214376
0.179633
0.150119
0.0837671
0.159603
0.214376
0.168518
0.214376
0.0908469
0.129611
0.214376
0.118576
0.170179
0.118532
0.173632
0.17688
0.204967
0.204967
0.124566
0.141167
0.176453
0.177798
0.204967
0.184345
0.204967
0.151404
0.1731
0.189435
0.146844
0.175432
0.0609116
0.125554
0.204967
0.167454
0.204967
0.102639
0.132181
0.204144
0.140974
0.0573901
0.117027
0.204967
0.149143
0.187242
0.159875
0.133754
0.204967
0.177098
0.146112
0.204433
0.190392
0.206298
0.206298
0.19431
0.191365
0.139206
0.206298
0.0259683
0.185589
0.195899
0.188119
0.206298
0.175752
0.151191
0.184206
0.196835
0.0413431
0.109833
0.203504
0.159447
0.206298
0.167149
0.164637
0.143012
0.205138
0.0739794
0.118376
0.105652
0.109701
0.206298
0.147467
0.143954
0.14421
0.109818
0.0193128
0.160877
0.185601
0.169195
0.208741
0.20607
0.181602
0.189191
0.208741
0.0464842
0.107565
0.164262
0.17614
0.208741
0.208741
0.176841
0.184412
0.152241
0.0923009
0.149535
0.141486
0.130655
0.208741
0.139956
0.160769
0.119933
0.127844
0.162595
0.122895
0.171728
0.138738
0.208741
0.172018
0.208741
0.175698
0.198383
0.0544361
0.0930861
0.149987
0.15438
0.199271
0.185304
0.187467
0.182262
0.164494
0.154143
0.218402
0.177808
0.173807
0.196198
0.13757
0.107065
0.177333
0.112241
0.155372
0.139039
0.174987
0.150117
0.186533
0.147745
0.196723
0.167958
0.218402
0.218402
0.218402
0.182782
0.18937
0.14642
0.173418
0.0848046
0.126052
0.138707
0.137668
0.210855
0.156689
0.138197
0.184426
0.104102
0.105006
0.162838
0.131809
0.0988271
0.190219
0.210855
0.163565
0.182989
0.110444
0.210855
0.210855
0.142516
0.187381
0.210855
0.134156
0.152776
0.126327
0.175001
0.0844427
0.147935
0.209546
0.210855
0.186163
0.210855
0.110684
0.124124
0.175625
0.196467
0.16754
0.178684
0.0848026
0.120964
0.0975703
0.189449
0.217347
0.116943
0.171955
0.158651
0.171283
0.0680977
0.168605
0.144529
0.125765
0.217347
0.139564
0.217347
0.21421
0.198009
0.0755055
0.0771767
0.115372
0.217347
0.217347
0.143151
0.144992
0.174742
0.193799
0.0989734
0.146311
0.217347
0.165573
0.217347
0.18059
0.182186
0.154135
0.217347
0.0563784
0.169821
0.134856
0.120146
0.214404
0.130592
0.21118
0.168754
0.143773
0.0624045
0.174452
0.199987
0.152197
0.214404
0.0642806
0.126179
0.186444
0.118357
0.0917153
0.186402
0.214404
0.114923
0.214404
0.165242
0.209269
0.144259
0.189563
0.113098
0.214404
0.191918
0.172853
0.214404
0.0678995
0.148923
0.214404
0.214404
0.0531542
0.158894
0.209247
0.162372
0.217112
0.0799834
0.133412
0.148511
0.156055
0.0831759
0.0960513
0.177014
0.140897
0.217112
0.161938
0.130285
0.165933
0.217112
0.0879977
0.217112
0.174007
0.152668
0.217112
0.108403
0.157162
0.217112
0.217112
0.134936
0.161825
0.129583
0.168847
0.217112
0.15036
0.122958
0.217112
0.20897
0.0763587
0.110547
0.201508
0.173715
0.218736
0.172027
0.173575
0.140123
0.218736
0.0812656
0.0952329
0.110079
0.155435
0.218736
0.182466
0.183068
0.137943
0.109605
0.114886
0.163569
0.165432
0.215448
0.218736
0.19739
0.145782
0.214947
0.202793
0.0754402
0.101437
0.170067
0.157323
0.218736
0.128034
0.218736
0.147562
0.160728
0.108326
0.144325
0.143384
0.171467
0.214337
0.163414
0.208214
0.139466
0.135893
0.132053
0.147818
0.213229
0.148343
0.214337
0.185011
0.214337
0.21251
0.214337
0.064754
0.105558
0.170557
0.192667
0.214337
0.144405
0.214337
0.147591
0.171721
0.0671557
0.0838115
0.0965161
0.0951978
0.188533
0.212168
0.214337
0.108451
0.160827
0.150237
0.167515
0.188959
0.151116
0.213956
0.133118
0.217762
0.206927
0.217762
0.217762
0.217762
0.191709
0.217762
0.194065
0.166001
0.108002
0.155828
0.17138
0.0563978
0.0845514
0.0945525
0.11803
0.217762
0.159726
0.164949
0.112746
0.178852
0.101546
0.0925011
0.12021
0.147167
0.217762
0.138501
0.138719
0.135076
0.207394
0.209126
0.213385
0.155455
0.199787
0.163305
0.158682
0.104723
0.174667
0.213385
0.213385
0.18721
0.213385
0.148236
0.146258
0.213385
0.184346
0.213302
0.207265
0.0873609
0.121679
0.136463
0.128998
0.213385
0.105527
0.100584
0.12791
0.176601
0.111444
0.182608
0.09138
0.149861
0.183491
0.111431
0.145306
0.185171
0.142287
0.110363
0.106571
0.134607
0.197905
0.21497
0.167934
0.160894
0.195173
0.187164
0.119536
0.145416
0.21497
0.21497
0.21497
0.15492
0.157222
0.197098
0.21497
0.116566
0.0920498
0.0784441
0.169168
0.21497
0.195058
0.151749
0.205057
0.0968748
0.0971934
0.159825
0.0942698
0.15905
0.21497
0.109019
0.194588
0.187415
0.148625
0.103553
0.169989
0.206934
0.151684
0.211273
0.158126
0.203188
0.177826
0.205732
0.112579
0.211273
0.169986
0.211041
0.211273
0.0935753
0.16183
0.206702
0.206766
0.0787674
0.127114
0.131279
0.121929
0.182846
0.0920125
0.171179
0.177538
0.115479
0.110344
0.141057
0.112583
0.211273
0.211273
0.190265
0.181971
0.175044
0.0968465
0.0978794
0.214932
0.169564
0.172163
0.214932
0.126427
0.17071
0.202384
0.214932
0.17776
0.181527
0.132639
0.186782
0.214932
0.145911
0.130037
0.214691
0.214932
0.0925048
0.139504
0.136777
0.214932
0.204934
0.192076
0.200151
0.16815
0.10587
0.0628483
0.10752
0.113024
0.165435
0.214932
0.112442
0.0571087
0.178697
0.112238
0.162346
0.198041
0.182197
0.215837
0.215837
0.173514
0.149148
0.215837
0.215837
0.0866383
0.108453
0.172599
0.179459
0.215837
0.135576
0.215837
0.190526
0.198543
0.0510652
0.129869
0.141792
0.139321
0.190477
0.147333
0.0816863
0.177509
0.172365
0.0899329
0.095763
0.102163
0.0948952
0.141054
0.165589
0.215837
0.178719
0.215837
0.081815
0.112381
0.178954
0.198016
0.214763
0.124222
0.216605
0.18003
0.198352
0.0676147
0.119139
0.115239
0.0794022
0.216605
0.198301
0.216605
0.123323
0.215314
0.127588
0.147399
0.139598
0.142048
0.151128
0.113451
0.176874
0.17412
0.216605
0.205921
0.216605
0.0835599
0.127708
0.216605
0.107108
0.11163
0.209418
0.216605
0.08148
0.134558
0.12604
0.111202
0.230422
0.158956
0.185125
0.135638
0.219453
0.0998415
0.115514
0.122517
0.148679
0.230422
0.15544
0.137731
0.132875
0.230422
0.230422
0.230422
0.136629
0.203088
0.230422
0.0753371
0.0764944
0.189935
0.230422
0.113104
0.125752
0.0851643
0.0860946
0.155549
0.152882
0.153269
0.230422
0.230422
0.0955517
0.136552
0.140978
0.147789
0.218633
0.119185
0.119257
0.149915
0.218633
0.131924
0.198043
0.136606
0.174493
0.218633
0.162627
0.155742
0.218633
0.134933
0.109248
0.168502
0.116969
0.126417
0.218633
0.132306
0.132325
0.202329
0.218633
0.105886
0.133281
0.124857
0.218633
0.218633
0.151778
0.174611
0.218633
0.175286
0.158789
0.128008
0.0968358
0.167788
0.216798
0.216798
0.17615
0.216798
0.105312
0.114088
0.151646
0.0861309
0.209199
0.216798
0.123133
0.197277
0.204302
0.145526
0.20534
0.0905054
0.0737533
0.0800852
0.216798
0.216798
0.207392
0.216798
0.144742
0.0725039
0.123869
0.161095
0.130119
0.206878
0.216798
0.216798
0.113564
0.0787274
0.106758
0.116818
0.128766
0.173982
0.215526
0.124035
0.174938
0.199891
0.129847
0.163589
0.13974
0.102699
0.215526
0.215526
0.215526
0.214244
0.161234
0.117813
0.0588063
0.111317
0.211044
0.131378
0.192129
0.186441
0.187835
0.106216
0.0955338
0.0933599
0.178767
0.215526
0.196876
0.109407
0.121086
0.215526
0.215526
0.215526
0.133699
0.135063
0.116137
0.215164
0.211555
0.193621
0.208699
0.164854
0.126694
0.094736
0.16142
0.134977
0.208659
0.215164
0.113288
0.0542832
0.177991
0.135905
0.0785696
0.141772
0.215164
0.149521
0.124969
0.122233
0.19391
0.208929
0.215164
0.115001
0.215164
0.149109
0.215164
0.215164
0.160077
0.111203
0.126795
0.211211
0.0811012
0.173842
0.148894
0.169763
0.205307
0.128278
0.0879594
0.207839
0.215831
0.0955329
0.109336
0.0884991
0.0931334
0.144453
0.190427
0.215831
0.215831
0.215831
0.106666
0.21367
0.183145
0.21246
0.215831
0.177181
0.147651
0.163938
0.215831
0.0907201
0.0935613
0.123804
0.215831
0.215831
0.102676
0.185106
0.111306
0.173208
0.14308
0.161536
0.137911
0.133347
0.167614
0.135672
0.222028
0.222925
0.223065
0.223065
0.223065
0.129258
0.110698
0.223065
0.10741
0.130397
0.223065
0.223065
0.0803637
0.0943413
0.116974
0.169757
0.202765
0.0852052
0.202902
0.142053
0.188489
0.0787514
0.14962
0.14279
0.0996769
0.211124
0.102063
0.155278
0.155588
0.223065
0.229778
0.229778
0.1871
0.167833
0.229778
0.0756565
0.1005
0.210421
0.229778
0.114095
0.148255
0.106331
0.0831062
0.226684
0.229778
0.105164
0.229778
0.229778
0.0785775
0.186423
0.172279
0.11917
0.229778
0.0812652
0.101268
0.135305
0.176831
0.0590195
0.103748
0.0897866
0.102269
0.229778
0.136792
0.184915
0.154888
0.158051
0.103099
0.168297
0.13008
0.117636
0.224489
0.174127
0.102759
0.185865
0.224489
0.12345
0.133976
0.155253
0.187477
0.224489
0.187299
0.158958
0.224489
0.224489
0.0790219
0.121713
0.103493
0.161821
0.224489
0.105005
0.127721
0.117905
0.146991
0.0657186
0.0969468
0.124182
0.224489
0.224489
0.152384
0.157976
0.224489
0.224489
0.17858
0.0872975
0.103496
0.144817
0.195708
0.212504
0.167998
0.212504
0.146662
0.064365
0.117614
0.212504
0.173082
0.212504
0.212504
0.195671
0.115889
0.102087
0.149786
0.0734059
0.146971
0.212504
0.199349
0.124813
0.120747
0.208805
0.138538
0.0453115
0.185097
0.212504
0.153801
0.212504
0.212504
0.210646
0.118009
0.154582
0.0610706
0.113516
0.213436
0.163507
0.211271
0.213436
0.150192
0.0993387
0.100326
0.105665
0.154155
0.170554
0.198061
0.127216
0.140246
0.213436
0.213436
0.213436
0.0339716
0.140413
0.17822
0.130792
0.213436
0.16552
0.177356
0.128528
0.167753
0.0550977
0.117766
0.213436
0.162743
0.213436
0.154098
0.213436
0.213436
0.185706
0.0972524
0.148267
0.163302
0.153275
0.153663
0.131434
0.174399
0.215768
0.215768
0.0978998
0.215768
0.142746
0.215768
0.215768
0.184945
0.103195
0.143105
0.207515
0.0560813
0.126217
0.204099
0.137821
0.215768
0.155624
0.215768
0.215768
0.14541
0.0933654
0.121406
0.112491
0.166738
0.215768
0.176159
0.118603
0.192919
0.135713
0.106523
0.216229
0.17425
0.216229
0.216229
0.203436
0.150408
0.204013
0.216229
0.0825853
0.109113
0.113139
0.183956
0.216229
0.131652
0.216229
0.131737
0.17051
0.114338
0.178704
0.123352
0.162152
0.216229
0.183622
0.129291
0.21332
0.173609
0.0946991
0.131019
0.175385
0.170843
0.144305
0.10816
0.0878465
0.16501
0.1735
0.0854699
0.12668
0.135252
0.171658
0.209994
0.131925
0.209994
0.181582
0.206624
0.106569
0.135268
0.182666
0.141647
0.209994
0.106418
0.203996
0.207826
0.209994
0.0977501
0.17913
0.163224
0.153629
0.158279
0.100654
0.110498
0.208282
0.209994
0.133056
0.197997
0.175887
0.191888
0.203319
0.132892
0.110461
0.126849
0.203708
0.0799251
0.173806
0.20982
0.14266
0.21826
0.0848816
0.142829
0.163023
0.147359
0.0659148
0.151979
0.133708
0.130465
0.21826
0.21826
0.186857
0.18284
0.215485
0.122009
0.217128
0.1422
0.14265
0.181116
0.0821769
0.131488
0.141403
0.21826
0.0847222
0.18718
0.191893
0.153472
0.177295
0.0959323
0.193694
0.21826
0.21826
0.0818804
0.156973
0.15105
0.154058
0.223137
0.145787
0.135347
0.135049
0.170633
0.0919923
0.0807999
0.16199
0.223137
0.223137
0.184815
0.179683
0.223137
0.223137
0.075309
0.169095
0.214114
0.120459
0.130003
0.0737745
0.175577
0.223137
0.212733
0.0578225
0.151778
0.223137
0.138451
0.144879
0.110679
0.208438
0.223137
0.1179
0.106257
0.0683635
0.128005
0.217774
0.217774
0.144818
0.0870608
0.152014
0.128456
0.0591612
0.15894
0.21412
0.168681
0.214399
0.217774
0.113294
0.0998382
0.140167
0.1402
0.125586
0.0933384
0.149778
0.217774
0.199956
0.167592
0.178102
0.217774
0.161362
0.143545
0.173223
0.217774
0.217774
0.217774
0.154017
0.151105
0.197581
0.0532451
0.133219
0.177065
0.143157
0.210173
0.197489
0.117025
0.131507
0.158083
0.0630635
0.0768006
0.131113
0.13458
0.210173
0.155927
0.200006
0.210173
0.162668
0.160245
0.134492
0.149937
0.210173
0.210173
0.210173
0.174747
0.198873
0.210173
0.113795
0.202071
0.210173
0.176357
0.210173
0.0719142
0.140017
0.19927
0.115661
0.0909348
0.123361
0.142817
0.137657
0.21274
0.191796
0.21274
0.21274
0.171951
0.081034
0.117976
0.112981
0.21274
0.21274
0.171128
0.121068
0.208915
0.128499
0.144515
0.207363
0.21274
0.204291
0.21274
0.110356
0.179881
0.21274
0.184008
0.0227168
0.128821
0.156081
0.0885342
0.125795
0.0768681
0.207071
0.21274
0.167941
0.119032
0.200506
0.151049
0.210927
0.210927
0.187157
0.146919
0.210927
0.190114
0.0998279
0.14267
0.169216
0.157782
0.182819
0.144221
0.125162
0.203858
0.1955
0.0298932
0.151205
0.164843
0.132453
0.140009
0.112805
0.210927
0.210927
0.210927
0.210927
0.197567
0.113463
0.0968806
0.176392
0.159793
0.191038
0.121962
0.122463
0.0882179
0.184598
0.13895
0.128266
0.175637
0.112403
0.13517
0.207093
0.211453
0.145804
0.192776
0.139053
0.211453
0.186321
0.117564
0.167105
0.147994
0.18672
0.137151
0.203742
0.167507
0.123409
0.182693
0.120981
0.16126
0.140387
0.137196
0.0988288
0.211453
0.174662
0.128621
0.179688
0.182253
0.211453
0.211453
0.211453
0.132756
0.210826
0.122855
0.191794
0.171145
0.0839685
0.192083
0.150452
0.177465
0.0803218
0.209023
0.200668
0.173947
0.178382
0.108333
0.171206
0.210826
0.210826
0.0813283
0.210826
0.193023
0.115222
0.170264
0.12155
0.210826
0.210826
0.210826
0.104449
0.161809
0.147564
0.10801
0.142056
0.119592
0.156963
0.193343
0.174688
0.0920436
0.216004
0.216004
0.148149
0.149138
0.111242
0.216004
0.216004
0.216004
0.108896
0.159024
0.216004
0.174154
0.176163
0.187148
0.216004
0.216004
0.147458
0.112542
0.158287
0.170875
0.0919786
0.153565
0.0932448
0.169374
0.194391
0.128519
0.141783
0.144945
0.212424
0.128141
0.17888
0.158545
0.145974
0.155135
0.103005
0.144217
0.123426
0.0890695
0.143716
0.227811
0.227811
0.154887
0.20029
0.216627
0.174334
0.144329
0.137372
0.227811
0.227811
0.206297
0.104458
0.145128
0.184464
0.0634051
0.163218
0.130404
0.108996
0.198256
0.117898
0.113789
0.168961
0.18561
0.0741548
0.126567
0.132214
0.182508
0.175676
0.153925
0.227811
0.227811
0.136916
0.18597
0.14171
0.137066
0.216068
0.216068
0.216068
0.137115
0.216068
0.216068
0.132262
0.171279
0.211969
0.182538
0.216068
0.128618
0.116093
0.173759
0.140256
0.0896462
0.143954
0.139075
0.159502
0.170625
0.175688
0.214287
0.216068
0.186285
0.0948122
0.120431
0.143153
0.151935
0.184066
0.110693
0.146415
0.110679
0.122269
0.177774
0.188588
0.188229
0.207571
0.21587
0.18993
0.174251
0.21587
0.21587
0.0247746
0.13833
0.151566
0.117565
0.157584
0.08178
0.213635
0.19403
0.170322
0.108858
0.154918
0.174073
0.16408
0.21587
0.157106
0.127456
0.115699
0.193647
0.0412278
0.135977
0.0706171
0.125558
0.21587
0.166672
0.21587
0.12807
0.194705
0.028436
0.152436
0.162307
0.140051
0.144183
0.111613
0.219308
0.219308
0.219308
0.186864
0.183222
0.116101
0.107134
0.205166
0.164717
0.209447
0.134332
0.109095
0.0431186
0.145993
0.090402
0.174858
0.219308
0.194
0.219308
0.129788
0.219308
0.0532235
0.0807453
0.188577
0.219308
0.219308
0.153371
0.151687
0.219308
0.139839
0.124916
0.20362
0.16621
0.121337
0.183038
0.128727
0.205077
0.142487
0.131775
0.101606
0.21557
0.180591
0.181073
0.16919
0.194943
0.21557
0.21557
0.21557
0.0559341
0.0877399
0.156065
0.21557
0.21557
0.141616
0.172843
0.190254
0.115024
0.097951
0.0959777
0.0833208
0.165664
0.198076
0.153706
0.163826
0.21557
0.16035
0.0946633
0.216355
0.211137
0.160926
0.158014
0.146754
0.216355
0.216355
0.214074
0.112591
0.160614
0.170626
0.133845
0.157944
0.140091
0.165826
0.216355
0.189486
0.0867318
0.118056
0.093826
0.152821
0.20526
0.161616
0.187003
0.19343
0.114017
0.0806937
0.0864973
0.216355
0.216355
0.216355
0.142616
0.115753
0.180076
0.140269
0.122002
0.161917
0.182269
0.116109
0.176561
0.123354
0.170625
0.197748
0.115322
0.181252
0.171302
0.160937
0.138491
0.208259
0.169148
0.170156
0.208259
0.130617
0.0674554
0.0977662
0.208259
0.208259
0.208259
0.159361
0.151687
0.181537
0.128166
0.140529
0.198229
0.165932
0.147408
0.188747
0.166756
0.208259
0.208259
0.123092
0.0715877
0.169694
0.143533
0.11805
0.213589
0.137869
0.109517
0.210811
0.20421
0.0980445
0.169759
0.136759
0.150746
0.213589
0.139439
0.213589
0.213589
0.147885
0.152227
0.116494
0.102581
0.126111
0.213589
0.0736086
0.153428
0.213589
0.213589
0.121505
0.208873
0.114043
0.176422
0.201849
0.109817
0.213589
0.213589
0.187589
0.111848
0.179421
0.14229
0.144345
0.198013
0.17987
0.220409
0.220409
0.220409
0.108587
0.120584
0.151139
0.170165
0.220409
0.170811
0.164186
0.0959542
0.151411
0.118522
0.168968
0.0953228
0.140004
0.153117
0.134969
0.220409
0.220409
0.220409
0.158465
0.220409
0.0956327
0.0963048
0.150337
0.145068
0.220409
0.118808
0.157475
0.106999
0.14594
0.177668
0.171243
0.216641
0.216641
0.148347
0.104361
0.216641
0.0488479
0.114644
0.0833516
0.157348
0.216641
0.170627
0.215423
0.117216
0.196254
0.127144
0.188316
0.0873454
0.0890906
0.16983
0.17816
0.216641
0.18856
0.216641
0.0935006
0.207401
0.181067
0.204691
0.206311
0.121014
0.186401
0.116143
0.147088
0.0404383
0.113363
0.0973976
0.173368
0.217621
0.183327
0.217621
0.123886
0.217621
0.0428096
0.0973538
0.206884
0.217621
0.201384
0.115998
0.13811
0.213486
0.118263
0.07002
0.155767
0.149046
0.210173
0.217621
0.135743
0.21379
0.160673
0.217621
0.0604623
0.162583
0.174432
0.217088
0.217621
0.109048
0.172192
0.128993
0.165578
0.0552214
0.101853
0.176564
0.210818
0.198892
0.119596
0.188921
0.18274
0.11026
0.0767527
0.0731784
0.102496
0.171883
0.18603
0.157818
0.185901
0.210818
0.168045
0.0813665
0.134322
0.127392
0.199991
0.210818
0.14304
0.194914
0.150684
0.199546
0.141288
0.161378
0.176464
0.210818
0.210818
0.148784
0.210818
0.210818
0.18557
0.0793048
0.0972086
0.105711
0.140617
0.179074
0.165848
0.207675
0.177541
0.108414
0.0814335
0.100109
0.172527
0.211738
0.211738
0.200551
0.152892
0.207031
0.135353
0.151245
0.136284
0.142245
0.211738
0.211738
0.192926
0.211738
0.201195
0.159222
0.119047
0.138347
0.102493
0.157744
0.211738
0.211738
0.194853
0.210575
0.0810273
0.0796679
0.117884
0.165392
0.202872
0.202051
0.188579
0.145319
0.164812
0.119371
0.146997
0.165935
0.121876
0.151468
0.198078
0.118155
0.201356
0.208436
0.127249
0.125382
0.140828
0.0989196
0.133939
0.187288
0.198983
0.177292
0.206227
0.127901
0.102858
0.208436
0.202114
0.208436
0.207897
0.0979347
0.160362
0.208436
0.208436
0.1323
0.13225
0.107861
0.113281
0.215766
0.0762991
0.124993
0.217018
0.217018
0.125264
0.217018
0.127326
0.136018
0.194674
0.121426
0.217018
0.217018
0.159098
0.0983435
0.174744
0.145888
0.163605
0.217018
0.217018
0.0968956
0.134673
0.177936
0.0446132
0.111126
0.178268
0.217018
0.217018
0.217018
0.217018
0.164274
0.0746169
0.116827
0.185664
0.104747
0.107621
0.145844
0.132938
0.220498
0.220498
0.220498
0.140755
0.189081
0.102925
0.097543
0.14855
0.100345
0.218302
0.133361
0.194829
0.0447596
0.0920607
0.197429
0.220498
0.220498
0.208688
0.220498
0.220498
0.145446
0.125965
0.11992
0.143706
0.179491
0.146023
0.129741
0.156284
0.174252
0.220498
0.115527
0.155166
0.10211
0.0992502
0.159094
0.12581
0.2206
0.172885
0.2206
0.0833595
0.195433
0.168087
0.190914
0.162011
0.0944431
0.150526
0.11287
0.187891
0.161712
0.153327
0.176967
0.2206
0.161277
0.124857
0.131978
0.2206
0.2206
0.0874574
0.2206
0.149493
0.2206
0.208715
0.161724
0.137828
0.143047
0.189053
0.0682176
0.18268
0.156549
0.198425
0.184489
0.123433
0.180901
0.156275
0.216391
0.0715445
0.152169
0.181249
0.178255
0.216391
0.103645
0.160868
0.141254
0.169407
0.102362
0.216391
0.161856
0.216391
0.216391
0.198662
0.141482
0.154415
0.169247
0.0290616
0.0890557
0.105964
0.137032
0.216391
0.210222
0.163
0.165936
0.216391
0.0984835
0.162456
0.155003
0.155539
0.210146
0.114803
0.185471
0.161867
0.180282
0.15429
0.169463
0.193658
0.175344
0.203906
0.129506
0.210146
0.209277
0.187482
0.0440506
0.0921003
0.0934824
0.167327
0.210146
0.210146
0.150989
0.165929
0.208252
0.0765616
0.141177
0.100799
0.210146
0.165202
0.12663
0.191938
0.210146
0.171446
0.179901
0.178987
0.16841
0.166223
0.20436
0.155799
0.221185
0.201417
0.183979
0.171175
0.158862
0.0906432
0.139773
0.200347
0.221185
0.19594
0.204288
0.0981786
0.0779026
0.16185
0.10959
0.221185
0.149446
0.0975286
0.186463
0.214491
0.172345
0.08192
0.158957
0.156422
0.221185
0.221185
0.0827961
0.102312
0.0998916
0.109551
0.179397
0.164955
0.0810431
0.123371
0.175715
0.208565
0.172257
0.205211
0.172758
0.121047
0.208565
0.200803
0.208565
0.191788
0.117855
0.167202
0.20562
0.208565
0.0671931
0.129778
0.151008
0.208565
0.208565
0.0777068
0.120542
0.131214
0.173109
0.162507
0.207443
0.19974
0.192405
0.105565
0.0525151
0.12837
0.131465
0.208565
0.110187
0.213777
0.158387
0.181953
0.213777
0.213777
0.116586
0.149141
0.189688
0.0570871
0.154014
0.184118
0.213777
0.213777
0.209256
0.213777
0.192937
0.0848795
0.100483
0.181733
0.101151
0.18417
0.213777
0.15174
0.170032
0.196153
0.163412
0.0608814
0.129398
0.140604
0.194974
0.21294
0.0969159
0.153642
0.141637
0.088431
0.0652302
0.152453
0.202592
0.219346
0.219346
0.186294
0.219346
0.219346
0.162936
0.117427
0.109498
0.142054
0.169872
0.199893
0.116784
0.161919
0.195936
0.219346
0.0668611
0.165944
0.184436
0.219346
0.203162
0.0899407
0.130029
0.140264
0.0811774
0.0873965
0.128184
0.171894
0.219346
0.219346
0.168313
0.159482
0.126404
0.101811
0.13866
0.137508
0.159027
0.200318
0.188917
0.106139
0.108987
0.203219
0.219545
0.0927649
0.219545
0.129642
0.219545
0.197717
0.138546
0.10535
0.128392
0.219545
0.0796686
0.138401
0.184804
0.219545
0.219545
0.188685
0.155678
0.137706
0.0924569
0.122451
0.126829
0.131648
0.124238
0.188487
0.194355
0.133243
0.219545
0.213843
0.110232
0.218701
0.155322
0.218701
0.218701
0.184757
0.109333
0.13865
0.183523
0.0412242
0.0892719
0.11669
0.12749
0.218701
0.194472
0.159317
0.181306
0.218701
0.135541
0.183171
0.154245
0.0985168
0.218701
0.218701
0.135788
0.218701
0.192978
0.0594808
0.0923379
0.164073
0.131243
0.167333
0.139804
0.164669
0.163336
0.218701
0.0625118
0.135187
0.146916
0.170715
0.216452
0.210948
0.174469
0.216452
0.216452
0.0988133
0.172839
0.117798
0.216452
0.17057
0.0957741
0.216452
0.216452
0.195575
0.0562609
0.12286
0.19949
0.168822
0.216452
0.163373
0.135131
0.132049
0.195179
0.0315044
0.151968
0.144713
0.195058
0.216452
0.182031
0.139763
0.128904
0.0889142
0.0963719
0.204605
0.127857
0.222015
0.160223
0.0681673
0.222015
0.222015
0.18563
0.147432
0.172377
0.141236
0.222015
0.222015
0.0964974
0.114116
0.110272
0.13523
0.0345992
0.136185
0.138344
0.20554
0.222015
0.159511
0.120289
0.129185
0.108606
0.0790351
0.140221
0.178031
0.222015
0.222015
0.186921
0.199473
0.134428
0.222015
0.11303
0.127483
0.121034
0.200649
0.214133
0.0963466
0.120418
0.137945
0.189066
0.19335
0.199446
0.210796
0.211165
0.0990338
0.0905019
0.124555
0.140188
0.214133
0.0939284
0.150515
0.138968
0.199878
0.214133
0.162012
0.160456
0.14519
0.214133
0.0718811
0.181242
0.206824
0.214133
0.214133
0.0862543
0.178949
0.13669
0.200701
