0.0824476
0.131185
0.214099
0.214099
0.214099
0.155351
0.177286
0.188614
0.0679322
0.152793
0.179459
0.189096
0.192143
0.214099
0.0908179
0.138112
0.187207
0.112438
0.0994786
0.214099
0.214099
0.213217
0.212491
0.128061
0.143863
0.185187
0.111522
0.068745
0.141306
0.214099
0.163765
0.214099
0.147202
0.145553
0.158682
0.0800563
0.160002
0.197578
0.191541
0.217638
0.217638
0.0984508
0.147578
0.211859
0.16214
0.129928
0.217638
0.1205
0.126172
0.217638
0.149087
0.217638
0.217638
0.186549
0.0867164
0.158392
0.217638
0.182739
0.217638
0.125806
0.12819
0.186459
0.0784025
0.0735414
0.120715
0.111377
0.0944182
0.217638
0.0949901
0.187259
0.166223
0.114838
0.145254
0.14767
0.0765451
0.0837816
0.15018
0.0971879
0.152926
0.242585
0.242585
0.242585
0.242585
0.115527
0.145845
0.242585
0.0643503
0.0499127
0.222469
0.23147
0.0797988
0.077852
0.0710251
0.056058
0.204381
0.0391459
0.122775
0.222117
0.156817
0.242585
0.242585
0.17183
0.146614
0.137185
0.0198373
0.0532552
0.242585
0.218487
0.156954
0.172204
0.0288552
0.0735281
0.157973
0.00651898
0.0125852
0.0873961
0.110955
0.321892
0.321892
0.112793
0.321892
0.321892
0.0661945
0.0182457
0.043936
0.0598799
0.0900151
0.0743177
0.0377645
0.0465199
0.0573916
0.00109619
0.0121341
0.0845105
0.0640391
0.321892
0.321892
0.050134
0.321892
0.321892
0.0665837
0.0432283
0.0215808
0.0362779
0.254489
0.254489
0.0920237
0.253926
0.254489
0.0401378
0.0380733
0.0663037
0.0999866
0.129608
0.142971
0.120382
0.215753
0.254489
0.192005
0.185869
0.117219
0.17897
0.254489
0.254489
0.0361958
0.228473
0.254489
0.0310143
0.0235488
0.0151377
0.0490868
0.0582243
0.0412321
0.0628584
0.187732
0.254489
0.0739454
0.0612293
0.14364
0.210281
0.142418
0.169068
0.141009
0.181892
0.222871
0.200865
0.245474
0.165133
0.206646
0.0455774
0.143696
0.15871
0.0820172
0.0622534
0.110256
0.245474
0.245474
0.223756
0.0701264
0.0427938
0.0619089
0.149445
0.245474
0.102443
0.177049
0.190825
0.245474
0.0504256
0.0561803
0.0524613
0.0718822
0.1104
0.107386
0.231255
0.23217
0.245474
0.0791205
0.219758
0.209559
0.0906189
0.0979984
0.203639
0.300631
0.300631
0.214556
0.0244956
0.144334
0.0775729
0.0567784
0.164591
0.283605
0.149355
0.116925
0.057148
0.0877669
0.0741257
0.0730907
0.0582086
0.14367
0.195374
0.300631
0.300631
0.300631
0.0618724
0.155589
0.144614
0.0717779
0.0629008
0.0558073
0.0471774
0.117784
0.09416
0.110233
0.205794
0.221891
0.221891
0.221891
0.194284
0.161502
0.165183
0.104496
0.0822479
0.128288
0.221891
0.204719
0.221891
0.17103
0.215911
0.158134
0.0722018
0.070816
0.188555
0.135055
0.221891
0.221891
0.122152
0.185042
0.19408
0.111872
0.0576874
0.0960856
0.221891
0.179865
0.221891
0.0446892
0.0895549
0.104948
0.0708988
0.106307
0.149784
0.224457
0.224457
0.224457
0.151311
0.174993
0.184354
0.0809192
0.0736085
0.147826
0.131886
0.124839
0.224457
0.116935
0.213404
0.224457
0.14141
0.0741023
0.128996
0.224457
0.195332
0.224457
0.0685879
0.0774714
0.115728
0.0826971
0.0877516
0.140316
0.201806
0.140071
0.224457
0.160374
0.204961
0.224457
0.180649
0.0810179
0.0837171
0.0711203
0.0628816
0.212094
0.0505846
0.133108
0.241473
0.179289
0.241473
0.241473
0.192809
0.166336
0.195621
0.0237529
0.0560163
0.241473
0.218109
0.0820379
0.104717
0.143539
0.0676196
0.158334
0.0784212
0.111266
0.167466
0.186024
0.241473
0.241473
0.17166
0.168214
0.218458
0.0363968
0.056744
0.241473
0.241473
0.0921804
0.0726029
0.0382772
0.0462341
0.0624303
0.00179528
0.0117968
0.0960152
0.0629542
0.346845
0.346845
0.0623192
0.346845
0.346845
0.0870719
0.0346375
0.0165256
0.0364849
0.0645331
0.0503553
0.0454435
0.0361203
0.0509582
0.0039802
0.00958153
0.059363
0.0974509
0.346845
0.274567
0.0208663
0.346845
0.346845
0.0583528
0.0234215
0.0183492
0.0558691
0.262616
0.269625
0.0391917
0.219004
0.28056
0.039054
0.020045
0.00807862
0.0505943
0.0433982
0.038512
0.0521363
0.206347
0.28056
0.108289
0.143894
0.130486
0.192925
0.28056
0.169595
0.0176273
0.222839
0.28056
0.0296779
0.011685
0.00949457
0.0321054
0.10453
0.016645
0.0131158
0.0792772
0.133805
0.0388996
0.28056
0.28056
0.28056
0.0562725
0.0480217
0.066834
0.208803
0.264173
0.164327
0.254279
0.220269
0.264173
0.0503809
0.0477807
0.0395937
0.0984563
0.163446
0.143842
0.264173
0.264173
0.264173
0.116215
0.0285094
0.0195704
0.0805067
0.122971
0.0504367
0.264173
0.264173
0.264173
0.0288413
0.0540325
0.0307222
0.06528
0.058474
0.0655563
0.264173
0.198484
0.140673
0.0890896
0.0726064
0.0642049
0.0918442
0.262214
0.286857
0.286857
0.286857
0.286857
0.0747263
0.21044
0.192743
0.132245
0.0900665
0.0933176
0.0561452
0.178079
0.138127
0.0470701
0.1094
0.0520293
0.122953
0.106413
0.0917471
0.268136
0.234867
0.12829
0.0548792
0.205446
0.242184
0.0922751
0.0860251
0.0600295
0.109883
0.197333
0.177159
0.0762408
0.193415
0.159508
0.218707
0.218707
0.165501
0.172583
0.139838
0.0912287
0.0608703
0.104051
0.209704
0.211096
0.218707
0.0690436
0.157842
0.111073
0.0585291
0.143413
0.218707
0.187989
0.149795
0.218707
0.157706
0.140413
0.218707
0.118242
0.218707
0.184862
0.160941
0.188032
0.218707
0.105989
0.137016
0.188906
0.130655
0.0701613
0.12111
0.205707
0.219884
0.219884
0.101332
0.123729
0.0996594
0.0624464
0.0836514
0.178154
0.184031
0.10158
0.219884
0.130179
0.173899
0.219884
0.159649
0.148616
0.188499
0.176161
0.218035
0.219884
0.0820097
0.138613
0.186324
0.123464
0.165961
0.167709
0.168645
0.201477
0.219884
0.0735843
0.176932
0.219884
0.176441
0.0772732
0.123435
0.129946
0.0580981
0.168453
0.0843566
0.114078
0.203674
0.158039
0.23257
0.239279
0.170178
0.159985
0.239279
0.0253363
0.054717
0.239279
0.239279
0.138245
0.131239
0.137673
0.163684
0.210354
0.0659622
0.117719
0.179341
0.14214
0.225982
0.239279
0.11385
0.153407
0.203168
0.0532676
0.114787
0.214469
0.239279
0.0569131
0.0502687
0.0440942
0.0393671
0.0618443
0.00513308
0.0128626
0.06555
0.0925997
0.36926
0.22254
0.0231648
0.36926
0.36926
0.0821896
0.0253219
0.013222
0.0606298
0.0578438
0.0595114
0.0325662
0.0479574
0.0852892
0.0129276
0.0213654
0.0443838
0.141962
0.36926
0.273938
0.0173508
0.326582
0.36926
0.078652
0.017715
0.0140408
0.0425869
0.283814
0.125842
0.0159798
0.229533
0.283814
0.0374985
0.0123363
0.00727662
0.040844
0.103982
0.0142424
0.0087049
0.0661517
0.136985
0.0535649
0.283814
0.283814
0.283814
0.283814
0.142893
0.014959
0.18745
0.283814
0.0449504
0.0608999
0.0245968
0.0597761
0.0611582
0.0133625
0.0125074
0.0357105
0.115513
0.119344
0.283814
0.25935
0.283814
0.134252
0.0289522
0.0183096
0.0935724
0.162131
0.0742537
0.313239
0.313239
0.313239
0.0251083
0.0514249
0.0450174
0.0647854
0.0702045
0.0800982
0.313239
0.244045
0.135777
0.0880399
0.0102239
0.0221221
0.0580314
0.181352
0.20923
0.313239
0.313239
0.313239
0.00542612
0.00962104
0.0547982
0.0610131
0.0844092
0.149172
0.160716
0.0578389
0.0283486
0.0362662
0.14875
0.0996387
0.16327
0.165632
0.128299
0.23572
0.23572
0.113625
0.0783694
0.23572
0.23572
0.171689
0.149445
0.0865504
0.159507
0.23572
0.230377
0.0128675
0.025669
0.113399
0.143414
0.138263
0.23572
0.23572
0.18677
0.0647607
0.147068
0.23572
0.192379
0.0994972
0.223196
0.110182
0.176061
0.18007
0.0912993
0.112319
0.216387
0.183404
0.125736
0.216387
0.140805
0.150078
0.181518
0.0919316
0.194384
0.176756
0.163613
0.182442
0.216387
0.144677
0.16514
0.157794
0.123547
0.10293
0.184432
0.216387
0.161527
0.216387
0.0635088
0.183899
0.20246
0.0944252
0.141585
0.216387
0.216387
0.18515
0.16865
0.0800974
0.174903
0.145411
0.0979782
0.146541
0.178279
0.163648
0.199735
0.215433
0.12062
0.172184
0.158682
0.120403
0.166951
0.210326
0.164131
0.152643
0.215433
0.068901
0.193386
0.215433
0.137971
0.101929
0.215433
0.215433
0.166868
0.157927
0.0604338
0.202795
0.172532
0.112541
0.110615
0.158321
0.169827
0.215433
0.215433
0.0737223
0.15646
0.168816
0.113324
0.148067
0.16474
0.137778
0.135496
0.207149
0.0721151
0.147329
0.185
0.130236
0.240662
0.266889
0.122199
0.153124
0.194673
0.0694933
0.105307
0.217855
0.266889
0.0995009
0.10332
0.138411
0.129487
0.153684
0.0724781
0.142876
0.135536
0.107249
0.246571
0.182396
0.112177
0.0766207
0.107852
0.127259
0.184643
0.266889
0.266889
0.0751455
0.0728174
0.0391647
0.0586603
0.102742
0.0203146
0.0262556
0.0557062
0.177162
0.31946
0.31946
0.0333733
0.31946
0.31946
0.109536
0.114882
0.0640117
0.0433515
0.0679528
0.0476333
0.0312873
0.0264085
0.0430175
0.0371898
0.0520904
0.0886865
0.139239
0.25875
0.31946
0.113012
0.278414
0.268338
0.0948414
0.306188
0.143766
0.0307855
0.291046
0.255807
0.0278783
0.291046
0.291046
0.0676851
0.14565
0.0567709
0.0914771
0.0905483
0.0334802
0.0300878
0.0690979
0.197496
0.151297
0.291046
0.291046
0.291046
0.183551
0.24177
0.066
0.164659
0.180681
0.0550182
0.215647
0.0804179
0.0221689
0.0191238
0.0405544
0.0609321
0.0582627
0.0747368
0.0909099
0.257309
0.0922126
0.0288208
0.0968346
0.0251233
0.0349548
0.0793625
0.219519
0.191331
0.312613
0.312613
0.312613
0.00640226
0.00822651
0.0601099
0.0664299
0.0988258
0.139278
0.14205
0.078875
0.0460886
0.0233522
0.0327562
0.0618126
0.0394776
0.0757465
0.130344
0.312613
0.141885
0.0497812
0.0379022
0.122834
0.312613
0.175786
0.105461
0.141832
0.201546
0.271796
0.312613
0.00915802
0.0173849
0.0952341
0.106968
0.109668
0.190446
0.233981
0.153776
0.0802228
0.112355
0.269758
0.120523
0.0912613
0.179293
0.0642215
0.112977
0.145823
0.0674648
0.0537229
0.205604
0.269758
0.201894
0.127743
0.207963
0.269758
0.269758
0.269758
0.0827355
0.144996
0.253857
0.269428
0.157782
0.0624274
0.0559207
0.103536
0.137001
0.0932795
0.145122
0.220517
0.17527
0.220517
0.0580725
0.176048
0.176695
0.097189
0.106215
0.220517
0.220517
0.184379
0.194987
0.107704
0.17051
0.119526
0.0960526
0.0885864
0.12228
0.220517
0.185076
0.220517
0.116563
0.220517
0.220517
0.0994341
0.145414
0.220517
0.220517
0.149161
0.220517
0.0336338
0.0893954
0.180157
0.128834
0.108156
0.22303
0.22303
0.170073
0.176536
0.0873736
0.192437
0.158811
0.131577
0.130048
0.175415
0.159328
0.22303
0.22303
0.0843693
0.161456
0.193807
0.110825
0.176607
0.22303
0.22303
0.156721
0.202887
0.0352023
0.103794
0.173908
0.15301
0.105279
0.145446
0.0883141
0.22256
0.159573
0.0522596
0.081412
0.22303
0.22303
0.0761951
0.0784082
0.0795463
0.0770734
0.0841577
0.0497405
0.0836787
0.0878327
0.071092
0.174029
0.113511
0.0755657
0.0716957
0.110317
0.100801
0.106802
0.232634
0.339391
0.0585874
0.0931974
0.0409757
0.098874
0.0775921
0.0339069
0.0551335
0.161236
0.115389
0.339391
0.339391
0.339391
0.339391
0.339391
0.072617
0.0544383
0.110279
0.141289
0.0615592
0.039364
0.0280409
0.0269113
0.0401373
0.0376212
0.0417888
0.0680643
0.115182
0.238563
0.297804
0.100994
0.199024
0.184917
0.094461
0.297804
0.159372
0.0188084
0.161899
0.155939
0.236325
0.150639
0.195207
0.0756034
0.0591558
0.131902
0.0953024
0.0833951
0.144787
0.297804
0.297804
0.297804
0.29221
0.0737039
0.152231
0.0816445
0.182672
0.272596
0.0645421
0.127904
0.13257
0.0591506
0.258516
0.101115
0.0112231
0.012066
0.0548357
0.0808483
0.0756321
0.0864149
0.0761576
0.275526
0.078591
0.0146807
0.0153301
0.107231
0.294154
0.294154
0.294154
0.232378
0.0871589
0.19402
0.103669
0.00586716
0.0981836
0.294154
0.294154
0.294154
0.0805338
0.0707631
0.0184833
0.0130184
0.0107706
0.0473342
0.0951344
0.0574675
0.0683087
0.0802674
0.294291
0.0832939
0.0177357
0.021827
0.0754329
0.294291
0.126277
0.0757507
0.0835317
0.116926
0.216773
0.248412
0.00396783
0.104921
0.294291
0.294291
0.294291
0.067025
0.0464324
0.0187071
0.013528
0.137938
0.139058
0.294291
0.167248
0.0712072
0.023384
0.163449
0.294291
0.294291
0.0323279
0.13236
0.313654
0.178394
0.103298
0.129829
0.187122
0.224777
0.269636
0.0506413
0.119671
0.168305
0.158818
0.112572
0.0453521
0.0333559
0.0779613
0.0840419
0.161444
0.208949
0.313654
0.264367
0.105308
0.0533723
0.199596
0.313654
0.313654
0.0477081
0.0722713
0.0860022
0.112105
0.146374
0.0654681
0.054899
0.105795
0.100683
0.0253512
0.0503017
0.0776094
0.0918056
0.235967
0.12243
0.0818974
0.0626478
0.0256461
0.0318389
0.0517535
0.0540313
0.0517817
0.156115
0.154786
0.0347574
0.0372707
0.027847
0.208646
0.342391
0.298973
0.251797
0.342391
0.301453
0.171593
0.117997
0.0487184
0.0148784
0.0885329
0.0927416
0.0992089
0.342391
0.342391
0.0879698
0.0523374
0.0240287
0.0376734
0.0517981
0.0527282
0.0486412
0.133219
0.166726
0.0330057
0.0363844
0.0310941
0.0217721
0.0313118
0.016199
0.0538514
0.0649947
0.0342403
0.0153419
0.0839053
0.0490253
0.00834566
0.0869488
0.0907626
0.0969767
0.3514
0.3514
0.208163
0.02345
0.0106013
0.0268483
0.280834
0.178818
0.350774
0.3514
0.3514
0.3514
0.0251128
0.0148887
0.0210853
0.0335725
0.0137061
0.0366125
0.0451942
0.0266565
0.0184011
0.0574452
0.0355119
0.22778
0.205751
0.221092
0.202942
0.199178
0.0366669
0.0254842
0.0441852
0.0502312
0.0143569
0.169905
0.11477
0.220563
0.31278
0.31278
0.31278
0.0158227
0.00852845
0.12323
0.193266
0.162882
0.31278
0.31278
0.31278
0.0141454
0.0321492
0.0177089
0.129725
0.158017
0.147905
0.130995
0.180355
0.0695997
0.0590881
0.104289
0.0645975
0.081569
0.140901
0.253601
0.24069
0.304657
0.213382
0.0773466
0.117224
0.0495689
0.0993571
0.198221
0.121542
0.304657
0.304657
0.304657
0.0144506
0.0387259
0.0219972
0.0797269
0.160331
0.149985
0.213372
0.304657
0.123874
0.0148465
0.0226475
0.0204583
0.049487
0.151835
0.260453
0.256482
0.30118
0.228316
0.113859
0.184566
0.0754548
0.0086632
0.117504
0.30118
0.30118
0.30118
0.097832
0.109529
0.0292967
0.0191689
0.0976829
0.235618
0.17064
0.237521
0.30118
0.0814144
0.0146026
0.0350839
0.0291485
0.00841028
0.00600929
0.0265591
0.0758275
0.270846
0.0768139
0.0171154
0.0118658
0.00611171
0.00659252
0.117927
0.310639
0.310639
0.310639
0.0713557
0.0573295
0.0197674
0.0164352
0.130493
0.148463
0.310639
0.185963
0.0777206
0.0229239
0.131929
0.310639
0.310639
0.0110086
0.00674502
0.0243987
0.0727837
0.221921
0.0509506
0.0155495
0.00898449
0.0274513
0.144147
0.0278069
0.0123897
0.0333565
0.086794
0.028715
0.131379
0.310639
0.310639
0.161739
0.224202
0.347148
0.310029
0.115083
0.0468695
0.146094
0.347148
0.347148
0.0434439
0.0734111
0.0704516
0.0884416
0.12987
0.067284
0.0485229
0.113657
0.104416
0.181164
0.0337156
0.0181811
0.0596649
0.0976292
0.0310888
0.165919
0.347148
0.347148
0.0362785
0.0409601
0.0408003
0.119363
0.113328
0.0192513
0.038464
0.0936496
0.0472996
0.130414
0.274963
0.248371
0.232638
0.314492
0.306331
0.144833
0.0792406
0.0345699
0.0154674
0.0598357
0.0657041
0.0820399
0.314492
0.314492
0.0810651
0.0341208
0.0143864
0.184053
0.314492
0.126783
0.207182
0.314492
0.0134586
0.0865639
0.103437
0.0456905
0.0139611
0.0535341
0.135657
0.0550659
0.0741229
0.0272318
0.0686937
0.0542319
0.0150886
0.0112447
0.082559
0.089961
0.10941
0.372334
0.372334
0.197428
0.0234514
0.00961398
0.0275615
0.191673
0.162339
0.284524
0.372334
0.372334
0.302557
0.0308155
0.013812
0.0148315
0.0657553
0.143832
0.0803335
0.0681694
0.0439707
0.12019
0.0980092
0.0298603
0.0328737
0.101388
0.130442
0.139351
0.109818
0.0851032
0.0875924
0.0491779
0.0310104
0.0180062
0.143531
0.129361
0.215969
0.334439
0.334439
0.334439
0.0319068
0.0103926
0.117169
0.274453
0.142548
0.334439
0.334439
0.334439
0.0267938
0.0529727
0.02436
0.0249086
0.0818136
0.0885594
0.134114
0.120894
0.0956204
0.101932
0.0626679
0.0388528
0.0149859
0.0275719
0.0487446
0.130315
0.174596
0.0782717
0.0157204
0.00702844
0.00256553
0.164865
0.350364
0.154059
0.350364
0.350364
0.350364
0.0293971
0.0537576
0.018472
0.149999
0.30349
0.133089
0.27315
0.350364
0.15853
0.0265753
0.0118325
0.0123341
0.0100838
0.0203072
0.039388
0.157614
0.212533
0.0812574
0.0182729
0.011553
0.00337134
0.00662961
0.0183449
0.0273045
0.0684782
0.101754
0.043166
0.0263204
0.0126155
0.0105118
0.369599
0.369599
0.303749
0.369599
0.369599
0.178848
0.042835
0.0137434
0.0140318
0.017387
0.0114146
0.0436766
0.117645
0.369599
0.22669
0.0513113
0.0396136
0.0179869
0.00962069
0.0312246
0.0594806
0.130494
0.173898
0.061448
0.0473872
0.0325088
0.0166693
0.00382147
0.0225075
0.0597924
0.103177
0.165738
0.107633
0.0603367
0.0379641
0.0176051
0.022751
0.0103077
0.0276658
0.0807788
0.340189
0.103692
0.0297843
0.0186783
0.063352
0.256928
0.0392569
0.0213502
0.092799
0.206085
0.118831
0.293995
0.340189
0.340189
0.00182303
0.0113207
0.0386494
0.0538918
0.0849916
0.0550632
0.0345146
0.0242054
0.0104929
0.278576
0.0278458
0.0206242
0.0634183
0.221893
0.218464
0.222414
0.218162
0.340189
0.187744
0.0302572
0.0187056
0.0845308
0.138887
0.0636537
0.183414
0.295885
0.295885
0.0378073
0.0487087
0.0431861
0.125705
0.136171
0.0462749
0.0821462
0.116953
0.0679436
0.140107
0.0197577
0.0131833
0.0933356
0.219901
0.120788
0.175324
0.266232
0.295885
0.139941
0.0432569
0.0255498
0.132471
0.266819
0.0904163
0.286234
0.295885
0.295885
0.27206
0.27206
0.204448
0.27206
0.27206
0.031773
0.123852
0.151866
0.0984276
0.0282518
0.0879999
0.211875
0.0801879
0.104186
0.0371959
0.10542
0.10531
0.0292521
0.230037
0.27206
0.250505
0.27206
0.27206
0.0454715
0.0865562
0.0930921
0.0881305
0.0198867
0.0768249
0.265923
0.123995
0.0670655
0.0320947
0.0838689
0.212304
0.0643369
0.0474829
0.179007
0.251589
0.179081
0.159291
0.0558225
0.226136
0.237928
0.0778811
0.0887274
0.125727
0.251589
0.230967
0.218967
0.0912225
0.0977799
0.155215
0.0881646
0.0333285
0.163134
0.251589
0.241535
0.108894
0.104648
0.168179
0.251589
0.154273
0.0249627
0.078575
0.166294
0.251589
0.251589
0.081802
0.0750707
0.132325
0.107626
0.0859197
0.160312
0.259768
0.27622
0.27622
0.113467
0.13763
0.217956
0.132376
0.0565357
0.0733677
0.140737
0.246935
0.269468
0.158209
0.0545567
0.0184285
0.00953824
0.0375604
0.111731
0.146322
0.27622
0.27622
0.105014
0.0944435
0.147929
0.17086
0.0384025
0.0744921
0.0758788
0.27622
0.27622
0.185501
0.0213796
0.0189469
0.00763543
0.040921
0.0822763
0.13602
0.332082
0.332082
0.180544
0.0630131
0.0262919
0.0106296
0.0256394
0.0502224
0.103634
0.200662
0.294855
0.130278
0.0871085
0.0415905
0.0258524
0.0363491
0.110032
0.108697
0.332082
0.332082
0.201051
0.0181309
0.0172233
0.0082937
0.0472845
0.0656408
0.0649539
0.332082
0.332082
0.165836
0.0196545
0.024731
0.0174961
0.0201733
0.0556104
0.136708
0.240535
0.314638
0.128294
0.0915398
0.0534365
0.0233777
0.0061065
0.0431989
0.119035
0.192679
0.326444
0.197328
0.120501
0.0873224
0.0347483
0.0348513
0.0567469
0.087309
0.326444
0.326444
0.179941
0.0247951
0.0226131
0.01845
0.013311
0.0272937
0.0661567
0.326444
0.326444
0.29733
0.0520702
0.0392919
0.0231569
0.0029054
0.0225925
0.0753781
0.0940316
0.168133
0.100449
0.0612018
0.0448022
0.0178304
0.318852
0.0364813
0.0379436
0.177326
0.318852
0.318852
0.318852
0.239434
0.318852
0.00379796
0.00946544
0.0385902
0.212996
0.318852
0.133966
0.0260321
0.0174322
0.0149117
0.0843865
0.0182292
0.0544045
0.166514
0.318852
0.13342
0.0288732
0.0346755
0.115016
0.0911701
0.0161655
0.0135699
0.0977931
0.232221
0.147833
0.20712
0.195114
0.316118
0.122492
0.0434435
0.0246202
0.110316
0.26247
0.111361
0.272949
0.318262
0.318262
0.0303806
0.0080043
0.0185046
0.0689935
0.207685
0.0562501
0.0149817
0.0271495
0.0858909
0.222351
0.0242433
0.0116044
0.0525526
0.127425
0.0230075
0.0629208
0.318262
0.318262
0.272523
0.272523
0.272523
0.272523
0.272523
0.0734641
0.122684
0.104408
0.134033
0.0209201
0.0942633
0.272523
0.130188
0.0935993
0.0445402
0.100045
0.264371
0.0783152
0.272523
0.272523
0.127596
0.272523
0.272523
0.0260353
0.0904301
0.0606081
0.115447
0.0325988
0.0914088
0.0832804
0.0681586
0.0686927
0.0578295
0.0822493
0.0602674
0.0578786
0.0455241
0.2219
0.257654
0.257654
0.164904
0.122519
0.192906
0.257654
0.180654
0.0493572
0.148311
0.207725
0.257654
0.257654
0.110459
0.116817
0.177324
0.144323
0.0441975
0.179563
0.219377
0.177741
0.155098
0.115782
0.138414
0.128542
0.085732
0.0638562
0.190296
0.197997
0.244423
0.147751
0.041038
0.0370953
0.018923
0.0106369
0.0704506
0.214272
0.205568
0.269024
0.269024
0.125892
0.150465
0.161558
0.210252
0.0881092
0.116662
0.097683
0.269024
0.269024
0.185168
0.0378142
0.0328322
0.0133319
0.0676956
0.223429
0.261888
0.269024
0.167055
0.0568688
0.0513618
0.0239397
0.00495559
0.0256025
0.0391575
0.0848384
0.269024
0.269024
0.224048
0.0701045
0.0400081
0.00146479
0.0626224
0.145087
0.115425
0.306251
0.306251
0.16709
0.0276458
0.026589
0.0118103
0.0552134
0.0606999
0.0638785
0.306251
0.306251
0.119516
0.0251253
0.0349082
0.0144975
0.0176225
0.0478242
0.0788513
0.306251
0.306251
0.220044
0.0771695
0.0606166
0.0121888
0.0452428
0.0405891
0.0235556
0.306251
0.306251
0.268048
0.0920869
0.052558
0.0185944
0.0377601
0.0575857
0.07708
0.314483
0.314483
0.128944
0.0268715
0.0306856
0.017049
0.0208551
0.0249981
0.0548766
0.296978
0.314483
0.269546
0.0461275
0.0428171
0.0418725
0.0460679
0.047241
0.0274065
0.314483
0.314483
0.252623
0.0604398
0.0760792
0.0311546
0.0110225
0.0540382
0.0634876
0.177615
0.314483
0.293802
0.0297552
0.0305953
0.0246402
0.0164156
0.0245578
0.0712997
0.314105
0.316636
0.256138
0.0507064
0.0381003
0.043644
0.018485
0.0373932
0.0741427
0.285197
0.316636
0.2315
0.0692799
0.102871
0.0375737
0.0116028
0.050892
0.0675282
0.222365
0.316636
0.28556
0.0170908
0.0306085
0.022587
0.00779751
0.017427
0.025808
0.143818
0.316636
0.304753
0.0464524
0.0789474
0.029325
0.0149381
0.0101029
0.0145597
0.0586756
0.204711
0.053884
0.0167375
0.030467
0.0625823
0.268364
0.0277649
0.0129475
0.0554931
0.16306
0.0245475
0.0458301
0.426995
0.426995
0.00423184
0.00336107
0.00634699
0.0388511
0.127615
0.0574626
0.00899626
0.0123821
0.0099726
0.426995
0.00521697
0.00602305
0.109177
0.257162
0.0276441
0.0174655
0.103792
0.426995
0.284428
0.284428
0.172189
0.264366
0.284428
0.0424031
0.122432
0.0883367
0.149164
0.0589419
0.103572
0.0711744
0.0671053
0.0827221
0.0742323
0.0941679
0.0643685
0.0637137
0.284428
0.257795
0.0659417
0.243247
0.284428
0.0469993
0.0732673
0.23505
0.284428
0.125524
0.0779791
0.0419753
0.0956804
0.284428
0.0463128
0.053551
0.040728
0.0436478
0.133609
0.237657
0.237657
0.22684
0.221793
0.178959
0.194667
0.174655
0.117212
0.12513
0.237657
0.237657
0.237657
0.200351
0.0680328
0.0676438
0.0186287
0.0113177
0.213035
0.153372
0.129355
0.22712
0.237657
0.171869
0.162124
0.0787506
0.0479457
0.0998892
0.139827
0.161837
0.174482
0.237657
0.099147
0.0896249
0.0292706
0.00780074
0.120566
0.284965
0.284965
0.284965
0.219413
0.081377
0.0742791
0.0119898
0.000219588
0.0640348
0.0657543
0.095259
0.284965
0.284965
0.237507
0.0819812
0.0629904
0.00339944
0.0485108
0.153096
0.19737
0.199805
0.203226
0.118841
0.0947527
0.0289854
0.00482713
0.0515453
0.15136
0.24719
0.284965
0.284965
0.114142
0.0325205
0.0342314
0.0115111
0.0360055
0.0537736
0.0666911
0.307633
0.307633
0.176786
0.061969
0.0686458
0.0130696
0.047559
0.040237
0.0200971
0.307633
0.307633
0.241543
0.0571692
0.0572974
0.0189045
0.0541917
0.148006
0.213254
0.307633
0.307633
0.0957624
0.0232311
0.0301736
0.00801384
0.0203498
0.0283067
0.0675828
0.262888
0.307633
0.247576
0.0303159
0.0295217
0.0200516
0.0455719
0.0468839
0.0249595
0.331198
0.331198
0.2214
0.0360945
0.0824024
0.0318055
0.0191292
0.0352418
0.0416736
0.160931
0.331198
0.300972
0.0237067
0.0368575
0.0415732
0.0248851
0.0293495
0.0569203
0.267132
0.331198
0.260782
0.0273488
0.0409673
0.0226051
0.0525896
0.0308102
0.0162448
0.217069
0.331198
0.249121
0.0548709
0.0238709
0.0357812
0.0170801
0.0401673
0.0518718
0.208982
0.327793
0.278778
0.0173027
0.0381542
0.0359516
0.0136639
0.0188131
0.0092055
0.191339
0.327793
0.285697
0.0488529
0.0720567
0.0379755
0.0328001
0.0215338
0.0173406
0.250134
0.327793
0.292048
0.0481261
0.0298717
0.036269
0.0107223
0.0075692
0.0274763
0.226123
0.327793
0.303823
0.11684
0.0309763
0.00956225
0.00402147
0.00499064
0.0047533
0.0460363
0.132076
0.0489008
0.0107385
0.0105259
0.00756086
0.399888
0.00819304
0.0100246
0.101692
0.243556
0.0320286
0.0827492
0.183742
0.399888
0.000136079
0.00524718
0.00875171
0.0491506
0.14483
0.0613063
0.0218764
0.00711748
0.00185964
0.384293
0.0296133
0.0126458
0.0624847
0.12481
0.0356699
0.171273
0.399888
0.399888
0.276501
0.276501
0.0835781
0.204904
0.276501
0.0430641
0.068278
0.241802
0.276501
0.160127
0.0994877
0.0265396
0.0788393
0.255059
0.0440912
0.0478682
0.0396433
0.0408967
0.276501
0.107854
0.0311061
0.266273
0.276501
0.0150439
0.0820286
0.168566
0.210573
0.256472
0.114429
0.0425642
0.0955456
0.235091
0.0301796
0.0378286
0.0341805
0.0230881
0.263307
0.218258
0.0932391
0.211774
0.263307
0.178889
0.158236
0.0928803
0.0704598
0.137074
0.171389
0.185865
0.204253
0.263307
0.119974
0.0966517
0.025704
0.0116714
0.263307
0.263307
0.146461
0.263307
0.263307
0.127861
0.135075
0.117703
0.053019
0.166053
0.128064
0.0629115
0.115187
0.214813
0.0707072
0.0504484
0.0410267
0.0680608
0.0829145
0.203035
0.253567
0.28782
0.322135
0.174412
0.12243
0.0314338
0.0136808
0.0727971
0.202169
0.2793
0.323291
0.323291
0.150207
0.0389104
0.0531451
0.023004
0.0665374
0.106421
0.08587
0.130145
0.171811
0.11049
0.08289
0.0576604
0.0610502
0.0508486
0.111848
0.107632
0.196449
0.323291
0.118734
0.100268
0.0454269
0.0452526
0.0805222
0.198121
0.246969
0.360094
0.360094
0.115896
0.0251861
0.0466159
0.0153725
0.0236559
0.0450026
0.0844361
0.357865
0.360094
0.330118
0.0480723
0.0515009
0.025158
0.035911
0.0795995
0.0814466
0.154868
0.265976
0.110077
0.0878202
0.045909
0.0263463
0.0215005
0.0626044
0.0773142
0.131278
0.224132
0.115805
0.0800679
0.0737071
0.0271337
0.0337233
0.0517116
0.0776027
0.378114
0.378114
0.340463
0.0432701
0.0632119
0.0293201
0.0906207
0.0573135
0.0280937
0.31048
0.378114
0.332585
0.0816154
0.0459043
0.061111
0.0329681
0.0623215
0.0804636
0.132508
0.230866
0.136723
0.0730948
0.0743229
0.0409299
0.048415
0.101214
0.0739722
0.1043
0.201198
0.11689
0.0775082
0.0444501
0.0470024
0.0570281
0.0468057
0.0321616
0.349402
0.367788
0.349768
0.0680194
0.0457081
0.0586323
0.0280092
0.013767
0.0343684
0.367788
0.367788
0.367788
0.130041
0.0361675
0.0180796
0.0535108
0.114595
0.0867383
0.11404
0.185786
0.120943
0.0593474
0.043809
0.0515133
0.0267199
0.0603133
0.0664285
0.132827
0.166564
0.139558
0.0815029
0.0517075
0.0216828
0.0010526
0.00526721
0.009358
0.0626577
0.172475
0.056263
0.020435
0.00673899
0.00219809
0.384212
0.0263041
0.0155073
0.0738312
0.158317
0.0423317
0.232375
0.384212
0.384212
0.00717141
0.011715
0.0129445
0.0200825
0.022922
0.01943
0.0127006
0.0102604
0.00839051
0.384212
0.00789302
0.00674636
0.117963
0.245702
0.00573736
0.0220653
0.245624
0.384212
0.275508
0.126872
0.0237291
0.294683
0.299677
0.0196841
0.0751652
0.170517
0.235478
0.266019
0.14001
0.0404177
0.0948669
0.237789
0.0261288
0.0336469
0.0368519
0.0271474
0.171922
0.0731396
0.022125
0.299677
0.299677
0.0234562
0.0435078
0.0928543
0.299677
0.188748
0.125913
0.0495567
0.112385
0.299677
0.0350344
0.0261347
0.0399559
0.0549063
0.288709
0.288709
0.133925
0.244349
0.288709
0.0935853
0.0965501
0.116566
0.0740507
0.171675
0.132454
0.0576343
0.117814
0.196433
0.0755194
0.0484487
0.0370668
0.0740395
0.288709
0.288709
0.188215
0.280506
0.288709
0.151508
0.0833042
0.12358
0.137333
0.0698659
0.093177
0.103108
0.0792169
0.203601
0.0828626
0.0642675
0.0422817
0.0673505
0.123688
0.144587
0.102271
0.174669
0.230809
0.152564
0.106484
0.0690539
0.103647
0.142003
0.154626
0.131343
0.266595
0.266595
0.175502
0.130093
0.0654442
0.107141
0.0793086
0.12797
0.191182
0.147946
0.239742
0.183915
0.120881
0.0716916
0.0922178
0.236747
0.266595
0.266595
0.266595
0.266595
0.0620859
0.0374019
0.0168086
0.077011
0.0956961
0.104766
0.0996704
0.210233
0.268502
0.158191
0.113695
0.065359
0.0729904
0.0294207
0.0830263
0.107105
0.211943
0.268502
0.17824
0.15223
0.109961
0.030084
0.173125
0.268502
0.268502
0.268502
0.268502
0.0982632
0.0573773
0.0175432
0.0686329
0.0310725
0.0833362
0.160661
0.268502
0.268502
0.268502
0.109229
0.0584756
0.015562
0.0343003
0.0868321
0.118735
0.214336
0.295955
0.187232
0.125668
0.0933674
0.036253
0.0536705
0.14692
0.125832
0.15957
0.206134
0.115896
0.109361
0.0861453
0.0752566
0.0190077
0.0547148
0.138009
0.307013
0.307013
0.307013
0.120321
0.0400917
0.0149855
0.0115922
0.0557846
0.1044
0.307013
0.307013
0.291924
0.129713
0.0763404
0.0634915
0.0601239
0.16815
0.137593
0.193207
0.241106
0.12313
0.0828615
0.0622717
0.0646909
0.0470482
0.0839101
0.0836419
0.204318
0.222025
0.183461
0.108139
0.0725232
0.0401654
0.0129635
0.0696452
0.0783492
0.345897
0.345897
0.301234
0.0989249
0.0411276
0.0386749
0.00304616
0.046995
0.0520154
0.242238
0.345897
0.345897
0.0786095
0.0255361
0.0150201
0.00728283
0.0125561
0.0121508
0.0291398
0.0318122
0.0198586
0.0129419
0.0112516
0.00922286
0.428325
0.00777593
0.00606236
0.129056
0.264795
0.00640142
0.0173653
0.310751
0.428325
0.00736882
0.00885174
0.00624921
0.032452
0.139569
0.0646174
0.00699993
0.00724923
0.0211573
0.428325
0.0189023
0.0163341
0.0691191
0.183865
0.0144989
0.00843914
0.120252
0.428325
0.201429
0.130595
0.0370982
0.296493
0.296493
0.0353293
0.0579457
0.0935382
0.296493
0.198719
0.148755
0.054873
0.106147
0.296493
0.0547226
0.0403741
0.0345297
0.0452366
0.169994
0.296493
0.0557474
0.273684
0.296493
0.164315
0.0902334
0.0926945
0.10647
0.0795298
0.12284
0.0822862
0.0960531
0.296493
0.163135
0.0438011
0.0216329
0.0116913
0.284022
0.284022
0.137501
0.184403
0.284022
0.134111
0.0826173
0.0679973
0.0762145
0.0528365
0.0616943
0.0591927
0.083737
0.284022
0.0814093
0.0467044
0.0238115
0.0452296
0.165368
0.257316
0.191911
0.204844
0.284022
0.284022
0.0888437
0.0485035
0.0346073
0.00461786
0.0382407
0.0520042
0.28337
0.284022
0.216578
0.0280491
0.0463629
0.022523
0.0446835
0.0564132
0.0740255
0.107065
0.313412
0.107902
0.0521357
0.024708
0.0446505
0.133505
0.19396
0.163915
0.313412
0.313412
0.0622324
0.0138978
0.00692286
0.0530938
0.00101169
0.0325066
0.0419348
0.313412
0.313412
0.259642
0.0495208
0.0557456
0.0275394
0.00964267
0.0385671
0.0784458
0.313412
0.313412
0.313412
0.0372165
0.0113037
0.00750194
0.105052
0.131606
0.130362
0.269227
0.302072
0.0785864
0.0265133
0.0074133
0.051219
0.0166712
0.0422096
0.0813379
0.291155
0.302072
0.181287
0.0522849
0.0308002
0.0065998
0.00541494
0.0211937
0.0564678
0.302072
0.302072
0.302072
0.0662283
0.00933257
0.00587877
0.00228331
0.0204415
0.0529672
0.302072
0.302072
0.300862
0.0427195
0.00970347
0.000529669
0.00685527
0.0313775
0.0782375
0.272919
0.32146
0.180244
0.0572179
0.0177095
0.00389502
0.00110129
0.0267687
0.0506141
0.235439
0.32146
0.191095
0.0538137
0.0467015
0.0375833
0.000618344
0.016465
0.0517545
0.32146
0.32146
0.279526
0.0662392
0.0102389
0.000659804
0.0011341
0.00498536
0.0398884
0.252207
0.32146
0.32146
0.0986516
0.000606557
0
0.00110898
0.0340137
0.039075
0.241745
0.325759
0.202698
0.0417428
0.0228805
0.0191824
0.000674566
0.0260541
0.0295177
0.159864
0.325759
0.289584
0.044412
0.0136734
0.00911998
0.00284342
0.00594593
0.0576729
0.251999
0.325759
0.325759
0.0916059
0.00581038
0.00196718
0.00557016
0.0180551
0.0543917
0.256698
0.325759
0.325759
0.0213606
0.0157781
0.00379258
0.00640098
0.0112945
0.0073468
0.0560085
0.176315
0.0731318
0.00854381
0.00701219
0.0259865
0.453512
0.0264307
0.0173898
0.089857
0.1836
0.0187506
0.0122966
0.166913
0.453512
0.0182198
0.00595261
0.0208344
0.0822236
0.218978
0.0833032
0.0047017
0.00622164
0.0441918
0.424579
0.0151203
0.0113867
0.048413
0.121734
0.0290082
0.00901499
0.0897959
0.453512
0.129945
0.22154
0.0472072
0.23807
0.266165
0.0700237
0.0722163
0.111761
0.102773
0.0383829
0.102687
0.0574833
0.103363
0.199725
0.0701873
0.0278297
0.00903294
0.00298382
0.266165
0.266165
0.132094
0.266165
0.266165
0.192551
0.154245
0.266165
0.266165
0.0814717
0.266165
0.163089
0.136607
0.261169
0.0685093
0.0134298
0.0129579
0.00750798
0.0984766
0.280587
0.155107
0.23188
0.34474
0.134214
0.0612625
0.0183551
0.0117036
0.00317052
0.0167547
0.0254024
0.124608
0.34474
0.108755
0.0158762
0.0120569
0.00620535
0.221404
0.34474
0.34474
0.34474
0.34474
0.0648675
0.0333458
0.0323307
0.0105266
0.00927107
0.0202029
0.0477622
0.0575406
0.0758037
0.0388594
0.0176109
0.0193324
0.0135184
0.00490486
0.0361644
0.0493404
0.337141
0.359729
0.291289
0.0516083
0.0398188
0.0205015
0.0120184
0.0268528
0.0753299
0.359729
0.359729
0.359729
0.0442496
0.0149873
0.00547774
0.0374135
0.0572319
0.109711
0.143064
0.226862
0.121103
0.069869
0.0521857
0.0330192
0.0715461
0.0438491
0.0491078
0.150835
0.288963
0.16805
0.0807608
0.0518605
0.0389437
0.00764831
0.0223022
0.064936
0.355262
0.355262
0.355262
0.0810152
0.0158737
0.0049974
0.0147671
0.0433259
0.0815933
0.355262
0.355262
0.320015
0.0571286
0.0300116
0.0116243
0.0723881
0.0438867
0.0502021
0.157872
0.317308
0.157211
0.0946
0.0449454
0.0386936
0.0378551
0.0588264
0.056168
0.120159
0.160383
0.0922683
0.08982
0.0586298
0.0341332
0.0106383
0.0448584
0.0902126
0.375671
0.375671
0.327973
0.0900912
0.0261309
0.00870446
0.0112654
0.0136682
0.044336
0.305816
0.375671
0.375671
0.130845
0.0188451
0.0164356
0.0331411
0.083005
0.0746547
0.139759
0.186973
0.085052
0.0618994
0.0430208
0.0307977
0.0353035
0.0583072
0.0453166
0.106225
0.197721
0.184731
0.0998628
0.0792666
0.0765155
0.0171539
0.0219424
0.0635308
0.307287
0.354562
0.354562
0.115993
0.0224396
0.0165886
0.0121067
0.041514
0.0736877
0.315379
0.354562
0.354562
0.0340494
0.0378245
0.0184402
0.0393623
0.0813956
0.0579527
0.131719
0.190092
0.184478
0.0757176
0.0789877
0.0834653
0.0164037
0.0674938
0.0866469
0.179591
0.252377
0.18328
0.0728282
0.0851999
0.0394627
0.0207931
0.0130394
0.0210802
0.0899562
0.228757
0.0813816
0.00717595
0.0102815
0.0512984
0.383819
0.0233752
0.0107632
0.0589961
0.127539
0.0285767
0.0386449
0.181638
0.409865
0.00789098
0.0178056
0.0221946
0.0503914
0.0634779
0.0419902
0.0167986
0.0219521
0.0206696
0.182969
0.0147149
0.00996653
0.0272342
0.0833396
0.0475301
0.409865
0.409865
0.409865
0.260573
0.260573
0.132741
0.260573
0.260573
0.177249
0.15232
0.260573
0.260573
0.0813085
0.260573
0.158178
0.184553
0.260573
0.0599899
0.0128376
0.00890418
0.00534769
0.058633
0.0583229
0.0750935
0.165022
0.260573
0.0949373
0.114963
0.138525
0.176909
0.120493
0.148057
0.149197
0.209744
0.176654
0.0271444
0.00725994
0.0012247
0.000760531
0.205424
0.329476
0.329476
0.329476
0.329476
0.0535714
0.0280515
0.0205184
0.00689654
0.0137198
0.0236005
0.0352709
0.0372835
0.0424922
0.0309148
0.013134
0.0133167
0.0109488
0.257462
0.329476
0.329476
0.329476
0.320821
0.0741292
0.0162964
0.0035704
0.00171512
0.0168149
0.0433219
0.0399345
0.06418
0.0521671
0.0237802
0.0189619
0.0253125
0.00578387
0.0988458
0.143047
0.183651
0.1838
0.234457
0.198076
0.104611
0.0987334
0.0773055
0.161424
0.151417
0.117334
0.193018
0.234457
0.221204
0.148238
0.136971
0.104657
0.0734051
0.234457
0.19081
0.234457
0.234457
0.185035
0.107005
0.140303
0.0462836
0.0817898
0.180973
0.147228
0.234457
0.234457
0.191868
0.074091
0.17575
0.0855386
0.172699
0.154474
0.127655
0.221575
0.236506
0.21794
0.176867
0.146417
0.118179
0.0994196
0.138571
0.147303
0.161837
0.180108
0.101153
0.188329
0.139747
0.0901704
0.077037
0.197781
0.185145
0.236506
0.236506
0.181738
0.0730102
0.1649
0.103482
0.0546267
0.123376
0.155073
0.236506
0.236506
0.236506
0.169502
0.0888828
0.117797
0.0922172
0.181197
0.187199
0.216898
0.22058
0.110998
0.15175
0.108126
0.0787086
0.0989283
0.111558
0.0763182
0.150247
0.229988
0.224323
0.229988
0.180205
0.181091
0.0639689
0.113948
0.204355
0.229988
0.229988
0.202234
0.185884
0.0895384
0.122562
0.0668696
0.105585
0.0874116
0.174203
0.229988
0.229988
0.210591
0.128936
0.138534
0.0997929
0.145711
0.0864155
0.190601
0.228358
0.223451
0.183364
0.151851
0.165785
0.0411849
0.148366
0.167942
0.228358
0.228358
0.225374
0.149755
0.185372
0.120066
0.0682461
0.0857002
0.0729769
0.159226
0.228358
0.228358
0.227268
0.103796
0.113736
0.0676859
0.0616218
0.0681589
0.184446
0.228358
0.228358
0.228358
0.168621
0.0794162
0.0162781
0.0360309
0.0345839
0.0699959
0.0617476
0.0458276
0.0277778
0.0376115
0.0387998
0.23368
0.0262232
0.0167905
0.0448487
0.131988
0.0712377
0.410733
0.410733
0.410733
0.0122439
0.0102994
0.010546
0.0361222
0.0601509
0.0749452
0.0655193
0.0376787
0.0240007
0.0407103
0.00228162
0.00577698
0.0225156
0.0416718
0.104903
0.275787
0.345905
0.410733
