0.0540466
0.0920171
0.112447
0.263355
0.321678
0.162131
0.153349
0.226163
0.186496
0.0447899
0.111578
0.105797
0.258677
0.321678
0.235814
0.128377
0.122483
0.137123
0.145394
0.0598211
0.148283
0.184983
0.154787
0.114113
0.165618
0.218292
0.251725
0.10526
0.0853181
0.11935
0.156638
0.148233
0.0712063
0.0996241
0.084496
0.088721
0.0669688
0.126291
0.121946
0.332253
0.332253
0.204524
0.145106
0.135976
0.1237
0.057503
0.132008
0.12752
0.306868
0.332253
0.209846
0.170058
0.113242
0.120071
0.0791462
0.0642493
0.117229
0.179752
0.136727
0.0767468
0.13889
0.119198
0.121435
0.102073
0.102625
0.196774
0.165182
0.165473
0.0877703
0.106186
0.0953481
0.183851
0.06091
0.153371
0.168688
0.288231
0.320964
0.201442
0.141776
0.127872
0.0938468
0.0760264
0.139311
0.18568
0.269656
0.320964
0.203273
0.0975446
0.203128
0.0983828
0.0789266
0.0914539
0.169484
0.185524
0.173357
0.0961484
0.121474
0.110155
0.14969
0.143175
0.178622
0.114082
0.1231
0.150597
0.106884
0.0823662
0.169878
0.13622
0.0588101
0.125988
0.229894
0.233803
0.301314
0.259978
0.0851522
0.186979
0.0998497
0.0630247
0.145886
0.231032
0.247619
0.301314
0.299623
0.0630482
0.0846267
0.0371062
0.108147
0.134348
0.10208
0.112461
0.150382
0.147628
0.107933
0.187625
0.131602
0.0847223
0.145599
0.212963
0.169324
0.141799
0.140742
0.0958003
0.112367
0.0636875
0.0568764
0.126357
0.232135
0.286992
0.31303
0.300068
0.0850104
0.0883207
0.052051
0.0737961
0.133417
0.119847
0.255139
0.31303
0.243404
0.139679
0.0924552
0.108514
0.0760524
0.135664
0.170569
0.160356
0.14949
0.176917
0.113622
0.126234
0.0894416
0.072716
0.183518
0.160164
0.0730929
0.168469
0.158255
0.159895
0.0987462
0.104008
0.0706885
0.135939
0.107392
0.271679
0.311415
0.231316
0.134179
0.102249
0.133988
0.0625685
0.135267
0.187702
0.311415
0.311415
0.231091
0.112208
0.084634
0.162711
0.0797194
0.181824
0.114408
0.0746484
0.16107
0.144274
0.134556
0.106194
0.129446
0.126032
0.167567
0.167766
0.133419
0.152062
0.0948171
0.0873724
0.127817
0.215131
0.0617592
0.132893
0.178805
0.284555
0.284555
0.269826
0.111084
0.0913204
0.180239
0.0660158
0.0724106
0.0856626
0.279524
0.284555
0.284555
0.0838295
0.100601
0.113015
0.120752
0.139338
0.14496
0.154058
0.180564
0.0965729
0.0780429
0.118473
0.210588
0.111183
0.0693825
0.121685
0.148448
0.17764
0.14445
0.151233
0.189024
0.146677
0.154674
0.0649234
0.163985
0.215128
0.215128
0.162808
0.177179
0.215128
0.215128
0.136029
0.101599
0.135726
0.161639
0.184895
0.0828198
0.122507
0.123893
0.140087
0.0796488
0.0941617
0.176335
0.215128
0.215128
0.18342
0.153778
0.215128
0.215128
0.129352
0.188434
0.164347
0.185877
0.191991
0.0992568
0.147351
0.142577
0.215128
0.127133
0.089445
0.148267
0.208751
0.212091
0.0936728
0.154887
0.157566
0.179889
0.102925
0.118747
0.212091
0.208367
0.212091
0.132054
0.139866
0.133463
0.203699
0.139311
0.212091
0.212091
0.212091
0.212091
0.120806
0.150486
0.151193
0.188229
0.0694871
0.202471
0.212091
0.169756
0.14963
0.0837243
0.0990303
0.206751
0.156583
0.0807881
0.0986917
0.211594
0.211594
0.211594
0.134907
0.158236
0.134967
0.159902
0.181739
0.18515
0.187903
0.18183
0.165741
0.136371
0.104148
0.211594
0.130785
0.0427156
0.182416
0.211594
0.178384
0.168644
0.12478
0.107235
0.191146
0.120067
0.105548
0.211594
0.19299
0.211594
0.181445
0.172393
0.0739694
0.197364
0.211594
0.131392
0.148355
0.173064
0.146259
0.169073
0.19298
0.149625
0.213396
0.135277
0.13305
0.186962
0.213396
0.213396
0.203403
0.162348
0.147596
0.156215
0.0736133
0.0855376
0.168752
0.157054
0.213396
0.213396
0.213396
0.102769
0.208164
0.213396
0.0807133
0.19718
0.138831
0.213396
0.146955
0.12358
0.141448
0.162049
0.0664602
0.109199
0.174771
0.200907
0.206453
0.200353
0.206453
0.175594
0.181903
0.106728
0.103724
0.206453
0.185965
0.135967
0.206453
0.203795
0.167755
0.139946
0.18075
0.0621112
0.151267
0.132385
0.206453
0.206453
0.150047
0.168749
0.191214
0.0743085
0.0844553
0.129857
0.105979
0.171374
0.185791
0.206453
0.206453
0.137257
0.140279
0.105371
0.211267
0.12611
0.133339
0.211267
0.184969
0.154471
0.142235
0.191012
0.167312
0.211267
0.211267
0.166679
0.18248
0.145293
0.116102
0.131058
0.211267
0.0571081
0.117156
0.144565
0.153785
0.210372
0.211267
0.211267
0.150932
0.12929
0.0848507
0.137435
0.187062
0.108189
0.177134
0.168651
0.176625
0.182815
0.211267
0.141118
0.183699
0.174527
0.181896
0.195743
0.127976
0.104276
0.118896
0.208527
0.178783
0.115564
0.134976
0.188737
0.187702
0.17437
0.166388
0.188613
0.191867
0.0798754
0.157015
0.208527
0.122259
0.189998
0.113756
0.14678
0.149795
0.20021
0.15316
0.208527
0.180521
0.175101
0.208527
0.122123
0.0866643
0.195094
0.19496
0.0830379
0.117723
0.161135
0.182642
0.21346
0.174502
0.137053
0.187876
0.21346
0.121919
0.171799
0.17723
0.136493
0.151875
0.0914436
0.128898
0.163233
0.191107
0.124806
0.183328
0.164361
0.188771
0.21346
0.0880865
0.0911653
0.21346
0.21346
0.0885176
0.21346
0.19951
0.21346
0.194663
0.104161
0.21346
0.183177
0.0860173
0.137215
0.207253
0.209397
0.186111
0.209397
0.109763
0.11801
0.165404
0.159611
0.0562115
0.163674
0.209397
0.16817
0.133209
0.0899746
0.0992035
0.159957
0.113092
0.0843264
0.209397
0.209397
0.209397
0.208244
0.140226
0.209397
0.209397
0.123691
0.0618951
0.15949
0.209397
0.209397
0.202903
0.134004
0.148764
0.148227
0.189941
0.0408789
0.161559
0.213653
0.176912
0.146458
0.116599
0.11299
0.166942
0.100101
0.113197
0.18951
0.213653
0.213653
0.144797
0.146016
0.0783327
0.165395
0.19258
0.0622355
0.122079
0.213653
0.213024
0.211268
0.154312
0.180172
0.162307
0.212399
0.0880725
0.213653
0.213653
0.211119
0.133276
0.112852
0.213653
0.185735
0.142326
0.10986
0.157566
0.208466
0.209917
0.155893
0.180385
0.113358
0.197253
0.209917
0.107469
0.144839
0.126206
0.209917
0.143916
0.114748
0.141819
0.139867
0.0898389
0.121316
0.209917
0.209917
0.209917
0.145456
0.121811
0.209917
0.201433
0.174181
0.201893
0.136598
0.103514
0.209917
0.209917
0.116181
0.101605
0.209917
0.157251
0.0902994
0.114681
0.131136
0.213706
0.20511
0.146017
0.179949
0.182382
0.110819
0.0909433
0.118902
0.0997568
0.196461
0.213706
0.213706
0.204465
0.126361
0.122579
0.213706
0.137667
0.139588
0.213706
0.213706
0.132192
0.0778926
0.213706
0.213706
0.077938
0.130647
0.173503
0.174122
0.178506
0.154094
0.213706
0.204699
0.14946
0.0531806
0.0957283
0.121274
0.166836
0.214473
0.214473
0.209775
0.130737
0.114898
0.0908313
0.116452
0.148527
0.108209
0.191684
0.184235
0.165586
0.145031
0.200901
0.0829109
0.118718
0.172596
0.163475
0.190441
0.157119
0.214473
0.214473
0.197436
0.0868087
0.166841
0.157677
0.177336
0.214473
0.137838
0.214473
0.214473
0.214473
0.0783815
0.134654
0.178298
0.120684
0.196549
0.140249
0.157058
0.135123
0.163134
0.178264
0.199447
0.118084
0.166146
0.217738
0.144868
0.101449
0.137124
0.180066
0.115335
0.185228
0.159666
0.185523
0.217738
0.13358
0.217738
0.217738
0.217738
0.109487
0.206037
0.186655
0.17524
0.217738
0.120718
0.145509
0.153786
0.129265
0.140246
0.212753
0.170708
0.182584
0.211482
0.0826061
0.118187
0.217139
0.217139
0.094155
0.217139
0.217139
0.21105
0.177236
0.0787618
0.176506
0.207115
0.0737011
0.129129
0.0728941
0.0907298
0.1601
0.217139
0.126953
0.179015
0.217139
0.217139
0.0933571
0.119976
0.172147
0.217139
0.217139
0.0898675
0.141774
0.142361
0.0837865
0.105836
0.216683
0.216683
0.216683
0.201467
0.101233
0.197166
0.216683
0.111008
0.081561
0.157503
0.216683
0.216683
0.191775
0.130988
0.170334
0.145025
0.178603
0.118014
0.144748
0.159497
0.216683
0.216683
0.109342
0.145357
0.149062
0.0944131
0.0602207
0.0841323
0.151569
0.16745
0.177463
0.15509
0.183599
0.203704
0.163736
0.0886824
0.133623
0.208442
0.203053
0.18263
0.132904
0.194511
0.157131
0.20834
0.118753
0.194773
0.208598
0.208598
0.140444
0.119395
0.208598
0.123516
0.139038
0.0827208
0.112712
0.129902
0.208598
0.208411
0.139254
0.175906
0.205846
0.16753
0.150784
0.188909
0.163974
0.208598
0.141876
0.0819272
0.133528
0.14365
0.207931
0.138546
0.172023
0.207032
0.206681
0.119953
0.106819
0.207032
0.129137
0.167428
0.167956
0.0771827
0.112604
0.207032
0.207032
0.126416
0.0982851
0.148865
0.177427
0.120344
0.198546
0.160321
0.207032
0.134943
0.0794806
0.136166
0.149981
0.196208
0.207032
0.207032
0.0958858
0.192795
0.199285
0.207032
0.193953
0.136889
0.207032
0.16848
0.0855777
0.151132
0.209115
0.209115
0.140485
0.0845652
0.174872
0.209115
0.0638511
0.105446
0.163616
0.15643
0.153161
0.131754
0.209115
0.149066
0.125606
0.188211
0.209115
0.126138
0.209115
0.193693
0.209115
0.209115
0.192371
0.209115
0.108212
0.155765
0.148471
0.149069
0.172619
0.152347
0.157011
0.132983
0.209115
0.0652244
0.101717
0.176167
0.184156
0.192772
0.17369
0.207951
0.188421
0.164921
0.0681125
0.146527
0.190285
0.186696
0.207951
0.152816
0.207951
0.207951
0.20621
0.112324
0.148583
0.144876
0.143734
0.154596
0.148215
0.196363
0.177682
0.207951
0.0918869
0.104992
0.189142
0.186101
0.185616
0.154376
0.206698
0.15341
0.0663005
0.0794384
0.140379
0.167018
0.184687
0.209105
0.158573
0.209105
0.200629
0.203946
0.0959193
0.186863
0.189052
0.169453
0.209105
0.136806
0.150742
0.1419
0.112069
0.126261
0.0949874
0.18123
0.187048
0.146761
0.148614
0.202579
0.161647
0.088082
0.118689
0.197564
0.190234
0.162009
0.144556
0.185201
0.204247
0.209105
0.153511
0.134706
0.102955
0.116245
0.201654
0.220086
0.198718
0.216831
0.220086
0.220086
0.117969
0.142554
0.220086
0.220086
0.220086
0.112637
0.131149
0.163724
0.128396
0.0539936
0.122994
0.20151
0.161444
0.195619
0.136908
0.159339
0.209334
0.188703
0.110215
0.0810298
0.105788
0.143671
0.220086
0.146313
0.148376
0.145224
0.14997
0.136831
0.160738
0.207295
0.226174
0.226174
0.104305
0.131868
0.160509
0.147466
0.098138
0.117067
0.155185
0.194903
0.194489
0.167919
0.21817
0.226174
0.154715
0.107
0.0652904
0.119503
0.127875
0.226174
0.137506
0.166013
0.197335
0.166254
0.05059
0.165822
0.211213
0.191212
0.159974
0.106601
0.117104
0.226174
0.191475
0.119476
0.145067
0.135595
0.212674
0.196758
0.138507
0.197032
0.212674
0.166418
0.149889
0.149551
0.180616
0.212674
0.148744
0.0906037
0.110148
0.126815
0.212674
0.0464877
0.158529
0.204994
0.17049
0.163318
0.132659
0.129287
0.212674
0.14763
0.114484
0.125262
0.212674
0.207218
0.212674
0.212674
0.094256
0.168086
0.184391
0.119615
0.175266
0.170436
0.209475
0.142753
0.0914764
0.126393
0.13272
0.197751
0.16889
0.193105
0.125509
0.209475
0.209475
0.177087
0.209475
0.143657
0.209475
0.103809
0.15429
0.209475
0.188944
0.209475
0.209475
0.119606
0.160036
0.162964
0.0979313
0.12281
0.0741771
0.118949
0.168553
0.183099
0.209475
0.209475
0.0954262
0.137743
0.208622
0.150789
0.208622
0.208622
0.183655
0.208622
0.183998
0.197668
0.100829
0.151267
0.191064
0.17546
0.177646
0.157178
0.189119
0.143051
0.188109
0.107724
0.178613
0.106926
0.151144
0.181824
0.139419
0.208622
0.208622
0.108849
0.0846952
0.180631
0.0922426
0.15448
0.208622
0.181551
0.149874
0.154655
0.0714639
0.0968737
0.142217
0.18041
0.189803
0.194417
0.175689
0.207528
0.17185
0.197412
0.0878462
0.106568
0.207528
0.198558
0.191405
0.183315
0.198486
0.163831
0.040409
0.111422
0.176914
0.130692
0.189922
0.207528
0.179933
0.15045
0.153339
0.130131
0.176042
0.0931482
0.179053
0.173395
0.177631
0.207528
0.133239
0.168703
0.154549
0.109079
0.0823878
0.206886
0.184143
0.159893
0.177959
0.194128
0.16202
0.0649289
0.140496
0.206886
0.206886
0.196379
0.162125
0.170291
0.20573
0.206886
0.140991
0.155351
0.0919859
0.154958
0.159481
0.177386
0.206886
0.119097
0.127158
0.155497
0.152297
0.206886
0.206886
0.185977
0.094577
0.172793
0.200151
0.150459
0.1389
0.0674604
0.14505
0.204508
0.182404
0.204508
0.172407
0.148557
0.201395
0.187904
0.120068
0.0882187
0.151852
0.126148
0.204508
0.202648
0.140227
0.144157
0.204508
0.140952
0.16429
0.124131
0.166548
0.204508
0.0829694
0.140199
0.180505
0.204508
0.101438
0.164596
0.168893
0.174207
0.204508
0.198995
0.204508
0.180273
0.136851
0.120378
0.0773546
0.170898
0.116174
0.211232
0.164045
0.163878
0.189533
0.211232
0.0819119
0.146164
0.167253
0.204365
0.199673
0.138142
0.120335
0.211232
0.185406
0.129085
0.183445
0.200979
0.172987
0.211232
0.180801
0.182525
0.173774
0.134045
0.080134
0.178917
0.163347
0.166263
0.187509
0.157577
0.13854
0.183875
0.14994
0.0806774
0.156325
0.177283
0.181529
0.199055
0.147399
0.119723
0.210138
0.153946
0.110432
0.130763
0.210138
0.210138
0.210138
0.210138
0.110834
0.173083
0.208198
0.0807419
0.18056
0.172943
0.141042
0.196265
0.123888
0.114787
0.178297
0.178565
0.0928502
0.169881
0.123015
0.175881
0.173751
0.210138
0.210138
0.16335
0.145731
0.11548
0.172614
0.205742
0.205413
0.213402
0.213402
0.144526
0.174563
0.180527
0.0957385
0.142355
0.0764783
0.118546
0.193748
0.174213
0.213402
0.213402
0.106255
0.110246
0.170038
0.141701
0.167587
0.162427
0.213402
0.198334
0.152397
0.180257
0.0668514
0.119298
0.107834
0.213402
0.213402
0.123221
0.158935
0.162075
0.182733
0.109851
0.187661
0.101799
0.160066
0.211846
0.127302
0.216036
0.216036
0.0899266
0.0973599
0.216036
0.135449
0.166729
0.216036
0.180934
0.174999
0.211767
0.0826894
0.0859917
0.131469
0.112265
0.216036
0.216036
0.108984
0.17612
0.162931
0.174291
0.062109
0.164354
0.13654
0.116844
0.216036
0.19331
0.216036
0.188982
0.173692
0.104924
0.19371
0.163565
0.199083
0.214376
0.166836
0.152423
0.174207
0.112982
0.184297
0.135314
0.187118
0.163215
0.186757
0.188277
0.137308
0.175461
0.147743
0.0674388
0.175744
0.12758
0.125305
0.214376
0.192923
0.214376
0.179633
0.150119
0.0837671
0.159603
0.214376
0.168518
0.214376
0.0908469
0.129611
0.214376
0.118576
0.170179
0.118532
0.173632
0.17688
0.204967
0.204967
0.124566
0.141167
0.176453
0.177798
0.204967
0.184345
0.204967
0.151404
0.1731
0.189435
0.146844
0.175432
0.0609116
0.125554
0.204967
0.167454
0.204967
0.102639
0.132181
0.204144
0.140974
0.0573901
0.117027
0.204967
0.149143
0.187242
0.159875
0.133754
0.204967
0.177098
0.16218
0.186778
0.138685
0.187809
0.209966
0.0883166
0.131676
0.185213
0.200134
0.101998
0.154711
0.181028
0.209966
0.209966
0.209966
0.209966
0.157685
0.170639
0.0987635
0.171184
0.19048
0.206621
0.209966
0.178856
0.141335
0.135763
0.110545
0.0635073
0.0808078
0.0880164
0.18327
0.209966
0.0983965
0.177325
0.167895
0.182356
0.133706
0.18736
0.210989
0.210989
0.210989
0.210259
0.210989
0.153357
0.161846
0.109524
0.185105
0.125492
0.174506
0.210989
0.157045
0.166999
0.169745
0.174927
0.0694754
0.0819111
0.128051
0.204368
0.210989
0.123277
0.204074
0.148745
0.198578
0.11293
0.0961387
0.190031
0.210989
0.210989
0.0720714
0.0909909
0.124226
0.132011
0.115285
0.203204
0.16579
0.171705
0.209709
0.121584
0.136387
0.191515
0.209709
0.135633
0.202179
0.125363
0.209709
0.186819
0.209709
0.209709
0.16051
0.204028
0.0986714
0.101573
0.209709
0.209709
0.209709
0.0818783
0.137667
0.130953
0.126107
0.125463
0.0846244
0.183667
0.165143
0.195172
0.138309
0.0994585
0.124587
0.209709
0.139689
0.180163
0.143896
0.191223
0.156229
0.183254
0.209155
0.16246
0.21575
0.0913705
0.142227
0.112673
0.214868
0.21575
0.141251
0.169063
0.170961
0.21575
0.0948399
0.070563
0.16243
0.151778
0.167659
0.148456
0.124057
0.126036
0.21575
0.0861838
0.0822518
0.200367
0.21575
0.21575
0.138293
0.100515
0.208821
0.214814
0.0848026
0.120964
0.0975703
0.189449
0.217347
0.116943
0.171955
0.158651
0.171283
0.0680977
0.168605
0.144529
0.125765
0.217347
0.139564
0.217347
0.21421
0.198009
0.0755055
0.0771767
0.115372
0.217347
0.217347
0.143151
0.144992
0.174742
0.193799
0.0989734
0.146311
0.217347
0.165573
0.217347
0.18059
0.182186
0.154135
0.217347
0.0563784
0.169821
0.134856
0.120146
0.214404
0.130592
0.21118
0.168754
0.143773
0.0624045
0.174452
0.199987
0.152197
0.214404
0.0642806
0.126179
0.186444
0.118357
0.0917153
0.186402
0.214404
0.114923
0.214404
0.165242
0.209269
0.144259
0.189563
0.113098
0.214404
0.191918
0.172853
0.214404
0.0678995
0.148923
0.214404
0.214404
0.0531542
0.158894
0.209247
0.162372
0.217112
0.0799834
0.133412
0.148511
0.156055
0.0831759
0.0960513
0.177014
0.140897
0.217112
0.161938
0.130285
0.165933
0.217112
0.0879977
0.217112
0.174007
0.152668
0.217112
0.108403
0.157162
0.217112
0.217112
0.134936
0.161825
0.129583
0.168847
0.217112
0.15036
0.122958
0.217112
0.20897
0.11568
0.225511
0.226667
0.226667
0.226667
0.21615
0.178248
0.178308
0.114714
0.0811431
0.102538
0.110656
0.226667
0.226667
0.136029
0.226667
0.208812
0.205876
0.0923147
0.193982
0.136826
0.183987
0.226667
0.12685
0.186472
0.0996154
0.109826
0.0449086
0.0418528
0.115266
0.152544
0.199476
0.12488
0.151018
0.112281
0.127054
0.0901322
0.106222
0.169686
0.228078
0.228078
0.153215
0.228078
0.189349
0.228078
0.156639
0.133317
0.191988
0.228078
0.228078
0.0911096
0.118232
0.160533
0.198854
0.0538254
0.0380791
0.165687
0.189345
0.228078
0.128767
0.143395
0.100492
0.129917
0.100925
0.196774
0.153408
0.228078
0.228078
0.118143
0.11716
0.103752
0.121948
0.125413
0.14833
0.214756
0.214952
0.214952
0.0902061
0.147009
0.152177
0.176686
0.191106
0.130473
0.133715
0.167884
0.214952
0.140685
0.135139
0.130944
0.214952
0.0920714
0.214952
0.175501
0.204115
0.214952
0.106129
0.122365
0.121166
0.0913838
0.132482
0.214952
0.162756
0.12554
0.192288
0.181687
0.12608
0.178004
0.214952
0.140171
0.131099
0.12859
0.126008
0.159968
0.141969
0.146927
0.142032
0.217056
0.13639
0.143838
0.207556
0.217056
0.217056
0.140725
0.117091
0.217056
0.193294
0.127585
0.217056
0.158764
0.0978712
0.161578
0.171987
0.127758
0.187196
0.156584
0.157165
0.110217
0.0497649
0.217056
0.217056
0.213348
0.176372
0.212694
0.128007
0.110363
0.106571
0.134607
0.197905
0.21497
0.167934
0.160894
0.195173
0.187164
0.119536
0.145416
0.21497
0.21497
0.21497
0.15492
0.157222
0.197098
0.21497
0.116566
0.0920498
0.0784441
0.169168
0.21497
0.195058
0.151749
0.205057
0.0968748
0.0971934
0.159825
0.0942698
0.15905
0.21497
0.109019
0.194588
0.187415
0.148625
0.103553
0.169989
0.206934
0.151684
0.211273
0.158126
0.203188
0.177826
0.205732
0.112579
0.211273
0.169986
0.211041
0.211273
0.0935753
0.16183
0.206702
0.206766
0.0787674
0.127114
0.131279
0.121929
0.182846
0.0920125
0.171179
0.177538
0.115479
0.110344
0.141057
0.112583
0.211273
0.211273
0.190265
0.181971
0.175044
0.0968465
0.0978794
0.214932
0.169564
0.172163
0.214932
0.126427
0.17071
0.202384
0.214932
0.17776
0.181527
0.132639
0.186782
0.214932
0.145911
0.130037
0.214691
0.214932
0.0925048
0.139504
0.136777
0.214932
0.204934
0.192076
0.200151
0.16815
0.10587
0.0628483
0.10752
0.113024
0.165435
0.214932
0.112442
0.0571087
0.178697
0.112238
0.115976
0.21907
0.158401
0.217506
0.21907
0.150123
0.205639
0.153586
0.176701
0.0597504
0.0963413
0.138557
0.150405
0.21907
0.136831
0.192235
0.184845
0.14831
0.0945758
0.130994
0.110033
0.172485
0.21907
0.15796
0.142435
0.21907
0.21907
0.0518788
0.111563
0.137094
0.202013
0.21907
0.11129
0.21907
0.186565
0.0945119
0.076444
0.0864597
0.158379
0.178493
0.215725
0.124062
0.169602
0.164834
0.142001
0.150181
0.215725
0.159625
0.215725
0.215725
0.114395
0.128952
0.13797
0.155766
0.113136
0.156435
0.184169
0.202332
0.215725
0.0956286
0.215725
0.160079
0.0646393
0.170924
0.215725
0.215725
0.205018
0.215725
0.114502
0.150183
0.111637
0.167068
0.120269
0.213281
0.164814
0.188882
0.213281
0.0970891
0.109185
0.123709
0.122879
0.17853
0.213281
0.116695
0.114547
0.195242
0.195299
0.160032
0.163262
0.213281
0.193305
0.208126
0.207546
0.171951
0.213281
0.097932
0.108648
0.0848688
0.143993
0.145425
0.213281
0.150197
0.213281
0.213281
0.155763
0.0795389
0.0927904
0.185292
0.157801
0.214292
0.14439
0.0943262
0.160617
0.191543
0.152954
0.169351
0.189709
0.174943
0.14881
0.0457195
0.19954
0.214292
0.19883
0.183727
0.214292
0.119384
0.129485
0.184022
0.0963244
0.1754
0.197918
0.18724
0.103234
0.130858
0.191124
0.187859
0.0774533
0.0553354
0.108916
0.214292
0.214292
0.182027
0.214292
0.136069
0.158789
0.128008
0.0968358
0.167788
0.216798
0.216798
0.17615
0.216798
0.105312
0.114088
0.151646
0.0861309
0.209199
0.216798
0.123133
0.197277
0.204302
0.145526
0.20534
0.0905054
0.0737533
0.0800852
0.216798
0.216798
0.207392
0.216798
0.144742
0.0725039
0.123869
0.161095
0.130119
0.206878
0.216798
0.216798
0.113564
0.0787274
0.106758
0.116818
0.128766
0.173982
0.215526
0.124035
0.174938
0.199891
0.129847
0.163589
0.13974
0.102699
0.215526
0.215526
0.215526
0.214244
0.161234
0.117813
0.0588063
0.111317
0.211044
0.131378
0.192129
0.186441
0.187835
0.106216
0.0955338
0.0933599
0.178767
0.215526
0.196876
0.109407
0.121086
0.215526
0.215526
0.215526
0.133699
0.135063
0.116137
0.215164
0.211555
0.193621
0.208699
0.164854
0.126694
0.094736
0.16142
0.134977
0.208659
0.215164
0.113288
0.0542832
0.177991
0.135905
0.0785696
0.141772
0.215164
0.149521
0.124969
0.122233
0.19391
0.208929
0.215164
0.115001
0.215164
0.149109
0.215164
0.215164
0.160077
0.111203
0.126795
0.211211
0.0817435
0.128457
0.115121
0.162176
0.175127
0.152212
0.129234
0.213779
0.213779
0.0669724
0.146557
0.128333
0.165674
0.213779
0.100247
0.213779
0.188154
0.108499
0.149997
0.164193
0.185169
0.145509
0.213779
0.213779
0.174184
0.213779
0.213779
0.166868
0.170286
0.213779
0.213779
0.178013
0.156045
0.127768
0.0945911
0.0958666
0.117153
0.199906
0.174425
0.184571
0.206533
0.0918065
0.206533
0.175131
0.091101
0.146433
0.206533
0.206533
0.151264
0.206533
0.123824
0.157841
0.145757
0.116274
0.159053
0.146883
0.206533
0.175966
0.186348
0.159876
0.160239
0.139804
0.125696
0.158045
0.164589
0.206533
0.206533
0.17252
0.158994
0.122215
0.127694
0.190648
0.168847
0.211295
0.211295
0.142728
0.211295
0.119231
0.119927
0.105562
0.113483
0.186856
0.211295
0.110173
0.204355
0.211295
0.211295
0.102162
0.114975
0.176752
0.14214
0.137058
0.196048
0.186308
0.206051
0.179869
0.134479
0.139472
0.170582
0.0604072
0.107964
0.199766
0.211295
0.211295
0.181672
0.0686327
0.149611
0.169508
0.175725
0.211083
0.0966541
0.199066
0.216277
0.216277
0.117389
0.130855
0.203571
0.166188
0.0757208
0.0706362
0.147034
0.19731
0.216277
0.1608
0.216277
0.153928
0.0475775
0.116562
0.184251
0.216277
0.216277
0.177995
0.0808375
0.180152
0.136655
0.163338
0.0641552
0.150631
0.199825
0.206182
0.159999
0.109713
0.203372
0.14173
0.17858
0.0872975
0.103496
0.144817
0.195708
0.212504
0.167998
0.212504
0.146662
0.064365
0.117614
0.212504
0.173082
0.212504
0.212504
0.195671
0.115889
0.102087
0.149786
0.0734059
0.146971
0.212504
0.199349
0.124813
0.120747
0.208805
0.138538
0.0453115
0.185097
0.212504
0.153801
0.212504
0.212504
0.210646
0.118009
0.154582
0.0610706
0.113516
0.213436
0.163507
0.211271
0.213436
0.150192
0.0993387
0.100326
0.105665
0.154155
0.170554
0.198061
0.127216
0.140246
0.213436
0.213436
0.213436
0.0339716
0.140413
0.17822
0.130792
0.213436
0.16552
0.177356
0.128528
0.167753
0.0550977
0.117766
0.213436
0.162743
0.213436
0.154098
0.213436
0.213436
0.185706
0.0972524
0.148267
0.163302
0.153275
0.153663
0.131434
0.174399
0.215768
0.215768
0.0978998
0.215768
0.142746
0.215768
0.215768
0.184945
0.103195
0.143105
0.207515
0.0560813
0.126217
0.204099
0.137821
0.215768
0.155624
0.215768
0.215768
0.14541
0.0933654
0.121406
0.112491
0.166738
0.215768
0.176159
0.118603
0.192919
0.135713
0.130464
0.162738
0.197171
0.147635
0.205852
0.212348
0.170389
0.212348
0.208956
0.150209
0.158644
0.212348
0.201802
0.191807
0.17694
0.0997956
0.0917254
0.0908402
0.137384
0.179576
0.154746
0.177681
0.212348
0.152385
0.0834466
0.165087
0.192342
0.136907
0.131599
0.212348
0.212348
0.201648
0.0971835
0.0950377
0.0795548
0.156279
0.152212
0.150425
0.20817
0.170346
0.200951
0.190426
0.1414
0.138853
0.127821
0.132408
0.145646
0.187894
0.20817
0.187226
0.171953
0.126552
0.143093
0.154248
0.134762
0.155248
0.20817
0.20817
0.20817
0.137928
0.120265
0.106219
0.160657
0.119872
0.205218
0.121523
0.199546
0.20817
0.171004
0.20817
0.093644
0.169437
0.124522
0.127755
0.187202
0.195553
0.208343
0.207264
0.148763
0.149901
0.148292
0.0901929
0.120772
0.137451
0.208343
0.208343
0.208343
0.118275
0.196359
0.147466
0.113911
0.16278
0.128718
0.146274
0.208343
0.202049
0.208343
0.122254
0.182742
0.127639
0.208343
0.183004
0.147838
0.190801
0.149247
0.206656
0.109826
0.117884
0.0693858
0.119338
0.146028
0.224811
0.224811
0.198008
0.110509
0.176051
0.109691
0.156413
0.0827417
0.121943
0.216112
0.224811
0.221212
0.0934059
0.163525
0.153453
0.130433
0.15387
0.149417
0.105812
0.204638
0.121107
0.185158
0.161953
0.180284
0.193689
0.194683
0.119167
0.164205
0.224811
0.224811
0.145737
0.131973
0.180649
0.106257
0.0683635
0.128005
0.217774
0.217774
0.144818
0.0870608
0.152014
0.128456
0.0591612
0.15894
0.21412
0.168681
0.214399
0.217774
0.113294
0.0998382
0.140167
0.1402
0.125586
0.0933384
0.149778
0.217774
0.199956
0.167592
0.178102
0.217774
0.161362
0.143545
0.173223
0.217774
0.217774
0.217774
0.154017
0.151105
0.197581
0.0532451
0.133219
0.177065
0.143157
0.210173
0.197489
0.117025
0.131507
0.158083
0.0630635
0.0768006
0.131113
0.13458
0.210173
0.155927
0.200006
0.210173
0.162668
0.160245
0.134492
0.149937
0.210173
0.210173
0.210173
0.174747
0.198873
0.210173
0.113795
0.202071
0.210173
0.176357
0.210173
0.0719142
0.140017
0.19927
0.115661
0.0909348
0.123361
0.142817
0.137657
0.21274
0.191796
0.21274
0.21274
0.171951
0.081034
0.117976
0.112981
0.21274
0.21274
0.171128
0.121068
0.208915
0.128499
0.144515
0.207363
0.21274
0.204291
0.21274
0.110356
0.179881
0.21274
0.184008
0.0227168
0.128821
0.156081
0.0885342
0.125795
0.0768681
0.207071
0.21274
0.167941
0.124078
0.190166
0.213645
0.195577
0.213645
0.113294
0.103291
0.168558
0.189575
0.123947
0.141342
0.213645
0.21204
0.213645
0.112819
0.0748466
0.0949799
0.151022
0.129272
0.201856
0.213645
0.188283
0.213645
0.213645
0.213645
0.139138
0.0975222
0.0866978
0.129738
0.159036
0.196643
0.213645
0.1236
0.127517
0.12243
0.156412
0.116449
0.162158
0.219693
0.219693
0.219693
0.152356
0.0918525
0.121371
0.170588
0.101488
0.177178
0.107309
0.209607
0.21788
0.137715
0.175152
0.0934378
0.155781
0.0612631
0.109777
0.196352
0.219693
0.219693
0.188896
0.152023
0.168773
0.19772
0.0464014
0.219693
0.15415
0.219693
0.219693
0.101603
0.165188
0.136271
0.0920115
0.0969377
0.157753
0.129448
0.17402
0.217984
0.188878
0.196593
0.123116
0.198175
0.146372
0.217984
0.200649
0.194732
0.186562
0.190619
0.212348
0.132442
0.105896
0.0426184
0.193264
0.170138
0.217984
0.217984
0.133753
0.17089
0.165798
0.116828
0.0932391
0.194612
0.185344
0.217984
0.217984
0.100069
0.0633354
0.0696224
0.0639511
0.130798
0.163376
0.173101
0.131774
0.20899
0.154217
0.19656
0.175653
0.167087
0.226889
0.202418
0.107448
0.173458
0.2419
0.2419
0.140555
0.138415
0.187405
0.0809207
0.151902
0.159511
0.217847
0.2419
0.106292
0.0484067
0.0776663
0.109639
0.0570928
0.187386
0.180057
0.154144
0.2419
0.139406
0.11088
0.148862
0.13843
0.144217
0.123426
0.0890695
0.143716
0.227811
0.227811
0.154887
0.20029
0.216627
0.174334
0.144329
0.137372
0.227811
0.227811
0.206297
0.104458
0.145128
0.184464
0.0634051
0.163218
0.130404
0.108996
0.198256
0.117898
0.113789
0.168961
0.18561
0.0741548
0.126567
0.132214
0.182508
0.175676
0.153925
0.227811
0.227811
0.136916
0.18597
0.14171
0.137066
0.216068
0.216068
0.216068
0.137115
0.216068
0.216068
0.132262
0.171279
0.211969
0.182538
0.216068
0.128618
0.116093
0.173759
0.140256
0.0896462
0.143954
0.139075
0.159502
0.170625
0.175688
0.214287
0.216068
0.186285
0.0948122
0.120431
0.143153
0.151935
0.184066
0.110693
0.146415
0.110679
0.122269
0.177774
0.188588
0.188229
0.207571
0.21587
0.18993
0.174251
0.21587
0.21587
0.0247746
0.13833
0.151566
0.117565
0.157584
0.08178
0.213635
0.19403
0.170322
0.108858
0.154918
0.174073
0.16408
0.21587
0.157106
0.127456
0.115699
0.193647
0.0412278
0.135977
0.0706171
0.125558
0.21587
0.166672
0.21587
0.12807
0.194705
0.113574
0.184343
0.218753
0.218753
0.218753
0.168267
0.217778
0.173499
0.120146
0.101896
0.162458
0.17202
0.193349
0.198094
0.119221
0.112796
0.131345
0.155671
0.120123
0.13139
0.0975154
0.218753
0.218753
0.159266
0.118889
0.218753
0.196227
0.194269
0.164616
0.158563
0.218753
0.218753
0.0934214
0.0830365
0.10477
0.0530824
0.0822342
0.168025
0.216405
0.216405
0.216405
0.185019
0.129431
0.185524
0.215322
0.0484928
0.216405
0.145465
0.216405
0.216405
0.0835712
0.18094
0.152062
0.098008
0.216405
0.191067
0.205373
0.216405
0.216405
0.112519
0.0825997
0.0993704
0.101255
0.12529
0.136433
0.106364
0.216405
0.171959
0.158769
0.15984
0.138306
0.0747555
0.0509068
0.189889
0.171163
0.23184
0.23184
0.122207
0.169569
0.185876
0.139442
0.136723
0.23184
0.225008
0.23184
0.23184
0.141513
0.0744129
0.0852327
0.071807
0.108059
0.135648
0.143146
0.222635
0.198956
0.172992
0.157909
0.156514
0.123544
0.157117
0.192177
0.104958
0.23184
0.23184
0.086962
0.126519
0.107042
0.0938981
0.104287
0.200559
0.191398
0.225036
0.225036
0.147323
0.0552307
0.1045
0.120817
0.0728471
0.204411
0.204802
0.168978
0.225036
0.166834
0.0977336
0.17236
0.155301
0.1272
0.162248
0.103292
0.17351
0.225036
0.0811136
0.105309
0.140704
0.172176
0.175402
0.182464
0.160119
0.217765
0.225036
0.0697449
0.153724
0.21511
0.194195
0.0715877
0.169694
0.143533
0.11805
0.213589
0.137869
0.109517
0.210811
0.20421
0.0980445
0.169759
0.136759
0.150746
0.213589
0.139439
0.213589
0.213589
0.147885
0.152227
0.116494
0.102581
0.126111
0.213589
0.0736086
0.153428
0.213589
0.213589
0.121505
0.208873
0.114043
0.176422
0.201849
0.109817
0.213589
0.213589
0.187589
0.111848
0.179421
0.14229
0.144345
0.198013
0.17987
0.220409
0.220409
0.220409
0.108587
0.120584
0.151139
0.170165
0.220409
0.170811
0.164186
0.0959542
0.151411
0.118522
0.168968
0.0953228
0.140004
0.153117
0.134969
0.220409
0.220409
0.220409
0.158465
0.220409
0.0956327
0.0963048
0.150337
0.145068
0.220409
0.118808
0.157475
0.106999
0.14594
0.177668
0.171243
0.216641
0.216641
0.148347
0.104361
0.216641
0.0488479
0.114644
0.0833516
0.157348
0.216641
0.170627
0.215423
0.117216
0.196254
0.127144
0.188316
0.0873454
0.0890906
0.16983
0.17816
0.216641
0.18856
0.216641
0.0935006
0.207401
0.181067
0.204691
0.206311
0.121014
0.186401
0.116143
0.147088
0.119091
0.139588
0.11721
0.221183
0.221183
0.145425
0.126562
0.221183
0.211605
0.161289
0.192137
0.208607
0.221183
0.221183
0.108969
0.0824209
0.085584
0.0587371
0.171437
0.221183
0.099328
0.153086
0.189682
0.221183
0.204992
0.212259
0.0986646
0.101141
0.221183
0.180205
0.174051
0.143715
0.134593
0.0704421
0.167275
0.0565458
0.215065
0.217515
0.217515
0.217515
0.217515
0.13067
0.0758053
0.0931959
0.102193
0.118647
0.128902
0.138289
0.217515
0.200546
0.155095
0.21578
0.155893
0.0924935
0.124652
0.217515
0.198092
0.168549
0.168163
0.161853
0.123046
0.19809
0.0828023
0.198844
0.169894
0.190882
0.193815
0.217515
0.0963453
0.132598
0.110333
0.0822237
0.11782
0.134157
0.142714
0.22381
0.214578
0.150347
0.180602
0.173
0.120416
0.192324
0.22381
0.0930693
0.22381
0.22381
0.106202
0.14309
0.11203
0.0878797
0.156011
0.137283
0.134414
0.144343
0.179325
0.122819
0.217651
0.141296
0.1003
0.217798
0.22381
0.121839
0.180628
0.22381
0.0426992
0.22381
0.176538
0.138285
0.144072
0.185247
0.0824515
0.188363
0.220173
0.0940837
0.102922
0.137731
0.153506
0.165267
0.220173
0.172756
0.192195
0.220173
0.075294
0.119504
0.186491
0.191313
0.141163
0.160234
0.0886215
0.109841
0.159409
0.08106
0.201057
0.192138
0.220156
0.156656
0.220173
0.212047
0.220173
0.220173
0.20478
0.10216
0.0872403
0.107635
0.1323
0.13225
0.107861
0.113281
0.215766
0.0762991
0.124993
0.217018
0.217018
0.125264
0.217018
0.127326
0.136018
0.194674
0.121426
0.217018
0.217018
0.159098
0.0983435
0.174744
0.145888
0.163605
0.217018
0.217018
0.0968956
0.134673
0.177936
0.0446132
0.111126
0.178268
0.217018
0.217018
0.217018
0.217018
0.164274
0.0746169
0.116827
0.185664
0.104747
0.107621
0.145844
0.132938
0.220498
0.220498
0.220498
0.140755
0.189081
0.102925
0.097543
0.14855
0.100345
0.218302
0.133361
0.194829
0.0447596
0.0920607
0.197429
0.220498
0.220498
0.208688
0.220498
0.220498
0.145446
0.125965
0.11992
0.143706
0.179491
0.146023
0.129741
0.156284
0.174252
0.220498
0.115527
0.155166
0.10211
0.0992502
0.159094
0.12581
0.2206
0.172885
0.2206
0.0833595
0.195433
0.168087
0.190914
0.162011
0.0944431
0.150526
0.11287
0.187891
0.161712
0.153327
0.176967
0.2206
0.161277
0.124857
0.131978
0.2206
0.2206
0.0874574
0.2206
0.149493
0.2206
0.208715
0.161724
0.137828
0.143047
0.189053
0.148107
0.21561
0.0961287
0.135502
0.207441
0.188062
0.166554
0.17699
0.100927
0.0737624
0.21561
0.181229
0.1241
0.167263
0.146356
0.103184
0.134911
0.0564031
0.150969
0.201198
0.13906
0.21561
0.212125
0.169799
0.153644
0.21561
0.100291
0.136961
0.176886
0.191162
0.21561
0.21561
0.21561
0.197335
0.159063
0.0367577
0.0879068
0.213862
0.158457
0.122822
0.160446
0.152641
0.142247
0.165695
0.0720138
0.141239
0.178426
0.190462
0.17729
0.191865
0.0875947
0.108878
0.0869456
0.0618362
0.103325
0.176942
0.219704
0.219704
0.190514
0.219704
0.219704
0.190361
0.0281544
0.193938
0.193231
0.178099
0.199278
0.219704
0.219704
0.164557
0.14112
0.137492
0.13435
0.151051
0.139185
0.16907
0.160216
0.117357
0.193008
0.150074
0.0845882
0.210335
0.210335
0.098866
0.186078
0.210335
0.050143
0.186481
0.164901
0.129952
0.161152
0.17767
0.210335
0.210335
0.210335
0.175332
0.210335
0.169294
0.158673
0.094698
0.188799
0.1569
0.178391
0.210335
0.121432
0.1208
0.162756
0.1616
0.150699
0.16705
0.0777927
0.134782
0.169585
0.0810573
0.16019
0.185634
0.209527
0.156228
0.216258
0.201773
0.216258
0.216258
0.216258
0.130875
0.111064
0.134827
0.0815685
0.166458
0.126841
0.176548
0.168922
0.0777759
0.10934
0.150069
0.160552
0.108209
0.166507
0.0856032
0.187542
0.216258
0.201307
0.216258
0.216258
0.216258
0.110187
0.213777
0.158387
0.181953
0.213777
0.213777
0.116586
0.149141
0.189688
0.0570871
0.154014
0.184118
0.213777
0.213777
0.209256
0.213777
0.192937
0.0848795
0.100483
0.181733
0.101151
0.18417
0.213777
0.15174
0.170032
0.196153
0.163412
0.0608814
0.129398
0.140604
0.194974
0.21294
0.0969159
0.153642
0.141637
0.088431
0.0652302
0.152453
0.202592
0.219346
0.219346
0.186294
0.219346
0.219346
0.162936
0.117427
0.109498
0.142054
0.169872
0.199893
0.116784
0.161919
0.195936
0.219346
0.0668611
0.165944
0.184436
0.219346
0.203162
0.0899407
0.130029
0.140264
0.0811774
0.0873965
0.128184
0.171894
0.219346
0.219346
0.168313
0.159482
0.126404
0.101811
0.13866
0.137508
0.159027
0.200318
0.188917
0.106139
0.108987
0.203219
0.219545
0.0927649
0.219545
0.129642
0.219545
0.197717
0.138546
0.10535
0.128392
0.219545
0.0796686
0.138401
0.184804
0.219545
0.219545
0.188685
0.155678
0.137706
0.0924569
0.122451
0.126829
0.131648
0.124238
0.188487
0.194355
0.133243
0.219545
0.213843
