0.197804
0.216786
0.216786
0.132042
0.198966
0.105843
0.126337
0.216786
0.122455
0.0853182
0.15951
0.0861659
0.165092
0.216786
0.105712
0.178393
0.174655
0.131774
0.162652
0.216786
0.216786
0.216786
0.216786
0.0982108
0.155108
0.216786
0.119108
0.0715467
0.186657
0.216786
0.116723
0.166695
0.117864
0.151053
0.190618
0.0685396
0.117791
0.214354
0.0949431
0.186582
0.214354
0.118357
0.201529
0.214354
0.124045
0.0979998
0.154748
0.0843687
0.140227
0.205789
0.149467
0.194769
0.105374
0.208354
0.109872
0.20603
0.214354
0.176395
0.214354
0.156691
0.180706
0.214354
0.102388
0.0855687
0.137657
0.124723
0.191415
0.214354
0.205242
0.115851
0.0992204
0.189734
0.1407
0.219036
0.0904781
0.16305
0.219036
0.143246
0.160181
0.0788235
0.165825
0.12244
0.187461
0.137384
0.219036
0.219036
0.216756
0.219036
0.208039
0.219036
0.113708
0.121845
0.0950759
0.210097
0.219036
0.214854
0.116671
0.0833584
0.183161
0.0577975
0.0695444
0.11708
0.219036
0.208908
0.0939277
0.139086
0.186588
0.112792
0.145114
0.202995
0.105971
0.212806
0.218293
0.175726
0.175273
0.186011
0.218293
0.179708
0.218293
0.112788
0.200988
0.218293
0.164101
0.179381
0.183851
0.218293
0.0606862
0.0824025
0.099777
0.174969
0.20028
0.0986255
0.148654
0.188168
0.0955901
0.12407
0.180298
0.148084
0.164456
0.146783
0.0886071
0.11782
0.218293
0.114502
0.161202
0.213526
0.110294
0.192883
0.213526
0.160145
0.174553
0.213526
0.213526
0.116856
0.116038
0.167199
0.206188
0.166327
0.130959
0.103413
0.15663
0.213526
0.112538
0.191069
0.135231
0.149797
0.211936
0.131773
0.142115
0.213526
0.145984
0.0838239
0.0486501
0.15886
0.213526
0.213526
0.126791
0.150664
0.140864
0.198033
0.109324
0.11367
0.174964
0.218184
0.225262
0.107141
0.0933483
0.186259
0.22038
0.200465
0.151359
0.181259
0.225262
0.225262
0.119808
0.10689
0.0869182
0.213469
0.0876793
0.0545603
0.167691
0.225262
0.225262
0.143134
0.133019
0.140628
0.225262
0.0819078
0.184754
0.177089
0.225262
0.178788
0.0944695
0.129796
0.174633
0.0788883
0.196426
0.171158
0.185314
0.229249
0.229249
0.0883042
0.0927064
0.0947997
0.221126
0.1627
0.12004
0.179293
0.184471
0.203218
0.113661
0.177625
0.187689
0.122982
0.089471
0.19361
0.184983
0.229249
0.176938
0.0790453
0.113509
0.178477
0.102112
0.128865
0.229249
0.187024
0.151923
0.172167
0.0922243
0.101893
0.190401
0.195537
0.165772
0.221154
0.221154
0.221154
0.221154
0.157562
0.177346
0.221154
0.135624
0.111522
0.186682
0.207574
0.159622
0.221154
0.131636
0.166343
0.158349
0.0945476
0.0544719
0.143403
0.104511
0.221154
0.221154
0.131291
0.153988
0.150196
0.103109
0.0923303
0.141307
0.14697
0.160692
0.221154
0.108251
0.171893
0.133946
0.138148
0.129063
0.1802
0.209017
0.209017
0.209017
0.152053
0.17706
0.201751
0.136406
0.0774963
0.147815
0.126029
0.195468
0.209017
0.209017
0.11423
0.10124
0.187608
0.0912323
0.204238
0.171014
0.172937
0.209017
0.107277
0.180234
0.154007
0.169807
0.113041
0.1904
0.149771
0.0879521
0.158477
0.192535
0.147992
0.147698
0.209017
0.0988672
0.141945
0.108807
0.221493
0.221493
0.221493
0.108705
0.105321
0.189109
0.0823497
0.11004
0.145663
0.221493
0.221493
0.119974
0.14713
0.195476
0.169144
0.117392
0.221493
0.202366
0.11544
0.197421
0.163573
0.0982074
0.155933
0.187469
0.0940703
0.173822
0.203319
0.221493
0.218402
0.11597
0.0614132
0.126123
0.221493
0.0909358
0.118787
0.130434
0.216715
0.216715
0.135666
0.164793
0.209896
0.162493
0.148545
0.216715
0.120915
0.198862
0.194698
0.134019
0.158856
0.216715
0.152205
0.104073
0.214889
0.200108
0.216715
0.216715
0.12366
0.0439289
0.122499
0.216715
0.128924
0.146836
0.140139
0.110204
0.216715
0.216715
0.0908704
0.125802
0.134411
0.130199
0.211075
0.100314
0.171135
0.219503
0.148045
0.16147
0.219503
0.165486
0.0798744
0.0739968
0.138086
0.219503
0.219503
0.151572
0.171343
0.125616
0.202567
0.112725
0.120981
0.113757
0.102554
0.209906
0.219503
0.114076
0.125914
0.138304
0.0769428
0.184002
0.219503
0.219503
0.219503
0.139838
0.21059
0.13804
0.180709
0.0922672
0.0881193
0.149466
0.221981
0.221981
0.151043
0.150272
0.130669
0.221981
0.0692929
0.1548
0.160764
0.221981
0.221981
0.100327
0.119565
0.132191
0.0940283
0.0579101
0.133819
0.221981
0.221981
0.221981
0.174021
0.221981
0.155194
0.216812
0.045157
0.169588
0.221981
0.198894
0.221981
0.141711
0.135882
0.129294
0.0577524
0.0902904
0.192022
0.182434
0.215574
0.215574
0.0875314
0.122705
0.168313
0.133866
0.157965
0.215574
0.201375
0.215574
0.215574
0.112408
0.122401
0.171061
0.215574
0.0490738
0.135733
0.215574
0.215574
0.215574
0.165356
0.157656
0.115264
0.0508838
0.0650252
0.152411
0.113821
0.214897
0.215574
0.101351
0.182664
0.166983
0.136387
0.0971433
0.163274
0.113355
0.210989
0.210989
0.19225
0.177679
0.113093
0.123831
0.138192
0.170172
0.130069
0.200286
0.210989
0.183183
0.184171
0.114566
0.160361
0.100166
0.164453
0.111582
0.165435
0.210989
0.162608
0.178531
0.171988
0.193319
0.105136
0.205023
0.210989
0.140479
0.210989
0.186457
0.119997
0.152152
0.169103
0.112279
0.197221
0.149201
0.197864
0.210739
0.145836
0.177899
0.117503
0.18188
0.101967
0.159503
0.144496
0.122359
0.153431
0.201823
0.160696
0.150103
0.210739
0.102996
0.210739
0.210739
0.200396
0.210739
0.184028
0.13527
0.109235
0.122688
0.060115
0.130634
0.174555
0.203972
0.184556
0.210739
0.210739
0.163317
0.0932049
0.0925853
0.202168
0.186196
0.146699
0.194778
0.139313
0.0894401
0.147332
0.167847
0.126286
0.186892
0.212349
0.212349
0.212349
0.0950035
0.0746913
0.116804
0.212349
0.0448495
0.14768
0.173191
0.212349
0.19065
0.200371
0.212349
0.166138
0.0891506
0.0924837
0.191632
0.204644
0.146528
0.212349
0.195251
0.185877
0.173002
0.0853245
0.133909
0.211288
0.211288
0.211288
0.211288
0.0986165
0.0467624
0.120544
0.211288
0.133455
0.128654
0.0993083
0.0961657
0.17132
0.211288
0.121113
0.138185
0.144407
0.0896822
0.190062
0.205154
0.156818
0.211288
0.177164
0.206372
0.188241
0.09925
0.128268
0.211288
0.19684
0.209846
0.211288
0.156771
0.129604
0.146249
0.155871
0.131051
0.133964
0.100573
0.103473
0.176865
0.213669
0.129437
0.130999
0.169168
0.0784672
0.21326
0.213669
0.213669
0.213669
0.190352
0.204881
0.123409
0.201689
0.128078
0.213669
0.206477
0.213669
0.184152
0.142988
0.169135
0.17505
0.136164
0.0968768
0.202449
0.110287
0.130268
0.213669
0.14315
0.144911
0.160581
0.0833231
0.0662224
0.180868
0.221291
0.221291
0.221291
0.219827
0.217756
0.145224
0.221291
0.0463801
0.180909
0.221291
0.196795
0.221291
0.138431
0.123063
0.100265
0.0907592
0.0724904
0.186856
0.13115
0.148438
0.209934
0.125862
0.208401
0.221291
0.0971451
0.0792404
0.14196
0.0742503
0.110068
0.148279
0.110231
0.201514
0.215144
0.140704
0.0587366
0.152638
0.219441
0.219437
0.219441
0.169976
0.157197
0.099948
0.0975774
0.0612158
0.140522
0.152915
0.219441
0.219441
0.14946
0.219441
0.159447
0.151699
0.0765253
0.155082
0.101785
0.158985
0.180912
0.141957
0.219441
0.219441
0.14997
0.11716
0.103391
0.0963878
0.219441
0.213622
0.219441
0.188733
0.16245
0.136666
0.126639
0.171329
0.104846
0.128534
0.218035
0.19496
0.177158
0.135814
0.18747
0.126301
0.206661
0.218035
0.108245
0.218035
0.218035
0.145372
0.122068
0.161303
0.0754526
0.180217
0.154788
0.118052
0.218035
0.13513
0.148045
0.140651
0.19313
0.103078
0.091859
0.133848
0.177498
0.218035
0.133181
0.178374
0.218035
0.218035
0.126845
0.213399
0.213399
0.165605
0.213399
0.213399
0.125224
0.0969252
0.137264
0.0764306
0.118556
0.177026
0.213399
0.161557
0.213399
0.196133
0.154141
0.105402
0.103525
0.0982556
0.140578
0.201158
0.213399
0.109663
0.204997
0.203316
0.181651
0.104278
0.20113
0.213399
0.156519
0.208868
0.126623
0.16972
0.11268
0.107763
0.069571
0.13092
0.179393
0.20991
0.175743
0.16562
0.186874
0.166267
0.106438
0.1225
0.199084
0.209107
0.150102
0.20991
0.20991
0.173551
0.196579
0.0804506
0.109763
0.203487
0.20991
0.17793
0.200078
0.144331
0.180587
0.0841329
0.0881849
0.11682
0.20991
0.20991
0.152489
0.187478
0.20991
0.146369
0.1331
0.0665543
0.106003
0.19103
0.18974
0.134034
0.203567
0.179882
0.169026
0.186233
0.0876298
0.102007
0.203567
0.174664
0.183813
0.192768
0.140228
0.127093
0.139785
0.130521
0.117057
0.203567
0.160577
0.179449
0.173697
0.199269
0.198723
0.200271
0.0892623
0.104963
0.203567
0.178861
0.179857
0.203567
0.0927723
0.143374
0.203567
0.168736
0.105545
0.212048
0.212048
0.194499
0.16094
0.144828
0.161684
0.161906
0.130625
0.0995598
0.208163
0.146856
0.123978
0.212048
0.175427
0.139827
0.140942
0.111195
0.114283
0.191514
0.161659
0.212048
0.212048
0.0900641
0.212048
0.212048
0.211726
0.0943209
0.167777
0.121058
0.138599
0.212048
0.169529
0.137892
0.167944
0.163106
0.0833531
0.208653
0.183926
0.152945
0.208653
0.162101
0.189356
0.208653
0.127762
0.0870428
0.19814
0.0973676
0.117374
0.17554
0.0964533
0.208653
0.208653
0.170523
0.114981
0.190928
0.111992
0.154547
0.208653
0.170298
0.187301
0.186639
0.164817
0.208653
0.208653
0.196787
0.0918978
0.131929
0.124994
0.201095
0.168272
0.0930667
0.0801057
0.194351
0.107258
0.155133
0.182947
0.126101
0.214991
0.214991
0.164506
0.0943139
0.118998
0.118019
0.211923
0.199719
0.214991
0.20494
0.160908
0.129618
0.214991
0.214991
0.190852
0.0757095
0.113917
0.125445
0.199381
0.171677
0.0698188
0.095873
0.141903
0.15509
0.160843
0.0613749
0.210332
0.214991
0.214991
0.203847
0.0822759
0.20538
0.158607
0.0998691
0.208291
0.146536
0.131843
0.150934
0.18049
0.113946
0.11139
0.11581
0.12779
0.208291
0.189967
0.181923
0.200204
0.208291
0.111289
0.208291
0.208291
0.197829
0.208291
0.167506
0.208291
0.202704
0.135604
0.0690774
0.104542
0.113352
0.122775
0.186931
0.172117
0.208291
0.190334
0.163566
0.134531
0.123301
0.11272
0.158241
0.214172
0.171919
0.212396
0.214172
0.205373
0.129375
0.214172
0.214172
0.181365
0.214172
0.133544
0.176471
0.0975045
0.0919014
0.107018
0.118139
0.152085
0.168701
0.214172
0.190501
0.200273
0.151546
0.149276
0.0695922
0.132626
0.189334
0.178899
0.214172
0.195896
0.131506
0.0889654
0.148124
0.133494
0.207418
0.187664
0.168767
0.211599
0.137979
0.158893
0.0817728
0.0856748
0.126305
0.211599
0.19139
0.184953
0.211599
0.211599
0.175729
0.211599
0.107708
0.0718571
0.124263
0.209126
0.191151
0.211599
0.18463
0.120273
0.0921077
0.130225
0.113391
0.118291
0.173004
0.165017
0.211599
0.211599
0.157127
0.13293
0.168624
0.133102
0.208335
0.167321
0.192284
0.208335
0.208335
0.190734
0.208335
0.125629
0.0995775
0.208335
0.172669
0.208335
0.208335
0.123287
0.122499
0.208335
0.178996
0.102534
0.107522
0.169152
0.148021
0.181836
0.175695
0.168981
0.198171
0.181188
0.0931971
0.116648
0.180616
0.142612
0.186113
0.12586
0.102122
0.174197
0.110724
0.110492
0.215022
0.188919
0.215022
0.215022
0.134389
0.179998
0.215022
0.215022
0.103963
0.196672
0.162273
0.139532
0.215022
0.200727
0.150018
0.164193
0.205435
0.0881682
0.109177
0.167295
0.176229
0.207991
0.113801
0.132671
0.215022
0.143119
0.11801
0.134101
0.14836
0.122752
0.215022
0.132478
0.135394
0.116488
0.114213
0.105185
0.190652
0.139796
0.132381
0.217364
0.177454
0.170476
0.163809
0.186995
0.178889
0.217364
0.217364
0.131642
0.133952
0.127822
0.217364
0.199138
0.0816994
0.106273
0.147813
0.110266
0.126565
0.217364
0.125006
0.143049
0.147034
0.127461
0.196105
0.217364
0.123722
0.141899
0.178154
0.164861
0.217364
0.217364
0.130981
0.188176
0.215863
0.214568
0.105437
0.116266
0.133072
0.215863
0.186486
0.0596049
0.0984395
0.169313
0.12655
0.139324
0.0831979
0.215863
0.215863
0.212339
0.152775
0.215863
0.215863
0.146764
0.127596
0.164464
0.159524
0.211969
0.214662
0.117087
0.119052
0.146749
0.0940552
0.171025
0.215863
0.137095
0.129174
0.179198
0.16166
0.118527
0.209447
0.209447
0.209447
0.183699
0.163108
0.196606
0.207586
0.137347
0.08706
0.148264
0.120322
0.0947492
0.170263
0.155542
0.209447
0.172444
0.152763
0.0906469
0.152408
0.169406
0.190882
0.209447
0.110146
0.151104
0.209447
0.175463
0.0899377
0.191859
0.161148
0.102033
0.152558
0.18892
0.209447
0.193686
0.13621
0.105781
0.16315
0.165983
0.134487
0.212689
0.204236
0.212689
0.163011
0.164392
0.0839784
0.133307
0.167507
0.174395
0.212689
0.196306
0.135333
0.0877306
0.138069
0.0899872
0.212689
0.212689
0.146413
0.164041
0.209526
0.212689
0.196595
0.181832
0.121518
0.0934089
0.155589
0.212689
0.194375
0.118498
0.147801
0.148241
0.149272
0.0825223
0.129193
0.2072
0.202157
0.214013
0.214013
0.127506
0.110342
0.138603
0.1371
0.152748
0.169773
0.207537
0.214013
0.214013
0.214013
0.214013
0.214013
0.0922351
0.0981922
0.165928
0.214013
0.175365
0.109468
0.154673
0.152313
0.214013
0.0960908
0.110943
0.0706416
0.0924813
0.214013
0.122637
0.214013
0.152723
0.135015
0.129043
0.148174
0.177075
0.180847
0.218721
0.217769
0.194539
0.218721
0.218721
0.102162
0.156766
0.185151
0.196698
0.218721
0.151617
0.123197
0.189162
0.151257
0.0883781
0.127183
0.0666332
0.0868475
0.218721
0.117072
0.208026
0.169448
0.194858
0.175904
0.218721
0.17854
0.149103
0.218721
0.127472
0.0682475
0.064919
0.0507651
0.103571
0.134415
0.178567
0.222795
0.222795
0.161897
0.132506
0.222795
0.169746
0.11906
0.167603
0.186178
0.149209
0.222795
0.166725
0.140939
0.137541
0.155742
0.150192
0.222795
0.161316
0.191627
0.222795
0.150766
0.084482
0.118546
0.0849554
0.134774
0.125601
0.0831803
0.157965
0.136619
0.148841
0.222795
0.222795
0.191157
0.0986532
0.163582
0.140226
0.146988
0.22262
0.160471
0.152758
0.158505
0.150854
0.191435
0.22262
0.163183
0.178042
0.195367
0.22262
0.22262
0.22262
0.105798
0.086331
0.0968105
0.0910271
0.162111
0.169768
0.149784
0.22262
0.22262
0.174462
0.0623965
0.139121
0.175929
0.0666536
0.133491
0.113424
0.22262
0.187113
0.164425
0.178763
0.215248
0.173291
0.141363
0.177025
0.20902
0.215248
0.215248
0.0973914
0.126263
0.18944
0.132335
0.175038
0.215248
0.174493
0.146656
0.20466
0.139695
0.0742593
0.202783
0.183701
0.0707986
0.169038
0.126105
0.215248
0.167316
0.133595
0.0598574
0.171815
0.176987
0.126389
0.215248
0.203448
0.139849
0.127606
0.0940355
0.104171
0.163141
0.168618
0.213707
0.213707
0.111952
0.181204
0.213707
0.165947
0.104732
0.212978
0.179362
0.117938
0.153487
0.168771
0.213707
0.213707
0.147113
0.110481
0.122059
0.125215
0.148517
0.213707
0.115314
0.164416
0.213707
0.213707
0.102431
0.149294
0.10205
0.0943273
0.213707
0.110231
0.200581
0.213707
0.136925
0.0791638
0.210055
0.210055
0.141891
0.168385
0.191879
0.210055
0.210055
0.192559
0.0953861
0.0997784
0.149806
0.182854
0.195408
0.126719
0.154294
0.180368
0.169574
0.110683
0.178212
0.0941335
0.121718
0.210055
0.129423
0.18525
0.210055
0.210055
0.0850718
0.119633
0.136587
0.210055
0.174168
0.205729
0.171035
0.140736
0.153027
0.0969419
0.12575
0.21119
0.21119
0.21119
0.158399
0.176651
0.208474
0.21119
0.114378
0.144868
0.0725776
0.0947959
0.21119
0.163765
0.21119
0.18801
0.146886
0.0924324
0.18376
0.181809
0.21119
0.21119
0.21119
0.163337
0.178421
0.163178
0.0562501
0.103724
0.170134
0.171147
0.125878
0.126698
0.186478
0.178835
0.10118
0.124742
0.155673
0.0637266
0.0895401
0.226102
0.153063
0.21865
0.188835
0.177622
0.160799
0.226102
0.188198
0.193644
0.226102
0.138176
0.0928808
0.0883107
0.0812527
0.069315
0.149658
0.17684
0.152171
0.123355
0.105575
0.182532
0.193756
0.0992804
0.133938
0.226102
0.226102
0.226102
0.165467
0.226102
0.120332
0.226102
0.106331
0.131698
0.215235
0.143734
0.208448
0.215235
0.121977
0.0951506
0.0988969
0.0890335
0.114539
0.121312
0.10811
0.198542
0.143454
0.158525
0.191224
0.215235
0.191966
0.147316
0.215235
0.215235
0.215235
0.141408
0.166378
0.128842
0.156095
0.0669504
0.120636
0.172713
0.206839
0.215235
0.215235
0.206962
0.14914
0.165881
0.116803
0.0789572
0.0831016
0.131255
0.212485
0.155096
0.159561
0.212485
0.212485
0.187571
0.0653083
0.11746
0.181545
0.126007
0.107278
0.133937
0.212485
0.19114
0.14409
0.120495
0.146993
0.212485
0.212485
0.166027
0.178437
0.212485
0.162081
0.11417
0.0736951
0.109291
0.167243
0.212485
0.211132
0.183836
0.212485
0.212485
0.145742
0.0682911
0.167092
0.201223
0.125627
0.14137
0.148796
0.216744
0.190682
0.134527
0.06516
0.179024
0.216744
0.134653
0.216744
0.216744
0.151866
0.147343
0.111528
0.0794486
0.0948127
0.170401
0.216744
0.216744
0.198239
0.216744
0.216744
0.155002
0.127621
0.139971
0.201535
0.119841
0.216744
0.111057
0.208015
0.144925
0.0706762
0.102325
0.155499
0.133014
0.149958
0.220203
0.119311
0.19259
0.220203
0.220203
0.102566
0.155259
0.107057
0.132732
0.220203
0.11456
0.209643
0.220203
0.132741
0.147763
0.125549
0.154232
0.178745
0.220203
0.119782
0.115941
0.186619
0.220203
0.164591
0.113736
0.183784
0.117689
0.220203
0.137092
0.152094
0.220203
0.116236
0.11915
0.179626
0.105598
0.136875
0.213892
0.133504
0.188386
0.213892
0.206076
0.0899741
0.148515
0.143857
0.192639
0.185403
0.211779
0.184507
0.17942
0.144762
0.192619
0.153609
0.183899
0.115413
0.213892
0.159909
0.158286
0.213892
0.15214
0.130346
0.169548
0.13843
0.161151
0.195933
0.138235
0.0979552
0.19447
0.114506
0.120304
0.204967
0.188537
0.205183
0.20616
0.20616
0.177941
0.182746
0.150975
0.0680694
0.11088
0.127565
0.15126
0.153661
0.150936
0.168917
0.200214
0.146239
0.148202
0.20616
0.173093
0.167091
0.20616
0.171974
0.121012
0.198735
0.152895
0.0729098
0.0947628
0.123304
0.20616
0.20616
0.20616
0.145776
0.161771
0.155463
0.0985711
0.156208
0.155743
0.147909
0.142061
0.144873
0.180289
0.209802
0.131445
0.104647
0.209802
0.209802
0.209802
0.209802
0.209802
0.118606
0.209802
0.124226
0.0647692
0.12091
0.141769
0.17302
0.209802
0.209802
0.194856
0.209543
0.15708
0.0225767
0.118485
0.209802
0.209802
0.209096
0.113557
0.162318
0.161997
0.0707722
0.130917
0.217352
0.217352
0.217352
0.151326
0.147952
0.112805
0.131985
0.06918
0.121567
0.163256
0.217352
0.217352
0.217352
0.179809
0.127408
0.172484
0.162386
0.0530092
0.120879
0.202252
0.206696
0.151083
0.0953703
0.155208
0.172852
0.0640362
0.0722616
0.0843475
0.217352
0.217352
0.217352
0.206177
0.135987
0.217352
0.142224
0.103934
0.109311
0.211893
0.220311
0.161842
0.134218
0.171141
0.141329
0.119443
0.0772804
0.0839606
0.122947
0.220311
0.200799
0.153724
0.206099
0.220311
0.129809
0.113087
0.0823105
0.220311
0.220311
0.209697
0.167395
0.102228
0.159853
0.154835
0.1318
0.0940013
0.175657
0.216699
0.220311
0.220311
0.220311
0.146
0.0896052
0.0883669
0.0705378
0.143318
0.224426
0.201807
0.166352
0.224426
0.224426
0.14558
0.135802
0.118886
0.142674
0.154483
0.224426
0.115777
0.162548
0.121557
0.0771464
0.179252
0.113833
0.199007
0.224426
0.224426
0.202837
0.224426
0.137715
0.148412
0.0712565
0.148627
0.224426
0.224426
0.215152
0.0559537
0.135387
0.127468
0.0918382
0.136606
0.160411
0.204312
0.177445
0.213639
0.114368
0.132903
0.195462
0.213639
0.159923
0.131921
0.203035
0.160037
0.213639
0.153577
0.153057
0.213639
0.117854
0.167293
0.163894
0.122072
0.171572
0.192667
0.140461
0.213639
0.152402
0.154382
0.141898
0.159943
0.201115
0.213639
0.185394
0.0934933
0.0920092
0.0912805
0.14033
0.195064
0.161974
0.20512
0.147727
0.212925
0.190046
0.170575
0.212925
0.157002
0.136706
0.212925
0.165851
0.133657
0.1902
0.166694
0.115511
0.212925
0.11992
0.136893
0.131735
0.18489
0.212925
0.187568
0.119886
0.130134
0.11783
0.206346
0.038975
0.123555
0.140668
0.12809
0.105485
0.131815
0.184763
0.212925
0.212925
0.161026
0.213009
0.166119
0.109568
0.183155
0.209326
0.141186
0.184524
0.158072
0.0789844
0.139476
0.112438
0.163228
0.213009
0.204342
0.134685
0.166955
0.197757
0.0808755
0.107649
0.124026
0.189064
0.114291
0.158611
0.195379
0.213009
0.213009
0.1366
0.213009
0.08854
0.213009
0.213009
0.0865942
0.213009
0.180266
0.105621
0.0761049
0.14613
0.128201
0.147117
0.203872
0.209919
0.172415
0.184112
0.195823
0.0190241
0.116092
0.20841
0.201347
0.209919
0.0943576
0.153579
0.163374
0.112568
0.167565
0.205017
0.0970124
0.209919
0.209919
0.127187
0.209919
0.190438
0.115642
0.0913053
0.172733
0.185049
0.146724
0.209919
0.209919
0.209919
0.12652
0.117284
0.0458386
0.124477
0.214352
0.185293
0.174817
0.0990987
0.143175
0.142525
0.0832109
0.100658
0.10073
0.217506
0.217506
0.217506
0.203967
0.153682
0.217506
0.168762
0.0721984
0.140839
0.178318
0.13562
0.191594
0.198801
0.217506
0.121792
0.102892
0.148473
0.217506
0.193904
0.147791
0.217506
0.216331
0.217506
0.102337
0.0768656
0.113218
0.0915831
0.215512
0.197787
0.215512
0.1774
0.121479
0.14437
0.139929
0.111867
0.129559
0.142814
0.19624
0.215512
0.215512
0.215512
0.156359
0.0895351
0.127487
0.215512
0.164972
0.129889
0.183585
0.145798
0.215512
0.0932703
0.0880311
0.0668102
0.215512
0.0895874
0.177665
0.215512
0.213116
0.191322
0.188045
0.145456
0.141306
0.146844
0.156015
0.203921
0.212521
0.191757
0.212521
0.14594
0.131604
0.119314
0.16829
0.183595
0.212521
0.186434
0.0504183
0.128828
0.140074
0.101374
0.085107
0.212521
0.0959077
0.187983
0.212521
0.212521
0.18533
0.176592
0.169449
0.0892359
0.112714
0.175947
0.212521
0.212521
0.130402
0.107687
0.200754
0.170952
0.175755
0.172915
0.185586
0.196361
0.209099
0.157471
0.20325
0.203116
0.186333
0.172268
0.183778
0.209099
0.209099
0.188259
0.133169
0.0770358
0.12507
0.151245
0.15534
0.128458
0.154273
0.209099
0.146192
0.156138
0.158437
0.201622
0.143528
0.121277
0.146253
0.147857
0.209099
0.154248
0.10043
0.11708
0.17345
0.110764
0.155012
0.147929
0.212435
0.227353
0.171301
0.147006
0.105294
0.121148
0.182714
0.0486729
0.152507
0.153419
0.0955482
0.0932983
0.140259
0.193021
0.227353
0.218458
0.111263
0.133139
0.127173
0.213596
0.15557
0.103006
0.125312
0.181131
0.11841
0.118262
0.114903
0.122614
0.222759
0.227353
0.227353
0.189678
0.227353
0.227353
0.0622954
0.105341
0.101105
0.116658
0.0895413
0.133481
0.167116
0.198057
0.210096
0.0873752
0.209576
0.0957838
0.147537
0.15075
0.081892
0.188997
0.146509
0.0874436
0.129453
0.164554
0.127071
0.210302
0.219025
0.219025
0.118476
0.198398
0.166917
0.200198
0.219025
0.105794
0.219025
0.219025
0.219025
0.163655
0.219025
0.219025
0.106773
0.191097
0.107941
0.178324
0.16534
0.116281
0.208585
0.138642
0.102165
0.0638872
0.149181
0.150477
0.117387
0.167294
0.158259
0.21996
0.143864
0.110343
0.21996
0.21996
0.130735
0.21996
0.21996
0.198834
0.137936
0.153276
0.21996
0.0780898
0.0851175
0.124553
0.21996
0.21996
0.192766
0.154535
0.146475
0.21996
0.0645948
0.148317
0.187987
0.141758
0.180825
0.182018
0.215792
0.134058
0.118236
0.167422
0.215792
0.209226
0.148516
0.215792
0.205966
0.215792
0.109964
0.0875924
0.0891918
0.0673822
0.116525
0.215792
0.215792
0.199975
0.163394
0.125546
0.210674
0.144448
0.153498
0.177947
0.162957
0.215792
0.186791
0.113893
0.130232
0.135006
0.148991
0.21274
0.199897
0.141993
0.21274
0.183489
0.21274
0.102453
0.0998909
0.105963
0.21274
0.0887895
0.160228
0.21274
0.21274
0.189385
0.188577
0.206214
0.153231
0.163574
0.149405
0.129069
0.200643
0.17034
0.134655
0.0960128
0.09427
0.0846569
0.194336
0.138373
0.169142
0.21274
0.170607
0.1444
0.118906
0.190996
0.109871
0.21475
0.0957839
0.175944
0.21475
0.21475
0.205607
0.180459
0.207394
0.146661
0.15321
0.150772
0.211869
0.21475
0.119863
0.12617
0.21475
0.192018
0.093298
0.201461
0.136716
0.185301
0.21475
0.183063
0.169752
0.119531
0.163438
0.0812509
0.0989081
0.0991728
0.136327
0.21475
0.13603
0.0762949
0.0989915
0.206846
0.127042
0.0864189
0.137486
0.250113
0.150626
0.131476
0.116224
0.174854
0.122004
0.10351
0.127948
0.125228
0.187892
0.147204
0.119157
0.109354
0.168483
0.0744169
0.0555409
0.0655773
0.210538
0.285567
0.255195
0.113354
0.180556
0.209937
0.101947
0.0252621
0.0867473
0.184982
0.285567
0.285567
0.285567
0.195993
0.108675
0.0248799
0.0914828
0.111334
0.115656
0.183236
0.133869
0.0936987
0.10811
0.15507
0.0689141
0.0864237
0.12101
0.117548
0.127604
0.221487
0.256819
0.161007
0.266242
0.164852
0.0316414
0.0729172
0.209864
0.266242
0.266242
0.260847
0.153221
0.108533
0.0885986
0.0854458
0.123328
0.145143
0.141599
0.266242
0.266242
0.156151
0.120627
0.162117
0.0996405
0.16987
0.144163
0.149724
0.2066
0.197358
0.127888
0.194536
0.123735
0.118572
0.201231
0.103857
0.169186
0.176372
0.187221
0.180353
0.190512
0.2066
0.106848
0.12941
0.133285
0.173882
0.2066
0.200473
0.147752
0.11676
0.194071
0.181276
0.164803
0.127319
0.171846
0.129351
0.2066
0.2066
0.200169
0.123094
0.14881
0.207407
0.143633
0.185618
0.207407
0.179471
0.157078
0.137068
0.175613
0.0707255
0.0998631
0.127487
0.207407
0.179193
0.169601
0.175572
0.152316
0.207407
0.207284
0.1849
0.155579
0.207407
0.160784
0.207407
0.207407
0.163207
0.108074
0.122211
0.11137
0.163428
0.139321
0.161905
0.164837
0.193742
0.121803
0.155771
0.0998167
0.113205
0.142268
0.211545
0.211545
0.194539
0.180883
0.143345
0.211545
0.143988
0.127763
0.205955
0.17861
0.211545
0.170715
0.0791366
0.150729
0.155418
0.154155
0.1365
0.191315
0.173771
0.211545
0.193492
0.201159
0.119262
0.173476
0.0866324
0.067176
0.144856
0.107398
0.211545
0.132744
0.211545
0.211545
0.143639
0.169652
0.148396
0.18015
0.165697
0.218533
0.182022
0.114748
0.115632
0.119386
0.120717
0.192267
0.144489
0.173133
0.218533
0.21058
0.154796
0.105164
0.218533
0.108587
0.0929457
0.14382
0.134847
0.218533
0.118067
0.197695
0.200037
0.130622
0.0686722
0.218533
0.218533
0.193609
0.218533
0.165231
0.100308
0.218533
0.0509086
0.109147
0.180924
0.147498
0.195489
0.216088
0.216088
0.186336
0.097043
0.179789
0.0917827
0.11123
0.136861
0.147259
0.216088
0.120457
0.0946996
0.104823
0.216088
0.0885788
0.216088
0.216088
0.18124
0.209132
0.132206
0.147753
0.183805
0.0993761
0.0899577
0.144507
0.140972
0.107683
0.213751
0.171647
0.216088
0.216088
0.216088
0.072389
0.0846538
0.162811
0.227301
0.197521
0.109657
0.157726
0.173166
0.0835844
0.0354593
0.100629
0.142762
0.227301
0.227301
0.227301
0.157712
0.122179
0.0751867
0.218637
0.220276
0.12935
0.227301
0.227301
0.18193
0.174612
0.109563
0.140713
0.0742311
0.155897
0.125282
0.145831
0.227301
0.149612
0.0915446
0.227301
0.227301
0.0327036
0.0692145
0.130821
0.237149
0.237149
0.171148
0.136387
0.120139
0.110178
0.0688662
0.121943
0.121572
0.103029
0.237149
0.191231
0.142399
0.115202
0.141643
0.0356633
0.0949098
0.109302
0.150951
0.237149
0.237149
0.100326
0.23205
0.237149
0.0509361
0.111706
0.174686
0.237149
0.237149
0.237149
0.180855
0.133238
0.237149
0.0900431
0.123947
0.117928
0.127548
0.231531
0.162115
0.132858
0.112694
0.174349
0.162029
0.113964
0.108396
0.122119
0.120872
0.182285
0.156951
0.129874
0.137219
0.0956309
0.129144
0.170666
0.231531
0.231531
0.231531
0.135906
0.200709
0.231531
0.231531
0.231531
0.114222
0.0930713
0.140349
0.0876047
0.218941
0.21373
0.231531
0.197766
0.163939
0.135441
0.16955
0.164321
0.222421
0.175005
0.114146
0.129427
0.103649
0.138056
0.171565
0.13745
0.135966
0.160831
0.165636
0.140023
0.159247
0.222421
0.222421
0.179496
0.138401
0.18322
0.0872887
0.175633
0.222421
0.222421
0.0851204
0.164403
0.145747
0.18795
0.222421
0.101264
0.124196
0.136281
0.222031
0.147294
0.184726
0.199417
0.16859
0.217882
0.19079
0.175008
0.146142
0.173287
0.0829162
0.075462
0.157578
0.100979
0.217882
0.126498
0.19165
0.170335
0.136323
0.0817695
0.182002
0.192688
0.198623
0.217882
0.143222
0.122411
0.155749
0.217882
0.0369065
0.103794
0.217882
0.189276
0.217882
0.17417
0.13928
0.18106
0.134878
0.11247
0.097613
0.153237
0.126635
0.219383
0.107892
0.173983
0.17528
0.13231
0.0580576
0.204338
0.212995
0.219383
0.219383
0.17418
0.135412
0.172569
0.060073
0.0431391
0.0839714
0.214538
0.188424
0.219383
0.173627
0.131859
0.200164
0.181835
0.0152204
0.0759341
0.200495
0.219383
0.219383
0.149885
0.190973
0.219383
0.149899
0.0837489
0.221653
0.221653
0.221653
0.221653
0.15594
0.184266
0.188842
0.113318
0.0887301
0.13192
0.162601
0.127146
0.192455
0.164412
0.221653
0.221653
0.221653
0.0220771
0.0899343
0.185042
0.221653
0.221653
0.125902
0.203864
0.221653
0.216632
0.0426337
0.0875894
0.0827358
0.0949326
0.148495
0.132559
0.167514
0.100753
0.11234
0.235204
0.235204
0.180682
0.213573
0.235204
0.221853
0.195914
0.123915
0.187115
0.105488
0.155215
0.131863
0.112819
0.148066
0.132945
0.110461
0.235204
0.235204
0.145221
0.235204
0.18252
0.235204
0.235204
0.0915239
0.181848
0.177907
0.115557
0.0432345
0.0701035
0.0618038
0.120787
0.203087
0.0720436
0.0631531
0.0756958
0.0432385
0.0494069
0.071869
0.0740244
0.115006
0.173022
0.209122
0.102602
0.244631
0.257815
0.0701256
0.0921903
0.13908
0.225225
0.257815
0.173837
0.175249
0.16656
0.257815
0.0532378
0.0606405
0.053567
0.122834
0.21296
0.145989
0.0676985
0.0680649
0.0222854
0.00482214
0.0353957
0.0509868
0.159824
0.257815
0.257815
0.248883
0.257815
0.257815
0.0926248
0.0969749
0.10751
0.168496
0.237407
0.143706
0.0936283
0.163835
0.237407
0.237407
0.212302
0.10234
0.0931161
0.149485
0.0594294
0.124444
0.177606
0.237407
0.0479438
0.0643451
0.0847196
0.135018
0.190657
0.237407
0.14232
0.164275
0.237407
0.208371
0.152527
0.16732
0.187307
0.179771
0.0609277
0.128673
0.237407
0.237407
0.231635
0.231635
0.157002
0.139476
0.218241
0.0727021
0.101572
0.231635
0.231635
0.0804548
0.166481
0.138407
0.185766
0.206604
0.0799947
0.0854659
0.148461
0.210603
0.231635
0.231635
0.231635
0.231635
0.205337
0.0455064
0.0957305
0.231635
0.231635
0.0556701
0.0712292
0.0713807
0.0803694
0.123216
0.0601958
0.084025
0.184518
0.111546
0.0930647
0.218839
0.205529
0.223898
0.223898
0.134377
0.107806
0.193579
0.223898
0.0724795
0.154451
0.223898
0.181231
0.223898
0.195353
0.176868
0.110656
0.169502
0.0808317
0.119256
0.0989218
0.125252
0.19647
0.0956138
0.0924167
0.223898
0.0974241
0.153233
0.12662
0.113032
0.161643
0.223898
0.192751
0.129053
0.128096
0.223898
0.0852441
0.12559
0.202979
0.167377
0.217226
0.186189
0.150964
0.150699
0.217226
0.0416646
0.082974
0.154068
0.217226
0.217226
0.174242
0.217226
0.217226
0.182157
0.154965
0.135353
0.119842
0.198776
0.217226
0.179083
0.107297
0.131916
0.217226
0.0673057
0.0847343
0.151559
0.213864
0.143333
0.140168
0.125555
0.20993
0.128632
0.0548727
0.0962814
0.165595
0.231649
0.231649
0.165495
0.231649
0.231649
0.231649
0.0540379
0.0907902
0.0738062
0.0906614
0.133638
0.11602
0.154306
0.127474
0.119278
0.0915458
0.12316
0.164411
0.231649
0.231649
0.177365
0.158366
0.231649
0.182782
0.0959615
0.195039
0.0567083
0.0496089
0.145853
0.231649
0.231649
0.205518
0.169987
0.16604
0.245037
0.15933
0.245037
0.245037
0.0982949
0.181563
0.171224
0.136443
0.043823
0.0506298
0.0458422
0.130124
0.1698
0.179382
0.157921
0.047147
0.0289198
0.081405
0.154965
0.13308
0.155215
0.20442
0.177955
0.245037
0.245037
0.245037
0.059676
0.158864
0.102026
0.146897
0.163028
0.245037
0.245037
0.126679
0.11958
0.0540924
0.0466838
0.0429577
0.149877
0.210492
0.208267
0.149004
0.0373314
0.0156567
0.0194195
0.0475912
0.0674601
0.139509
0.258072
0.258862
0.258862
0.258862
0.258862
0.0513875
0.132082
0.101228
0.114757
0.151931
0.258862
0.258862
0.144182
0.136205
0.0446261
0.126494
0.165069
0.221731
0.136379
0.258862
0.258862
0.0981689
0.0340796
0.0608338
0.0829751
0.0785137
0.125546
0.201981
0.228298
0.176602
0.177138
0.228298
0.228298
0.190162
0.182876
0.192902
0.228298
0.0806547
0.158596
0.228298
0.228298
0.0675761
0.0976658
0.163749
0.187112
0.115589
0.228298
0.228298
0.0892551
0.0326319
0.0864732
0.139318
0.136955
0.131879
0.228298
0.12706
0.153676
0.210805
0.104956
0.231192
0.231192
0.231192
0.231192
0.231192
0.0767036
0.121295
0.231192
0.231192
0.0587562
0.077248
0.0805889
0.107613
0.142787
0.0811099
0.0899163
0.203978
0.143317
0.146924
0.20691
0.196185
0.195966
0.231192
0.132298
0.14181
0.231192
0.137101
0.0290316
0.0910274
0.0505939
0.143634
0.192111
0.175676
0.118482
0.231192
0.0916043
0.0805163
0.124188
0.111655
0.1381
0.198888
0.111048
0.0981251
0.215829
0.143995
0.164259
0.166417
0.126336
0.16627
0.215829
0.215829
0.161816
0.105054
0.215829
0.0798314
0.167184
0.0661254
0.196869
0.195154
0.196949
0.155312
0.215829
0.141431
0.13033
0.215829
0.129756
0.215829
0.18173
0.174106
0.147071
0.197233
0.215829
0.164015
0.16096
0.138576
0.184043
0.210387
0.210387
0.127475
0.109953
0.210387
0.121887
0.137511
0.145874
0.187812
0.105281
0.166604
0.137
0.210387
0.157537
0.165639
0.202143
0.105009
0.208813
0.170235
0.141016
0.133481
0.203839
0.210387
0.185606
0.141188
0.111572
0.134467
0.207988
0.130887
0.194469
0.210387
0.114763
0.134901
0.140372
0.144552
0.199397
0.182917
0.189077
0.14656
0.220457
0.20087
0.0982649
0.162661
0.0403044
0.0451987
0.140543
0.220282
0.220457
0.220457
0.15176
0.17904
0.139508
0.113711
0.144697
0.220457
0.136944
0.160144
0.220457
0.165683
0.126607
0.220457
0.0778424
0.220457
0.220457
0.113924
0.103499
0.134526
0.171438
0.0782475
0.142187
0.0968807
0.148284
0.172041
0.181778
0.296787
0.296787
0.249668
0.0470621
0.103156
0.0646709
0.0912483
0.126991
0.296787
0.296787
0.0822219
0.0652868
0.0468555
0.108518
0.0938821
0.0593097
0.104227
0.173852
0.296787
0.296787
0.117944
0.0256253
0.042066
0.141359
0.0910916
0.069284
0.0950737
0.222763
0.218373
0.114642
0.047367
0.120389
0.0942554
0.103734
0.185964
0.272798
0.272798
0.150226
0.112616
0.0767542
0.184335
0.239965
0.270638
0.201355
0.272798
0.272798
0.101511
0.0128422
0.0500286
0.0572193
0.210943
0.14888
0.0748899
0.112062
0.174372
0.272353
0.216425
0.0222068
0.0141649
0.0229178
0.0323078
0.0675875
0.122718
0.206975
0.233367
0.114813
0.0906235
0.168362
0.239138
0.239138
0.216049
0.239138
0.239138
0.130914
0.0306792
0.0939118
0.239138
0.239138
0.200439
0.239138
0.1903
0.239138
0.239138
0.152667
0.0355327
0.0335118
0.0436686
0.0360715
0.0662158
0.0988224
0.231099
0.239138
0.110846
0.0585036
0.126282
0.186555
0.159309
0.14559
0.0939737
0.0553493
0.0658859
0.126011
0.102453
0.22952
0.22952
0.204803
0.22952
0.162916
0.188258
0.22952
0.136433
0.0365771
0.100425
0.0739428
0.204482
0.22952
0.216168
0.146986
0.216246
0.106835
0.110976
0.172274
0.176157
0.13906
0.180864
0.0683122
0.0482741
0.039359
0.0543361
0.22952
0.22952
0.22952
0.181288
0.22952
0.13797
0.125177
0.0448446
0.0384823
0.0588622
0.1245
0.073241
0.188431
0.213829
0.178117
0.148127
0.221246
0.121053
0.0774728
0.151982
0.128702
0.181499
0.175935
0.188567
0.140189
0.177146
0.148335
0.2401
0.2401
0.21204
0.181966
0.2401
0.0963672
0.148111
0.154336
0.0816403
0.0543352
0.192159
0.136041
0.0930589
0.132037
0.0966114
0.2401
0.2401
0.192829
0.125977
0.161072
0.123099
0.17962
0.201189
0.185846
0.1561
0.237754
0.192347
0.155221
0.151433
0.167706
0.153559
0.174812
0.135817
0.184668
0.220568
0.104721
0.0560463
0.140436
0.0864299
0.0914918
0.173434
0.104166
0.242149
0.242149
0.242149
0.0927472
0.123861
0.107875
0.129316
0.21186
0.118633
0.228951
0.208438
0.117203
0.148352
0.137113
0.154845
0.148513
0.233695
0.137939
0.142881
0.213557
0.130656
0.114293
0.193695
0.102448
0.234007
0.234007
0.119275
0.10178
0.132087
0.134363
0.0998408
0.137632
0.102623
0.129181
0.234007
0.142833
0.171608
0.176885
0.112107
0.120938
0.234007
0.174369
0.234007
0.234007
0.234007
0.138332
0.160358
0.110589
