0.0119114
0.0161061
0.0281178
0.402393
0.402393
0.180661
0.0681103
0.0323732
0.0422544
0.0304152
0.014362
0.0403863
0.158727
0.402393
0.205892
0.0395266
0.0614981
0.0760525
0.0311604
0.0496463
0.0263676
0.402393
0.402393
0.11215
0.100755
0.0782452
0.0366638
0.048892
0.0760008
0.0366459
0.0743547
0.0747318
0.0525767
0.0670388
0.0536757
0.050323
0.0510448
0.0448941
0.0725632
0.251732
0.360915
0.360915
0.0968689
0.130576
0.126318
0.0551297
0.108005
0.0614831
0.18315
0.360915
0.360915
0.0638621
0.138619
0.128942
0.112487
0.155946
0.0658636
0.163058
0.133018
0.0800364
0.115283
0.109162
0.0805988
0.145249
0.0984015
0.0186779
0.0789714
0.149915
0.0861445
0.0790892
0.191153
0.19394
0.03539
0.0677743
0.0431584
0.162678
0.367369
0.238282
0.0429251
0.0775467
0.071685
0.170549
0.0899792
0.058066
0.367369
0.367369
0.0904024
0.0264961
0.0373865
0.11959
0.0795016
0.0492536
0.00682481
0.0327389
0.0826929
0.0440778
0.0466372
0.10932
0.104861
0.240813
0.199637
0.0451956
0.367369
0.367369
0.00722018
0.00634708
0.0371456
0.104872
0.113915
0.0330843
0.035269
0.298871
0.298871
0.027943
0.0124415
0.0504199
0.220861
0.257889
0.0854052
0.0594031
0.109478
0.137768
0.00421346
0.0311119
0.147144
0.298871
0.12943
0.0740176
0.0184379
0.173062
0.298871
0.0100508
0.015343
0.0580969
0.167443
0.298871
0.0716748
0.0225689
0.175007
0.298871
0.0133568
0.110741
0.207949
0.298871
0.29042
0.0916296
0.0488061
0.112817
0.246254
0.00401486
0.024839
0.167793
0.29042
0.196029
0.132568
0.0374357
0.120595
0.29042
0.015156
0.0462744
0.0651407
0.135008
0.29042
0.0438146
0.0315058
0.207436
0.29042
0.0246006
0.113266
0.225448
0.29042
0.100802
0.0541496
0.0351229
0.202068
0.29042
0.0191429
0.0527488
0.104122
0.143254
0.226891
0.140099
0.0279144
0.166183
0.314782
0.0136614
0.0377451
0.0557422
0.0542435
0.314782
0.105446
0.0102044
0.0562141
0.175694
0.007876
0.0185487
0.0358519
0.314782
0.0420604
0.0378054
0.0403873
0.251682
0.314782
0.0188537
0.0563611
0.108918
0.0569211
0.314782
0.149423
0.235389
0.216431
0.171842
0.0266348
0.0673525
0.0721338
0.314782
0.310258
0.069231
0.0124841
0.0449412
0.115917
0.013244
0.0338026
0.0584832
0.310258
0.111321
0.102688
0.0460753
0.0860653
0.193786
0.0402603
0.0673529
0.0848911
0.10471
0.310258
0.105157
0.16816
0.156212
0.200129
0.0781439
0.0657049
0.100866
0.310258
0.0562211
0.0931989
0.282769
0.304744
0.310258
0.251972
0.142938
0.0387406
0.0687354
0.0265379
0.0393477
0.0245278
0.340152
0.340152
0.0771384
0.0752199
0.0615027
0.0356343
0.0470327
0.0515417
0.0327547
0.0618862
0.086203
0.0497575
0.0584254
0.048603
0.0396197
0.0532118
0.0895956
0.0726301
0.340152
0.340152
0.147599
0.0852473
0.056184
0.0302306
0.0661979
0.0930021
0.131268
0.208135
0.340152
0.340152
0.325464
0.169068
0.0434721
0.0869037
0.0961316
0.0583772
0.124116
0.14715
0.0757189
0.0889914
0.0838454
0.0532712
0.0881229
0.0631444
0.0211439
0.0675954
0.124023
0.0541306
0.053991
0.143651
0.14366
0.142148
0.227268
0.227181
0.287539
0.287539
0.287539
0.287539
0.244467
0.0466776
0.0961141
0.122462
0.0398977
0.0515531
0.284901
0.287539
0.287539
0.209534
0.0700609
0.0774512
0.0464135
0.0084682
0.0470061
0.10672
0.0416029
0.0471321
0.125972
0.122955
0.205986
0.201084
0.0609339
0.289713
0.289713
0.0139049
0.0175594
0.0467701
0.112816
0.11429
0.078097
0.0334456
0.0478124
0.237694
0.289713
0.289713
0.177082
0.0516936
0.282376
0.282124
0.126801
0.289713
0.234429
0.219819
0.160424
0.0427035
0.0472797
0.12914
0.0737851
0.01861
0.180373
0.279967
0.0103215
0.0202361
0.0554838
0.179769
0.279967
0.0785589
0.0183883
0.187917
0.279967
0.016586
0.144484
0.229777
0.279967
0.136659
0.11378
0.0649305
0.142951
0.139239
0.0897825
0.0917763
0.0360842
0.0270907
0.198595
0.174608
0.0706821
0.279967
0.279967
0.110234
0.16888
0.186734
0.279967
0.276669
0.0476657
0.026243
0.223568
0.276669
0.0258252
0.140701
0.225794
0.276669
0.0801885
0.0502509
0.0424498
0.210775
0.276669
0.0405016
0.06368
0.0864795
0.146733
0.182692
0.157698
0.0858412
0.270078
0.276669
0.106661
0.167946
0.204108
0.276669
0.0947258
0.122762
0.0677251
0.134457
0.201897
0.0398353
0.0403925
0.0601187
0.111114
0.0376632
0.0397927
0.0608131
0.299592
0.299592
0.0390021
0.0767347
0.0986174
0.0805803
0.299592
0.139526
0.275749
0.271992
0.236272
0.0244416
0.0705708
0.0931015
0.299592
0.125381
0.149832
0.0939902
0.144514
0.264439
0.031019
0.0343828
0.0777608
0.0998024
0.107864
0.0653165
0.11177
0.161587
0.129095
0.110603
0.182831
0.0924261
0.299592
0.282529
0.0885737
0.178572
0.176076
0.225228
0.075136
0.0720448
0.1096
0.282529
0.0508577
0.0835168
0.282529
0.282529
0.282529
0.242606
0.177588
0.0729918
0.0882293
0.0979744
0.0508009
0.0970195
0.111167
0.0892061
0.0933016
0.126733
0.124921
0.282529
0.0615478
0.0840402
0.134936
0.112772
0.192705
0.207622
0.168118
0.146805
0.0978247
0.0395808
0.0657848
0.0828169
0.306014
0.306014
0.126581
0.0701725
0.0528931
0.0282288
0.0534604
0.0667131
0.102137
0.179841
0.306014
0.231858
0.237894
0.12995
0.04083
0.0921795
0.0998005
0.0729074
0.306014
0.306014
0.211727
0.0793388
0.101094
0.0308834
0.0303499
0.0832251
0.093329
0.139825
0.306014
0.306014
0.075188
0.0192707
0.000988931
0.073052
0.103274
0.127251
0.216633
0.25486
0.25486
0.25486
0.132282
0.0328084
0.0535067
0.063536
0.0645289
0.0789368
0.170963
0.211563
0.193656
0.111443
0.0572873
0.0410553
0.111642
0.110854
0.160098
0.25486
0.25486
0.120589
0.035399
0.0234892
0.0938345
0.115946
0.25486
0.25486
0.25486
0.25486
0.232296
0.133384
0.103997
0.0629594
0.0527924
0.0561126
0.070597
0.166853
0.223746
0.187341
0.111162
0.0517502
0.16958
0.193607
0.123885
0.170211
0.172057
0.162734
0.127235
0.0487408
0.0579902
0.0977628
0.0908173
0.226073
0.226073
0.226073
0.226073
0.226073
0.15188
0.142855
0.216137
0.217441
0.180652
0.226073
0.226073
0.226073
0.0970259
0.105846
0.226073
0.129561
0.131938
0.0843712
0.126877
0.17177
0.115204
0.111492
0.0532009
0.048565
0.238699
0.201751
0.0817498
0.246351
0.246351
0.137486
0.159346
0.169738
0.246351
0.117956
0.128092
0.131074
0.171576
0.225275
0.246351
0.0991788
0.105689
0.246351
0.0851198
0.246351
0.155097
0.194016
0.246351
0.114315
0.128537
0.150824
0.0996452
0.258782
0.193685
0.0971831
0.258782
0.258782
0.14621
0.187187
0.20616
0.258782
0.11437
0.137986
0.0834287
0.170655
0.258782
0.0609401
0.0404207
0.0751179
0.162239
0.103147
0.241552
0.172579
0.215477
0.258782
0.140052
0.151296
0.195313
0.136394
0.118034
0.137401
0.0456982
0.0907784
0.178992
0.0257666
0.0325544
0.0607021
0.147498
0.172106
0.175731
0.121138
0.214763
0.277322
0.0465415
0.0417059
0.103705
0.162365
0.142141
0.0593869
0.163142
0.219192
0.165207
0.111177
0.244199
0.18325
0.277322
0.199247
0.137072
0.0505683
0.126953
0.277322
0.0409172
0.0397105
0.0758966
0.152112
0.102326
0.00204448
0.0262063
0.0414759
0.136628
0.0641505
0.277322
0.277322
0.277322
0.12457
0.0551767
0.128994
0.144326
0.121677
0.100489
0.160444
0.193806
0.250283
0.105711
0.111926
0.181761
0.147274
0.170996
0.234084
0.235678
0.232044
0.140545
0.0858108
0.0398581
0.0499725
0.057959
0.155883
0.0826461
0.196262
0.250283
0.250283
0.129859
0.119206
0.180265
0.250283
0.250283
0.167202
0.149363
0.161139
0.16337
0.0842413
0.0903919
0.0952023
0.289904
0.289904
0.205957
0.0867437
0.0990788
0.0542041
0.0304272
0.0850212
0.104119
0.19807
0.289904
0.279518
0.0902556
0.0378242
0.0147922
0.188665
0.168566
0.163441
0.20127
0.289904
0.193473
0.135875
0.0887576
0.0743948
0.053973
0.13584
0.116672
0.165642
0.205949
0.214398
0.162039
0.142219
0.181171
0.0312353
0.0771364
0.0943407
0.172387
0.226881
0.226881
0.119604
0.0576516
0.0366057
0.0741793
0.109671
0.226881
0.226881
0.226881
0.226881
0.198551
0.10719
0.0976333
0.0603775
0.123092
0.117027
0.188501
0.226881
0.2112
0.185197
0.178204
0.185746
0.0510991
0.193165
0.222248
0.226881
0.226881
0.204775
0.181599
0.116536
0.0569245
0.0706174
0.0855844
0.20059
0.214112
0.214112
0.214112
0.203666
0.120295
0.120724
0.160333
0.175998
0.191235
0.201292
0.214112
0.203371
0.0971644
0.0915897
0.205424
0.0510436
0.150774
0.201339
0.214112
0.214112
0.178457
0.195791
0.139818
0.0638207
0.133798
0.144192
0.163262
0.214112
0.214112
0.13631
0.114153
0.101273
0.0901269
0.10775
0.129565
0.144835
0.176772
0.219573
0.219573
0.110973
0.111888
0.215162
0.112904
0.219573
0.144856
0.164065
0.219573
0.122055
0.121733
0.155047
0.100785
0.139848
0.143066
0.141535
0.179555
0.209809
0.147126
0.125327
0.16585
0.11878
0.208963
0.208651
0.0765654
0.219573
0.219573
0.0907309
0.188522
0.219573
0.184613
0.157844
0.233671
0.146145
0.217242
0.233671
0.1642
0.162365
0.211105
0.142267
0.140794
0.122273
0.0461761
0.0975073
0.21246
0.0307314
0.0295746
0.074305
0.156247
0.233671
0.233671
0.110761
0.233671
0.233671
0.146092
0.211761
0.233671
0.212817
0.0992592
0.123822
0.0790173
0.183466
0.233671
0.0280454
0.0831704
0.140557
0.109489
0.222119
0.11677
0.0415001
0.135484
0.284529
0.036518
0.0372471
0.0797278
0.145493
0.154327
0.00637265
0.0579853
0.0611948
0.126354
0.071309
0.220942
0.284529
0.284529
0.109773
0.123956
0.108847
0.276107
0.284529
0.0403358
0.0538319
0.110271
0.112243
0.206922
0.0477132
0.132359
0.102325
0.178754
0.215353
0.123352
0.26397
0.284529
0.119327
0.0365027
0.0651021
0.0642802
0.133854
0.086703
0.154311
0.24859
0.24859
0.137585
0.11569
0.180448
0.224848
0.24859
0.156251
0.16578
0.169493
0.128953
0.165949
0.0464783
0.10948
0.0955989
0.117774
0.157453
0.166824
0.211872
0.24859
0.0544322
0.0754334
0.224116
0.229607
0.214357
0.216099
0.24859
0.176328
0.0871434
0.145225
0.153732
0.124892
0.25248
0.257802
0.158901
0.117513
0.093826
0.0871404
0.0531842
0.116557
0.121212
0.19422
0.17145
0.173471
0.168844
0.151863
0.177403
0.225907
0.147624
0.159741
0.257802
0.257802
0.257802
0.144546
0.0918818
0.0621119
0.0646468
0.141419
0.125473
0.141974
0.23352
0.236466
0.167632
0.0928963
0.0669207
0.0656183
0.117475
0.121376
0.212608
0.210159
0.213905
0.207554
0.199175
0.185586
0.0631512
0.213905
0.203033
0.213905
0.202501
0.213905
0.176512
0.109636
0.0669486
0.0685685
0.139266
0.159337
0.163049
0.213905
0.213905
0.178479
0.0791174
0.0639291
0.0586513
0.127851
0.213905
0.157823
0.213905
0.213905
0.152723
0.0992916
0.13704
0.0662818
0.198685
0.195952
0.217279
0.217279
0.216652
0.207424
0.149662
0.0689485
0.131739
0.178001
0.196207
0.217279
0.217279
0.135568
0.151873
0.123465
0.0613659
0.0844097
0.149746
0.217279
0.172571
0.217279
0.217279
0.132973
0.0937771
0.096573
0.0732652
0.14401
0.146023
0.185093
0.217279
0.188363
0.145786
0.155138
0.131627
0.132591
0.151329
0.142855
0.196705
0.182298
0.106935
0.142044
0.179637
0.0769726
0.234763
0.184222
0.0847923
0.212577
0.234763
0.0564213
0.201653
0.234763
0.164855
0.10684
0.151643
0.13458
0.167592
0.234763
0.159551
0.11144
0.125561
0.0902395
0.234763
0.161429
0.129324
0.234763
0.234763
0.102649
0.177519
0.125989
0.105558
0.245725
0.222309
0.0952466
0.245725
0.245725
0.0841203
0.217692
0.245725
0.188757
0.132579
0.102241
0.0705623
0.158278
0.245725
0.0363533
0.0671664
0.110019
0.111496
0.241699
0.178429
0.154989
0.245725
0.245725
0.128924
0.191591
0.144569
0.104929
0.108856
0.0559467
0.0345287
0.13852
0.245725
0.0272321
0.0744444
0.154624
0.121932
0.124307
0.0990121
0.085264
0.234535
0.270004
0.0402508
0.0402064
0.0803557
0.10625
0.244669
0.0680408
0.111486
0.119389
0.172588
0.186701
0.0677282
0.228452
0.270004
0.0616439
0.0483439
0.0266695
0.223196
0.270004
0.0322292
0.0445392
0.113236
0.145696
0.234441
0.101693
0.232494
0.228736
0.188392
0.167598
0.0319796
0.239297
0.270004
0.193122
0.0586535
0.105196
0.109446
0.118058
0.137218
0.103248
0.195908
0.24661
0.0686902
0.0857433
0.189935
0.164012
0.16322
0.199675
0.24661
0.192629
0.103449
0.193582
0.0728928
0.127247
0.130102
0.122918
0.115217
0.0709855
0.218866
0.24661
0.0816223
0.195428
0.176051
0.235909
0.229846
0.190567
0.159707
0.204981
0.192869
0.233141
0.141537
0.123854
0.233141
0.233141
0.176574
0.112561
0.159127
0.0776453
0.0855887
0.156259
0.135951
0.152231
0.19944
0.187789
0.161364
0.105784
0.0628748
0.20988
0.208923
0.108863
0.225526
0.233141
0.144194
0.110965
0.189979
0.156705
0.161177
0.233141
0.118145
0.127965
0.215787
0.121271
0.176899
0.1499
0.111899
0.0993553
0.166031
0.16108
0.175219
0.211505
0.211505
0.181145
0.100971
0.0600372
0.0828779
0.161781
0.172012
0.137372
0.211505
0.211505
0.168986
0.111377
0.120619
0.176037
0.21049
0.102988
0.112193
0.211505
0.162224
0.211505
0.211505
0.172915
0.12202
0.162026
0.157161
0.130815
0.191575
0.168061
0.1496
0.205586
0.204693
0.113276
0.179893
0.189625
0.164141
0.225197
0.225197
0.151117
0.11688
0.0967459
0.0707355
0.157656
0.153915
0.199835
0.225197
0.18166
0.166854
0.182126
0.125036
0.157583
0.117743
0.141087
0.0937309
0.225197
0.172209
0.166165
0.225197
0.212717
0.0662957
0.127995
0.15825
0.175692
0.225197
0.225197
0.140687
0.12625
0.0748734
0.0920546
0.142905
0.14075
0.162933
0.25037
0.121897
0.110848
0.148789
0.0891019
0.254675
0.16543
0.155581
0.234038
0.254675
0.0795576
0.182906
0.133142
0.109611
0.0807077
0.122045
0.125796
0.120794
0.254675
0.145938
0.141769
0.142547
0.0662983
0.254675
0.254675
0.0963676
0.254675
0.254675
0.0726372
0.165106
0.0992563
0.0730766
0.238011
0.186361
0.184009
0.252813
0.252813
0.0893241
0.190365
0.166165
0.123484
0.122838
0.0505399
0.0355815
0.139953
0.252813
0.0260231
0.0497267
0.137722
0.167774
0.252813
0.252813
0.13072
0.252813
0.252813
0.0724375
0.224963
0.137093
0.102969
0.100167
0.100687
0.0173103
0.145463
0.252813
0.0737203
0.0640808
0.134459
0.12655
0.0729448
0.0447907
0.0246608
0.22232
0.280054
0.0310171
0.0302
0.103078
0.178372
0.27084
0.135882
0.199178
0.216128
0.193648
0.107053
0.030364
0.24649
0.280054
0.0745198
0.0704164
0.0155443
0.150032
0.215843
0.0636091
0.0763652
0.135674
0.183656
0.175584
0.0191473
0.0849888
0.171815
0.180989
0.171632
0.154079
0.280054
0.280054
0.216888
0.0910787
0.104708
0.132093
0.145148
0.0872367
0.0571816
0.217848
0.249225
0.0902354
0.18644
0.150524
0.233733
0.230223
0.16445
0.145744
0.217388
0.211856
0.136459
0.0211213
0.0646485
0.0935429
0.133684
0.116895
0.122828
0.249225
0.249225
0.0833604
0.183152
0.223262
0.171204
0.242403
0.230189
0.120817
0.0907788
0.0635155
0.203463
0.191019
0.0914531
0.225641
0.225641
0.0855546
0.104754
0.225641
0.179315
0.17974
0.225641
0.102531
0.144096
0.206035
0.125227
0.162666
0.160764
0.107895
0.225641
0.144001
0.0599239
0.203099
0.225641
0.0771795
0.0866731
0.225641
0.189105
0.0562418
0.21379
0.130813
0.204979
0.20445
0.0943368
0.159928
0.11549
0.0939443
0.20027
0.205279
0.0947184
0.12542
0.205279
0.160498
0.205279
0.205279
0.158009
0.143975
0.149728
0.0939284
0.115706
0.205279
0.173498
0.171904
0.178639
0.175904
0.07106
0.165443
0.140931
0.177621
0.199837
0.101519
0.205279
0.182447
0.129959
0.162123
0.205279
0.205279
0.172322
0.173423
0.135393
0.140501
0.150562
0.168642
0.17501
0.117479
0.109622
0.0873484
0.215904
0.159302
0.194026
0.215904
0.20125
0.0847999
0.130712
0.157253
0.169877
0.215904
0.197497
0.123712
0.121295
0.108891
0.143448
0.179318
0.215581
0.147242
0.159149
0.135009
0.182513
0.215904
0.215904
0.0946191
0.0966781
0.114401
0.211687
0.215904
0.186989
0.194279
0.141837
0.164891
0.0860609
0.120535
0.142477
0.120726
0.23949
0.117016
0.119486
0.139782
0.11701
0.284229
0.284229
0.107498
0.284229
0.284229
0.0620191
0.127627
0.100109
0.0878033
0.0627405
0.0622585
0.112725
0.163676
0.231094
0.156548
0.147787
0.163617
0.160889
0.191813
0.170934
0.0757761
0.284229
0.284229
0.0873023
0.0911288
0.0370611
0.0415466
0.270348
0.270348
0.160721
0.270348
0.270348
0.0642278
0.188935
0.156981
0.141032
0.11367
0.0941216
0.0328563
0.182143
0.270348
0.0572659
0.0483042
0.14142
0.149613
0.208732
0.199226
0.138507
0.270348
0.270348
0.127518
0.12277
0.0739915
0.0569534
0.0796169
0.0857888
0.0293029
0.177476
0.270348
0.0369446
0.0493306
0.0827255
0.0434175
0.0916023
0.0677015
0.033648
0.180934
0.223389
0.052114
0.0625814
0.147707
0.2165
0.232522
0.0284354
0.110286
0.198718
0.239949
0.200957
0.142389
0.292419
0.292419
0.0976982
0.0714981
0.0312425
0.0666771
0.0827581
0.0368031
0.0653885
0.13086
0.207883
0.19633
0.0361291
0.090593
0.0291493
0.204065
0.235233
0.21614
0.247274
0.292419
0.195027
0.0318514
0.0733846
0.110972
0.175769
0.135113
0.112345
0.245841
0.268497
0.0648488
0.199972
0.268497
0.212254
0.268497
0.268497
0.140602
0.111842
0.0543497
0.173739
0.0368089
0.0513216
0.0234122
0.125237
0.121643
0.148258
0.21099
0.268497
0.0588786
0.0943807
0.210803
0.0771013
0.133946
0.121638
0.187836
0.249851
0.105862
0.230035
0.130367
0.0480114
0.224166
0.230035
0.0766806
0.0883323
0.230035
0.198654
0.0885212
0.175804
0.110395
0.202623
0.196735
0.127746
0.143603
0.116244
0.105331
0.230035
0.230035
0.07692
0.207229
0.230035
0.138127
0.107084
0.162025
0.104251
0.219692
0.168303
0.0851952
0.171572
0.227046
0.0997458
0.14585
0.158721
0.172601
0.100046
0.146594
0.14115
0.171047
0.186738
0.129662
0.180952
0.185482
0.134801
0.162505
0.211562
0.175958
0.175456
0.209477
0.147464
0.158087
0.158864
0.132197
0.144985
0.107299
0.0486504
0.169335
0.211562
0.126417
0.199758
0.211562
0.211562
0.144503
0.211562
0.125879
0.197954
0.190109
0.0656287
0.182077
0.211562
0.152674
0.13345
0.188373
0.184832
0.144994
0.162511
0.129373
0.195785
0.208759
0.186014
0.144085
0.137134
0.0933298
0.163291
0.208759
0.187745
0.164715
0.122753
0.188374
0.0939012
0.208759
0.115965
0.18298
0.162
0.100833
0.208759
0.208759
0.153135
0.128654
0.208759
0.157078
0.153011
0.177276
0.170396
0.208759
0.137634
0.151177
0.102361
0.0958499
0.105222
0.142629
0.172118
0.161378
0.14209
0.15215
0.206611
0.200829
0.122042
0.0924431
0.327381
0.327381
0.0869714
0.0845335
0.0469229
0.0498723
0.111694
0.173636
0.158208
0.134615
0.163299
0.170639
0.173082
0.138377
0.151916
0.141699
0.135539
0.0703833
0.327381
0.327381
0.154063
0.0868549
0.03337
0.0761568
0.203773
0.154738
0.171366
0.303853
0.303853
0.13264
0.122096
0.0947259
0.0786895
0.0835544
0.0703461
0.0518386
0.200333
0.303853
0.0413193
0.0456669
0.0786896
0.0442144
0.158951
0.160789
0.150337
0.303853
0.303853
0.249511
0.123271
0.0640536
0.132767
0.0777419
0.0718399
0.0727884
0.133097
0.303853
0.0391125
0.0570034
0.095869
0.125542
0.0873752
0.0607002
0.055481
0.0765974
0.0852075
0.0397801
0.0558415
0.120441
0.208002
0.246941
0.0440702
0.101566
0.0320549
0.169849
0.264661
0.229077
0.229215
0.299333
0.116418
0.0591078
0.0921518
0.0328536
0.0438264
0.0420591
0.0638341
0.102192
0.298891
0.299333
0.144106
0.0663606
0.0799524
0.106177
0.082645
0.299333
0.299333
0.299333
0.211922
0.0416729
0.0557986
0.0308017
0.111289
0.129028
0.141775
0.199616
0.273006
0.0418379
0.103323
0.249793
0.120006
0.182806
0.144315
0.172045
0.244636
0.130224
0.273006
0.158288
0.0856468
0.0911405
0.121739
0.0622095
0.136161
0.196013
0.273006
0.0703848
0.168125
0.144725
0.135767
0.188623
0.145059
0.182926
0.257166
0.204149
0.25185
0.213097
0.0654328
0.175311
0.25477
0.11913
0.0817966
0.120835
0.101523
0.171653
0.120706
0.0616684
0.114133
0.157799
0.107151
0.12076
0.121364
0.142767
0.121486
0.202802
0.157859
0.252825
0.25477
0.143872
0.25477
0.25477
0.12267
0.0557501
0.0585831
0.172568
0.198627
0.25477
0.175929
0.123518
0.10628
0.158513
0.148728
0.101419
0.0560583
0.133606
0.187101
0.160875
0.177612
0.221514
0.221514
0.172255
0.221514
0.110661
0.172343
0.15779
0.0919981
0.190915
0.221514
0.151365
0.0971523
0.112784
0.221514
0.221514
0.221514
0.221514
0.154629
0.112956
0.190951
0.152273
0.155039
0.0890594
0.157078
0.176917
0.184114
0.129245
0.13538
0.148085
0.125428
0.218972
0.124365
0.180909
0.154143
0.119572
0.218972
0.218972
0.152279
0.163747
0.218972
0.149855
0.156526
0.145221
0.218972
0.218972
0.141535
0.140559
0.166833
0.207126
0.11678
0.168923
0.173814
0.218972
0.126968
0.149436
0.15265
0.15879
0.15566
0.115725
0.135461
0.137986
0.161414
0.11083
0.114677
0.218972
0.114736
0.197589
0.157687
0.128548
0.144723
0.193523
0.208855
0.124532
0.118137
0.175864
0.145195
0.105352
0.295207
0.295207
0.156798
0.109415
0.0405238
0.0708314
0.128955
0.173988
0.138425
0.0969697
0.118426
0.133108
0.0797169
0.0849731
0.174424
0.295207
0.295207
0.170014
0.209711
0.295207
0.0484702
0.0627903
0.0389824
0.0310112
0.166905
0.174397
0.21095
0.284479
0.284479
0.24277
0.140032
0.0765659
0.120662
0.0899657
0.0741251
0.071666
0.12454
0.284479
0.0481969
0.0612555
0.108524
0.119827
0.284479
0.284479
0.267438
0.215851
0.284479
0.0800205
0.085282
0.0551388
0.0297375
0.137206
0.127501
0.0734117
0.0873192
0.206182
0.0525333
0.050621
0.0822634
0.0884968
0.0967796
0.0545073
0.0867418
0.0310529
0.0473987
0.0431055
0.0640875
0.114656
0.271339
0.271397
0.140514
0.197271
0.172417
0.0921406
0.0836693
0.271397
0.271397
0.271397
0.0887014
0.0898189
0.0555932
0.0636738
0.108308
0.0560864
0.0684253
0.109236
0.136063
0.106024
0.115865
0.271397
0.271397
0.271397
0.0391494
0.271397
0.190402
0.235643
0.195764
0.11546
0.116709
0.107684
0.109903
0.0496147
0.107714
0.157988
0.240637
0.0564664
0.117822
0.0999859
0.146749
0.240637
0.128593
0.125657
0.240637
0.205798
0.0861342
0.0611454
0.176722
0.240637
0.240637
0.0542401
0.182454
0.125051
0.195502
0.240637
0.131839
0.0567239
0.0759227
0.240077
0.105403
0.240637
0.240637
0.240637
0.0990353
0.190972
0.154874
0.185922
0.261969
0.126506
0.261969
0.24281
0.105912
0.0363641
0.0469037
0.13307
0.149101
0.191613
0.140821
0.13313
0.101841
0.133321
0.0323821
0.0937245
0.138416
0.261969
0.261969
0.0155866
0.261969
0.261969
0.089742
0.0616442
0.0816756
0.0990271
0.180664
0.147557
0.0818118
0.237579
0.261969
0.0872001
0.0896331
0.117235
0.244705
0.24892
0.24892
0.244352
0.177688
0.108244
0.190487
0.172944
0.178381
0.0978672
0.138096
0.173788
0.191647
0.135695
0.106797
0.131344
0.101529
0.111867
0.146368
0.210378
0.232053
0.161938
0.24892
0.24892
0.175808
0.117378
0.135468
0.0715224
0.10004
0.220681
0.0539011
0.0801603
0.0849905
0.121832
0.182161
0.241077
0.150077
0.156131
0.179865
0.226873
0.141493
0.121229
0.135757
0.136936
0.165068
0.112545
0.15141
0.144049
0.180134
0.16075
0.120806
0.235402
0.0894241
0.116867
0.0746983
0.077171
0.239802
0.102438
0.145813
0.155943
0.190752
0.100414
0.24945
0.255722
0.255722
0.255722
0.170029
0.0671707
0.0630093
0.0718091
0.0904718
0.159519
0.132492
0.101125
0.118646
0.136298
0.104752
0.0814676
0.137416
0.261846
0.261846
0.155253
0.204125
0.261846
0.0513848
0.073599
0.0372049
0.0310185
0.0561044
0.166843
0.261846
0.240155
0.250251
0.150592
0.080047
0.0658173
0.0681013
0.174033
0.186343
0.261846
0.261846
0.261846
0.0556012
0.0314558
0.0493313
0.229036
0.287455
0.287455
0.264567
0.226865
0.287455
0.0891923
0.100637
0.0554635
0.0304915
0.143761
0.125552
0.0501816
0.0836622
0.19259
0.0515334
0.063168
0.0981564
0.101361
0.195559
0.262229
0.287455
0.287455
0.287455
0.107978
0.0651263
0.058419
0.228138
0.0901264
0.0935032
0.0397205
0.051459
0.0774272
0.0436604
0.0883441
0.11719
0.148903
0.0979168
0.102832
0.0547365
0.0806587
0.117107
0.062105
0.0888132
0.148723
0.162973
0.132248
0.164725
0.270972
0.270972
0.270972
0.0852204
0.270972
0.270972
0.270972
0.0971152
0.113382
0.041331
0.0509049
0.108917
0.0412737
0.075555
0.117124
0.11048
0.139369
0.0692709
0.122303
0.175782
0.270972
0.115387
0.168221
0.270972
0.270972
0.091605
0.0775222
0.253616
0.259546
0.259546
0.0661943
0.162105
0.162165
0.204009
0.254564
0.108092
0.0834382
0.110142
0.259546
0.123364
0.259546
0.259546
0.259546
0.0935089
0.0486444
0.0718024
0.0869843
0.161808
0.0582109
0.0612951
0.138961
0.199419
0.259546
0.134292
0.0832992
0.0881012
0.134759
0.0202363
0.0223388
0.0703308
0.259546
0.0304339
0.0936759
0.141399
0.279698
0.279698
0.0219148
0.279698
0.279698
0.089471
0.0608738
0.0701055
0.0765695
0.150624
0.125748
0.105498
0.270246
0.279698
0.10679
0.0459587
0.146385
0.10847
0.279698
0.279698
0.0106942
0.0214923
0.0544239
0.0122615
0.0193057
0.0785425
0.0922046
0.0425191
0.065733
0.16425
0.279698
0.279698
0.148479
0.0777141
0.080759
0.0907535
0.138424
0.141856
0.155283
0.309712
0.309712
0.1355
0.066272
0.100227
0.101822
0.0824119
0.14292
0.0729196
0.0758093
0.0515199
0.0660967
0.0199542
0.103039
0.274609
0.119961
0.0817085
0.13726
0.309712
0.309712
0.178791
0.0234047
0.0962378
0.309712
0.309712
0.204723
0.11026
0.10453
0.125071
0.0553269
0.0496113
0.0881984
0.146337
0.0876397
0.160743
0.101507
0.117635
0.0932387
0.110164
0.0692575
0.190021
0.329742
0.279468
0.223788
0.13459
0.058754
0.0358775
0.0434548
0.0189122
0.10088
0.329742
0.329742
0.23368
0.0805039
0.0723353
0.095218
0.0736031
0.00352046
0.039902
0.329742
0.320302
0.110144
0.120995
0.195432
0.0223355
0.0103357
0.0492924
0.155624
0.260215
0.260215
0.212241
0.152504
0.0779291
0.0441954
0.0639661
0.182383
0.209579
0.260215
0.260215
0.259885
0.0696342
0.0528442
0.0678619
0.210502
0.00075739
0.027485
0.260215
0.260215
0.100861
0.110583
0.183095
0.0454734
0.0125704
0.0688799
0.0619432
0.08032
0.110636
0.105156
0.214917
0.260215
0.23684
0.134696
0.21948
0.292135
0.292135
0.292135
0.292135
0.142114
0.101414
0.0811873
0.239024
0.08837
0.101565
0.0448387
0.0704232
0.0920994
0.0496566
0.107038
0.133941
0.152964
0.0810193
0.090828
0.123913
0.157002
0.15054
0.292135
0.292135
0.292135
0.142743
0.0808756
0.120887
0.0908971
0.0963341
0.136723
0.07128
0.0607082
0.0599089
0.0615073
0.119875
0.156345
0.0806761
0.106916
0.1807
0.0725084
0.130353
0.171893
0.149386
0.220178
0.0962081
0.188099
0.25106
0.25106
0.237722
0.238948
0.25106
0.25106
0.13469
0.223977
0.165734
0.161636
0.244813
0.0662995
0.071137
0.0471668
0.0655065
0.157466
0.156575
0.0673045
0.104452
0.205195
0.0278491
0.029618
0.0910324
0.25106
0.141681
0.0714496
0.117067
0.139118
0.271463
0.11288
0.0904444
0.246085
0.28838
0.300491
0.17504
0.145494
0.145814
0.23633
0.0248158
0.0202926
0.105088
0.300491
0.136372
0.0964597
0.032112
0.057275
0.118713
0.0170478
0.0157339
0.0492699
0.21776
0.277047
0.0925819
0.0776822
0.0858525
0.1859
0.0834071
0.105114
0.208719
0.300491
0.0691462
0.211812
0.133708
0.298938
0.298938
0.0401041
0.0263776
0.0488321
0.0145439
0.0497329
0.128268
0.108691
0.065112
0.0861389
0.224417
0.298938
0.298938
0.189019
0.274975
0.226813
0.0713802
0.298938
0.298938
0.0574249
0.0305719
0
0
0.101236
0.298938
0.0854606
0.042351
0.0910257
0.0277265
0.032113
0.08537
0.0208418
0.0445188
0.138585
0.226981
0.111412
0.0833462
0.201739
0.322209
0.322209
0.216176
0.0215434
0.116082
0.322209
0.322209
0.205039
0.167011
0.146814
0.120777
0.0492755
0.089523
0.322209
0.145827
0.0570938
0.0723948
0.022999
0.0242517
0.0655657
0.0209797
0.0207065
0.111737
0.122652
0.0980036
0.102215
0.173137
0.136699
0.177247
0.0850991
0.0153122
0.106477
0.33304
0.33304
0.221357
0.129154
0.105666
0.101038
0.0729201
0.0080141
0.042055
0.33304
0.33304
0.115912
0.135313
0.217825
0.0696359
0.0125705
0.0192547
0.132561
0.188948
0.133743
0.126551
0.176319
0.14466
0.160038
0.074544
0.0577636
0.0529394
0.0335145
0.0598453
0.116406
0.103036
0.33304
0.205898
0.0854971
0.00362215
0.0287775
0.261575
0.261575
0.104827
0.105315
0.183955
0.0697592
0.0208243
0.0818482
0.0604512
0.0402401
0.0814812
0.13907
0.209725
0.261575
0.244993
0.180177
0.0345221
0.0628967
0.0482647
0.0493074
0.12569
0.101222
0.261575
0.212579
0.0853857
0.185538
0.261575
0.0414172
0.161649
0.261575
0.195852
0.226946
0.209762
0.261575
0.0815877
0.079133
0.0597647
0.086054
0.158826
0.228901
0.251572
0.251572
0.16897
0.0675567
0.105638
0.0977577
0.0893942
0.127925
0.0767816
0.0615985
0.0553265
0.058204
0.182919
0.251572
0.101833
0.173969
0.251572
0.211174
0.251572
0.251572
0.251572
0.171238
0.182817
0.137425
0.232446
0.238537
0.187153
0.0696669
0.063288
0.0774887
0.130524
0.215965
0.200662
0.172995
0.234059
0.0915041
0.0894902
0.046912
0.0594989
0.188617
0.14274
0.0558538
0.100849
0.206913
0.0388598
0.0401234
0.0969681
0.229096
0.234059
0.234059
0.234059
0.234059
0.234059
0.210951
0.17593
0.0937664
0.0712446
0.234059
0.179242
0.106699
0.150167
0.234059
0.0571249
0.113147
0.0494662
0.234059
0.18341
0.102821
0.028286
0.0704326
0.144116
0.0307583
0.0287043
0.0539555
0.252325
0.267501
0.0694565
0.0745424
0.109829
0.216482
0.110646
0.146873
0.228053
0.267501
0.26476
0.131551
0.088502
0.0910343
0.211492
0.0202709
0.123617
0.0481768
0.267501
0.245259
0.0551084
0.130656
0.15083
0.145374
0.0493231
0.267501
0.234852
0.267501
0.274845
0.274845
0.0886572
0.274845
0.274845
0.0835686
0.0427828
0
0
0.141394
0.274845
0.0991744
0.0819892
0.146769
0
0
0
0
0.242682
0.274845
0.107474
0.239031
0.274845
0.0128479
0.274845
0.249145
0.0526297
0.135673
0.155255
0.0419968
0.0868723
0.274845
0.00932942
0.0296051
0.00210712
0
0.230248
0.272786
0.188624
0.113146
0.21779
0.0176864
0.00646798
0.0100023
0.0121455
0.0522173
0.183755
0.0636251
0.101519
0.193918
0.272786
0.272786
0.26461
0.131724
0.215329
0.235241
0.0809823
0.172884
0.272786
0.0114615
0.114738
0.0135704
0.0187699
0.131514
0.0952483
0.0412653
0.0719519
0.145643
0.104524
0.115737
0.272786
0.268186
0.0517947
0.196623
0.0821888
0.105951
0.204945
0.265215
0.265215
0.244169
0.131489
0.138222
0.110882
0.0654097
0.108151
0.198425
0.217561
0.265215
0.265215
0.153281
0.182607
0.132869
0.0493551
0.055521
0.127992
0.093843
0.116732
0.265215
0.265215
0.197233
0.0876347
0.0449771
0.0401997
0.0778527
0.041621
0.0522431
0.125473
0.265215
0.0559873
0.0777571
0.0574979
0.0527999
0.134707
0.123701
0.266599
0.247162
0.118957
0.266599
0.266599
0.0515795
0.170273
0.266599
0.22629
0.234774
0.206377
0.266599
0.161693
0.0572779
0.0225209
0.0202384
0.045467
0.0173254
0.0296115
0.0647542
0.241288
0.266599
0.158831
0.0153646
0.1215
0.235689
0.00567482
0.0256976
0.0739873
0.266599
0.260881
0.261687
0.102894
0.143546
0.261687
0.191536
0.261687
0.261687
0.261687
0.18493
0.180407
0.153587
0.200023
0.223317
0.162353
0.0663224
0.0642093
0.078522
0.261687
0.119656
0.0250104
0.0986474
0.168778
0.0113637
0.0273839
0.0823463
0.261687
0.173389
0.106548
0.0702449
0.100737
0.188504
0.0939397
0.0264723
0.0172394
0.0276823
0.24272
0.24272
0.24272
0.24272
0.24272
0.158698
0.138052
0.100741
0.0756194
0.24272
0.165503
0.0752837
0.144905
0.24272
0.0473059
0.086971
0.0551442
0.24272
0.202258
0.112272
0.110255
0.166601
0.24272
0.108252
0.0596548
0.0499478
0.0954935
0.24272
0.111198
0.0264053
0.173899
0.24272
0.0279896
0.0195782
0.0353317
0.24272
0.264975
0.128411
0.060852
0.102594
0.205834
0.0194909
0.0983794
0.0575727
0.264975
0.238175
0.0506511
0.122422
0.145765
0.156317
0.0579965
0.264975
0.236694
0.264975
0.225117
0.0441991
0.0121946
0.127936
0.264975
0.00456627
0.0367976
0.0682554
0.264975
0.201065
0.0733078
0.0548489
0.0558406
0.128199
0.103628
0.201919
0.218297
0.264975
0.190652
0.284893
0.0999921
0.256385
0.284893
0.00868099
0.210418
0.214082
0.038034
0.0999566
0.139145
0.047253
0.0717357
0.238261
0.00584976
0.0216395
0.00345646
0.00047312
0.0814105
0.0768834
0.0227561
0.284893
0.284893
0.0262507
0.284893
0.284893
0.220976
0.205117
0.134546
0.0397818
0.0941208
0.265398
0.0147625
0.0637577
0.0785477
0.0347931
0.216981
0.29825
0.114075
0.196231
0.29825
0.0107215
0.0818403
0.00907654
0.0223259
0.132648
0.0907728
0.0508571
0.081422
0.120461
0.141269
0.179206
0.28406
0.265004
0.29825
0.29825
0.106599
0.270381
0.29825
0.0382392
0.0820099
0.00339214
0.00219112
0.101435
0.0998837
0.0674281
0.0465323
0.0854887
0.0467115
0.0862541
0.164483
0.181802
0.25244
0.197852
0.0793995
0.0904898
0.166312
0.174208
0.250245
0.25244
0.25244
0.25244
0.157712
0.0739953
0.0602969
0.101983
0.0808096
0.0888936
0.154607
0.25244
0.214585
0.174316
0.126582
0.066216
0.111347
0.0490674
0.0906778
0.2133
0.25244
0.251366
0.0930324
0.0236911
0.0191904
0.0595795
0.0338305
0.070013
0.221806
0.25244
0.217665
0.0891379
0.032386
0.0256141
0.0540463
0.0237433
0.0337286
0.0535239
0.300812
0.300812
0.229234
0.0258659
0.141641
0.275787
0.00651164
0.0302891
0.0832644
0.300812
0.196503
0.0464944
0.00745295
0.0107286
0.0365735
0.00737502
0.0151874
0.0811494
0.300812
0.300812
0.0421542
0.0193137
0.298204
0.300812
0.00107394
0.028981
0.0614006
0.300812
0.32903
0.176827
0.0349123
0.115069
0.206709
0.00926844
0.0247398
0.0844142
0.32903
0.234784
0.175536
0.113592
0.116007
0.242812
0.110528
0.038003
0.0311719
0.0403449
0.32903
0.0653372
0.0376512
0.227945
0.32903
0.00832137
0.0229636
0.0547389
0.32903
0.0610607
0.162332
0.123996
0.149017
0.202602
0.0482573
0.0482672
0.0155374
0.00745708
0.246338
0.161317
0.135349
0.182011
0.260069
0.113052
0.064424
0.0897836
0.12137
0.260069
0.136009
0.0351936
0.228879
0.260069
0.0307983
0.0155219
0.0691318
0.260069
0.0920123
0.246681
0.194423
0.178721
0.205925
0.0781386
0.0698924
0.0362605
0.0439325
0.260069
0.260069
0.0443415
0.155071
0.260069
0.020214
0.0250707
0.0282856
0.216864
0.227876
0.0385774
0.00270681
0.133502
0.261612
0.00297786
0.0245535
0.0910669
0.261612
0.206132
0.0819699
0.0728291
0.0675915
0.144543
0.101436
0.177511
0.236415
0.261612
0.223472
0.102632
0.00956626
0.0876479
0.236705
0.00973225
0.0253541
0.0605781
0.261612
0.261612
0.227335
0.113701
0.170992
0.207778
0.0818295
0.167152
0.176635
0.261612
0.0702794
0.0495513
0.0314157
0.304675
0.304675
0.0235902
0.304675
0.304675
0.20405
0.172202
0.141853
0.0462471
0.0870365
0.248027
0.0234785
0.0862585
0.0740125
0.0433544
0.040953
0.0233724
0.0137133
0.304675
0.304675
0.00932146
0.0988247
0.184142
0.159643
0.0687558
0.0434818
0.0119957
0.0299928
0.141527
0.0397081
0.1863
0.304675
0.166278
0.286405
0.286405
0.096704
0.216743
0.286405
0.0460417
0.143828
0.0370867
0.0399639
0.0974663
0.104317
0.041238
0.0335788
0.0613967
0.0529103
0.0921089
0.131525
0.135701
0.266323
0.164776
0.0267321
0.0857877
0.286405
0.0800567
0.286405
0.286405
0.286405
0.259236
0.227411
0.0318649
0.073835
0.140424
0.0195902
0.0311074
0.0950623
0.0408142
0.27416
0.237699
0.0895953
0.0661159
0.114708
0.0632246
0.121805
0.217013
0.260052
0.256139
0.0840767
0.0281373
0.030025
0.0960904
0.0438081
0.0738617
0.235861
0.27416
0.27416
0.27416
0.0588925
0.148434
0.259927
0.0116126
0.0145401
0.164106
0.106852
0.128753
0.057421
0.0625822
0.140251
0.105112
0.0087811
0.0303601
0.273303
0.27416
0.240006
0.0493544
0.00891802
0.0186679
0.0680775
0.0106962
0.0182866
0.106005
0.306095
0.306095
0.0625081
0.0253609
0.306095
0.306095
0.00186407
0.0457898
0.104898
0.306095
0.12462
0.0213423
0.0214711
0.0465881
0.0303844
0.002451
0.0128305
0.19013
0.306095
0.306095
0.153329
0.0523114
0.128524
0.191628
0.0295429
0.0439002
0.133644
0.306095
0.329945
0.0831282
0.0421451
0.266729
0.329945
0.00761937
0.0359824
0.0960316
0.329945
0.0653774
0.230744
0.151615
0.172215
0.225592
0.0596341
0.0697716
0.0318599
0.015567
0.329945
0.131113
0.0516446
0.101427
0.151712
0.0318494
0.0401415
0.146662
0.329945
0.143822
0.196329
0.0945723
0.120044
0.170519
0.0345533
0.0354392
0.0512952
0.0223524
0.105616
0.258243
0.220135
0.2056
0.245973
0.0853871
0.0830578
0.0546281
0.0583559
0.258243
0.258243
0.0624865
0.188081
0.258243
0.0241382
0.030446
0.0435149
0.254779
0.192862
0.258243
0.134461
0.156627
0.229388
0.0614291
0.054904
0.0653185
0.0385992
0.258243
0.258243
0.0198181
0.0945135
0.258243
0.0269314
0.0403088
0.043399
0.131879
0.209944
0.0805132
0.0104815
0.0824635
0.235409
0.00769629
0.0195031
0.071447
0.249433
0.242527
0.202675
0.116928
0.159152
0.203108
0.0802432
0.134876
0.202698
0.249433
0.249433
0.094415
0.00826565
0.0464646
0.131394
0.0205647
0.0650706
0.115639
0.249433
0.177282
0.0874821
0.0835719
0.249433
0.249433
0.152946
0.148574
0.249433
0.249433
