0.00581703
0.0176074
0.156181
0.278306
0.309328
0.309328
0.16719
0.0212554
0.0107224
0.036286
0.02795
0.126771
0.260078
0.309328
0.309328
0.235239
0.0287344
0.0386668
0.0270529
0.0851768
0.133833
0.188099
0.209432
0.0575246
0.113463
0.122786
0.0783538
0.0194135
0.0356546
0.22356
0.272931
0.229211
0.092584
0.0666193
0.0884567
0.0325084
0.0360315
0.0404988
0.129855
0.234691
0.284502
0.284502
0.263044
0.0491195
0.0472109
0.0226483
0.0271305
0.105278
0.148436
0.284502
0.284502
0.284502
0.0857153
0.0586207
0.0159797
0.0196188
0.177871
0.269272
0.238241
0.0889999
0.0614488
0.0914701
0.0345258
0.00169984
0.0111204
0.134388
0.234256
0.284502
0.187163
0.168721
0.0334616
0.00266795
0.0272554
0.0841523
0.116566
0.14906
0.260774
0.260774
0.260774
0.0670185
0.0497046
0.0479809
0.21416
0.158821
0.201316
0.260774
0.260774
0.226219
0.0864924
0.0395554
0.000772827
0.0171602
0.153262
0.260774
0.260774
0.140558
0.11719
0.0204349
0.0022405
0.00347444
0.0265088
0.189997
0.260774
0.260774
0.245102
0.0917758
0.00885077
0.0124017
0.0448488
0.249594
0.177278
0.204784
0.249594
0.249594
0.235405
0.0809835
0.0504855
0.0723431
0.0987953
0.0953433
0.221388
0.249594
0.249594
0.0880272
0.183749
0.108694
0.00240149
0.0300745
0.202241
0.249594
0.249594
0.229336
0.0783911
0.00633515
0.0112555
0.0169885
0.00250343
0.0851743
0.249594
0.249594
0.249594
0.0336594
0.0293246
0.0210518
0.0338753
0.113072
0.137546
0.213661
0.233746
0.233746
0.120118
0.133461
0.109639
0.086401
0.186822
0.210495
0.162772
0.233746
0.233746
0.229279
0.233746
0.233746
0.00877146
0.011007
0.0874692
0.233746
0.233746
0.233746
0.0483475
0.0218295
0.0134057
0.0312413
0.035783
0.117145
0.233746
0.233746
0.214798
0.14961
0.0709662
0.100526
0.104054
0.197347
0.226427
0.188167
0.228885
0.247539
0.247539
0.204236
0.244042
0.0979471
0.1021
0.081388
0.114675
0.179502
0.108131
0.160008
0.247539
0.173772
0.0441313
0.0490231
0.135144
0.247539
0.247539
0.200825
0.14972
0.0552699
0.0686329
0.035631
0.0154546
0.0375204
0.123877
0.247539
0.247539
0.154399
0.0487382
0.0621162
0.171425
0.193133
0.103535
0.149637
0.208781
0.161576
0.170751
0.280532
0.165788
0.0580081
0.275192
0.0901031
0.100993
0.167353
0.0891849
0.0909728
0.159678
0.140327
0.0728367
0.0526277
0.0626968
0.180564
0.305969
0.305969
0.166711
0.0441018
0.0520373
0.0417273
0.0740813
0.0274635
0.0994184
0.305969
0.305969
0.167026
0.0698262
0.0785014
0.0763508
0.191677
0.267345
0.274965
0.274965
0.126699
0.221275
0.242846
0.165348
0.0476707
0.0830229
0.274965
0.274965
0.274965
0.181208
0.119076
0.161232
0.0762281
0.0890756
0.0580464
0.0757961
0.0818993
0.0883841
0.0357319
0.0829933
0.1361
0.217736
0.16228
0.147216
0.190133
0.0848401
0.0970379
0.0339237
0.081005
0.165302
0.164731
0.0367104
0.0387178
0.289033
0.289033
0.289033
0.153787
0.096386
0.142337
0.0758992
0.0334268
0.0751255
0.289033
0.289033
0.289033
0.218778
0.216937
0.061356
0.0231628
0.0932955
0.0832052
0.114628
0.0899918
0.101833
0.0466715
0.100399
0.155589
0.147986
0.132163
0.272112
0.156476
0.141141
0.240467
0.0679275
0.101162
0.105646
0.0749168
0.0204798
0.050524
0.276139
0.289187
0.289187
0.142705
0.115837
0.0543803
0.0418796
0.0123101
0.0557659
0.289187
0.289187
0.289187
0.289187
0.099387
0.0433629
0.0389733
0.0886208
0.154963
0.106291
0.0971558
0.137449
0.0724644
0.0983088
0.119679
0.19522
0.0873788
0.123407
0.140441
0.223561
0.26889
0.142978
0.087485
0.0726627
0.163944
0.0063728
0.0409348
0.258368
0.318026
0.318026
0.294592
0.058223
0.0446014
0.0444314
0.00338899
0.00532403
0.130385
0.318026
0.318026
0.318026
0.0482561
0.00782308
0.0101877
0.0712957
0.0531089
0.0973275
0.162517
0.170099
0.134117
0.0794318
0.105249
0.244436
0.0352321
0.0785758
0.173546
0.18525
0.17866
0.0968503
0.0694485
0.081239
0.140495
0.00121846
0.00415023
0.109444
0.30099
0.30099
0.30099
0.0905793
0.00779704
0.00526949
0.0645411
0.0572914
0.151883
0.30099
0.30099
0.30099
0.296519
0.045963
0.200724
0.0364323
0.0803394
0.120992
0.160641
0.123099
0.0911491
0.0648429
0.101756
0.126983
0.0754981
0.046776
0.108478
0.30099
0.192861
0.0771826
0.0776767
0.0857578
0.0783268
0.0658538
0.0600532
0.151491
0.288565
0.288565
0.288565
0.267594
0.0317971
0.119346
0.04882
0.00955601
0.0328176
0.215782
0.288565
0.288565
0.23423
0.0397686
0.0596895
0.0602431
0.0724766
0.110754
0.288565
0.171969
0.0823884
0.0509212
0.0684545
0.0610416
0.0110312
0.0427613
0.185391
0.279534
0.288565
0.0536803
0.0380981
0.0423607
0.0116523
0.0720083
0.0369322
0.0446935
0.247242
0.302605
0.302605
0.198771
0.0353087
0.0372348
0.0484375
0.0707639
0.0513954
0.165891
0.302605
0.302605
0.135239
0.057707
0.100178
0.00212666
0.0452079
0.17069
0.302605
0.291616
0.0729785
0.032779
0.0276066
0.00717256
0
0.00329107
0.157259
0.302605
0.291128
0.186706
0.0412052
0.0101209
0.000108153
0.187838
0.115584
0.1175
0.128757
0.178466
0.0783589
0.132661
0.196359
0.245274
0.245274
0.245274
0.245274
0.144577
0.208532
0.0447211
0.125209
0.245274
0.245274
0.245274
0.19956
0.0533345
0.0671721
0.139533
0.0259799
0.0420391
0.149168
0.245274
0.245274
0.202378
0.122346
0.0811808
0.0965577
0.0262952
0.0590506
0.149389
0.116827
0.179067
0.151609
0.217337
0.142793
0.188625
0.0603513
0.164887
0.247737
0.247737
0.247737
0.247737
0.247737
0.247737
0.247737
0.0541693
0.109324
0.181898
0.173556
0.124481
0.116033
0.10253
0.0747898
0.074192
0.0124718
0.039018
0.140587
0.171056
0.247737
0.238313
0.0506
0.0974936
0.222786
0.0136467
0.0297527
0.0807205
0.120326
0.185613
0.236748
0.175942
0.140321
0.222594
0.0852737
0.129135
0.220868
0.236748
0.139944
0.210007
0.219785
0.236748
0.236748
0.236748
0.138208
0.179908
0.236748
0.190378
0.127144
0.0323407
0.0532744
0.113864
0.012286
0.0221456
0.0848248
0.236748
0.205473
0.162483
0.0503929
0.0819021
0.131319
0.0184867
0.0564248
0.126546
0.212297
0.116437
0.0902523
0.136797
0.247842
0.247842
0.238381
0.139501
0.247842
0.247842
0.0708401
0.144179
0.247842
0.247842
0.247842
0.164644
0.132402
0.130874
0.237367
0.210962
0.0993125
0.0461429
0.0573358
0.0858152
0.0165657
0.0442111
0.108052
0.247842
0.167799
0.121102
0.0513964
0.0725953
0.218552
0.00774079
0.00285872
0.0832579
0.247842
0.0813053
0.142536
0.251602
0.251602
0.236462
0.171198
0.136722
0.186522
0.24742
0.116122
0.0783307
0.186693
0.251602
0.251602
0.16051
0.154217
0.150391
0.136049
0.197925
0.143997
0.0429711
0.0576347
0.179867
0.0124708
0.0123468
0.0906439
0.251602
0.101075
0.126122
0.0317302
0.0651142
0.146401
0.150683
0.199369
0.246134
0.172318
0.120648
0.130884
0.189474
0.286658
0.286658
0.16239
0.110581
0.127301
0.118824
0.0350398
0.0870495
0.286658
0.286658
0.286658
0.124101
0.0680761
0.0820978
0.0548861
0.148986
0.207448
0.0523583
0.0906725
0.142381
0.111433
0.141806
0.187755
0.122202
0.111858
0.236248
0.194213
0.187806
0.159137
0.0542864
0.0636435
0.135671
0.206905
0.0288279
0.0983849
0.28154
0.291273
0.291273
0.124314
0.0497704
0.0526656
0.0498122
0.0152996
0.016277
0.291273
0.291273
0.291273
0.126705
0.040978
0.036879
0.0175451
0.115126
0.238012
0.160288
0.182711
0.140639
0.0368096
0.0411764
0.108824
0.23397
0.0837046
0.142512
0.090869
0.166489
0.130707
0.136819
0.1036
0.186477
0.282741
0.256094
0.236629
0.0678929
0.0843503
0.176053
0.0387857
0.0516683
0.185589
0.256094
0.256094
0.222831
0.145569
0.121043
0.163079
0.0325322
0.0690978
0.212956
0.123136
0.256094
0.141066
0.0228969
0.0712127
0.247774
0.000377541
0.00845141
0.160866
0.256094
0.256094
0.160527
0.0498323
0.0884274
0.256094
0.0103157
0.0324185
0.0974372
0.256094
0.192377
0.167928
0.155842
0.118806
0.135183
0.0092801
0.0500848
0.230963
0.233971
0.249603
0.249603
0.0813163
0.16909
0.249603
0.0124621
0.0392286
0.117796
0.185413
0.248085
0.140696
0.0429451
0.0746004
0.237985
0.0100594
0.0374666
0.13971
0.249603
0.214671
0.106365
0.0427309
0.249603
0.249603
0.00228064
0.0134648
0.142652
0.249603
0.251763
0.211182
0.0637778
0.100896
0.195285
0.0107081
0.0372067
0.140169
0.251763
0.251763
0.251763
0.0771364
0.150702
0.22119
0.0247615
0.102141
0.235899
0.251763
0.221247
0.0911928
0.0309055
0.162082
0.251763
0.0031828
0.0164392
0.124394
0.251763
0.195582
0.125393
0.0174317
0.114878
0.209607
0.0296131
0.06659
0.116391
0.251763
0.279059
0.155999
0.0691077
0.0864679
0.119338
0.018468
0.0710868
0.187881
0.279059
0.279059
0.224754
0.0694209
0.117675
0.279059
0.00560787
0.00486333
0.131474
0.279059
0.205284
0.0836902
0.0139308
0.0604879
0.102983
0.0166505
0.0431637
0.0990238
0.279059
0.269683
0.166051
0.0604301
0.0886226
0.279059
0.00320606
0.00936394
0.107284
0.279059
0.259104
0.212177
0.0602618
0.0855378
0.254806
0.00740103
0.0145274
0.141602
0.259104
0.159525
0.183179
0.0355804
0.0663341
0.196515
0.246195
0.259104
0.259104
0.259104
0.257164
0.116435
0.0391488
0.0766719
0.239462
0.000315443
0.007064
0.107772
0.259104
0.172484
0.0993543
0.0402213
0.0465588
0.0985329
0.0131598
0.0300208
0.121031
0.259104
0.230933
0.230933
0.0726856
0.10357
0.224433
0.172194
0.214976
0.230933
0.22369
0.210094
0.230933
0.230933
0.230933
0.228141
0.101806
0.0793688
0.204571
0.230933
0.181589
0.108878
0.0389485
0.0769393
0.137983
0.0149552
0.0297682
0.0749663
0.194716
0.15079
0.101181
0.0154966
0.110009
0.230933
0.00479711
0.0291246
0.104432
0.230933
0.217765
0.243377
0.233641
0.243377
0.207299
0.0483984
0.0526337
0.168594
0.243377
0.132388
0.203984
0.130016
0.243377
0.243377
0.165144
0.169798
0.243377
0.243377
0.125758
0.0785888
0.0223076
0.106172
0.23651
0.00994643
0.0283963
0.0745061
0.243377
0.12185
0.103426
0.0665054
0.0579693
0.0902284
0.0405571
0.0305449
0.126662
0.243377
0.258896
0.115181
0.0190388
0.0789788
0.258896
0.00420679
0.0132001
0.188473
0.258896
0.258896
0.145028
0.0401749
0.120344
0.258896
0.0130486
0.0364258
0.118319
0.258896
0.258896
0.157011
0.0881453
0.0586154
0.21635
0.0568219
0.0587631
0.188653
0.236506
0.258896
0.13631
0.0604524
0.0957073
0.258896
0.0192422
0.0232169
0.0913545
0.258896
0.26268
0.134645
0.0317677
0.0898042
0.236212
0.0132038
0.0414326
0.149768
0.26268
0.204512
0.107739
0.0332455
0.26268
0.26268
0.00129756
0.0204397
0.151846
0.249855
0.26268
0.120822
0.0455193
0.083335
0.220869
0.0277907
0.0310776
0.103366
0.26268
0.188791
0.149178
0.0485355
0.23509
0.26268
0.0142854
0.0191403
0.114944
0.23475
0.253072
0.125028
0.0322141
0.216142
0.253072
0.00568831
0.0332171
0.163463
0.253072
0.243327
0.143504
0.0107628
0.148682
0.253072
0.0451092
0.0874134
0.135654
0.253072
0.237146
0.154499
0.05434
0.179235
0.253072
0.0298362
0.0360703
0.160762
0.253072
0.205146
0.0797945
0.0312528
0.121857
0.208582
0.0633607
0.0517928
0.0926646
0.253072
0.292611
0.117134
0.0132057
0.0891602
0.157111
0.0332672
0.0733717
0.14778
0.292611
0.292611
0.289489
0.0921366
0.135041
0.292611
0.00632364
0.0232333
0.171178
0.292611
0.202389
0.0609779
0.0321378
0.0692931
0.106447
0.0528477
0.052738
0.118105
0.292611
0.183862
0.173773
0.0600721
0.061383
0.147008
0.0165834
0.0289376
0.12252
0.283764
0.29241
0.223781
0.0678751
0.129583
0.29241
0.00487158
0.0287937
0.210453
0.29241
0.29241
0.19552
0.0713498
0.0892565
0.153607
0.0263396
0.0352121
0.165042
0.29241
0.194299
0.157272
0.0536874
0.0709196
0.168386
0.0210906
0.0460401
0.148192
0.29241
0.1512
0.139879
0.0767238
0.0666326
0.102612
0.0533518
0.100178
0.136326
0.219721
0.25712
0.204466
0.0731497
0.132341
0.224038
0.0370328
0.0535932
0.116594
0.25712
0.25712
0.191895
0.0231667
0.179026
0.25712
0.00792815
0.0323448
0.176113
0.25712
0.195249
0.178799
0.0877694
0.0914081
0.152807
0.0613946
0.113416
0.122869
0.20254
0.25712
0.128751
0.0154698
0.126124
0.25712
0.0234693
0.0398203
0.140585
0.25712
0.262609
0.132502
0.031837
0.158536
0.264973
0.0143063
0.0382301
0.140403
0.264973
0.201323
0.174613
0.0933788
0.120974
0.198138
0.0493639
0.0492805
0.258446
0.264973
0.264973
0.10402
0.0176601
0.0880848
0.24215
0.0140436
0.042566
0.14073
0.264973
0.180927
0.0959877
0.0408421
0.10763
0.206687
0.0271035
0.0619726
0.193801
0.264973
0.213508
0.103864
0.0581431
0.0581954
0.20205
0.036999
0.0510685
0.145277
0.176908
0.23814
0.109137
0.044628
0.093409
0.21787
0.0141684
0.0233532
0.0830322
0.23814
0.167838
0.140713
0.232787
0.141038
0.23814
0.135485
0.127245
0.220759
0.231414
0.23814
0.167673
0.23814
0.180621
0.23814
0.0816477
0.111175
0.162159
0.23814
0.262432
0.101844
0.0392584
0.0864097
0.190064
0.021413
0.0340405
0.0866905
0.262432
0.153783
0.122073
0.0302448
0.186616
0.262432
0.0174524
0.0203065
0.086488
0.211174
0.262432
0.170915
0.262432
0.234928
0.262432
0.105498
0.15112
0.055147
0.245405
0.170145
0.10598
0.0141327
0.161504
0.262432
0.00887
0.0246426
0.0923719
0.262432
0.252223
0.180438
0.0514585
0.200039
0.252223
0.0413813
0.0509946
0.16572
0.252223
0.224473
0.0924617
0.03388
0.150816
0.252223
0.0860526
0.0485044
0.0863954
0.252223
0.252048
0.165322
0.0264159
0.193136
0.252223
0.016999
0.046337
0.147483
0.252223
0.153433
0.141653
0.0978406
0.145907
0.208307
0.0579137
0.0449568
0.0879655
0.252223
0.263381
0.0968068
0.0513507
0.113052
0.160307
0.0859831
0.0643508
0.147963
0.263381
0.250115
0.257188
0.0802669
0.0851194
0.203221
0.0350197
0.0596236
0.168645
0.263381
0.216274
0.154791
0.102133
0.121341
0.175243
0.0512134
0.0362259
0.157018
0.263381
0.263381
0.229389
0.0617528
0.0717772
0.144995
0.0249826
0.060075
0.202299
0.263381
0.236377
0.214567
0.0734972
0.0879178
0.209127
0.041863
0.0848797
0.189115
0.236377
0.200093
0.224667
0.101397
0.114835
0.153158
0.0873365
0.140236
0.191211
0.236377
0.236377
0.220675
0.0727103
0.0921755
0.195152
0.0233634
0.0529682
0.220104
0.236377
0.236377
0.169882
0.0747482
0.0791779
0.0917407
0.1136
0.147925
0.153883
0.236377
0.233755
0.242883
0.102748
0.127146
0.184077
0.0918075
0.145404
0.158119
0.223733
0.242883
0.170667
0.0215609
0.14574
0.242883
0.0247427
0.0482285
0.182956
0.242883
0.242883
0.191337
0.0805122
0.122421
0.178724
0.0897003
0.127935
0.119969
0.214034
0.148342
0.061226
0.0471083
0.242883
0.242883
0.0430044
0.0723952
0.106017
0.242883
0.257069
0.136436
0.0180268
0.097415
0.257069
0.0151453
0.0512257
0.186336
0.257069
0.216111
0.138927
0.0300314
0.108261
0.254229
0.0275969
0.0812335
0.219429
0.257069
0.210341
0.0622872
0.0312475
0.160926
0.257069
0.0230686
0.0572202
0.102034
0.257069
0.257069
0.124871
0.0601297
0.154034
0.223531
0.0273391
0.0968569
0.119621
0.257069
0.138462
0.0942542
0.103459
0.0914067
0.183294
0.0564265
0.0605015
0.135133
0.229533
0.202106
0.151444
0.189678
0.123069
0.232491
0.0364591
0.0450239
0.101848
0.234968
0.234968
0.175131
0.151921
0.132525
0.223089
0.0361859
0.055367
0.229931
0.234968
0.152663
0.234524
0.234968
0.189854
0.234968
0.0206097
0.0535453
0.177713
0.234968
0.214228
0.19813
0.257421
0.18126
0.257421
0.05352
0.0676323
0.0596692
0.232283
0.143452
0.0817216
0.00677455
0.136008
0.257421
0.0105146
0.0177802
0.0674966
0.251493
0.121941
0.257421
0.257421
0.257421
0.257421
0.0234727
0.0569632
0.105103
0.15733
0.167912
0.11758
0.0283887
0.13175
0.239308
0.00124057
0.0233824
0.0541851
0.252483
0.258806
0.170724
0.0199576
0.213304
0.258806
0.0222558
0.0545273
0.139646
0.258806
0.170913
0.138538
0.0808671
0.169412
0.221247
0.068511
0.0411124
0.0927424
0.258806
0.258806
0.192544
0.054989
0.232635
0.258806
0.00697856
0.0605693
0.139907
0.258806
0.107416
0.130775
0.0741386
0.142162
0.164989
0.0345292
0.0893959
0.10151
0.258806
0.231715
0.152989
0.0881431
0.130954
0.158706
0.0563893
0.0383158
0.141883
0.26018
0.252188
0.1926
0.0530269
0.0803535
0.141725
0.038648
0.0574794
0.180863
0.26018
0.159907
0.126311
0.0764614
0.146618
0.185899
0.0475054
0.0830336
0.144948
0.26018
0.26018
0.146051
0.0219826
0.221825
0.26018
0.022183
0.0668539
0.254423
0.26018
0.245154
0.199692
0.0719518
0.0899145
0.170332
0.0412974
0.0505682
0.187983
0.247955
0.218221
0.18564
0.0690721
0.0842475
0.10759
0.0914945
0.138171
0.164766
0.247955
0.247955
0.139167
0.0290476
0.190961
0.247955
0.0588083
0.0543372
0.221773
0.247955
0.247955
0.123398
0.0374631
0.0691328
0.223184
0.0674526
0.0539978
0.191526
0.247955
0.245824
0.238341
0.0798714
0.131125
0.210701
0.0934277
0.132213
0.153801
0.219979
0.128336
0.0639392
0.0455467
0.24032
0.245824
0.0438171
0.0829292
0.140564
0.245824
0.245824
0.166558
0.0619216
0.0922855
0.245824
0.0972851
0.0627352
0.16764
0.245824
0.151761
0.104208
0.0377384
0.184487
0.245824
0.0788822
0.0648124
0.152395
0.245824
0.191301
0.0693432
0.0297411
0.155239
0.257555
0.0304982
0.0667951
0.136905
0.257555
0.257555
0.160831
0.0490759
0.144037
0.255101
0.0183908
0.104876
0.142183
0.257555
0.179988
0.0945204
0.0402091
0.149093
0.257555
0.0543786
0.0491936
0.130086
0.257555
0.257555
0.116995
0.012607
0.146521
0.257555
0.0322739
0.0796658
0.191412
0.257555
0.265847
0.212927
0.150558
0.146702
0.265847
0.0220794
0.046899
0.265847
0.265847
0.203927
0.265847
0.265847
0.224954
0.265847
0.0138989
0.0429823
0.212667
0.265847
0.175193
0.0769987
0.00925155
0.0609912
0.210491
0.0139355
0.0527751
0.0693529
0.229825
0.0725879
0.0845956
0.0248131
0.067021
0.15721
0.0384941
0.0229889
0.0805904
0.0826662
0.173707
0.281293
0.281293
0.281293
0.281293
0.0170976
0.039995
0.146353
0.226289
0.228196
0.138646
0.0228126
0.160641
0.281293
0.00453903
0.0302847
0.0551909
0.281293
0.0883531
0.11287
0.0318315
0.0792304
0.179234
0.0511948
0.0334382
0.0804145
0.0903509
0.281293
0.18835
0.0150916
0.0771661
0.19462
0.00672638
0.022325
0.0478106
0.281293
0.260282
0.205541
0.0400211
0.238114
0.260282
0.017067
0.0796039
0.149577
0.260282
0.129836
0.112109
0.0629253
0.159517
0.177611
0.0388574
0.0802283
0.113846
0.260282
0.260282
0.260282
0.0394158
0.11367
0.260282
0.020978
0.0698211
0.123495
0.260282
0.176653
0.173015
0.102852
0.0911809
0.138706
0.0448888
0.0493499
0.103361
0.260282
0.15032
0.100452
0.0650013
0.148736
0.176776
0.0499464
0.0782378
0.160419
0.25447
0.25447
0.13327
0.0337947
0.213412
0.25447
0.0360848
0.0561235
0.251597
0.25447
0.113524
0.148256
0.104738
0.0897261
0.130899
0.0524934
0.0585412
0.145213
0.25447
0.25447
0.147083
0.0393346
0.211784
0.25447
0.0396003
0.0610264
0.231317
0.25447
0.238268
0.104607
0.0342739
0.182907
0.249765
0.0665123
0.0460398
0.209566
0.249765
0.21666
0.110107
0.025619
0.0720534
0.213634
0.056454
0.0604509
0.196406
0.249765
0.249765
0.115036
0.0386343
0.166001
0.243133
0.0370299
0.0556932
0.200251
0.249765
0.249765
0.0829334
0.0225691
0.112583
0.249721
0.0148023
0.0148685
0.160359
0.249765
0.247173
0.157879
0.0412395
0.106799
0.248762
0.096264
0.0735413
0.192047
0.248762
0.153877
0.107621
0.0210278
0.155869
0.248762
0.0741339
0.0554251
0.185684
0.248762
0.244262
0.149063
0.0383196
0.151591
0.248762
0.0237176
0.0172141
0.185382
0.248762
0.230656
0.228057
0.0638271
0.117505
0.178742
0.0488153
0.0517239
0.129063
0.238039
0.190127
0.112748
0.0257724
0.128853
0.253168
0.058095
0.0454193
0.173097
0.253168
0.253168
0.15159
0.0106717
0.150444
0.253168
0.0264996
0.0690968
0.205464
0.253168
0.237755
0.211364
0.0561449
0.114804
0.177783
0.0423392
0.0499453
0.159082
0.253168
0.240142
0.131183
0.0611904
0.138495
0.253168
0.0258075
0.0120192
0.122277
0.253168
0.259954
0.208905
0.0369688
0.121326
0.259954
0.0319012
0.106962
0.140712
0.259954
0.183003
0.168711
0.043024
0.110282
0.259954
0.0779465
0.0605484
0.203305
0.176807
0.259954
0.259954
0.0987352
0.0722271
0.259954
0.0964288
0.0644537
0.198686
0.259954
0.132272
0.129127
0.126526
0.0788445
0.146439
0.041727
0.0717312
0.191747
0.140417
0.180891
0.182504
0.0426356
0.0937225
0.274061
0.0870974
0.0674587
0.161063
0.159924
0.279166
0.279166
0.0284865
0.159862
0.279166
0.0143951
0.0343798
0.071261
0.279166
0.11813
0.135433
0.138775
0.0694637
0.10125
0.0419053
0.0627711
0.122891
0.109695
0.279166
0.178798
0.0859903
0.254298
0.279166
0.0200167
0.00815904
0.0476766
0.279166
0.255774
0.255774
0.0417969
0.142457
0.255774
0.025381
0.0637018
0.108525
0.255774
0.200104
0.149708
0.0798046
0.0782196
0.149374
0.0673523
0.0560633
0.102226
0.255774
0.255774
0.198667
0.109673
0.215759
0.255774
0.0381998
0.00872106
0.0597332
0.255774
0.215171
0.155904
0.0624143
0.0699369
0.128635
0.0659657
0.0623719
0.223568
0.255774
0.135427
0.136704
0.094872
0.0847552
0.134305
0.0639813
0.0554968
0.136164
0.268224
0.268224
0.164793
0.0845634
0.187645
0.26695
0.0515981
0.0507471
0.192424
0.268224
0.18804
0.154845
0.0945611
0.0583259
0.118815
0.0705403
0.0483643
0.17046
0.268224
0.268224
0.121631
0.0984561
0.229055
0.268224
0.0483865
0.0517299
0.110648
0.268224
0.249772
0.108803
0.0737163
0.148516
0.230695
0.0368825
0.0391344
0.157536
0.254905
0.249503
0.107233
0.0285306
0.10496
0.219535
0.0158239
0.0199517
0.17718
0.254905
0.254905
0.107043
0.0866244
0.126715
0.254905
0.036929
0.0335543
0.0958834
0.254905
0.254905
0.224484
0.0429583
0.0814519
0.216033
0.012986
0.0124944
0.210074
0.254905
0.245157
0.162404
0.0366245
0.153805
0.253719
0.0212139
0.0216844
0.197677
0.253719
0.222963
0.208182
0.0610781
0.114426
0.206058
0.0346345
0.0389306
0.136937
0.231441
0.253719
0.253719
0.0500885
0.0816463
0.253719
0.0111673
0.0259155
0.253719
0.253719
0.141422
0.124579
0.114925
0.106121
0.156256
0.0245304
0.0338625
0.100254
0.253719
0.254837
0.225377
0.0580557
0.1252
0.239984
0.0335725
0.0423633
0.180231
0.254837
0.254837
0.138298
0.0757764
0.165038
0.254837
0.0227942
0.00739853
0.120513
0.254837
0.161542
0.137642
0.106331
0.109426
0.180723
0.0274638
0.0493984
0.153751
0.254837
0.254837
0.0900181
0.0734862
0.166793
0.254837
0.0189576
0.0184064
0.12508
0.254837
0.247321
0.247321
0.133567
0.0755414
0.247321
0.0923443
0.0653812
0.214997
0.247321
0.153454
0.119109
0.1286
0.0899543
0.181962
0.0486648
0.0788454
0.220785
0.177352
0.247321
0.205352
0.0901695
0.133462
0.247321
0.071656
0.0473253
0.202281
0.247321
0.142223
0.0888248
0.0792768
0.102472
0.224232
0.1037
0.0378354
0.14161
0.247321
0.142484
0.129041
0.141928
0.0865653
0.119258
0.0352328
0.0667966
0.146816
0.141393
0.28049
0.176021
0.109144
0.28049
0.28049
0.0190532
0.00822476
0.0566139
0.28049
0.117099
0.0925895
0.103224
0.127741
0.24797
0.0498485
0.0365729
0.0984882
0.152004
0.28049
0.164304
0.0990901
0.28049
0.28049
0.0622831
0.0857809
0.0507941
0.28049
0.251115
0.173579
0.115017
0.221397
0.251115
0.0246632
0.00429792
0.0586522
0.251115
0.233035
0.1186
0.0469668
0.061821
0.116642
0.0710137
0.0796319
0.195214
0.251115
0.251115
0.177681
0.113406
0.217243
0.251115
0.0272577
0.0613519
0.110658
0.238119
0.251115
0.0703905
0.0415182
0.114853
0.22615
0.0331359
0.0517979
0.14737
0.251115
0.189841
0.116981
0.0797102
0.0599618
0.113548
0.071195
0.0549094
0.13929
0.264174
0.279205
0.0991552
0.109253
0.213885
0.279205
0.043665
0.039429
0.0666634
0.279205
0.216466
0.0882498
0.0540231
0.0898373
0.215189
0.0296097
0.0411923
0.199092
0.279205
0.279205
0.0446947
0.00404282
0.219206
0.279205
0.0148283
0.0359371
0.0576334
0.279205
0.26059
0.0943851
0.100575
0.135354
0.26059
0.0356223
0.0235259
0.0630942
0.26059
0.26059
0.248891
0.0414492
0.0748071
0.200105
0.0122511
0.011452
0.212624
0.26059
0.26059
0.0547108
0.00897418
0.137587
0.26059
0.0107824
0.0180381
0.0617931
0.26059
0.239549
0.147226
0.0404448
0.0924766
0.249155
0.00132523
0.0177251
0.113969
0.26059
0.260836
0.260836
0.0466863
0.0825348
0.229294
0.010153
0.0189592
0.260836
0.260836
0.146307
0.12524
0.125213
0.106959
0.16117
0.0387481
0.0271427
0.0974924
0.260836
0.260836
0.20075
0.0582191
0.118152
0.260836
6.32068e-05
0.0131488
0.164441
0.260836
0.23974
0.148412
0.0564612
0.0620949
0.20653
0.0442788
0.0292733
0.0827155
0.260836
0.172338
0.13166
0.110194
0.109186
0.181001
0.0324621
0.0354849
0.14906
0.27201
0.235261
0.0864762
0.0675512
0.182173
0.27201
0.0187673
0.025751
0.117371
0.27201
0.259231
0.147086
0.047005
0.0748497
0.27201
0.0333338
0.035135
0.132293
0.27201
0.27201
0.0947511
0.0355465
0.139279
0.27201
0.0206882
0.0445949
0.125601
0.27201
0.234563
0.204743
0.0901374
0.144275
0.234563
0.0761028
0.0460623
0.171979
0.234563
0.140033
0.0992053
0.0926834
0.102316
0.217805
0.101528
0.0404586
0.132581
0.234563
0.146284
0.140514
0.0992028
0.185796
0.234563
0.0714458
0.0705504
0.180091
0.234563
0.234563
0.223945
0.136933
0.142186
0.234563
0.0961587
0.114961
0.1772
0.234563
0.119718
0.097284
0.103329
0.118895
0.21829
0.0533057
0.038183
0.0964873
0.159268
0.253565
0.154916
0.12665
0.253565
0.253565
0.0373121
0.0614727
0.0645199
0.253565
0.253565
0.177864
0.112656
0.12329
0.188158
0.0921503
0.121792
0.18187
0.253565
0.253565
0.172897
0.0724532
0.11504
0.253565
0.0457605
0.118652
0.144405
0.253565
0.263811
0.173704
0.142661
0.224519
0.263811
0.01423
0.0560453
0.113502
0.263811
0.263811
0.0662309
0.0418742
0.124513
0.217316
0.0313468
0.0652343
0.158519
0.263811
0.263811
0.164077
0.0656928
0.0936772
0.201459
0.0290717
0.0858146
0.129131
0.263811
0.185854
0.102482
0.0396037
0.109385
0.193496
0.011881
0.0497869
0.15071
0.263811
0.210259
0.0814378
0.0506084
0.099067
0.205256
0.0292177
0.0583888
0.180576
0.28056
0.275764
0.0543737
0.0058598
0.257369
0.28056
0.0126223
0.0318544
0.0554962
0.28056
0.144535
0.117458
0.0497874
0.114077
0.202527
0.0105481
0.0419955
0.0940893
0.28056
0.28056
0.090924
0.0195966
0.183858
0.28056
0.0592862
0.0706189
0.0661398
0.28056
0.267306
0.0823409
0.0149923
0.190306
0.267306
0.0091703
0.0188712
0.0682175
0.267306
0.256681
0.210481
0.0493192
0.0989599
0.248043
0.0026084
0.0185036
0.140566
0.267306
0.267306
0.109708
0.0275805
0.181886
0.267306
0.0481892
0.0611817
0.0674296
0.267306
0.238304
0.0897202
0.060617
0.0621476
0.147518
0.0113372
0.0572498
0.148269
0.267306
0.261929
0.247673
0.0649239
0.103014
0.261929
0.000848798
0.0112411
0.171548
0.261929
0.257941
0.136988
0.0654518
0.0748795
0.252216
0.0650306
0.0295264
0.0920266
0.261929
0.253864
0.13322
0.0713029
0.07933
0.20243
0.00449595
0.0387197
0.14428
0.261929
0.261929
0.0748011
0.0165418
0.0434866
0.261929
0.013976
0.0293724
0.0857106
0.261929
0.2437
0.1054
0.044623
0.0722857
0.271677
0.038243
0.0297519
0.126004
0.271677
0.271677
0.0957851
0.0283697
0.133758
0.271677
0.0184851
0.0462907
0.122601
0.271677
0.271677
0.0972178
0.0313644
0.0451189
0.271677
0.0181324
0.0207347
0.0702432
0.271677
0.271677
0.102626
0.0437836
0.0913953
0.266318
0.03435
0.0165598
0.0961341
0.271677
0.176888
0.148776
0.107847
0.21036
0.227246
0.0833749
0.0634758
0.158688
0.227246
0.227246
0.227246
0.143053
0.117112
0.227246
0.102993
0.119909
0.158192
0.227246
0.194674
0.14938
0.0721854
0.137939
0.128583
0.0702708
0.101782
0.135807
0.225416
0.227246
0.206929
0.0707536
0.0879114
0.207644
0.139049
0.204017
0.109763
0.227246
0.246154
0.174475
0.0916036
0.0798242
0.147147
0.0950794
0.107727
0.136982
0.227571
0.269431
0.153203
0.0859335
0.124135
0.255606
0.0194489
0.090885
0.128519
0.269431
0.258558
0.15304
0.0650228
0.0699088
0.15213
0.0812849
0.117291
0.0822781
0.269431
0.269431
0.172194
0.0461515
0.120693
0.269431
0.0370217
0.0812521
0.0710948
0.269431
0.273865
0.153002
0.0794015
0.114042
0.225775
0.0157829
0.0759701
0.11487
0.273865
0.168923
0.109335
0.0403458
0.107735
0.200511
0.02023
0.0593233
0.148942
0.273865
0.273865
0.182542
0.0642644
0.128865
0.273865
0.0335923
0.0658357
0.102707
0.273865
0.166804
0.121982
0.043461
0.0890548
0.245563
0.0325088
0.0553128
0.234574
0.273865
0.138636
0.129027
0.0526953
0.116725
0.209803
0.0190716
0.0598196
0.0904972
0.272994
0.272994
0.116416
0.0269697
0.188908
0.272994
0.0463276
0.0711139
0.0732759
0.272994
0.135805
0.138116
0.0635733
0.122952
0.272994
0.0306152
0.0489496
0.171071
0.272994
0.272994
0.119344
0.0232616
0.195898
0.272994
0.0706742
0.0399801
0.0963517
0.272994
0.268739
0.148274
0.0427325
0.186232
0.268739
0.0412733
0.0661936
0.0769269
0.268739
0.219564
0.127351
0.0637522
0.070108
0.138252
0.0118198
0.0572061
0.207581
0.268739
0.268739
0.126612
0.0445664
0.201085
0.268739
0.0546493
0.0340182
0.0576375
0.268739
0.190056
0.137778
0.0373419
0.0771565
0.190776
0.0154944
0.049334
0.212786
0.268739
0.246181
0.174704
0.0758894
0.0767484
0.165575
0.00609794
0.0379615
0.182109
0.270677
0.270677
0.0815288
0.0217412
0.0733516
0.270677
0.0148457
0.0313624
0.113869
0.270677
0.20741
0.157281
0.0468247
0.0995523
0.229453
0.0150918
0.0364174
0.1791
0.270677
0.270677
0.0554649
0.0107297
0.137432
0.270677
0.0304087
0.0309398
0.179635
0.270677
0.270824
0.0966264
0.0326584
0.065457
0.270824
0.0186119
0.0218684
0.0936382
0.270824
0.270824
0.104223
0.0468702
0.103225
0.270824
0.0268448
0.0241645
0.113649
0.270824
0.270824
0.0527407
0.0142908
0.126344
0.270824
0.0336273
0.0280707
0.112006
0.270824
0.265067
0.0953715
0.0575473
0.0961113
0.267277
0.0458374
0.0312297
0.0670489
0.270824
0.209047
0.136323
0.0758489
0.160555
0.151239
0.0746507
0.10376
0.138024
0.221868
0.221868
0.221868
0.0668446
0.069753
0.209858
0.142555
0.194429
0.151994
0.221868
0.176574
0.155973
0.131837
0.10217
0.221868
0.100644
0.160667
0.154642
0.221868
0.221868
0.218298
0.0803221
0.0706276
0.221868
0.088142
0.104975
0.221868
0.221868
0.243652
0.166738
0.0474707
0.0488159
0.150719
0.0792485
0.10884
0.0936627
0.275793
0.284033
0.165193
0.0394847
0.116947
0.284033
0.0320918
0.0797189
0.105919
0.284033
0.182427
0.148172
0.0558525
0.0575586
0.183137
0.0687441
0.0506015
0.119205
0.240626
0.284033
0.192415
0.0942859
0.0891729
0.233381
0.0067562
0.0180313
0.186307
0.284033
0.262537
0.160091
0.0475172
0.120162
0.262537
0.027873
0.0590772
0.102869
0.262537
0.156893
0.11111
0.0382035
0.0813775
0.218677
0.0329853
0.0565024
0.194437
0.262537
0.262537
0.197061
0.0951798
0.117986
0.262537
0.00776399
0.0108071
0.0929805
0.262537
0.227338
0.166229
0.037693
0.10291
0.131748
0.0101858
0.0901165
0.262537
0.262537
0.13641
0.143048
0.060782
0.128222
0.253218
0.0355284
0.057156
0.173698
0.253218
0.253218
0.149964
0.0367253
0.164753
0.253218
0.0573529
0.0533088
0.0999685
0.253218
0.219156
0.209181
0.0643741
0.169863
0.237054
0.0141438
0.0602162
0.192804
0.253218
0.253218
0.15613
0.0708571
0.101759
0.205678
0.0474412
0.0546929
0.129448
0.253218
0.259151
0.155522
0.0552498
0.196007
0.259151
0.0508774
0.0503609
0.0743511
0.259151
0.184064
0.168545
0.0437153
0.0963888
0.187271
0.0144205
0.0611977
0.249061
0.259151
0.259151
0.162136
0.086721
0.154778
0.252641
0.0512106
0.0440665
0.114727
0.259151
0.219333
0.112179
0.0814358
0.100539
0.0994848
0.0121924
0.0701931
0.217501
0.259151
0.194358
0.171033
0.0490516
0.121387
0.188485
0.0153521
0.0379417
0.18393
0.271574
0.271574
0.0683074
0.010392
0.171515
0.271574
0.0304022
0.0344661
0.176524
0.271574
0.222553
0.101314
0.0780566
0.149347
0.178647
0.0139334
0.0471457
0.154547
0.271574
0.271574
0.046518
0.0143981
0.158439
0.271574
0.012084
0.0226659
0.11302
0.271574
0.274652
0.0638634
0.0122326
0.143138
0.274652
0.0329656
0.0277976
0.109578
0.274652
0.254266
0.0922806
0.0603734
0.114393
0.274652
0.0316039
0.0371531
0.0629946
0.274652
0.274652
0.0506396
0.00694706
0.136649
0.274652
0.0182143
0.0162121
0.0674966
0.274652
0.250179
0.0612872
0.0209045
0.0982611
0.274652
0.0155144
0.0301407
0.0825134
0.274652
0.113998
0.109902
0.0830109
0.109985
0.173409
0.0658734
0.107489
0.124945
0.17305
0.134007
0.1471
0.0746591
0.0463248
0.118572
0.0489485
0.072192
0.176013
0.204046
0.0797897
0.146258
0.116757
0.296805
0.296805
0.296805
0.165463
0.296805
0.296805
0.161018
0.16867
0.0911348
0.080006
0.198698
0.127322
0.135065
0.101819
0.245359
0.158163
0.165685
0.0724144
0.0530975
0.133795
0.0552158
0.0528423
0.128945
0.204062
0.2508
0.226165
0.0773849
0.0769224
0.238566
0.00636246
0.0363159
0.227696
0.2508
0.184108
0.217096
0.112906
0.106802
0.18434
0.100348
0.119364
0.103431
0.2508
0.2508
0.2508
0.0731769
0.108983
0.19669
0.116112
0.0839297
0.237192
0.2508
0.246516
0.244546
0.086169
0.103111
0.246516
0.00807775
0.0214487
0.11471
0.246516
0.215116
0.179284
0.0477191
0.102645
0.131148
0.0157545
0.0838006
0.246516
0.246516
0.246516
0.246516
0.0734897
0.124926
0.213035
0.0923084
0.071187
0.143656
0.246516
0.178284
0.18947
0.0645697
0.0814409
0.185137
0.0468142
0.113068
0.132169
0.246516
0.226029
0.226029
0.0750422
0.169763
0.226029
0.0186051
0.077279
0.2043
0.226029
0.226029
0.212923
0.0816873
0.0786689
0.213431
0.0363876
0.0584516
0.123455
0.226029
0.212288
0.226029
0.06369
0.102868
0.226029
0.0431296
0.141572
0.147486
0.226029
0.226029
0.21363
0.0529386
0.119853
0.226029
0.0179953
0.0473791
0.109339
0.226029
0.246461
0.191439
0.0833878
0.13336
0.246461
0.037946
0.0602472
0.1339
0.246461
0.188291
0.127751
0.0915465
0.0881922
0.0971495
0.0225067
0.0706515
0.201351
0.246461
0.243815
0.216084
0.0557958
0.132213
0.246461
0.022101
0.0677304
0.206637
0.246461
0.246461
0.192698
0.0524951
0.0603803
0.159272
0.0122537
0.0442297
0.246461
0.246461
0.170828
0.0981822
0.0799343
0.132143
0.157695
0.0215929
0.0439852
0.143039
0.26212
0.277313
0.0606427
0.0237203
0.14075
0.277313
0.0119212
0.0215877
0.0965406
0.277313
0.218094
0.163146
0.0533586
0.106246
0.23555
0.0307922
0.0308149
0.200673
0.277313
0.277313
0.0790182
0.022739
0.214431
0.277313
0.0543683
0.0205571
0.0806535
0.277313
0.278489
0.0642697
0.0157574
0.134718
0.278489
0.0145273
0.0150043
0.0683515
0.278489
0.26247
0.0684342
0.029289
0.113652
0.278489
0.0109428
0.0368084
0.0667215
0.278489
0.278489
0.0641298
0.0286584
0.2052
0.278489
0.0469341
0.0162196
0.0401864
0.278489
0.205652
0.0916843
0.0270757
0.0928458
0.242476
0.0151616
0.0264701
0.100927
0.278489
0.0567458
0.0698604
0.0621179
0.2452
0.254254
0.122399
0.0814292
0.179527
0.142935
0.0523597
0.0646182
0.0505883
0.0292333
0.0810876
0.0550072
0.052794
0.0475367
0.0876859
0.170981
0.232643
0.241372
0.254254
0.254254
0.169629
0.0932796
0.135375
0.209476
0.15518
0.128853
0.180389
0.254254
0.254254
0.254254
0.123676
0.196579
0.254254
0.0774176
0.115504
0.0771545
0.0487448
0.113469
0.0667785
0.0700445
0.078487
0.106272
0.144681
0.151392
0.0387216
0.0486659
0.0869886
0.0426246
0.0678327
0.127786
0.217716
0.174071
0.222474
0.273826
0.273826
0.273826
0.273826
0.169397
0.273826
0.273826
0.161865
0.116774
0.0709571
0.157936
0.273826
0.113467
0.0738749
0.129096
0.262754
0.222662
0.252943
0.0638212
0.0885875
0.147939
0.0553123
0.0852025
0.132108
0.186794
0.193888
0.185977
0.0551569
0.0564546
0.134838
0.0484315
0.099338
0.108563
0.252943
0.211554
0.213655
0.147712
0.252943
0.252943
0.112052
0.0849029
0.14984
0.194741
0.252943
0.252943
0.0337802
0.115736
0.179863
0.0566919
0.0600623
0.198571
0.252943
0.231394
0.231394
0.0678126
0.0824097
0.21006
0.0572452
0.140595
0.151499
0.227444
0.231394
0.220721
0.0418943
0.0981383
0.214594
0.0170086
0.0371554
0.0787635
0.231394
0.231394
0.231394
0.077639
0.153695
0.231394
0.0923558
0.112399
0.231394
0.231394
0.174324
0.156236
0.0626163
0.136775
0.231394
0.0272451
0.0427626
0.113765
0.231394
0.210807
0.188564
0.0404869
0.107358
0.254974
0.0205002
0.0589226
0.169431
0.254974
0.219075
0.147217
0.0356844
0.0595169
0.15544
0.0236942
0.0379444
0.234513
0.254974
0.148381
0.10823
0.0723676
0.135106
0.254974
0.0426573
0.102696
0.135988
0.254974
0.250588
0.0934299
0.0230774
0.102759
0.254974
0.190647
0.123312
0.203147
0.254974
0.177378
0.123998
0.0427549
0.109092
0.234848
0.0356737
0.0336417
0.18985
0.2696
0.2696
0.0901048
0.0328367
0.175386
0.2696
0.0491956
0.0198611
0.0789362
0.2696
0.256586
0.0877036
0.0242204
0.109195
0.2696
0.145425
0.104347
0.16094
0.2696
0.151811
0.0468164
0.0299511
0.189659
0.2696
0.069595
0.0323173
0.0581923
0.2696
0.277311
0.0884246
0.0450971
0.217318
0.277311
0.0440335
0.0188646
0.0587764
0.277311
0.252039
0.104124
0.0294592
0.108325
0.248785
0.014694
0.0275307
0.124861
0.277311
0.22425
0.0731351
0.0394357
0.179192
0.277311
0.0491708
0.018259
0.0690831
0.277311
0.277311
0.119882
0.026841
0.0896939
0.140207
0.0085084
0.02715
0.126894
0.277311
