0.139187
0.108748
0.23701
0.280398
0.280398
0.280398
0.0819251
0
0
0.00168604
0.00694282
0.280398
0.280398
0.169198
0.280398
0.102508
0
0
0.0224169
0.017313
0.076342
0.238059
0.280398
0.207827
0.0462499
0.00502122
0.00230717
0.00956608
0.191545
0.280398
0.145299
0.0736079
0.251253
0.0513683
0
0
0.000878548
0.00815507
0.285983
0.285983
0.177179
0.285983
0.106133
7.07971e-05
0
0.0110906
0.0421893
0.285983
0.1758
0.170648
0.285983
0.21401
0.000212391
0
0.00778274
0.157193
0.285983
0.160278
0.076539
0.259265
0.0922723
0.000401543
0
0.0206595
0.0685302
0.285983
0.2302
0.0550689
0.257158
0.133097
0.00120463
0
0.0123126
0.0514657
0.303161
0.199431
0.195499
0.303161
0.250013
0.000323352
4.7257e-05
0.0316396
0.156293
0.303161
0.0390029
0.0872978
0.303161
0.303161
0.0302295
0.00327634
0.0234957
0.0721901
0.303161
0.250981
0.0687057
0.292158
0.194684
0.00210505
0.00171411
0.024153
0.0897155
0.187961
0.0389508
0.0466662
0.0975754
0.121888
0.0302932
0.0085137
0.0429205
0.219849
0.330922
0.0468648
0.139547
0.330922
0.330922
0.0616329
0.00684861
0.0619565
0.330922
0.255723
0.0276896
0.059611
0.102943
0.330922
0.233656
0.0545127
0.038424
0.168018
0.267087
0.0270305
0.0807401
0.134682
0.170231
0.0374257
0.0149714
0.0665439
0.154298
0.0723945
0.0176005
0.0566673
0.0841509
0.177391
0.0484417
0.0107672
0.0467402
0.316851
0.286418
0.03141
0.052968
0.0843079
0.316851
0.316851
0.0631797
0.0384472
0.053787
0.023625
0.0267455
0.0515813
0.0387332
0.146412
0.316851
0.213114
0.0803789
0.199953
0.103541
0.0193789
0.0518082
0.0900914
0.217657
0.0972354
0.0376051
0.193564
0.0493023
0.0725407
0.0889323
0.0539905
0.101113
0.170498
0.316851
0.316851
0.0403863
0.0277743
0.0187525
0.0239379
0.0411047
0.0312565
0.122185
0.257545
0.257545
0.149069
0.119293
0.184876
0.117267
0.218533
0.257545
0.129136
0.244598
0.257545
0.148401
0.051984
0.0681294
0.062664
0.0510916
0.0674204
0.127787
0.257545
0.257545
0.125216
0.253051
0.251934
0.142766
0.257545
0.104237
0.132947
0.174099
0.16411
0.227616
0.163927
0.237658
0.176056
0.237658
0.2071
0.160312
0.237658
0.237658
0.118031
0.141111
0.207972
0.203514
0.237013
0.0939123
0.0569878
0.0534208
0.0436239
0.148481
0.237658
0.237658
0.177916
0.237658
0.110524
0.159278
0.237658
0.138858
0.0525893
0.100691
0.0877079
0.161037
0.140083
0.0318558
0.0130146
0.0140002
0.0164182
0.0385048
0.0394602
0.183369
0.27282
0.27282
0.253524
0.0722765
0.0118632
0.00147665
0.0234802
0.207435
0.27282
0.27282
0.0833061
0.27282
0.0701317
0.00364409
0.000469679
0.0404752
0.0429025
0.269755
0.27282
0.27282
0.119616
0.153109
0.0317699
0.0067283
0.0177924
0.0979076
0.27282
0.198548
0.0712253
0.210904
0.164304
0.0428388
0.00611708
0.0166492
0.176606
0.273367
0.273367
0.0778888
0.265132
0.0914686
0.00490308
0.000325459
0.0412915
0.12479
0.273367
0.242387
0.0803259
0.273367
0.213388
0.00567426
0.00158759
0.0143617
0.100516
0.273367
0.189184
0.0538967
0.220203
0.172159
0.048098
0.00610683
0.00261303
0.199585
0.273367
0.0368518
0.0238177
0.258235
0.263189
0.011832
0.0032646
0.0397128
0.141596
0.284038
0.248966
0.088434
0.284038
0.245665
0.00610994
0.00260586
0.0280126
0.0971871
0.256996
0.0342091
0.0410276
0.103545
0.170962
0.0509933
0.0118506
0.00221238
0.20901
0.284038
0.0287327
0.014574
0.284038
0.284038
0.0140464
0.00277935
0.00398073
0.284038
0.284038
0.00749681
0.0203075
0.188434
0.284038
0.002287
0.000602216
0.0596271
0.280425
0.320391
0.0304767
0.0807556
0.142796
0.264049
0.0607754
0.0202092
0.0805148
0.24043
0.0996721
0.0250816
0.0771609
0.135695
0.296374
0.0705429
0.0136694
0.00413922
0.320391
0.320391
0.00694399
0.034959
0.294816
0.320391
0.00770321
0.00132451
0.0257682
0.190602
0.246264
0.0177199
0.0485696
0.0721266
0.138075
0.0217151
0.0020857
0.0765541
0.254671
0.111914
0.019817
0.053591
0.0987348
0.23559
0.088868
0.0343667
0.177986
0.0476009
0.0801635
0.0767186
0.0579675
0.102885
0.183584
0.365611
0.365611
0.0269843
0.168263
0.221732
0.0111515
0.0332544
0.0316141
0.0808007
0.022972
0.00997281
0.24703
0.0558387
0.0747559
0.0175203
0.0196285
0.0129662
0.22889
0.365611
0.365611
0.126371
0.0572391
0.05293
0.0614346
0.0745784
0.0706853
0.11201
0.274989
0.274989
0.103396
0.198907
0.274989
0.16939
0.274989
0.106441
0.125654
0.186024
0.14148
0.15096
0.0850991
0.107891
0.0586252
0.0681074
0.0448621
0.106037
0.234677
0.274989
0.145366
0.1987
0.274989
0.216004
0.212755
0.0593038
0.103727
0.149856
0.171249
0.145013
0.255558
0.255558
0.255558
0.255558
0.13756
0.152738
0.255558
0.122251
0.0655965
0.105139
0.119909
0.25208
0.167696
0.0386974
0.019179
0.0162942
0.0287304
0.182081
0.255558
0.255558
0.255558
0.255558
0.121829
0.100119
0.188383
0.132595
0.0346876
0.0467513
0.0820306
0.208156
0.206568
0.0339108
0.0125846
0.00902316
0.0320945
0.0994047
0.084757
0.297993
0.297993
0.297993
0.144159
0.214422
0.0501665
0.00582766
0.0351389
0.0784011
0.297993
0.234493
0.0937181
0.256562
0.243174
0.0641828
0.00753791
0.0030251
0.0159386
0.0307138
0.297993
0.297993
0.210817
0.101998
0.0116972
0.00848381
0.00109541
0.0479468
0.266355
0.157642
0.0461955
0.104563
0.114038
0.0103636
0.00140903
0.0260068
0.110225
0.294243
0.206468
0.0666517
0.225548
0.21385
0.0683031
0.00630835
0.00549014
0.242264
0.294243
0.0766219
0.0265622
0.294243
0.294243
0.0211196
0.00612965
0.00200631
0.0490379
0.260558
0.144819
0.0429153
0.116424
0.0961898
0.0102177
0.00116271
0.00275065
0.0432824
0.294243
0.285537
0.0466853
0.294243
0.22786
0.000831156
0
0.00252854
0.215466
0.298607
0.0665913
0.0109474
0.258171
0.298607
0.0174313
0.00326929
0.00352241
0.269543
0.298607
0.00624566
0.0184657
0.157349
0.298607
0.00383872
0.000719651
0.00342505
0.0407619
0.298607
0.231983
0.037105
0.278683
0.182717
0.00136674
0
0.0305709
0.120119
0.298607
0.101846
0.0265406
0.129877
0.193746
0.0215961
0.00100203
0.00629663
0.353274
0.353274
0.00925213
0.0301977
0.226356
0.353274
0.00789187
0
0.0276296
0.172716
0.19364
0.0173158
0.0468747
0.0575224
0.130041
0.0195157
0.00252966
0.0448719
0.211471
0.353274
0.16496
0.0307002
0.176884
0.306464
0.0297021
0.00158116
0.0599796
0.29148
0.232169
0.0128807
0.0407856
0.0621851
0.0899106
0.00552105
0.00252965
0.0412323
0.200519
0.209342
0.0148677
0.0446267
0.0499319
0.141154
0.030208
0.0128739
0.310749
0.0680749
0.122636
0.0144439
0.0230868
0.00710244
0.184886
0.387867
0.387867
0.0679756
0.347247
0.277731
0.00701575
0.0282779
0.0687414
0.102651
0.00750202
0.00671256
0.121259
0.0536323
0.0257427
0.00651164
0.0120635
0.00711093
0.0579269
0.21363
0.387867
0.19107
0.0993955
0.123858
0.0779914
0.102558
0.0577389
0.0940097
0.28121
0.28121
0.196299
0.206698
0.28121
0.28121
0.28121
0.0778802
0.0921185
0.182898
0.243573
0.0837858
0.076229
0.0661281
0.0086937
0.0183674
0.0268092
0.0348734
0.160851
0.28121
0.130453
0.181237
0.186135
0.0788111
0.125393
0.0583759
0.0414912
0.101769
0.28121
0.235447
0.269775
0.269775
0.269775
0.269775
0.160522
0.0974395
0.227708
0.192898
0.0407942
0.0608073
0.132174
0.269775
0.255298
0.043691
0.0198693
0.0126731
0.0561512
0.163685
0.269775
0.269775
0.113582
0.185195
0.0986067
0.0512433
0.170969
0.269775
0.0159913
0.0312259
0.0489985
0.0835652
0.126768
0.0363269
0.0195949
0.0126582
0.0164197
0.0647921
0.0284358
0.101309
0.306863
0.306863
0.201716
0.0829874
0.0154764
0.0098696
0.00127509
0.0365295
0.258266
0.195582
0.0610995
0.177299
0.174345
0.0156859
0.00122303
0.0659065
0.0216959
0.215168
0.306863
0.306863
0.177878
0.0929599
0.00795778
0
0.00432195
0.0439247
0.306863
0.306863
0.0661887
0.297082
0.116937
0.00247207
0
0.00154971
0.0407308
0.289184
0.184921
0.0511089
0.182634
0.151172
0.0152695
0.000375796
0.00605356
0.03771
0.289184
0.289184
0.0512341
0.289184
0.289184
0.00163925
0
0.00285879
0.0432952
0.275277
0.289184
0.0718736
0.289184
0.11331
0.000866839
0
0.0098004
0.0316384
0.269721
0.168332
0.0928779
0.289184
0.159721
0.000351162
0
0.00523582
0.0467023
0.311965
0.311965
0.0442181
0.294077
0.281634
0.00225198
0
0.0374287
0.182045
0.311965
0.108403
0.0327698
0.188828
0.228863
0.0175418
0.000781712
0.00927478
0.0394738
0.252455
0.158013
0.0753495
0.311965
0.13593
0.000485208
0
0.0120991
0.216434
0.311965
0.0515099
0.0730685
0.190335
0.0443341
0.00590718
0.000260571
0.0464902
0.254298
0.318839
0.131323
0.0389457
0.24699
0.318839
0.0207671
0.00101932
0.0794236
0.318839
0.274656
0.0129299
0.0328162
0.0730764
0.112808
0.00417672
0.00424476
0.0364195
0.303037
0.318839
0.0679997
0.0842057
0.233804
0.0510227
0.00649017
0.000339772
0.151598
0.318839
0.239156
0.0172962
0.0202132
0.0156329
0.0166827
0.00150542
0
0.113782
0.348643
0.348643
0.0116006
0.036861
0.126264
0.214663
0.0125654
0.0115931
0.165855
0.0842447
0.0376217
0.0104743
0.013765
0.0108709
0.0163652
0.300894
0.348643
0.237428
0.348643
0.348643
0.0338198
0.0292089
0.0117687
0.0271692
0.00210708
0.000749559
0.129674
0.15735
0.0242583
0.00773726
0.0243668
0.00296751
0.00294368
0.0680566
0.28553
0.119599
0.0940489
0.0710485
0.0168275
0.0398452
0.0490045
0.036483
0.230973
0.265863
0.182178
0.216848
0.207784
0.129866
0.241701
0.125448
0.0504944
0.146827
0.265863
0.114826
0.117523
0.0277779
0.0133186
0.0417533
0.0516543
0.0882333
0.134566
0.265863
0.0736639
0.162485
0.119324
0.193316
0.265863
0.23935
0.265863
0.228384
0.26417
0.20437
0.265649
0.265649
0.163373
0.265649
0.180968
0.0773083
0.212845
0.265649
0.0215729
0.0515035
0.0749169
0.129854
0.169384
0.0609624
0.029976
0.0147177
0.0235614
0.106563
0.175439
0.137647
0.199427
0.265649
0.265649
0.265649
0.265649
0.265649
0.0201558
0.114562
0.0931422
0.104243
0.130551
0.0321928
0.0231092
0.0101688
0.00866633
0.125249
0.0350902
0.285429
0.315242
0.315242
0.155279
0.071473
0.0088355
0
0.00890362
0.0346384
0.269517
0.27098
0.0733522
0.315242
0.1347
0.00582252
0.00223112
0.000392306
0.00763931
0.0547344
0.315242
0.315242
0.315242
0.0334965
0.00138189
0
0.0353157
0.032206
0.187122
0.185459
0.141954
0.0946369
0.0114659
0.00431929
0.00223112
0.0102551
0.0597918
0.269704
0.269704
0.112332
0.269704
0.208859
0.00733123
0.00146517
0.0198936
0.0682152
0.269704
0.269704
0.146919
0.269704
0.218325
0.00506718
0.000879099
0.0388919
0.0726501
0.2677
0.269704
0.20917
0.123029
0.0347078
0.00785185
0.00146517
0.0362142
0.1815
0.269704
0.202866
0.155146
0.185071
0.105661
0.0161489
0.00282426
0.0174189
0.0931708
0.304444
0.280775
0.148254
0.304444
0.23632
0.00478548
0.00108721
0.0442058
0.304444
0.304444
0.105181
0.135226
0.304444
0.0947777
0.00525132
0.00181201
0.0363645
0.225354
0.304444
0.220978
0.148668
0.165538
0.114234
0.013233
0.00306915
0.0880925
0.160127
0.110656
0.0994311
0.117696
0.0549306
0.0356919
0.0201699
0.0116964
0.0568905
0.336436
0.336436
0.0895741
0.12331
0.336436
0.111071
0.00597155
0.0029461
0.254964
0.336436
0.336436
0.0224612
0.0192667
0.0249493
0.030336
0.0017786
0
0.0941346
0.221886
0.0932738
0.105409
0.113661
0.0494447
0.0374288
0.0197622
0.0135213
0.336436
0.336436
0.0364146
0.0155543
0.0677469
0.000291772
0.000144893
0
0
0.31261
0.343025
0.343025
0.0363552
0.0264046
0.0217509
0.0497082
0.00380571
0.000512525
0.16578
0.200811
0.0218042
0.0110801
0.0242401
0.00156497
0.00256489
0.0877563
0.308473
0.343025
0.343025
0.0417062
0.0183756
0.0846836
0
0
0
0
0.343025
0.301256
0.00284031
0.00942978
0.0661044
0.00454782
0.002865
0.0430578
0.175366
0.14581
0.140793
0.0186081
0.0264442
0.0505941
0.0668265
0.101792
0.157808
0.249387
0.0750564
0.171002
0.133102
0.249387
0.249387
0.249387
0.249387
0.249387
0.249387
0.249387
0.224808
0.00345489
0.0120543
0.056575
0.00630505
0.0234639
0.0886752
0.242558
0.131608
0.0479382
0.0666699
0.176405
0.248047
0.0728692
0.108243
0.219825
0.249387
0.10408
0.160737
0.125014
0.26933
0.26933
0.26933
0.26933
0.26933
0.26933
0.014611
0.0954891
0.102219
0.141533
0.228931
0.0596031
0.0264871
0.00997873
0.00774956
0.194653
0.0349307
0.0594142
0.173818
0.265647
0.0678885
0.12377
0.26933
0.26933
0.0129851
0.0574961
0.0524555
0.158166
0.26933
0.0522371
0.0292416
0.00275932
0.00590313
0.00138686
0.0161444
0.100101
0.378871
0.378871
0.286285
0.0272444
0.0051758
0.00185038
0.0410213
0.037285
0.216054
0.212439
0.173461
0.112313
0.0130492
0.0133759
0.00553072
0.00964446
0.0334245
0.0782272
0.378871
0.378871
0.166798
0.0222651
0.0242893
0.00634223
0.00776855
0.018075
0.0231988
0.052272
0.198467
0.314773
0.12709
0.0170269
0
0.054163
0.0931654
0.268151
0.268151
0.268151
0.180218
0.0555754
0.0257508
0.00607929
0.0379836
0.231551
0.268151
0.268151
0.248096
0.195635
0.130582
0.0251401
0.00718317
0.0100503
0.0280842
0.0495611
0.101263
0.268151
0.268151
0.220278
0.0224275
0.00511962
0.0966671
0.232112
0.268151
0.129189
0.179677
0.144412
0.0901386
0.0183369
0.010029
0.0376885
0.256599
0.256599
0.256599
0.256599
0.209358
0.188852
0.0262359
0.0141232
0.172986
0.229904
0.185622
0.203166
0.187481
0.0689598
0.0703615
0.0338266
0.0232284
0.100138
0.256599
0.256599
0.147653
0.219232
0.178861
0.108988
0.0183998
0.0196189
0.14094
0.256599
0.251142
0.117185
0.172094
0.0138111
0.0217953
0.0235312
0.0159662
0.153226
0.312854
0.139373
0.193613
0.16591
0.0652433
0.0868541
0.0336904
0.0289123
0.351484
0.351484
0.0613445
0.0202656
0.0805316
0.000742061
0.000679438
0
0
0.142369
0.351484
0.221093
0.0896076
0.158832
0.0234133
0.0340277
0.0260775
0.0176415
0.351484
0.351484
0.0485766
0.0773402
0.194716
0.0178699
0.019017
0.00533018
0
0.335169
0.335169
0.0569431
0.0165639
0.07172
6.12866e-05
0.000895714
0
0
0.335169
0.303996
0
0.00689072
0.055758
0.00218414
0.00323375
0.045475
0.16826
0.335169
0.335169
0.0433404
0.0674794
0.156671
0.0249535
0.026271
0.00699018
0
0.335169
0.260429
0.0162461
0.062617
0.268438
0.000728046
0.00222874
0.0111334
0.121685
0.270791
0.255233
0.00286195
0.01711
0.0575378
0.00242949
0.0243892
0.0947352
0.270791
0.143653
0.0385346
0.0891113
0.240599
0.270791
0.087035
0.109888
0.231091
0.270791
0.270791
0.236989
0.00802672
0.0500074
0.209953
0.000989458
0.00775884
0.0440351
0.223725
0.13498
0.0071293
0.0235014
0.188229
0.26827
0.0388219
0.0505314
0.188561
0.270791
0.225986
0.0283389
0.079892
0.271487
0.285202
0.0811079
0.133507
0.285202
0.285202
0.0101968
0.0451134
0.0788422
0.17779
0.285202
0.115495
0.0371297
0.00371537
0.00858952
0.19941
0.00943743
0.0158816
0.197035
0.251356
0.0551067
0.0633065
0.248271
0.285202
0.0039944
0.0180721
0.0634371
0.285202
0.285202
0.0654609
0.00542244
0.00295655
0.00218474
0.0344622
0.0433028
0.105986
0.377028
0.377028
0.204425
0.0556398
0.0188964
0.00888996
0.00684533
0.0281092
0.0349259
0.0643953
0.247365
0.315356
0.115043
0.0237761
0.00176399
0.158603
0.0287828
0.0696734
0.377028
0.377028
0.271709
0.0799278
0.027794
0.0267942
0.0249656
0.102753
0.225118
0.0768111
0.0531427
0.0793008
0.0369991
0.0129317
0.0136001
0.0144561
0.0403529
0.0743275
0.141918
0.272746
0.272746
0.222303
0.0365241
0.0133083
0.0891832
0.272746
0.272746
0.231896
0.226544
0.181477
0.0938098
0.0199414
0.0181194
0.0710751
0.198104
0.272746
0.212221
0.110242
0.151613
0.053901
0.0135104
0.0146901
0.0363211
0.15467
0.272746
0.272746
0.112134
0.0511075
0.20933
0.181671
0.0171455
0.0757624
0.274688
0.274688
0.204847
0.204397
0.181138
0.101443
0.0183418
0.0297576
0.10986
0.274688
0.274688
0.147578
0.186742
0.0141747
0.0265463
0.022993
0.0212769
0.039529
0.172448
0.274688
0.274688
0.107621
0.0657263
0.181386
0.138196
0.00884127
0.0646932
0.274688
0.274688
0.159781
0.126758
0.0851779
0.185739
0.0715856
0.0041002
0.121954
0.281781
0.23632
0.129041
0.180757
0.017176
0.0413603
0.0294052
0.0279234
0.281781
0.281781
0.0801785
0.086983
0.19079
0.0124858
0.0165205
0.00645222
0.00163785
0.11632
0.281781
0.281781
0.167849
0.192516
0.109167
0.222108
0.0814234
0.00291672
0.281781
0.281781
0.218375
0.111267
0.250041
0.0146929
0.00979472
0.00856098
0.00214945
0.292179
0.292179
0.0664912
0.0758631
0.170354
0.0148497
0.0225491
0.00827512
0.00263937
0.292179
0.283192
0.0148228
0.0538195
0.267191
0.000117074
0.00276346
0.0180384
0.112553
0.292179
0.265957
0.113018
0.11904
0.292179
0.0147727
0.010168
0.00956966
0.00332019
0.292179
0.292179
0.0312534
0.0795978
0.292179
0.00514319
0.0515238
0.018097
0.0303588
0.296762
0.292564
0.00790071
0.049687
0.255704
0.00130138
0.0122891
0.0615925
0.239998
0.139382
0.00898836
0.0249691
0.203962
0.296762
0.0481616
0.0763657
0.22595
0.296762
0.296762
0.296762
0.0160073
0.0967051
0.296762
0.00213656
0.0352561
0.0567792
0.10913
0.139244
0.065503
0.0266625
0.0851852
0.138441
0.0426299
0.0884155
0.133258
0.177229
0.261164
0.0155136
0.0257548
0.270604
0.292786
0.0911742
0.120406
0.292786
0.292786
0.00581678
0.0262462
0.130669
0.292786
0.292786
0.155399
0.0110607
0.0111516
0.00388632
0.239368
0.0754551
0.0290799
0.125785
0.15738
0.0538468
0.114833
0.243392
0.292786
0.0290086
0.0519609
0.0680597
0.183288
0.222754
0.072211
0.034519
0.0149187
0.0231506
0.19223
0.032867
0.0805869
0.376089
0.376089
0.376089
0.128829
0.0192582
0.0228152
0.0289214
0.115717
0.243054
0.110086
0.0591908
0.0652714
0.0264106
0.0134755
0.0135351
0.0164041
0.0386479
0.150774
0.376089
0.376089
0.0527844
0.021406
0.0242435
0.011408
0.0332605
0.095716
0.214638
0.132743
0.0424761
0.0164396
0.175271
0.0357382
0.00603708
0.0645657
0.175056
0.273837
0.232199
0.0981976
0.111472
0.0278089
0.0179184
0.0185046
0.0250791
0.133528
0.273837
0.273837
0.0898101
0.0743218
0.24051
0.147758
0.0177897
0.0475558
0.160891
0.273837
0.219239
0.0767127
0.0290804
0.273837
0.0950584
0.00559555
0.0258321
0.273837
0.273837
0.0797043
0.0207119
0.0719553
0.273837
0.265848
0.0227383
0.0309618
0.126544
0.28506
0.286149
0.0741135
0.0743065
0.184407
0.111257
0.0101436
0.049519
0.286149
0.286149
0.171845
0.108992
0.0652341
0.140974
0.0509588
0.00342803
0.0229673
0.169435
0.286149
0.0909156
0.0362901
0.0749236
0.286149
0.255931
0.01855
0.0186075
0.180192
0.286149
0.134669
0.0993114
0.152027
0.286149
0.0793545
6.888e-05
0.0846667
0.266992
0.266992
0.193456
0.149883
0.0813841
0.159743
0.0626599
0.00411603
0.207541
0.266992
0.221845
0.107577
0.183389
0.0175473
0.0108847
0.00972461
0.00338464
0.0672603
0.195351
0.266992
0.198128
0.142359
0.140867
0.266992
0.0883404
0.00266267
0.21992
0.266992
0.215159
0.172474
0.266992
0.0580888
0.0426871
0.0176258
0.00798802
0.257683
0.263598
0.124275
0.114976
0.263598
0.015667
0.00790967
0.010581
0.00732066
0.263598
0.263598
0.0317669
0.0958116
0.263598
0.00486739
0.0388238
0.0236735
0.027286
0.229519
0.263598
0.174122
0.172556
0.263598
0.042552
0.0100111
0.0403677
0.033555
0.263598
0.263598
0.0863057
0.262274
0.263598
0.00218107
0.0201586
0.0384112
0.0322208
0.303167
0.303167
0.029346
0.148596
0.303167
0.00288278
0.0412377
0.0861147
0.120353
0.128987
0.0831413
0.0432205
0.0747433
0.193688
0.0457926
0.120912
0.171855
0.186011
0.303167
0.303167
0.0770068
0.303167
0.303167
0.000661509
0.0219933
0.138515
0.15267
0.101191
0.176081
0.0759605
0.115282
0.143186
0.00984855
0.0401013
0.134901
0.105299
0.257612
0.141081
0.0732664
0.162517
0.257612
0.0926242
0.238
0.257612
0.257612
0.0487553
0.0887503
0.155127
0.185368
0.239555
0.14848
0.0661889
0.0405835
0.0409342
0.20939
0.257612
0.117598
0.22461
0.257612
0.0167472
0.0896981
0.257612
0.257612
0.119997
0.140577
0.111538
0.0986241
0.0510958
0.0322739
0.0788661
0.104125
0.0536072
0.0154355
0.0438262
0.148483
0.366216
0.366216
0.0582797
0.03793
0.0212084
0.0103387
0.02755
0.0911223
0.223469
0.151814
0.0335043
0.0132993
0.166788
0.0661095
0.00671636
0.0408777
0.104715
0.0878703
0.366216
0.366216
0.0930875
0.1353
0.0631039
0.00913677
0.0172229
0.0833546
0.36231
0.125129
0.0153241
0.059149
0.290786
0.155527
0.0179009
0.031018
0.134229
0.27111
0.219313
0.0521659
0.0267297
0.26749
0.10977
0.00837713
0.0208926
0.203658
0.27111
0.0659797
0.0184226
0.0770514
0.27111
0.229299
0.0211455
0.0231349
0.155926
0.27111
0.150636
0.0228339
0.0944697
0.27111
0.240683
0.0199538
0.0213963
0.169179
0.27111
0.153273
0.0604643
0.206788
0.27111
0.106413
0.0109153
0.0209459
0.15366
0.269359
0.0884894
0.0280069
0.0746489
0.269359
0.231919
0.0184071
0.0309578
0.195972
0.269359
0.15668
0.0509884
0.108222
0.269359
0.084033
0.0155973
0.0550034
0.217019
0.269359
0.136837
0.0510214
0.141936
0.263056
0.113713
0.0103574
0.22199
0.269359
0.269359
0.108298
0.144915
0.0579844
0.138473
0.118418
0.147749
0.0580545
0.201696
0.258308
0.194833
0.0751083
0.086319
0.214274
0.091524
0.0180164
0.180521
0.258308
0.204182
0.141114
0.194971
0.0444165
0.0407914
0.0189735
0.0116953
0.201643
0.258308
0.258308
0.126292
0.151713
0.0513375
0.127251
0.173174
0.176265
0.163024
0.258308
0.258308
0.218071
0.258308
0.047484
0.0333056
0.0662508
0.0740451
0.182123
0.257909
0.160979
0.141796
0.194185
0.0364395
0.018504
0.0302878
0.0363705
0.257909
0.250517
0.0891
0.21652
0.257909
0.00385004
0.0159028
0.0233477
0.0317891
0.122094
0.257909
0.257909
0.202476
0.257909
0.0642635
0.0444889
0.0876805
0.100236
0.215741
0.257909
0.257909
0.198291
0.248564
0.00855032
0.00400825
0.00499264
0.0120853
0.261166
0.261166
0.0836606
0.261166
0.261166
0.00644897
0.0176548
0.0794151
0.115244
0.0679754
0.107394
0.0750637
0.111923
0.122209
0.0304958
0.0371506
0.104236
0.0954819
0.234768
0.261166
0.261166
0.225992
0.261166
0.0826912
0.107822
0.033045
0.049564
0.0591489
0.120443
0.115395
0.158381
0.235095
0.187959
0.261166
0.222669
0.17627
0.117441
0.149704
0.105036
0.203856
0.215815
0.0483374
0.069681
0.242695
0.261462
0.0617159
0.08163
0.0866024
0.0977665
0.090662
0.0519292
0.0467231
0.0523956
0.0400005
0.0884732
0.100236
0.150469
0.257118
0.277133
0.277133
0.277133
0.277133
0.277133
0.0304716
0.0480853
0.0799366
0.277133
0.277133
0.165669
0.0537499
0.025799
0.0180187
0.0354687
0.0938028
0.10134
0.359
0.359
0.0854889
0.148599
0.0536654
0.011562
0.01504
0.0691065
0.306037
0.105756
0.020483
0.0570352
0.317343
0.17413
0.019265
0.0543505
0.0954628
0.206733
0.359
0.359
0.0449723
0.131601
0.0488136
0.0286764
0.0352257
0.059811
0.195734
0.161167
0.146302
0.077046
0.0974249
0.0536662
0.0256879
0.0216508
0.132384
0.264227
0.144986
0.0275814
0.0852599
0.264227
0.231651
0.0261188
0.0322501
0.16558
0.264227
0.175603
0.0983677
0.114729
0.264227
0.0981795
0.0139458
0.0534825
0.0633269
0.264227
0.258224
0.238273
0.117041
0.132377
0.102263
0.0487881
0.038191
0.0397347
0.241052
0.264227
0.264227
0.264227
0.0923455
0.0565735
0.0293637
0.0385414
0.177497
0.282702
0.128601
0.054546
0.0618493
0.159006
0.0867014
0.0126927
0.129378
0.275681
0.282702
0.10209
0.0856016
0.0363508
0.092233
0.103848
0.11074
0.0257951
0.0355292
0.183978
0.265883
0.282702
0.252189
0.0804712
0.0630577
0.0275705
0.037319
0.094644
0.187224
0.25406
0.282702
0.282702
0.271505
0.0493197
0.0191092
0.0848984
0.164479
0.199618
0.0788203
0.0582308
0.0271575
0.0695
0.110276
0.0923233
0.0905031
0.192724
0.217067
0.120205
0.169592
0.0561748
0.041601
0.0341088
0.0318213
0.0245299
0.0655865
0.127079
0.189108
0.304154
0.304154
0.217804
0.0524665
0.0181661
0.0288367
0.23071
0.304154
0.270647
0.304154
0.304154
0.222675
0.0204663
0.0108168
0.0876091
0.194899
0.200348
0.133228
0.170452
0.064084
0.05811
0.0506869
0.053878
0.146507
0.270382
0.248797
0.132659
0.209696
0.0728888
0.0150534
0.000338042
0.0108424
0.0375505
0.213487
0.270382
0.260451
0.270382
0.270382
0.253238
0.027552
0.0143319
0.0373708
0.245772
0.270382
0.134094
0.22882
0.157069
0.0382708
0.00852466
0.00729073
0.244695
0.263287
0.263287
0.261813
0.263287
0.143599
0.0758228
0.0214
0.0535869
0.0544463
0.101418
0.132983
0.193786
0.189395
0.17702
0.234519
0.20893
0.180349
0.081893
0.263287
0.263287
0.221298
0.263287
0.2073
0.0769622
0.0153816
0.0158513
0.0535214
0.0634522
0.0608691
0.083599
0.116755
0.101948
0.106584
0.0215577
0.0242794
0.0916044
0.0980724
0.218397
0.269358
0.269358
0.269358
0.269358
0.269358
0.269358
0.0239837
0.0459054
0.0810143
0.269358
0.269358
0.213521
0.060776
0.0276855
0.0238454
0.109697
0.134254
0.131676
0.186425
0.230081
0.201033
0.23361
0.0480533
0.0502184
0.0331098
0.0787113
0.0880495
0.139574
0.136166
0.0491913
0.0426267
0.0393866
0.0154379
0.0474799
0.0609865
0.13846
0.340682
0.340682
0.0680287
0.120902
0.032977
0.0165295
0.0249613
0.0422249
0.13099
0.102333
0.193333
0.226523
0.0694871
0.0336982
0.0171217
0.184682
0.207031
0.0954436
0.190086
0.340682
0.340682
0.0586308
0.0214554
0.0142612
0.0138938
0.0361172
0.0359811
0.0467868
0.340682
0.340682
0.0380666
0.0103263
0.00564783
0.0348759
0.0414756
0.182002
0.153053
0.266579
0.270879
0.0830766
0.0559495
0.0289587
0.0306785
0.0284873
0.157136
0.198742
0.306479
0.30564
0.0668023
0.0349886
0.0199457
0.022315
0.0381783
0.0456116
0.0704739
0.306479
0.306479
0.0409288
0.0178255
0.00678359
0.109138
0.190623
0.262054
0.144534
0.306479
0.306479
0.0344519
0.00844339
0.00214317
0.021318
0.0314531
0.134979
0.170286
0.255162
0.255162
0.0565433
0.0430924
0.0220342
0.0300734
0.0853598
0.142974
0.203103
0.255162
0.255162
0.171997
0.0614899
0.0301736
0.0709763
0.108222
0.118949
0.124176
0.255162
0.255162
0.0770559
0.0184436
0.00203146
0.252073
0.173245
0.0990306
0.255162
0.255162
0.255162
0.220903
0.152316
0.166466
0.0257302
0.0996342
0.121496
0.149497
0.225642
0.240868
0.13825
0.0486967
0.0189338
0.0313119
0.191663
0.240868
0.17491
0.240868
0.240868
0.150497
0.0195153
0.0079418
0.224978
0.221768
0.0724762
0.20305
0.240868
0.240868
0.170704
0.0809131
0.0677787
0.150548
0.240868
0.240868
0.207819
0.240868
0.0873151
0.0552231
0.0457148
0.0284601
0.0530868
0.262583
0.262583
0.21108
0.262583
0.262583
0.214247
0.025838
0.00750039
0.0285079
0.207633
0.262583
0.142177
0.262583
0.206783
0.0438316
0.00873936
0.00845908
0.253556
0.262583
0.262583
0.256713
0.262583
0.0772148
0.0585518
0.0360766
0.00146494
0.0305137
0.0426087
0.0596911
0.0564833
0.152532
0.0496469
0.0151486
0.00855101
0.00827209
0.101895
0.319903
0.319903
0.319903
0.319903
0.319903
0.106331
0.0276334
0.0291263
0.0730115
0.125404
0.119025
0.172367
0.158417
0.155457
0.0758138
0.023483
0.0338651
0.0759182
0.0907915
0.100539
0.161462
0.319903
0.160884
0.0612379
0.0280503
0.0241373
0.0337865
0.0709863
0.0422191
0.143812
0.319903
0.163396
0.036501
0.0210009
0.0196481
0.137304
0.242795
0.241835
0.275968
0.259486
0.230823
0.123216
0.0520986
0.0634565
0.0533776
0.130958
0.115978
0.185196
0.204267
0.0711129
0.0553278
0.0663609
0.0353436
0.0620751
0.121238
0.0967253
0.275968
0.275968
0.275968
0.0865701
0.0382568
0.0215053
0.0358442
0.0825092
0.113078
0.275968
0.275968
0.275968
0.0689991
0.0322513
0.0286014
0.173779
0.166693
0.0657983
0.215857
0.328642
0.328642
0.0544414
0.0272542
0.0238991
0.0257172
0.0405572
0.0242408
0.0417007
0.328642
0.328642
0.0619387
0.0109413
0.00617933
0.0542167
0.0653632
0.0384779
0.129614
0.311022
0.0449964
0.0646524
0.0955757
0.0436351
0.328642
0.279154
0.0299514
0.0754403
0.298679
0.0679557
0.136631
0.0389081
0.0127712
0.0295123
0.0392806
0.0278574
0.0480113
0.30397
0.30397
0.0389513
0.00937317
0.00366107
0.118434
0.11255
0.156218
0.0986239
0.30397
0.30397
0.0411359
0.00589678
0.00313936
0.290838
0.22811
0.0384493
0.0609212
0.186044
0.0802393
0.220857
0.0415327
0.0112475
0.30397
0.193987
0.0536469
0.0851318
0.265842
0.149355
0.30397
0.0409632
0.00587014
0.0721503
0.0707353
0.0746925
0.086009
0.245042
0.245042
0.0529732
0.0125157
0.00385692
0.190304
0.142479
0.0809563
0.228481
0.245042
0.245042
0.165108
0.14077
0.140589
0.245042
0.180566
0.0403159
0.0579149
0.151179
0.154378
0.245042
0.0514122
0.00818445
0.245042
0.245042
0.0666257
0.0991639
0.128731
0.115729
0.245042
0.245042
0.245042
0.229126
0.229126
0.093116
0.220709
0.229126
0.229126
0.151561
0.0951684
0.0786133
0.16688
0.229126
0.229126
0.182927
0.212384
0.0566618
0.0431836
0.0469393
0.03239
0.229126
0.229126
0.0870705
0.10505
0.222991
0.117306
0.20934
0.212929
0.198031
0.173682
0.183402
0.0770871
0.147548
0.229126
0.0627861
0.088596
0.0500477
0.0297357
0.3068
0.3068
0.3068
0.29663
0.3068
0.0574438
0.0495465
0.0416214
0.00312426
0.0404918
0.0529529
0.058774
0.0825206
0.146059
0.0457365
0.0209816
0.0155209
0.0176233
0.3068
0.3068
0.159188
0.291296
0.3068
0.105622
0.090997
0.0269234
0.00286012
0.0185243
0.0263239
0.0328513
0.158132
0.218569
0.0322848
0.00733375
0.00795263
0.00955683
0.12309
0.144552
0.165014
0.264155
0.323336
0.176649
0.104096
0.0601211
0.0590449
0.0591042
0.160343
0.092624
0.220281
0.323336
0.182688
0.059263
0.0435226
0.0408634
0.0349048
0.0629172
0.0830671
0.323336
0.323336
0.135208
0.0290443
0.0348392
0.0399204
0.0321661
0.0449854
0.0942649
0.323336
0.323336
0.119728
0.0333818
0.0448109
0.0189698
0.0635679
0.146088
0.100193
0.235641
0.31124
0.225549
0.0802492
0.0408662
0.0223947
0.052337
0.104345
0.116479
0.260791
0.31124
0.251735
0.0574572
0.0384685
0.0394647
0.02874
0.0523954
0.0867402
0.31124
0.31124
0.170287
0.0373226
0.0476396
0.0176181
0.0402893
0.0956976
0.0685971
0.31124
0.31124
0.18256
0.095476
0.037662
0.00412635
0.102193
0.0979069
0.0401757
0.173727
0.27178
0.0210821
0.076288
0.154459
0.0709811
0.27178
0.27178
0.0423159
0.109921
0.27178
0.115041
0.228619
0.0786771
0.0198599
0.156562
0.204791
0.0269481
0.202102
0.27178
0.0180278
0.117204
0.152697
0.0382331
0.27178
0.27178
0.0567086
0.0471753
0.138294
0.00752728
0.242875
0.259003
0.111577
0.238955
0.217298
0.034909
0.0559297
0.158034
0.0611344
0.180594
0.0611442
0.0114405
0.275525
0.18257
0.0285496
0.0819705
0.257377
0.136726
0.275525
0.0391087
0.00651351
0.275525
0.275525
0.03687
0.0188843
0.0472834
0.0118269
0.214361
0.219317
0.077957
0.260021
0.275525
0.163932
0.0359891
0.10106
0.140666
0.275525
0.115242
0
0.252092
0.185526
0.0318582
0.0590801
0.155826
0.12862
0.266872
0.0492082
0.00959
0.23731
0.204617
0.0614282
0.105822
0.133046
0.119907
0.227917
0.193424
0.233526
0.266872
0.266872
0.13213
0.033764
0.0834915
0.105623
0.266872
0.0726907
0.00425874
0.233264
0.107301
0.0592047
0.0919628
0.220178
0.0131844
0.0854033
0.181913
0.266872
0.251774
0.251774
0.105436
0.138747
0.251774
0.155491
0.218885
0.181127
0.233017
0.184592
0.21704
0.0893026
0.166281
0.251774
0.0632801
0.0972578
0.0467507
0.0328314
0.251774
0.174616
0.0862311
0.165675
0.251774
0.00882496
0.0512009
0.183817
0.251774
0.184189
0.0537077
0.0488032
0.158502
0.251774
0.016358
0.00543391
0.0234195
0.0525786
0.336965
0.336965
0.199806
0.336965
0.336965
0.129096
0.124855
0.0316167
0.00311582
0.0188143
0.039016
0.0450359
0.155424
0.186237
0.0381687
0.0164556
0.0112342
0.0133688
0.336965
0.124921
0.0972596
0.336965
0.336965
0.0310862
0.00557481
0.0103684
0.00599096
0.0270433
0.0509994
0.0502903
0.109813
0.142563
0.0460991
0.018416
0.00870098
0.0151237
0.0440672
0.111066
0.114853
0.297535
0.297535
0.143816
0.0509802
0.0445401
0.0509668
0.058586
0.0941128
0.130042
0.297535
0.297535
0.104202
0.0680572
0.0645036
0.0297743
0.099742
0.212571
0.185356
0.297535
0.297535
0.141935
0.0646255
0.0420468
0.0397653
0.0363936
0.152777
0.133206
0.297535
0.297535
0.095019
0.113477
0.0619405
0.0374156
0.0682428
0.116446
0.133421
0.286775
0.286775
0.130304
0.0655469
0.0569836
0.0300711
0.0869751
0.163457
0.11967
0.286775
0.286775
0.197453
0.129987
0.044927
0.00973116
0.0594497
0.175042
0.142505
0.286775
0.286775
0.0894191
0.112421
0.101704
0.0420601
0.110667
0.177255
0.172707
0.286775
0.277791
0.0934572
0.0768618
0.0591084
0.0157491
0.153146
0.185309
0.0279399
0.172856
0.277468
0.0170683
0.0915714
0.133761
0.0303061
0.277468
0.277468
0.04509
0.0414396
0.0996649
0.00795676
0.208026
0.277468
0.0838738
0.0851021
0.159286
0.0369105
0.175878
0.277468
0.0177115
0.0307416
0.0425821
0.0290528
0.277468
0.277468
0.0402345
0.034737
0.086358
0.00752239
0.277468
0.277468
0.218954
0.248938
0.248938
0.0302117
0.0185401
0.0471574
0.00489586
0.168721
0.218847
0.0544451
0.230901
0.248938
0.120996
0.0521196
0.127321
0.145476
0.248938
0.0794115
0.00115135
0.248938
0.248938
0.0236762
0.0321101
0.0998453
0.0122175
0.221353
0.228251
0.0841161
0.248938
0.248938
0.131812
0.115778
0.248938
0.0295084
0.20665
0.220229
0.0484855
0.265022
0.265022
0.10908
0.052092
0.121971
0.118429
0.265022
0.0658783
0.00326191
0.234534
0.109825
0.0716917
0.101047
0.226091
0.0195108
0.0624177
0.132879
0.265022
0.265022
0.265022
0.13768
0.106387
0.265022
0.0304567
0.0937971
0.146146
0.0293583
0.129416
0.138163
0.150393
0.0830602
0.152349
0.00625084
0.117105
0.265022
0.265022
0.262799
0.168271
0.113678
0.197457
0.262799
0.0157875
0.0598445
0.161289
0.262799
0.17491
0.0640392
0.042906
0.200712
0.262799
0.0084346
0.00483237
0.0171829
0.0596999
0.181347
0.262799
0.262799
0.144964
0.262799
0.00999865
0.14156
0.262799
0.262799
0.0875611
0.0885333
0.0417263
0.148045
0.262799
0.0123057
0.0097735
0.0374605
0.0605331
0.390128
0.150762
0.0952285
0.390128
0.390128
0.0195326
0.0101503
0.0102699
0.0108215
0.034099
0.0641734
0.0601759
0.129829
0.16173
0.0734939
0.035002
0.0146122
0.0139168
0.2087
0.242458
0.117559
0.390128
0.390128
0.0371414
0.0118277
0.00769002
0.0100391
0.0454796
0.0732839
0.0740013
0.0696069
0.0739857
0.0495665
0.0492756
0.0351562
0.0186935
0.114836
0.215582
0.202188
0.234816
0.234816
0.203413
0.105233
0.0581923
0.0491243
0.0604709
0.214852
0.146372
0.234816
0.234816
0.102384
0.158769
0.0746685
0.0297818
0.133417
0.201685
0.211964
0.234816
0.228547
0.152853
0.144423
0.112706
0.0887699
0.100085
0.234816
0.0972862
0.227238
0.234816
0.126857
0.114399
0.130737
0.0632911
0.093812
0.225918
0.189179
0.226998
0.226998
0.089038
0.17249
0.107917
0.0392061
0.119213
0.226998
0.226998
0.226998
0.212418
0.146903
0.109391
0.0830847
0.0342568
0.134695
0.226998
0.0999722
0.226998
0.226998
0.126338
0.133372
0.146718
0.0932162
0.151191
0.173295
0.192003
0.226998
0.226998
0.122662
0.114148
0.13044
0.1016
0.0977593
0.180638
0.0478391
0.199133
0.310957
0.0259088
0.0365258
0.043543
0.0282701
0.310957
0.310957
0.0600921
0.0418254
0.0976306
0.0060887
0.310957
0.310957
0.231738
0.0349392
0.0594097
0.0529342
0.187496
0.310957
0.0685201
0.0307745
0.0448634
0.0438071
0.288553
0.310957
0.0950318
0.0317881
0.0698605
0.0171801
0.103679
0.052813
0.0371472
0.251067
0.279637
0.0279963
0.030139
0.0941569
0.00700042
0.208815
0.219442
0.0736699
0.279637
0.279637
0.132251
0.116746
0.243604
0.023331
0.144528
0.172028
0.0526907
0.123811
0.279637
0.047839
0.0217649
0.0453069
0.01563
0.0878101
0.0844718
0.0296264
0.279637
0.279637
0.0530052
0.0170712
0.0581727
0.0955818
0.279637
0.279637
0.0871831
0.265815
0.265815
0.12919
0.111335
0.265815
0.0264816
0.130014
0.142619
0.0422558
0.103372
0.129611
0.15221
0.0994122
0.166171
0.0114114
0.102569
0.243552
0.265815
0.265815
0.265815
0.0736226
0.0223007
0.07826
0.107215
0.265815
0.265815
0.11573
0.145029
0.252095
0.0939776
0.0955947
0.186557
0.0179503
0.0454084
0.124368
0.125166
0.152524
0.23952
0.23952
0.176573
0.23952
0.0246181
0.174658
0.23952
0.23952
0.0968578
0.107555
0.0494133
0.169627
0.23952
0.0160842
0.0115854
0.034696
0.0765216
0.156531
0.23952
0.197365
0.144331
0.23952
0.0564524
0.0996602
0.206939
0.210817
0.107986
0.205937
0.180887
0.182825
0.23952
0.0625441
0.052468
0.146427
0.074205
0.177383
0.224349
0.103404
0.294406
0.294406
0.0373586
0.0136075
0.00844878
0.0156312
0.0393112
0.0624581
0.0693179
0.0739436
0.101159
0.0471863
0.0406381
0.029357
0.016365
0.193158
0.294406
0.294406
0.294406
0.294406
0.170516
0.121639
0.202736
0.0983216
0.0475307
0.051092
0.133664
0.276451
0.294406
0.110902
0.0725317
0.0918864
0.103993
0.0859584
0.124122
0.164892
0.207752
0.255544
0.127743
0.111829
0.0840281
0.0649514
0.0639027
0.142017
0.0729497
0.168503
0.202492
0.0864852
0.0825304
0.0884351
0.0314796
0.0814514
0.101619
0.314004
0.314004
0.314004
0.314004
0.234196
0.174929
0.225434
0.0414849
0.0906267
0.155667
0.151199
0.220784
0.119594
0.0742624
0.0628156
0.0470706
0.123258
0.183398
0.11255
0.228388
0.228388
0.131742
0.15503
0.145153
0.07386
0.125217
0.197391
0.183625
0.228388
0.228388
0.143194
0.136512
0.163646
0.0935821
0.0591384
0.154277
0.228388
0.228388
0.228388
0.180427
0.127178
0.112995
0.0764162
0.0946056
0.187706
0.162553
0.220059
0.228388
0.146644
0.13812
0.132632
0.135736
