0.155035
0.0731103
0.0949026
0.236614
0.247736
0.247736
0.147806
0.0645327
0.247736
0.0881208
0.0831401
0.0864615
0.151201
0.247736
0.247736
0.195391
0.142409
0.169556
0.159536
0.0879726
0.204302
0.247736
0.247736
0.120522
0.0784837
0.108298
0.247736
0.0639571
0.0818499
0.177277
0.139435
0.247736
0.0755418
0.0743606
0.0771276
0.0940539
0.0925566
0.107782
0.0896639
0.150563
0.262011
0.262011
0.222494
0.142811
0.183529
0.0590943
0.0922318
0.0925412
0.25898
0.262011
0.228197
0.139621
0.0993448
0.0823486
0.0598632
0.118441
0.186954
0.159352
0.262011
0.0816666
0.111999
0.0932371
0.133072
0.0737569
0.0810853
0.0884634
0.148092
0.236266
0.174158
0.262011
0.23652
0.137802
0.0618991
0.109795
0.102381
0.27167
0.27167
0.27167
0.176745
0.107849
0.0983484
0.0787674
0.104767
0.0748984
0.106349
0.27167
0.175814
0.0932103
0.0808137
0.119186
0.0779947
0.106875
0.0877223
0.15453
0.207268
0.19574
0.27167
0.27167
0.208795
0.0334536
0.0602484
0.0562381
0.125497
0.149514
0.0720822
0.209529
0.27167
0.202378
0.0957673
0.128642
0.106028
0.152895
0.311172
0.290206
0.140151
0.138051
0.190205
0.0638884
0.106662
0.0883574
0.194979
0.311172
0.214649
0.147021
0.066886
0.0755021
0.0523172
0.0755203
0.0892633
0.184941
0.178279
0.0905289
0.227719
0.311172
0.311172
0.023682
0.0763329
0.120135
0.107799
0.10594
0.0970367
0.154561
0.153045
0.106148
0.0680526
0.100572
0.0947094
0.214639
0.333569
0.241575
0.151668
0.0859632
0.113501
0.131085
0.200489
0.121793
0.183964
0.333569
0.206154
0.223336
0.144667
0.134119
0.0613761
0.0753514
0.124499
0.146417
0.163154
0.105484
0.129798
0.109371
0.127108
0.125384
0.193744
0.0609197
0.231134
0.270756
0.112819
0.13714
0.104962
0.115522
0.0804827
0.126588
0.126397
0.188312
0.253182
0.171571
0.174903
0.124573
0.11106
0.112135
0.164001
0.187486
0.253182
0.253182
0.253182
0.175057
0.205713
0.150461
0.138424
0.157797
0.0316824
0.183765
0.233215
0.0909704
0.104
0.0678862
0.0991135
0.120118
0.134503
0.0726602
0.161461
0.253182
0.130296
0.154126
0.166092
0.220269
0.0765241
0.121389
0.202486
0.239412
0.239412
0.239412
0.194522
0.204274
0.13635
0.122207
0.163869
0.0748119
0.239412
0.239412
0.220919
0.098023
0.14276
0.110296
0.130189
0.14392
0.0845674
0.15444
0.239412
0.104473
0.129138
0.127399
0.165585
0.0904489
0.193624
0.167215
0.138479
0.11184
0.0908416
0.0887899
0.198293
0.239412
0.196643
0.113133
0.204461
0.244152
0.244152
0.124547
0.104539
0.175398
0.244152
0.116343
0.108725
0.162833
0.145854
0.244152
0.0748619
0.050465
0.092153
0.107768
0.164707
0.148706
0.17724
0.22646
0.244152
0.144502
0.052468
0.199264
0.218408
0.124994
0.119138
0.149832
0.24314
0.244152
0.0718683
0.0384546
0.0594201
0.160999
0.111241
0.132041
0.154981
0.14605
0.24796
0.0702542
0.0825386
0.0959407
0.130996
0.0627793
0.0664392
0.0744191
0.153184
0.225566
0.17784
0.24796
0.2183
0.164908
0.156552
0.166103
0.175079
0.236199
0.24796
0.0565809
0.0879648
0.0905604
0.135528
0.0367399
0.162427
0.214354
0.100219
0.237066
0.201009
0.24796
0.24796
0.167962
0.0648483
0.0848142
0.0623179
0.138169
0.212026
0.183368
0.234715
0.234715
0.222009
0.0408211
0.0664535
0.0556458
0.096972
0.154887
0.111768
0.226436
0.210984
0.185858
0.0625391
0.144997
0.155724
0.0886763
0.226219
0.234715
0.234715
0.234715
0.181684
0.0446388
0.110445
0.0875867
0.10667
0.129985
0.234715
0.234715
0.234715
0.142361
0.0743769
0.0956231
0.079726
0.137901
0.225294
0.173425
0.243636
0.243636
0.243636
0.043313
0.0904094
0.10866
0.137244
0.130164
0.116714
0.177861
0.162125
0.0958783
0.09124
0.14753
0.0998308
0.132566
0.218289
0.243636
0.243636
0.243636
0.207874
0.184066
0.160374
0.094834
0.169044
0.181166
0.129426
0.105865
0.186159
0.208569
0.0935706
0.0953691
0.121275
0.186221
0.184669
0.143714
0.180271
0.134174
0.123725
0.211418
0.211418
0.0652465
0.211418
0.211418
0.141903
0.205075
0.107542
0.156616
0.159657
0.181415
0.127827
0.211418
0.211418
0.182779
0.149471
0.190149
0.19387
0.128093
0.150135
0.0703843
0.211418
0.210285
0.211418
0.152228
0.0747785
0.175945
0.216674
0.216674
0.0423717
0.216674
0.216674
0.142511
0.201686
0.0868533
0.134873
0.160437
0.208247
0.1066
0.212518
0.216674
0.138434
0.178481
0.216674
0.216674
0.0920287
0.154346
0.0569465
0.216674
0.216674
0.216674
0.16438
0.0625737
0.138255
0.0928305
0.184331
0.0792687
0.163812
0.216674
0.144406
0.116423
0.0869393
0.123049
0.157782
0.2057
0.118364
0.215182
0.217909
0.129018
0.177525
0.189176
0.217909
0.171067
0.217909
0.217909
0.209427
0.180653
0.156606
0.128152
0.217909
0.217909
0.100619
0.201076
0.0753197
0.148204
0.202523
0.160684
0.131969
0.120806
0.117438
0.152443
0.151899
0.192847
0.142688
0.154605
0.0903509
0.0541174
0.0854213
0.141188
0.177391
0.15704
0.159868
0.178428
0.273283
0.154974
0.0720473
0.272972
0.165562
0.164423
0.126565
0.14817
0.257345
0.273283
0.0879261
0.034329
0.0500119
0.156475
0.187201
0.122817
0.0656153
0.243234
0.273283
0.122919
0.079208
0.0949204
0.185015
0.117011
0.0495119
0.047565
0.273283
0.273283
0.0786943
0.0533371
0.0462346
0.083642
0.199359
0.176558
0.179879
0.255515
0.256971
0.0651576
0.0781813
0.0691639
0.124204
0.0445726
0.131623
0.148439
0.0955578
0.256971
0.21623
0.256971
0.254739
0.178077
0.0690493
0.0501308
0.0646059
0.256971
0.256971
0.108037
0.0707188
0.0455131
0.0642251
0.0980817
0.170455
0.0480124
0.164486
0.22035
0.180034
0.158185
0.227062
0.130224
0.0680862
0.122911
0.116351
0.0791252
0.228
0.228
0.228
0.228
0.182196
0.0468409
0.0888543
0.0613324
0.100977
0.14776
0.228
0.214095
0.204682
0.115209
0.093304
0.126467
0.0369749
0.106405
0.207839
0.212973
0.196439
0.228
0.219924
0.0829788
0.143845
0.0654537
0.0765028
0.160338
0.228
0.197036
0.222181
0.228
0.0741955
0.115412
0.0643409
0.0970642
0.227819
0.24621
0.24621
0.24621
0.143542
0.12477
0.11535
0.0779604
0.181285
0.195473
0.121677
0.0577692
0.111301
0.162202
0.0998972
0.141734
0.0930813
0.0833715
0.24621
0.24621
0.24621
0.24621
0.24621
0.163222
0.144746
0.0617343
0.100282
0.205989
0.180798
0.0907979
0.0934257
0.21921
0.141671
0.165764
0.121688
0.222544
0.222544
0.218967
0.123912
0.149486
0.181663
0.125991
0.146166
0.0762996
0.21865
0.195097
0.222544
0.142899
0.0642435
0.151247
0.185898
0.164288
0.115465
0.157431
0.222544
0.222544
0.128396
0.163899
0.222544
0.0890758
0.0874227
0.135053
0.222544
0.222544
0.0985672
0.0658433
0.155239
0.17735
0.108678
0.171017
0.0766585
0.215622
0.215622
0.215622
0.206576
0.0883955
0.15237
0.133149
0.215622
0.0900646
0.213921
0.215622
0.168384
0.113681
0.0940117
0.16256
0.0854117
0.0692831
0.149398
0.215622
0.215622
0.138012
0.0824929
0.215622
0.215622
0.139928
0.159731
0.210317
0.215622
0.19203
0.150069
0.0726863
0.185949
0.13206
0.1299
0.207139
0.085089
0.199276
0.207139
0.207139
0.149667
0.140012
0.148866
0.207139
0.199746
0.205635
0.163159
0.207139
0.138337
0.0941943
0.064396
0.139166
0.159839
0.171724
0.190076
0.207139
0.207139
0.161948
0.0769147
0.207139
0.146631
0.0736426
0.172
0.133956
0.120048
0.207139
0.153738
0.204942
0.16971
0.137522
0.183681
0.0975221
0.0482059
0.243742
0.277101
0.0984676
0.0753511
0.0753765
0.188599
0.110857
0.067882
0.0420349
0.277101
0.277101
0.0495734
0.0400492
0.0388986
0.0829676
0.236305
0.13439
0.0526635
0.225094
0.277101
0.10015
0.0364057
0.109242
0.277101
0.171302
0.244197
0.124206
0.263903
0.277101
0.0433788
0.0249918
0.0429994
0.13238
0.0875044
0.0934743
0.0680129
0.28766
0.28766
0.0836351
0.0638385
0.052569
0.0741567
0.121459
0.146393
0.00925306
0.181939
0.284276
0.164048
0.171291
0.272848
0.162675
0.220915
0.28766
0.144629
0.28766
0.28766
0.0872941
0.0341131
0.0545393
0.043823
0.0819717
0.0400017
0.0168503
0.1187
0.28766
0.135283
0.0658483
0.0189781
0.163466
0.105554
0.112649
0.0160417
0.109551
0.233828
0.218162
0.231375
0.233828
0.219297
0.0878941
0.130318
0.0560268
0.102076
0.215093
0.233828
0.233828
0.233828
0.233828
0.0661632
0.026707
0.0113417
0.122099
0.233828
0.164414
0.0947278
0.0913073
0.168225
0.156197
0.0380819
0.0330756
0.072892
0.17637
0.165139
0.233828
0.233828
0.233828
0.0855998
0.12374
0.0762723
0.0955323
0.251247
0.251247
0.251247
0.251247
0.251247
0.13835
0.114551
0.0564791
0.125672
0.233932
0.169381
0.070993
0.0722949
0.215725
0.154234
0.0415818
0.0443741
0.106426
0.220623
0.195417
0.251247
0.251247
0.251247
0.0797966
0.0598395
0.0511331
0.11054
0.251247
0.088268
0.0854274
0.0832784
0.174201
0.201423
0.175921
0.125821
0.202759
0.244396
0.244396
0.124541
0.142144
0.244396
0.0789246
0.0927635
0.146926
0.244396
0.244396
0.109203
0.0578717
0.162246
0.177562
0.130137
0.0966758
0.0895398
0.195854
0.244396
0.195193
0.1761
0.115201
0.222002
0.0991081
0.130839
0.0897503
0.185087
0.182397
0.139073
0.112884
0.0751722
0.152698
0.0798953
0.06856
0.136669
0.203002
0.214665
0.147279
0.0722442
0.21146
0.214665
0.163839
0.142372
0.183489
0.214665
0.214665
0.149481
0.0774041
0.187525
0.155809
0.130473
0.135173
0.0986598
0.155335
0.197678
0.162026
0.163631
0.0732358
0.132512
0.214665
0.166505
0.155031
0.126031
0.214665
0.214665
0.214665
0.153297
0.211822
0.182583
0.147583
0.143902
0.214462
0.214462
0.150447
0.0946228
0.201226
0.173506
0.0673119
0.157146
0.107918
0.123359
0.214462
0.163999
0.205583
0.152559
0.126611
0.214462
0.182072
0.124959
0.107997
0.214462
0.214462
0.214462
0.162755
0.18084
0.0977581
0.15128
0.123373
0.192676
0.141071
0.105032
0.19435
0.214462
0.127954
0.164976
0.117071
0.0713274
0.213099
0.262044
0.0903615
0.05336
0.087731
0.262044
0.141014
0.208879
0.118592
0.237878
0.262044
0.0274857
0.0333338
0.0471441
0.121962
0.0858242
0.113716
0.208306
0.262044
0.262044
0.15944
0.0969588
0.0822611
0.154247
0.18918
0.154541
0.158916
0.247006
0.262044
0.0879063
0.113795
0.0638862
0.158021
0.189987
0.261295
0.160508
0.261295
0.261295
0.0472938
0.0439764
0.0654257
0.0651727
0.0857403
0.01437
0.0145512
0.0773424
0.256317
0.0876333
0.0380968
0.0149696
0.167494
0.261295
0.185639
0.164758
0.261295
0.261295
0.128801
0.184023
0.114005
0.250011
0.135122
0.0266472
0.0208815
0.0957734
0.261295
0.211174
0.0900988
0.0569312
0.242004
0.0747013
0.0190591
0.0184174
0.0861467
0.242857
0.145
0.0888237
0.0962848
0.170794
0.150042
0.0296089
0.0315276
0.0698889
0.195484
0.195543
0.242857
0.242857
0.242857
0.173195
0.0281705
0.0381804
0.130501
0.242857
0.196902
0.110869
0.064971
0.242857
0.200399
0.0373304
0.0982392
0.242857
0.20724
0.159722
0.242857
0.241202
0.242857
0.126912
0.0376462
0.0401882
0.095493
0.206966
0.223841
0.236895
0.236895
0.236895
0.0763925
0.0380306
0.0453739
0.114305
0.236895
0.0733378
0.083597
0.0845123
0.16339
0.163577
0.0404534
0.115769
0.236895
0.236895
0.181672
0.236895
0.228562
0.236895
0.0353683
0.182397
0.155805
0.164323
0.236895
0.111438
0.178368
0.201563
0.0861162
0.131577
0.0746072
0.0871534
0.21459
0.250229
0.188851
0.171184
0.0955276
0.209231
0.0916746
0.120064
0.0835134
0.183624
0.171881
0.11829
0.0971301
0.0731932
0.11763
0.0341833
0.194299
0.250229
0.22999
0.250229
0.250229
0.250229
0.250229
0.133789
0.0938995
0.140378
0.100725
0.155755
0.250229
0.1653
0.140934
0.0492516
0.0968059
0.117889
0.13902
0.09874
0.158907
0.199459
0.158304
0.152416
0.0722707
0.10456
0.20283
0.148999
0.131501
0.152164
0.228927
0.228927
0.221874
0.135452
0.182297
0.0945287
0.0807974
0.0976607
0.134872
0.228927
0.228927
0.228927
0.0755985
0.11528
0.111731
0.187677
0.114695
0.196989
0.228927
0.228927
0.204602
0.145339
0.176773
0.187058
0.151078
0.10163
0.117149
0.215823
0.215823
0.215823
0.139629
0.163482
0.0701076
0.12644
0.157688
0.211401
0.140451
0.11836
0.149466
0.181315
0.125737
0.094255
0.148102
0.154486
0.183308
0.215823
0.215823
0.215823
0.136678
0.162875
0.0988292
0.109289
0.20374
0.215823
0.194835
0.194748
0.163481
0.137603
0.179919
0.0985619
0.130529
0.254576
0.264024
0.264024
0.166619
0.123417
0.104901
0.181834
0.225363
0.200652
0.264024
0.264024
0.264024
0.0816374
0.113935
0.0683579
0.189673
0.0252104
0.0431662
0.0985016
0.159722
0.264024
0.139889
0.0620205
0.0444282
0.0249425
0.030407
0.0674376
0.20612
0.253089
0.264024
0.0626046
0.0391436
0.0230355
0.018784
0.261665
0.208499
0.261665
0.261665
0.261665
0.10967
0.154242
0.100643
0.255078
0.114951
0.035311
0.0464715
0.120817
0.261665
0.246163
0.0766938
0.0569756
0.216127
0.0296666
0.0659813
0.195227
0.261665
0.261665
0.0913978
0.0339421
0.0226365
0.0236767
0.0176211
0.0156633
0.0644369
0.166246
0.261665
0.240713
0.0412527
0.0507675
0.0402853
0.122107
0.0314344
0.0513982
0.140599
0.253363
0.24596
0.0939205
0.0619372
0.21648
0.136991
0.0272213
0.0821824
0.226223
0.210402
0.230087
0.253363
0.231344
0.253363
0.0242918
0.0178217
0.0516885
0.213546
0.253363
0.233365
0.0440358
0.035022
0.0337427
0.0946167
0.0414296
0.121707
0.253363
0.253363
0.248281
0.148416
0.0617569
0.0862452
0.124166
0.0436634
0.0990506
0.234615
0.234615
0.234615
0.234615
0.223721
0.234615
0.0681135
0.155838
0.0987502
0.133613
0.234615
0.11006
0.155957
0.168958
0.10461
0.101237
0.0695189
0.124716
0.234615
0.234615
0.234615
0.129162
0.0572455
0.101084
0.106898
0.198582
0.0909748
0.182609
0.234615
0.171884
0.13944
0.107569
0.161432
0.101592
0.183131
0.145951
0.169485
0.226801
0.226801
0.226801
0.226801
0.155736
0.0856655
0.10923
0.0792031
0.137319
0.226801
0.115533
0.100334
0.0698459
0.0856353
0.171725
0.226801
0.123138
0.21646
0.226801
0.226801
0.213992
0.181224
0.226801
0.0590886
0.103621
0.0770987
0.194945
0.226801
0.164456
0.126387
0.104938
0.0713882
0.111025
0.106812
0.107452
0.146005
0.229396
0.222003
0.180488
0.101541
0.13088
0.0671508
0.145586
0.0902879
0.155509
0.229396
0.229396
0.13246
0.115526
0.173663
0.0861142
0.154768
0.128164
0.203932
0.229396
0.229396
0.204485
0.162785
0.0776306
0.0381825
0.152894
0.125713
0.229396
0.229396
0.229396
0.189957
0.16668
0.160633
0.0573202
0.12174
0.144948
0.148454
0.22177
0.22177
0.144671
0.109056
0.156124
0.0846135
0.133593
0.22177
0.22177
0.204983
0.180633
0.144055
0.124038
0.164103
0.0499541
0.209428
0.166463
0.171475
0.22177
0.210741
0.162972
0.153339
0.10798
0.0359968
0.103349
0.200847
0.201221
0.22177
0.198429
0.22177
0.149101
0.103096
0.0680727
0.0836244
0.18002
0.261374
0.292386
0.227904
0.11296
0.0959713
0.0671517
0.0739576
0.165045
0.292386
0.292386
0.292386
0.101736
0.047859
0.0310218
0.0410453
0.048856
0.0828834
0.0776117
0.147529
0.292386
0.190192
0.0900649
0.0787065
0.0313735
0.0741793
0.186365
0.131093
0.285181
0.278233
0.0651132
0.0761148
0.133198
0.0365805
0.0536181
0.130739
0.30829
0.30829
0.30829
0.148054
0.0259975
0.0212955
0.0390059
0.00877637
0.0396506
0.124762
0.30829
0.30829
0.30829
0.0686759
0.0592157
0.0276027
0.0675924
0.113555
0.0926971
0.205596
0.278057
0.128232
0.125422
0.177904
0.0435917
0.060021
0.181335
0.0721785
0.117223
0.201159
0.202126
0.0767499
0.0539523
0.0456141
0.00590946
0.0274978
0.078597
0.287571
0.287571
0.287571
0.0687382
0.043122
0.0155205
0.117241
0.0686153
0.136061
0.259967
0.287571
0.287571
0.257189
0.103953
0.0970992
0.0431993
0.129396
0.118103
0.097133
0.22507
0.182847
0.0878689
0.0542061
0.0361235
0.0547581
0.209766
0.202671
0.237449
0.287571
0.122226
0.0366794
0.0132934
0.0113185
0.118445
0.099392
0.123641
0.249988
0.249988
0.249988
0.202653
0.0941784
0.10689
0.166158
0.249988
0.0873409
0.176941
0.249988
0.213763
0.166314
0.129717
0.192044
0.0511532
0.195831
0.249988
0.233052
0.249988
0.100227
0.0487166
0.0286335
0.0247445
0.0555486
0.115349
0.128081
0.125215
0.191504
0.129668
0.116324
0.18018
0.106235
0.230479
0.230479
0.108437
0.211199
0.230479
0.230479
0.19942
0.181768
0.230479
0.0734904
0.112771
0.0759003
0.22064
0.230479
0.200275
0.14234
0.155269
0.0917555
0.076593
0.140195
0.170511
0.183497
0.230058
0.13124
0.130506
0.221749
0.144404
0.0467414
0.140506
0.154539
0.133762
0.142714
0.160059
0.108439
0.12603
0.0619669
0.112997
0.168073
0.12278
0.216296
0.216296
0.216296
0.198535
0.205718
0.124681
0.0487312
0.143113
0.126952
0.207796
0.216296
0.216296
0.170618
0.167312
0.172489
0.0664935
0.189506
0.192878
0.1876
0.192649
0.15244
0.13904
0.122817
0.10354
0.0714107
0.187071
0.156701
0.205558
0.137675
0.125227
0.183682
0.117925
0.190512
0.0662264
0.213309
0.182667
0.160048
0.216042
0.216042
0.145289
0.157624
0.134627
0.0419969
0.15381
0.189258
0.216042
0.216042
0.216042
0.211572
0.133819
0.111641
0.0751361
0.170801
0.122957
0.196421
0.164469
0.111746
0.198779
0.102733
0.205548
0.0502738
0.121438
0.200558
0.216042
0.199171
0.216042
0.131538
0.127069
0.113893
0.0621107
0.12236
0.139576
0.188347
0.334462
0.283109
0.111099
0.0707431
0.0360855
0.08276
0.178669
0.124613
0.334462
0.334462
0.162039
0.102929
0.0960348
0.0312922
0.00948784
0.0499918
0.100039
0.125677
0.334462
0.201806
0.0351686
0.0228656
0.033205
0.0222927
0.0998246
0.0854372
0.171863
0.334462
0.188066
0.0737976
0.0654488
0.0485877
0.0680033
0.13593
0.0781609
0.227209
0.256382
0.200865
0.145827
0.114624
0.0315677
0.0607642
0.17001
0.139308
0.239377
0.256382
0.218683
0.10554
0.0407621
0.0448466
0.0291916
0.111242
0.0561425
0.171519
0.256382
0.174061
0.0815154
0.0693555
0.0468909
0.135203
0.140969
0.225622
0.255671
0.256382
0.256382
0.188821
0.063062
0.242938
0.0431331
0.125998
0.138384
0.162711
0.279925
0.197136
0.110808
0.0397363
0.0340926
0.0668456
0.216586
0.176522
0.279925
0.279925
0.173987
0.0632952
0.0110812
0.00755285
0.0991598
0.112323
0.171386
0.225587
0.279925
0.250394
0.154769
0.0436597
0.175385
0.0221313
0.10159
0.128294
0.273314
0.279925
0.211587
0.0493887
0.0251476
0.0461917
0.0548354
0.193964
0.216245
0.247484
0.254557
0.150606
0.0793913
0.0246398
0.0135364
0.0670931
0.144811
0.140338
0.125564
0.216543
0.124143
0.163202
0.2054
0.123204
0.0171662
0.105928
0.150762
0.253165
0.254557
0.236876
0.0921172
0.0204866
0.0397175
0.00861225
0.0440738
0.0502532
0.0996732
0.214813
0.254557
0.254557
0.254557
0.254557
0.0919146
0.181633
0.184579
0.189409
0.218832
0.110849
0.153573
0.217595
0.147575
0.073468
0.143746
0.158605
0.150714
0.197167
0.177238
0.12872
0.158331
0.0774924
0.042806
0.0850824
0.10741
0.171407
0.218832
0.218832
0.218832
0.218832
0.218832
0.134892
0.218832
0.166034
0.218832
0.218832
0.138308
0.161212
0.101247
0.0982242
0.0929314
0.159104
0.156757
0.183825
0.217078
0.141747
0.111878
0.124206
0.117747
0.0754712
0.16742
0.163019
0.18688
0.148427
0.109893
0.144207
0.112632
0.177078
0.142659
0.204763
0.170496
0.217078
0.217078
0.151828
0.216993
0.129373
0.109899
0.07916
0.217078
0.217078
0.184274
0.17605
0.217078
0.217078
0.212757
0.122354
0.0896348
0.162108
0.142572
0.186448
0.189997
0.103515
0.157715
0.107336
0.214086
0.0455157
0.135353
0.174846
0.214086
0.20256
0.214086
0.104789
0.0800747
0.0958562
0.0777097
0.214086
0.214086
0.146624
0.214086
0.214086
0.214086
0.214086
0.171347
0.0923229
0.200616
0.176138
0.138557
0.191879
0.12774
0.186374
0.179894
0.142109
0.0246727
0.093854
0.216381
0.19814
0.440151
0.392845
0.0403882
0.0180562
0.0406941
0.0164293
0.105921
0.120578
0.260483
0.440151
0.379458
0.107071
0.0341954
0.0465944
0.0347213
0.0284439
0.0327694
0.106847
0.189288
0.10027
0.0740715
0.0304362
0.0374311
0.012064
0.0249619
0.0279803
0.0926635
0.120725
0.0636318
0.0620777
0.0721321
0.0200973
0.0235769
0.116828
0.0445932
0.163139
0.291556
0.209142
0.0818564
0.0187073
0.0375523
0.127569
0.117255
0.276339
0.291556
0.291556
0.241456
0.184543
0.0557237
0.20638
0.053182
0.0558801
0.0235522
0.0805971
0.122456
0.0443522
0.0264231
0.0288231
0.0513149
0.248157
0.114777
0.0869993
0.291556
0.291556
0.154867
0.0745603
0.0672732
0.291556
0.0993223
0.0981661
0.180546
0.249374
0.283316
0.217605
0.157774
0.0358998
0.155713
0.0185228
0.0509479
0.0895919
0.283107
0.283316
0.247112
0.0488472
0.0129144
0.0309735
0.221986
0.147296
0.0781011
0.253149
0.283316
0.112535
0.0366234
0.0336507
0.283316
0.0338044
0.0376265
0.0336684
0.109491
0.283316
0.230261
0.0615484
0.016204
0.0430612
0.0164183
0.077998
0.118329
0.26951
0.26951
0.26951
0.0999301
0.0186414
0.0310939
0.019322
0.0574776
0.0686138
0.149378
0.218903
0.26951
0.26951
0.26951
0.26951
0.0276446
0.0690285
0.0487093
0.127473
0.26951
0.240857
0.0514683
0.035693
0.038026
0.0492651
0.0760843
0.0380649
0.149449
0.265779
0.26951
0.149026
0.116481
0.100291
0.0630317
0.0921325
0.122407
0.181819
0.195753
0.217578
0.217578
0.217578
0.217578
0.170117
0.192368
0.160698
0.217578
0.199959
0.138643
0.15004
0.127805
0.115538
0.0463435
0.0577241
0.0451968
0.128968
0.217578
0.217578
0.172617
0.138684
0.132201
0.0772385
0.193723
0.217578
0.195824
0.212658
0.199726
0.163765
0.165353
0.0866483
0.177718
0.168628
0.150271
0.206651
0.206651
0.140023
0.164626
0.119141
0.118798
0.0728399
0.184786
0.206651
0.147166
0.176429
0.192022
0.206651
0.184414
0.119433
0.0763956
0.179306
0.206651
0.203538
0.177549
0.203233
0.206651
0.149251
0.126725
0.0271098
0.11152
0.141956
0.206651
0.206651
0.122426
0.166096
0.166591
0.170695
0.0878957
0.211859
0.211859
0.139648
0.211859
0.211859
0.211859
0.211859
0.17914
0.0739852
0.174211
0.182519
0.149933
0.20281
0.127042
0.138801
0.148866
0.147988
0.0385199
0.126486
0.145541
0.211859
0.211859
0.152372
0.211859
0.211859
0.211859
0.0733676
0.090724
0.125484
0.187666
0.181526
0.0535766
0.16441
0.197112
0.0810879
0.178631
0.105117
0.108141
0.234332
0.234332
0.230879
0.149273
0.154915
0.166135
0.0372175
0.0819334
0.09707
0.228081
0.234332
0.183334
0.14297
0.190061
0.0642283
0.0614259
0.0799572
0.0945316
0.212792
0.228178
0.234332
0.111914
0.168382
0.143002
0.059658
0.0930312
0.234332
0.234332
0.234332
0.220566
0.101181
0.0874363
0.115819
0.0505928
0.0461891
0.0276324
0.0878756
0.130159
0.0403339
0.0242566
0.0300927
0.0613074
0.257216
0.0975998
0.0817932
0.331385
0.331385
0.0931316
0.0757692
0.0842042
0.331385
0.0411519
0.0672074
0.0568679
0.129001
0.195701
0.0362365
0.0183689
0.0199668
0.0372393
0.331385
0.0903086
0.0314061
0.331385
0.331385
0.0806647
0.0408153
0.0726159
0.331385
0.224045
0.13054
0.0743285
0.283316
0.283316
0.0824446
0.038057
0.0426383
0.283316
0.0426334
0.0485567
0.0293295
0.110886
0.283316
0.266376
0.0644577
0.0129225
0.0417176
0.283316
0.153943
0.0513089
0.283316
0.283316
0.0805384
0.0347471
0.0611654
0.283316
0.0925174
0.107144
0.0559226
0.167729
0.283316
0.0838937
0.0282719
0.0196476
0.0558735
0.0400216
0.0932595
0.0484609
0.140253
0.236018
0.236018
0.0588109
0.0409007
0.0473686
0.0596437
0.0805156
0.0703426
0.235565
0.236018
0.236018
0.130369
0.127999
0.130502
0.176038
0.193563
0.108162
0.209453
0.236018
0.150977
0.0814071
0.0772198
0.143547
0.21546
0.166273
0.168876
0.236018
0.236018
0.184676
0.220643
0.168489
0.236018
0.0575162
0.0505469
0.0633704
0.166356
0.215469
0.215469
0.143277
0.135308
0.14294
0.102176
0.147732
0.208762
0.161436
0.17982
0.215469
0.159529
0.172174
0.0872082
0.207098
0.121873
0.116371
0.168241
0.215469
0.199672
0.206048
0.204339
0.215469
0.116772
0.145862
0.138226
0.0998903
0.215469
0.201641
0.170866
0.175927
0.198008
0.119757
0.156586
0.202325
0.186018
0.193874
0.217384
0.217384
0.149495
0.126564
0.0490763
0.117603
0.134912
0.185868
0.217384
0.144598
0.148241
0.140981
0.150661
0.11294
0.114174
0.134221
0.105704
0.217384
0.217384
0.179724
0.197316
0.217384
0.143317
0.142248
0.086533
0.115862
0.140142
0.185979
0.217384
0.189576
0.215271
0.0575541
0.137864
0.140658
0.213012
0.213012
0.190492
0.213012
0.17474
0.202363
0.0622328
0.0899881
0.161929
0.205475
0.200285
0.0762821
0.126433
0.201895
0.0950745
0.167472
0.126428
0.135784
0.167879
0.19817
0.205172
0.213012
0.213012
0.213012
0.0707539
0.122774
0.208585
0.140353
0.134318
0.107735
0.213012
0.205043
0.115674
0.108557
0.116157
0.139874
0.205367
0.226243
0.217077
0.0961839
0.226243
0.192082
0.0700029
0.1195
0.226243
0.226243
0.226243
0.226243
0.0864751
0.095134
0.111248
0.062641
0.068051
0.166467
0.207121
0.216892
0.226243
0.152705
0.149964
0.130866
0.0975755
0.106734
0.117193
0.208751
0.226243
0.226243
0.161541
0.080566
0.104904
0.0428344
0.057341
0.055998
0.156082
0.230987
0.0409636
0.014523
0.0216184
0.0365706
0.325069
0.0688617
0.0273744
0.325069
0.325069
0.0594341
0.0659023
0.10487
0.325069
0.068156
0.0532573
0.032011
0.109451
0.171192
0.0531084
0.0364585
0.0240937
0.0370922
0.320831
0.0970744
0.0532808
0.302745
0.325069
0.0388942
0.125448
0.20568
0.187924
0.290845
0.152055
0.0582857
0.290845
0.290845
0.0802786
0.0595134
0.0830504
0.290845
0.112667
0.155632
0.0692052
0.190153
0.290845
0.110448
0.0407905
0.025675
0.0540257
0.239742
0.127783
0.0619263
0.290845
0.290845
0.0329205
0.109872
0.153313
0.151178
0.0498524
0.0467735
0.0621039
0.156191
0.290845
0.100808
0.0280847
0.0480896
0.0349849
0.18567
0.231255
0.125463
0.223436
0.231255
0.188779
0.103368
0.0806871
0.142942
0.185124
0.179284
0.187874
0.231255
0.231255
0.215008
0.185573
0.159297
0.231255
0.0538466
0.0845524
0.0689065
0.188312
0.231255
0.119106
0.0618928
0.0705692
0.0806647
0.131025
0.124095
0.0632908
0.129399
0.231255
0.176791
0.132188
0.152571
0.198513
0.175871
0.120123
0.127705
0.19798
0.221907
0.221907
0.190262
0.195254
0.221907
0.118245
0.128736
0.122351
0.0953791
0.221907
0.221907
0.179605
0.194759
0.21751
0.121572
0.0789568
0.0498731
0.0996818
0.220577
0.133629
0.123929
0.155104
0.220704
0.0847632
0.094066
0.0703505
0.0670884
0.129529
0.168557
0.221907
0.221907
0.221907
0.108262
0.101041
0.113075
0.09454
0.222889
0.222889
0.177146
0.194991
0.222889
0.146946
0.145673
0.0912171
0.108059
0.147504
0.182394
0.222889
0.179063
0.194587
0.107946
0.105458
0.10214
0.0741652
0.127038
0.174136
0.222889
0.222889
0.222889
0.119528
0.222889
0.158769
0.139758
0.0867587
0.129088
0.208008
0.222141
0.201847
0.153803
0.134882
0.130107
0.147135
0.213043
0.202936
0.213043
0.191534
0.213043
0.0706533
0.121532
0.179222
0.132153
0.142233
0.108282
0.212176
0.178882
0.0896186
0.163704
0.213043
0.200234
0.174007
0.147673
0.192944
0.213043
0.213043
0.213043
0.0703358
0.153893
0.156302
0.112147
0.201275
0.120756
0.0914025
0.167763
0.155591
0.0449721
0.0547412
0.11657
0.12384
0.159594
0.151783
0.0960875
0.138462
0.0853724
0.0534235
0.0769975
0.0770519
0.181438
0.235236
0.174254
0.101568
0.0751577
0.0671291
0.0448774
0.065771
0.0425939
0.184968
0.465073
0.18455
0.077937
0.100231
0.0716772
0.0465283
0.079729
0.0989382
0.318766
0.465073
0.242644
0.109456
0.0633008
0.0546742
0.078318
0.0576668
0.0331322
0.134715
0.192421
0.0557923
0.0403291
0.0329722
0.041642
0.292947
0.128675
0.0561009
0.292947
0.292947
0.041169
0.141595
0.226905
0.234992
0.0376383
0.0530828
0.0361384
0.160162
0.292947
0.0894604
0.0568784
0.0335583
0.0189117
0.292947
0.137195
0.0689978
0.292947
0.292947
0.0351383
0.108305
0.120627
0.287776
0.277557
0.156848
0.076356
0.277557
0.277557
0.0399077
0.136471
0.180278
0.195363
0.0723028
0.0723811
0.0577484
0.186324
0.277557
0.102031
0.0404517
0.0463016
0.0257393
0.277557
0.15286
0.0722978
0.277557
0.277557
0.0444084
0.130981
0.11369
0.244833
0.172036
0.0646479
0.0308341
0.11409
0.277557
0.133437
0.0477365
0.0375677
0.0958183
0.0739626
0.115727
0.0819296
0.237928
0.245161
0.120759
0.0854142
0.0744829
0.0874883
0.15206
0.19125
0.0830139
0.171935
0.245161
0.197105
0.122508
0.176121
0.235442
0.22095
0.123171
0.0470273
0.127883
0.245161
0.16086
0.0922462
0.0650449
0.191479
0.14375
0.165352
0.132891
0.0686397
0.245161
0.245161
0.113814
0.210911
0.245161
0.124727
0.0999877
0.0548899
0.113188
0.218115
0.145971
0.123421
0.174157
0.222755
0.147499
0.148591
0.0840477
0.0814338
0.102932
0.173694
0.222755
0.222755
0.222755
0.12108
0.124456
0.0969162
0.0500928
0.222755
0.214421
0.117796
0.170849
0.222755
0.120419
0.204392
0.153821
0.0525488
0.222755
0.189453
0.222755
0.222755
0.222755
0.121043
0.119495
0.0884983
0.0684564
0.0909172
0.157036
0.217266
0.217266
0.217266
0.108842
0.208707
0.151128
0.110816
0.129003
0.117929
0.199255
0.217266
0.186303
0.0669033
0.132421
0.113211
0.0599555
0.217266
0.196153
0.217266
0.217266
0.162179
0.099367
0.217266
0.217266
0.123001
0.217266
0.119464
0.196366
0.17278
0.217266
0.134904
0.220634
0.178596
0.141532
0.186545
0.172992
0.209904
0.220634
0.220634
0.0720594
0.120375
0.128074
0.107153
0.170453
0.129344
0.117313
0.106011
0.11794
0.116388
0.220634
0.220634
0.153169
0.220634
0.167422
0.220634
0.220634
0.220634
0.0705668
0.0942403
0.165064
0.181615
0.177063
0.0766614
0.101701
0.220634
0.123824
0.0120314
0.0328805
0.03354
0.0586951
0.325767
0.108486
0.022403
0.0342708
0.0214566
0.0169734
0.0318417
0.0564036
0.151179
0.325767
0.0730109
0.0314623
0.0317319
0.0442576
0.0176279
0.0979506
0.106671
0.21817
0.325767
0.325767
0.0657149
0.0206806
0.0110443
0.116643
0.158661
0.180767
0.325767
0.325767
0.202462
0.223006
0.0701054
0.25707
0.0314373
0.0438915
0.0348337
0.164067
0.276071
0.0757917
0.0389372
0.0339383
0.0372696
0.276071
0.128748
0.0542263
0.250784
0.276071
0.0255342
0.0697169
0.0764778
0.232491
0.113084
0.110712
0.12867
0.276071
0.276071
0.153509
0.1883
0.0622169
0.227451
0.258691
0.164569
0.0668294
0.263609
0.276071
0.0343966
0.0113615
0.0124016
0.168475
0.28248
0.176371
0.0810661
0.28248
0.28248
0.0760554
0.117692
0.099088
0.2551
0.161
0.070703
0.0246635
0.110932
0.28248
0.147082
0.0416975
0.0269337
0.0807129
0.28248
0.200007
0.0983033
0.28248
0.28248
0.117619
0.0410018
0.0473977
0.162107
0.154931
0.0809068
0.0540432
0.104977
0.256528
0.0986111
0.0548897
0.0679868
0.115831
0.15987
0.100307
0.0428977
0.117066
0.241125
0.182267
0.07946
0.0412505
0.131794
0.133266
0.158232
0.0969882
0.0827987
0.241125
0.241125
0.107927
0.199848
0.241125
0.241125
0.115966
0.0673677
0.12115
0.241125
0.188367
0.130862
0.100047
0.241125
0.241125
0.18562
0.053318
0.122928
0.241125
0.109007
0.137596
0.14024
0.241125
0.13591
0.126511
0.0828514
0.0669534
0.229316
0.229316
0.137513
0.189784
0.229316
0.190678
0.229316
0.132557
0.0872493
0.229316
0.193079
0.229316
0.229316
0.229316
0.229316
0.146534
0.049976
0.102774
0.229316
0.140764
0.167288
0.108896
0.229316
0.0787715
0.0764957
0.0788484
0.130269
0.229316
0.0673032
0.0763032
0.104465
0.136731
0.103804
0.16815
0.10653
0.079183
0.22334
0.222934
0.22334
0.22334
0.216526
0.118885
0.22334
0.22334
0.131583
0.22334
0.206811
0.221114
0.22334
0.22334
0.048761
0.0674201
0.0740474
0.106014
0.186271
0.110299
0.0907873
0.102194
0.101616
0.0876156
0.13397
0.0873382
0.0652005
0.193948
0.219777
0.0925873
0.207845
0.22334
0.0972411
0.22081
0.22081
0.121722
0.22081
0.209434
0.22081
0.22081
0.22081
0.0635682
0.0909079
0.144678
0.140768
0.163906
0.112999
0.142201
0.22081
0.0967319
0.0921013
0.125903
0.0922301
0.0606932
0.170876
0.218334
0.137172
0.217229
0.22081
0.0977482
0.106555
0.11886
0.0821878
0.205386
0.108083
0.216743
0.22081
0.22081
0.0174464
0.107373
0.110904
0.185519
0.307259
0.307259
0.0452074
0.0135242
0.00967741
0.114376
0.183378
0.182125
0.307259
0.307259
0.22537
0.12373
0.12361
0.268733
0.019443
0.0555147
0.0613755
0.133143
0.291322
0.12164
0.0479526
0.0423108
0.0216368
0.0650997
0.133067
0.0481291
0.107594
0.275247
0.132284
0.126904
0.188787
0.134167
0.107608
0.148528
0.118991
0.298181
0.310974
0.177097
0.101948
0.0999142
0.215942
0.260763
0.189838
0.0863514
0.249627
0.310974
0.0425395
0.00783974
0.00679039
0.146587
0.0577435
0.122154
0.0436513
0.0828829
0.21977
0.113129
0.110569
0.128176
0.106975
0.101854
0.160133
0.0918452
0.310974
0.310974
0.0370794
0.0415115
0.0379985
0.06056
0.311345
0.272722
0.132739
0.315877
0.315877
0.158791
0.0334663
0.0369064
0.154275
0.149224
0.0857113
0.0524446
0.110592
0.26705
0.109036
0.0520548
0.060865
0.120539
0.120526
0.173879
0.107383
0.315877
0.315877
0.09281
0.0633765
0.0300884
0.0748628
0.0474018
0.0411836
0.0330509
0.158751
0.315877
0.0716449
0.0191386
0.00993775
0.0258736
0.252874
0.145241
0.0814513
0.167333
0.252874
0.252874
0.148578
0.120184
0.252874
0.252874
0.252874
0.0447973
0.177589
0.252874
0.144883
0.169899
0.158851
0.252874
0.0558155
0.0180453
0.0304114
0.101353
0.234477
0.15241
0.057683
0.0241638
0.0563001
0.0350431
0.0170042
0.0656881
0.210256
0.252874
0.202198
0.115641
0.111746
0.083056
0.267187
0.204205
0.0440778
0.147687
0.267187
0.202538
0.209888
0.143349
0.267187
0.132537
0.10458
0.0792577
0.197202
0.267187
0.081775
0.097798
0.170566
0.190984
0.0365626
0.0180799
0.0380687
0.161359
0.267187
0.202841
0.158438
0.119945
0.107322
0.116671
0.120315
0.0341742
0.20492
0.267187
0.0795269
0.108754
0.150773
0.107993
0.0733525
0.08441
0.081436
0.12629
0.228763
0.136898
0.110654
0.172169
0.16719
0.12476
0.209327
0.121842
0.125995
0.238648
0.238648
0.107696
0.238648
0.238648
0.0852233
0.0837512
0.0313503
0.110174
0.238648
0.101466
0.15592
0.190027
0.130208
0.0464163
0.0549724
0.0326329
0.216324
0.238648
0.238648
0.238648
0.238648
0.204004
0.0993905
0.144587
0.0949995
0.0693429
0.187191
0.22719
0.134209
0.22719
0.22719
0.102437
0.110269
0.0886056
0.070727
0.22719
0.132345
0.22719
0.22719
0.22719
0.037377
0.0297327
0.0357128
0.109381
0.175444
0.22719
0.22719
0.22719
0.184505
0.0647786
0.0442522
0.0356962
0.110065
0.22719
0.22719
0.22719
0.220429
0.17273
0.0296578
0.0922985
0.0829976
0.196326
0.304929
0.222405
0.0446067
0.0452304
0.0237097
0.104425
0.256961
0.0849463
0.176904
0.304929
0.239853
0.135623
0.283999
0.225236
0.0113434
0.0521709
0.0335174
0.243834
0.304929
0.133579
0.0169026
0.0154584
0.00703493
0.0234101
0.0465007
0.123548
0.304929
0.304929
0.0424026
0.0188591
0.0363046
0.0123886
0.0657982
0.179427
0.0548709
0.0872552
0.306851
0.140706
0.0834841
0.144199
0.110155
0.191183
0.257311
0.116891
0.306851
0.306851
0.0443401
0.0389408
0.0342931
0.0560315
0.0149556
0.0306552
0.0616871
0.171129
0.306851
0.0366847
0.020205
0.0197621
0.010546
0.281632
0.306851
0.103476
0.244967
0.306851
0.0600253
0.061213
0.0798602
0.0609822
0.17706
0.264454
0.128254
0.30877
0.30877
0.0863988
0.0523702
0.0291982
0.0572335
0.0655105
0.0484937
0.033949
0.139675
0.303396
0.0572316
0.0128161
0.00694627
0.0458907
0.288314
0.30877
0.101888
0.30877
0.30877
0.0870215
0.0742005
0.0729531
0.0454315
0.105748
0.0645441
0.0293479
0.15787
0.296446
0.0253426
0.0171689
0.0248838
0.147465
0.0413188
0.0159535
0.0362212
0.108294
0.259798
0.131109
0.0343585
0.021715
0.0691931
0.0468068
0.0228049
0.0529369
0.220504
0.259798
0.181231
0.106462
0.0806918
0.0794373
0.0986174
0.0440295
0.0296967
0.259798
0.259798
0.0685238
0.0290196
0.0592571
0.243264
0.201073
0.259798
0.240096
0.259798
0.259798
0.19243
0.185964
0.244564
0.259798
0.0330601
0.0193249
0.0309431
0.148052
0.243426
0.162095
0.109378
0.0872149
0.0867768
0.109675
0.100025
0.02442
0.19587
0.243426
0.0795839
0.10983
0.128282
0.117174
0.162652
0.213932
0.176397
0.228521
0.243426
0.175937
0.14176
0.239517
0.243426
0.102468
0.156717
0.0677478
0.223658
0.243426
0.124927
0.19884
0.243426
0.219939
0.0644833
0.0511099
0.0204231
0.0894151
0.236617
0.100283
0.123403
0.156611
0.117337
0.0482303
0.0461672
0.0324159
0.205735
0.236617
0.236617
0.22345
0.236617
0.154524
0.0653723
0.0802249
0.060035
0.14618
0.236617
0.14452
0.17803
0.219216
0.190115
0.0362621
0.0558177
0.201919
0.236617
0.162704
0.227094
0.236617
0.236617
0.236617
0.0438308
0.0283377
0.0328715
0.12521
0.180162
0.226148
0.214579
0.226148
0.180472
0.0773957
0.0494402
0.0524063
0.136657
0.226148
0.173786
0.22487
0.200135
0.175724
0.0351897
0.0444116
0.169315
0.226148
0.188354
0.226148
0.226148
0.226148
0.226148
0.107892
0.0796853
0.123692
0.178279
0.226148
0.210376
0.135691
0.145604
0.106308
