0.167442
0.219745
0.191497
0.162228
0.158904
0.111723
0.184686
0.219745
0.206647
0.15249
0.174823
0.104302
0.189364
0.188615
0.186535
0.0880237
0.0986414
0.078092
0.112356
0.219745
0.170513
0.219745
0.219745
0.122528
0.109834
0.219745
0.144615
0.113331
0.127064
0.154028
0.151297
0.203049
0.219745
0.184584
0.131833
0.0627633
0.149575
0.170549
0.112987
0.180369
0.190215
0.180687
0.108959
0.107808
0.0979242
0.117904
0.152455
0.122667
0.0484558
0.14443
0.187631
0.219255
0.219255
0.11678
0.114202
0.120667
0.182873
0.162753
0.219255
0.21146
0.197585
0.169213
0.116712
0.190189
0.146743
0.152006
0.193935
0.219255
0.19264
0.219255
0.219255
0.139906
0.0676755
0.115117
0.0956626
0.0709704
0.148884
0.15932
0.215265
0.19739
0.103955
0.11244
0.214654
0.215265
0.205284
0.16151
0.1841
0.215265
0.215265
0.127763
0.131548
0.104624
0.129378
0.13512
0.215265
0.129576
0.212396
0.215265
0.172269
0.11738
0.124888
0.215265
0.215265
0.215265
0.165964
0.153641
0.165557
0.116987
0.11169
0.214439
0.219529
0.219529
0.213938
0.203999
0.219529
0.219529
0.152727
0.0681645
0.157407
0.219529
0.0677193
0.114773
0.136694
0.158113
0.130058
0.190025
0.113974
0.151965
0.219529
0.219529
0.219529
0.154111
0.135203
0.205479
0.182705
0.076816
0.18719
0.116672
0.0965576
0.119741
0.0693026
0.125547
0.105976
0.194082
0.105355
0.210912
0.223694
0.11532
0.164554
0.19483
0.185846
0.167002
0.223694
0.141443
0.218303
0.123301
0.223694
0.223694
0.15203
0.111147
0.196155
0.138273
0.104622
0.215619
0.207083
0.0891227
0.16141
0.095814
0.162777
0.170051
0.223694
0.0951829
0.20056
0.119421
0.185343
0.209262
0.110234
0.100911
0.0726615
0.0965164
0.185404
0.223169
0.124945
0.223169
0.223169
0.195518
0.114665
0.200078
0.165471
0.111594
0.223169
0.140586
0.202844
0.223169
0.109332
0.192068
0.135043
0.134804
0.111965
0.189627
0.0915497
0.150773
0.223169
0.15527
0.107551
0.0910732
0.118389
0.0972453
0.145015
0.158497
0.223169
0.223169
0.215592
0.10629
0.0831826
0.127579
0.126927
0.223582
0.139208
0.194241
0.223582
0.121798
0.196184
0.134638
0.139124
0.0685216
0.11732
0.126809
0.153533
0.218781
0.0688998
0.12582
0.223582
0.223582
0.130365
0.161449
0.122231
0.214095
0.223582
0.223582
0.0893907
0.110313
0.183242
0.146704
0.0996086
0.117023
0.109369
0.223582
0.154618
0.148602
0.221005
0.223582
0.1257
0.214325
0.161562
0.214325
0.214325
0.101861
0.138736
0.182497
0.175572
0.107454
0.18802
0.15176
0.124441
0.197783
0.214325
0.156649
0.125588
0.0880718
0.113143
0.179564
0.113942
0.214325
0.214325
0.131185
0.145343
0.193364
0.180336
0.0782804
0.175899
0.16316
0.159635
0.128574
0.13827
0.182115
0.214325
0.214325
0.0992801
0.162304
0.16981
0.131027
0.199416
0.173804
0.166849
0.152863
0.115315
0.119659
0.130111
0.185862
0.16408
0.211064
0.149848
0.211064
0.211064
0.13755
0.0967996
0.194001
0.205596
0.179415
0.112862
0.130627
0.195572
0.211064
0.210107
0.157498
0.211064
0.13276
0.140124
0.210924
0.148282
0.13465
0.139994
0.162972
0.123225
0.120497
0.164557
0.149244
0.216444
0.129107
0.216444
0.216444
0.201171
0.154573
0.196845
0.216444
0.216444
0.216444
0.151546
0.174232
0.20684
0.134415
0.147687
0.216444
0.139882
0.15113
0.186979
0.144446
0.133336
0.117422
0.137481
0.0796968
0.177585
0.121084
0.167033
0.216444
0.132092
0.148914
0.115508
0.0909933
0.178741
0.221445
0.221445
0.221445
0.221445
0.162228
0.172444
0.221445
0.221445
0.125563
0.221445
0.114795
0.10901
0.14907
0.0667402
0.161577
0.143144
0.221445
0.0804498
0.171991
0.113512
0.196177
0.221445
0.136519
0.187155
0.170717
0.141488
0.111351
0.221445
0.0829832
0.0780735
0.132274
0.0823991
0.107875
0.164363
0.170142
0.134567
0.215151
0.18707
0.0961801
0.179461
0.0952241
0.185092
0.197021
0.215151
0.127161
0.194944
0.137074
0.204955
0.186687
0.106241
0.0883049
0.121649
0.122121
0.09653
0.19494
0.087867
0.119379
0.17926
0.107151
0.192618
0.215151
0.215151
0.192021
0.215151
0.199307
0.215151
0.20304
0.146615
0.196143
0.121488
0.0661916
0.128708
0.177156
0.116269
0.166934
0.209396
0.151538
0.101616
0.153101
0.140655
0.113203
0.152575
0.153711
0.20082
0.210345
0.161021
0.114457
0.105002
0.182154
0.18052
0.203143
0.188583
0.210345
0.197001
0.167774
0.199567
0.191001
0.149056
0.11446
0.133808
0.0950076
0.159507
0.201425
0.156195
0.157148
0.210345
0.210345
0.127569
0.158518
0.127062
0.178721
0.218106
0.169143
0.0948743
0.130076
0.187848
0.146044
0.111593
0.138186
0.0977826
0.218106
0.140762
0.170324
0.180281
0.218106
0.119188
0.119297
0.0888332
0.13918
0.206998
0.123746
0.104173
0.218106
0.218106
0.139702
0.140663
0.14721
0.173903
0.218106
0.195407
0.205565
0.218106
0.218106
0.107918
0.164948
0.109107
0.206245
0.216828
0.129282
0.138407
0.159826
0.192561
0.0846477
0.157601
0.15217
0.145137
0.13005
0.161654
0.180167
0.216828
0.216828
0.105644
0.147425
0.148866
0.17481
0.216828
0.121347
0.154927
0.113903
0.144772
0.0888624
0.216828
0.200644
0.115819
0.200926
0.206976
0.216828
0.159002
0.214619
0.110731
0.187642
0.20904
0.164344
0.127144
0.143885
0.18971
0.213872
0.209705
0.125897
0.213872
0.192979
0.129286
0.175987
0.159855
0.15419
0.16651
0.130161
0.104517
0.213872
0.213872
0.127897
0.167167
0.151796
0.213872
0.155438
0.213872
0.111013
0.137748
0.197361
0.171393
0.168104
0.136329
0.152985
0.122704
0.0916964
0.143232
0.212452
0.212452
0.169638
0.198873
0.184715
0.173716
0.164998
0.124255
0.161468
0.212452
0.121041
0.192864
0.212452
0.158151
0.195865
0.152339
0.131382
0.109001
0.186798
0.212452
0.19154
0.162364
0.117632
0.147083
0.126931
0.122647
0.111622
0.0862681
0.134029
0.209144
0.193317
0.0962029
0.118263
0.181526
0.212452
0.156154
0.210951
0.0954379
0.21245
0.21245
0.169976
0.21245
0.209263
0.179143
0.139516
0.21245
0.090037
0.121404
0.180966
0.0901916
0.106356
0.185826
0.198948
0.104968
0.103358
0.13123
0.20802
0.187566
0.112513
0.123357
0.134734
0.200497
0.21245
0.199935
0.115262
0.143213
0.196506
0.19258
0.152659
0.153934
0.151214
0.099699
0.189866
0.0807233
0.143124
0.180624
0.109942
0.161298
0.208237
0.208237
0.195257
0.208237
0.171962
0.208237
0.208237
0.12583
0.189564
0.15819
0.090458
0.203358
0.171826
0.140313
0.158808
0.204803
0.171773
0.173441
0.142118
0.122807
0.134547
0.159327
0.175793
0.161062
0.208237
0.159788
0.191539
0.140857
0.0918967
0.16306
0.175481
0.157492
0.198344
0.174332
0.152203
0.193538
0.196194
0.156169
0.107457
0.106117
0.0805087
0.113296
0.201218
0.134701
0.135277
0.202728
0.202728
0.143516
0.166554
0.179112
0.156275
0.202728
0.164544
0.202728
0.202728
0.158073
0.188836
0.202728
0.181776
0.092962
0.133434
0.121489
0.142187
0.175508
0.202728
0.119387
0.106475
0.0938027
0.12026
0.21307
0.124249
0.116554
0.206528
0.217721
0.115328
0.120544
0.1436
0.172211
0.217721
0.17348
0.217721
0.217721
0.177752
0.19393
0.185619
0.137676
0.108642
0.131005
0.152524
0.18512
0.217721
0.217721
0.0849692
0.1864
0.193635
0.112662
0.179013
0.149587
0.151197
0.217721
0.124514
0.0961261
0.125126
0.147071
0.146088
0.216621
0.127219
0.110914
0.0733214
0.149676
0.0762657
0.171137
0.183524
0.0956843
0.172339
0.193908
0.216621
0.133803
0.174175
0.0580673
0.137177
0.216621
0.157373
0.207961
0.216621
0.216621
0.171815
0.16226
0.0536095
0.216621
0.208768
0.216621
0.216621
0.113379
0.216621
0.216621
0.0881692
0.110756
0.211213
0.222913
0.114618
0.17995
0.163852
0.222913
0.1548
0.222913
0.0955709
0.130354
0.205136
0.15313
0.131781
0.151947
0.15234
0.130829
0.081364
0.0814907
0.222913
0.222913
0.222913
0.222913
0.128923
0.222913
0.222913
0.0916791
0.147343
0.146902
0.138771
0.106106
0.164775
0.174278
0.144724
0.114664
0.153097
0.11661
0.199614
0.213793
0.194073
0.162606
0.145309
0.140994
0.141626
0.132892
0.184792
0.0822755
0.143513
0.213793
0.213793
0.11454
0.121635
0.150733
0.213793
0.208312
0.164669
0.157403
0.150717
0.197542
0.14434
0.157293
0.107026
0.171936
0.101035
0.100332
0.213793
0.169684
0.213793
0.158778
0.142291
0.183022
0.213793
0.152025
0.0886173
0.114444
0.208036
0.201544
0.109772
0.113869
0.107611
0.208036
0.208036
0.155672
0.0989301
0.177572
0.208036
0.206569
0.128729
0.137765
0.162784
0.134456
0.110152
0.16975
0.149607
0.208036
0.105893
0.179064
0.154576
0.206068
0.208036
0.208036
0.158923
0.202395
0.208036
0.105053
0.125926
0.188289
0.206411
0.176861
0.138485
0.118372
0.161387
0.208959
0.172372
0.14447
0.132073
0.144737
0.116201
0.144022
0.154035
0.149936
0.208959
0.147572
0.208959
0.121971
0.110595
0.208959
0.208959
0.162252
0.198823
0.208959
0.106055
0.162986
0.171833
0.208959
0.0900562
0.153466
0.16937
0.146429
0.158247
0.120433
0.208959
0.208959
0.208959
0.137506
0.17005
0.183616
0.159568
0.205873
0.164922
0.205873
0.158524
0.185584
0.123435
0.175511
0.155401
0.11564
0.162898
0.126671
0.153606
0.144175
0.192223
0.10307
0.175581
0.205873
0.199064
0.205873
0.142334
0.205873
0.205873
0.205873
0.122842
0.178938
0.192541
0.144409
0.205873
0.118046
0.12705
0.0993623
0.115592
0.146312
0.165181
0.134707
0.134179
0.169385
0.157005
0.185846
0.212289
0.212289
0.0677686
0.166188
0.199672
0.135582
0.209628
0.142642
0.118124
0.212289
0.0955201
0.136799
0.212289
0.212289
0.182958
0.212289
0.148071
0.101478
0.126395
0.16046
0.0533663
0.205779
0.158693
0.212289
0.212289
0.148117
0.106652
0.208478
0.125008
0.108339
0.145196
0.216214
0.148868
0.191361
0.216214
0.209382
0.165215
0.20364
0.0669102
0.216214
0.216214
0.216214
0.216214
0.0897781
0.216214
0.216214
0.0975906
0.100513
0.102308
0.100244
0.176174
0.216214
0.216214
0.179763
0.0773608
0.0808643
0.0475658
0.07051
0.123309
0.176082
0.216214
0.189175
0.178509
0.145109
0.104165
0.104001
0.232035
0.232035
0.232035
0.232035
0.115977
0.232035
0.232035
0.102377
0.134295
0.133263
0.112725
0.124371
0.179824
0.152898
0.147837
0.134586
0.123162
0.0822547
0.0829839
0.109427
0.210969
0.232035
0.225027
0.207012
0.160622
0.129285
0.0652081
0.149503
0.232035
0.190234
0.201237
0.177708
0.100646
0.0777596
0.0502304
0.179622
0.145688
0.123495
0.151132
0.186858
0.125954
0.130405
0.131822
0.128804
0.137672
0.114238
0.204733
0.197878
0.219065
0.141046
0.144624
0.177691
0.219065
0.0938055
0.146412
0.219065
0.215721
0.219065
0.215852
0.120725
0.0943763
0.0699384
0.165738
0.0750699
0.147429
0.199224
0.219065
0.219065
0.219065
0.142002
0.137289
0.159384
0.126707
0.164657
0.161566
0.214468
0.100651
0.180521
0.181408
0.214468
0.214468
0.214468
0.144623
0.212598
0.214468
0.13927
0.122277
0.172047
0.214468
0.137168
0.0623736
0.117148
0.171607
0.211449
0.214468
0.214468
0.152006
0.135035
0.0894814
0.176269
0.180285
0.16842
0.106044
0.172732
0.16964
0.0887777
0.0452734
0.212611
0.208202
0.164643
0.196974
0.212611
0.134993
0.174927
0.186405
0.212611
0.0890433
0.177841
0.199495
0.152154
0.172204
0.121168
0.212611
0.212611
0.212611
0.0612368
0.129357
0.149808
0.18009
0.0931023
0.174484
0.184216
0.0953672
0.0737591
0.101386
0.200243
0.147786
0.127403
0.160181
0.13325
0.163342
0.188498
0.179162
0.102899
0.203283
0.215268
0.194112
0.215268
0.132783
0.215268
0.189407
0.215268
0.101629
0.194608
0.166466
0.165762
0.215268
0.120734
0.1215
0.0897298
0.121408
0.0775164
0.136983
0.128459
0.161328
0.215268
0.186908
0.208233
0.162305
0.210855
0.183071
0.215268
0.147481
0.0994936
0.215268
0.157818
0.0993353
0.0715812
0.0959064
0.124095
0.214985
0.18521
0.185103
0.214985
0.14083
0.090602
0.118149
0.193349
0.0632038
0.214985
0.185593
0.209638
0.214985
0.175363
0.114731
0.203541
0.129891
0.141102
0.214985
0.205666
0.153222
0.214985
0.214985
0.110457
0.0781613
0.122414
0.0916546
0.176787
0.154046
0.120371
0.173562
0.191353
0.143357
0.185449
0.0999001
0.161899
0.119764
0.113154
0.20017
0.220153
0.220153
0.209441
0.0974045
0.115515
0.0710643
0.0676007
0.141094
0.220153
0.220153
0.173398
0.220153
0.183715
0.100744
0.113782
0.130871
0.209589
0.220153
0.14037
0.143389
0.149494
0.159482
0.153363
0.0856566
0.0657384
0.215847
0.205571
0.220153
0.173671
0.170095
0.181994
0.137187
0.109705
0.0792076
0.130077
0.226603
0.226603
0.204269
0.226603
0.191236
0.11835
0.0680966
0.136726
0.226603
0.226603
0.226603
0.176135
0.145658
0.123092
0.0367066
0.11061
0.0620544
0.226603
0.226603
0.226603
0.214333
0.170958
0.181484
0.169532
0.028815
0.0713417
0.0775376
0.148228
0.173224
0.140824
0.220437
0.124549
0.132229
0.105668
0.160166
0.221138
0.221138
0.221138
0.221138
0.170777
0.151188
0.0691083
0.21568
0.106583
0.140847
0.21008
0.221138
0.221138
0.221138
0.183341
0.177018
0.0434838
0.0904766
0.0841207
0.154674
0.213327
0.186598
0.219537
0.123969
0.16982
0.0693284
0.0638993
0.150516
0.181157
0.138383
0.178424
0.166325
0.0766023
0.120757
0.183108
0.103933
0.12094
0.160175
0.208733
0.216208
0.216208
0.215158
0.189141
0.122844
0.188399
0.18277
0.178562
0.135335
0.194605
0.195639
0.0915051
0.0689395
0.100369
0.115776
0.163015
0.168426
0.14875
0.200931
0.195478
0.0617255
0.0947228
0.154088
0.203625
0.176556
0.101552
0.216208
0.216208
0.216208
0.160197
0.0910695
0.0889834
0.1576
0.180909
0.181732
0.130274
0.203599
0.216811
0.120472
0.109563
0.119685
0.216811
0.205656
0.172663
0.216811
0.126627
0.205119
0.216811
0.216811
0.148776
0.216811
0.182321
0.129119
0.216811
0.216811
0.216811
0.154585
0.0793615
0.0791872
0.135888
0.0802765
0.125315
0.216811
0.136446
0.0719139
0.129335
0.110882
0.0863377
0.174862
0.179093
0.169021
0.221385
0.167404
0.221385
0.204051
0.221385
0.161927
0.221385
0.187335
0.127918
0.221385
0.152923
0.100774
0.092004
0.104876
0.0818911
0.138659
0.0750213
0.126282
0.221385
0.145567
0.0986635
0.178823
0.123044
0.19239
0.221385
0.133266
0.215595
0.221385
0.090996
0.0971502
0.165451
0.192339
0.124978
0.216104
0.192198
0.134135
0.216104
0.180941
0.104381
0.0943237
0.11785
0.112387
0.202774
0.165799
0.123753
0.152789
0.216104
0.142609
0.138865
0.122824
0.198341
0.216104
0.116365
0.186755
0.216104
0.0888118
0.133571
0.210713
0.16562
0.104891
0.107851
0.174146
0.216104
0.216104
0.181291
0.155046
0.140115
0.216104
0.123823
0.164062
0.212243
0.212243
0.148775
0.144842
0.143911
0.136256
0.156336
0.109725
0.106044
0.202853
0.204026
0.212243
0.186108
0.212243
0.212243
0.14768
0.0917347
0.122096
0.132241
0.117753
0.15734
0.138802
0.123914
0.0946736
0.172214
0.102681
0.149297
0.193889
0.200822
0.212243
0.212243
0.202086
0.176815
0.193791
0.111573
0.110346
0.21659
0.21659
0.21659
0.201318
0.207202
0.197224
0.175454
0.0362559
0.0559847
0.0589803
0.15752
0.18472
0.143137
0.21659
0.163722
0.124722
0.103868
0.148357
0.203043
0.195769
0.21659
0.21659
0.21659
0.20076
0.21659
0.0719365
0.100888
0.116845
0.155355
0.180675
0.150642
0.134702
0.139474
0.136024
0.0580714
0.0947927
0.0865748
0.199587
0.218316
0.213435
0.218316
0.169279
0.206848
0.0684538
0.0993538
0.152618
0.153858
0.145695
0.168589
0.172647
0.0802009
0.111383
0.093682
0.123549
0.125327
0.218316
0.218316
0.218316
0.218316
0.201607
0.218316
0.191936
0.218316
0.153297
0.218316
0.218316
0.0453163
0.101991
0.0678379
0.170555
0.0854295
0.125535
0.148867
0.128884
0.149673
0.156753
0.169431
0.0525931
0.0817212
0.10735
0.181426
0.161591
0.1198
0.222264
0.222264
0.222264
0.143784
0.0969279
0.183101
0.222264
0.140642
0.222264
0.205556
0.0675
0.133258
0.0822986
0.120296
0.14922
0.222264
0.137391
0.222264
0.222264
0.138349
0.222264
0.222264
0.211331
0.0865707
0.15467
0.132498
0.120115
0.214416
0.217912
0.219318
0.104156
0.0611996
0.0687507
0.146336
0.101615
0.155992
0.220291
0.113773
0.0527525
0.100946
0.0896903
0.136572
0.172085
0.153031
0.220291
0.17658
0.145567
0.220291
0.220291
0.164444
0.140862
0.220291
0.220291
0.220291
0.220291
0.205499
0.200838
0.155133
0.141027
0.072244
0.140145
0.0993522
0.146827
0.211272
0.12677
0.0711185
0.146998
0.100428
0.132241
0.179591
0.168618
0.193976
0.211272
0.0723564
0.0825034
0.139061
0.124696
0.135937
0.211272
0.211272
0.211272
0.211272
0.211272
0.211272
0.203978
0.211272
0.0639291
0.139228
0.211272
0.139112
0.199141
0.0943505
0.211272
0.203773
0.21018
0.178104
0.194783
0.159188
0.190392
0.215255
0.102476
0.134345
0.215255
0.156111
0.11923
0.116238
0.154942
0.215255
0.215255
0.193364
0.120704
0.0986069
0.215255
0.0740034
0.159827
0.215255
0.141843
0.19674
0.143243
0.215255
0.215255
0.215255
0.0616927
0.101244
0.14798
0.11485
0.126278
0.215255
0.215255
0.0983759
0.0871331
0.097357
0.120355
0.114098
0.11995
0.165614
0.132695
0.104404
0.0909408
0.180293
0.1291
0.177213
0.197994
0.165551
0.21103
0.21103
0.197492
0.183199
0.21103
0.0532791
0.149468
0.166754
0.21103
0.142076
0.169532
0.122637
0.167193
0.128189
0.0748692
0.19986
0.21103
0.195396
0.173235
0.183671
0.21006
0.21103
0.21103
0.110021
0.179038
0.186309
0.156328
0.216195
0.216195
0.194897
0.17724
0.216195
0.0716299
0.0840801
0.0977254
0.0932079
0.159236
0.136059
0.132994
0.161862
0.123206
0.108393
0.216195
0.216195
0.208746
0.160555
0.204281
0.216195
0.216195
0.216195
0.106115
0.120083
0.0996655
0.132593
0.159739
0.0772526
0.137867
0.216195
0.216195
0.0930689
0.113213
0.117612
0.14606
0.218931
0.218931
0.19948
0.198369
0.202166
0.139615
0.218931
0.145585
0.194759
0.218931
0.0494098
0.0675709
0.0716167
0.124527
0.218931
0.218931
0.130244
0.176384
0.211022
0.137796
0.167249
0.218931
0.218931
0.0798509
0.218931
0.105682
0.129176
0.160162
0.0850808
0.104238
0.21326
0.150568
0.139697
0.213395
0.140511
0.200678
0.206414
0.0702446
0.111971
0.067762
0.0857541
0.112502
0.187998
0.144972
0.22362
0.22362
0.160751
0.22362
0.22362
0.211929
0.0942485
0.22362
0.108075
0.125032
0.153385
0.108999
0.084744
0.130324
0.0791765
0.0952489
0.196142
0.186018
0.22362
0.22362
0.22362
0.0893543
0.22362
0.144611
0.106216
0.14111
0.134484
0.214558
0.177363
0.1582
0.214558
0.214558
0.144426
0.142229
0.214558
0.200242
0.214558
0.214558
0.185048
0.15621
0.136351
0.128747
0.106452
0.132825
0.128839
0.20275
0.214558
0.188998
0.0801069
0.175659
0.115394
0.13497
0.212835
0.190684
0.135809
0.214558
0.106121
0.149664
0.0771302
0.141554
0.144763
0.212385
0.180743
0.212385
0.212385
0.212385
0.183634
0.192562
0.185235
0.0566195
0.132243
0.212385
0.146433
0.161368
0.115262
0.211379
0.159886
0.163742
0.167022
0.207344
0.156244
0.167792
0.212385
0.143208
0.196099
0.0952274
0.180786
0.102047
0.149236
0.111353
0.127691
0.154287
0.113338
0.11973
0.163515
0.169765
0.0664424
0.146966
0.214941
0.152197
0.160122
0.171775
0.214941
0.214941
0.214941
0.0536269
0.105918
0.136296
0.11712
0.113703
0.198831
0.214941
0.108103
0.0836794
0.122805
0.169712
0.128219
0.173837
0.214941
0.180786
0.189181
0.214941
0.214941
0.0601479
0.214941
0.214941
0.161853
0.214941
0.123969
0.153011
0.151565
0.139144
0.0338753
0.113072
0.137546
0.213661
0.233746
0.233746
0.120118
0.133461
0.109639
0.086401
0.186822
0.210495
0.162772
0.233746
0.233746
0.229279
0.233746
0.233746
0.00877146
0.011007
0.0874692
0.233746
0.233746
0.233746
0.0483475
0.0218295
0.0134057
0.0312413
0.035783
0.117145
0.233746
0.233746
0.214798
0.14961
0.0709662
0.100526
0.104054
0.197347
0.226427
0.188167
0.228885
0.247539
0.247539
0.204236
0.244042
0.0979471
0.1021
0.081388
0.114675
0.179502
0.108131
0.160008
0.247539
0.173772
0.0441313
0.0490231
0.135144
0.247539
0.247539
0.200825
0.14972
0.0552699
0.0686329
0.035631
0.0154546
0.0375204
0.123877
0.247539
0.247539
0.154399
0.0487382
0.0621162
0.171425
0.193133
0.103535
0.149637
0.208781
0.161576
0.170751
0.280532
0.165788
0.0580081
0.275192
0.0901031
0.100993
0.167353
0.0891849
0.0909728
0.159678
0.140327
0.0728367
0.0526277
0.0626968
0.180564
0.305969
0.305969
0.166711
0.0441018
0.0520373
0.0417273
0.0740813
0.0274635
0.0994184
0.305969
0.305969
0.167026
0.0698262
0.0785014
0.0758981
0.266777
0.0988259
0.10912
0.159015
0.0991185
0.0755225
0.0939792
0.080955
0.0939352
0.151366
0.181339
0.250631
0.27541
0.21198
0.0761502
0.220234
0.154633
0.0444666
0.0932866
0.0383586
0.0908345
0.27541
0.27541
0.120699
0.046239
0.0762234
0.0760562
0.197456
0.187511
0.151992
0.27541
0.27541
0.252054
0.0559628
0.0523793
0.132496
0.13633
0.153343
0.234799
0.234799
0.230103
0.0888999
0.200421
0.139606
0.157823
0.189647
0.163725
0.178278
0.234799
0.144941
0.134734
0.131544
0.133492
0.0701124
0.149584
0.14442
0.161828
0.234799
0.234799
0.234799
0.0818491
0.0985405
0.116232
0.193317
0.130278
0.151711
0.216119
0.150093
0.12889
0.130408
0.104093
0.198251
0.214127
0.1542
0.212276
0.214127
0.214127
0.189703
0.154184
0.161262
0.10715
0.167907
0.121505
0.140286
0.213043
0.155314
0.138092
0.184868
0.181266
0.138873
0.207948
0.110136
0.203849
0.214127
0.177022
0.160614
0.176459
0.15532
0.0690014
0.146431
0.139061
0.0859825
0.166049
0.150603
0.1232
0.173032
0.126676
0.108632
0.17584
0.132583
0.157089
0.206831
0.190054
0.18695
0.206831
0.204078
0.0721063
0.206831
0.190533
0.191994
0.206831
0.13797
0.192233
0.165657
0.133124
0.0926528
0.180092
0.134427
0.118102
0.206831
0.176333
0.128574
0.142677
0.109402
0.16736
0.13528
0.0781607
0.178628
0.206831
0.206831
0.176912
0.133682
0.191972
0.00121846
0.00415023
0.109444
0.30099
0.30099
0.30099
0.0905793
0.00779704
0.00526949
0.0645411
0.0572914
0.151883
0.30099
0.30099
0.30099
0.296519
0.045963
0.200724
0.0364323
0.0803394
0.120992
0.160641
0.123099
0.0911491
0.0648429
0.101756
0.126983
0.0754981
0.046776
0.108478
0.30099
0.192861
0.0771826
0.0776767
0.0857578
0.0783268
0.0658538
0.0600532
0.151491
0.288565
0.288565
0.288565
0.267594
0.0317971
0.119346
0.04882
0.00955601
0.0328176
0.215782
0.288565
0.288565
0.23423
0.0397686
0.0596895
0.0602431
0.0724766
0.110754
0.288565
0.171969
0.0823884
0.0509212
0.0684545
0.0610416
0.0110312
0.0427613
0.185391
0.279534
0.288565
0.0536803
0.0380981
0.0423607
0.0116523
0.0720083
0.0369322
0.0446935
0.247242
0.302605
0.302605
0.198771
0.0353087
0.0372348
0.0484375
0.0707639
0.0513954
0.165891
0.302605
0.302605
0.135239
0.057707
0.100178
0.00212666
0.0452079
0.17069
0.302605
0.291616
0.0729785
0.032779
0.0276066
0.00717256
0
0.00329107
0.157259
0.302605
0.291128
0.186706
0.0412052
0.0101209
0.000108153
0.0566202
0.0936338
0.0717136
0.16194
0.277915
0.277915
0.106517
0.0451499
0.11632
0.0806551
0.21534
0.217237
0.133879
0.277915
0.277915
0.207033
0.0620176
0.0705095
0.000307553
0.00150467
0.116842
0.277915
0.277915
0.176142
0.0439193
0.00891812
0.000334607
0.00962445
0.0287169
0.137849
0.268075
0.277915
0.27093
0.0864792
0.00675609
0.00386467
0.0737571
0.159174
0.166736
0.171113
0.254733
0.254733
0.200485
0.0985851
0.116795
0.11103
0.190605
0.11612
0.208534
0.254733
0.254733
0.173197
0.188138
0.0904071
0.0111925
0.0182964
0.130424
0.249525
0.254733
0.241062
0.085517
0.00886647
0.00660157
0.0159764
0.0215902
0.101209
0.232696
0.254733
0.24443
0.0970762
0.0142639
0.0172325
0.116773
0.198086
0.0975764
0.25225
0.252829
0.252829
0.197507
0.217576
0.124285
0.058284
0.157812
0.125712
0.111112
0.242381
0.196139
0.130846
0.186553
0.104077
0.0196698
0.0217331
0.11205
0.236146
0.252829
0.235643
0.128813
0.0170921
0.0165016
0.0181516
0.034843
0.0608455
0.23327
0.252829
0.224024
0.216022
0.0391053
0.01261
0.0814701
0.200602
0.122772
0.132014
0.243673
0.209267
0.143864
0.152402
0.0862762
0.180741
0.135841
0.0703839
0.175648
0.210568
0.243673
0.243673
0.152564
0.19164
0.0171232
0.0458116
0.0765298
0.243673
0.243673
0.224459
0.222796
0.03644
0.00695172
0.0424086
0.0657118
0.0991915
0.158585
0.243673
0.243673
0.243673
0.0712688
0.057915
0.0813053
0.142536
0.251602
0.251602
0.236462
0.171198
0.136722
0.186522
0.24742
0.116122
0.0783307
0.186693
0.251602
0.251602
0.16051
0.154217
0.150391
0.136049
0.197925
0.143997
0.0429711
0.0576347
0.179867
0.0124708
0.0123468
0.0906439
0.251602
0.101075
0.126122
0.0317302
0.0651142
0.146401
0.150683
0.199369
0.246134
0.172318
0.120648
0.130884
0.189474
0.286658
0.286658
0.16239
0.110581
0.127301
0.118824
0.0350398
0.0870495
0.286658
0.286658
0.286658
0.124101
0.0680761
0.0820978
0.0548861
0.148986
0.207448
0.0523583
0.0906725
0.142381
0.111433
0.141806
0.187755
0.122202
0.111858
0.236248
0.194213
0.187806
0.159137
0.0542864
0.0636435
0.135671
0.206905
0.0288279
0.0983849
0.28154
0.291273
0.291273
0.124314
0.0497704
0.0526656
0.0498122
0.0152996
0.016277
0.291273
0.291273
0.291273
0.126705
0.040978
0.036879
0.0175451
0.115126
0.238012
0.160288
0.182711
0.140639
0.0368096
0.0411764
0.108824
0.23397
0.0837046
0.142512
0.090869
0.166489
0.130707
0.136819
0.1036
0.186477
0.282741
0.0102769
0.0155987
0.244313
0.296675
0.296675
0.117544
0.0488721
0.0246297
0.0223055
0.00227824
0.0307556
0.24251
0.296675
0.296675
0.296675
0.0932825
0.0107795
0.00347965
0.0589432
0.118561
0.0694791
0.165922
0.14164
0.153997
0.105743
0.119402
0.22573
0.0276481
0.120194
0.141005
0.246646
0.218114
0.183493
0.156289
0.137035
0.153453
0.00281688
0.0127381
0.169755
0.292977
0.292977
0.260765
0.0863863
0.0054517
0.00217422
0.00281688
0.00596192
0.110664
0.292977
0.292977
0.292977
0.201886
0.0123635
0.013936
0.0255662
0.0882646
0.109361
0.202884
0.18433
0.134645
0.0950693
0.0855106
0.113488
0.0268926
0.127157
0.239578
0.292977
0.292977
0.0862729
0.0872265
0.0516732
0.0797578
0.00494915
0.00459016
0.098696
0.272659
0.279445
0.279445
0.2137
0.0141579
0.00899098
0.0233124
0.0500531
0.0926748
0.249361
0.279445
0.279445
0.267478
0.0486952
0.0012528
0.0346334
0.0671892
0.180325
0.279445
0.279445
0.0816992
0.0652285
0.0579879
0.119082
0.0473811
0.0210064
0.164966
0.279445
0.249019
0.119262
0.0368973
0.025791
0.0263574
0.0211499
0.0643735
0.0980071
0.271185
0.271185
0.271185
0.271185
0.0536497
0.00193613
0.048524
0.0989537
0.162723
0.211861
0.271185
0.271185
0.271185
0.102962
0.0671664
0.0412892
0.00272584
0.136045
0.271185
0.271185
0.125345
0.0463249
0.0261349
0.0519401
0.00858722
0.000626502
0.130082
0.271185
0.271185
0.114883
0.0589616
0.00759399
0.0125248
0.259104
0.212177
0.0602618
0.0855378
0.254806
0.00740103
0.0145274
0.141602
0.259104
0.159525
0.183179
0.0355804
0.0663341
0.196515
0.246195
0.259104
0.259104
0.259104
0.257164
0.116435
0.0391488
0.0766719
0.239462
0.000315443
0.007064
0.107772
0.259104
0.172484
0.0993543
0.0402213
0.0465588
0.0985329
0.0131598
0.0300208
0.121031
0.259104
0.230933
0.230933
0.0726856
0.10357
0.224433
0.172194
0.214976
0.230933
0.22369
0.210094
0.230933
0.230933
0.230933
0.228141
0.101806
0.0793688
0.204571
0.230933
0.181589
0.108878
0.0389485
0.0769393
0.137983
0.0149552
0.0297682
0.0749663
0.194716
0.15079
0.101181
0.0154966
0.110009
0.230933
0.00479711
0.0291246
0.104432
0.230933
0.217765
0.243377
0.233641
0.243377
0.207299
0.0483984
0.0526337
0.168594
0.243377
0.132388
0.203984
0.130016
0.243377
0.243377
0.165144
0.169798
0.243377
0.243377
0.125758
0.0785888
0.0223076
0.106172
0.23651
0.00994643
0.0283963
0.0745061
0.243377
0.12185
0.103426
0.0665054
0.0579693
0.0902284
0.0405571
0.0305449
0.126662
0.243377
0.100168
0.187878
0.124585
0.236879
0.236879
0.200453
0.179837
0.207738
0.236879
0.0582142
0.181062
0.236879
0.236879
0.236879
0.236879
0.213469
0.228966
0.221876
0.112175
0.118532
0.0828861
0.0587771
0.066735
0.0492762
0.0327782
0.083256
0.236879
0.0724245
0.104468
0.0543771
0.0357408
0.0809378
0.0787554
0.106054
0.197044
0.236879
0.0408963
0.115316
0.168974
0.253542
0.248899
0.184986
0.130334
0.107799
0.162894
0.0537959
0.215193
0.253542
0.253542
0.253542
0.131762
0.114265
0.0643937
0.129368
0.0653107
0.0940331
0.0538932
0.0329359
0.0537977
0.0567804
0.105432
0.127691
0.235844
0.148468
0.253542
0.189898
0.197051
0.253542
0.0916576
0.181226
0.101199
0.253542
0.0553264
0.124647
0.221027
0.248551
0.248551
0.116174
0.0848538
0.0659375
0.186205
0.0635185
0.0728795
0.247711
0.248551
0.248551
0.169918
0.0631088
0.0576675
0.0859085
0.14357
0.240732
0.14269
0.141651
0.212929
0.0831432
0.183031
0.11577
0.248551
0.248551
0.194969
0.0518328
0.113308
0.151007
0.065844
0.0778997
0.145714
0.248551
0.0656714
0.0509609
0.223445
0.264017
0.264017
0.169018
0.0662453
0.0590858
0.110391
0.0286342
0.0314755
0.264017
0.264017
0.264017
0.152941
0.0637578
0.017705
0.0368137
0.264017
0.174115
0.0905574
0.140125
0.138469
0.0674572
0.0702406
0.10759
0.264017
0.243248
0.18366
0.125325
0.203955
0.264017
0.0537572
0.101746
0.0696142
0.198188
0.29241
0.223781
0.0678751
0.129583
0.29241
0.00487158
0.0287937
0.210453
0.29241
0.29241
0.19552
0.0713498
0.0892565
0.153607
0.0263396
0.0352121
0.165042
0.29241
0.194299
0.157272
0.0536874
0.0709196
0.168386
0.0210906
0.0460401
0.148192
0.29241
0.1512
0.139879
0.0767238
0.0666326
0.102612
0.0533518
0.100178
0.136326
0.219721
0.25712
0.204466
0.0731497
0.132341
0.224038
0.0370328
0.0535932
0.116594
0.25712
0.25712
0.191895
0.0231667
0.179026
0.25712
0.00792815
0.0323448
0.176113
0.25712
0.195249
0.178799
0.0877694
0.0914081
0.152807
0.0613946
0.113416
0.122869
0.20254
0.25712
0.128751
0.0154698
0.126124
0.25712
0.0234693
0.0398203
0.140585
0.25712
0.262609
0.132502
0.031837
0.158536
0.264973
0.0143063
0.0382301
0.140403
0.264973
0.201323
0.174613
0.0933788
0.120974
0.198138
0.0493639
0.0492805
0.258446
0.264973
0.264973
0.10402
0.0176601
0.0880848
0.24215
0.0140436
0.042566
0.14073
0.264973
0.180927
0.0959877
0.0408421
0.10763
0.206687
0.0271035
0.0619726
0.193801
0.264973
0.210077
0.198675
0.127349
0.130577
0.158347
0.0575937
0.0640729
0.19517
0.276546
0.196021
0.152201
0.0948703
0.0635618
0.143312
0.114253
0.13999
0.276546
0.276546
0.22422
0.117839
0.0569064
0.108087
0.194167
0.0156938
0.0541217
0.18632
0.276546
0.233111
0.116664
0.0439334
0.0520368
0.147006
0.0106504
0.0744877
0.218627
0.276546
0.14162
0.114834
0.07263
0.0455981
0.0734693
0.0641956
0.112212
0.207143
0.270872
0.240045
0.270872
0.229164
0.263119
0.270872
0.145736
0.221039
0.164933
0.270872
0.169042
0.0866775
0.0300681
0.0373396
0.124231
0.00547752
0.0408871
0.10711
0.256054
0.168105
0.0825708
0.0377001
0.0856469
0.270872
0.0160849
0.0913145
0.10499
0.234192
0.212526
0.262834
0.153864
0.152357
0.258592
0.108989
0.187824
0.17041
0.262834
0.262834
0.262834
0.05398
0.0740012
0.178621
0.0994006
0.124389
0.215841
0.262834
0.136729
0.0674089
0.0300599
0.060334
0.202858
0.0129331
0.0753227
0.100287
0.222159
0.233071
0.0943265
0.0207769
0.0620152
0.155537
0.00344867
0.0150829
0.109728
0.262834
0.256643
0.255035
0.119752
0.106971
0.133605
0.0754128
0.0919632
0.168948
0.256643
0.256643
0.249546
0.200964
0.23415
0.256643
0.0768435
0.126319
0.082636
0.256643
0.185762
0.106823
0.0334161
0.0715141
0.153748
0.0060873
0.0166929
0.0908369
0.256643
0.172626
0.0541745
0.010724
0.185664
0.256643
0.00303578
0.00662778
0.0511165
0.216934
0.236377
0.214567
0.0734972
0.0879178
0.209127
0.041863
0.0848797
0.189115
0.236377
0.200093
0.224667
0.101397
0.114835
0.153158
0.0873365
0.140236
0.191211
0.236377
0.236377
0.220675
0.0727103
0.0921755
0.195152
0.0233634
0.0529682
0.220104
0.236377
0.236377
0.169882
0.0747482
0.0791779
0.0917407
0.1136
0.147925
0.153883
0.236377
0.233755
0.242883
0.102748
0.127146
0.184077
0.0918075
0.145404
0.158119
0.223733
0.242883
0.170667
0.0215609
0.14574
0.242883
0.0247427
0.0482285
0.182956
0.242883
0.242883
0.191337
0.0805122
0.122421
0.178724
0.0897003
0.127935
0.119969
0.214034
0.148342
0.061226
0.0471083
0.242883
0.242883
0.0430044
0.0723952
0.106017
0.242883
0.257069
0.136436
0.0180268
0.097415
0.257069
0.0151453
0.0512257
0.186336
0.257069
0.216111
0.138927
0.0300314
0.108261
0.254229
0.0275969
0.0812335
0.219429
0.257069
0.210341
0.0622872
0.0312475
0.160926
0.257069
0.0230686
0.0572202
0.102034
0.257069
0.257069
0.124871
0.0601297
0.154034
0.223531
0.0273391
0.0968569
0.119621
0.257069
0.241334
0.133378
0.0407847
0.107716
0.22873
0.0137161
0.0713623
0.210267
0.27
0.27
0.0980047
0.0384187
0.055835
0.1694
0.0198553
0.0865856
0.235751
0.27
0.27
0.106865
0.0406333
0.126678
0.229803
0.026802
0.0971694
0.110968
0.27
0.206134
0.0468594
0.042396
0.133314
0.27
0.0426797
0.10368
0.104855
0.27
0.255057
0.106779
0.0375727
0.066557
0.218296
0.0130831
0.0484784
0.17619
0.255057
0.239902
0.100364
0.0258594
0.133378
0.255057
0.0205823
0.097751
0.177939
0.255057
0.224238
0.0278195
0.0182833
0.144211
0.255057
0.021425
0.0839722
0.0851223
0.255057
0.255057
0.137634
0.0268859
0.112764
0.255057
0.0159996
0.104486
0.240479
0.255057
0.212305
0.100852
0.0264837
0.0973398
0.268066
0.017039
0.0747443
0.194416
0.268066
0.268066
0.146985
0.0332913
0.103376
0.268066
0.00749305
0.0182763
0.184831
0.268066
0.243933
0.0808973
0.0149293
0.105425
0.268066
0.00596205
0.0640644
0.186356
0.268066
0.268066
0.0641202
0.0158609
0.0843405
0.203875
0.0144826
0.0272489
0.0772863
0.268066
0.277887
0.149581
0.0480113
0.1013
0.239827
0.00750632
0.0173842
0.152212
0.284273
0.246724
0.0678159
0.0123354
0.262208
0.284273
0.00396873
0.00812035
0.0555823
0.284273
0.202843
0.0534655
0.0171711
0.0878838
0.202485
0.0180296
0.0191337
0.0570892
0.284273
0.209771
0.0339168
0.013479
0.202162
0.284273
0.0100186
0.0091601
0.0318733
0.284273
0.245154
0.199692
0.0719518
0.0899145
0.170332
0.0412974
0.0505682
0.187983
0.247955
0.218221
0.18564
0.0690721
0.0842475
0.10759
0.0914945
0.138171
0.164766
0.247955
0.247955
0.139167
0.0290476
0.190961
0.247955
0.0588083
0.0543372
0.221773
0.247955
0.247955
0.123398
0.0374631
0.0691328
0.223184
0.0674526
0.0539978
0.191526
0.247955
0.245824
0.238341
0.0798714
0.131125
0.210701
0.0934277
0.132213
0.153801
0.219979
0.128336
0.0639392
0.0455467
0.24032
0.245824
0.0438171
0.0829292
0.140564
0.245824
0.245824
0.166558
0.0619216
0.0922855
0.245824
0.0972851
0.0627352
0.16764
0.245824
0.151761
0.104208
0.0377384
0.184487
0.245824
0.0788822
0.0648124
0.152395
0.245824
0.191301
0.0693432
0.0297411
0.155239
0.257555
0.0304982
0.0667951
0.136905
0.257555
0.257555
0.160831
0.0490759
0.144037
0.255101
0.0183908
0.104876
0.142183
0.257555
0.179988
0.0945204
0.0402091
0.149093
0.257555
0.0543786
0.0491936
0.130086
0.257555
0.257555
0.116995
0.012607
0.146521
0.257555
0.0322739
0.0796658
0.191412
0.257555
0.265641
0.129058
0.0346211
0.124158
0.265641
0.0227354
0.105441
0.139838
0.265641
0.211181
0.0474072
0.0437701
0.134774
0.265641
0.0581417
0.125862
0.116322
0.265641
0.265641
0.0737623
0.00730248
0.141257
0.265641
0.0264993
0.060462
0.169941
0.265641
0.250571
0.0813226
0.0433588
0.100372
0.186816
0.0306173
0.0519216
0.149006
0.265641
0.214097
0.0218226
0.0207249
0.161282
0.248023
0.0345244
0.0939654
0.100141
0.248023
0.248023
0.141318
0.0309828
0.148784
0.248023
0.0130525
0.0779242
0.248023
0.248023
0.234889
0.0568649
0.0177073
0.119769
0.23219
0.0514587
0.05189
0.122448
0.248023
0.184155
0.0991288
0.0347337
0.181017
0.248023
0.0844938
0.155796
0.218654
0.248023
0.253018
0.0939174
0.0199669
0.152386
0.269033
0.00541562
0.0515491
0.237024
0.269033
0.269033
0.0743952
0.0167514
0.100914
0.249281
0.0208836
0.0319758
0.080735
0.269033
0.196817
0.085372
0.0212966
0.165112
0.269033
0.0907545
0.106784
0.170859
0.269033
0.269033
0.14861
0.0158095
0.0708882
0.144206
0.00556255
0.0551449
0.0756771
0.269033
0.267944
0.0634901
0.0205164
0.108574
0.252873
0.0211704
0.025965
0.0645313
0.283798
0.242242
0.037007
0.0114139
0.265323
0.283798
0.0104262
0.0151866
0.0323419
0.283798
0.235045
0.123036
0.0166615
0.0682543
0.160599
0.00983045
0.0382364
0.0649416
0.283798
0.209818
0.067387
0.0458323
0.255466
0.283798
0.00624742
0.0247704
0.0636842
0.283798
