0.201212
0.137461
0.106852
0.144039
0.221473
0.167653
0.141405
0.135945
0.221473
0.199335
0.14797
0.0803026
0.110556
0.188626
0.221473
0.221473
0.205933
0.221473
0.177442
0.112469
0.109821
0.13165
0.221473
0.154394
0.171518
0.201588
0.164857
0.0585101
0.11671
0.0844098
0.221473
0.221473
0.0374466
0.121892
0.174768
0.160022
0.142865
0.118493
0.120942
0.0971571
0.169349
0.183683
0.226733
0.210758
0.217842
0.126144
0.197209
0.226013
0.214994
0.158531
0.226733
0.226733
0.226733
0.226733
0.0516533
0.0967075
0.110628
0.191835
0.203072
0.0365374
0.0842614
0.121964
0.14477
0.0550195
0.107553
0.155617
0.180332
0.188173
0.14124
0.140744
0.171952
0.174011
0.0907892
0.189402
0.228281
0.195973
0.16156
0.170622
0.228281
0.228281
0.13618
0.041725
0.103908
0.228281
0.216292
0.196277
0.222735
0.228281
0.217483
0.124259
0.0512911
0.103239
0.14884
0.126643
0.163203
0.115837
0.114664
0.108767
0.144552
0.0715209
0.070213
0.0878843
0.205474
0.228281
0.120856
0.15513
0.180751
0.228281
0.045342
0.100356
0.224006
0.224006
0.221353
0.17644
0.2232
0.177931
0.098526
0.0490458
0.0838998
0.119933
0.155512
0.209356
0.143411
0.202082
0.217179
0.195349
0.0622681
0.0540403
0.0903392
0.210313
0.224006
0.139836
0.155203
0.125414
0.224006
0.112211
0.0820712
0.0898308
0.15837
0.224006
0.154531
0.178372
0.224006
0.224006
0.0880179
0.112343
0.189343
0.223287
0.224535
0.148869
0.224535
0.210101
0.191311
0.168795
0.111945
0.118891
0.16857
0.224264
0.111889
0.122644
0.153979
0.0964528
0.125924
0.126315
0.14305
0.21741
0.224535
0.20404
0.188063
0.185159
0.209553
0.0691829
0.134305
0.14744
0.11778
0.113065
0.088461
0.103514
0.224535
0.224535
0.205549
0.157519
0.206792
0.211167
0.211167
0.183832
0.154834
0.147389
0.125162
0.119904
0.088508
0.200691
0.198893
0.157494
0.185627
0.185248
0.207208
0.116304
0.0892055
0.211167
0.211167
0.185395
0.197476
0.084788
0.111403
0.211167
0.210576
0.0674077
0.121178
0.171445
0.177008
0.12653
0.102804
0.117772
0.185319
0.141284
0.102255
0.122968
0.220196
0.173114
0.161631
0.189669
0.161338
0.177848
0.144839
0.240439
0.240439
0.172457
0.240439
0.240439
0.1016
0.0701301
0.0708056
0.0769578
0.104911
0.170372
0.190746
0.18285
0.162364
0.0916494
0.10889
0.149411
0.11328
0.139135
0.193711
0.240439
0.240439
0.240439
0.17131
0.100925
0.0665215
0.0465845
0.16734
0.13584
0.122479
0.138891
0.242756
0.171925
0.196909
0.199529
0.230196
0.0378382
0.129327
0.103178
0.242756
0.242756
0.045184
0.163861
0.197543
0.241554
0.189622
0.164696
0.0878742
0.242756
0.242756
0.143659
0.153948
0.117303
0.242756
0.0678169
0.0321504
0.00416122
0.204024
0.242756
0.0518812
0.0591856
0.0379029
0.0820441
0.0496507
0.177148
0.181097
0.243961
0.243961
0.0596708
0.141958
0.173549
0.243961
0.0786049
0.221764
0.230776
0.243961
0.243961
0.21803
0.188975
0.243961
0.243961
0.0877869
0.0252999
0.00254162
0.130411
0.243961
0.0678776
0.0763733
0.04694
0.141704
0.23288
0.00555828
0.00421673
0.0650444
0.161056
0.0429729
0.0298698
0.082063
0.243961
0.0642672
0.201307
0.188756
0.179399
0.239945
0.155953
0.136683
0.146625
0.204913
0.0919741
0.105633
0.0924314
0.239945
0.239945
0.154973
0.239945
0.239629
0.239945
0.146802
0.017006
0.0109747
0.0406078
0.139042
0.0418262
0.0268303
0.0546645
0.239945
0.157925
0.0366138
0.073517
0.239945
0.239945
0.232671
0.0458782
0.1302
0.239945
0.0658227
0.0477099
0.0655138
0.231252
0.231252
0.135424
0.21837
0.143001
0.231252
0.101227
0.083086
0.0876601
0.158364
0.231252
0.161932
0.214571
0.231252
0.231252
0.124642
0.0360506
0.0527334
0.183578
0.231252
0.15083
0.108857
0.119327
0.205226
0.056297
0.0353008
0.0517487
0.134627
0.188165
0.231252
0.231252
0.231252
0.201932
0.101514
0.101827
0.125506
0.213609
0.234612
0.190413
0.20549
0.222167
0.21156
0.0657253
0.117223
0.12849
0.126507
0.119526
0.0836737
0.095089
0.22588
0.231088
0.085795
0.0557877
0.0554514
0.119856
0.225437
0.234612
0.234612
0.234612
0.234612
0.121266
0.164184
0.0804684
0.136244
0.197609
0.0964458
0.135442
0.179015
0.201562
0.0765109
0.20143
0.190803
0.187201
0.18729
0.0709712
0.0904749
0.191523
0.187909
0.0821626
0.130715
0.160079
0.188889
0.150208
0.08884
0.0982526
0.153289
0.131049
0.206292
0.219208
0.117183
0.133408
0.219208
0.128403
0.112569
0.219208
0.219208
0.144698
0.219208
0.124767
0.219208
0.219208
0.132505
0.126905
0.195146
0.219208
0.110513
0.175331
0.166769
0.187457
0.182214
0.082801
0.0925572
0.130432
0.113783
0.145276
0.181156
0.222453
0.222453
0.222453
0.125481
0.102563
0.0621737
0.0594669
0.177868
0.222453
0.125623
0.202462
0.222453
0.137374
0.120383
0.178527
0.222453
0.222453
0.222453
0.111992
0.198765
0.222453
0.0693065
0.0653294
0.135281
0.222453
0.192708
0.234964
0.118376
0.235959
0.279209
0.189164
0.197327
0.120073
0.279209
0.0732694
0.0363201
0.00558935
0.243501
0.279209
0.0686405
0.0594006
0.045795
0.0849806
0.0352295
0.0394963
0.0534868
0.271441
0.279209
0.279209
0.0650466
0.035241
0.063964
0.0715553
0.0463932
0.0476918
0.196373
0.279209
0.188064
0.0864655
0.103736
0.0829961
0.0847707
0.0216378
0.00355096
0.15403
0.275646
0.106359
0.0762389
0.0635274
0.141333
0.213304
0.00385977
0.00126528
0.0748389
0.21315
0.0844001
0.0851667
0.126975
0.275646
0.0883006
0.0423783
0.0341905
0.159726
0.275646
0.275646
0.104469
0.143574
0.131298
0.132952
0.153439
0.157494
0.177248
0.275646
0.100477
0.275646
0.275646
0.275646
0.118128
0.0166124
0.0102444
0.0441121
0.160693
0.0565507
0.0452603
0.0675177
0.231959
0.162015
0.0699738
0.0903497
0.230501
0.231959
0.155436
0.0916592
0.110426
0.231959
0.0831949
0.10292
0.0739162
0.100243
0.219805
0.0715866
0.221227
0.231959
0.231959
0.193268
0.231959
0.170902
0.130673
0.231959
0.231959
0.231959
0.231959
0.231959
0.126772
0.0660258
0.0652658
0.177271
0.22919
0.111873
0.112662
0.120259
0.203748
0.0401169
0.0498402
0.0505602
0.101636
0.146098
0.22919
0.22919
0.22919
0.22919
0.203785
0.22919
0.134364
0.112184
0.22919
0.138476
0.102074
0.223289
0.221547
0.210671
0.183914
0.106212
0.0765273
0.147769
0.133612
0.12605
0.22919
0.22919
0.0547499
0.0668131
0.0484736
0.0842669
0.152686
0.237472
0.237472
0.237472
0.237472
0.0853369
0.15106
0.0687038
0.133341
0.179161
0.0973704
0.116539
0.132235
0.136396
0.237472
0.235425
0.0886959
0.0728192
0.149422
0.103495
0.0978421
0.237472
0.237472
0.193266
0.237472
0.144656
0.191027
0.193
0.0854057
0.0383919
0.237472
0.237472
0.127692
0.223237
0.0870506
0.124345
0.190841
0.100957
0.0890788
0.153864
0.207198
0.109854
0.173153
0.0815126
0.191617
0.22643
0.100134
0.0932854
0.133848
0.179427
0.22643
0.22643
0.137109
0.173997
0.208208
0.0900611
0.116133
0.22643
0.22643
0.0874565
0.132882
0.12362
0.105969
0.22643
0.207418
0.22643
0.185049
0.182809
0.149674
0.22527
0.0969011
0.17652
0.22527
0.123921
0.102579
0.149569
0.22527
0.22527
0.22527
0.0769776
0.154693
0.188054
0.0418088
0.0595253
0.121853
0.202651
0.140542
0.139247
0.130996
0.10186
0.218529
0.169784
0.22527
0.181563
0.22527
0.22527
0.218341
0.0751808
0.151251
0.22527
0.0411893
0.0190804
0.0205165
0.22527
0.038211
0.0816035
0.105271
0.303048
0.316277
0.316277
0.108294
0.0449832
0.0410912
0.0880152
0.0785017
0.076626
0.273831
0.316277
0.195525
0.0801212
0.100986
0.103371
0.0606693
0.0243721
0.0629527
0.23288
0.316277
0.101647
0.0628581
0.0841612
0.110632
0.148906
0.179433
0.0854437
0.164982
0.316277
0.0747639
0.0382855
0.0914185
0.11265
0.0602775
0.0392086
0.0338505
0.134061
0.258302
0.183415
0.0623257
0.0877372
0.0918238
0.0838077
0.102633
0.0830972
0.140442
0.258302
0.126432
0.258302
0.258302
0.258302
0.0987772
0.0835406
0.0390706
0.0985596
0.224591
0.098277
0.0282008
0.16785
0.181474
0.145368
0.101985
0.0989989
0.141184
0.258302
0.258302
0.258302
0.258302
0.223963
0.0535472
0.0851292
0.0556224
0.0976108
0.184357
0.0887464
0.224376
0.224376
0.20239
0.126563
0.224376
0.165106
0.135041
0.224376
0.179364
0.224376
0.191256
0.224376
0.0897953
0.0500135
0.0426644
0.101706
0.224376
0.224376
0.152398
0.224376
0.224376
0.118158
0.138516
0.0995034
0.122682
0.224376
0.173522
0.132163
0.159849
0.182216
0.164329
0.252895
0.162551
0.140895
0.252895
0.13423
0.134107
0.186784
0.234252
0.224261
0.197198
0.125013
0.0807816
0.148932
0.12051
0.095951
0.252895
0.252895
0.119755
0.138715
0.079483
0.124866
0.179054
0.101121
0.0771324
0.108712
0.170657
0.252895
0.093453
0.0542263
0.0828441
0.157748
0.0403301
0.0794084
0.252895
0.252895
0.222857
0.212389
0.0948744
0.0693062
0.131009
0.0785169
0.0570201
0.238245
0.238245
0.175704
0.238245
0.102726
0.194131
0.204992
0.0819149
0.0465793
0.228734
0.238245
0.2241
0.0978805
0.0505527
0.0950274
0.185
0.022052
0.0463434
0.204315
0.238245
0.238245
0.148981
0.0371339
0.129947
0.218335
0.0176272
0.0727175
0.203631
0.238245
0.200452
0.241036
0.0976055
0.17362
0.209171
0.0748258
0.0966642
0.241036
0.241036
0.0837998
0.117944
0.0979096
0.09418
0.165284
0.158734
0.183804
0.193965
0.187472
0.241036
0.179019
0.0368158
0.166006
0.241036
0.0190714
0.067161
0.167576
0.241036
0.228545
0.113178
0.0691236
0.0776251
0.118332
0.0439268
0.11187
0.241036
0.241036
0.136049
0.136437
0.117105
0.0933273
0.158474
0.148882
0.241372
0.227361
0.241372
0.238548
0.207991
0.0620475
0.145977
0.241372
0.0316522
0.0227729
0.0275648
0.241372
0.241372
0.189824
0.101051
0.111405
0.162448
0.0402777
0.105357
0.241372
0.241372
0.183142
0.101227
0.04392
0.171638
0.241372
0.0255906
0.0344172
0.121432
0.241372
0.0606511
0.0238227
0.092213
0.266324
0.266324
0.0774514
0.05658
0.0854202
0.130041
0.193715
0.206992
0.124876
0.224237
0.266324
0.0684503
0.0447178
0.1031
0.137448
0.0943562
0.0289254
0.096107
0.148898
0.266324
0.115501
0.116363
0.0821435
0.222358
0.266324
0.266324
0.157384
0.197324
0.266324
0.148554
0.11146
0.131173
0.187795
0.103932
0.0853661
0.0540361
0.11942
0.240114
0.0908166
0.0350454
0.139597
0.188999
0.12039
0.112198
0.0962578
0.185884
0.263679
0.263679
0.263679
0.263679
0.195877
0.184671
0.117597
0.102391
0.0940503
0.155363
0.0980839
0.0801036
0.158103
0.263679
0.146535
0.126369
0.0679938
0.156792
0.263679
0.140967
0.0662973
0.151947
0.263679
0.084536
0.0670955
0.0532819
0.138949
0.241542
0.241542
0.232976
0.241542
0.241542
0.120219
0.20486
0.139608
0.166151
0.235066
0.208383
0.196038
0.168715
0.188141
0.112075
0.0990242
0.0695226
0.107086
0.241542
0.118037
0.0613914
0.174653
0.241542
0.197844
0.119634
0.0936356
0.0999464
0.191234
0.0464966
0.0226972
0.0266327
0.241542
0.147294
0.228605
0.132747
0.184459
0.212274
0.145559
0.141658
0.1218
0.222186
0.262239
0.125685
0.0848532
0.132718
0.244274
0.0546967
0.0941889
0.262239
0.262239
0.178033
0.173312
0.113309
0.135334
0.243924
0.0448887
0.0273839
0.0346219
0.221477
0.15069
0.0449138
0.0163414
0.109321
0.205857
0.0607485
0.105184
0.192829
0.262239
0.254257
0.134482
0.0841332
0.137462
0.254257
0.0392972
0.0648836
0.254257
0.254257
0.254257
0.21554
0.0532934
0.177203
0.254257
0.0483896
0.103252
0.254257
0.254257
0.138254
0.0643356
0.0338503
0.137216
0.235224
0.0549993
0.0880725
0.149804
0.211608
0.145197
0.0689215
0.0882215
0.154222
0.120679
0.0927141
0.0716211
0.111443
0.254257
0.25451
0.211749
0.0487551
0.168946
0.25451
0.0476295
0.0781496
0.226759
0.25451
0.235782
0.143425
0.0767529
0.0855229
0.105852
0.0423656
0.104564
0.25451
0.25451
0.147507
0.0832808
0.0899572
0.157273
0.122504
0.0882519
0.0882676
0.141791
0.230504
0.248548
0.160904
0.0988447
0.119004
0.11163
0.0290146
0.0864463
0.25451
0.25451
0.247803
0.187148
0.0906157
0.0928716
0.133644
0.0347347
0.0668864
0.247803
0.247803
0.144583
0.087406
0.0338444
0.149489
0.247803
0.0213865
0.033154
0.100287
0.247803
0.247803
0.199858
0.104022
0.129777
0.157039
0.0242571
0.0910024
0.247803
0.247803
0.199213
0.0613902
0.0268006
0.195587
0.247803
0.00213131
0.0437019
0.247803
0.247803
0.0750555
0.0501241
0.0573615
0.117921
0.244748
0.0663823
0.0918222
0.0666141
0.162908
0.254274
0.174299
0.0754613
0.164537
0.264042
0.0645514
0.0768593
0.123273
0.159463
0.264042
0.264042
0.113453
0.231633
0.264042
0.0527748
0.0573884
0.0476201
0.0467983
0.256532
0.167737
0.0619721
0.20969
0.264042
0.0455701
0.0813711
0.21591
0.264042
0.180397
0.104378
0.0726169
0.0969547
0.173156
0.0697853
0.0744144
0.149218
0.268259
0.1378
0.107455
0.0660087
0.140804
0.268259
0.126685
0.114439
0.152721
0.268259
0.238769
0.121389
0.0700948
0.15074
0.268259
0.0432664
0.0673343
0.151608
0.268259
0.201046
0.0799503
0.0701663
0.0816697
0.139448
0.0610287
0.24256
0.266618
0.268259
0.119789
0.0885755
0.0785079
0.119548
0.268378
0.115698
0.0908023
0.150484
0.268378
0.190055
0.116291
0.115363
0.130062
0.183124
0.0351807
0.0277557
0.0267795
0.268378
0.245585
0.112996
0.108006
0.101005
0.144183
0.045451
0.169715
0.171985
0.268378
0.268378
0.222372
0.183917
0.156914
0.268378
0.0399175
0.0672476
0.0505881
0.268378
0.163467
0.161249
0.141227
0.191988
0.238479
0.0360797
0.0264529
0.0347176
0.213086
0.119047
0.0376117
0.0172609
0.131072
0.238479
0.0663522
0.0953534
0.167866
0.238479
0.238479
0.238479
0.221882
0.225705
0.238479
0.0385313
0.0761784
0.0337623
0.238479
0.137539
0.0649263
0.0148025
0.0467382
0.177477
0.231712
0.238479
0.189593
0.238479
0.117662
0.0639936
0.0365657
0.165999
0.243547
0.0820833
0.104155
0.171121
0.229987
0.0897009
0.0900079
0.120044
0.162747
0.22271
0.184034
0.100468
0.127791
0.243547
0.154497
0.0724328
0.0197512
0.0861311
0.237224
0.206166
0.243547
0.188433
0.191183
0.13446
0.181011
0.071919
0.189063
0.243547
0.243547
0.189746
0.194395
0.128741
0.0924866
0.120694
0.12959
0.163531
0.207943
0.173513
0.128616
0.153696
0.245617
0.240325
0.176042
0.116518
0.136002
0.138104
0.0485243
0.0972332
0.245617
0.245617
0.0825775
0.106195
0.0613891
0.171226
0.245617
0.214896
0.19532
0.214943
0.128926
0.092973
0.109584
0.137779
0.147637
0.182662
0.133408
0.136585
0.192105
0.245617
0.227619
0.190525
0.103774
0.125871
0.163777
0.0288188
0.0865976
0.264502
0.266042
0.227677
0.0735512
0.022699
0.187015
0.266042
0.00174888
0.0315641
0.197913
0.266042
0.0993585
0.0693122
0.103036
0.141269
0.1238
0.0904058
0.116856
0.171768
0.266042
0.266042
0.0192154
0.00807965
0.172259
0.266042
0.00962619
0.0120099
0.0977578
0.266042
0.261212
0.261212
0.0844176
0.219058
0.261212
0.0467149
0.0692645
0.0474096
0.0359388
0.1962
0.102507
0.036443
0.195825
0.261212
0.0312143
0.0691252
0.173534
0.261212
0.261212
0.261212
0.149525
0.214455
0.261212
0.0122259
0.033038
0.048859
0.0789299
0.152074
0.129669
0.083168
0.174341
0.261212
0.0112805
0.0319631
0.0590684
0.188787
0.205962
0.0942472
0.0531052
0.161831
0.287113
0.038593
0.0713802
0.144566
0.287113
0.166125
0.0625089
0.0688069
0.0954985
0.137917
0.0816201
0.287113
0.287113
0.287113
0.133597
0.125587
0.0810803
0.158313
0.228174
0.0123457
0.0391165
0.051794
0.201533
0.121587
0.0426148
0.0331926
0.0748252
0.0779206
0.0424523
0.225058
0.287113
0.287113
0.178168
0.0863616
0.0882434
0.104077
0.109521
0.05523
0.178323
0.170723
0.24836
0.205633
0.195482
0.182999
0.12728
0.24836
0.0326079
0.0781372
0.0873866
0.24836
0.106772
0.0515709
0.0558357
0.0795752
0.0900004
0.0352644
0.124661
0.232873
0.24836
0.150467
0.203202
0.186678
0.199085
0.24836
0.0671252
0.24836
0.24836
0.209456
0.226109
0.226109
0.224941
0.198314
0.226109
0.0420521
0.0728699
0.0532271
0.221356
0.0852568
0.0479064
0.01349
0.0519238
0.154695
0.170178
0.204609
0.154475
0.220758
0.184615
0.226109
0.203021
0.226109
0.226109
0.0902767
0.226109
0.226109
0.0916142
0.0196076
0.0232815
0.0253335
0.119024
0.218329
0.226109
0.207517
0.100225
0.0537373
0.12017
0.0700629
0.0213979
0.108655
0.243174
0.235186
0.243174
0.200127
0.178191
0.170546
0.233395
0.085158
0.161927
0.243174
0.243174
0.208956
0.19282
0.115148
0.0285133
0.022993
0.0185437
0.196856
0.243174
0.243174
0.236176
0.0884588
0.0447536
0.0849756
0.215065
0.0555417
0.10983
0.243174
0.17289
0.0968548
0.0376116
0.029185
0.0961982
0.139781
0.0741345
0.164887
0.230822
0.230822
0.203021
0.201099
0.110102
0.085168
0.124871
0.1487
0.145611
0.211679
0.135043
0.132998
0.188892
0.230822
0.0509483
0.19211
0.118545
0.112829
0.230822
0.139938
0.0639917
0.0324065
0.0353311
0.121343
0.181056
0.230822
0.212999
0.230822
0.219033
0.133257
0.230822
0.195831
0.0741079
0.0719479
0.100541
0.143155
0.154169
0.0804881
0.102454
0.163246
0.259278
0.259278
0.0339601
0.00877903
0.165964
0.259278
0.00738591
0.018913
0.071714
0.259278
0.110837
0.162023
0.259278
0.170373
0.241596
0.149767
0.106782
0.226909
0.195381
0.259278
0.0842046
0.0288091
0.143094
0.259278
0.066091
0.128855
0.209791
0.208872
0.257851
0.257851
0.116697
0.21829
0.257851
0.0108037
0.0311176
0.0293714
0.0637366
0.126153
0.0891532
0.0607757
0.162569
0.257851
0.0337118
0.0373624
0.0502861
0.155999
0.257851
0.257851
0.0911125
0.248169
0.257851
0.0430226
0.0408133
0.0822654
0.0989381
0.168271
0.15237
0.140151
0.18386
0.218037
0.150604
0.198235
0.128544
0.250888
0.116201
0.0934164
0.0727117
0.167248
0.222048
0.0349804
0.0546023
0.0500369
0.167102
0.107822
0.0711146
0.0547633
0.0967029
0.0865826
0.068513
0.271889
0.271889
0.271889
0.181729
0.176149
0.148223
0.159507
0.160279
0.1592
0.259397
0.180231
0.253929
0.042821
0.116028
0.172982
0.0667686
0.0309265
0.096401
0.271889
0.271889
0.251112
0.12285
0.0879526
0.0646045
0.111129
0.109184
0.0761908
0.243455
0.261479
0.261479
0.165975
0.261479
0.203656
0.185709
0.261479
0.118001
0.261479
0.261479
0.233834
0.049797
0.134258
0.173643
0.059747
0.0366172
0.122328
0.261479
0.261479
0.133472
0.0159139
0.0786777
0.0643004
0.0546348
0.130793
0.149261
0.116563
0.0874312
0.0451823
0.259145
0.259145
0.259145
0.259145
0.259145
0.212733
0.259145
0.259145
0.125895
0.00997787
0.0355656
0.0320942
0.171681
0.259145
0.259145
0.259145
0.15109
0.0681264
0.0294911
0.147227
0.0997764
0.100115
0.207021
0.208888
0.1043
0.0630329
0.00693085
0.00547284
0.0106091
0.01456
0.0567426
0.0953146
0.170512
0.135094
0.0590877
0.0245513
0.00989193
0.0392519
0.0341622
0.289201
0.289201
0.289201
0.289201
0.154938
0.0461344
0.224345
0.289201
0.116352
0.188733
0.289201
0.210332
0.132425
0.0495166
0.0509452
0.0114171
0.0244898
0.0280376
0.136543
0.224666
0.237333
0.152228
0.0880852
0.0446242
0.00752451
0.0166218
0.0160214
0.175237
0.289201
0.158554
0.0505478
0.0170629
0.0109424
0.108361
0.257605
0.168897
0.166903
0.257605
0.143837
0.0722768
0.0379763
0.0527882
0.19019
0.257605
0.257605
0.257605
0.257605
0.22957
0.171668
0.257605
0.257605
0.00435221
0.0222542
0.0427582
0.173089
0.257605
0.121513
0.0173746
0.0133918
0.0126082
0.0759559
0.0402786
0.155845
0.190079
0.251012
0.0750267
0.0320549
0.0292066
0.0106246
0.128689
0.182523
0.250102
0.168404
0.250102
0.112979
0.100259
0.250102
0.228547
0.250102
0.179704
0.081116
0.179487
0.250102
0.0539015
0.140999
0.250102
0.243639
0.0292247
0.0366585
0.115901
0.139857
0.157829
0.0455979
0.0261369
0.0279035
0.0160224
0.250102
0.250102
0.176598
0.17903
0.250102
0.0292499
0.0315655
0.032339
0.0220002
0.254489
0.254489
0.0920237
0.253926
0.254489
0.0401378
0.0380733
0.0663037
0.0999866
0.129608
0.142971
0.120382
0.215753
0.254489
0.192005
0.185869
0.117219
0.17897
0.254489
0.254489
0.0361958
0.228473
0.254489
0.0310143
0.0235488
0.0151377
0.0490868
0.0582243
0.0412321
0.0628584
0.187732
0.254489
0.0739454
0.0612293
0.14364
0.210281
0.142418
0.169068
0.141009
0.181892
0.222871
0.200865
0.245474
0.165133
0.206646
0.0455774
0.143696
0.15871
0.0820172
0.0622534
0.110256
0.245474
0.245474
0.223756
0.0701264
0.0427938
0.0619089
0.149445
0.245474
0.102443
0.177049
0.190825
0.245474
0.0504256
0.0561803
0.0524613
0.0718822
0.1104
0.107386
0.231255
0.23217
0.245474
0.0791205
0.219758
0.209559
0.0906189
0.0979984
0.203639
0.300631
0.300631
0.214556
0.0244956
0.144334
0.0775729
0.0567784
0.164591
0.283605
0.149355
0.116925
0.057148
0.0877669
0.0741257
0.0730907
0.0582086
0.14367
0.195374
0.300631
0.300631
0.300631
0.0618724
0.155589
0.144614
0.0717779
0.0629008
0.0558073
0.0471774
0.117784
0.09416
0.0668626
0.265854
0.170874
0.156224
0.265854
0.265854
0.220117
0.164885
0.0279742
0.0096438
0.048711
0.0605991
0.0979767
0.159889
0.265854
0.265854
0.123269
0.0607456
0.1461
0.265854
0.265854
0.12562
0.132046
0.106854
0.10683
0.265854
0.242661
0.0365358
0.156678
0.120774
0.0879421
0.118809
0.120662
0.14503
0.0650739
0.0383289
0.0170315
0.100762
0.127365
0.221833
0.276738
0.276738
0.276738
0.172116
0.0875014
0.0166922
0.0381202
0.0528296
0.276738
0.276738
0.276738
0.10462
0.0485987
0.0336079
0.090175
0.276738
0.2043
0.122365
0.175974
0.140837
0.172507
0.0760851
0.0465307
0.0917024
0.08205
0.0616117
0.133987
0.276738
0.176465
0.0962751
0.119328
0.101573
0.0150516
0.0529672
0.11298
0.300897
0.300897
0.300897
0.0475162
0.0469376
0.0412657
0.138403
0.0930943
0.300897
0.300897
0.300897
0.0918787
0.0596951
0.0124396
0.00523613
0.116574
0.111718
0.101934
0.168931
0.300897
0.16189
0.0658146
0.104718
0.102088
0.0921175
0.0937316
0.130879
0.193491
0.280516
0.147093
0.077779
0.0914365
0.0275187
0.0263617
0.0451187
0.142981
0.147465
0.164894
0.0251294
0.0222442
0.0305342
0.0125114
0.308642
0.308642
0.308642
0.304003
0.308642
0.0294895
0.0295772
0.0517029
0.0344795
0.0538942
0.0509683
0.0410799
0.0612421
0.0783507
0.0365762
0.0173887
0.0237054
0.0325356
0.308642
0.308642
0.252928
0.247927
0.308642
0.0393774
0.0343359
0.0372757
0.10455
0.262616
0.269625
0.0391917
0.219004
0.28056
0.039054
0.020045
0.00807862
0.0505943
0.0433982
0.038512
0.0521363
0.206347
0.28056
0.108289
0.143894
0.130486
0.192925
0.28056
0.169595
0.0176273
0.222839
0.28056
0.0296779
0.011685
0.00949457
0.0321054
0.10453
0.016645
0.0131158
0.0792772
0.133805
0.0388996
0.28056
0.28056
0.28056
0.0562725
0.0480217
0.066834
0.208803
0.264173
0.164327
0.254279
0.220269
0.264173
0.0503809
0.0477807
0.0395937
0.0984563
0.163446
0.143842
0.264173
0.264173
0.264173
0.116215
0.0285094
0.0195704
0.0805067
0.122971
0.0504367
0.264173
0.264173
0.264173
0.0288413
0.0540325
0.0307222
0.06528
0.058474
0.0655563
0.264173
0.198484
0.140673
0.0890896
0.0726064
0.0642049
0.0918442
0.262214
0.286857
0.286857
0.286857
0.286857
0.0747263
0.21044
0.192743
0.132245
0.0900665
0.0933176
0.0561452
0.178079
0.138127
0.0470701
0.1094
0.0520293
0.122953
0.106413
0.0917471
0.268136
0.234867
0.12829
0.0548792
0.205446
0.242184
0.0922751
0.0860251
0.0600295
0.109883
0.197333
0.177159
0.110183
0.243227
0.243227
0.161148
0.120785
0.128973
0.0964461
0.243227
0.234961
0.0315446
0.156054
0.167476
0.121412
0.162119
0.100624
0.116619
0.0490542
0.0412589
0.119734
0.243227
0.243227
0.155513
0.13492
0.0863199
0.121369
0.243227
0.243227
0.0652787
0.207965
0.243227
0.243227
0.243227
0.145482
0.0624825
0.0245522
0.014919
0.0659044
0.262493
0.262493
0.159159
0.182045
0.138221
0.145323
0.0501497
0.0415716
0.0726685
0.0738182
0.0931669
0.145465
0.242744
0.223964
0.0896146
0.111275
0.0869215
0.123388
0.262493
0.262493
0.262493
0.262493
0.227207
0.097367
0.0258542
0.0201485
0.0195942
0.0534446
0.127556
0.262493
0.262493
0.237573
0.0873858
0.0378817
0.0380647
0.111075
0.139645
0.16882
0.216746
0.261355
0.261355
0.0837021
0.109934
0.0982638
0.0676281
0.104925
0.14146
0.196658
0.261355
0.191242
0.0909558
0.0767584
0.02732
0.0337599
0.0963392
0.151768
0.261355
0.261355
0.261355
0.11617
0.0630378
0.0393533
0.111065
0.249053
0.0831482
0.186211
0.261355
0.1809
0.0668253
0.164235
0.16568
0.0431742
0.075868
0.0586006
0.0591845
0.0870019
0.0449581
0.0223272
0.0240049
0.0287088
0.229193
0.302258
0.302258
0.302258
0.302258
0.0489671
0.0288563
0.0482474
0.112433
0.152507
0.287983
0.191544
0.0819361
0.157173
0.0356008
0.0233215
0.0524957
0.0329618
0.302258
0.302258
0.302258
0.136145
0.235972
0.0228739
0.0400112
0.0702576
0.049764
0.283814
0.125842
0.0159798
0.229533
0.283814
0.0374985
0.0123363
0.00727662
0.040844
0.103982
0.0142424
0.0087049
0.0661517
0.136985
0.0535649
0.283814
0.283814
0.283814
0.283814
0.142893
0.014959
0.18745
0.283814
0.0449504
0.0608999
0.0245968
0.0597761
0.0611582
0.0133625
0.0125074
0.0357105
0.115513
0.119344
0.283814
0.25935
0.283814
0.134252
0.0289522
0.0183096
0.0935724
0.162131
0.0742537
0.313239
0.313239
0.313239
0.0251083
0.0514249
0.0450174
0.0647854
0.0702045
0.0800982
0.313239
0.244045
0.135777
0.0880399
0.0102239
0.0221221
0.0580314
0.181352
0.20923
0.313239
0.313239
0.313239
0.00542612
0.00962104
0.0547982
0.0610131
0.0844092
0.149172
0.160716
0.0578389
0.0283486
0.0362662
0.14875
0.0996387
0.16327
0.165632
0.128299
0.23572
0.23572
0.113625
0.0783694
0.23572
0.23572
0.171689
0.149445
0.0865504
0.159507
0.23572
0.230377
0.0128675
0.025669
0.113399
0.143414
0.138263
0.23572
0.23572
0.18677
0.0647607
0.147068
0.23572
0.192379
0.0994972
0.223196
0.110182
0.176061
0.18007
0.0912993
0.1109
0.240046
0.240046
0.197977
0.157593
0.0884614
0.126962
0.240046
0.240046
0.0610247
0.19099
0.240046
0.240046
0.240046
0.166386
0.0688123
0.0163746
0.0112531
0.147899
0.240046
0.160119
0.11096
0.216867
0.100224
0.198329
0.240046
0.116634
0.0417559
0.105575
0.115609
0.218253
0.164374
0.171786
0.0838185
0.0155168
0.0242337
0.0920756
0.26078
0.26078
0.26078
0.26078
0.253362
0.10118
0.0175288
0.0151771
0.0176825
0.064757
0.141284
0.26078
0.26078
0.243488
0.0623698
0.0398672
0.0352305
0.039859
0.0900002
0.128407
0.240371
0.23068
0.26078
0.117759
0.0211388
0.0381461
0.0153811
0.0727343
0.179839
0.26078
0.26078
0.142184
0.0517471
0.0122874
0.0131118
0.0158092
0.0803249
0.132647
0.294247
0.294247
0.254298
0.073476
0.0416318
0.0249596
0.0968502
0.130624
0.0729594
0.229901
0.294247
0.153894
0.0468615
0.0824211
0.104086
0.0150348
0.0717999
0.175738
0.2656
0.28918
0.177367
0.0655588
0.0145029
0.0206683
0.105723
0.110529
0.241021
0.294247
0.294247
0.0680247
0.0659773
0.0642644
0.144302
0.128677
0.267926
0.154595
0.109076
0.226129
0.0451218
0.0264763
0.0417473
0.0253257
0.26195
0.267926
0.267926
0.160567
0.258902
0.0284474
0.0386307
0.0734022
0.0398466
0.0972931
0.267926
0.199028
0.211088
0.267926
0.0306154
0.0272362
0.0250653
0.0471838
0.108366
0.267926
0.266485
0.150453
0.267926
0.0954313
0.0270657
0.0285995
0.0630179
0.291046
0.255807
0.0278783
0.291046
0.291046
0.0676851
0.14565
0.0567709
0.0914771
0.0905483
0.0334802
0.0300878
0.0690979
0.197496
0.151297
0.291046
0.291046
0.291046
0.183551
0.24177
0.066
0.164659
0.180681
0.0550182
0.215647
0.0804179
0.0221689
0.0191238
0.0405544
0.0609321
0.0582627
0.0747368
0.0909099
0.257309
0.0922126
0.0288208
0.0968346
0.0251233
0.0349548
0.0793625
0.219519
0.191331
0.312613
0.312613
0.312613
0.00640226
0.00822651
0.0601099
0.0664299
0.0988258
0.139278
0.14205
0.078875
0.0460886
0.0233522
0.0327562
0.0618126
0.0394776
0.0757465
0.130344
0.312613
0.141885
0.0497812
0.0379022
0.122834
0.312613
0.175786
0.105461
0.141832
0.201546
0.271796
0.312613
0.00915802
0.0173849
0.0952341
0.106968
0.109668
0.190446
0.233981
0.153776
0.0802228
0.112355
0.269758
0.120523
0.0912613
0.179293
0.0642215
0.112977
0.145823
0.0674648
0.0537229
0.205604
0.269758
0.201894
0.127743
0.207963
0.269758
0.269758
0.269758
0.0827355
0.144996
0.253857
0.269428
0.157782
0.0624274
0.0559207
0.103536
0.137001
0.160771
0.244506
0.188025
0.15732
0.244506
0.0969345
0.217174
0.244506
0.134095
0.0486982
0.12812
0.143564
0.244506
0.244506
0.164608
0.0766664
0.0172066
0.0216547
0.149405
0.244506
0.244506
0.244506
0.234643
0.0754051
0.0813301
0.0845915
0.0778259
0.0538749
0.170904
0.177118
0.210947
0.244506
0.117819
0.0462818
0.0293633
0.0237493
0.0346099
0.0873738
0.17449
0.261965
0.261965
0.261965
0.112771
0.0236448
0.034175
0.0183568
0.0806742
0.197372
0.261965
0.261965
0.21086
0.0568783
0.0225958
0.0142319
0.068994
0.195134
0.219467
0.261965
0.261965
0.150662
0.0991744
0.0496778
0.0294137
0.046217
0.148762
0.152679
0.191
0.261965
0.22537
0.196751
0.0454552
0.0236693
0.0117938
0.0594006
0.150816
0.290917
0.301187
0.211942
0.0610028
0.0172632
0.0162483
0.141715
0.088166
0.190108
0.301187
0.301187
0.184523
0.0929008
0.0412797
0.115759
0.041397
0.112706
0.12677
0.197457
0.301187
0.183149
0.194283
0.0381192
0.0222843
0.0327165
0.0378673
0.107181
0.157686
0.272773
0.27347
0.135705
0.0616101
0.0462766
0.106709
0.284041
0.16336
0.229948
0.284041
0.0736703
0.0416898
0.0232738
0.0426039
0.107147
0.284041
0.284041
0.181663
0.284041
0.0969492
0.0442839
0.0374375
0.0527844
0.0175461
0.0612663
0.105356
0.0962049
0.166365
0.101058
0.0559714
0.0407668
0.0341409
0.0771527
0.275146
0.284041
0.281348
0.284041
0.0888868
0.0460529
0.106102
0.156141
0.182672
0.272596
0.0645421
0.127904
0.13257
0.0591506
0.258516
0.101115
0.0112231
0.012066
0.0548357
0.0808483
0.0756321
0.0864149
0.0761576
0.275526
0.078591
0.0146807
0.0153301
0.107231
0.294154
0.294154
0.294154
0.232378
0.0871589
0.19402
0.103669
0.00586716
0.0981836
0.294154
0.294154
0.294154
0.0805338
0.0707631
0.0184833
0.0130184
0.0107706
0.0473342
0.0951344
0.0574675
0.0683087
0.0802674
0.294291
0.0832939
0.0177357
0.021827
0.0754329
0.294291
0.126277
0.0757507
0.0835317
0.116926
0.216773
0.248412
0.00396783
0.104921
0.294291
0.294291
0.294291
0.067025
0.0464324
0.0187071
0.013528
0.137938
0.139058
0.294291
0.167248
0.0712072
0.023384
0.163449
0.294291
0.294291
0.0323279
0.13236
0.313654
0.178394
0.103298
0.129829
0.187122
0.224777
0.269636
0.0506413
0.119671
0.168305
0.158818
0.112572
0.0453521
0.0333559
0.0779613
0.0840419
0.161444
0.208949
0.313654
0.264367
0.105308
0.0533723
0.199596
0.313654
0.313654
0.0477081
0.0722713
0.0860022
0.112105
0.146374
0.0654681
0.054899
0.105795
0.100683
0.129509
0.273551
0.273983
0.273983
0.248341
0.0941631
0.077791
0.05678
0.0851874
0.0460666
0.163188
0.192882
0.244775
0.273983
0.128762
0.0425469
0.0286076
0.0232091
0.0688512
0.136598
0.179979
0.237084
0.273983
0.168059
0.0951002
0.0802471
0.059057
0.0138262
0.0359288
0.0583819
0.235991
0.273983
0.273983
0.0656893
0.0330925
0.0100153
0.0467055
0.142678
0.199866
0.266506
0.295415
0.143815
0.0752438
0.0313235
0.0201522
0.0327076
0.0869606
0.116806
0.173248
0.295415
0.233727
0.136193
0.0319919
0.0194754
0.0194679
0.0369209
0.0673107
0.249069
0.295415
0.276287
0.108435
0.0389273
0.00657477
0.0207259
0.074732
0.138448
0.275713
0.295415
0.295415
0.127894
0.00449243
0.00151789
0.0366068
0.0852956
0.109998
0.212217
0.274288
0.223002
0.159855
0.0277956
0.0160713
0.0340916
0.040689
0.096695
0.153105
0.274288
0.274288
0.153556
0.0623909
0.0348813
0.0248975
0.0789138
0.142468
0.274288
0.274288
0.274288
0.185464
0.00869586
0.00139225
0.0334634
0.0464656
0.201841
0.234302
0.274288
0.274288
0.0706696
0.114894
0.114182
0.0146383
0.0288501
0.106858
0.0984699
0.179455
0.126974
0.0608029
0.040681
0.0244677
0.10967
0.291683
0.300511
0.241387
0.300511
0.0860418
0.0528678
0.0951074
0.134646
0.0115533
0.020587
0.0805051
0.113841
0.242798
0.151108
0.0357855
0.0475051
0.0556559
0.231919
0.300511
0.0241134
0.300511
0.300511
0.0477301
0.0536373
0.145023
0.300511
0.049487
0.151835
0.260453
0.256482
0.30118
0.228316
0.113859
0.184566
0.0754548
0.0086632
0.117504
0.30118
0.30118
0.30118
0.097832
0.109529
0.0292967
0.0191689
0.0976829
0.235618
0.17064
0.237521
0.30118
0.0814144
0.0146026
0.0350839
0.0291485
0.00841028
0.00600929
0.0265591
0.0758275
0.270846
0.0768139
0.0171154
0.0118658
0.00611171
0.00659252
0.117927
0.310639
0.310639
0.310639
0.0713557
0.0573295
0.0197674
0.0164352
0.130493
0.148463
0.310639
0.185963
0.0777206
0.0229239
0.131929
0.310639
0.310639
0.0110086
0.00674502
0.0243987
0.0727837
0.221921
0.0509506
0.0155495
0.00898449
0.0274513
0.144147
0.0278069
0.0123897
0.0333565
0.086794
0.028715
0.131379
0.310639
0.310639
0.161739
0.224202
0.347148
0.310029
0.115083
0.0468695
0.146094
0.347148
0.347148
0.0434439
0.0734111
0.0704516
0.0884416
0.12987
0.067284
0.0485229
0.113657
0.104416
0.181164
0.0337156
0.0181811
0.0596649
0.0976292
0.0310888
0.165919
0.347148
0.347148
0.0362785
0.0409601
0.0408003
0.119363
0.113328
0.0192513
0.038464
0.0936496
0.0472996
0.0877729
0.147866
0.178995
0.244922
0.274031
0.211073
0.106165
0.0758566
0.0844311
0.0116836
0.0285122
0.0703962
0.274031
0.274031
0.274031
0.153598
0.0580739
0.015599
0.0463627
0.10304
0.119583
0.274031
0.246155
0.0749093
0.0962624
0.10868
0.0405298
0.00873823
0.0084832
0.065343
0.205367
0.274031
0.274031
0.274031
0.112037
0.0265594
0.0152054
0.0312066
0.0774042
0.247566
0.275998
0.275998
0.139472
0.0427961
0.00775836
0.0196726
0.0805019
0.165974
0.275998
0.275998
0.275998
0.118856
0.00520031
0.00212089
0.0101977
0.0344479
0.125143
0.1745
0.275998
0.240917
0.200466
0.0561274
0.0169261
0.0121588
0.0974286
0.23312
0.224707
0.275998
0.229622
0.0910424
0.0616282
0.00376774
0.0254544
0.0896744
0.173542
0.260076
0.260076
0.260076
0.152798
0.00369544
0
0.0279815
0.0506541
0.201947
0.248773
0.260076
0.244367
0.09802
0.119485
0.0985304
0.0177453
0.111168
0.260076
0.260076
0.260076
0.182334
0.0608099
0.0404718
0.00540302
0.00852347
0.0320603
0.129484
0.228914
0.260076
0.159017
0.17834
0.125873
0.0538557
0.0110007
0.025685
0.0865212
0.119578
0.217952
0.114972
0.0395878
0.0462797
0.0495874
0.284155
0.313817
0.051914
0.313817
0.313817
0.0341874
0.0398557
0.103048
0.313817
0.0103699
0.0225637
0.0811481
0.124105
0.159851
0.0647777
0.0495643
0.0469119
0.0234379
0.313817
0.313817
0.112198
0.156482
0.313817
0.0240402
0.0258627
0.0369659
0.164666
0.369599
0.369599
0.303749
0.369599
0.369599
0.178848
0.042835
0.0137434
0.0140318
0.017387
0.0114146
0.0436766
0.117645
0.369599
0.22669
0.0513113
0.0396136
0.0179869
0.00962069
0.0312246
0.0594806
0.130494
0.173898
0.061448
0.0473872
0.0325088
0.0166693
0.00382147
0.0225075
0.0597924
0.103177
0.165738
0.107633
0.0603367
0.0379641
0.0176051
0.022751
0.0103077
0.0276658
0.0807788
0.340189
0.103692
0.0297843
0.0186783
0.063352
0.256928
0.0392569
0.0213502
0.092799
0.206085
0.118831
0.293995
0.340189
0.340189
0.00182303
0.0113207
0.0386494
0.0538918
0.0849916
0.0550632
0.0345146
0.0242054
0.0104929
0.278576
0.0278458
0.0206242
0.0634183
0.221893
0.218464
0.222414
0.218162
0.340189
0.187744
0.0302572
0.0187056
0.0845308
0.138887
0.0636537
0.183414
0.295885
0.295885
0.0378073
0.0487087
0.0431861
0.125705
0.136171
0.0462749
0.0821462
0.116953
0.0679436
0.140107
0.0197577
0.0131833
0.0933356
0.219901
0.120788
0.175324
0.266232
0.295885
0.139941
0.0432569
0.0255498
0.132471
0.266819
0.0904163
0.286234
0.295885
0.295885
0.0419399
0.0722848
0.0735129
0.192565
0.201363
0.0823206
0.127577
0.133358
0.0646958
0.00637263
0.00471115
0.0418438
0.12484
0.226009
0.226186
0.213067
0.0736728
0.0149673
0.196054
0.063047
0.0294516
0.304969
0.343632
0.129272
0.343632
0.343632
0.343632
0.0212413
0.025561
0.0367755
0.0704435
0.084347
0.0939196
0.12036
0.166537
0.0580405
0.0449865
0.0298185
0.0771111
0.113981
0.22702
0.169935
0.148086
0.0446132
0.0238117
0.101765
0.0876438
0.136178
0.15775
0.324584
0.135081
0.0608847
0.0823623
0.0936035
0.324584
0.0792053
0.0257903
0.122821
0.324584
0.0768446
0.08733
0.0945018
0.219186
0.324584
0.122179
0.0215694
0.140259
0.324584
0.0408861
0.0373649
0.107195
0.324584
0.146588
0.109492
0.176597
0.189825
0.365354
0.11349
0.0387189
0.0782338
0.108935
0.00903649
0.027697
0.0916512
0.137427
0.17325
0.0927144
0.111967
0.0755913
0.0252804
0.393919
0.184335
0.0320829
0.199344
0.393919
0.0348746
0.0349524
0.0967949
0.393919
0.21168
0.123694
0.0954338
0.0671894
0.118793
0.0175948
0.0350432
0.0549848
0.0578327
0.0114635
0.0258691
0.0881402
0.11451
0.137695
0.0547513
0.0489922
0.0404795
0.0187654
0.312833
0.312833
0.165294
0.138062
0.312833
0.0206942
0.0182083
0.0170357
0.133987
0.155918
0.140796
0.216042
0.0694658
0.174435
0.0315308
0.0242075
0.0321139
0.0247875
0.312833
0.312833
0.312833
0.216341
0.312833
0.0806862
0.026169
0.107635
0.0816278
