0.0630317
0.0921325
0.122407
0.181819
0.195753
0.217578
0.217578
0.217578
0.217578
0.170117
0.192368
0.160698
0.217578
0.199959
0.138643
0.15004
0.127805
0.115538
0.0463435
0.0577241
0.0451968
0.128968
0.217578
0.217578
0.172617
0.138684
0.132201
0.0772385
0.193723
0.217578
0.195824
0.212658
0.199726
0.163765
0.165353
0.0866483
0.177718
0.168628
0.150271
0.206651
0.206651
0.140023
0.164626
0.119141
0.118798
0.0728399
0.184786
0.206651
0.147166
0.176429
0.192022
0.206651
0.184414
0.119433
0.0763956
0.179306
0.206651
0.203538
0.177549
0.203233
0.206651
0.149251
0.126725
0.0271098
0.11152
0.141956
0.206651
0.206651
0.122426
0.166096
0.166591
0.170695
0.0878957
0.211859
0.211859
0.139648
0.211859
0.211859
0.211859
0.211859
0.17914
0.0739852
0.174211
0.182519
0.149933
0.20281
0.127042
0.138801
0.148866
0.147988
0.0385199
0.126486
0.145541
0.211859
0.211859
0.152372
0.211859
0.211859
0.211859
0.0733676
0.090724
0.125484
0.187666
0.181526
0.0535766
0.16441
0.197112
0.0810879
0.10559
0.217365
0.217365
0.210815
0.217365
0.188552
0.139764
0.174963
0.147496
0.0983522
0.145663
0.150272
0.124406
0.158514
0.0895311
0.104142
0.190528
0.189991
0.110818
0.136424
0.171492
0.217365
0.217365
0.0883184
0.184573
0.217365
0.091181
0.0855534
0.209138
0.217365
0.164527
0.183918
0.0625211
0.170238
0.217365
0.135328
0.11552
0.197026
0.198791
0.184134
0.193178
0.15252
0.143303
0.201137
0.170497
0.0632153
0.19907
0.208208
0.15132
0.111849
0.168146
0.194176
0.174458
0.122182
0.123965
0.215319
0.215319
0.166596
0.215319
0.0960275
0.181054
0.215319
0.15497
0.0768636
0.16189
0.130781
0.0647056
0.0960166
0.109625
0.215319
0.215319
0.167601
0.0654711
0.209639
0.215739
0.206406
0.140946
0.191301
0.215739
0.19578
0.121719
0.0251907
0.0754102
0.111576
0.20607
0.215739
0.209755
0.205006
0.163279
0.17933
0.0921922
0.210556
0.149498
0.100899
0.129072
0.111326
0.215739
0.215739
0.153308
0.103161
0.0793542
0.114504
0.186423
0.206453
0.152923
0.131223
0.213098
0.171453
0.0389805
0.0686559
0.12524
0.216914
0.216914
0.216914
0.216914
0.155111
0.189084
0.0897993
0.0781549
0.108323
0.216914
0.216914
0.216914
0.136617
0.216914
0.138206
0.116155
0.110326
0.148918
0.216914
0.216914
0.149968
0.125176
0.180657
0.14042
0.0707184
0.108553
0.112782
0.216914
0.210551
0.216914
0.191879
0.191944
0.0642516
0.0575162
0.0505469
0.0633704
0.166356
0.215469
0.215469
0.143277
0.135308
0.14294
0.102176
0.147732
0.208762
0.161436
0.17982
0.215469
0.159529
0.172174
0.0872082
0.207098
0.121873
0.116371
0.168241
0.215469
0.199672
0.206048
0.204339
0.215469
0.116772
0.145862
0.138226
0.0998903
0.215469
0.201641
0.170866
0.175927
0.198008
0.119757
0.156586
0.202325
0.186018
0.193874
0.217384
0.217384
0.149495
0.126564
0.0490763
0.117603
0.134912
0.185868
0.217384
0.144598
0.148241
0.140981
0.150661
0.11294
0.114174
0.134221
0.105704
0.217384
0.217384
0.179724
0.197316
0.217384
0.143317
0.142248
0.086533
0.115862
0.140142
0.185979
0.217384
0.189576
0.215271
0.0575541
0.137864
0.140658
0.213012
0.213012
0.190492
0.213012
0.17474
0.202363
0.0622328
0.0899881
0.161929
0.205475
0.200285
0.0762821
0.126433
0.201895
0.0950745
0.167472
0.126428
0.135784
0.167879
0.19817
0.205172
0.213012
0.213012
0.213012
0.0707539
0.122774
0.208585
0.140353
0.134318
0.107735
0.213012
0.205043
0.115674
0.0769118
0.130107
0.194122
0.216795
0.216795
0.126887
0.162583
0.216795
0.084054
0.0848786
0.209811
0.210415
0.153407
0.213408
0.0685652
0.124207
0.185501
0.130315
0.101638
0.131671
0.216795
0.216795
0.216795
0.121057
0.212402
0.216795
0.112842
0.0583272
0.146659
0.139919
0.216795
0.216795
0.135974
0.207788
0.131549
0.0845411
0.119641
0.22374
0.208371
0.175069
0.22374
0.115061
0.155974
0.22374
0.157155
0.0804619
0.147851
0.128028
0.0818858
0.110588
0.108488
0.22374
0.22374
0.161305
0.105449
0.166081
0.223256
0.22374
0.22374
0.160192
0.214338
0.170197
0.0959117
0.102103
0.128388
0.12161
0.154992
0.140594
0.17826
0.187444
0.161771
0.143547
0.0912963
0.190687
0.16086
0.121833
0.144201
0.121124
0.218317
0.218317
0.172905
0.0886172
0.0855006
0.0995296
0.199084
0.207881
0.194845
0.203223
0.218317
0.137206
0.139239
0.152287
0.175688
0.202215
0.169915
0.202844
0.190827
0.207624
0.160961
0.0266655
0.0755534
0.174511
0.164688
0.107114
0.0998263
0.218317
0.218317
0.172294
0.0954338
0.114796
0.127114
0.213904
0.213904
0.182145
0.174384
0.213904
0.108663
0.0973897
0.128246
0.125376
0.205956
0.213904
0.213904
0.210879
0.213904
0.0871112
0.0516848
0.0914058
0.165721
0.187225
0.15964
0.135389
0.213904
0.213904
0.176138
0.119511
0.0878486
0.203447
0.18125
0.116923
0.183177
0.213904
0.134516
0.16822
0.175871
0.120123
0.127705
0.19798
0.221907
0.221907
0.190262
0.195254
0.221907
0.118245
0.128736
0.122351
0.0953791
0.221907
0.221907
0.179605
0.194759
0.21751
0.121572
0.0789568
0.0498731
0.0996818
0.220577
0.133629
0.123929
0.155104
0.220704
0.0847632
0.094066
0.0703505
0.0670884
0.129529
0.168557
0.221907
0.221907
0.221907
0.108262
0.101041
0.113075
0.09454
0.222889
0.222889
0.177146
0.194991
0.222889
0.146946
0.145673
0.0912171
0.108059
0.147504
0.182394
0.222889
0.179063
0.194587
0.107946
0.105458
0.10214
0.0741652
0.127038
0.174136
0.222889
0.222889
0.222889
0.119528
0.222889
0.158769
0.139758
0.0867587
0.129088
0.208008
0.222141
0.201847
0.153803
0.134882
0.130107
0.147135
0.213043
0.202936
0.213043
0.191534
0.213043
0.0706533
0.121532
0.179222
0.132153
0.142233
0.108282
0.212176
0.178882
0.0896186
0.163704
0.213043
0.200234
0.174007
0.147673
0.192944
0.213043
0.213043
0.213043
0.0703358
0.153893
0.156302
0.112147
0.201275
0.120756
0.0914025
0.167763
0.155591
0.0895745
0.138714
0.216568
0.204271
0.216568
0.119225
0.197836
0.202901
0.091285
0.0636489
0.151663
0.143232
0.216568
0.216568
0.113617
0.17182
0.129895
0.0740737
0.0804097
0.196554
0.190074
0.206712
0.216568
0.195109
0.106484
0.216568
0.211798
0.0595626
0.216568
0.147737
0.148136
0.216568
0.112027
0.112129
0.182311
0.129153
0.102275
0.164038
0.21938
0.21938
0.21938
0.129086
0.173003
0.174613
0.0934713
0.0825296
0.102401
0.129569
0.166163
0.157233
0.157271
0.141287
0.124009
0.134781
0.0748981
0.21938
0.21938
0.21938
0.21938
0.157034
0.15891
0.204365
0.146129
0.0318325
0.135039
0.144357
0.196092
0.21938
0.21938
0.176142
0.193892
0.114919
0.100651
0.102728
0.175178
0.190599
0.148691
0.179077
0.155483
0.167659
0.155179
0.0267808
0.0751486
0.108707
0.126137
0.0942671
0.119812
0.220227
0.220227
0.138369
0.0568776
0.162403
0.220227
0.220227
0.220227
0.220227
0.220227
0.181964
0.125499
0.132384
0.209835
0.156234
0.136297
0.220227
0.157757
0.220227
0.220227
0.11127
0.0349018
0.0834423
0.10851
0.151951
0.12912
0.155701
0.221132
0.221132
0.144775
0.0753922
0.0790685
0.201112
0.173631
0.127877
0.175446
0.221132
0.16362
0.143723
0.143353
0.169004
0.150957
0.150972
0.221132
0.167585
0.221132
0.221132
0.144868
0.123128
0.221132
0.221132
0.191173
0.131683
0.180161
0.159367
0.17621
0.15836
0.124727
0.0999877
0.0548899
0.113188
0.218115
0.145971
0.123421
0.174157
0.222755
0.147499
0.148591
0.0840477
0.0814338
0.102932
0.173694
0.222755
0.222755
0.222755
0.12108
0.124456
0.0969162
0.0500928
0.222755
0.214421
0.117796
0.170849
0.222755
0.120419
0.204392
0.153821
0.0525488
0.222755
0.189453
0.222755
0.222755
0.222755
0.121043
0.119495
0.0884983
0.0684564
0.0909172
0.157036
0.217266
0.217266
0.217266
0.108842
0.208707
0.151128
0.110816
0.129003
0.117929
0.199255
0.217266
0.186303
0.0669033
0.132421
0.113211
0.0599555
0.217266
0.196153
0.217266
0.217266
0.162179
0.099367
0.217266
0.217266
0.123001
0.217266
0.119464
0.196366
0.17278
0.217266
0.134904
0.220634
0.178596
0.141532
0.186545
0.172992
0.209904
0.220634
0.220634
0.0720594
0.120375
0.128074
0.107153
0.170453
0.129344
0.117313
0.106011
0.11794
0.116388
0.220634
0.220634
0.153169
0.220634
0.167422
0.220634
0.220634
0.220634
0.0705668
0.0942403
0.165064
0.181615
0.177063
0.0766614
0.101701
0.220634
0.123824
0.0927782
0.179708
0.166441
0.199686
0.221889
0.207616
0.154223
0.206649
0.179157
0.0717353
0.221889
0.145234
0.154738
0.221889
0.121825
0.118412
0.173557
0.118465
0.136204
0.131367
0.212656
0.212199
0.20841
0.144894
0.201526
0.221889
0.204067
0.0533429
0.106336
0.12417
0.087933
0.204982
0.17219
0.122163
0.163167
0.0801719
0.090263
0.214907
0.210981
0.214907
0.214907
0.148788
0.147782
0.210636
0.147053
0.0717418
0.131277
0.13682
0.168248
0.214907
0.209863
0.139681
0.164508
0.1225
0.0946225
0.172851
0.174415
0.114995
0.214907
0.214907
0.169498
0.168109
0.0857444
0.126594
0.17954
0.155095
0.214907
0.20976
0.214907
0.10779
0.108327
0.0798355
0.085548
0.154199
0.204672
0.19725
0.216636
0.216636
0.197798
0.185978
0.157211
0.127491
0.194093
0.144019
0.130717
0.214142
0.163458
0.216636
0.216636
0.0891282
0.158616
0.216636
0.17681
0.216636
0.216636
0.216636
0.146343
0.117842
0.104024
0.0899156
0.0832689
0.141608
0.138325
0.166781
0.110016
0.103911
0.122656
0.139442
0.118421
0.155559
0.132204
0.146145
0.200878
0.166272
0.216553
0.216553
0.122765
0.0954992
0.216553
0.216553
0.19952
0.120823
0.156686
0.18302
0.216553
0.158905
0.0932102
0.0854552
0.125006
0.128992
0.18578
0.12943
0.14206
0.148204
0.158763
0.0743006
0.111431
0.127809
0.211628
0.189311
0.216553
0.216553
0.216553
0.190038
0.13591
0.126511
0.0828514
0.0669534
0.229316
0.229316
0.137513
0.189784
0.229316
0.190678
0.229316
0.132557
0.0872493
0.229316
0.193079
0.229316
0.229316
0.229316
0.229316
0.146534
0.049976
0.102774
0.229316
0.140764
0.167288
0.108896
0.229316
0.0787715
0.0764957
0.0788484
0.130269
0.229316
0.0673032
0.0763032
0.104465
0.136731
0.103804
0.16815
0.10653
0.079183
0.22334
0.222934
0.22334
0.22334
0.216526
0.118885
0.22334
0.22334
0.131583
0.22334
0.206811
0.221114
0.22334
0.22334
0.048761
0.0674201
0.0740474
0.106014
0.186271
0.110299
0.0907873
0.102194
0.101616
0.0876156
0.13397
0.0873382
0.0652005
0.193948
0.219777
0.0925873
0.207845
0.22334
0.0972411
0.22081
0.22081
0.121722
0.22081
0.209434
0.22081
0.22081
0.22081
0.0635682
0.0909079
0.144678
0.140768
0.163906
0.112999
0.142201
0.22081
0.0967319
0.0921013
0.125903
0.0922301
0.0606932
0.170876
0.218334
0.137172
0.217229
0.22081
0.0977482
0.106555
0.11886
0.0821878
0.205386
0.108083
0.216743
0.22081
0.22081
0.122951
0.121833
0.173829
0.177053
0.201651
0.186588
0.248329
0.248329
0.161831
0.0801871
0.127966
0.104924
0.0820762
0.171181
0.16663
0.111084
0.138338
0.0822766
0.154455
0.13022
0.198455
0.127145
0.248329
0.158329
0.248329
0.248329
0.248329
0.0538155
0.145898
0.207559
0.128257
0.201443
0.116029
0.102797
0.131463
0.117905
0.11994
0.195625
0.14786
0.11637
0.209483
0.209483
0.14886
0.158543
0.110947
0.193682
0.199823
0.15812
0.209483
0.19324
0.194045
0.110808
0.0938042
0.0926606
0.0427434
0.145929
0.209483
0.155058
0.209483
0.172233
0.178015
0.167554
0.137023
0.160224
0.209186
0.209483
0.205507
0.201608
0.114071
0.113818
0.127468
0.179
0.177124
0.206616
0.14332
0.195905
0.209189
0.193896
0.136378
0.108777
0.121063
0.11615
0.096421
0.110432
0.167288
0.109214
0.0659342
0.0953792
0.13535
0.120745
0.146442
0.209189
0.209189
0.209189
0.204271
0.161761
0.202065
0.198506
0.119433
0.209189
0.209189
0.138151
0.209189
0.189664
0.0961808
0.194166
0.209189
0.164822
0.10001
0.0940222
0.109436
0.141708
0.122915
0.0849933
0.132647
0.16911
0.143688
0.077249
0.124572
0.113933
0.141678
0.147873
0.167385
0.220772
0.220772
0.182548
0.202362
0.206711
0.147012
0.220772
0.220772
0.162173
0.220772
0.220772
0.142271
0.10326
0.100008
0.083922
0.220772
0.220772
0.220772
0.220772
0.220772
0.0806226
0.267187
0.204205
0.0440778
0.147687
0.267187
0.202538
0.209888
0.143349
0.267187
0.132537
0.10458
0.0792577
0.197202
0.267187
0.081775
0.097798
0.170566
0.190984
0.0365626
0.0180799
0.0380687
0.161359
0.267187
0.202841
0.158438
0.119945
0.107322
0.116671
0.120315
0.0341742
0.20492
0.267187
0.0795269
0.108754
0.150773
0.107993
0.0733525
0.08441
0.081436
0.12629
0.228763
0.136898
0.110654
0.172169
0.16719
0.12476
0.209327
0.121842
0.125995
0.238648
0.238648
0.107696
0.238648
0.238648
0.0852233
0.0837512
0.0313503
0.110174
0.238648
0.101466
0.15592
0.190027
0.130208
0.0464163
0.0549724
0.0326329
0.216324
0.238648
0.238648
0.238648
0.238648
0.204004
0.0993905
0.144587
0.0949995
0.0693429
0.187191
0.22719
0.134209
0.22719
0.22719
0.102437
0.110269
0.0886056
0.070727
0.22719
0.132345
0.22719
0.22719
0.22719
0.037377
0.0297327
0.0357128
0.109381
0.175444
0.22719
0.22719
0.22719
0.184505
0.0647786
0.0442522
0.0356962
0.110065
0.22719
0.22719
0.22719
0.220429
0.17273
0.14213
0.107902
0.11231
0.102114
0.237903
0.16957
0.237903
0.237903
0.237903
0.0928943
0.165664
0.127045
0.105769
0.179501
0.0823575
0.0907761
0.134924
0.121962
0.101182
0.0647693
0.0683093
0.163762
0.237903
0.237903
0.237903
0.237903
0.219707
0.109042
0.225204
0.203432
0.169631
0.187466
0.120723
0.140621
0.122036
0.0922742
0.0942579
0.163128
0.178483
0.154651
0.208598
0.130697
0.134817
0.165442
0.154497
0.161321
0.21416
0.21416
0.178735
0.176734
0.111457
0.125967
0.0962232
0.17383
0.159013
0.21416
0.21416
0.21416
0.21416
0.170113
0.161805
0.178832
0.111102
0.0635024
0.123246
0.120981
0.166665
0.21416
0.206917
0.184871
0.16238
0.104757
0.144856
0.214846
0.214846
0.182829
0.176494
0.150045
0.195388
0.157453
0.139847
0.214846
0.214846
0.127357
0.214846
0.157758
0.0879596
0.210511
0.214846
0.175668
0.0675168
0.127787
0.116174
0.175392
0.214846
0.214846
0.193753
0.191809
0.0847809
0.0615216
0.123473
0.0986816
0.122643
0.190526
0.169727
0.16838
0.109481
0.142101
0.194066
0.213287
0.157542
0.216822
0.190742
0.130678
0.216822
0.216822
0.160929
0.09871
0.116532
0.0927023
0.216822
0.216822
0.187697
0.216822
0.216822
0.104667
0.0663386
0.127602
0.11548
0.146664
0.216822
0.191201
0.178343
0.134938
0.113224
0.0777777
0.102809
0.107058
0.14971
0.194278
0.156221
0.168277
0.173305
0.180439
0.0330601
0.0193249
0.0309431
0.148052
0.243426
0.162095
0.109378
0.0872149
0.0867768
0.109675
0.100025
0.02442
0.19587
0.243426
0.0795839
0.10983
0.128282
0.117174
0.162652
0.213932
0.176397
0.228521
0.243426
0.175937
0.14176
0.239517
0.243426
0.102468
0.156717
0.0677478
0.223658
0.243426
0.124927
0.19884
0.243426
0.219939
0.0644833
0.0511099
0.0204231
0.0894151
0.236617
0.100283
0.123403
0.156611
0.117337
0.0482303
0.0461672
0.0324159
0.205735
0.236617
0.236617
0.22345
0.236617
0.154524
0.0653723
0.0802249
0.060035
0.14618
0.236617
0.14452
0.17803
0.219216
0.190115
0.0362621
0.0558177
0.201919
0.236617
0.162704
0.227094
0.236617
0.236617
0.236617
0.0438308
0.0283377
0.0328715
0.12521
0.180162
0.226148
0.214579
0.226148
0.180472
0.0773957
0.0494402
0.0524063
0.136657
0.226148
0.173786
0.22487
0.200135
0.175724
0.0351897
0.0444116
0.169315
0.226148
0.188354
0.226148
0.226148
0.226148
0.226148
0.107892
0.0796853
0.123692
0.178279
0.226148
0.210376
0.135691
0.145604
0.106308
0.132441
0.0736659
0.0760047
0.17668
0.225432
0.225432
0.225432
0.225432
0.225432
0.122015
0.209382
0.175236
0.177343
0.22447
0.131301
0.155391
0.144675
0.135602
0.154234
0.105048
0.136002
0.197518
0.225432
0.225432
0.143982
0.151098
0.133163
0.0847718
0.141825
0.141932
0.154794
0.19962
0.177648
0.0962333
0.111486
0.119138
0.166916
0.21028
0.20383
0.21028
0.21028
0.172249
0.134919
0.194863
0.175969
0.0600537
0.132617
0.122056
0.144747
0.21028
0.194276
0.164891
0.122841
0.139792
0.0986896
0.173447
0.164987
0.180669
0.21028
0.165103
0.0833979
0.184157
0.18334
0.0905531
0.160973
0.174797
0.148258
0.21028
0.21028
0.12599
0.193003
0.0803428
0.0684617
0.148718
0.147433
0.170616
0.214331
0.214331
0.186854
0.168289
0.130256
0.0753791
0.141843
0.127156
0.121443
0.170335
0.182542
0.196432
0.11957
0.153076
0.0703079
0.181068
0.214331
0.214331
0.214331
0.214331
0.152297
0.214331
0.068564
0.0534308
0.111613
0.164436
0.214331
0.203306
0.193388
0.194071
0.214331
0.0946856
0.0746751
0.144853
0.150792
0.152199
0.192416
0.174888
0.192733
0.124895
0.131281
0.0834808
0.106154
0.121516
0.167784
0.166725
0.178766
0.214063
0.169881
0.203055
0.0405175
0.0982954
0.216989
0.216989
0.216989
0.162843
0.195722
0.216989
0.101027
0.0474762
0.0858726
0.167473
0.216989
0.216989
0.216989
0.212608
0.192845
0.130897
0.176379
0.183793
0.130023
0.193598
0.220972
0.142344
0.115479
0.163828
0.220972
0.0952113
0.164064
0.0589941
0.163616
0.220972
0.14846
0.174513
0.170467
0.181175
0.160321
0.109269
0.0976249
0.129356
0.220972
0.148726
0.132565
0.143606
0.220972
0.220972
0.107502
0.0637801
0.0624292
0.168533
0.194436
0.204858
0.220972
0.214376
0.066046
0.0828679
0.05388
0.111245
0.182113
0.163964
0.160538
0.186821
0.158353
0.0596183
0.0725491
0.151654
0.235927
0.123533
0.221925
0.235927
0.235927
0.235927
0.147117
0.0638484
0.0968769
0.0678001
0.144299
0.145036
0.206766
0.203699
0.16431
0.087286
0.111166
0.222927
0.208526
0.137326
0.191424
0.235927
0.235927
0.189564
0.0544074
0.0592006
0.131415
0.206637
0.144071
0.224219
0.224219
0.224219
0.224219
0.0980908
0.0895141
0.137829
0.179798
0.189487
0.145395
0.157813
0.115099
0.091831
0.0688086
0.120764
0.224219
0.215332
0.153274
0.155327
0.224219
0.224219
0.11854
0.0658948
0.112
0.224219
0.198495
0.203512
0.192993
0.14236
0.19837
0.126892
0.129384
0.112477
0.148249
0.17315
0.22614
0.162079
0.152934
0.126272
0.138118
0.067664
0.0901103
0.111711
0.146883
0.209689
0.185848
0.111679
0.103539
0.119828
0.0999148
0.165331
0.22614
0.22614
0.22614
0.199134
0.191398
0.212683
0.12086
0.0700606
0.117154
0.154711
0.168769
0.22614
0.132454
0.22614
0.22614
0.22614
0.0843321
0.119488
0.134607
0.160718
0.221561
0.173536
0.0856736
0.161857
0.199213
0.099001
0.127085
0.143775
0.165443
0.199853
0.18068
0.0984316
0.14568
0.0941841
0.128053
0.163867
0.221561
0.221561
0.221561
0.135402
0.221561
0.221561
0.221561
0.179921
0.140662
0.127384
0.156629
0.221561
0.139133
0.161623
0.204984
0.101229
0.0811182
0.166629
0.208888
0.208888
0.208888
0.19278
0.116675
0.17723
0.0950968
0.0847605
0.11082
0.13283
0.201918
0.16517
0.170349
0.18819
0.208888
0.115745
0.199964
0.15669
0.204553
0.182064
0.208888
0.201822
0.171644
0.173856
0.0986929
0.0789772
0.0930335
0.208888
0.184841
0.146586
0.174493
0.17012
0.201193
0.0976046
0.0652609
0.106359
0.180701
0.229438
0.197596
0.137543
0.169239
0.192288
0.13925
0.0731315
0.0945156
0.14571
0.229636
0.229636
0.217007
0.16274
0.136949
0.128146
0.0738284
0.118641
0.229636
0.171441
0.136339
0.187817
0.155694
0.171395
0.120292
0.229636
0.229636
0.192481
0.229636
0.229636
0.100787
0.0821429
0.115057
0.0686258
0.201212
0.137461
0.106852
0.144039
0.221473
0.167653
0.141405
0.135945
0.221473
0.199335
0.14797
0.0803026
0.110556
0.188626
0.221473
0.221473
0.205933
0.221473
0.177442
0.112469
0.109821
0.13165
0.221473
0.154394
0.171518
0.201588
0.164857
0.0585101
0.11671
0.0844098
0.221473
0.221473
0.0374466
0.121892
0.174768
0.160022
0.142865
0.118493
0.120942
0.0971571
0.169349
0.183683
0.226733
0.210758
0.217842
0.126144
0.197209
0.226013
0.214994
0.158531
0.226733
0.226733
0.226733
0.226733
0.0516533
0.0967075
0.110628
0.191835
0.203072
0.0365374
0.0842614
0.121964
0.14477
0.0550195
0.107553
0.155617
0.180332
0.188173
0.14124
0.140744
0.171952
0.174011
0.0907892
0.189402
0.228281
0.195973
0.16156
0.170622
0.228281
0.228281
0.13618
0.041725
0.103908
0.228281
0.216292
0.196277
0.222735
0.228281
0.217483
0.124259
0.0512911
0.103239
0.14884
0.126643
0.163203
0.115837
0.114664
0.108767
0.144552
0.0715209
0.070213
0.0878843
0.205474
0.228281
0.120856
0.15513
0.180751
0.228281
0.045342
0.100356
0.224006
0.224006
0.221353
0.17644
0.2232
0.177931
0.098526
0.0490458
0.0838998
0.119933
0.155512
0.209356
0.143411
0.202082
0.217179
0.195349
0.0622681
0.0540403
0.0903392
0.210313
0.224006
0.139836
0.155203
0.125414
0.224006
0.112211
0.0820712
0.0898308
0.15837
0.224006
0.154531
0.178372
0.224006
0.224006
0.0880179
0.112343
0.189343
0.223287
0.224535
0.148869
0.224535
0.210101
0.191311
0.168795
0.111945
0.118891
0.16857
0.224264
0.111889
0.122644
0.153979
0.0964528
0.125924
0.126315
0.14305
0.21741
0.224535
0.20404
0.188063
0.185159
0.209553
0.0691829
0.134305
0.14744
0.11778
0.113065
0.088461
0.103514
0.224535
0.224535
0.205549
0.157519
0.206792
0.211167
0.211167
0.183832
0.154834
0.147389
0.125162
0.119904
0.088508
0.200691
0.198893
0.157494
0.185627
0.185248
0.207208
0.116304
0.0892055
0.211167
0.211167
0.185395
0.197476
0.084788
0.111403
0.211167
0.210576
0.0674077
0.121178
0.171445
0.177008
0.12653
0.102804
0.117772
0.185319
0.141284
0.102255
0.122968
0.220196
0.173114
0.161631
0.189669
0.161338
0.177848
0.144839
0.240439
0.240439
0.172457
0.240439
0.240439
0.1016
0.0701301
0.0708056
0.0769578
0.104911
0.170372
0.190746
0.18285
0.162364
0.0916494
0.10889
0.149411
0.11328
0.139135
0.193711
0.240439
0.240439
0.240439
0.17131
0.100925
0.0665215
0.0465845
0.16734
0.13584
0.122479
0.138891
0.242756
0.171925
0.196909
0.199529
0.230196
0.0378382
0.129327
0.103178
0.242756
0.242756
0.045184
0.163861
0.197543
0.241554
0.189622
0.164696
0.0878742
0.242756
0.242756
0.143659
0.153948
0.117303
0.242756
0.0678169
0.0321504
0.00416122
0.204024
0.242756
0.0518812
0.0591856
0.0379029
0.0820441
0.0496507
0.177148
0.181097
0.243961
0.243961
0.0596708
0.141958
0.173549
0.243961
0.0786049
0.221764
0.230776
0.243961
0.243961
0.21803
0.188975
0.243961
0.243961
0.0877869
0.0252999
0.00254162
0.130411
0.243961
0.0678776
0.0763733
0.04694
0.141704
0.23288
0.00555828
0.00421673
0.0650444
0.161056
0.0429729
0.0298698
0.082063
0.243961
0.0642672
0.201307
0.188756
0.179399
0.239945
0.155953
0.136683
0.146625
0.204913
0.0919741
0.105633
0.0924314
0.239945
0.239945
0.154973
0.239945
0.239629
0.239945
0.146802
0.017006
0.0109747
0.0406078
0.139042
0.0418262
0.0268303
0.0546645
0.239945
0.157925
0.0366138
0.073517
0.239945
0.239945
0.232671
0.0458782
0.1302
0.239945
0.0658227
0.0477099
0.0655138
0.231252
0.231252
0.135424
0.21837
0.143001
0.231252
0.101227
0.083086
0.0876601
0.158364
0.231252
0.161932
0.214571
0.231252
0.231252
0.124642
0.0360506
0.0527334
0.183578
0.231252
0.15083
0.108857
0.119327
0.205226
0.056297
0.0353008
0.0517487
0.134627
0.188165
0.231252
0.231252
0.231252
0.201932
0.101514
0.101827
0.125506
0.213609
0.234612
0.190413
0.20549
0.222167
0.21156
0.0657253
0.117223
0.12849
0.126507
0.119526
0.0836737
0.095089
0.22588
0.231088
0.085795
0.0557877
0.0554514
0.119856
0.225437
0.234612
0.234612
0.234612
0.234612
0.121266
0.164184
0.0804684
0.136244
0.197609
0.0964458
0.135442
0.179015
0.201562
0.0765109
0.20143
0.190803
0.187201
0.18729
0.0709712
0.0904749
0.191523
0.187909
0.0821626
0.130715
0.160079
0.188889
0.150208
0.08884
0.0982526
0.153289
0.131049
0.206292
0.219208
0.117183
0.133408
0.219208
0.128403
0.112569
0.219208
0.219208
0.144698
0.219208
0.124767
0.219208
0.219208
0.132505
0.126905
0.195146
0.219208
0.110513
0.175331
0.166769
0.187457
0.182214
0.082801
0.0925572
0.130432
0.113783
0.145276
0.181156
0.222453
0.222453
0.222453
0.125481
0.102563
0.0621737
0.0594669
0.177868
0.222453
0.125623
0.202462
0.222453
0.137374
0.120383
0.178527
0.222453
0.222453
0.222453
0.111992
0.198765
0.222453
0.0693065
0.0653294
0.135281
0.222453
0.192708
0.234964
0.118376
0.235959
0.279209
0.189164
0.197327
0.120073
0.279209
0.0732694
0.0363201
0.00558935
0.243501
0.279209
0.0686405
0.0594006
0.045795
0.0849806
0.0352295
0.0394963
0.0534868
0.271441
0.279209
0.279209
0.0650466
0.035241
0.063964
0.0715553
0.0463932
0.0476918
0.196373
0.279209
0.188064
0.0864655
0.103736
0.0829961
0.0847707
0.0216378
0.00355096
0.15403
0.275646
0.106359
0.0762389
0.0635274
0.141333
0.213304
0.00385977
0.00126528
0.0748389
0.21315
0.0844001
0.0851667
0.126975
0.275646
0.0883006
0.0423783
0.0341905
0.159726
0.275646
0.275646
0.104469
0.143574
0.131298
0.132952
0.153439
0.157494
0.177248
0.275646
0.100477
0.275646
0.275646
0.275646
0.118128
0.0166124
0.0102444
0.0441121
0.160693
0.0565507
0.0452603
0.0675177
0.231959
0.162015
0.0699738
0.0903497
0.230501
0.231959
0.155436
0.0916592
0.110426
0.231959
0.0831949
0.10292
0.0739162
0.100243
0.219805
0.0715866
0.221227
0.231959
0.231959
0.193268
0.231959
0.170902
0.130673
0.231959
0.231959
0.231959
0.231959
0.231959
0.126772
0.0660258
0.0652658
0.177271
0.22919
0.111873
0.112662
0.120259
0.203748
0.0401169
0.0498402
0.0505602
0.101636
0.146098
0.22919
0.22919
0.22919
0.22919
0.203785
0.22919
0.134364
0.112184
0.22919
0.138476
0.102074
0.223289
0.221547
0.210671
0.183914
0.106212
0.0765273
0.147769
0.133612
0.12605
0.22919
0.22919
0.0547499
0.0668131
0.0484736
0.0842669
0.152686
0.237472
0.237472
0.237472
0.237472
0.0853369
0.15106
0.0687038
0.133341
0.179161
0.0973704
0.116539
0.132235
0.136396
0.237472
0.235425
0.0886959
0.0728192
0.149422
0.103495
0.0978421
0.237472
0.237472
0.193266
0.237472
0.144656
0.191027
0.193
0.0854057
0.0383919
0.237472
0.237472
0.127692
0.223237
0.0870506
0.124345
0.190841
0.100957
0.0890788
0.153864
0.207198
0.109854
0.173153
0.0815126
0.191617
0.22643
0.100134
0.0932854
0.133848
0.179427
0.22643
0.22643
0.137109
0.173997
0.208208
0.0900611
0.116133
0.22643
0.22643
0.0874565
0.132882
0.12362
0.105969
0.22643
0.207418
0.22643
0.185049
0.182809
0.149674
0.22527
0.0969011
0.17652
0.22527
0.123921
0.102579
0.149569
0.22527
0.22527
0.22527
0.0769776
0.154693
0.188054
0.0418088
0.0595253
0.121853
0.202651
0.140542
0.139247
0.130996
0.10186
0.218529
0.169784
0.22527
0.181563
0.22527
0.22527
0.218341
0.0751808
0.151251
0.22527
0.0411893
0.0190804
0.0205165
0.22527
0.038211
0.0816035
0.105271
0.303048
0.316277
0.316277
0.108294
0.0449832
0.0410912
0.0880152
0.0785017
0.076626
0.273831
0.316277
0.195525
0.0801212
0.100986
0.103371
0.0606693
0.0243721
0.0629527
0.23288
0.316277
0.101647
0.0628581
0.0841612
0.110632
0.148906
0.179433
0.0854437
0.164982
0.316277
0.0747639
0.0382855
0.0914185
0.11265
0.0602775
0.0392086
0.0338505
0.134061
0.258302
0.183415
0.0623257
0.0877372
0.0918238
0.0838077
0.102633
0.0830972
0.140442
0.258302
0.126432
0.258302
0.258302
0.258302
0.0987772
0.0835406
0.0390706
0.0985596
0.224591
0.098277
0.0282008
0.16785
0.181474
0.145368
0.101985
0.0989989
0.141184
0.258302
0.258302
0.258302
0.258302
0.223963
0.0535472
0.0851292
0.0556224
0.0976108
0.184357
0.0887464
0.224376
0.224376
0.20239
0.126563
0.224376
0.165106
0.135041
0.224376
0.179364
0.224376
0.191256
0.224376
0.0897953
0.0500135
0.0426644
0.101706
0.224376
0.224376
0.152398
0.224376
0.224376
0.118158
0.138516
0.0995034
0.122682
0.224376
0.173522
0.132163
0.159849
0.182216
0.164329
0.252895
0.162551
0.140895
0.252895
0.13423
0.134107
0.186784
0.234252
0.224261
0.197198
0.125013
0.0807816
0.148932
0.12051
0.095951
0.252895
0.252895
0.119755
0.138715
0.079483
0.124866
0.179054
0.101121
0.0771324
0.108712
0.170657
0.252895
0.093453
0.0542263
0.0828441
0.157748
0.0403301
0.0794084
0.252895
0.252895
0.222857
0.212389
0.0948744
0.0693062
0.131009
0.0785169
0.0570201
0.238245
0.238245
0.175704
0.238245
0.102726
0.194131
0.204992
0.0819149
0.0465793
0.228734
0.238245
0.2241
0.0978805
0.0505527
0.0950274
0.185
0.022052
0.0463434
0.204315
0.238245
0.238245
0.148981
0.0371339
0.129947
0.218335
0.0176272
0.0727175
0.203631
0.238245
0.200452
0.241036
0.0976055
0.17362
0.209171
0.0748258
0.0966642
0.241036
0.241036
0.0837998
0.117944
0.0979096
0.09418
0.165284
0.158734
0.183804
0.193965
0.187472
0.241036
0.179019
0.0368158
0.166006
0.241036
0.0190714
0.067161
0.167576
0.241036
0.228545
0.113178
0.0691236
0.0776251
0.118332
0.0439268
0.11187
0.241036
0.241036
0.136049
0.136437
0.117105
0.0933273
0.158474
0.148882
0.241372
0.227361
0.241372
0.238548
0.207991
0.0620475
0.145977
0.241372
0.0316522
0.0227729
0.0275648
0.241372
0.241372
0.189824
0.101051
0.111405
0.162448
0.0402777
0.105357
0.241372
0.241372
0.183142
0.101227
0.04392
0.171638
0.241372
0.0255906
0.0344172
0.121432
0.241372
0.0606511
0.0238227
0.092213
0.266324
0.266324
0.0774514
0.05658
0.0854202
0.130041
0.193715
0.206992
0.124876
0.224237
0.266324
0.0684503
0.0447178
0.1031
0.137448
0.0943562
0.0289254
0.096107
0.148898
0.266324
0.115501
0.116363
0.0821435
0.222358
0.266324
0.266324
0.157384
0.197324
0.266324
0.148554
0.11146
0.131173
0.187795
0.103932
0.0853661
0.0540361
0.11942
0.240114
0.0908166
0.0350454
0.139597
0.188999
0.12039
0.112198
0.0962578
0.185884
0.263679
0.263679
0.263679
0.263679
0.195877
0.184671
0.117597
0.102391
0.0940503
0.155363
0.0980839
0.0801036
0.158103
0.263679
0.146535
0.126369
0.0679938
0.156792
0.263679
0.140967
0.0662973
0.151947
0.263679
0.084536
0.0670955
0.0532819
0.138949
0.241542
0.241542
0.232976
0.241542
0.241542
0.120219
0.20486
0.139608
0.166151
0.235066
0.208383
0.196038
0.168715
0.188141
0.112075
0.0990242
0.0695226
0.107086
0.241542
0.118037
0.0613914
0.174653
0.241542
0.197844
0.119634
0.0936356
0.0999464
0.191234
0.0464966
0.0226972
0.0266327
0.241542
0.147294
0.228605
0.132747
0.184459
0.212274
0.145559
0.141658
0.1218
0.222186
0.262239
0.125685
0.0848532
0.132718
0.244274
0.0546967
0.0941889
0.262239
0.262239
0.178033
0.173312
0.113309
0.135334
0.243924
0.0448887
0.0273839
0.0346219
0.221477
0.15069
0.0449138
0.0163414
0.109321
0.205857
0.0607485
0.105184
0.192829
0.262239
0.254257
0.134482
0.0841332
0.137462
0.254257
0.0392972
0.0648836
0.254257
0.254257
0.254257
0.21554
0.0532934
0.177203
0.254257
0.0483896
0.103252
0.254257
0.254257
0.138254
0.0643356
0.0338503
0.137216
0.235224
0.0549993
0.0880725
0.149804
0.211608
0.145197
0.0689215
0.0882215
0.154222
0.120679
0.0927141
0.0716211
0.111443
0.254257
0.25451
0.211749
0.0487551
0.168946
0.25451
0.0476295
0.0781496
0.226759
0.25451
0.235782
0.143425
0.0767529
0.0855229
0.105852
0.0423656
0.104564
0.25451
0.25451
0.147507
0.0832808
0.0899572
0.157273
0.122504
0.0882519
0.0882676
0.141791
0.230504
0.248548
0.160904
0.0988447
0.119004
0.11163
0.0290146
0.0864463
0.25451
0.25451
0.247803
0.187148
0.0906157
0.0928716
0.133644
0.0347347
0.0668864
0.247803
0.247803
0.144583
0.087406
0.0338444
0.149489
0.247803
0.0213865
0.033154
0.100287
0.247803
0.247803
0.199858
0.104022
0.129777
0.157039
0.0242571
0.0910024
0.247803
0.247803
0.199213
0.0613902
0.0268006
0.195587
0.247803
0.00213131
0.0437019
0.247803
0.247803
0.0750555
0.0501241
0.0573615
0.117921
0.244748
0.0663823
0.0918222
0.0666141
0.162908
0.254274
0.174299
0.0754613
0.164537
0.264042
0.0645514
0.0768593
0.123273
0.159463
0.264042
0.264042
0.113453
0.231633
0.264042
0.0527748
0.0573884
0.0476201
0.0467983
0.256532
0.167737
0.0619721
0.20969
0.264042
0.0455701
0.0813711
0.21591
0.264042
0.180397
0.104378
0.0726169
0.0969547
0.173156
0.0697853
0.0744144
0.149218
0.268259
0.1378
0.107455
0.0660087
0.140804
0.268259
0.126685
0.114439
0.152721
0.268259
0.238769
0.121389
0.0700948
0.15074
0.268259
0.0432664
0.0673343
0.151608
0.268259
0.201046
0.0799503
0.0701663
0.0816697
0.139448
0.0610287
0.24256
0.266618
0.268259
0.119789
0.0885755
0.0785079
0.119548
0.268378
0.115698
0.0908023
0.150484
0.268378
0.190055
0.116291
0.115363
0.130062
0.183124
0.0351807
0.0277557
0.0267795
0.268378
0.245585
0.112996
0.108006
0.101005
0.144183
0.045451
0.169715
0.171985
0.268378
0.268378
0.222372
0.183917
0.156914
0.268378
0.0399175
0.0672476
0.0505881
0.268378
0.163467
0.161249
0.141227
0.191988
0.238479
0.0360797
0.0264529
0.0347176
0.213086
0.119047
0.0376117
0.0172609
0.131072
0.238479
0.0663522
0.0953534
0.167866
0.238479
0.238479
0.238479
0.221882
0.225705
0.238479
0.0385313
0.0761784
0.0337623
0.238479
0.137539
0.0649263
0.0148025
0.0467382
0.177477
0.231712
0.238479
0.189593
0.238479
0.117662
0.0639936
0.0365657
0.165999
0.243547
0.0820833
0.104155
0.171121
0.229987
0.0897009
0.0900079
0.120044
0.162747
0.22271
0.184034
0.100468
0.127791
0.243547
0.154497
0.0724328
0.0197512
0.0861311
0.237224
0.206166
0.243547
0.188433
0.191183
0.13446
0.181011
0.071919
0.189063
0.243547
0.243547
0.189746
0.194395
0.128741
0.0924866
0.120694
0.12959
0.163531
0.207943
0.173513
0.128616
0.153696
0.245617
0.240325
0.176042
0.116518
0.136002
0.138104
0.0485243
0.0972332
0.245617
0.245617
0.0825775
0.106195
0.0613891
0.171226
0.245617
0.214896
0.19532
0.214943
0.128926
0.092973
0.109584
0.137779
0.147637
0.182662
0.133408
0.136585
0.192105
0.245617
0.227619
0.190525
0.103774
0.125871
0.163777
0.0288188
0.0865976
0.264502
0.266042
0.227677
0.0735512
0.022699
0.187015
0.266042
0.00174888
0.0315641
0.197913
0.266042
0.0993585
0.0693122
0.103036
0.141269
0.1238
0.0904058
0.116856
0.171768
0.266042
0.266042
0.0192154
0.00807965
0.172259
0.266042
0.00962619
0.0120099
0.0977578
0.266042
0.261212
0.261212
0.0844176
0.219058
0.261212
0.0467149
0.0692645
0.0474096
0.0359388
0.1962
0.102507
0.036443
0.195825
0.261212
0.0312143
0.0691252
0.173534
0.261212
0.261212
0.261212
0.149525
0.214455
0.261212
0.0122259
0.033038
0.048859
0.0789299
0.152074
0.129669
0.083168
0.174341
0.261212
0.0112805
0.0319631
0.0590684
0.188787
0.205962
0.0942472
0.0531052
0.161831
0.287113
0.038593
0.0713802
0.144566
0.287113
0.166125
0.0625089
0.0688069
0.0954985
0.137917
0.0816201
0.287113
0.287113
0.287113
0.133597
0.125587
0.0810803
0.158313
0.228174
0.0123457
0.0391165
0.051794
0.201533
0.121587
0.0426148
0.0331926
0.0748252
0.0779206
0.0424523
0.225058
0.287113
0.287113
0.178168
0.0863616
0.0882434
0.104077
0.109521
0.05523
0.178323
0.170723
0.24836
0.205633
0.195482
0.182999
0.12728
0.24836
0.0326079
0.0781372
0.0873866
0.24836
0.106772
0.0515709
0.0558357
0.0795752
0.0900004
0.0352644
0.124661
0.232873
0.24836
0.150467
0.203202
0.186678
0.199085
0.24836
0.0671252
0.24836
0.24836
0.209456
0.226109
0.226109
0.224941
0.198314
0.226109
0.0420521
0.0728699
0.0532271
0.221356
0.0852568
0.0479064
0.01349
0.0519238
0.154695
0.170178
0.204609
0.154475
0.220758
0.184615
0.226109
0.203021
0.226109
0.226109
0.0902767
0.226109
0.226109
0.0916142
0.0196076
0.0232815
0.0253335
0.119024
0.218329
0.226109
0.207517
0.100225
0.0537373
0.12017
0.0700629
0.0213979
0.108655
0.243174
0.235186
0.243174
0.200127
0.178191
0.170546
0.233395
0.085158
0.161927
0.243174
0.243174
0.208956
0.19282
0.115148
0.0285133
0.022993
0.0185437
0.196856
0.243174
0.243174
0.236176
0.0884588
0.0447536
0.0849756
0.215065
0.0555417
0.10983
0.243174
0.17289
0.0968548
0.0376116
0.029185
0.0961982
0.139781
0.0741345
0.164887
0.230822
0.230822
0.203021
0.201099
0.110102
0.085168
0.124871
0.1487
0.145611
0.211679
0.135043
0.132998
0.188892
0.230822
0.0509483
0.19211
0.118545
0.112829
0.230822
0.139938
0.0639917
0.0324065
0.0353311
0.121343
0.181056
0.230822
0.212999
0.230822
0.219033
0.133257
0.230822
0.195831
0.0741079
0.0719479
0.100541
0.143155
0.154169
0.0804881
0.102454
0.163246
0.259278
0.259278
0.0339601
0.00877903
0.165964
0.259278
0.00738591
0.018913
0.071714
0.259278
0.110837
0.162023
0.259278
0.170373
0.241596
0.149767
0.106782
0.226909
0.195381
0.259278
0.0842046
0.0288091
0.143094
0.259278
0.066091
0.128855
0.209791
0.208872
