0.126426
0.107952
0.0567774
0.0764957
0.121941
0.0510086
0.06594
0.115311
0.0536287
0.0566269
0.0598081
0.0607269
0.0800122
0.0985302
0.079297
0.0667094
0.13018
0.1538
0.0568794
0.14057
0.142125
0.22965
0.285117
0.0865327
0.114967
0.0907658
0.0440909
0.285117
0.285117
0.168419
0.20458
0.285117
0.285117
0.285117
0.285117
0.285117
0.0350097
0.0600033
0.0728228
0.085643
0.0724838
0.0756195
0.0825369
0.157421
0.176615
0.024679
0.0749082
0.101435
0.107764
0.104003
0.0661038
0.050816
0.0601036
0.0372644
0.267124
0.267124
0.148093
0.173014
0.267124
0.267124
0.267124
0.262339
0.267124
0.120515
0.216417
0.191904
0.220239
0.267124
0.267124
0.114817
0.0689809
0.041478
0.0373145
0.115658
0.169089
0.167294
0.135151
0.0829996
0.0768922
0.138926
0.0714201
0.230831
0.263502
0.263502
0.165186
0.0974337
0.0552527
0.128385
0.263502
0.134912
0.0389072
0.203858
0.229969
0.263502
0.263502
0.263502
0.12456
0.061459
0.0166151
0.0390348
0.031165
0.12062
0.136321
0.263502
0.263502
0.122128
0.138202
0.0689019
0.0989558
0.179013
0.245
0.14797
0.0800071
0.0491638
0.08347
0.245
0.138597
0.245
0.245
0.148692
0.245
0.217306
0.0861452
0.0495567
0.245
0.156252
0.0300327
0.043667
0.076986
0.110298
0.245
0.179881
0.0759456
0.085724
0.0572506
0.0805222
0.245
0.243891
0.245
0.245
0.192916
0.138157
0.0292754
0.0679591
0.127627
0.170725
0.0883565
0.117251
0.0904749
0.042043
0.192635
0.315155
0.216982
0.137745
0.0691388
0.0496772
0.138145
0.0925685
0.0324149
0.315155
0.315155
0.315155
0.0822147
0.0930014
0.0933146
0.0914442
0.123547
0.0819589
0.0668762
0.0690891
0.264804
0.188859
0.0572654
0.0582244
0.056736
0.0461931
0.0350636
0.0954931
0.308971
0.315155
0.159983
0.0676992
0.0725671
0.169379
0.0989868
0.0417976
0.394142
0.394142
0.394142
0.0297485
0.035263
0.0239568
0.0392009
0.0468389
0.0229046
0.0449948
0.104677
0.130282
0.258448
0.0268071
0.0534977
0.0465152
0.0246743
0.0497358
0.117689
0.370698
0.394142
0.046572
0.0599532
0.0546252
0.0359927
0.0642405
0.0223028
0.0434243
0.141378
0.0508601
0.106137
0.134567
0.0994231
0.161378
0.166685
0.102899
0.179437
0.227991
0.227991
0.181135
0.227626
0.133007
0.194828
0.227991
0.0832368
0.0965168
0.188004
0.18961
0.147321
0.173461
0.15875
0.113988
0.165312
0.125015
0.158985
0.227991
0.170505
0.206393
0.227991
0.104648
0.0966442
0.120434
0.0512955
0.162134
0.227991
0.175596
0.0517014
0.111668
0.113731
0.192375
0.226281
0.0696045
0.0842654
0.0618236
0.0315083
0.246391
0.246391
0.13194
0.142735
0.246391
0.246391
0.246391
0.246391
0.246391
0.0527418
0.134036
0.030027
0.0535651
0.120059
0.0223696
0.0313723
0.0401658
0.0200974
0.236392
0.246391
0.100194
0.0213997
0.188238
0.160279
0.241043
0.234004
0.246391
0.204826
0.235497
0.115679
0.132815
0.235497
0.235497
0.235497
0.220179
0.235497
0.0830441
0.175652
0.116708
0.140948
0.235497
0.221003
0.0809521
0.077214
0.0372081
0.161192
0.235497
0.10481
0.0165588
0.152909
0.14276
0.216286
0.208832
0.235497
0.042913
0.0453155
0.0570853
0.0837971
0.152183
0.132655
0.178526
0.197384
0.0611359
0.0554039
0.243958
0.192462
0.255583
0.255583
0.255583
0.108231
0.0988204
0.0314369
0.0247618
0.0318988
0.154573
0.194741
0.255583
0.255583
0.119274
0.129439
0.068087
0.0190957
0.0377615
0.117649
0.158817
0.255583
0.224558
0.255583
0.255583
0.0718198
0.0649761
0.196791
0.171804
0.150488
0.106692
0.0666924
0.13504
0.152764
0.085475
0.0411064
0.0563816
0.0944828
0.169202
0.256441
0.189625
0.0759844
0.0807036
0.0679375
0.0994339
0.256441
0.227475
0.256441
0.256441
0.174926
0.106969
0.0532321
0.115776
0.0700824
0.119048
0.12992
0.127481
0.106266
0.0683489
0.116675
0.108898
0.0806991
0.109025
0.256441
0.256441
0.22743
0.256441
0.256441
0.256441
0.0929755
0.143271
0.103015
0.131845
0.0816938
0.10504
0.149526
0.0845755
0.0755309
0.112168
0.292792
0.16862
0.059299
0.0452651
0.0442665
0.0861437
0.12387
0.247368
0.292792
0.292792
0.0703199
0.0942835
0.0869071
0.0982689
0.178038
0.292792
0.188339
0.0994227
0.124377
0.0353465
0.0292574
0.0351213
0.0164207
0.0710613
0.292792
0.292792
0.292792
0.232959
0.208626
0.0209711
0.0292266
0.0268125
0.0513318
0.132636
0.251919
0.336114
0.336114
0.0351821
0.0484242
0.0493532
0.0483561
0.0962703
0.0894983
0.0720635
0.129223
0.0502003
0.0407579
0.0031182
0.0114854
0.0133248
0.0695527
0.336114
0.336114
0.336114
0.261322
0.0115188
0.00927823
0.00745873
0.0120648
0.157323
0.336114
0.189123
0.0787272
0.0254539
0.0654642
0.084419
0.0867911
0.0947035
0.151262
0.187605
0.111954
0.2404
0.0928925
0.0983978
0.133414
0.0693892
0.0658583
0.0852115
0.0526809
0.119567
0.171381
0.0916937
0.0174926
0.0145597
0.0125253
0.0526132
0.341677
0.341677
0.335825
0.141606
0.0488024
0.0221219
0.0283248
0.0512957
0.341677
0.341677
0.341677
0.087853
0.0430969
0.0210276
0.09941
0.230596
0.0603062
0.0824732
0.182426
0.0418059
0.0524331
0.0722832
0.0333647
0.277372
0.277372
0.18313
0.020189
0.277372
0.277372
0.277372
0.277372
0.277372
0.126212
0.142763
0.0976837
0.0966589
0.110331
0.013724
0.0416939
0.0532293
0.0204624
0.0567359
0.277372
0.241723
0.0908651
0.0280034
0.0406016
0.141743
0.247362
0.082457
0.194734
0.238528
0.146753
0.0162666
0.213002
0.201432
0.238528
0.238528
0.238528
0.0688179
0.0859271
0.0823806
0.108083
0.149252
0.123302
0.227731
0.238528
0.0782166
0.0248201
0.238528
0.230236
0.0821854
0.0120902
0.0442533
0.173146
0.233572
0.0727003
0.0333109
0.214042
0.238528
0.0974067
0.0575486
0.0621686
0.217293
0.234654
0.108831
0.0219073
0.0438161
0.0935444
0.124441
0.151308
0.106818
0.229752
0.25624
0.0771147
0.0428728
0.118866
0.144176
0.183182
0.122887
0.0539889
0.148774
0.14847
0.0819994
0.0317179
0.266725
0.266725
0.104333
0.0578459
0.0670084
0.266725
0.266725
0.151855
0.099691
0.122665
0.14436
0.266725
0.114283
0.0680541
0.266725
0.266725
0.266725
0.0676882
0.0941942
0.130357
0.165137
0.107599
0.0837291
0.11732
0.139771
0.100941
0.126587
0.267529
0.267529
0.232683
0.267529
0.267529
0.212817
0.112801
0.153154
0.0723076
0.0628514
0.0906153
0.15255
0.0876501
0.12886
0.258947
0.267529
0.267529
0.020807
0.0791579
0.0661854
0.104288
0.163175
0.267529
0.209601
0.051847
0.0190119
0.126315
0.184014
0.130172
0.165175
0.262621
0.316359
0.260123
0.19531
0.190812
0.0139859
0.0498416
0.0468659
0.0291684
0.15207
0.316359
0.316359
0.316359
0.224091
0.0110949
0.0509023
0.0436174
0.0334912
0.130222
0.316359
0.207134
0.0486451
0.00818485
0.0141685
0.0224777
0.0407042
0.0578018
0.0331672
0.0935481
0.149281
0.0847518
0.0471764
0.0138111
0.00259543
0.00690301
0.03284
0.158678
0.371328
0.371328
0.371328
0.271216
0.00840288
0.00736557
0.00599509
0.0309852
0.300618
0.371328
0.300033
0.112842
0.0377693
0.017229
0.0198222
0.0451574
0.0428225
0.0334845
0.102564
0.190106
0.115765
0.0667159
0.00585897
0.00740469
0.0384897
0.0770228
0.0820519
0.152865
0.13111
0.131556
0.102139
0.00814125
0.00828317
0.00991862
0.0711458
0.327663
0.327663
0.293932
0.124316
0.0460425
0.0136934
0.0170564
0.0608154
0.276504
0.327663
0.327663
0.0946919
0.059054
0.0197938
0.0125665
0.0123411
0.0572442
0.121081
0.130877
0.160039
0.131321
0.146533
0.101522
0.0143993
0.040665
0.120111
0.327663
0.327663
0.141708
0.0710106
0.0300405
0.0274194
0.154493
0.188053
0.152704
0.151664
0.184112
0.0544239
0.0648019
0.0610746
0.0321791
0.0843481
0.260499
0.260499
0.109847
0.0445416
0.0800143
0.226528
0.260499
0.0834632
0.0801848
0.185047
0.153206
0.183505
0.260499
0.260499
0.110844
0.0365359
0.00289363
0.0618202
0.260499
0.211633
0.0614566
0.0973504
0.237765
0.260499
0.237217
0.0404992
0.0339365
0.253205
0.253205
0.084518
0.0188727
0.0631369
0.23944
0.24793
0.0860506
0.0473781
0.253205
0.253205
0.0886948
0.0485567
0.0611472
0.253205
0.253205
0.105176
0.0474225
0.253205
0.185541
0.0406447
0.0671451
0.140681
0.253205
0.141956
0.0367164
0.00707765
0.253205
0.253205
0.0708004
0.0210799
0.0723516
0.253205
0.181807
0.0269233
0.0221061
0.17
0.179854
0.05515
0.0249925
0.0309678
0.234682
0.224258
0.0948542
0.0711247
0.0974299
0.0882616
0.179239
0.106718
0.0518309
0.253055
0.292225
0.292225
0.0094174
0.180799
0.292225
0.0466823
0.0131096
0.0537223
0.279812
0.110135
0.0404302
0.110921
0.0748039
0.15574
0.0345949
0.0107355
0.0414587
0.290615
0.292225
0.292225
0.068653
0.0732149
0.0666608
0.119188
0.0918795
0.12713
0.270175
0.291371
0.291371
0.0140722
0.0630088
0.0485274
0.0883311
0.145272
0.291371
0.17469
0.0486872
0.0134481
0.120859
0.10364
0.182803
0.0351899
0.0284347
0.066295
0.291371
0.291371
0.291371
0.0435691
0.284334
0.115561
0.0448697
0.0706964
0.166849
0.291371
0.105613
0.0599332
0.0231091
0.100039
0.0725865
0.0794472
0.262453
0.293048
0.293048
0.102868
0.011378
0.0304471
0.0591622
0.0834997
0.117294
0.0622779
0.172509
0.264655
0.19605
0.0715686
0.0997822
0.293048
0.233557
0.0906659
0.153732
0.288657
0.293048
0.162701
0.0165282
0.0322484
0.119566
0.180182
0.11202
0.112552
0.151409
0.252241
0.111981
0.0620188
0.0499826
0.0667225
0.101541
0.11487
0.0710433
0.211727
0.240935
0.240935
0.138845
0.0325285
0.0402228
0.0778575
0.13948
0.220312
0.240935
0.240935
0.240935
0.240935
0.0450122
0.0808285
0.240935
0.11759
0.115048
0.152136
0.240935
0.204915
0.0932178
0.0301149
0.0543604
0.155389
0.141473
0.240935
0.240935
0.240935
0.158157
0.0512833
0.036717
0.0324915
0.0745424
0.163032
0.219534
0.237144
0.18149
0.224911
0.168957
0.0215729
0.0793344
0.232734
0.239415
0.239415
0.239415
0.104513
0.0515215
0.0409653
0.0290749
0.0588638
0.170829
0.125383
0.213893
0.206478
0.223246
0.107391
0.0339297
0.000808086
0.0926766
0.239415
0.239415
0.239415
0.239415
0.239415
0.0581819
0.046119
0.033739
0.075782
0.076662
0.0956605
0.224483
0.230895
0.0642786
0.0210803
0.00568214
0.0313624
0.137771
0.144804
0.0280839
0.0482627
0.0931483
0.196323
0.115279
0.0155705
0.00494204
0.0299496
0.0367107
0.229881
0.367561
0.367561
0.0601434
0.0104619
0.00805278
0.0337843
0.166774
0.203646
0.367561
0.367561
0.303671
0.0491687
0.0211747
0.0124818
0.030351
0.153986
0.136415
0.0234876
0.040579
0.0699551
0.153492
0.0832919
0.020377
0.00641163
0.180484
0.31363
0.0261432
0.0150877
0.0795884
0.31363
0.118382
0.00703655
0.0293511
0.151937
0.176067
0.31363
0.31363
0.31363
0.041279
0.0160619
0.012606
0.006669
0.0238912
0.0554468
0.31363
0.31363
0.31363
0.127838
0.0272272
0.00885439
0.00858796
0.149668
0.234487
0.026994
0.0125958
0.0697792
0.24577
0.0937752
0.0272366
0.108201
0.0773093
0.0985692
0.0167097
0.0113513
0.0330272
0.277164
0.300209
0.300209
0.00845683
0.0137017
0.047099
0.300209
0.300209
0.300209
0.115448
0.0589981
0.0537494
0.0958794
0.00961051
0.0345744
0.0412348
0.222227
0.0811102
0.141178
0.300209
0.300209
0.115417
0.105643
0.10984
0.0202529
0.0203711
0.0509288
0.279019
0.279019
0.279019
0.0469942
0.214479
0.0861338
0.0349416
0.0570784
0.122025
0.259466
0.0790598
0.0467392
0.115223
0.0358616
0.0582984
0.0717767
0.279019
0.0745517
0.19579
0.279019
0.279019
0.161028
0.235509
0.149594
0.0983585
0.257663
0.161388
0.215574
0.115798
0.096956
0.0888808
0.262142
0.135184
0.0647291
0.0894864
0.180219
0.262142
0.113286
0.00767277
0.0241655
0.0899649
0.111733
0.071863
0.0807291
0.099751
0.173645
0.0634577
0.0467592
0.262142
0.262142
0.201279
0.170246
0.262142
0.262142
0.262142
0.235576
0.0897746
0.0416507
0.129303
0.182973
0.143058
0.105384
0.262142
0.262142
0.0445313
0.00948122
0.046979
0.0973786
0.178855
0.108267
0.104783
0.118382
0.261159
0.124689
0.0699503
0.0423394
0.0717789
0.0912925
0.0844824
0.261159
0.261159
0.261159
0.134437
0.0442586
0.0471342
0.116103
0.226201
0.212357
0.187899
0.261159
0.261159
0.0752088
0.0179194
0.0388192
0.130324
0.137044
0.246072
0.261159
0.261159
0.241269
0.0400073
0.0142494
0.0552693
0.0881846
0.148356
0.11154
0.24016
0.24016
0.24016
0.113931
0.03874
0.00124177
0.1144
0.24016
0.24016
0.24016
0.24016
0.24016
0.0571411
0.0302748
0.0501927
0.129326
0.152158
0.24016
0.24016
0.24016
0.219714
0.0330688
0.0228066
0.0608206
0.118432
0.146884
0.1899
0.182037
0.175802
0.192844
0.129641
0.0532739
0.00725393
0.0287942
0.0480408
0.174029
0.297641
0.297641
0.0783359
0.020342
0.0161963
0.0293954
0.167501
0.178291
0.297641
0.297641
0.218415
0.0488375
0.026232
0.0110784
0.0384844
0.0416077
0.0671408
0.157617
0.297641
0.297641
0.0959584
0.0368313
0.0154973
0.0138263
0.018495
0.0680693
0.265028
0.297641
0.297641
0.140529
0.0284671
0.0068756
0.0266381
0.15815
0.177193
0.278913
0.278913
0.245009
0.040588
0.0191747
0.0112786
0.00952966
0.0288289
0.0437054
0.263844
0.278913
0.278913
0.144712
0.0276426
0.0131675
0.0183364
0.0206746
0.094242
0.265504
0.278913
0.278913
0.10744
0.0161575
0.00303672
0.0326373
0.0377244
0.130135
0.278913
0.278913
0.222123
0.0478176
0.0249949
0.0205597
0.012289
0.0257531
0.0543446
0.275695
0.303576
0.303576
0.153697
0.0732613
0.0629161
0.133997
0.0184723
0.03622
0.0473691
0.164225
0.0801495
0.163292
0.303576
0.303576
0.0591962
0.0393913
0.144063
0.303576
0.303576
0.207515
0.0500203
0.0542793
0.0746332
0.133816
0.0170164
0.024552
0.076344
0.132893
0.0708602
0.0288776
0.179507
0.303576
0.122462
0.0439254
0.0509403
0.0508776
0.187823
0.0704504
0.183866
0.262838
0.262838
0.180755
0.260815
0.163956
0.0824718
0.177674
0.0946803
0.225145
0.146255
0.130391
0.162734
0.0231332
0.0250984
0.0630137
0.149923
0.0756518
0.0319588
0.180145
0.262838
0.262838
0.247159
0.165936
0.135953
0.262838
0.0365503
0.0949202
0.120843
0.262838
0.250832
0.250832
0.193907
0.110617
0.250832
0.152612
0.250832
0.244049
0.134591
0.0351772
0.105733
0.135624
0.107924
0.0817289
0.155998
0.250832
0.0539103
0.00723707
0.250832
0.250832
0.23413
0.150244
0.250832
0.0591809
0.103462
0.162439
0.250832
0.0267022
0.0730852
0.146816
0.111758
0.0650639
0.0699404
0.148148
0.111914
0.0695443
0.0581852
0.147875
0.237358
0.201623
0.169321
0.24703
0.24703
0.121497
0.0143307
0.0561734
0.137132
0.135216
0.201492
0.240459
0.24703
0.24703
0.0652297
0.0275045
0.0455169
0.114664
0.24703
0.187015
0.11592
0.126944
0.24703
0.211247
0.12227
0.0335299
0.0706865
0.24703
0.219575
0.0629945
0.0967837
0.167467
0.163481
0.0389599
0.0820883
0.173369
0.187694
0.240467
0.240467
0.240467
0.240467
0.074136
0.0395384
0.0530446
0.136814
0.160825
0.240467
0.240467
0.240467
0.208838
0.134954
0.0478652
0.0581416
0.0895305
0.240467
0.240467
0.122276
0.123635
0.235135
0.18208
0.0591969
0.0753784
0.161642
0.156746
0.156138
0.150864
0.0968843
0.169259
0.0991256
0.0634282
0.0372288
0.0534626
0.112307
0.226999
0.274386
0.274386
0.129784
0.0645238
0.036231
0.0143149
0.0387494
0.115588
0.274386
0.274386
0.274386
0.211581
0.0965803
0.0203623
0.0442234
0.0854405
0.105545
0.159788
0.200203
0.0947216
0.0768187
0.0949691
0.065077
0.0243491
0.102902
0.260915
0.256788
0.200064
0.22464
0.274386
0.188189
0.0524958
0.0165324
0.0468261
0.159526
0.277252
0.277252
0.277252
0.170583
0.0551722
0.0108487
0.0344941
0.0855403
0.190282
0.277252
0.277252
0.234291
0.0778226
0.0503295
0.0348329
0.0321981
0.113837
0.214567
0.254033
0.20185
0.158436
0.245443
0.156769
0.0525443
0.0882361
0.205776
0.20527
0.12273
0.0710415
0.048582
0.0979228
0.167408
0.125423
0.0616578
0.0972155
0.205586
0.30773
0.30773
0.229786
0.0842354
0.0750947
0.104251
0.170878
0.0371534
0.0378712
0.102492
0.134341
0.0858748
0.0441711
0.235259
0.30773
0.10494
0.210878
0.199808
0.123255
0.0746975
0.0314883
0.120466
0.244171
0.184325
0.11356
0.0406833
0.0235764
0.046051
0.0423904
0.0233655
0.15654
0.30773
0.30773
0.156272
0.0382051
0.0325596
0.0477881
0.105057
0.0774816
0.0352198
0.189748
0.258692
0.258692
0.258692
0.208601
0.134657
0.258692
0.0103649
0.122809
0.171105
0.258692
0.0932684
0.0316625
0.0143784
0.0322773
0.0360916
0.0317032
0.12681
0.258692
0.258692
0.254522
0.179601
0.245115
0.115681
0.258692
0.0279081
0.0272075
0.0820115
0.258692
0.268897
0.268897
0.268897
0.147225
0.268897
0.00932714
0.121825
0.240134
0.268897
0.0341186
0.0838966
0.152304
0.114503
0.0789259
0.0376004
0.136644
0.125893
0.0631629
0.268897
0.234861
0.268897
0.135055
0.268897
0.051634
0.04411
0.104676
0.268897
0.0338982
0.0528753
0.088202
0.151601
0.166354
0.0592073
0.0608969
0.0422397
0.0630222
0.0701936
0.163937
0.233143
0.214758
0.121844
0.0679553
0.233143
0.233143
0.128492
0.0565906
0.0927161
0.233143
0.221474
0.0639959
0.1003
0.197362
0.196003
0.0618836
0.0288526
0.113204
0.13403
0.233143
0.233143
0.148682
0.190712
0.12126
0.166918
0.020847
0.0729728
0.233143
0.203567
0.170127
0.1618
0.233143
0.233143
0.0756402
0.0786443
0.104415
0.234372
0.234372
0.0968774
0.12914
0.234372
0.197607
0.0745851
0.0807429
0.1764
0.16159
0.128391
0.16349
0.136083
0.20451
0.111854
0.0776022
0.0424699
0.10914
0.234372
0.234372
0.196979
0.207986
0.234372
0.234372
0.0899647
0.140895
0.234372
0.234372
0.148175
0.220609
0.0460309
0.134062
0.0773201
0.107768
0.0233668
0.0585879
0.10937
0.187707
0.231848
0.0689418
0.0639385
0.083164
0.0578917
0.0312805
0.107318
0.246708
0.21054
0.199476
0.152627
0.246708
0.195548
0.100726
0.0423093
0.085396
0.217227
0.193375
0.204227
0.0792124
0.246708
0.246708
0.135138
0.0882326
0.0936219
0.246708
0.246708
0.117608
0.0597455
0.163981
0.246708
0.246708
0.0415971
0.146078
0.235107
0.230752
0.221501
0.131177
0.256915
0.1691
0.104168
0.0942566
0.235612
0.227229
0.134883
0.0791552
0.0432457
0.123229
0.144197
0.108774
0.1083
0.118669
0.256915
0.256915
0.133453
0.0664034
0.114626
0.256915
0.256915
0.173167
0.206184
0.19976
0.174471
0.175925
0.0443315
0.0360266
0.0481499
0.044187
0.104843
0.252552
0.2092
0.124161
0.0864503
0.0343609
0.160259
0.19111
0.168256
0.125059
0.0614866
0.030417
0.0372735
0.0448791
0.0219899
0.197163
0.278381
0.278381
0.155544
0.222387
0.201119
0.179704
0.180371
0.0504478
0.0536355
0.0712401
0.0287864
0.121072
0.278381
0.0523663
0.0658266
0.108457
0.122653
0.278381
0.278381
0.278381
0.0873942
0.041834
0.0164155
0.0210255
0.0380251
0.0235231
0.139804
0.249281
0.249281
0.229925
0.142043
0.236371
0.125522
0.249281
0.0212269
0.0583146
0.114285
0.249281
0.0745496
0.117588
0.0285003
0.0383151
0.112007
0.149975
0.249281
0.249281
0.180389
0.209079
0.249281
0.0366197
0.0866312
0.249281
0.154773
0.249281
0.249281
0.140018
0.260591
0.169463
0.263025
0.139587
0.263025
0.0366471
0.0821921
0.162154
0.263025
0.0270874
0.0380683
0.0692975
0.108098
0.146395
0.0715531
0.080254
0.0589503
0.0578664
0.263025
0.263025
0.0439572
0.114518
0.263025
0.263025
0.263025
0.263025
0.193436
0.0125601
0.0592879
0.0589132
0.080216
0.151405
0.170369
0.194886
0.111313
0.00338736
0.0307501
0.0771463
0.130038
0.20413
0.238188
0.173339
0.2151
0.140046
0.167752
0.0259895
0.122077
0.241849
0.196416
0.129684
0.13191
0.241849
0.227692
0.0707079
0.0154762
0.0940416
0.109506
0.224957
0.241849
0.241849
0.241849
0.181472
0.0047241
0.0821361
0.241849
0.241849
0.140345
0.115632
0.114843
0.180953
0.0885194
0.0291265
0.0528686
0.153216
0.230113
0.230113
0.171423
0.1945
0.230113
0.230113
0.0842819
0.151624
0.230113
0.230113
0.11808
0.188502
0.0744849
0.183583
0.0954297
0.101228
0.0697976
0.230113
0.230113
0.230113
0.182142
0.170921
0.230113
0.0887641
0.0395072
0.0888691
0.197559
0.158673
0.0692591
0.117537
0.0446335
0.0806005
0.134462
0.211739
0.0287596
0.0463718
0.157347
0.18924
0.19924
0.0945617
0.208445
0.170574
0.0791238
0.082679
0.0597107
0.247043
0.233477
0.174801
0.079745
0.154257
0.244581
0.247043
0.0505911
0.0624967
0.12783
0.142104
0.247043
0.200703
0.138944
0.122611
0.0915108
0.233831
0.0794587
0.161604
0.166737
0.204973
0.107703
0.154596
0.247043
0.247043
0.0970066
0.0915358
0.254875
0.254875
0.16803
0.0982083
0.153926
0.254875
0.254875
0.135553
0.210728
0.171929
0.129632
0.150166
0.051599
0.057033
0.0262245
0.0224832
0.195531
0.0828451
0.171923
0.179627
0.191417
0.167487
0.189422
0.254875
0.254875
0.148452
0.254875
0.0544601
0.120568
0.239003
0.103411
0.0957674
0.0382419
0.0402973
0.105315
0.174767
0.131568
0.104766
0.121018
0.0440255
0.065156
0.0429704
0.0117894
0.0718919
0.224014
0.150027
0.0361134
0.0918454
0.0752002
0.276855
0.276855
0.191355
0.133392
0.230261
0.090199
0.119927
0.248961
0.0754221
0.0563718
0.0299859
0.00413851
0.276855
0.276855
0.276855
0.149927
0.257326
0.0597652
0.0570343
0.23851
0.276855
0.055817
0.0927192
0.0588237
0.0231175
0.0838002
0.073401
0.190295
0.244555
0.166435
0.150908
0.188814
0.0372947
0.0795657
0.244555
0.0797304
0.158461
0.244555
0.14665
0.214707
0.244555
0.243002
0.10447
0.191019
0.0420352
0.0733107
0.192694
0.244555
0.244555
0.244555
0.0351433
0.0812011
0.244555
0.0177971
0.0628838
0.204114
0.244555
0.222023
0.221586
0.0331986
0.114037
0.286331
0.141956
0.24542
0.286331
0.279596
0.0077547
0.0330466
0.0459139
0.0512093
0.133518
0.172103
0.151542
0.0938851
0.00439135
0.286331
0.286331
0.0224742
0.121432
0.286331
0.0418913
0.147406
0.286331
0.286331
0.0118557
0.0414729
0.0476957
0.0632268
0.124005
0.0686814
0.0326744
0.0198796
0.0386358
0.012033
0.066169
0.127363
0.19454
0.253797
0.253797
0.253797
0.183923
0.00498052
0.0739125
0.253797
0.253797
0.178743
0.134994
0.138659
0.163721
0.0852038
0.0332079
0.0193138
0.10214
0.112003
0.1917
0.253797
0.253797
0.14844
0.0325805
0.0519092
0.021133
0.112438
0.167471
0.213374
0.164705
0.253797
0.253797
0.124441
0.0514364
0.0737556
0.244853
0.244853
0.244853
0.227232
0.218321
0.244853
0.0865638
0.0464273
0.0827337
0.206359
0.149497
0.0773829
0.115806
0.0616182
0.127107
0.147725
0.209438
0.0238711
0.112527
0.176538
0.244853
0.231571
0.244853
0.244853
0.176989
0.0658302
0.045965
0.0919101
0.117284
0.139592
0.178905
0.0514692
0.181272
0.173045
0.119082
0.0580776
0.0656697
0.117171
0.156693
0.277281
0.203283
0.15344
0.1179
0.0883191
0.233102
0.0514565
0.158101
0.177044
0.287445
0.133429
0.224604
0.287445
0.287445
0.0858285
0.07872
0.0609835
0.0856721
0.0587483
0.0325042
0.0388332
0.0325617
0.0850392
0.287445
0.197612
0.0142613
0.0675236
0.0663908
0.0491127
0.153927
0.287445
0.287445
0.169656
0.0569549
0.134467
0.15277
0.228796
0.162744
0.236007
0.268914
0.268914
0.152184
0.251389
0.0521492
0.097954
0.219424
0.0958573
0.104153
0.0393005
0.0308044
0.268914
0.155144
0.0218717
0.0706116
0.0815132
0.0348594
0.113759
0.268914
0.268914
0.247624
0.263274
0.0545027
0.119379
0.230468
0.01565
0.0356783
0.0829236
0.037455
0.108102
0.175361
0.0603454
0.0739583
0.175152
0.0539011
0.0494918
0.0309635
0.00385015
0.242917
0.293012
0.293012
0.0946306
0.200309
0.0469117
0.0618015
0.257902
0.293012
0.179108
0.203938
0.0511908
0.0764207
0.197022
0.0239378
0.0361659
0.0343933
0.0074965
0.293012
0.163035
0.0380509
0.0752278
0.192667
0.0648047
0.128892
0.293012
0.293012
0.176205
0.220922
0.220886
0.0817369
0.175961
0.0284838
0.0634052
0.203999
0.236611
0.236611
0.236611
0.0437934
0.0652271
0.235731
0.00538637
0.0453205
0.20395
0.236611
0.236611
0.193666
0.0310568
0.0716824
0.224281
0.0577698
0.0887108
0.214754
0.236611
0.236611
0.185653
0.000508909
0.0574524
0.156655
0.00442366
0.0265819
0.140337
0.236611
0.313195
0.313195
0.0279662
0.126034
0.313195
0.0200574
0.131502
0.313195
0.313195
0.0125181
0.0265501
0.0458111
0.0608395
0.146595
0.122427
0.0426497
0.0240547
0.042775
0.313195
0.313195
0.00237892
0.131477
0.313195
0.00572589
0.0221171
0.0640108
0.313195
0.012628
0.0123947
0.0377407
0.0273183
0.0218437
0.0313339
0.037924
0.0444844
0.0786083
0.024143
0.0960347
0.154709
0.248045
0.259314
0.259314
0.21248
0.0537339
0.0778152
0.0279506
0.157445
0.259314
0.259314
0.259314
0.259314
0.259314
0.185227
0.0773161
0.036131
0.0498585
0.124419
0.0977608
0.0814339
0.114334
0.147424
0.162388
0.244119
0.0620764
0.0681338
0.0623741
0.0748067
0.128041
0.204147
0.209352
0.136845
0.138713
0.0277926
0.147256
0.254162
0.254162
0.254162
0.254162
0.254162
0.233095
0.0938654
0.0466574
0.109877
0.14452
0.175561
0.215274
0.0714308
0.235243
0.220516
0.146039
0.0842831
0.0995277
0.0780598
0.0914901
0.150091
0.230997
0.232405
0.166305
0.103244
0.0420419
0.0632427
0.122924
0.121237
0.131773
0.135842
0.135204
0.19302
0.148631
0.104392
0.0933118
0.0600936
0.077903
0.0594099
0.0195666
0.0431482
0.0422516
0.0955518
0.344793
0.184994
0.0300346
0.0957781
0.11333
0.0497577
0.188942
0.344793
0.344793
0.104192
0.103113
0.122842
0.106823
0.112107
0.0452161
0.0291357
0.0247428
0.0901281
0.344793
0.290157
0.142336
0.147408
0.150846
0.0571299
0.0195053
0.198829
0.344793
0.298642
0.137674
0.0355736
0.0815331
0.101846
0.022822
0.120923
0.263824
0.298642
0.241842
0.265446
0.0706486
0.11076
0.192998
0.0116708
0.0375529
0.0739374
0.0327509
0.298642
0.210965
0.191143
0.124095
0.0920564
0.027977
0.0351561
0.136804
0.298642
0.194733
0.298642
0.163793
0.0975802
0.136891
0.0517629
0.0962595
0.0915698
0.0393394
0.169583
0.208543
0.056944
0.0727225
0.176072
0.0174519
0.0279791
0.0323246
0.0118845
0.271059
0.167106
0.0242824
0.0680695
0.195886
0.0544994
0.129506
0.326526
0.326526
0.112453
0.155705
0.15096
0.0690727
0.104998
0.0355652
0.0793062
0.0662696
0.012951
0.326526
0.114885
0.0561214
0.0766044
0.279425
0.0108844
0.010606
0.326526
0.326526
0.249821
0.211302
0.0205978
0.0838035
0.249821
0.056207
0.089896
0.249821
0.249821
0.249821
0.155549
0.00104156
0.0650878
0.202702
0.00445084
0.0376585
0.192885
0.249821
0.249821
0.174788
0.0655604
0.0914621
0.249821
0.0139175
0.0116202
0.249821
0.249821
0.186913
0.158584
0.0168735
0.0655695
0.177911
0.00536824
0.0169731
0.124721
0.220586
0.323058
0.323058
0.00342168
0.202856
0.323058
0.00824903
0.0378227
0.114121
0.323058
0.0191737
0.0115896
0.0516243
0.0346823
0.0244806
0.0568351
0.0670027
0.0679843
0.106066
0.323058
0.323058
0.051048
0.213367
0.323058
0.00967787
0.0389046
0.131954
0.305841
0.0277169
0.0153948
0.0210101
0.0346586
0.0414069
0.0574579
0.0411941
0.0541439
0.110493
0.0558776
0.05253
0.182823
0.12013
0.107703
0.182024
0.230803
0.230803
0.230803
0.0651618
0.0943524
0.105317
0.142554
0.202861
0.230803
0.229005
0.210596
0.164533
0.124843
0.0580248
0.0657062
0.157835
0.153949
0.167422
0.168901
0.230803
0.230803
0.0794904
0.129808
0.128592
0.191846
0.185323
0.204557
0.201234
0.205467
0.0920886
0.0792784
0.126151
0.108426
0.128321
0.219118
0.219118
0.219118
0.219118
0.127546
0.0573249
0.100163
0.157058
0.157556
0.196142
0.186692
0.152913
0.219118
0.183184
0.0975871
0.123759
0.119339
0.218628
0.219118
0.151822
0.201807
0.219118
0.132668
0.0851815
0.092171
0.205695
0.12869
0.134078
0.121737
0.198137
0.219118
0.202975
0.0991275
0.0970095
0.112772
0.097639
0.0932935
0.0397435
0.0460326
0.0257698
0.0782822
0.314111
0.302831
0.136009
0.124679
0.150969
0.0329963
0.0534485
0.202764
0.314111
0.0842881
0.15449
0.154858
0.145986
0.191373
0.0668409
0.139929
0.10425
0.0550329
0.238276
0.238173
0.126451
0.0523822
0.108553
0.125018
0.20143
0.314111
0.314111
0.284626
0.233308
0.170744
0.123013
0.116086
0.0221836
0.0486013
0.137171
0.284626
0.182306
0.277851
0.184222
0.107871
0.133099
0.0443047
0.0892219
0.0725877
0.0433791
0.212455
0.242827
0.153656
0.0576084
0.11697
0.117223
0.165745
0.284626
0.284626
0.0507302
0.132431
0.251813
0.148133
0.11186
0.0798555
0.138589
0.13248
0.0651962
0.102582
0.164798
0.160161
0.0739922
0.100647
0.0344554
0.0679659
0.0433754
0.0163773
0.303434
0.14146
0.0979592
0.0729752
0.259579
0.0102687
0.0248055
0.303434
0.303434
0.0389039
0.115063
0.212658
0.112174
0.090843
0.0798712
0.10336
0.0570964
0.0209532
0.187787
0.222464
0.284321
0.121627
0.209863
0.048529
0.146126
0.303434
0.303434
0.256291
0.202117
0.11161
0.0971725
0.256291
0.014307
0.0178741
0.256291
0.256291
0.172646
0.129071
0.0170346
0.0800517
0.24646
0.00578953
0.0150917
0.130611
0.23597
0.256291
0.256291
0.256291
0.132124
0.193439
0.0622703
0.104602
0.256291
0.256291
0.159212
0.102268
0.000620495
0.0377759
0.131391
0.00893861
0.0326949
0.127906
0.130179
0.312486
0.312486
0.056522
0.283321
0.312486
0.0123276
0.0332996
0.174535
0.312486
0.0309999
0.0201755
0.0246896
0.0296876
0.0498753
0.0587553
0.0499485
0.0725982
0.130448
0.312486
0.312486
0.00108277
0.123612
0.312486
0.0171582
0.0520848
0.210674
0.278212
0.0192973
0.0130471
0.0179091
0.0153195
0.0328822
0.0516665
0.0850803
0.0797201
0.095818
0.119152
0.065323
0.0743765
0.119935
0.177479
0.156457
0.178642
0.238814
0.238814
0.0666
0.119387
0.156991
0.190817
0.171746
0.182244
0.217359
0.238814
0.0833465
0.0754395
0.0786806
0.085461
0.0761368
0.141174
0.164336
0.238814
0.233061
0.238814
0.0730804
0.19459
0.101334
0.102017
0.183233
0.16028
0.238814
0.238814
0.168741
0.0827707
0.11607
0.148503
0.196781
0.221787
0.136096
0.20384
0.221787
0.120502
0.102764
0.0886634
0.173634
0.126013
0.141037
0.14405
0.21308
0.221787
0.190038
0.09777
0.213404
0.142817
0.141038
0.197777
0.169213
0.221787
0.221787
0.155759
0.0792714
0.118786
0.150384
0.130536
0.145421
0.183822
0.206943
0.221787
0.131723
0.0734142
0.123797
0.154366
0.148772
0.162673
0.0589758
0.128894
0.074831
0.0420835
0.202701
0.196509
0.107856
0.0486526
0.110953
0.107087
0.265223
0.265223
0.265223
0.158949
0.216402
0.142433
0.176686
0.18316
0.0249077
0.0674239
0.0907245
0.159518
0.265223
0.211163
0.0595472
0.126233
0.245072
0.0483515
0.131905
0.265223
0.265223
0.189049
0.188868
0.117439
0.0714269
0.13383
0.106293
0.223847
0.267321
0.267321
0.057546
0.123196
0.202693
0.143724
0.128524
0.0813737
0.146166
0.116171
0.0468595
0.267321
0.25628
0.0517693
0.115074
0.244975
0.0500174
0.132174
0.267321
0.267321
0.134595
0.240375
0.155589
0.137889
0.150391
0.108675
0.0985246
0.0722293
0.0509525
0.0466815
0.119314
0.183129
0.113983
0.106162
0.0634356
0.0955635
0.0398128
0.0125079
0.181466
0.222698
0.269015
0.119274
0.218025
0.0305172
0.127093
0.291633
0.291633
0.120723
0.170945
0.157849
0.0953142
0.097596
0.0750872
0.0565034
0.0381126
0.0476259
0.291633
0.261681
0.198415
0.0955872
0.182665
0.0150065
0.081958
0.282462
0.291633
0.243839
0.261001
0.261001
0.14347
0.235641
0.0348555
0.0906748
0.261001
0.261001
0.140516
0.0717285
0.00241262
0.0507081
0.166822
0.00945604
0.0293075
0.128603
0.137882
0.261001
0.259725
0.236725
0.113931
0.177931
0.0281078
0.0624363
0.218775
0.261001
0.099313
0.0331514
0.0060888
0.0703509
0.261001
0.119632
0.0453128
0.0977607
0.15425
0.361145
0.253305
0.00455537
0.157082
0.361145
0.0171556
0.0429588
0.203334
0.243569
0.0136761
0.0100144
0.0190306
0.0118936
0.0349356
0.0492052
0.0713535
0.0744795
0.0874512
0.125689
0.0816839
0.0166397
0.222635
0.361145
0.284042
0.100065
0.172547
0.161608
0.00451375
0.00680537
0.050753
0.0947734
0.361145
0.170843
0.0419882
0.0364036
0.0333442
0.0267338
0.0303569
0.0369023
0.029662
0.0695362
0.074561
0.117536
0.101715
0.133624
0.0321337
0.0732105
0.0502718
0.0472816
0.085372
0.0663658
0.0997237
0.163895
0.0760124
0.0109764
0.0224383
0.0687837
0.17295
0.557506
0.260705
0.0892872
0.0657954
0.0620046
0.0275499
0.0363425
0.0324617
0.304286
0.557506
0.180144
0.0670611
0.058728
0.0339568
0.0387855
0.0795174
0.06303
0.0575777
0.0877075
0.0673075
0.0846243
0.117892
0.0577269
0.0321232
0.0414739
0.0511656
0.0434497
0.0574672
0.0803866
0.0909779
0.101963
0.0507186
0.0212708
0.0380517
0.0202352
0.371601
0.548894
0.153277
0.0765474
0.0676974
0.0306509
0.0134313
0.0225075
0.01641
0.280621
0.548894
0.218385
0.0404264
0.0417484
0.0372349
0.146622
0.20018
0.166666
0.163367
0.166335
0.0299138
0.0580477
0.0724993
0.130236
0.26918
0.185741
0.0594351
0.115368
0.210173
0.0539831
0.182005
0.26918
0.26918
0.219696
0.172591
0.122967
0.0923637
0.108874
0.0382698
0.0506516
0.0709589
0.159807
0.26918
0.26918
0.093981
0.0856647
0.144448
0.00395994
0.0764167
0.26918
0.26918
0.29244
0.227561
0.0416456
0.112602
0.21517
0.0514968
0.176266
0.29244
0.29244
0.145974
0.259544
0.128073
0.118671
0.131181
0.0986305
0.107526
0.0768833
0.0338085
0.29244
0.283984
0.0483184
0.0729817
0.138579
0.00841289
0.0831305
0.29244
0.29244
0.0885764
0.143429
0.0777294
0.0960294
0.112557
0.0491673
0.0277401
0.019649
0.0391109
0.151223
0.205414
0.158323
0.11699
0.127191
0.076513
0.0733607
0.0497198
0.040854
0.336062
0.262107
0.178035
0.129458
0.298278
0.00775659
0.0599841
0.290126
0.336062
0.0668631
0.112676
0.0618264
0.0794458
0.116828
0.040967
0.0263264
0.0270121
0.0598334
0.23724
0.154389
0.039509
0.079197
0.163851
0.00322894
0.0561714
0.257419
0.336062
0.291565
0.266274
0.231336
0.163575
0.291565
0.0133665
0.0486916
0.246442
0.291565
0.128314
0.0312196
0.00947974
0.0820527
0.291565
0.10553
0.0524017
0.136843
0.209045
0.209743
0.175776
0.0498881
0.092029
0.211222
0.00785677
0.0417488
0.179783
0.291565
0.0308315
0.0163308
0.012369
0.0200325
0.0894248
0.0355365
0.0380548
0.182367
0.222699
0.170274
0.0697066
0.0283303
0.276565
0.339592
0.27195
0.132296
0.269811
0.234183
0.00653065
0.00833998
0.064836
0.0927182
0.339592
0.176105
0.065903
0.0627438
0.0467292
0.0290863
0.033616
0.0396841
0.0636505
0.24215
0.107508
0.0971601
0.277027
0.266197
0.00643675
0.0132927
0.0309923
0.027337
0.327916
0.123562
0.123238
0.0848337
0.0526764
0.0130609
0.0242862
0.0663238
0.140946
0.422803
0.205996
0.0994336
0.0785631
0.0716055
0.0369517
0.0485618
0.0443501
0.237073
0.422803
0.166507
0.0737813
0.055834
0.0438033
0.00949215
0.0200716
0.0462273
0.0519196
0.422803
0.156475
0.163974
0.0651494
0.043258
0.0285413
0.0507953
0.0367954
0.0905206
0.422803
0.125774
0.0584534
0.0326464
0.0122011
0.0303484
0.0539221
0.0309594
0.292472
0.410033
0.142757
0.0860738
0.0727818
0.0409472
0.0143792
0.0286104
0.0278566
0.194221
0.410033
0.182895
0.0717093
0.0642523
0.0542689
0.0273256
0.0436063
0.0384244
0.12784
0.410033
0.110523
0.0670515
0.0361761
0.0152009
0.0566911
0.0160075
0.0415362
0.116757
0.410033
0.0813003
0.0739965
0.111679
0.187374
0.188118
0.152968
0.135869
0.0885827
0.10396
0.0329151
0.0424934
0.0649034
0.132187
0.283572
0.283572
0.0721821
0.0755062
0.130451
0.00515767
0.0643405
0.283572
0.283572
0.136948
0.107637
0.0727047
0.0696762
0.0968811
0.0259993
0.00934006
0.0194355
0.031139
0.283572
0.283572
0.113381
0.176709
0.283572
0.000960996
0.166277
0.283572
0.283572
0.301292
0.295641
0.0357233
0.0666604
0.137873
0.00884578
0.0736387
0.301292
0.301292
0.0976008
0.164133
0.0750382
0.0825955
0.0863693
0.0322084
0.0339301
0.0217061
0.0304119
0.301292
0.301292
0.0835473
0.12034
0.245899
0.00410132
0.177864
0.301292
0.301292
0.084655
0.10216
0.0533573
0.116001
0.179387
0.0141641
0.0340224
0.0654925
0.0406667
0.0844078
0.153063
0.0829155
0.0993121
0.13678
0.0390277
0.0475385
0.0394855
0.0637003
0.326792
0.173328
0.0375049
0.102118
0.239881
0.00337257
0.0589407
0.314589
0.361856
0.0979535
0.113845
0.0497536
0.0823462
0.166748
0.0212269
0.0506755
0.0451674
0.0357158
0.263936
0.0912825
0.0324056
0.124163
0.311419
0.00174005
0.0240172
0.309971
0.361856
0.280934
0.185047
0.0527004
0.118824
0.289832
0.00691794
0.0418964
0.203075
0.306587
0.0497248
0.0182904
0.0187785
0.018479
0.0283691
0.0185097
0.045409
0.229902
0.302551
0.27545
0.116701
0.055427
0.113393
0.306587
0.0117726
0.0220745
0.201232
0.306587
0.125011
0.0690484
0.0808567
0.0515883
0.0980742
0.0445958
0.0389633
0.162923
0.306587
0.0819773
0.055113
0.0832439
0.0775587
0.130123
0.091433
0.140511
0.304685
0.304685
0.0267117
0.0145495
0.0310374
0.0198787
0.179309
0.147478
0.184217
0.146868
0.10129
0.304685
0.197183
0.246469
0.136622
0.244813
0.176508
0.1479
0.304685
0.304685
0.0704248
0.0450978
0.0473732
0.0740202
0.132067
0.089516
0.107814
0.187728
0.166893
0.0518546
0.045338
0.0788951
0.0834564
0.250881
0.250881
0.250881
0.198807
0.116543
0.0910395
0.146885
0.0996631
0.145156
0.250881
0.250881
0.194086
0.0986693
0.0439467
0.131261
0.0749523
0.0518152
0.118711
0.207346
0.241507
0.250881
0.250881
0.250881
0.0803876
0.187739
0.069108
0.0700544
0.250881
0.138915
0.12992
0.133681
0.076827
0.0638948
0.102065
0.0838072
0.144982
0.277802
0.206367
0.163479
0.0809115
0.0406789
0.118902
0.0494019
0.0918887
0.120724
0.19608
0.102408
0.191901
0.244833
0.277802
0.0514514
0.140381
0.0686534
0.0521923
0.202842
0.126753
0.139238
0.120825
0.065224
0.277802
0.218788
0.115571
0.0590985
0.176091
0.1031
0.277802
0.277802
0.277802
