0.158872
0.257882
0.0923353
0.118941
0.18553
0.0271221
0.0148659
0.0203123
0.012494
0.301611
0.301611
0.156086
0.113315
0.212366
0.0500976
0.0358109
0.205695
0.135239
0.229432
0.301611
0.0980671
0.0789289
0.158532
0.0326291
0.00913982
0.0145053
0.0131688
0.301611
0.301611
0.213865
0.0909285
0.301611
0.0423079
0.0230555
0.0341657
0.0669461
0.193727
0.254832
0.110986
0.0792099
0.154415
0.0588124
0.0730629
0.122691
0.103458
0.15225
0.254832
0.254832
0.254832
0.254832
0.14005
0.150947
0.0696372
0.0684814
0.254832
0.254832
0.135249
0.0680647
0.235897
0.0397142
0.0311829
0.0313011
0.0374216
0.103217
0.176187
0.187423
0.210443
0.254832
0.254832
0.0764777
0.105195
0.0661934
0.161851
0.231738
0.231738
0.231738
0.231738
0.170715
0.179952
0.0589232
0.0776217
0.0456453
0.15392
0.100196
0.142235
0.231738
0.231738
0.075512
0.0304314
0.0505025
0.097342
0.13382
0.166526
0.182286
0.210784
0.222154
0.130008
0.141834
0.0792867
0.0415573
0.204442
0.185852
0.231738
0.175772
0.231738
0.231738
0.131263
0.0511319
0.0740194
0.147452
0.117508
0.125533
0.219956
0.219956
0.0682955
0.0681633
0.170576
0.121796
0.0637901
0.0350468
0.133706
0.203134
0.0259052
0.0257262
0.0799864
0.217188
0.0965456
0.219956
0.206722
0.218525
0.183172
0.219956
0.219956
0.219956
0.219956
0.129608
0.197583
0.219956
0.219956
0.219956
0.0547451
0.100214
0.193487
0.217142
0.238268
0.101795
0.0615958
0.228885
0.282614
0.00848761
0.0325938
0.186068
0.282614
0.048639
0.040067
0.0276399
0.0107721
0.0301829
0.013688
0.023808
0.117779
0.160362
0.276515
0.282614
0.282614
0.282614
0.282614
0.0537624
0.106828
0.282614
0.282614
0.0583988
0.0645956
0.0250183
0.0429319
0.0211894
0.0689094
0.0572104
0.129049
0.172965
0.126555
0.135433
0.0641017
0.0346976
0.095145
0.0354654
0.0850435
0.240292
0.240292
0.240292
0.212896
0.0647431
0.136982
0.218069
0.0487196
0.0959605
0.240292
0.240292
0.146138
0.161977
0.0602303
0.110773
0.0805294
0.218733
0.176117
0.240292
0.240292
0.231227
0.232736
0.0772142
0.0946532
0.163141
0.042237
0.0793179
0.217961
0.240001
0.17686
0.123329
0.0417872
0.0748022
0.112428
0.0415244
0.0862419
0.238509
0.238509
0.212498
0.135383
0.128665
0.181664
0.235746
0.120623
0.183164
0.210484
0.238509
0.143734
0.107904
0.0501705
0.0830837
0.132662
0.0286152
0.069638
0.191168
0.238509
0.238509
0.229358
0.184401
0.0899829
0.122805
0.208932
0.217455
0.140592
0.238509
0.224491
0.253593
0.0755554
0.0656107
0.123196
0.0256499
0.00497638
0.0141471
0.0225876
0.29773
0.29773
0.204498
0.116895
0.29773
0.0408949
0.0524951
0.041037
0.0392934
0.173784
0.182586
0.0704094
0.116035
0.249748
0.0149337
0.0353247
0.0110246
0.0478164
0.29773
0.29773
0.0333406
0.291956
0.29773
0.0747442
0.113609
0.0325645
0.0979486
0.262827
0.262827
0.14954
0.10738
0.262827
0.0537328
0.0486309
0.0331537
0.0342089
0.0797531
0.167874
0.175263
0.226459
0.227682
0.262827
0.125882
0.105473
0.0738128
0.262827
0.262827
0.0582551
0.262827
0.262827
0.0508867
0.0535255
0.0206121
0.0542008
0.0681009
0.121176
0.0878713
0.177877
0.21685
0.118579
0.160552
0.0672113
0.207092
0.083492
0.172073
0.220512
0.226142
0.226142
0.226142
0.193965
0.165059
0.107197
0.0678043
0.226142
0.226142
0.226142
0.226142
0.226142
0.226142
0.170495
0.0908961
0.0504992
0.129131
0.135013
0.192748
0.226142
0.141123
0.152038
0.0679769
0.144481
0.0262064
0.0616625
0.0563573
0.1415
0.191637
0.220768
0.129689
0.0426557
0.100909
0.126759
0.228975
0.208719
0.228975
0.228975
0.228975
0.207134
0.228975
0.228975
0.136043
0.167095
0.228975
0.228975
0.228975
0.0632072
0.0843818
0.140455
0.228975
0.0294631
0.0508321
0.0708558
0.108247
0.183517
0.173611
0.101096
0.0537702
0.0976333
0.0432993
0.0847994
0.165909
0.228975
0.228975
0.151074
0.0909249
0.0553421
0.116784
0.223142
0.194982
0.255211
0.255211
0.255211
0.0499205
0.0667537
0.231097
0.255211
0.0393578
0.0458116
0.0312095
0.0577988
0.0375024
0.0440653
0.0610441
0.105192
0.13544
0.0656169
0.0987515
0.194489
0.255211
0.255211
0.16864
0.108251
0.123344
0.197829
0.0537093
0.0736803
0.19845
0.255211
0.170127
0.157009
0.152587
0.188278
0.212245
0.0590572
0.0711826
0.0386818
0.0944452
0.0738026
0.0728944
0.104923
0.17803
0.185749
0.0813524
0.105552
0.0393215
0.040548
0.0879481
0.0333657
0.0364365
0.0911205
0.0969908
0.0542476
0.144672
0.251453
0.251453
0.251453
0.23534
0.251453
0.251453
0.251453
0.0857225
0.229516
0.251453
0.244617
0.237342
0.17216
0.251453
0.21848
0.074646
0.100099
0.0908727
0.0397948
0.0627499
0.115782
0.0384531
0.0578544
0.145772
0.253924
0.218854
0.159262
0.138988
0.0681047
0.121718
0.134753
0.151177
0.108043
0.255089
0.0864671
0.255089
0.255089
0.255089
0.255089
0.22106
0.255089
0.255089
0.136004
0.102438
0.196783
0.0957612
0.0907456
0.146498
0.0703051
0.123594
0.13045
0.227753
0.173321
0.162465
0.0868461
0.125255
0.241736
0.0188233
0.0305521
0.0149497
0.0545729
0.275127
0.275127
0.036438
0.275127
0.275127
0.0850573
0.140705
0.0531701
0.0900515
0.239737
0.262839
0.128112
0.167454
0.192856
0.0648049
0.027616
0.0405163
0.017047
0.275127
0.275127
0.129491
0.221599
0.275127
0.0676725
0.042541
0.0249182
0.0162548
0.284676
0.284676
0.0792941
0.284676
0.284676
0.0644977
0.0813584
0.032656
0.0515012
0.0548237
0.13813
0.13885
0.216479
0.191369
0.118598
0.222176
0.082261
0.23411
0.284676
0.284676
0.168946
0.252225
0.284676
0.0530332
0.038528
0.0253316
0.0171142
0.00876656
0.0703012
0.0947003
0.100519
0.146468
0.0995116
0.0829514
0.0359233
0.0327135
0.0526807
0.246876
0.246876
0.246876
0.246876
0.226068
0.246876
0.107205
0.240173
0.0491154
0.113771
0.10679
0.219704
0.246876
0.246876
0.169701
0.0647481
0.22055
0.00666667
0.103877
0.139284
0.186804
0.246876
0.15376
0.155525
0.0683817
0.0594286
0.00246875
0.0151037
0.020136
0.0886074
0.229199
0.180551
0.132525
0.0156732
0.00988707
0.0747572
0.113033
0.130955
0.204602
0.277066
0.277066
0.140122
0.07102
0.255675
0.0966211
0.147311
0.277066
0.277066
0.277066
0.277066
0.162039
0.0596826
0.277066
0.00169639
0.00222781
0.013949
0.0659904
0.195848
0.173764
0.110514
0.0164201
0.00682615
0.00700844
0.0164171
0.0408518
0.0591249
0.12742
0.277066
0.222485
0.021295
0.0170046
0.0997326
0.0959833
0.249579
0.249579
0.249579
0.206325
0.124566
0.112841
0.249579
0.0593412
0.0824448
0.206618
0.249579
0.249579
0.189187
0.215198
0.249579
0.249579
0.0075408
0.0180323
0.034989
0.0365046
0.0975436
0.224001
0.143959
0.0260442
0.0134656
0.0183202
0.0417295
0.19109
0.113991
0.249579
0.180764
0.0924491
0.10539
0.161781
0.0398168
0.104484
0.197077
0.227804
0.227804
0.187939
0.227804
0.227804
0.227804
0.0819189
0.185849
0.180486
0.169862
0.199468
0.132743
0.227804
0.143052
0.0565768
0.0266416
0.0624364
0.188969
0.152135
0.227804
0.170535
0.0792095
0.0875528
0.138287
0.0445384
0.115
0.177593
0.212304
0.227804
0.227804
0.188432
0.0942802
0.026655
0.0928163
0.232816
0.232816
0.232816
0.232816
0.173856
0.232816
0.216976
0.102237
0.101205
0.123443
0.0531851
0.0688692
0.0929187
0.0285212
0.0747613
0.110507
0.183817
0.0896623
0.162423
0.232816
0.232816
0.232816
0.232816
0.232816
0.170205
0.120405
0.115731
0.0815601
0.0599385
0.0541355
0.0427685
0.0917636
0.210697
0.232816
0.232816
0.237541
0.24543
0.124347
0.152616
0.23152
0.0572419
0.0319363
0.0388974
0.0144362
0.25721
0.25721
0.116948
0.214507
0.25721
0.0688494
0.0468489
0.0330256
0.0236408
0.241416
0.25721
0.176797
0.173728
0.25721
0.130427
0.056443
0.0448526
0.0223612
0.25721
0.25721
0.0870415
0.189857
0.25721
0.0311471
0.0117635
0.00679852
0.0150902
0.313334
0.313334
0.187815
0.313334
0.313334
0.0644689
0.0596084
0.0404325
0.0250615
0.00798829
0.10691
0.173212
0.124724
0.1505
0.108672
0.122986
0.055972
0.0388778
0.313334
0.313334
0.0644813
0.23207
0.313334
0.0386798
0.0141385
0.00877049
0.0168528
0.00660727
0.0052693
0.0161662
0.115463
0.281914
0.0454309
0.0271659
0.0128784
0.00680715
0.0145205
0.212517
0.273157
0.273157
0.273157
0.224249
0.273157
0.141963
0.0847976
0.00336565
0.0294409
0.0499678
0.10422
0.265089
0.273157
0.262821
0.0358246
0.0223514
0.0155545
0.0134113
0.042248
0.273157
0.273157
0.111646
0.0574162
0.0278791
0.016063
0.00339609
0.0265377
0.0273014
0.153332
0.273157
0.273157
0.0590487
0.0437576
0.0267897
0.00427392
0.00708133
0.0260535
0.101855
0.288458
0.305133
0.278171
0.0459848
0.0207185
0.0205276
0.0469122
0.0944872
0.156418
0.188189
0.305133
0.305133
0.0369974
0.0212436
0.00329311
0.0251361
0.036815
0.175918
0.305133
0.302316
0.0520367
0.0432338
0.027069
0.00327029
0.00802378
0.0130939
0.101719
0.305133
0.305133
0.229981
0.0101171
0.0249449
0.0155527
0.0395524
0.0576114
0.0922229
0.138205
0.280638
0.239489
0.0401429
0.0152073
0.0406274
0.0534626
0.195652
0.134033
0.280638
0.280638
0.254617
0.280638
0.280638
0.00248699
0.00295622
0.0107791
0.0889221
0.280638
0.280638
0.137256
0.0198903
0.00980318
0.0168393
0.0116641
0.0598852
0.0694857
0.230718
0.273401
0.193544
0.0952115
0.143098
0.0489571
0.0878495
0.201673
0.176988
0.264931
0.264931
0.17592
0.163
0.262851
0.106167
0.222759
0.264931
0.264931
0.264931
0.264931
0.199761
0.147534
0.047739
0.00751895
0.0112755
0.0531402
0.0891559
0.188053
0.223509
0.163089
0.0868745
0.0779975
0.0152927
0.0497531
0.179469
0.208699
0.124347
0.0689326
0.0410508
0.0692798
0.0602472
0.133716
0.227805
0.254802
0.254802
0.254802
0.254802
0.226083
0.186426
0.135553
0.137585
0.0845645
0.0624492
0.0733455
0.0398841
0.0940852
0.195256
0.254802
0.254802
0.027291
0.0488092
0.16289
0.16303
0.130047
0.0513665
0.044198
0.107111
0.192625
0.0775791
0.110509
0.205121
0.133875
0.13208
0.0539098
0.0689531
0.240687
0.254802
0.263301
0.269964
0.178257
0.189859
0.269964
0.121762
0.0778693
0.0727861
0.0353604
0.269964
0.269964
0.0900244
0.242413
0.269964
0.0473075
0.0231843
0.0109984
0.0198848
0.194129
0.146595
0.0905511
0.143579
0.238432
0.0767627
0.0806849
0.118932
0.0672761
0.269964
0.155543
0.0442764
0.220905
0.269964
0.0491005
0.036777
0.0210751
0.00383367
0.324376
0.324376
0.0636425
0.310739
0.324376
0.0483725
0.0236945
0.0135697
0.0226379
0.0121878
0.0116016
0.0187292
0.125445
0.31538
0.0584028
0.0251346
0.0138216
0.00961164
0.324376
0.217663
0.0432612
0.270057
0.324376
0.0593962
0.0365139
0.0237521
0.0039135
0.00809764
0.0161412
0.0192792
0.0723427
0.318666
0.116854
0.0152257
0.0176412
0.0153995
0.0305695
0.0253683
0.0515471
0.327928
0.334992
0.140621
0.0548005
0.0329811
0.0239694
0.00610237
0.0222063
0.0419746
0.194725
0.334992
0.302554
0.0655884
0.0500688
0.0275985
0.0103745
0.0393643
0.052541
0.16089
0.334992
0.292606
0.043601
0.0425181
0.0222772
0.00611142
0.0127134
0.0298142
0.18095
0.334992
0.334992
0.0637876
0.069646
0.0222395
0.00411586
0.0165308
0.039121
0.175142
0.336096
0.285169
0.0539591
0.0391588
0.0238885
0.00341516
0.00850025
0.0183456
0.117089
0.336096
0.336096
0.214785
0.00787678
0.0268496
0.00620856
0.0132548
0.0317352
0.158535
0.336096
0.315881
0.061118
0.0431531
0.0103893
0.00357047
0.00150297
0.00301666
0.0790913
0.336096
0.336096
0.0630751
0.015204
0.00528101
0.00261989
0.00521791
0.0169197
0.13299
0.307561
0.307561
0.198905
0.0342454
0.0168596
0.0205884
0.00251451
0.00574884
0.0699626
0.307561
0.307561
0.307561
0.161813
0.191423
0.00529207
0.00407709
0.00840007
0.0876747
0.307561
0.307561
0.0400045
0.00656587
0.00248547
0.00490658
0.0111376
0.0190555
0.0815587
0.307561
0.307561
0.0641488
0.0149277
0.022208
0.0132852
0.00785735
0.0610635
0.154089
0.290573
0.290573
0.290573
0.191346
0.138206
0.0293779
0.0964538
0.290573
0.290573
0.243709
0.127317
0.0738239
0.120239
0.0895907
0.0063015
0.0161406
0.0288432
0.100333
0.290573
0.290573
0.0515205
0.0159161
0.0209581
0.00998
0.00678768
0.0139274
0.0967934
0.290573
0.290573
0.0945788
0.0773077
0.0616536
0.0369935
0.0753666
0.264442
0.263674
0.171109
0.0669589
0.044801
0.132434
0.257007
0.122448
0.136313
0.195311
0.150203
0.191687
0.108039
0.0829078
0.264442
0.264442
0.0146356
0.00546958
0.0221209
0.0800751
0.264442
0.240438
0.0644376
0.0647301
0.0776121
0.113444
0.107073
0.177451
0.264442
0.178725
0.10973
0.0749603
0.223987
0.264442
0.205278
0.167763
0.0968581
0.199212
0.304115
0.0876239
0.11526
0.179283
0.0886402
0.304115
0.185149
0.0538291
0.304115
0.304115
0.075072
0.0538957
0.0290236
0.00455872
0.0900096
0.147152
0.0661512
0.166708
0.304115
0.0131001
0.0761007
0.0924293
0.0828276
0.166071
0.1136
0.0315084
0.304115
0.304115
0.0176872
0.0106875
0.0116674
0.0193325
0.366799
0.23961
0.051461
0.366799
0.366799
0.0679774
0.0519634
0.0315442
0.00521192
0.0110704
0.0223794
0.0346175
0.0979437
0.366799
0.130081
0.017739
0.0211531
0.0218476
0.2093
0.142903
0.0427215
0.366799
0.366799
0.0297812
0.0203667
0.0199339
0.0173444
0.00844997
0.0174349
0.0309869
0.0659798
0.121941
0.0647833
0.0191286
0.02686
0.029624
0.0149042
0.0553492
0.0875563
0.242656
0.342137
0.322139
0.0521214
0.0546654
0.0371806
0.0103629
0.00834308
0.0547079
0.276073
0.342137
0.342137
0.0781117
0.0985475
0.0314097
0.0228895
0.0524399
0.0744877
0.14157
0.306173
0.196329
0.0764954
0.0814001
0.0824132
0.0371994
0.0288927
0.0559886
0.172578
0.342137
0.169689
0.0637831
0.048186
0.0643917
0.00968445
0.00995422
0.0453252
0.241484
0.348434
0.348434
0.0758513
0.0599146
0.0146888
0.0050026
0.00251721
0.0142178
0.13377
0.348434
0.348434
0.079943
0.0229995
0.00749522
0.0328526
0.0399917
0.0506405
0.135895
0.323362
0.176948
0.0590623
0.0432119
0.0537134
0.00780151
0.0205747
0.0270033
0.0746614
0.348434
0.339296
0.0830803
0.0202802
0.026366
0.00817827
0.00628638
0.0167534
0.151876
0.349379
0.349379
0.0625859
0.0125775
0.00641508
0.00560588
0.0133885
0.0300573
0.129715
0.349379
0.349379
0.0951604
0.0287648
0.0248627
0.00554841
0.0280453
0.0299085
0.0945052
0.349379
0.308077
0.079851
0.0333323
0.0267455
0.00488249
0.0142028
0.0736663
0.154447
0.349379
0.222962
0.116352
0.0526919
0.0480154
0.0112255
0.0218764
0.0413245
0.151747
0.348243
0.348243
0.0908339
0.0323328
0.0324378
0.0106847
0.00839787
0.0175319
0.117566
0.348243
0.348243
0.152089
0.114255
0.081229
0.013261
0.0317858
0.0790758
0.166841
0.348243
0.222239
0.107966
0.067471
0.0511921
0.0434436
0.0228093
0.0258879
0.103333
0.348243
0.202925
0.110241
0.0767033
0.0557859
0.0162039
0.00837379
0.0190722
0.0815212
0.28416
0.28416
0.0942034
0.0806416
0.089028
0.182009
0.139411
0.154911
0.24207
0.270623
0.150223
0.126762
0.28416
0.28416
0.0310492
0.0275863
0.0251499
0.0615513
0.282385
0.110472
0.0571209
0.0395191
0.0398087
0.205207
0.126285
0.13899
0.128818
0.152535
0.0272331
0.123955
0.28416
0.28416
0.0942445
0.155037
0.0711461
0.179031
0.320044
0.0148998
0.0944068
0.112956
0.0944803
0.181834
0.152327
0.0354891
0.320044
0.320044
0.019464
0.0191368
0.0150039
0.0227119
0.183277
0.144281
0.0911009
0.0844334
0.195565
0.0567152
0.0693425
0.121905
0.15499
0.320044
0.217985
0.0895974
0.320044
0.320044
0.0568226
0.0275125
0.0416787
0.0964824
0.240844
0.192525
0.03811
0.385353
0.385353
0.0242491
0.0288314
0.0166551
0.0270835
0.00963051
0.0182371
0.0413021
0.0736051
0.116401
0.0575066
0.0225748
0.029861
0.0321525
0.385353
0.266677
0.0620956
0.385353
0.385353
0.0453943
0.0275512
0.045399
0.134549
0.0128782
0.0217696
0.039448
0.0799133
0.129801
0.0765136
0.0367519
0.0211779
0.0260607
0.0372513
0.0742826
0.123401
0.239437
0.281251
0.235039
0.10679
0.120761
0.131077
0.0507338
0.0412685
0.123295
0.281251
0.281251
0.205371
0.0915219
0.0998155
0.119385
0.0497826
0.0684111
0.073904
0.281251
0.281251
0.264367
0.137746
0.0983407
0.100327
0.0685142
0.0796662
0.1197
0.191468
0.281251
0.154681
0.112849
0.128445
0.129833
0.048993
0.0574483
0.109163
0.293611
0.299851
0.249226
0.0943304
0.109184
0.119837
0.0187464
0.0330894
0.069723
0.198748
0.299851
0.299851
0.117735
0.0502131
0.0678771
0.0698326
0.0725753
0.0966373
0.211714
0.299851
0.183667
0.103585
0.177401
0.153535
0.0499591
0.0282603
0.0663819
0.189345
0.239988
0.226647
0.14428
0.143067
0.121765
0.0170878
0.0446825
0.0652002
0.224526
0.322227
0.322227
0.118459
0.073646
0.0630221
0.0135278
0.0299042
0.0962184
0.29526
0.322227
0.322227
0.158894
0.112407
0.0878826
0.0429152
0.0332697
0.0547503
0.175668
0.216201
0.233828
0.112632
0.146626
0.0965777
0.0444159
0.0686882
0.164417
0.184046
0.188288
0.208061
0.145966
0.0910801
0.059181
0.0199254
0.0540069
0.0920385
0.261485
0.321498
0.321498
0.138936
0.131009
0.0751225
0.0409041
0.0409335
0.0282991
0.15508
0.321498
0.306753
0.153211
0.118071
0.0698551
0.0399403
0.0653136
0.126509
0.181956
0.208474
0.225506
0.132566
0.104771
0.0559436
0.0339177
0.0463965
0.0591898
0.151361
0.321498
0.207676
0.180656
0.100057
0.0568676
0.0242086
0.0361107
0.0204147
0.0727276
0.354141
0.151833
0.0756745
0.0585515
0.0340126
0.29282
0.16275
0.157761
0.119653
0.207773
0.0341874
0.161909
0.354141
0.354141
0.0178202
0.0201263
0.0233636
0.0584176
0.210005
0.109084
0.0802264
0.0574057
0.0395902
0.141905
0.0417925
0.0460331
0.0397151
0.0686165
0.0293012
0.0827228
0.354141
0.354141
0.176406
0.138952
0.0636647
0.0743099
0.175153
0.0499924
0.0634279
0.124376
0.136102
0.315082
0.205663
0.0623917
0.315082
0.315082
0.0464158
0.0298521
0.04565
0.0990014
0.228656
0.176819
0.0538639
0.0716345
0.193075
0.033312
0.0593212
0.133616
0.302866
0.186462
0.0510977
0.0339192
0.315082
0.315082
0.0215217
0.0146122
0.0394205
0.165749
0.379012
0.280707
0.0483576
0.379012
0.379012
0.0401181
0.0347074
0.0490042
0.135657
0.0165626
0.0271931
0.0377565
0.0698481
0.139107
0.0733557
0.0299319
0.0282328
0.0264478
0.23224
0.040237
0.0305995
0.379012
0.379012
0.0233728
0.0152223
0.0491416
0.20796
0.0185567
0.0391306
0.0237711
0.0819071
0.16287
0.0458865
0.028722
0.0261047
0.0183584
0.0615642
0.119023
0.0948158
0.280678
0.280678
0.280678
0.114261
0.13419
0.100456
0.076375
0.0935827
0.157201
0.219402
0.280678
0.178109
0.119539
0.158811
0.143003
0.043463
0.155992
0.080116
0.280678
0.280678
0.210967
0.154745
0.129227
0.0639844
0.0443905
0.072032
0.157567
0.201721
0.171103
0.177524
0.0882874
0.112792
0.064964
0.0899185
0.099516
0.150308
0.230404
0.230404
0.230404
0.123433
0.230404
0.195543
0.0713711
0.035804
0.107975
0.230404
0.230404
0.230404
0.150178
0.174393
0.169572
0.0401893
0.06793
0.150472
0.18913
0.199461
0.227527
0.131487
0.156144
0.0829309
0.0209444
0.0533651
0.126498
0.230404
0.230404
0.230404
0.153752
0.158684
0.0498052
0.075212
0.0544109
0.105646
0.236723
0.236723
0.236723
0.140503
0.204739
0.150127
0.0889037
0.0958362
0.183889
0.236723
0.236723
0.236723
0.157347
0.151301
0.107579
0.019953
0.059304
0.115772
0.221864
0.236723
0.236723
0.154939
0.168173
0.0666821
0.0751706
0.0894947
0.121524
0.212466
0.236723
0.236723
0.14371
0.0745417
0.0496282
0.077997
0.0968001
0.141123
0.252101
0.252101
0.252101
0.155582
0.172605
0.0931799
0.0494086
0.0700688
0.0716474
0.211773
0.252101
0.252101
0.21761
0.167077
0.10084
0.0623994
0.0797081
0.105937
0.175862
0.252101
0.252101
0.119352
0.098711
0.0797172
0.0251509
0.0289744
0.0996485
0.163356
0.252101
0.234475
0.232737
0.128763
0.064716
0.0196869
0.0235295
0.0213931
0.0696617
0.209811
0.122893
0.0880437
0.0808987
0.0449894
0.196323
0.0491716
0.0371431
0.0454351
0.0670835
0.0528526
0.101687
0.418941
0.418941
0.00831067
0.0104474
0.0345466
0.0631071
0.20119
0.101121
0.0643994
0.0562051
0.031785
0.244571
0.00493246
0.0169743
0.0306806
0.091036
0.130558
0.0586884
0.418941
0.418941
0.213163
0.149072
0.0347333
0.07008
0.166306
0.020956
0.0359486
0.110971
0.263156
0.249575
0.0727996
0.0266094
0.282624
0.282624
0.012154
0.00875366
0.0493858
0.156608
0.124629
0.0838477
0.0253719
0.150756
0.282624
0.0336354
0.100023
0.167582
0.211886
0.282624
0.239648
0.0912147
0.282624
0.282624
0.0430652
0.0332211
0.107387
0.173874
0.308047
0.0744235
0.0374081
0.318266
0.318266
0.0154924
0.0132008
0.0644575
0.193576
0.0198775
0.0317879
0.0239956
0.0870548
0.181482
0.0465748
0.0212434
0.0257404
0.0160687
0.318266
0.298452
0.124875
0.317418
0.318266
0.0525533
0.0212482
0.148858
0.282196
0.0237043
0.0256526
0.0354823
0.136624
0.254247
0.0905091
0.0184683
0.0074494
0.0106828
0.0300404
0.113683
0.0744089
0.255526
0.315026
0.181023
0.10372
0.100108
0.0353867
0.0351912
0.0638858
0.121319
0.193512
0.175624
0.155786
0.06286
0.0787141
0.0455298
0.0767139
0.0825581
0.113457
0.315026
0.315026
0.315026
0.0572048
0.0212961
0.0452725
0.016537
0.0467039
0.135218
0.315026
0.315026
0.293551
0.0348483
0.0278827
0.00492266
0.0331123
0.0613728
0.106931
0.185261
0.215149
0.193418
0.085276
0.0988966
0.0506005
0.0195402
0.04208
0.0999648
0.210219
0.227308
0.261423
0.0935218
0.108609
0.0390657
0.0181551
0.0315562
0.116758
0.312452
0.312452
0.312452
0.0381525
0.0457437
0.0129482
0.00119328
0.0138075
0.178827
0.312452
0.312452
0.312452
0.0484247
0.087043
0.0335602
0.0182449
0.0446299
0.0838703
0.185863
0.262692
0.264412
0.0852975
0.108191
0.0490676
0.0635369
0.0423847
0.0861945
0.187048
0.287563
0.287563
0.077483
0.0484212
0.0450377
0.000156536
0.00969012
0.160001
0.287563
0.287563
0.287563
0.0664596
0.0913253
0.0401768
0.00165749
0.0178142
0.122928
0.287563
0.287563
0.287563
0.140981
0.0157016
0.00019074
0.0560514
0.0459745
0.0746712
0.165632
0.297133
0.286041
0.0715451
0.0645798
0.0660995
0.0286279
0.0238423
0.0662657
0.124222
0.297133
0.200947
0.143054
0.108806
0.0571171
0.00240306
0.029108
0.106252
0.297133
0.297133
0.297133
0.153636
0.0344072
0.0083676
0.00659902
0.0355642
0.10081
0.297133
0.297133
0.297133
0.0812508
0.0820862
0.0314259
0.013295
0.0149807
0.0333912
0.0646119
0.184681
0.125923
0.0664912
0.0652351
0.0294491
0.264408
0.0114704
0.0137864
0.0337716
0.0925057
0.166503
0.0660276
0.348519
0.348519
0.00310989
0.0250808
0.0512725
0.163688
0.348519
0.225727
0.0516361
0.0503837
0.0162091
0.0437635
0.0242361
0.0411792
0.223338
0.348519
0.178391
0.0775473
0.192523
0.348519
0.167175
0.105136
0.0349015
0.139607
0.259575
0.024397
0.0771674
0.145773
0.220637
0.259575
0.259575
0.059626
0.259575
0.259575
0.0280775
0.0269038
0.107141
0.172925
0.170343
0.259575
0.172926
0.143
0.213842
0.0668657
0.107644
0.0393197
0.106665
0.259575
0.259575
0.14569
0.133452
0.259575
0.0563281
0.0387563
0.034794
0.109309
0.291683
0.291683
0.0785499
0.25719
0.291683
0.035536
0.0193558
0.133847
0.241097
0.016422
0.0205781
0.0282147
0.124025
0.248694
0.0936816
0.0204789
0.0109401
0.00630854
0.291683
0.291683
0.196712
0.148683
0.291683
0.063902
0.0333138
0.049061
0.221854
0.00533322
0.0176594
0.0102372
0.12027
0.291683
0.18335
0.0078282
0.0108104
0.00700074
0.0242821
0.0332576
0.0472526
0.210583
0.370175
0.195253
0.0396942
0.0172079
0.013308
0.0103303
0.0262589
0.0551791
0.212354
0.370175
0.168327
0.0232513
0.0193696
0.00447777
0.00978761
0.0321767
0.0314881
0.253568
0.370175
0.299838
0.0142918
0.015803
0.0131534
0.00302479
0.0034867
0.0207505
0.280645
0.370175
0.220595
0.0180917
0.0078328
0.0041597
0.0113826
0.0157043
0.0385197
0.21982
0.343778
0.16939
0.0203806
0.0262012
0.00816047
0.000499998
0.00652928
0.0695464
0.202631
0.343778
0.25455
0.0145006
0.0261744
0.0167287
0.00393851
0.00308733
0.0287657
0.297867
0.343778
0.208278
0.022441
0.00955372
0.00349962
0
0.000122597
0.00950184
0.334459
0.343778
0.297338
0.0360443
0.00946193
0
0
0.00575716
0.0617929
0.224012
0.320774
0.244841
0.021205
0.0310161
0.0202022
0
0.0132974
0.0647907
0.207207
0.320774
0.280545
0.0407524
0.00504203
0
0.00421944
0.0308626
0.0425081
0.320774
0.320774
0.264159
0.0826364
0.0244575
0
0.0130968
0.158093
0.11964
0.276617
0.320774
0.179124
0.106573
0.0508373
0.00348177
0.000226063
0.0208295
0.0534986
0.180064
0.338938
0.288254
0.0485884
0.00935054
0.00117103
0.00347395
0.0181428
0.0474098
0.149026
0.338938
0.249021
0.0443452
0.0321927
0.0120249
0.0171533
0.17413
0.152884
0.266836
0.338938
0.172753
0.15537
0.0617732
0.00341263
0.00318217
0.0176797
0.0343608
0.2742
0.338938
0.262233
0.0272336
0.00827783
0.00142212
0.00255759
0.0224366
0.040939
0.128224
0.294445
0.236753
0.0459123
0.0281538
0.00773605
0.0340834
0.0236268
0.0313675
0.181381
0.294445
0.236591
0.0647698
0.14069
0.294445
0.00737452
0.0112751
0.0398067
0.277496
0.294445
0.251018
0.0255073
0.0101036
0.00505122
0.0489569
0.0391089
0.0322018
0.256428
0.294445
0.253199
0.0511247
0.0812891
0.294445
0.152538
0.231775
0.162614
0.162724
0.202564
0.0510013
0.0806384
0.0247976
0.0833391
0.264524
0.264524
0.134869
0.116145
0.264524
0.0473099
0.0332078
0.0275045
0.0934958
0.0829416
0.264524
0.264524
0.264524
0.264524
0.264524
0.0812698
0.0434932
0.0509311
0.0728535
0.205186
0.197395
0.236869
0.160073
0.0685447
0.0881114
0.0224215
0.0951453
0.28354
0.28354
0.270354
0.178295
0.28354
0.0675074
0.0476123
0.0559696
0.24189
0.00271455
0.0244643
0.0126227
0.120713
0.28354
0.174869
0.0186607
0.0197733
0.00774156
0.140254
0.28354
0.28354
0.262172
0.222363
0.0926802
0.156728
0.0368744
0.195294
0.00448552
0.0160961
0.0321065
0.118624
0.255709
0.0718724
0.0260178
0.0200012
0.00724362
0.00540271
0.0445678
0.0337869
0.268451
0.369172
0.30856
0.0363892
0.0329054
0.0149992
0.00676673
0.00643823
0.0169554
0.253421
0.369172
0.239276
0.0344434
0.0233778
0.00866333
0.014076
0.0406383
0.0769291
0.216554
0.369172
0.12931
0.055359
0.0447547
0.0207581
0.0075147
0.0214773
0.0710376
0.247184
0.369172
0.101779
0.0584599
0.027949
0.00454884
0.00960384
0.00512908
0.0264112
0.273177
0.352736
0.240553
0.037946
0.0274437
0.0113653
0.00174301
0.0103745
0.0160726
0.352736
0.352736
0.293202
0.0406927
0.00819577
0.00357028
0.0100906
0.0229122
0.077334
0.224907
0.352736
0.117511
0.0617336
0.0418202
0.0097997
0.0124354
0.0427772
0.0504554
0.188149
0.352736
0.177898
0.0687842
0.0344279
0.00595047
0.003675
0.0324261
0.037941
0.338691
0.338691
0.266151
0.0729704
0.0225167
0.00498097
0.00676546
0.133518
0.080834
0.296084
0.338691
0.228447
0.0686005
0.0344809
0.00217669
0.014524
0.0360241
0.047133
0.162741
0.338691
0.192074
0.0642165
0.036253
0.0104368
0.0245308
0.0418136
0.0424661
0.090415
0.338691
0.292438
0.0777716
0.0225608
0.00485663
0.00800974
0.137302
0.0948327
0.278939
0.358271
0.240425
0.101283
0.0420079
0.00182945
0.00237129
0.0124772
0.023428
0.241073
0.358271
0.280763
0.0469395
0.0115773
0.00382372
0.0241749
0.03563
0.049462
0.0863685
0.358271
0.270376
0.0807049
0.0231403
0.00654492
0.00211318
0.00635773
0.0363168
0.131558
0.358271
0.242113
0.0379049
0.0176626
0.00452512
0.00581868
0.0100646
0.0319717
0.263979
0.321918
0.301351
0.0406818
0.012308
0.00633704
0.0387513
0.0351162
0.0357123
0.30173
0.321918
0.304417
0.0598526
0.0932177
0.239059
0.000783894
0.00487434
0.0360842
0.122833
0.321918
0.239556
0.0389777
0.0188876
0.00357217
0.00846945
0.0167858
0.0352599
0.0967728
0.321918
0.270133
0.0202875
0.0408168
0.055936
0.0787075
0.280491
0.297123
0.297123
0.297123
0.221672
0.0558755
0.0319329
0.0606298
0.0810331
0.206136
0.213594
0.261345
0.256492
0.0803312
0.0783154
0.0228928
0.0976453
0.0140578
0.0545513
0.0854342
0.242254
0.297123
0.179364
0.032118
0.0144198
0.0231742
0.00485033
0.0239033
0.0466281
0.214883
0.297123
0.112004
0.0204957
0.0173938
0.00535695
0.156555
0.302286
0.302286
0.302286
0.302286
0.0987173
0.137325
0.0401229
0.196421
0.00334984
0.0164853
0.0339453
0.126756
0.302286
0.0780557
0.0290284
0.0210452
0.00839763
0.00231856
0.0384033
0.0770389
0.302286
0.302286
0.180419
0.0403866
0.0237455
0.0103616
0.000760334
0.00143451
0.0246498
0.264065
0.302286
0.194492
0.0165193
0.00475058
0.00027825
0.00884504
0.0302804
0.0560135
0.1713
0.366217
0.102849
0.0402326
0.0320249
0.0167166
0.00675987
0.0160293
0.0452046
0.178864
0.366217
0.0926659
0.042456
0.0247932
0.00432038
0.00174823
0.00389711
0.0379999
0.366217
0.366217
0.278415
0.0300821
0.00229605
0.000656933
0.0014026
0.0097501
0.029251
0.347989
0.366217
0.187327
0.00452372
0.00518825
0.00320282
0.010199
0.0181319
0.0549885
0.180753
0.39153
0.0973077
0.046461
0.0359998
0.0105738
0.00796081
0.0354403
0.0487959
0.145998
0.39153
0.135707
0.0524122
0.0270845
0.00773589
0.00201688
0.0172882
0.0331346
0.348352
0.39153
0.211406
0.00528036
0.00437011
0.00162587
0.00190623
0.0124091
0.0324512
0.2196
0.39153
0.268735
0.00935916
0.00895947
0.0369891
0.00918756
0.0293735
0.0498772
0.147959
0.37936
0.159896
0.0473397
0.0308796
0.0128013
0.0119666
0.0150773
0.0168634
0.106579
0.37936
0.228812
0.0495956
0.0139511
0.00339426
0.00312335
0.0167266
0.0261898
0.22118
0.37936
0.275858
0.00763267
0.00693264
0.0248217
0.00503136
0.00382211
0.0101516
0.177398
0.37936
0.37936
0.0269335
0.00686263
0.00626323
0.0122406
0.0111424
0.0217844
0.114377
0.342583
0.237322
0.0517812
0.0154833
0.00508219
0.00149617
0.00337778
0.029651
0.10598
0.342583
0.17371
0.0527431
0.0344637
0.0086931
0.00678709
0.00400641
0.00776692
0.236063
0.342583
0.342583
0.0239248
0.00456124
0.00186179
0.00180068
0.00297838
0.0101493
0.342583
0.342583
0.335817
0.0761836
0.0345883
0.00656931
0.000803059
0.00410996
0.0330979
0.104619
0.36302
0.199002
0.0595887
0.0325262
0.00685649
0.00418125
0.0161056
0.0400148
0.110378
0.343366
0.20278
0.0444541
0.0571798
0.017475
0.00298771
0.00488666
0.0129834
0.36302
0.36302
0.36302
0.0776485
0.02232
0.0054469
0.00410872
0.00730761
0.00684214
0.187004
0.36302
0.243164
0.0627751
0.0336222
0.0093648
0.0305299
0.0859079
0.131559
0.381249
0.381249
0.178236
0.0154333
0.0146067
0.0739887
0.0104968
0.0300692
0.0382528
0.381249
0.381249
0.168978
0.0149222
0.0275715
0.00444416
0.0329731
0.0375486
0.0244618
0.150666
0.381249
0.154958
0.033609
0.0474082
0.0632206
0.0308605
0.0735759
0.024874
0.161079
0.285118
0.0561959
0.0348073
0.0325877
0.0325865
0.00174226
0.0239203
0.0536107
0.387192
0.387192
0.207207
0.0186686
0.0240566
0.00472147
0.000766119
0.00156073
0.0232173
0.387192
0.387192
0.263532
0.0157986
0.0062338
0.00261779
0.0344933
0.0688365
0.0368733
0.172775
0.301976
0.0569308
0.0409766
0.0407137
0.0342117
0.0153851
0.0416178
0.0406414
0.159915
0.330846
0.056057
0.0289494
0.0494018
0.0394871
0.00108848
0.00305023
0.0267411
0.402005
0.402005
0.280829
0.0192039
0.00147134
0.00293111
0.00134912
0.0101597
0.0242451
0.352825
0.402005
0.203465
0.00608393
0.00616637
0.00408293
0.0154336
0.0368142
0.0487334
0.170421
0.351535
0.0602684
0.0295819
0.0552465
0.0380448
0.0242762
0.0366695
0.0348924
0.166384
0.263431
0.0344091
0.0241712
0.0256822
0.0167908
0.00271366
0.0166491
0.0296241
0.371774
0.435601
0.231508
0.00642754
0.00384546
0.00349669
0.0012044
0.00700798
0.0290811
0.277775
0.435601
0.297687
0.0150723
0.0059327
0.0250003
0.0287744
0.0504758
0.0394255
0.17678
0.325224
0.0509577
0.0312055
0.0369632
0.0244773
0.0201907
0.0419509
0.0405362
0.136718
0.239925
0.148885
0.0768014
0.0448982
0.0475929
0.00293682
0.0121576
0.0317061
0.291743
0.410717
0.336334
0.0173134
0.00481699
0.0197505
0.00682758
0.00660396
0.0118685
0.181853
0.410717
0.410717
0.0258334
0.0109786
0.00564278
0.0338833
0.0630099
0.053326
0.13781
0.286065
0.148757
0.0846189
0.0470482
0.0598664
0.0490357
0.0544878
0.0490895
0.0762399
0.301992
0.0702513
0.0513585
0.0244131
0.0535476
0.00927655
0.00883268
0.0144609
0.253287
0.365128
0.365128
0.0295027
0.009561
0.00438786
0.00689974
0.00912502
0.0296969
0.260733
0.365128
0.365128
0.115446
0.061611
0.018681
0.0694445
0.0726814
0.0638643
0.115608
0.34655
0.071082
0.0509807
0.0239175
0.0667518
0.0372694
0.0921312
0.11624
0.161322
0.288972
0.122839
0.0498682
0.0323239
0.0537118
0.00957443
0.0144688
0.0355809
0.304454
0.350014
0.350014
0.129623
0.0440257
0.0176519
0.00824561
0.0302141
0.0282053
0.174879
0.350014
0.285751
0.123746
0.055658
0.0187188
0.0496212
0.115927
0.134908
0.180956
0.311773
0.139393
0.0475004
0.036364
0.0583437
0.0318915
0.059427
0.113987
0.107056
0.350014
0.170657
0.103294
0.0330721
0.0593495
0.0680076
0.0629726
0.0690259
0.327795
0.363272
0.203991
0.0352731
0.0464606
0.106278
0.0385268
0.0830601
0.0337351
0.357341
0.363272
0.0940012
0.0496158
0.0484499
0.0560182
0.0299503
0.086716
0.0595199
0.119137
0.203344
0.140305
0.0632724
0.0387511
0.0474959
0.0374667
0.0474685
0.109734
0.145413
0.363272
0.267933
0.0402355
0.0536489
0.254777
0.0414779
0.0746041
0.040144
0.326918
0.326918
0.102386
0.0512955
0.0499083
0.0561805
0.0185405
0.0512849
0.0576959
0.287828
0.326918
0.0993942
0.0554019
0.0649867
0.050382
0.0516501
0.0799462
0.120186
0.152861
0.326918
0.269089
0.0465829
0.0451109
0.22958
0.0933425
0.091721
0.101446
0.122269
0.326918
0.326918
0.038478
0.0296229
0.0362675
0.0258327
0.0644473
0.0784087
0.338495
0.338495
0.139205
0.0702557
0.0909655
0.0761288
0.0419477
0.0711892
0.0699833
0.338495
0.338495
0.0943449
0.0706393
0.0465288
0.0423588
0.142469
0.17182
0.152631
0.186755
0.338495
0.338495
0.0714234
0.0354004
0.032646
0.0221185
0.0728186
0.118376
0.175341
0.20112
0.0975227
0.102823
0.0748838
0.0386855
0.0614498
0.105184
0.0864502
0.301814
0.301814
0.154554
0.0874398
0.0713996
0.0781024
0.0605135
0.0954893
0.0923836
0.301814
0.301814
0.301814
0.16701
0.0732367
0.0813368
0.0262417
0.110129
0.17795
0.240042
0.198594
0.151918
0.14739
0.104742
0.0599575
0.0631867
0.0929369
0.129969
0.251511
0.175682
0.229937
0.170706
0.0892761
0.061438
0.0834641
0.129698
0.115546
0.270538
0.270538
0.270538
0.180347
0.0804589
0.106178
0.0918079
0.104371
0.119523
0.16599
0.270538
0.186069
0.106792
0.0580737
0.0977062
0.0739491
0.115955
0.152189
0.239639
0.218677
0.234882
0.183532
0.111564
0.0699303
0.0539765
0.0733325
0.163101
0.25407
0.270538
0.156549
0.145749
0.111822
0.123761
0.114197
0.131016
0.15222
0.18678
0.255407
0.182294
0.104616
0.0574683
0.113625
0.0825696
0.135354
0.252712
0.167656
0.255407
0.255407
0.126255
0.0719327
0.114582
0.0655175
0.103805
0.188081
0.238402
0.255407
0.161901
0.160257
0.134149
0.104039
0.0688747
0.0749513
0.0960032
0.222214
0.255407
0.224623
0.152899
0.177745
0.10701
0.0909389
0.153373
0.234562
0.141826
0.234562
0.234562
0.119894
0.0730692
0.108807
0.0471449
0.122013
0.185667
0.18032
0.234562
0.232444
0.198486
0.108338
0.166467
0.0709749
0.0945418
0.108917
0.193891
0.234562
0.234562
0.158257
0.158618
0.073972
0.0956833
0.0889879
0.184955
0.234562
0.234562
0.159824
0.170235
0.125262
0.137143
0.0392811
0.109282
0.0804865
0.19023
0.25539
0.152478
0.0692109
0.0285946
0.0587578
0.0341111
0.0451201
0.130777
0.159783
0.315955
0.291874
0.0520945
0.0604514
0.20919
0.0192192
0.0328927
0.055932
0.281946
0.315955
0.262347
0.0947359
0.0243446
0.057102
0.00758002
0.0160552
0.0603086
0.2921
0.315955
0.315955
0.069934
0.0380087
0.0671967
0.0393235
0.0641423
0.115825
0.15247
0.312663
0.252499
0.0535196
0.045542
0.172352
0.0634174
0.07292
0.110627
0.132375
0.312663
0.275616
0.0606855
0.0420832
0.0341929
0.0138633
0.0274102
0.0468568
0.25251
0.312663
0.291712
0.0592409
0.0350548
0.0632702
0.019843
0.0260236
0.0450313
0.267078
0.312663
0.312663
0.108788
0.0398111
0.0145534
0.0705146
0.09723
0.107101
0.147919
0.358099
0.309283
0.0703869
0.0304452
0.0313075
0.0155235
0.0458461
0.0942108
0.140538
0.152196
0.0946473
0.091146
0.0618272
0.0469946
0.0294397
0.0410361
0.0493209
0.244782
0.358099
0.312506
0.109283
0.0601809
0.0153856
0.0139103
0.015098
0.196733
0.358099
0.358099
0.170215
0.0843711
0.0670449
0.0355533
0.017558
0.0547045
0.111483
0.165324
0.149325
0.128781
0.108105
0.0670774
0.0596463
0.0478964
0.061084
0.0824081
0.204705
0.175345
0.185209
0.112649
0.065011
0.0351386
0.0200167
0.0278688
0.138546
0.382654
0.382654
0.197136
0.113902
0.0926711
0.0403924
0.0198237
0.0409376
0.091201
0.382654
0.382654
0.274282
0.0522204
0.0375789
0.0501035
0.0509835
0.0707797
0.0924201
0.184965
0.2195
0.183953
0.120597
0.069195
0.0348675
0.0324652
0.0579349
0.095865
0.169021
0.301212
0.101623
0.0760215
0.0691017
0.0721034
0.0160049
0.0502511
0.0709997
0.342994
0.342994
0.266436
0.0694804
0.0365165
0.0491771
0.0160017
0.0581193
0.0712152
0.342994
0.342994
0.342994
0.0361465
0.0345282
0.0357256
0.035983
0.0694245
0.113948
0.156839
0.321572
0.10623
0.08022
0.074287
0.0583854
0.045301
0.0588486
0.0691269
0.195772
0.258474
0.145028
0.100915
0.0957444
0.0407818
0.0143801
0.0709971
0.0880137
0.321572
0.321572
0.321572
0.0638984
0.0352537
0.0295604
0.00933383
0.0597949
0.0449851
0.321572
0.321572
0.321572
0.126691
0.0792797
0.0332062
0.0488683
0.0582291
0.0785223
0.188447
0.236774
0.169314
0.113629
0.0996189
0.0332661
0.0552832
0.0467232
0.110588
0.271426
0.2541
0.0973771
0.116843
0.128333
0.133962
0.0097771
0.0561517
0.044981
0.319919
0.319919
0.319919
0.127478
0.0755169
0.0310835
0.0398863
0.0701161
0.0961992
0.319919
0.319919
0.25765
0.0348775
0.0799388
0.0305297
