0.057632
0.0328962
0.015856
0.145091
0.325149
0.0403199
0.012185
0.0169041
0.051938
0.211426
0.00200904
0.053356
0.281712
0.325149
0.163574
0.0617089
0.0175437
0.325149
0.100098
0.0708758
0.0466452
0.254323
0.325149
0.042742
0.0432625
0.0303813
0.149092
0.214779
0.00689091
0.00962154
0.150546
0.321047
0.0118372
0.0157778
0.0446983
0.325149
0.242399
0.00432859
0.0500716
0.216975
0.294002
0.174646
0.0665857
0.0173604
0.294002
0.230187
0.047803
0.0452403
0.129929
0.294002
0.154087
0.0718136
0.0167157
0.294002
0.245457
0.0102973
0.0089097
0.115353
0.241747
0.013493
0.0100868
0.0323457
0.294002
0.294002
0.0866499
0.0245722
0.0456976
0.0597663
0.00965814
0.00735503
0.0230308
0.294002
0.210021
0.0461113
0.0460111
0.133155
0.30444
0.127058
0.0501434
0.0235969
0.30444
0.221217
0.0371988
0.0165335
0.16858
0.30444
0.133123
0.0172185
0.00971699
0.303452
0.226975
0.0859239
0.0280584
0.0603999
0.0649156
0.0149327
0.0093093
0.118617
0.30444
0.195445
0.101977
0.0399034
0.229264
0.30444
0.00986854
0.00311022
0.121537
0.25003
0.217777
0.0610235
0.0190924
0.175438
0.324803
0.119322
0.00293562
0.0224065
0.289586
0.0439449
0.0588731
0.0252315
0.200137
0.324803
0.221051
0.0064652
0.021878
0.0396121
0.237223
0.134326
0.0533774
0.171672
0.324803
0.0129538
0.00657212
0.191229
0.238704
0.133756
0.177957
0.0789111
0.160801
0.324803
0.11667
0.0401659
0.0286183
0.0445067
0.0603501
0.0953606
0.0342356
0.211464
0.331327
0.183028
0.00988166
0.0326214
0.0441794
0.11809
0.0804362
0.219021
0.331327
0.331327
0.206566
0.0242001
0.0210036
0.127482
0.227596
0.22625
0.0945371
0.111058
0.323671
0.0894384
0.0376188
0.0196839
0.0404678
0.0734365
0.107372
0.129421
0.261424
0.317674
0.0566681
0.00989927
0.0133132
0.0147464
0.186289
0.140117
0.230897
0.395844
0.395844
0.166689
0.0248804
0.0240859
0.116587
0.132672
0.0735892
0.127012
0.23416
0.395844
0.0475301
0.00956613
0.00551877
0.0336209
0.0875447
0.151416
0.16842
0.26983
0.323008
0.0626034
0.0134867
0.0168909
0.0218318
0.0475664
0.0495857
0.0816968
0.111414
0.130856
0.00733904
0.00327929
0.0022354
0.0155063
0.265698
0.158978
0.184067
0.423966
0.530286
0.00508955
0.00437847
0.00214243
0.00828663
0.0358293
0.00160218
0.00319377
0.00882715
0.530286
0.028422
0.0219239
0.022682
0.0753122
0.0556089
0.0886607
0.156323
0.160158
0.201052
0.00739381
0.00469971
0.00337282
0.0134793
0.0489607
0.0038845
0.00591907
0.0118673
0.077482
0.0192226
0.0158519
0.0280502
0.0860103
0.110215
0.0863575
0.0627835
0.273885
0.273885
0.0455381
0.0424877
0.0339664
0.173876
0.246261
0.0108917
0.0158634
0.178443
0.273885
0.00982307
0.0154545
0.0679765
0.273885
0.217186
0.138033
0.170774
0.204239
0.273885
0.0509291
0.100915
0.115745
0.1916
0.15302
0.0796884
0.0962417
0.17465
0.273885
0.0704991
0.126789
0.166507
0.273885
0.281994
0.0164393
0.0146176
0.162295
0.281994
0.0134108
0.0181965
0.0693311
0.281994
0.281994
0.130315
0.0311445
0.0643679
0.112538
0.0139834
0.00970584
0.030835
0.281994
0.184108
0.054697
0.0566053
0.169427
0.281994
0.1092
0.165747
0.25756
0.281994
0.281994
0.0936474
0.0664698
0.0610524
0.150545
0.0276868
0.0205168
0.0295437
0.281994
0.253339
0.108075
0.0299359
0.0662708
0.123098
0.0273668
0.0316893
0.12057
0.28688
0.19671
0.0803393
0.0569278
0.28688
0.28688
0.0213593
0.0253618
0.12872
0.259758
0.228515
0.07031
0.049137
0.0747686
0.191903
0.0619326
0.0692861
0.0605102
0.28688
0.269092
0.0907437
0.122266
0.28688
0.28688
0.0523802
0.0454688
0.0322907
0.210558
0.253589
0.125303
0.0597056
0.206389
0.284283
0.0346777
0.0462965
0.197886
0.234742
0.160208
0.160052
0.074584
0.177578
0.284283
0.133303
0.0443818
0.0539081
0.0545809
0.201286
0.106653
0.0797976
0.284283
0.284283
0.0780522
0.0831279
0.0593238
0.178939
0.208414
0.144838
0.146154
0.192167
0.284283
0.0611573
0.0639339
0.066939
0.127759
0.28058
0.265914
0.111656
0.137858
0.28058
0.133288
0.052728
0.0479665
0.0578771
0.0600384
0.0849035
0.268403
0.28058
0.28058
0.0786621
0.0149914
0.0216799
0.0289125
0.216682
0.188369
0.129413
0.220263
0.28058
0.076651
0.0697566
0.0720214
0.128157
0.0491838
0.0593331
0.188127
0.28058
0.28058
0.0873962
0.0279304
0.00903489
0.00967336
0.0756508
0.129626
0.259957
0.356309
0.356309
0.0819438
0.017273
0.0230765
0.0347332
0.0579607
0.0616356
0.115037
0.191889
0.356309
0.0560324
0.004789
0.00335061
0.0277869
0.0345873
0.0516352
0.12319
0.356309
0.356309
0.119098
0.0297702
0.00528497
0.00346239
0.00523059
0.00430691
0.0525049
0.166866
0.356309
0.115932
0.00135174
0.00249199
0.0023067
0.0499323
0.08114
0.115754
0.178644
0.365513
0.0359747
0.0041066
0.002927
0.0137728
0.0295021
0.00356384
0.00583267
0.0430119
0.312503
0.0358568
0.0372202
0.0335922
0.0481126
0.0026807
0.000536596
0.0256064
0.205518
0.365513
0.108984
0.00126097
0.00116427
0.00508838
0.205132
0.0409037
0.0380175
0.130668
0.365513
0.106569
0.202796
0.365513
0.365513
0.171913
0.0983324
0.132287
0.218545
0.26076
0.0298373
0.0483117
0.123675
0.201269
0.134365
0.0691869
0.0816917
0.139061
0.26076
0.0427316
0.100632
0.208396
0.26076
0.19782
0.0941852
0.06224
0.26076
0.26076
0.00936824
0.0259003
0.0920596
0.26076
0.105395
0.120898
0.23245
0.159592
0.153828
0.0441015
0.101028
0.232656
0.26076
0.170747
0.0779027
0.0674863
0.145207
0.260355
0.0719438
0.146089
0.260355
0.260355
0.260355
0.086221
0.0586632
0.0560577
0.131695
0.0274451
0.0185528
0.0261139
0.260355
0.140418
0.197743
0.260355
0.226271
0.189925
0.072054
0.152883
0.260355
0.253721
0.260355
0.0597335
0.0319023
0.0550357
0.0793304
0.0224078
0.0387096
0.120316
0.260355
0.210462
0.0732292
0.0507972
0.0752857
0.211286
0.0742214
0.0878905
0.0492588
0.272394
0.214669
0.0667386
0.130077
0.295558
0.295558
0.0632854
0.0647138
0.0212465
0.180623
0.206917
0.0620853
0.0296867
0.0761375
0.0881294
0.039281
0.10584
0.133908
0.295558
0.190053
0.20161
0.0533845
0.295558
0.295558
0.0885836
0.0622298
0.0834985
0.268324
0.179113
0.0799667
0.0813133
0.301584
0.303962
0.0978597
0.12157
0.0421263
0.135564
0.189768
0.0939705
0.130302
0.199192
0.303962
0.0807205
0.0462107
0.0699077
0.102824
0.172051
0.196613
0.0543077
0.303962
0.303962
0.0662839
0.107731
0.0970641
0.208554
0.0814393
0.116947
0.061785
0.237158
0.303962
0.101857
0.00981721
0.0107193
0.0282057
0.210978
0.122596
0.116542
0.229546
0.312404
0.0967096
0.0544219
0.0761557
0.101094
0.0357121
0.0359424
0.252277
0.312404
0.312404
0.108461
0.0251394
0.00566218
0.0120713
0.104911
0.131733
0.0802048
0.312404
0.312404
0.076628
0.0100488
0.00978287
0.0283365
0.0757263
0.0631364
0.179074
0.312404
0.312404
0.0157161
0.00635316
0.00330597
0.0118892
0.0252136
0.0274464
0.132893
0.363935
0.403834
0.120857
0.0224402
0.00228914
0.00372098
0.00109276
0.000393452
0.0583847
0.169331
0.403834
0.136725
0.00109172
0.00106408
0.00197304
0.0615497
0.0456344
0.106971
0.324939
0.403834
0.00906496
0.00474338
0.00143811
0.00599328
0.00877946
0.00399368
0.0300557
0.0748777
0.403834
0.0247244
0.00083792
0.000730765
0.00236163
0.001468
7.43992e-05
0.0153811
0.152642
0.339688
0.0864472
0.000555364
0.000504146
0.00246133
0.0922911
0.0242682
0.0217946
0.106379
0.339688
0.0791984
0.17257
0.253704
0.248902
0.00253918
5.32098e-05
9.74017e-05
0.0381719
0.339688
0.0390362
0.000490215
0.000378556
0.00127296
0.120636
0.0128427
0.00132471
0.0972139
0.339688
0.095835
0.272266
0.313528
0.339688
0.18576
0.0882449
0.0437308
0.262892
0.262892
0.00182865
0.00507062
0.11488
0.262892
0.136927
0.141208
0.150057
0.138923
0.170479
0.0237008
0.0930464
0.262892
0.262892
0.243073
0.0332223
0.016394
0.262892
0.262892
0.000822322
0.00665546
0.010363
0.262892
0.204666
0.0838715
0.0583681
0.146388
0.262892
0.00555401
0.00816996
0.0361988
0.256889
0.201011
0.268825
0.257815
0.210878
0.231876
0.0467927
0.149402
0.273296
0.261426
0.273296
0.0658639
0.0377018
0.0576174
0.0785502
0.0285637
0.0382303
0.0985138
0.273296
0.213633
0.115839
0.101358
0.184513
0.273296
0.0157356
0.0245287
0.08309
0.24553
0.214255
0.0288098
0.0266265
0.0208639
0.0321481
0.0141067
0.0228034
0.089644
0.273296
0.243927
0.0677113
0.0341727
0.0693531
0.0907409
0.0473936
0.08021
0.113816
0.294277
0.197345
0.167388
0.0484124
0.288909
0.294277
0.0783091
0.0378086
0.0572772
0.294277
0.137016
0.0635838
0.058532
0.0343394
0.0546759
0.0344037
0.0427912
0.10542
0.294277
0.0771301
0.164196
0.143211
0.248997
0.294277
0.240184
0.0247381
0.0460952
0.288226
0.168774
0.147299
0.0438174
0.238055
0.304865
0.0627651
0.0581619
0.0615259
0.206728
0.0586852
0.0925622
0.0675291
0.218445
0.304865
0.12363
0.0207205
0.00443366
0.014144
0.0468773
0.165508
0.139512
0.21006
0.304865
0.189955
0.0295534
0.0436907
0.205666
0.0109973
0.0251105
0.032404
0.304865
0.304865
0.304865
0.140755
0.0595439
0.00143171
0.0743369
0.0808026
0.0664239
0.230743
0.284438
0.0898632
0.0164618
0.0023095
0.0110684
0.0877353
0.0892059
0.138578
0.229234
0.284438
0.0240049
0.0048143
0.00423538
0.0139427
0.0115646
0.0345983
0.0624178
0.26343
0.284438
0.284438
0.129513
0.0505845
0.00316098
0.284438
0.284438
0.270054
0.284438
0.284438
0.0699105
0.102761
0.0615311
0.0152345
0.0809949
0.0717737
0.110325
0.264083
0.317807
0.0252046
0.00308559
0.00314674
0.0105039
0.0180663
0.0146232
0.029804
0.0598483
0.317807
0.0346806
0.00105886
0.000629355
0.00310645
0.28127
0.317807
0.296888
0.317807
0.317807
0.0876301
0.159068
0.0799723
0.0154806
0.0962772
0.0837735
0.0578317
0.12688
0.317807
0.225156
0.00822774
0.00309813
0.00215812
0.00301779
3.78279e-05
0.00045691
0.0406663
0.328801
0.0495042
0.000585313
0.000378255
0.00135451
0.116047
0.0165226
2.13439e-05
0.0746117
0.328801
0.0976724
0.314066
0.3229
0.328801
0.000328713
0.00670618
0.0287886
0.084853
0.328801
0.183892
0.00813793
0.0002632
0.000328713
0.129643
0.0247747
0.020699
0.0701377
0.328801
0.134559
0.13592
0.119039
0.328801
0.249378
0.0381124
0.0134528
0.260633
0.260633
0.000117077
0.00475821
0.0110394
0.260633
0.239655
0.104063
0.026239
0.160227
0.260633
0
0.00296784
0.0384573
0.260633
0.260633
0.0429452
0.0108652
0.260633
0.260633
3.90258e-05
0.00436683
0.00928131
0.260633
0.246663
0.0885006
0.0137299
0.172352
0.260633
0
0.00364993
0.00598017
0.244821
0.25543
0.146189
0.049767
0.189471
0.324861
0.00740381
0.0151909
0.0883929
0.257849
0.232977
0.0345026
0.0353354
0.0187613
0.0305048
0.0157597
0.0253369
0.0886199
0.324861
0.258077
0.151532
0.0308708
0.226353
0.324861
0.0099631
0.0162564
0.0301496
0.224373
0.324861
0.0850695
0.0474398
0.0113672
0.0157236
0.0201209
0.0289814
0.0390889
0.324861
0.170245
0.057917
0.0616764
0.0282362
0.0663085
0.0398061
0.0456653
0.115114
0.323993
0.100634
0.0942168
0.107802
0.225627
0.323993
0.242546
0.0492586
0.0373229
0.305651
0.217134
0.100857
0.0749707
0.0366042
0.0519733
0.0390586
0.0551466
0.0804134
0.323993
0.111143
0.0788394
0.0889616
0.237389
0.323993
0.127398
0.048866
0.0258395
0.322672
0.0715127
0.100955
0.110798
0.212327
0.313694
0.200449
0.0490112
0.0384915
0.203417
0.0131108
0.0396179
0.081481
0.313694
0.313694
0.313694
0.118666
0.0468103
0.00281699
0.0492098
0.078903
0.101749
0.231247
0.313694
0.104542
0.0486826
0.037536
0.0628686
0.00286436
0.0262983
0.0824293
0.313694
0.313694
0.164456
0.039528
0.0341171
0.00132218
0.0103912
0.0296991
0.0796367
0.257954
0.257954
0.235564
0.0977455
0.0368989
0.00387217
0.257954
0.257954
0.188365
0.257954
0.257954
0.0719358
0.0672184
0.0745134
0.0218181
0.00442361
0.0241213
0.0745115
0.244402
0.257954
0.121056
0.0514863
0.0264628
0.00257311
0.257954
0.257954
0.227453
0.257954
0.257954
0.047681
0.04662
0.0532566
0.0135664
0.249715
0.233766
0.181135
0.232752
0.273573
0.0917944
0.101287
0.0860839
0.0330057
0.100682
0.0815389
0.0468204
0.103212
0.273573
0.160104
0.0362702
0.008144
0.0384085
0.22946
0.221323
0.190071
0.214769
0.273573
0.0888377
0.10658
0.0827742
0.0488054
0.179618
0.186867
0.153402
0.258562
0.273573
0.13748
0.0956214
0.0598471
0.0988506
0.0259496
0.0243442
0.0262818
0.0722497
0.321043
0.153589
0.0288826
0.00711158
0.0447328
0.101248
0.0160297
0.0140033
0.0460998
0.321043
0.17901
0.0929398
0.126098
0.321043
0.143902
0.134535
0.0940088
0.218962
0.321043
0.136421
0.104974
0.0720239
0.120087
0.0870398
0.00537507
0.0118276
0.100588
0.321043
0.205274
0.0384125
0.268739
0.321043
0.272498
0.0655782
0.0170762
0.272498
0.272498
0.00596248
0.0114946
0.0208389
0.272498
0.272498
0.094082
0.0158583
0.217493
0.272498
0.00317673
0.00511435
0.0121487
0.272498
0.191412
0.0989508
0.0520881
0.165003
0.272498
0.0356536
0.0453763
0.0528929
0.244428
0.128068
0.06501
0.0343711
0.194647
0.272498
0.0342935
0.0545709
0.0542632
0.246746
0.226322
0.11176
0.0234657
0.206556
0.348429
0.0125269
0.0142166
0.0285864
0.208851
0.287641
0.0625002
0.0356068
0.0137284
0.0269655
0.0237281
0.0312198
0.0509526
0.348429
0.120056
0.0749014
0.0291455
0.207002
0.348429
0.0396977
0.0396368
0.0632261
0.237849
0.348429
0.0482414
0.035448
0.0479687
0.0518064
0.0183682
0.0322942
0.104464
0.348429
0.187776
0.0755128
0.0614959
0.0537271
0.0713838
0.0473935
0.0620298
0.0787335
0.284359
0.113703
0.0510242
0.0698495
0.253296
0.284359
0.152906
0.0843876
0.0356242
0.267614
0.284359
0.174301
0.0770181
0.124791
0.143587
0.0463635
0.0748763
0.0820151
0.284359
0.232409
0.168258
0.0787807
0.188869
0.284359
0.12797
0.147692
0.111746
0.284359
0.0928572
0.0765229
0.12196
0.304982
0.304982
0.17726
0.114799
0.0594971
0.0607603
0.00272619
0.0304306
0.115696
0.304982
0.304982
0.133021
0.0183284
0.0410509
0.0030953
0.241251
0.304982
0.138715
0.298026
0.304982
0.15697
0.206464
0.116991
0.198871
0.0153164
0.0330476
0.0836926
0.138783
0.105667
0.0275531
0.0131019
0.0147571
0.00363356
0.00626516
0.0396239
0.14606
0.313149
0.313149
0.167898
0.0820416
0.0541262
0.00688837
0.313149
0.313149
0.300291
0.313149
0.313149
0.128546
0.0900124
0.167646
0.0344155
0.0160858
0.0402118
0.112096
0.161104
0.119743
0.0277669
0.0173493
0.0157896
0.00373407
0.0131921
0.041285
0.160914
0.232811
0.226295
0.108368
0.045558
0.0601908
0.000154239
0.268869
0.247839
0.172766
0.242483
0.268869
0.138853
0.14264
0.15409
0.0838101
0.250391
0.2424
0.169796
0.268869
0.268869
0.18502
0.145996
0.0842672
0.167398
0.0120138
0.0272649
0.124053
0.19777
0.194554
0.054623
0.0246241
0.0263802
0
0.00693153
0.00912364
0.0331298
0.268869
0.268869
0.0755987
0.0172954
0.00832469
0
0.185162
0.160563
0.096219
0.247674
0.303303
0.155717
0.126103
0.0862381
0.179666
0.0953633
0.00478043
0.0161079
0.124235
0.303303
0.279815
0.0370733
0.303303
0.303303
0.00828247
0.00612996
0.028459
0.263435
0.303303
0.0491656
0.0132605
0.0013069
0
0
0.00144731
0.0202817
0.184834
0.303303
0.157001
0.0156563
0.0186152
0.0173798
0.245437
0.15122
0.0588878
0.179856
0.264042
0.0427377
0.0545594
0.070551
0.264042
0.169591
0.0868492
0.0369226
0.234438
0.264042
0.0390304
0.0516746
0.07598
0.264042
0.264042
0.264042
0.155664
0.11865
0.264042
0.14759
0.026979
0.0750826
0.166718
0.126851
0.0978441
0.0750339
0.195509
0.264042
0.150528
0.0646657
0.0478748
0.134355
0.126804
0.0724779
0.0223839
0.188114
0.342899
0.0369189
0.0298837
0.0673572
0.232236
0.342899
0.0430477
0.0348924
0.0466157
0.0568054
0.0258656
0.0326114
0.0920552
0.342899
0.107653
0.0829903
0.0691532
0.169647
0.339547
0.123974
0.0551618
0.0295481
0.0976478
0.342899
0.0235672
0.0359751
0.0259279
0.144264
0.0792231
0.134748
0.177646
0.342899
0.295537
0.143548
0.0688652
0.122483
0.138751
0.0544012
0.0691896
0.0696245
0.300269
0.198743
0.141682
0.0677343
0.179573
0.267922
0.132611
0.134411
0.100934
0.300269
0.205975
0.048563
0.0492205
0.0837047
0.24705
0.0754052
0.0819036
0.108438
0.300269
0.0888957
0.0404759
0.034179
0.191514
0.300269
0.173218
0.028858
0.0438092
0.215042
0.207645
0.292696
0.128791
0.315546
0.369352
0.177809
0.200306
0.117261
0.187406
0.0106835
0.0252436
0.0812403
0.163024
0.109897
0.0245172
0.00887341
0.00922716
0.00202583
0.0474944
0.0795207
0.0583182
0.27382
0.369352
0.217928
0.00700009
0.0156818
0.011855
0.00385186
0.00989988
0.0259526
0.0896203
0.369352
0.186161
0.00553374
0.0033338
0.0028075
0.0156605
0.0475329
0.146105
0.260493
0.180892
0.0379652
0.0170275
0.0144001
0.0026227
0.0103513
0.0319692
0.169225
0.271884
0.323331
0.188777
0.0682602
0.110423
0.000692505
0.0088865
0.0196357
0.0492364
0.153285
0.440739
0.296384
0.00863994
0.00538439
0.00169085
0.00410196
0.00867079
0.0396291
0.238481
0.440739
0.22595
0.0196896
0.00948809
0.000997057
0.0136867
0.0294261
0.163148
0.296945
0.330308
0.103984
0.0385211
0.0580018
0.000490071
0.00699456
0.00350246
0.0281326
0.382687
0.382687
0.106147
0.0183388
0.0191841
0.0011015
0.00647727
0.0105249
0.0420839
0.224918
0.382687
0.177865
0.0125784
0.00707208
0.00238875
0.00132941
0.00233749
0.0165764
0.231669
0.382687
0.148274
0.0196535
0.00670698
0.00592445
0.0103215
0.0042713
0.0348368
0.377909
0.377909
0.0663783
0.00870392
0.00258875
0.000461771
0
0.00900761
0.03537
0.329351
0.377909
0.238233
0.0193013
0.0240991
0.0336872
0.00196175
0.00502461
0.019348
0.223879
0.377909
0.141979
0.0151786
0.00485863
0.00525143
0
0.00860347
0.010554
0.123309
0.377909
0.156704
0.0230362
0.00244853
0.000831189
0.258304
0.258304
0.119873
0.155856
0.258304
0.109259
0.0259095
0.0706778
0.216577
0.193184
0.128108
0.0943371
0.239054
0.258304
0.112186
0.0495393
0.0529212
0.199603
0.258304
0.25786
0.0327289
0.258304
0.258304
0.0412538
0.00758941
0.0129092
0.13044
0.176348
0.0860756
0.0782958
0.151488
0.174083
0.0293585
0.0199414
0.0100395
0.258005
0.199301
0.132776
0.0989247
0.244502
0.342567
0.110736
0.0564202
0.0436414
0.174271
0.342567
0.0493802
0.0672485
0.0734778
0.150781
0.0728262
0.132434
0.164528
0.342567
0.17674
0.0668611
0.0682282
0.130878
0.18414
0.0397129
0.0255568
0.0135265
0.263485
0.0857974
0.0263547
0.0344338
0.202863
0.342567
0.0380165
0.0554888
0.0782414
0.216027
0.321621
0.0802247
0.0861283
0.133562
0.299391
0.0865217
0.105494
0.130281
0.324719
0.139035
0.0641699
0.0513124
0.249926
0.324719
0.165177
0.0350171
0.0537036
0.324719
0.0624518
0.0165165
0.0393172
0.158519
0.324719
0.0534175
0.0561134
0.0696131
0.16603
0.0229211
0.0187425
0.0151602
0.0857832
0.324719
0.0973665
0.0354449
0.0403354
0.0490248
0.0605134
0.114709
0.0777173
0.355066
0.41527
0.211709
0.0173409
0.0352594
0.026174
0.00454385
0.0167792
0.0526199
0.152335
0.41527
0.187129
0.0113057
0.0039858
0.00398923
0.0107551
0.022358
0.0227659
0.0783685
0.41527
0.124477
0.0428531
0.050471
0.0222967
0.00733168
0.0169679
0.0219593
0.0587314
0.41527
0.14005
0.0226882
0.0254025
0.00828915
0.0089031
0.0248719
0.0631433
0.182654
0.435374
0.212151
0.0137134
0.00648348
0.00108602
0.00661722
0.0113959
0.0364289
0.221095
0.435374
0.198193
0.0271285
0.0145463
0.001733
0.00738488
0.0196592
0.0270269
0.0675277
0.435374
0.156891
0.0291267
0.0331598
0.00881081
0.00709345
0.0195869
0.0264832
0.0838946
0.435374
0.158929
0.0361994
0.0270869
0.00700951
0.010477
0.0166907
0.0439453
0.231211
0.429058
0.191521
0.0211669
0.0123507
0.00363135
6.01124e-05
0.00268845
0.0234103
0.211476
0.429058
0.224364
0.0268614
0.0102553
0.00864517
0.0100617
0.0188893
0.0305689
0.103561
0.429058
0.150664
0.0290171
0.0194939
0.0053531
0.0126933
0.0138167
0.0100036
0.0976469
0.429058
0.164519
0.0283871
0.00899925
0.00627804
0
0.00815051
0.0271614
0.215757
0.426738
0.243497
0.0190903
0.006927
0.00745287
0
0.0164793
0.0105833
0.136393
0.426738
0.24483
0.025777
0.00351839
0.00158943
0.0174124
0.0129361
0.0124324
0.114448
0.426738
0.171249
0.0219603
0.00899671
0.00797976
0.00496946
0.00671413
0.016559
0.110436
0.426738
0.167578
0.0197265
0.0122149
0.00455525
0.290292
0.25017
0.0118601
0.290292
0.290292
0.0233109
0.0110877
0.0111616
0.147109
0.232076
0.113422
0.0951112
0.16083
0.135793
0.00467666
0.015548
0.0190135
0.290292
0.221234
0.0503367
0.00686943
0.290292
0.290292
0.0266779
0.0218295
0.0118855
0.290292
0.205572
0.104553
0.0287615
0.0903724
0.130252
0.013669
0.016955
0.0350669
0.2656
0.268347
0.124542
0.12101
0.195106
0.213004
0.0199176
0.0283657
0.0381846
0.268347
0.115948
0.0674546
0.057853
0.268347
0.268347
0.0355199
0.0447894
0.0905699
0.249665
0.268347
0.138971
0.0369011
0.131703
0.211255
0.0100728
0.0097074
0.0503314
0.268347
0.263442
0.104211
0.0301553
0.158378
0.218213
0.022837
0.0184815
0.210765
0.268347
0.130971
0.0567153
0.0949492
0.299531
0.299531
0.0971894
0.0998687
0.153066
0.299531
0.0512348
0.0521793
0.0383633
0.144494
0.299531
0.141073
0.06779
0.079849
0.0979235
0.285416
0.154753
0.0583158
0.221003
0.288559
0.0543018
0.044989
0.278318
0.299531
0.0894114
0.0697035
0.0566462
0.0889492
0.0743967
0.0608359
0.0459138
0.123233
0.192753
0.0359948
0.0592894
0.0569612
0.110139
0.412314
0.192392
0.120723
0.142426
0.0795053
0.0221325
0.0475084
0.0623562
0.219083
0.412314
0.271853
0.073242
0.0790505
0.0350174
0.0479978
0.10057
0.0971335
0.113978
0.0911825
0.123665
0.100545
0.141594
0.063003
0.0760469
0.0829028
0.0462996
0.237263
0.412314
0.254445
0.0463266
0.108151
0.0893078
0.0168406
0.0394648
0.0553377
0.1793
0.490837
0.225515
0.0707422
0.0781024
0.0291127
0.01298
0.046143
0.0577923
0.154287
0.490837
0.297476
0.0702471
0.0401797
0.0127242
0.040842
0.0715264
0.0563874
0.184621
0.321489
0.221866
0.0511431
0.0955838
0.0717787
0.0235498
0.0819431
0.116537
0.15047
0.111946
0.107242
0.0613817
0.0696104
0.0631111
0.0149892
0.037907
0.0635406
0.172174
0.520864
0.310126
0.0582892
0.0285669
0.0119123
0.0201272
0.0260254
0.0212197
0.133261
0.520864
0.435024
0.0573115
0.0207042
0.0141476
0.0224516
0.0695552
0.0947447
0.106533
0.0977179
0.0908839
0.0544413
0.0661746
0.0581734
0.0283321
0.0307355
0.0746241
0.128201
0.116436
0.0882722
0.0778273
0.0509311
0.033439
0.023048
0.0217585
0.0244695
0.144808
0.498754
0.429504
0.0392692
0.0170012
0.0124961
0.00699269
0.0108805
0.0378939
0.210633
0.498754
0.390509
0.0434504
0.0265986
0.0148759
0.0427182
0.0250338
0.060547
0.0977209
0.138583
0.0824118
0.0554605
0.039113
0.0322947
0.0418367
0.0164499
0.0657548
0.0826812
0.114742
0.0889423
0.0910595
0.03243
0.0354814
0.252615
0.0686741
0.0412752
0.284995
0.284995
0.0372224
0.03146
0.0250353
0.284995
0.26892
0.130609
0.0301659
0.0787637
0.151947
0.014065
0.0196208
0.053019
0.284995
0.176917
0.107997
0.059931
0.20087
0.284995
0.126736
0.152521
0.106359
0.243435
0.22914
0.0812288
0.0292307
0.0964567
0.215102
0.0446028
0.0335864
0.0317732
0.284995
0.282375
0.156873
0.0432228
0.112711
0.20525
0.0116052
0.00971023
0.0676196
0.282375
0.256103
0.0954935
0.0400623
0.173034
0.213958
0.0346948
0.0162364
0.206011
0.282375
0.282375
0.11355
0.081634
0.146694
0.275872
0.0227704
0.019454
0.0346764
0.282375
0.282375
0.083296
0.101783
0.0951895
0.0849566
0.0237174
0.0193902
0.077491
0.282375
0.283175
0.154779
0.0923874
0.271512
0.283175
0.0779388
0.0427686
0.283175
0.283175
0.0962918
0.0757883
0.0563023
0.0867206
0.0988267
0.0773164
0.0455549
0.113021
0.201585
0.283175
0.172778
0.24109
0.198818
0.13204
0.0538707
0.0477713
0.12426
0.283175
0.135965
0.0552
0.082871
0.0658741
0.105653
0.116708
0.0500889
0.0451325
0.283175
0.080364
0.156437
0.14176
0.173473
0.174522
0.188228
0.149775
0.204774
0.0930149
0.0709181
0.0987044
0.0795073
0.260212
0.260212
0.260212
0.0928171
0.152123
0.13721
0.0801834
0.130359
0.178641
0.183035
0.260212
0.244698
0.132374
0.0741589
0.138077
0.0856249
0.0458976
0.0455824
0.149236
0.260212
0.260212
0.190381
0.170393
0.110322
0.064445
0.105428
0.108386
0.255688
0.255688
0.255688
0.10892
0.161375
0.134995
0.0565599
0.138857
0.182457
0.255688
0.255688
0.202391
0.0867301
0.117985
0.107471
0.10839
0.0801478
0.0767508
0.177591
0.255688
0.255688
0.157857
0.117952
0.0844862
0.0576182
0.105642
0.126233
0.174074
0.229446
0.2467
0.167873
0.112756
0.113171
0.0683087
0.139987
0.184481
0.204745
0.228787
0.202106
0.0879188
0.128051
0.118455
0.0666861
0.0788579
0.145232
0.223697
0.228787
0.18957
0.147389
0.114018
0.0945098
0.0661508
0.148591
0.173845
0.180355
0.228787
0.228787
0.126453
0.0912762
0.108387
0.0633571
0.155615
0.150781
0.228787
0.228787
0.228787
0.2048
0.149858
0.228787
0.0981912
0.0832437
0.150769
0.188041
0.227616
0.195059
0.129281
0.100025
0.102316
0.0848892
0.0635302
0.187523
0.184247
0.227616
0.188834
0.219414
0.111451
0.126425
0.0621369
0.155039
0.18251
0.227616
0.227616
0.227616
0.149121
0.169364
0.201809
0.0329101
0.207123
0.223234
0.227616
0.203585
0.144098
0.166607
0.0837379
0.055082
0.199444
0.106252
0.0841716
0.192115
0.289826
0.0954757
0.127138
0.119756
0.248996
0.212751
0.0902461
0.0256727
0.0839547
0.230315
0.034001
0.03611
0.0401321
0.287024
0.289826
0.0911542
0.0108276
0.289826
0.289826
0.0176661
0.0285191
0.0905249
0.289826
0.196648
0.149633
0.0272767
0.043599
0.181812
0.0512057
0.0223942
0.0785713
0.242705
0.279225
0.118337
0.069085
0.136644
0.287956
0.0187622
0.023581
0.0421554
0.287956
0.287956
0.0743257
0.0984962
0.0974203
0.079742
0.0250682
0.0223242
0.0732908
0.287956
0.262525
0.173264
0.028927
0.0818536
0.287956
0.0390101
0.0260177
0.0749471
0.287956
0.287956
0.0548923
0.0189073
0.0900191
0.210749
0.0293433
0.0232359
0.0969245
0.287956
0.314244
0.161205
0.249691
0.220286
0.13179
0.0564786
0.0570973
0.12431
0.314244
0.124309
0.0534259
0.0658541
0.0598871
0.11452
0.110342
0.0444838
0.0391306
0.293292
0.314244
0.107665
0.0489602
0.187778
0.314244
0.0537727
0.0560133
0.118634
0.314244
0.142489
0.0696841
0.0615061
0.0746937
0.113346
0.0479546
0.0218307
0.060447
0.256755
0.0872722
0.138593
0.163344
0.199243
0.229788
0.229788
0.159444
0.0816697
0.142749
0.0753017
0.0496193
0.0872912
0.182158
0.229788
0.229788
0.229788
0.167103
0.113392
0.122355
0.166916
0.157571
0.216726
0.229788
0.151867
0.0913505
0.0984572
0.190844
0.0622821
0.145589
0.218512
0.17219
0.229788
0.229788
0.134015
0.102628
0.138104
0.134076
0.0954634
0.12502
0.2126
0.227772
0.227772
0.218444
0.123677
0.0864437
0.10392
0.163938
0.148875
0.203723
0.227772
0.227772
0.140648
0.147599
0.141176
0.078896
0.1263
0.163523
0.161557
0.227772
0.227772
0.171878
0.116644
0.195137
0.0394652
0.167297
0.159752
0.163767
0.227772
0.208506
0.121079
0.083088
0.11148
0.117407
0.188068
0.195259
0.177807
0.23617
0.23617
0.0942668
0.118461
0.133728
0.0814413
0.157935
0.157718
0.23617
0.23617
0.23617
0.190365
0.155099
0.23617
0.0419912
0.171887
0.124659
0.137848
0.228798
0.167617
0.112782
0.0729477
0.110675
0.0531791
0.150714
0.158283
0.1622
0.204938
0.193629
0.154754
0.127716
0.125129
0.0766908
0.1546
0.195157
0.231511
0.231511
0.231511
0.150077
0.169382
0.212327
0.0262465
0.198781
0.231511
0.231511
0.231511
0.198214
0.13072
0.116105
0.0774548
0.0490339
0.176693
0.166879
0.211842
0.231511
0.159268
0.110916
0.0978446
0.0896283
0.0429309
0.16112
0.111745
0.228987
0.198876
0.119614
0.135739
0.0984766
0.0908915
0.291807
0.060871
0.0097139
0.291807
0.291807
0.00141165
0.0238949
0.083091
0.291807
0.1613
0.11964
0.0232834
0.04122
0.186781
0.03891
0.0215159
0.0679661
0.216787
0.211326
0.0802448
0.104065
0.291807
0.291807
0.177727
0.202953
0.125306
0.291807
0.127524
0.116151
0.0713038
0.0838163
0.183421
0.109075
0.0929635
0.0646578
0.104777
0.241448
0.150144
0.0221131
0.088518
0.275118
0.0343738
0.0260045
0.0754728
0.275118
0.275118
0.0487779
0.0157848
0.0979977
0.231014
0.0241218
0.0226803
0.0963302
0.275118
0.217334
0.165297
0.0656436
0.120677
0.275118
0.161037
0.116597
0.0869133
0.172208
0.274084
0.0571141
0.00994026
0.147066
0.268898
0.0340816
0.136906
0.103342
0.275118
0.309266
0.0745024
0.0357377
0.177556
0.309266
0.0408147
0.0464941
0.105577
0.309266
0.0989667
0.0428316
0.0427454
0.0626956
0.0970734
0.0604611
0.0275369
0.0531847
0.211126
0.309266
0.0864786
0.0346187
0.207883
0.309266
0.0636747
0.142749
0.114399
0.309266
0.059055
0.0160731
0.0265286
0.224557
0.309266
0.161773
0.0571842
0.0407365
0.152124
0.0472662
0.070539
0.0768292
0.129838
0.15187
0.117976
0.0729917
0.0578297
0.0677565
0.0301167
0.0664746
0.11416
0.13537
0.120733
0.156894
0.106415
0.054573
0.0529544
0.0230529
0.0255673
0.0693505
0.391845
0.409398
0.285879
0.0551361
0.0352376
0.0219321
0.00586635
0.0180676
0.027848
0.284971
0.409398
0.398707
0.0518899
0.0358304
0.0164916
0.0389344
0.0529457
0.0847358
0.117317
0.0948908
0.138976
0.125196
0.0577393
0.0654426
0.0325551
0.0968653
0.0807087
0.102241
0.109624
0.093227
0.0566015
0.0458102
0.0520386
0.00532022
0.0165601
0.0334734
0.338306
0.419534
0.419534
0.0731668
0.0380625
0.0197121
0.0212724
0.0645133
0.0449961
0.419534
0.419534
0.167121
0.0591426
0.0423823
0.00607253
0.0391657
0.0969549
0.0784599
0.0933839
0.128242
0.0987721
0.0718932
0.0573705
0.0652888
0.0314641
0.0725827
0.084365
0.109173
0.125247
0.119748
0.105631
0.0961778
0.071328
0.0214897
0.0670842
0.0527893
0.465308
0.465308
0.221394
0.0866813
0.0675792
0.00893551
0.0239151
0.0601736
0.0851237
0.306327
0.465308
0.141284
0.0475919
0.0654525
0.0648292
0.0338252
0.0937466
0.105736
0.153607
0.188275
0.123828
0.0949757
0.0819128
0.0524595
0.0307245
0.0963496
0.0795289
0.168908
0.218122
0.0991871
0.0718934
0.0837813
0.0500896
0.0226124
0.0641855
0.0865892
0.314133
0.47258
0.161221
0.0546977
0.0665983
0.0518806
0.0180112
0.0695724
0.0682842
0.381578
0.47258
0.116539
0.0362958
0.0510525
0.0481388
0.197346
0.0663575
0.0827905
0.279579
0.279579
0.141542
0.120457
0.0847584
0.279579
0.0986662
0.0882307
0.0486154
0.0712054
0.182924
0.0717092
0.055777
0.0512869
0.0986884
0.279579
0.179664
0.152293
0.185292
0.279579
0.210364
0.0890044
0.113765
0.279579
0.149609
0.157923
0.108693
0.211053
0.279579
0.0509781
0.0446547
0.0822343
0.109187
0.168005
0.119068
0.048485
0.122395
0.26104
0.10508
0.0762644
0.0776158
0.173338
0.193576
0.0461176
0.0301197
0.111056
0.244628
0.0618926
0.102555
0.132361
0.26104
0.194115
0.174922
0.0979036
0.26104
0.26104
0.113189
0.0925854
0.165443
0.255445
0.120885
0.0337642
0.0565683
0.160802
0.24388
0.0595988
0.208488
0.242694
0.26104
0.153572
0.0450902
0.0360213
0.122531
0.274482
0.0533713
0.0822743
0.100934
0.301356
0.0257722
0.00564017
0.0149067
0.115877
0.301356
0.10967
0.0352024
0.0303577
0.0801631
0.0989509
0.0288625
0.0592263
0.152635
0.301356
0.0838185
0.18201
0.190976
0.301356
0.0224499
0.0195079
0.0459762
0.301356
0.301356
0.245899
0.0514151
0.216162
0.237035
0.00536409
0.00655694
0.0214256
0.135245
0.376809
0.111359
0.025734
0.0130753
0.00176905
0.000958865
0.0029336
0.00701355
0.0983392
0.376809
0.156201
0.0293214
0.0147846
0.00216527
0.00901766
0.0183961
0.0463726
0.376809
0.376809
0.279538
0.031507
0.178626
0.155524
0.00128824
0.0115824
0.0173316
0.153255
0.376809
0.246371
0.0138815
0.010285
0.0092396
0.00136757
0.0036567
0.0105316
0.126751
0.387131
0.171442
0.0432165
0.0168106
0.00218241
0.010833
0.0261321
0.0173019
0.147361
0.387131
0.0998038
0.0283722
0.0190422
0.00109384
0.00584229
0.0220961
0.0172441
0.180619
0.387131
0.301063
0.0119366
0.00808477
0.00526515
0.0490958
0.123375
0.051327
0.319869
0.387131
0.261012
0.0331654
0.0240294
0.0461483
0.00975063
0.022274
0.0176135
0.152429
0.356704
0.111925
0.0393058
0.0281376
0.00234314
0.00939325
0.0216593
0.0305574
0.0923002
0.356704
0.0924319
0.021457
0.0281699
0.0278862
0.0544453
0.142195
0.0571803
0.356704
0.356704
0.291209
0.0309997
0.0260133
0.0507
0.0146243
0.00877981
0.0397112
0.356704
0.356704
0.213066
0.0610555
0.0768122
0.0680114
0.00784976
0.0197979
0.0281326
0.0941296
0.391158
0.0929535
0.0221996
0.0257621
0.0195129
0.00651368
0.0252602
0.0232775
0.101229
0.391158
0.0863489
0.0121721
0.0207133
0.0162382
0.0114957
0.0133722
0.042672
0.391158
0.391158
0.218787
0.0620696
0.077688
0.0708084
0.00152396
0.000298028
0.0050921
0.288247
0.391158
0.216215
0.00530193
0.0115057
0.00010016
0.282239
0.167358
0.148612
0.183747
0.282239
0.19186
0.0526976
0.0855716
0.282239
0.11631
0.138805
0.0877558
0.199561
0.282239
0.0299698
0.0335562
0.0658944
0.10668
0.282239
0.0778855
0.0637874
0.212323
0.282239
0.0358502
0.0222417
0.0839405
0.282239
0.0847756
0.0827515
0.06071
0.213909
0.282239
0.0257786
0.0387534
0.0292471
0.0579349
0.140349
0.141694
0.0800835
0.299516
0.299516
0.0597464
0.0705844
0.122118
0.23179
0.142595
0.0312493
0.066842
0.137182
0.178634
0.0855022
0.153221
0.212693
0.299516
0.129076
0.0979349
0.0810488
0.299516
0.299516
0.0308273
0.0363144
0.0603112
0.0703038
0.224636
0.017061
0.0441798
0.0909606
0.0959395
0.028264
0.0749622
0.256044
0.299516
0.130506
0.0316252
0.0737302
0.147246
0.247891
0.10234
0.161898
0.183866
0.311887
0.0233391
0.0165267
0.0459381
0.311887
0.311887
0.225647
0.0356158
0.156398
0.194194
0.193322
0.0281076
0.0559487
0.0896883
0.150493
0.0420156
0.0673895
0.235073
0.311887
0.0524395
0.0260905
0.043685
0.166647
0.311887
0.158668
0.0461911
0.0847056
0.134572
0.00832613
0.0178012
0.0492752
0.359096
0.376745
0.26394
0.0252133
0.125228
0.120167
0.00155392
0.0131128
0.0168394
0.153615
0.376745
0.291894
0.0226726
0.0181049
0.0219052
0.0349112
0.0471701
0.0687052
0.159095
0.376745
0.164212
0.0455426
0.0579943
0.0623071
0.0821173
0.0990899
0.0470549
0.0543405
0.227
0.18271
0.107246
0.168768
0.12263
0.00374398
0.020306
0.0223969
0.1849
0.377676
0.343256
0.0230031
0.0144445
0.0135948
0.0288604
0.0847413
0.0562266
0.290807
0.377676
0.28877
0.0630155
0.0460356
0.0437795
0.0698053
0.105852
0.10236
0.0737526
0.265572
0.207665
0.101176
0.148244
0.104304
0.0834301
0.0912811
0.0853112
0.0788393
0.140839
0.107899
0.182685
0.212904
0.214505
0.0331909
0.105362
0.0782025
0.34479
0.34479
0.307272
0.0491275
0.0351604
0.0405428
0.0119789
0.0140453
0.0450573
0.34479
0.34479
0.247216
0.0557563
0.0572268
0.0449546
0.0886985
0.156049
0.159713
0.120886
0.173644
0.12355
0.144634
0.140864
0.141579
0.0997903
0.110977
0.0931745
0.129112
0.251212
0.157491
0.0908156
0.0819812
0.0741043
0.0101965
0.0215309
0.0562604
0.390969
0.390969
0.234386
0.0480676
0.0535769
0.0452844
0.00131585
0.000609405
0.00631718
0.280424
0.390969
0.267329
0.0102315
0.0101105
0
0.117695
0.157384
0.113161
0.150957
0.24875
0.163296
0.0762498
0.0484423
0.0443598
0.00819303
0.021247
0.0738681
0.136979
0.305378
0.169083
0.0676876
0.0307905
0.0133437
0.315062
0.0741306
0.0579059
0.193952
0.315062
0.0409617
0.0298928
0.0613864
0.315062
0.0696355
0.0791777
0.0520384
0.210329
0.315062
0.0247765
0.0418769
0.0266296
0.0580434
0.315062
0.139422
0.0996617
0.134133
0.219812
0.0191576
0.0177967
0.115241
0.315062
0.0927383
0.0910599
0.0812463
0.184827
0.315062
0.0430036
0.0387449
0.054252
0.119352
0.0889439
0.0868855
0.0667704
0.300693
0.328352
0.0176379
0.0330286
0.0427581
0.0484328
0.23594
0.0114206
0.0219516
0.109726
0.10903
0.0385044
0.0713526
0.213031
0.328352
0.0691779
0.117344
0.146618
0.295486
0.328352
0.0309294
0.0298889
0.0473719
0.045089
0.328352
0.0393345
0.0170595
0.121665
0.224138
0.0334673
0.0400339
0.0987913
0.328352
0.251323
0.0261219
0.0469584
0.124359
0.192546
0.05771
0.0813451
0.24008
0.341196
0.054319
0.0238766
0.0419934
0.225588
0.341196
0.137656
0.0388901
0.0543109
0.124178
0.341196
0.040232
0.0245386
0.119616
0.267048
0.0466941
0.0471761
0.113226
0.341196
0.0253833
0.0230128
0.0267446
0.135525
0.341196
0.0728617
0.02586
0.0129628
0.0726087
0.0441461
0.0609663
0.0947415
0.285702
0.344134
0.204256
0.0500786
0.0356933
0.0582667
0.0919312
0.124555
0.0670138
0.182122
0.344134
0.282383
0.125189
0.209635
0.157645
0.00287866
0.0275506
0.0396094
0.17005
0.344134
0.105818
0.0436617
0.0118035
0.00364028
0.0393345
0.0127485
0.0582103
0.23536
0.344134
0.122327
0.0802329
0.0912264
0.143392
0.0554883
0.101046
0.0929717
0.133012
0.27834
0.229775
0.0857716
0.130704
0.0924714
0.0523521
0.0743899
0.0908745
0.119469
0.260568
0.140992
0.222227
0.20058
0.161328
0.104903
0.0633464
0.0523206
0.242222
0.27834
0.0844656
0.0611745
0.102735
0.120399
0.16174
0.0987697
0.0590733
0.27834
0.27834
0.0839943
0.129272
0.27834
0.27834
0.0594511
0.137606
0.172267
0.162086
0.288572
0.140277
0.175343
0.143043
0.108525
0.0735129
0.0841743
0.0888994
0.165068
0.288572
0.157769
0.0805651
0.0585462
0.0443095
0.258825
0.163433
0.0707335
0.288572
0.288572
0.0753314
0.134004
0.288572
0.288572
0.018725
0.0411759
0.0731357
0.1943
0.288572
0.0406398
0.0388193
0.0152435
0.0267607
0.134825
0.184799
0.176559
0.285967
0.321982
0.227869
0.0892573
0.0432501
0.0321012
0.00821827
0.0241247
0.0953049
0.275157
0.321982
0.250474
0.0848237
0.0310468
0.0146211
0.0316677
0.0713618
0.10385
0.280142
0.321982
0.0696981
0.0572725
0.015018
0.0164769
0.0297022
0.0503177
0.0602468
0.279076
0.321982
0.0879086
0.0292517
0.0526871
0.0201167
