0.121438
0.211294
0.157926
0.159433
0.218341
0.218341
0.111105
0.0812577
0.120386
0.10456
0.177039
0.1485
0.218341
0.218341
0.195813
0.151965
0.0837743
0.09324
0.0917855
0.162699
0.109678
0.184851
0.218341
0.155508
0.114981
0.218341
0.207313
0.133072
0.218341
0.160899
0.218341
0.218341
0.086023
0.169199
0.149161
0.151417
0.118808
0.19352
0.172381
0.203806
0.198895
0.150193
0.115486
0.0806309
0.115909
0.137178
0.153126
0.104535
0.201025
0.23128
0.150405
0.222946
0.23128
0.23128
0.134415
0.183703
0.145579
0.214101
0.23128
0.109622
0.159536
0.141414
0.10151
0.105334
0.0885574
0.0883496
0.154772
0.23128
0.198453
0.0922956
0.129295
0.215584
0.127507
0.172123
0.109196
0.188414
0.228957
0.122217
0.161994
0.218166
0.228957
0.064997
0.183931
0.175385
0.214263
0.228957
0.228957
0.219109
0.196865
0.154284
0.102868
0.0937851
0.0788517
0.138212
0.228957
0.152832
0.105248
0.10192
0.124927
0.0726594
0.178661
0.130293
0.228957
0.228957
0.131726
0.143355
0.102127
0.13431
0.0607363
0.165884
0.189656
0.226369
0.226369
0.226369
0.19118
0.183768
0.140103
0.202724
0.226369
0.119814
0.108692
0.226369
0.218815
0.145085
0.100502
0.161552
0.073681
0.172834
0.130773
0.226369
0.189183
0.116578
0.156493
0.115488
0.137442
0.0908686
0.220563
0.171043
0.172437
0.166596
0.137829
0.130312
0.107302
0.115671
0.186289
0.18896
0.131591
0.151207
0.215019
0.215019
0.152316
0.13687
0.215019
0.0827856
0.165291
0.195342
0.215019
0.215019
0.215019
0.0668839
0.168767
0.188124
0.0880529
0.169559
0.152862
0.200237
0.187304
0.16715
0.166328
0.15362
0.175088
0.0770695
0.130029
0.0963784
0.18579
0.164674
0.215019
0.112177
0.115543
0.136204
0.0884298
0.172202
0.215516
0.215516
0.215516
0.215516
0.0838102
0.160372
0.184299
0.0871413
0.194295
0.124123
0.200945
0.215516
0.171147
0.189677
0.101417
0.155572
0.0808934
0.116411
0.0943602
0.210104
0.215516
0.215516
0.143031
0.141722
0.131858
0.0853575
0.181855
0.135519
0.162614
0.151438
0.18778
0.21117
0.20211
0.0996346
0.100914
0.22408
0.129957
0.189107
0.22408
0.154768
0.174153
0.101956
0.152245
0.125411
0.22408
0.104552
0.167368
0.22408
0.22408
0.22408
0.17597
0.172593
0.0696958
0.179623
0.139872
0.18536
0.216529
0.184303
0.219619
0.177892
0.065466
0.0995011
0.138435
0.0852626
0.177291
0.191171
0.163519
0.157047
0.133631
0.0545952
0.0953205
0.187559
0.132447
0.161539
0.210245
0.17712
0.114149
0.205939
0.200086
0.15858
0.210245
0.156547
0.210245
0.210245
0.10412
0.133008
0.11276
0.129812
0.0786562
0.0815706
0.13554
0.20246
0.210245
0.142078
0.123796
0.149456
0.165093
0.163241
0.210245
0.178293
0.190195
0.210245
0.183224
0.167558
0.16849
0.161642
0.155692
0.196958
0.160692
0.218108
0.21845
0.120658
0.154078
0.115695
0.0927135
0.0879776
0.080373
0.115055
0.157097
0.21845
0.21845
0.102845
0.115634
0.21845
0.190834
0.21845
0.20237
0.201431
0.21845
0.15131
0.147695
0.166178
0.141771
0.15745
0.153761
0.172357
0.0899367
0.21845
0.194644
0.208217
0.110259
0.0564888
0.0899604
0.0931234
0.10661
0.165677
0.231141
0.208232
0.153108
0.13444
0.161822
0.0957086
0.231141
0.156769
0.231141
0.231141
0.159893
0.187346
0.124304
0.171955
0.159285
0.140081
0.142205
0.0969206
0.21438
0.125121
0.144798
0.130883
0.062182
0.0965574
0.231141
0.231141
0.197975
0.231141
0.231141
0.123103
0.131608
0.0857176
0.0896623
0.214156
0.146445
0.214156
0.214156
0.161216
0.169015
0.150481
0.173355
0.173814
0.214156
0.204498
0.169591
0.190154
0.151155
0.137782
0.140188
0.141086
0.0912556
0.214156
0.187743
0.179198
0.214156
0.179807
0.118033
0.165079
0.133661
0.0802658
0.176094
0.161921
0.112677
0.202467
0.170646
0.139609
0.149013
0.120437
0.128356
0.177739
0.164882
0.184691
0.205104
0.182184
0.132724
0.187625
0.198675
0.0967206
0.132234
0.123658
0.157749
0.172137
0.205104
0.17213
0.162311
0.177498
0.0805981
0.110189
0.11009
0.113441
0.176732
0.17727
0.170877
0.168753
0.188357
0.17537
0.205104
0.205104
0.156461
0.195726
0.112523
0.205104
0.205104
0.151582
0.0875474
0.145381
0.117817
0.191872
0.209155
0.209155
0.18327
0.187814
0.158934
0.103422
0.181383
0.138775
0.197509
0.206691
0.154343
0.209155
0.209155
0.13793
0.174183
0.206098
0.172687
0.14657
0.209155
0.146168
0.209155
0.209155
0.178238
0.135544
0.150868
0.0875324
0.114485
0.139073
0.125681
0.158338
0.157502
0.0925182
0.104071
0.213208
0.158408
0.213208
0.213208
0.158651
0.213208
0.210033
0.105427
0.112693
0.201641
0.111191
0.189763
0.213208
0.213208
0.213208
0.21024
0.079543
0.104461
0.184814
0.0955013
0.162649
0.211995
0.160873
0.177558
0.169651
0.0907849
0.0798007
0.181414
0.137283
0.18471
0.180851
0.120678
0.151417
0.132399
0.115014
0.0741506
0.093205
0.139435
0.163352
0.160714
0.122357
0.130105
0.173862
0.163442
0.172495
0.217038
0.13557
0.138597
0.195149
0.18801
0.138774
0.127307
0.129448
0.116626
0.147654
0.210822
0.217038
0.217038
0.217038
0.195162
0.217038
0.217038
0.127385
0.167752
0.125134
0.17967
0.217038
0.217038
0.0997921
0.119158
0.144141
0.220284
0.220284
0.203119
0.203633
0.220284
0.187487
0.137659
0.1358
0.126109
0.165135
0.176881
0.217175
0.101209
0.220284
0.183911
0.206251
0.107783
0.0424567
0.172544
0.197573
0.157919
0.209985
0.220284
0.220284
0.129722
0.169945
0.185572
0.102549
0.0828913
0.0895571
0.125287
0.125867
0.148921
0.12594
0.124403
0.0590337
0.171344
0.184393
0.212608
0.145129
0.233144
0.139398
0.171301
0.16358
0.0667857
0.14305
0.233144
0.233144
0.233144
0.233144
0.233144
0.166431
0.185898
0.110492
0.0927077
0.093595
0.133711
0.192198
0.134688
0.16453
0.134101
0.119683
0.052866
0.100059
0.0867343
0.121532
0.216664
0.233144
0.172489
0.157359
0.0866173
0.145633
0.113783
0.216609
0.165672
0.212013
0.216609
0.204705
0.136634
0.215088
0.163633
0.121591
0.179716
0.17864
0.133631
0.216609
0.168589
0.147568
0.169892
0.180328
0.0710748
0.0913781
0.133077
0.216609
0.216609
0.167975
0.136084
0.0723444
0.095985
0.0845245
0.176717
0.216609
0.188648
0.216609
0.1581
0.164872
0.135758
0.0855262
0.0887174
0.107577
0.124808
0.123819
0.21053
0.175595
0.155987
0.171058
0.21053
0.147857
0.21053
0.21053
0.158545
0.179732
0.13761
0.21053
0.21053
0.193528
0.0721476
0.124076
0.186941
0.180836
0.201929
0.165253
0.161547
0.138848
0.0877099
0.0846279
0.21053
0.21053
0.119344
0.208522
0.11333
0.131146
0.21053
0.162154
0.134683
0.21047
0.191646
0.158719
0.206549
0.137086
0.21047
0.21047
0.186269
0.148909
0.16123
0.0907658
0.135969
0.15897
0.107524
0.177488
0.153417
0.125008
0.0818052
0.21047
0.21047
0.157136
0.21047
0.155974
0.152926
0.202759
0.147841
0.0588572
0.126809
0.146158
0.126554
0.196766
0.21047
0.20731
0.154064
0.163989
0.137139
0.213055
0.120716
0.194103
0.213055
0.125608
0.20714
0.161576
0.121437
0.0856023
0.201238
0.134864
0.189214
0.188678
0.113903
0.173837
0.146995
0.13143
0.0726111
0.181845
0.199013
0.208208
0.213055
0.213055
0.213055
0.13665
0.137995
0.0637545
0.0978811
0.213055
0.213055
0.213055
0.0950955
0.10479
0.141373
0.184688
0.107672
0.182145
0.19846
0.209005
0.207792
0.21166
0.192671
0.21166
0.21166
0.0959504
0.14964
0.150681
0.134747
0.21166
0.201515
0.092803
0.100806
0.0979514
0.17429
0.21166
0.0900606
0.206683
0.21166
0.194182
0.140564
0.199116
0.0991564
0.0854203
0.183142
0.167014
0.115656
0.187049
0.151064
0.163073
0.134815
0.0937563
0.141015
0.195466
0.206343
0.165758
0.220709
0.220709
0.129912
0.141449
0.134652
0.112479
0.102371
0.0910349
0.121622
0.174535
0.138649
0.0912512
0.109126
0.0520227
0.115604
0.220709
0.220709
0.131377
0.220709
0.18643
0.220709
0.188691
0.156977
0.149722
0.175172
0.220709
0.189475
0.220709
0.195452
0.109691
0.131063
0.162045
0.109172
0.118848
0.135335
0.192765
0.175278
0.156953
0.10813
0.121825
0.0834766
0.105123
0.0992814
0.0862185
0.215291
0.2166
0.151914
0.158603
0.145446
0.129453
0.170693
0.2166
0.2166
0.211669
0.2166
0.2166
0.176064
0.154142
0.2166
0.0503556
0.0856265
0.145013
0.14707
0.2166
0.188127
0.2166
0.180781
0.210158
0.0867331
0.114496
0.122104
0.217257
0.217257
0.175966
0.144257
0.128999
0.126173
0.089595
0.202501
0.217257
0.209744
0.217257
0.161394
0.169152
0.178793
0.111898
0.0692504
0.103269
0.141752
0.163633
0.207755
0.152481
0.217257
0.141672
0.206292
0.111539
0.159124
0.167972
0.163919
0.217257
0.217257
0.172916
0.139183
0.155113
0.0705019
0.136291
0.195579
0.216042
0.216042
0.176097
0.15857
0.1628
0.106003
0.083899
0.216042
0.216042
0.142745
0.216042
0.143605
0.163008
0.216042
0.199723
0.125716
0.183044
0.162244
0.162895
0.216042
0.197605
0.11574
0.119138
0.0865532
0.135203
0.163031
0.160332
0.216042
0.188545
0.11521
0.0957357
0.141033
0.177979
0.0823258
0.210467
0.210467
0.17346
0.210467
0.180912
0.177575
0.210467
0.170913
0.0562701
0.128279
0.171737
0.173889
0.210467
0.207642
0.210467
0.174025
0.18074
0.147407
0.186646
0.172959
0.205451
0.153519
0.141886
0.126733
0.157153
0.154038
0.10593
0.133763
0.128966
0.118679
0.14837
0.191579
0.171231
0.129731
0.129962
0.0792485
0.187069
0.212327
0.212327
0.212327
0.212327
0.212327
0.145684
0.164409
0.0716384
0.116743
0.204509
0.212327
0.212327
0.100027
0.14494
0.156176
0.212228
0.133561
0.133385
0.132881
0.122377
0.162368
0.212327
0.212327
0.197866
0.153987
0.191854
0.172989
0.119371
0.133836
0.176486
0.11608
0.0920325
0.137661
0.123576
0.158411
0.211497
0.112582
0.193337
0.211497
0.204487
0.186365
0.20283
0.122039
0.0841543
0.205099
0.210057
0.104793
0.1365
0.137446
0.16087
0.133272
0.102817
0.164174
0.211497
0.118943
0.146121
0.181929
0.211497
0.168872
0.181837
0.166954
0.159596
0.190653
0.123877
0.139031
0.211497
0.13671
0.20644
0.128948
0.114859
0.0981515
0.213212
0.213212
0.103168
0.151902
0.151182
0.197299
0.163602
0.140833
0.135309
0.149127
0.185994
0.17028
0.213212
0.183271
0.100209
0.106245
0.13053
0.177874
0.213212
0.157645
0.187572
0.213212
0.114027
0.188598
0.146185
0.163262
0.0605798
0.0999352
0.186694
0.213212
0.213212
0.188275
0.176293
0.156293
0.16193
0.165195
0.184424
0.203801
0.169196
0.208968
0.187679
0.145643
0.126116
0.208968
0.0522854
0.0972308
0.117347
0.127419
0.177419
0.129855
0.208968
0.208968
0.14105
0.0807706
0.119192
0.197227
0.208968
0.208968
0.187818
0.200741
0.161556
0.183319
0.047462
0.123196
0.155297
0.208968
0.181861
0.135658
0.177931
0.196851
0.147485
0.0936595
0.127352
0.124404
0.138967
0.174514
0.107138
0.208856
0.203894
0.208856
0.103155
0.163304
0.124216
0.138293
0.208856
0.208856
0.16776
0.172724
0.148175
0.0850005
0.168011
0.188301
0.208856
0.184905
0.1285
0.195299
0.201087
0.155281
0.0689983
0.137258
0.138204
0.123188
0.208856
0.208856
0.208856
0.183069
0.200643
0.134772
0.208956
0.147742
0.161199
0.216156
0.168104
0.118519
0.145378
0.115533
0.122354
0.190562
0.162903
0.216156
0.211589
0.110562
0.0981914
0.14513
0.199355
0.0984192
0.167878
0.183563
0.120548
0.20914
0.177856
0.157667
0.16185
0.199112
0.141951
0.216156
0.216156
0.216156
0.210101
0.0467273
0.0651128
0.109032
0.199802
0.13862
0.211232
0.177659
0.211232
0.185794
0.13709
0.111494
0.142203
0.179448
0.101454
0.113182
0.12519
0.143898
0.151717
0.188395
0.174896
0.125585
0.127508
0.154959
0.211232
0.211232
0.211232
0.188115
0.0493251
0.0578043
0.113658
0.207988
0.211232
0.211232
0.211232
0.138557
0.138894
0.168458
0.186906
0.160372
0.211232
0.123711
0.117542
0.128703
0.132524
0.181002
0.20672
0.20672
0.167962
0.152407
0.159532
0.196654
0.149747
0.153418
0.183845
0.125585
0.144792
0.111749
0.136188
0.20672
0.20672
0.200143
0.119136
0.169835
0.196967
0.20672
0.190805
0.20672
0.120043
0.152263
0.118603
0.195556
0.1677
0.176849
0.20672
0.159523
0.0933621
0.174533
0.214291
0.14399
0.158265
0.176675
0.214291
0.214291
0.214291
0.196657
0.174539
0.214291
0.148775
0.140219
0.214291
0.152692
0.214291
0.132393
0.146662
0.0674034
0.147809
0.163552
0.175564
0.123841
0.16485
0.13312
0.134171
0.0720912
0.116996
0.089389
0.128356
0.214291
0.214291
0.18169
0.205804
0.139025
0.0756801
0.172117
0.215745
0.172957
0.18197
0.205217
0.113833
0.188525
0.132285
0.173792
0.0866201
0.0812942
0.179139
0.215745
0.215745
0.163372
0.211439
0.170627
0.176214
0.0909202
0.0911112
0.170046
0.215745
0.215745
0.211858
0.176699
0.141806
0.101317
0.105741
0.121969
0.0933803
0.187654
0.215745
0.215745
0.133527
0.111635
0.114889
0.104918
0.101295
0.173057
0.22455
0.22455
0.152832
0.193812
0.143341
0.164377
0.0659006
0.127644
0.132386
0.190304
0.171132
0.132835
0.16124
0.22455
0.138163
0.11183
0.125025
0.125091
0.214435
0.22455
0.22455
0.174849
0.101934
0.116749
0.119779
0.22455
0.128259
0.114966
0.22455
0.22455
0.22455
0.0904416
0.153428
0.106594
0.177029
0.169816
0.188471
0.184217
0.127038
0.165581
0.228362
0.155222
0.0692194
0.143285
0.12102
0.128391
0.228362
0.17798
0.188919
0.173028
0.173389
0.156226
0.228362
0.166176
0.145357
0.228362
0.228362
0.228362
0.100154
0.168513
0.116753
0.120583
0.101743
0.13732
0.220147
0.141102
0.123169
0.144677
0.14561
0.103357
0.186385
0.174432
0.136451
0.219594
0.163537
0.166341
0.162317
0.203397
0.136073
0.208688
0.219594
0.219594
0.219594
0.0553168
0.0889832
0.132784
0.198112
0.133197
0.146809
0.119715
0.165734
0.211099
0.118184
0.100749
0.12935
0.147152
0.111117
0.207358
0.219594
0.108979
0.17427
0.133256
0.202865
0.219594
0.139597
0.129538
0.20304
0.208444
0.208444
0.197993
0.057879
0.0810619
0.117569
0.185272
0.158469
0.16255
0.193706
0.157389
0.161953
0.193502
0.208444
0.136923
0.150547
0.101991
0.20557
0.208444
0.126447
0.137043
0.11586
0.16823
0.208444
0.126896
0.0974923
0.204449
0.208444
0.207828
0.151364
0.121876
0.20572
0.131045
0.16765
0.164241
0.192948
0.201121
0.148858
0.199871
0.207815
0.207815
0.138179
0.156818
0.083765
0.134924
0.155183
0.198683
0.169775
0.19182
0.207815
0.131631
0.110082
0.121091
0.207815
0.207815
0.207815
0.143711
0.142297
0.207815
0.135366
0.172513
0.0935147
0.128435
0.169251
0.109049
0.126422
0.15756
0.191273
0.194546
0.136875
0.0942007
0.200012
0.138067
0.188878
0.173834
0.191109
0.154422
0.201077
0.113744
0.123587
0.118178
0.128904
0.211312
0.211312
0.174904
0.211312
0.17236
0.0912081
0.111321
0.177458
0.142259
0.173538
0.211312
0.174678
0.092254
0.139422
0.148543
0.16984
0.211312
0.132466
0.136292
0.211312
0.208987
0.211312
0.179611
0.0985664
0.0838277
0.0995238
0.147853
0.221144
0.221144
0.176678
0.194439
0.147253
0.105532
0.126409
0.122636
0.110397
0.210262
0.221144
0.180366
0.154891
0.125505
0.130136
0.144445
0.155092
0.130992
0.18795
0.221144
0.182352
0.174963
0.132204
0.10233
0.129942
0.167598
0.221144
0.221144
0.148857
0.118441
0.221144
0.221144
0.145341
0.118957
0.121647
0.134795
0.217395
0.217395
0.171414
0.162622
0.103183
0.109039
0.0996307
0.197559
0.192277
0.138654
0.217395
0.216472
0.217395
0.0979106
0.150447
0.0979312
0.142606
0.217395
0.217395
0.137512
0.0990182
0.217395
0.217395
0.15546
0.0622437
0.191075
0.217395
0.201013
0.122445
0.140551
0.212904
0.12529
0.0746153
0.143697
0.228828
0.228828
0.1829
0.228828
0.228828
0.228828
0.127574
0.178505
0.109199
0.121226
0.123759
0.151805
0.212529
0.127169
0.115995
0.152019
0.161262
0.0900256
0.228828
0.228828
0.20453
0.154854
0.172071
0.228828
0.203858
0.131953
0.0723746
0.0852062
0.11024
0.100131
0.109637
0.0992876
0.156024
0.149864
0.155299
0.135876
0.166079
0.152055
0.192018
0.224441
0.127347
0.131573
0.170106
0.182883
0.110554
0.194756
0.224441
0.111218
0.220802
0.170957
0.224441
0.224441
0.126853
0.0883742
0.131429
0.121966
0.0925403
0.132615
0.106641
0.224441
0.224441
0.221932
0.0872876
0.173149
0.134401
0.202825
0.177906
0.178613
0.13097
0.173566
0.0696366
0.0951196
0.178741
0.217112
0.131982
0.164889
0.148062
0.213548
0.217112
0.117453
0.0788619
0.198946
0.217112
0.217112
0.217112
0.160955
0.217112
0.14442
0.100827
0.0660604
0.188827
0.110739
0.123087
0.155784
0.156016
0.133839
0.172353
0.0835738
0.0282939
0.12424
0.217112
0.18732
0.217112
0.156817
0.182606
0.217112
0.161869
0.088901
0.200062
0.207826
0.209564
0.19041
0.152507
0.209564
0.116039
0.100966
0.0749637
0.126408
0.18703
0.111008
0.120473
0.159086
0.150707
0.176671
0.139984
0.040759
0.159628
0.186999
0.163091
0.209564
0.16844
0.175246
0.209564
0.186503
0.103449
0.186388
0.207848
0.209564
0.209564
0.195096
0.133553
0.14847
0.175493
0.129413
0.182152
0.103726
0.154189
0.212008
0.183813
0.10618
0.160433
0.167091
0.143047
0.212008
0.105086
0.175849
0.212008
0.143433
0.212008
0.187676
0.107186
0.190857
0.177251
0.134537
0.212008
0.191413
0.162977
0.212008
0.100288
0.150966
0.0856433
0.154191
0.140005
0.182463
0.190128
0.12765
0.159423
0.212008
0.169171
0.131979
0.183711
0.107135
0.202424
0.217097
0.146249
0.217097
0.146315
0.110953
0.106188
0.200675
0.217097
0.217097
0.147899
0.0982683
0.217097
0.217097
0.145419
0.0813847
0.14001
0.115389
0.19493
0.159321
0.112209
0.181107
0.169754
0.162734
0.112852
0.217097
0.217097
0.217097
0.0807754
0.114608
0.196901
0.141591
0.134322
0.10587
0.203055
0.225521
0.225521
0.162607
0.115438
0.225521
0.225521
0.190661
0.0710903
0.168929
0.225521
0.225521
0.108123
0.153875
0.189391
0.14837
0.110445
0.12103
0.220065
0.225521
0.225521
0.0731504
0.119556
0.225521
0.127211
0.148828
0.0655206
0.128392
0.0954963
0.125645
0.173867
0.10461
0.116181
0.165631
0.160692
0.108429
0.230188
0.230188
0.230188
0.171434
0.214304
0.230188
0.230188
0.201209
0.0836549
0.0920793
0.146483
0.105016
0.122572
0.11533
0.178199
0.19949
0.220065
0.076425
0.131396
0.131711
0.174133
0.213962
0.145924
0.203427
0.230188
0.171038
0.0831874
0.103686
0.0919477
0.0960779
0.0675922
0.0766048
0.124338
0.230188
0.188499
0.0948529
0.137284
0.147446
0.0891656
0.153664
0.129591
0.220067
0.220067
0.220067
0.0992389
0.179361
0.168584
0.220067
0.216877
0.213309
0.160451
0.168892
0.0878043
0.101268
0.0936145
0.133146
0.148834
0.103727
0.109033
0.19494
0.220067
0.167236
0.0985379
0.187507
0.220067
0.220067
0.220067
0.101029
0.115452
0.220067
0.159119
0.0905725
0.179789
0.125873
0.14279
0.177927
0.167898
0.161368
0.1562
0.0983456
0.0437567
0.118036
0.19617
0.182767
0.215476
0.196147
0.204311
0.210629
0.151097
0.093934
0.166408
0.201353
0.215476
0.215476
0.121829
0.0933481
0.188159
0.121097
0.157005
0.119624
0.144855
0.19211
0.18293
0.193768
0.132084
0.215476
0.215476
0.0640192
0.13543
0.143872
0.15365
0.208609
0.172909
0.164983
0.179531
0.159419
0.123524
0.198938
0.19453
0.208609
0.208609
0.183595
0.126571
0.166938
0.161643
0.175306
0.153634
0.155485
0.208609
0.161109
0.165653
0.11299
0.161579
0.185043
0.208609
0.137623
0.110221
0.208609
0.152143
0.0844833
0.151227
0.208609
0.16792
0.185752
0.156718
0.120972
0.209568
0.171897
0.156306
0.171288
0.118357
0.123203
0.128467
0.18505
0.143591
0.212488
0.198395
0.105589
0.171062
0.200848
0.162653
0.106964
0.12711
0.096603
0.167094
0.211283
0.130743
0.141148
0.0872176
0.065255
0.105573
0.223648
0.223648
0.173816
0.223648
0.223648
0.223648
0.223648
0.0833619
0.109887
0.168727
0.117062
0.211438
0.182348
0.110224
0.207832
0.162292
0.159753
0.10392
0.223643
0.223643
0.1905
0.0973566
0.131969
0.220646
0.11395
0.155624
0.0922722
0.223643
0.223643
0.160945
0.223643
0.223643
0.223643
0.186921
0.0751733
0.0624792
0.143293
0.114153
0.0948912
0.139538
0.122876
0.129144
0.166927
0.223643
0.139976
0.224272
0.224272
0.224272
0.126486
0.186977
0.224272
0.132533
0.224272
0.112555
0.155547
0.098326
0.148454
0.187259
0.144314
0.136281
0.193589
0.224272
0.11559
0.183535
0.125811
0.135817
0.224272
0.17217
0.12722
0.156182
0.224272
0.101621
0.16398
0.158525
0.0992678
0.142307
0.101986
0.158276
0.152534
0.162095
0.12091
0.136909
0.136216
0.197993
0.208363
0.173212
0.20337
0.208363
0.208363
0.119022
0.106123
0.118538
0.0997227
0.0926318
0.10584
0.148487
0.208363
0.208363
0.146473
0.208363
0.208363
0.132674
0.199047
0.154045
0.163085
0.155132
0.193372
0.0887791
0.208004
0.11724
0.140263
0.208363
0.208363
0.193063
0.170067
0.119592
0.130989
0.0885436
0.146545
0.144039
0.12288
0.127212
0.206464
0.21685
0.178512
0.128484
0.167334
0.21685
0.21685
0.21685
0.11824
0.13396
0.21685
0.177479
0.0877101
0.175921
0.115995
0.144524
0.21685
0.21685
0.214002
0.190906
0.145143
0.0957499
0.169707
0.125866
0.21685
0.21685
0.111509
0.136602
0.128108
0.135083
0.133694
0.150915
0.190851
0.210386
0.210386
0.12325
0.129473
0.166524
0.142961
0.132677
0.129168
0.165504
0.176282
0.162748
0.210386
0.177807
0.210386
0.210386
0.101618
0.149955
0.118606
0.207773
0.210386
0.117769
0.146799
0.0949141
0.141443
0.0782947
0.210386
0.158892
0.173307
0.191641
0.204205
0.200188
0.190432
0.107015
0.161943
0.157719
0.165039
0.203741
0.137949
0.162637
0.147678
0.154701
0.170027
0.186294
0.160224
0.11874
0.203741
0.155868
0.102139
0.157613
0.203741
0.156103
0.0846623
0.171081
0.143413
0.146805
0.180163
0.19564
0.203741
0.195382
0.15996
0.133473
0.161868
0.148963
0.199458
0.169279
0.145981
0.15827
0.203741
0.203741
0.11362
0.146653
0.100871
0.14755
0.205529
0.111395
0.12196
0.0882915
0.0672913
0.147215
0.223955
0.223955
0.165251
0.223955
0.223955
0.223955
0.211952
0.0915698
0.0352701
0.199563
0.223955
0.223955
0.223955
0.155869
0.222109
0.146791
0.0765916
0.0752365
0.164598
0.170571
0.164443
0.178463
0.191312
0.169117
0.125532
0.0666768
0.142209
0.221254
0.221254
0.195471
0.221254
0.221254
0.221254
0.20492
0.082326
0.0727586
0.153783
0.102738
0.0918814
0.190959
0.178988
0.144555
0.169638
0.221254
0.0864226
0.184202
0.220262
0.189139
0.156624
0.175635
0.197525
0.132375
0.0663506
0.0920989
0.119507
0.0678206
0.0673145
0.157944
0.216387
0.190971
0.166414
0.152071
0.121828
0.194291
0.111155
0.130766
0.217152
0.217152
0.153072
0.182291
0.217152
0.118651
0.189028
0.151716
0.10097
0.158814
0.127463
0.168621
0.146594
0.184006
0.100787
0.20639
0.118251
0.112283
0.20295
0.217152
0.217152
0.178599
0.197227
0.0912748
0.191999
0.181674
0.101344
0.15771
0.167478
0.137979
0.178498
0.183367
0.162044
0.209753
0.180387
0.122105
0.179967
0.141573
0.150882
0.143719
0.196769
0.104582
0.166194
0.124184
0.168832
0.209316
0.199642
0.197821
0.180999
0.138881
0.112608
0.209753
0.20552
0.122966
0.121795
0.209367
0.165276
0.160934
0.167518
0.126067
0.209753
0.0904787
0.171996
0.209753
0.135846
0.173125
0.175247
0.124967
0.099196
0.143542
0.121877
0.156794
0.212715
0.205103
0.20556
0.199655
0.142261
0.101969
0.161681
0.101908
0.212715
0.212715
0.109526
0.114433
0.131838
0.123228
0.187069
0.212715
0.102431
0.192214
0.212715
0.140214
0.198692
0.177908
0.127293
0.177502
0.212715
0.0908848
0.212715
0.212715
0.0763762
0.118445
0.157569
0.212715
0.106342
0.149778
0.113318
0.169797
0.222128
0.109402
0.151908
0.12344
0.133934
0.0461004
0.222128
0.207401
0.172189
0.19577
0.209788
0.222128
0.202833
0.108683
0.184565
0.18186
0.084404
0.180058
0.222128
0.0986296
0.14982
0.179303
0.222128
0.059148
0.149892
0.0862053
0.0949489
0.177936
0.178849
0.154381
0.222128
0.222128
0.0567786
0.17361
0.188416
0.138628
0.173103
0.17206
0.207167
0.207167
0.174181
0.120682
0.207167
0.190265
0.186503
0.175383
0.166507
0.173045
0.207167
0.207167
0.0497395
0.123017
0.0852406
0.0825692
0.165879
0.152722
0.118687
0.207167
0.207167
0.203319
0.207167
0.207167
0.149575
0.174612
0.104633
0.133491
0.147171
0.143254
0.0587459
0.226074
0.226074
0.226074
0.226074
0.177625
0.226074
0.190947
0.134639
0.106033
0.194188
0.200791
0.21115
0.215423
0.1905
0.19828
0.153031
0.0999529
0.127249
0.126025
0.0881361
0.109944
0.173848
0.12397
0.11231
0.128804
0.158792
0.0871312
0.226074
0.166567
0.10381
0.134615
0.127216
0.141293
0.224654
0.108107
0.120539
0.215702
0.215702
0.215702
0.203796
0.186962
0.188251
0.161889
0.0970478
0.0772842
0.134985
0.0894565
0.103044
0.215702
0.215702
0.202998
0.201196
0.135947
0.107422
0.215702
0.187088
0.138214
0.137297
0.12875
0.163819
0.215702
0.166246
0.144725
0.215702
0.0907057
0.135152
0.153066
0.109539
0.194265
0.185732
0.109856
0.0746547
0.166587
0.121828
0.119081
0.210909
0.210909
0.210909
0.19321
0.138328
0.094049
0.163597
0.17215
0.108365
0.176834
0.169154
0.138114
0.17435
0.189021
0.17831
0.210909
0.0893992
0.167365
0.184242
0.132071
0.209293
0.17916
0.129197
0.133788
0.0947165
0.125151
0.19495
0.210909
0.171374
0.161395
0.210909
0.210909
0.111365
0.210388
0.183755
0.126835
0.131666
0.171813
0.165853
0.158808
0.159102
0.110305
0.210388
0.101518
0.187926
0.210388
0.0988336
0.157768
0.128317
0.145718
0.172586
0.104242
0.115068
0.210388
0.210388
0.17422
0.158115
0.200157
0.200331
0.0906051
0.165104
0.198718
0.210388
0.19145
0.20918
0.16455
0.163514
0.136016
0.149484
0.215359
0.135035
0.215359
0.215359
0.0950675
0.192168
0.159829
0.134284
0.143743
0.215359
0.116412
0.215359
0.215359
0.0832671
0.106749
0.165347
0.18708
0.129363
0.183348
0.191725
0.215359
0.215359
0.204936
0.156481
0.181743
0.129814
0.161467
0.172838
0.108773
0.133675
0.164142
0.113576
0.139384
0.140346
0.12598
0.136904
0.174791
0.119004
0.177328
0.227098
0.0968912
0.12804
0.211146
0.175826
0.0540163
0.154535
0.0947189
0.094048
0.199213
0.211011
0.156128
0.227098
0.227098
0.129844
0.1185
0.0926748
0.150054
0.227098
0.126296
0.13888
0.167269
0.144549
0.145329
0.202585
0.0758447
0.169986
0.227098
0.149671
0.155801
0.227098
0.227098
0.044894
0.136782
0.106861
0.0855631
0.1907
0.184413
0.133126
0.22222
0.22222
0.20281
0.22222
0.22222
0.139046
0.19642
0.113908
0.13067
0.167158
0.161128
0.107467
0.17225
0.0531846
0.159495
0.22222
0.149102
0.151193
0.22222
0.22222
0.121116
0.22222
0.157168
0.0995744
0.13792
0.0953091
0.22222
0.126956
0.192127
0.156628
0.186364
0.101336
0.142188
0.171878
0.154908
0.148779
0.165843
0.201357
0.107703
0.216099
0.190072
0.142893
0.192273
0.135263
0.17087
0.216099
0.136568
0.119073
0.158462
0.114727
0.172809
0.216099
0.216099
0.141532
0.183752
0.10677
0.124993
0.216099
0.148167
0.125609
0.216099
0.1734
0.139317
0.216099
0.134306
0.109188
0.219946
0.172067
0.139856
0.182274
0.14707
0.176547
0.219946
0.155856
0.132105
0.219946
0.105758
0.174734
0.211392
0.112611
0.179003
0.199026
0.106358
0.0934306
0.18209
0.12899
0.1197
0.207815
0.206303
0.161225
0.219946
0.144173
0.0987683
0.0932586
0.219946
0.205373
0.219946
0.15184
0.154797
0.131916
0.0916998
0.148027
0.215403
0.0960517
0.174769
0.215456
0.134358
0.181414
0.180354
0.11613
0.128539
0.0815741
0.126916
0.174545
0.215456
0.173138
0.162334
0.215456
0.204902
0.0964354
0.0933995
0.215456
0.153254
0.215456
0.120392
0.188436
0.174353
0.115816
0.135931
0.100622
0.215456
0.178136
0.154109
0.16017
0.215456
0.215456
0.102202
0.159367
0.0989295
0.145174
0.189254
0.215963
0.169265
0.157305
0.215963
0.188536
0.102923
0.147147
0.212242
0.215963
0.184369
0.183164
0.181166
0.141959
0.154685
0.136828
0.135014
0.205946
0.141913
0.151432
0.156748
0.215963
0.215963
0.138314
0.086719
0.0721341
0.108734
0.190309
0.198339
0.15236
0.159789
0.149047
0.163849
0.121594
0.180194
0.212604
0.212604
0.212604
0.167025
0.157976
0.145137
0.137887
0.156957
0.143866
0.15548
0.170405
0.173758
0.128651
0.147436
0.14833
0.111074
0.111782
0.102931
0.122374
0.19122
0.212604
0.151732
0.12835
0.145936
0.17873
0.212604
0.144955
0.146817
0.212604
0.212604
0.212571
0.212604
0.162435
0.123849
0.112882
0.0993822
0.138999
0.146966
0.205505
0.117858
0.122949
0.157298
0.120977
0.132895
0.158229
0.0702753
0.163109
0.214765
0.159996
0.134873
0.204984
0.214765
0.214765
0.137837
0.178465
0.184858
0.214765
0.161487
0.179138
0.181753
0.146464
0.104406
0.156932
0.151495
0.214765
0.191274
0.21102
0.209647
0.0884777
0.214765
0.112242
0.143889
0.0743996
0.174873
0.221688
0.181885
0.14848
0.220642
0.221688
0.1074
0.210806
0.173429
0.125781
0.183463
0.134076
0.215821
0.125494
0.160784
0.106966
0.16124
0.19263
0.221688
0.217079
0.203546
0.182678
0.122485
0.221688
0.080297
0.115334
0.147074
0.221688
0.183505
0.0819988
0.0949664
0.0715176
0.1788
0.0977299
0.15167
0.117165
0.156895
0.211565
0.190424
0.161111
0.18057
0.0789914
0.147565
0.207312
0.119662
0.149653
0.19102
0.184281
0.156668
0.212937
0.113919
0.0974689
0.124447
0.130527
0.142226
0.168368
0.1309
0.130056
0.188373
0.137985
0.212937
0.212931
0.212937
0.212937
0.212937
0.148673
0.153524
0.212937
0.177763
0.0973717
0.176376
0.099788
0.11978
0.176028
0.203321
0.156968
0.211192
0.113216
0.118241
0.104731
0.186552
0.152039
0.211192
0.147609
0.13301
0.126629
0.0944166
0.192286
0.202507
0.189095
0.202382
0.211192
0.199944
0.142233
0.211192
0.181888
0.180302
0.180417
0.211192
0.196599
0.211192
0.0865993
0.104974
0.127903
0.154391
0.0960838
0.100772
0.176671
0.116294
0.200403
0.114139
0.145553
0.146538
0.106679
0.11522
0.0836077
0.203279
0.133234
0.131204
0.153636
0.229208
0.228034
0.101513
0.171746
0.149263
0.168594
0.204171
0.229208
0.109867
0.120016
0.137343
0.206195
0.129074
0.132846
0.187364
0.143083
0.229208
0.229208
0.229208
0.229208
0.17703
0.0973777
0.105096
0.203227
0.111075
0.138661
0.139476
0.218623
0.213289
0.10248
0.10894
0.0610503
0.101139
0.136898
0.166638
0.139196
0.139954
0.137273
0.14979
0.113194
0.137367
0.218623
0.183348
0.218623
0.218623
0.218623
0.218623
0.19127
0.0780578
0.171154
0.218623
0.142963
0.218623
0.218623
0.130031
0.218623
0.161257
0.13613
0.0963867
0.147213
0.15184
0.214405
0.156705
0.130033
0.132101
0.171047
0.193048
0.113589
0.158618
0.218707
0.218707
0.188342
0.198882
0.144049
0.114866
0.108367
0.204711
0.218707
0.179775
0.218707
0.218707
0.116223
0.203224
0.182497
0.084015
0.102405
0.181949
0.16314
0.156218
0.153075
0.204911
0.155868
0.0661553
0.21509
0.131487
0.21509
0.213597
0.21509
0.166922
0.181401
0.172241
0.165614
0.0904205
0.140388
0.17282
0.21509
0.193427
0.21509
0.204933
0.0896152
0.21509
0.118709
0.101904
0.134755
0.142664
0.165437
0.181499
0.21509
0.138331
0.0867727
0.0741267
0.182809
0.144208
0.121636
0.21509
0.21326
0.154468
0.0734676
0.068659
0.114776
0.139921
0.22397
0.230618
0.230618
0.230618
0.187214
0.119486
0.230618
0.105611
0.107838
0.15027
0.230618
0.230618
0.135795
0.0872756
0.0981675
0.182931
0.089251
0.160753
0.122019
0.188387
0.230618
0.159716
0.142023
0.118478
0.106553
0.035256
0.0615535
0.0985987
0.230618
0.230618
0.219549
0.199578
0.113839
0.0597997
0.0897238
0.138075
0.154082
0.133299
0.155895
0.113698
0.143701
0.190929
0.115152
0.216909
0.216909
0.216909
0.216909
0.216909
0.203667
0.182926
0.216909
0.136281
0.103784
0.122385
0.142036
0.120657
0.212944
0.113518
0.10096
0.168896
0.195216
0.216909
0.126864
0.133329
0.127345
0.216909
0.0991511
0.216909
0.127841
0.187131
0.178171
0.207631
0.191516
0.174779
0.209453
0.208323
0.153818
0.209453
0.154234
0.182831
0.166583
0.19305
0.154286
0.209453
0.0978614
0.0894443
0.141404
0.159511
0.192887
0.172364
0.127679
0.101021
0.209453
0.107111
0.209453
0.118719
0.126459
0.0786864
0.187203
0.172621
0.14831
0.209453
0.162645
0.136878
0.166288
0.133159
0.15932
0.13481
0.159812
0.155833
0.21708
0.109944
0.110967
0.148419
0.192301
0.121424
0.118104
0.186325
0.107259
0.21708
0.21708
0.21708
0.21708
0.176886
0.0841454
0.21708
0.179684
0.152211
0.21708
0.195727
0.148364
0.16094
0.12014
0.130131
0.0498819
0.174643
0.176297
0.135613
0.15319
0.21708
0.153834
0.174071
0.106055
0.12824
0.210931
0.1484
0.210931
0.210931
0.210931
0.205368
0.166189
0.099322
0.136952
0.198051
0.12144
0.201796
0.210931
0.136685
0.210931
0.175969
0.107123
0.0770032
0.171129
0.165438
0.118357
0.197898
0.193209
0.130103
0.156342
0.0377002
0.110588
0.192497
0.149294
0.182592
0.1871
0.210931
0.210931
0.0657423
0.13864
0.187292
0.224234
0.170242
0.19622
0.224234
0.147047
0.198724
0.208792
0.0451593
0.0889922
0.152419
0.148513
0.186423
0.153477
0.200425
0.134625
0.0432258
0.0420178
0.160671
0.224234
0.206097
0.224234
0.224234
0.224234
0.224234
0.0720113
0.0344511
0.13239
0.151332
0.210506
0.224234
0.093521
0.0945274
0.11314
0.0767503
0.0928429
0.114137
0.162253
0.162122
0.204282
0.192671
0.216984
0.131686
0.0677216
0.0730481
0.211477
0.18589
0.184137
0.216984
0.205821
0.165756
0.0983504
0.0531536
0.0574798
0.173012
0.205447
0.216984
0.216984
0.142853
0.108804
0.142367
0.109115
0.0571404
0.197686
0.216984
0.216984
0.216984
0.202544
0.216984
0.150712
0.0387453
0.0904866
0.15692
0.140114
0.210095
0.2282
0.139763
0.127123
0.107264
0.0815391
0.0585349
0.0925521
0.100812
0.2282
0.2282
0.226757
0.200156
0.113909
0.0682768
0.0649653
0.178274
0.2282
0.2282
0.155022
0.187465
0.184244
0.150447
0.06579
0.0962268
0.2282
0.2282
0.199386
0.178663
0.2282
0.2282
0.0778074
0.0808829
0.086175
0.120413
0.111345
0.111237
0.254748
0.254748
0.116041
0.1205
0.146217
0.141758
0.148385
0.165591
0.11192
0.254748
0.174041
0.194292
0.102798
0.161212
0.0085176
0.0437925
0.199477
0.252677
0.254748
0.254748
0.0872347
0.026272
0.0132586
0.0430692
0.0850169
0.18212
0.229972
0.254748
0.254748
0.204677
0.0803066
0.0736521
0.126668
0.187221
0.1659
0.0966232
0.241228
0.15576
0.196784
0.0967506
0.120824
0.0658989
0.169966
0.175661
0.13946
0.241228
0.163053
0.153051
0.161464
0.154311
0.0376179
0.0891912
0.195709
0.197859
0.241228
0.241228
0.17265
0.0660138
0.0404418
0.0291769
0.11834
0.131679
0.241228
0.241228
0.241228
0.241228
0.106889
0.0994901
0.0701195
0.198884
0.176283
0.143677
0.244428
0.185621
0.181043
0.153926
0.115384
0.123442
0.0617707
0.156836
0.17997
0.118957
0.156043
0.188217
0.1574
0.13493
0.0384443
0.0939071
0.118107
0.201871
0.244428
0.244428
0.244428
0.127897
0.10329
0.0683881
0.100209
0.109747
0.186725
0.244428
0.244428
0.244428
0.139397
0.123788
0.11984
0.0932325
0.153682
0.189876
0.141855
0.218055
0.198658
0.147084
0.128474
0.0577331
0.104118
0.192202
0.165529
0.154993
0.221788
0.236436
0.236436
0.0845602
0.0798715
0.0964942
0.11291
0.170086
0.236436
0.236436
0.236436
0.164798
0.14944
0.113505
0.0892722
0.0860914
0.172536
0.236436
0.210023
0.144482
0.192268
0.104233
0.066249
0.146604
0.219133
0.210213
0.185301
0.223376
0.223376
0.223376
0.0936021
0.0483245
0.144605
0.148328
0.177277
0.223376
0.140573
0.100091
0.101704
0.0846302
0.12921
0.113814
0.113681
0.202339
0.223376
0.190716
0.159567
0.223376
0.127765
0.0942673
0.173408
0.0949058
0.129249
0.223376
0.21273
0.197427
0.205558
0.112904
0.0437959
0.143274
0.175114
0.183004
0.220785
0.138236
0.0857997
0.0917261
0.0908666
0.0479937
0.207147
0.187678
0.220785
0.220785
0.137414
0.194049
0.108324
0.0624937
0.103515
0.184345
0.0944809
0.114879
0.2161
0.185946
0.193461
0.205633
0.113573
0.120375
0.220785
0.155467
0.193423
0.220785
0.220785
0.205871
0.170251
0.192399
0.0494333
0.189556
0.21148
0.21148
0.158084
0.132224
0.146453
0.101542
0.0718415
0.0822691
0.21148
0.196912
0.160944
0.163402
0.205586
0.21148
0.072763
0.0676244
0.115957
0.21148
0.16079
0.170148
0.210981
0.21148
0.180256
0.128741
0.169543
0.138087
0.21148
0.21148
0.147533
0.13158
0.166743
0.206727
0.21148
0.100874
