0.102121
0.196449
0.13145
0.168641
0.21932
0.158808
0.156745
0.119441
0.170711
0.161571
0.21193
0.151474
0.159986
0.21932
0.153706
0.0852241
0.159457
0.164514
0.0792671
0.132364
0.146094
0.21932
0.21932
0.148889
0.185212
0.21932
0.170195
0.0745615
0.21932
0.21932
0.158201
0.190404
0.123244
0.125061
0.159582
0.136724
0.143962
0.202363
0.143465
0.164865
0.210069
0.129714
0.0990747
0.183208
0.210069
0.14042
0.172945
0.159762
0.188137
0.210069
0.17582
0.159135
0.14929
0.179348
0.111421
0.210069
0.175268
0.175257
0.210069
0.120235
0.128235
0.188924
0.173378
0.138528
0.199135
0.195653
0.126027
0.12554
0.122778
0.174043
0.142764
0.153157
0.123738
0.194718
0.162391
0.194071
0.213551
0.150336
0.181708
0.140441
0.208087
0.137399
0.213551
0.196116
0.166147
0.213551
0.123021
0.108623
0.0695853
0.0821503
0.164909
0.175102
0.153821
0.144046
0.149069
0.112622
0.174943
0.179467
0.181853
0.144207
0.213551
0.208657
0.169512
0.213551
0.195359
0.176134
0.110707
0.0709948
0.119075
0.210376
0.193008
0.181686
0.210376
0.109033
0.0994943
0.0835206
0.0754042
0.0259854
0.129452
0.210376
0.203468
0.210376
0.209768
0.135155
0.10807
0.0528796
0.144579
0.210376
0.183707
0.182055
0.199834
0.161465
0.154227
0.166469
0.154635
0.16666
0.19252
0.210376
0.186684
0.127175
0.172404
0.159672
0.210376
0.188237
0.0167473
0.090599
0.178995
0.194554
0.212615
0.175699
0.134132
0.148871
0.0594467
0.102609
0.126776
0.191717
0.169084
0.212615
0.212615
0.212615
0.212615
0.161812
0.127977
0.151968
0.212615
0.175059
0.14006
0.139514
0.136778
0.212615
0.199379
0.0616808
0.185063
0.212615
0.110977
0.166381
0.134381
0.188868
0.212615
0.150489
0.071004
0.0773678
0.153991
0.159451
0.216853
0.216853
0.216853
0.216853
0.1739
0.0682492
0.0722329
0.177765
0.153167
0.155043
0.133596
0.175047
0.129693
0.127112
0.0352069
0.145117
0.195689
0.124875
0.212322
0.169864
0.19869
0.216853
0.153553
0.0606658
0.216853
0.216853
0.186017
0.216853
0.109192
0.183663
0.216853
0.137145
0.0464693
0.0454214
0.13838
0.154904
0.178292
0.120648
0.170313
0.142729
0.13708
0.136777
0.053044
0.0693903
0.142054
0.160354
0.0996598
0.134744
0.234793
0.266451
0.0595358
0.171955
0.172723
0.12138
0.208396
0.155725
0.208271
0.266451
0.150079
0.266451
0.100976
0.104442
0.0978491
0.251826
0.0814766
0.1253
0.266451
0.266451
0.0911541
0.202044
0.149008
0.22461
0.22461
0.157177
0.21878
0.22461
0.163971
0.0926525
0.22461
0.22461
0.164979
0.152745
0.108633
0.122199
0.14224
0.134038
0.138524
0.186604
0.140649
0.151344
0.22461
0.169546
0.195702
0.22461
0.119483
0.119964
0.133564
0.109765
0.0942216
0.203227
0.209269
0.140655
0.0891394
0.0894248
0.145033
0.215816
0.211038
0.192617
0.215816
0.119198
0.165591
0.191831
0.206474
0.167434
0.215816
0.215816
0.178012
0.155972
0.129376
0.174422
0.180112
0.198867
0.119426
0.128143
0.121538
0.119659
0.215816
0.206864
0.141906
0.114422
0.117086
0.138216
0.0944068
0.116879
0.159791
0.215816
0.215816
0.0965089
0.12024
0.0809021
0.18206
0.163361
0.18071
0.148814
0.156395
0.118024
0.193476
0.213413
0.213413
0.16375
0.213413
0.197331
0.213413
0.213413
0.173251
0.134957
0.135894
0.118877
0.108412
0.0909353
0.117761
0.125828
0.213413
0.192187
0.0927841
0.185098
0.116564
0.141555
0.213413
0.11651
0.213413
0.213413
0.137313
0.102398
0.167793
0.137229
0.149045
0.204948
0.157384
0.183624
0.160469
0.16124
0.129185
0.172677
0.154344
0.154961
0.186655
0.213698
0.170151
0.125114
0.212205
0.166971
0.182302
0.158842
0.11508
0.213698
0.0928105
0.190904
0.193904
0.124965
0.120233
0.206237
0.16789
0.138335
0.101851
0.0987685
0.137971
0.213698
0.213698
0.213698
0.123439
0.14771
0.117662
0.150989
0.212611
0.151596
0.158628
0.201354
0.156366
0.191584
0.154733
0.0774203
0.158733
0.209535
0.0912342
0.19353
0.150435
0.210168
0.212611
0.191931
0.102443
0.0795591
0.0614225
0.126134
0.203942
0.212611
0.212611
0.122723
0.154401
0.0610049
0.181826
0.212611
0.211656
0.212611
0.212611
0.159995
0.0975657
0.122224
0.049979
0.129462
0.209661
0.111721
0.212327
0.167074
0.212327
0.212327
0.184498
0.0847354
0.212327
0.190455
0.177998
0.212327
0.10385
0.179543
0.212327
0.139525
0.0526699
0.149259
0.17773
0.191489
0.212327
0.212327
0.197868
0.105471
0.135202
0.139144
0.198793
0.192278
0.167079
0.157788
0.12195
0.133395
0.0984666
0.105708
0.0819354
0.182257
0.15726
0.122377
0.229957
0.135483
0.204006
0.248932
0.141974
0.266158
0.0894856
0.0907127
0.0978736
0.266158
0.0776775
0.1346
0.266158
0.266158
0.116467
0.163266
0.187492
0.180557
0.137807
0.110848
0.158847
0.117224
0.112032
0.266158
0.111676
0.0927804
0.10194
0.136325
0.0363831
0.0603672
0.0676409
0.266158
0.147221
0.212193
0.189425
0.169338
0.212193
0.187622
0.212193
0.212193
0.139952
0.137218
0.155177
0.155934
0.113672
0.192258
0.212193
0.15293
0.0878484
0.093786
0.0838742
0.1475
0.206106
0.212193
0.212193
0.202825
0.117353
0.164569
0.166713
0.179702
0.162006
0.175225
0.204036
0.20321
0.151499
0.0562263
0.0735702
0.0451524
0.126133
0.137591
0.158179
0.129965
0.222173
0.203632
0.153149
0.110583
0.119515
0.157696
0.112954
0.107844
0.222173
0.222173
0.222173
0.0997048
0.125481
0.0825757
0.147328
0.154823
0.206683
0.222173
0.186765
0.190591
0.100903
0.107373
0.0720975
0.14092
0.214861
0.12337
0.222173
0.142843
0.173559
0.222173
0.222173
0.192065
0.107048
0.0807299
0.099094
0.158399
0.219728
0.170581
0.0954922
0.163023
0.114452
0.124726
0.1872
0.102375
0.219728
0.219728
0.136582
0.113929
0.182023
0.16627
0.0827652
0.159647
0.119686
0.20166
0.129612
0.18279
0.219728
0.219728
0.201538
0.0908229
0.219728
0.203722
0.219728
0.192376
0.103872
0.219728
0.218237
0.0784115
0.101279
0.154327
0.0807286
0.194395
0.202865
0.1369
0.13539
0.197107
0.172943
0.10497
0.0960088
0.129884
0.197004
0.216885
0.216885
0.173705
0.0952366
0.0905588
0.0608905
0.203438
0.171883
0.216885
0.203312
0.142104
0.216885
0.204561
0.0897661
0.0931492
0.102413
0.203853
0.216885
0.216885
0.18031
0.216885
0.189232
0.0829869
0.0979569
0.0932137
0.105001
0.181891
0.222236
0.222236
0.222236
0.122486
0.112473
0.0609791
0.126508
0.21043
0.222236
0.222236
0.222236
0.212157
0.113855
0.15701
0.0742495
0.110523
0.19968
0.222236
0.222236
0.21969
0.222236
0.170385
0.0686814
0.041432
0.110261
0.174464
0.222236
0.189907
0.10328
0.155235
0.102182
0.0651135
0.0713761
0.131023
0.204459
0.212232
0.212232
0.212232
0.212232
0.141304
0.17984
0.152133
0.212232
0.212232
0.171113
0.205482
0.192232
0.136037
0.103992
0.110934
0.0545378
0.115369
0.199653
0.212232
0.21186
0.125417
0.179525
0.111441
0.058541
0.115545
0.0935458
0.0662307
0.194063
0.202895
0.205027
0.204346
0.168577
0.112872
0.130243
0.195284
0.238286
0.192406
0.175163
0.156458
0.154905
0.117099
0.103344
0.283016
0.125444
0.0864961
0.0899081
0.159828
0.0632138
0.081738
0.0433372
0.283016
0.151741
0.119688
0.0838881
0.213475
0.198777
0.176321
0.190868
0.134636
0.100284
0.283016
0.157887
0.0607768
0.0899313
0.127407
0.109957
0.191578
0.175634
0.283016
0.0756549
0.165104
0.200492
0.214561
0.210597
0.177497
0.114559
0.164202
0.184448
0.167536
0.19689
0.200482
0.202832
0.211829
0.180811
0.0916489
0.0739049
0.0813497
0.0872056
0.151723
0.113709
0.208859
0.214561
0.143781
0.139895
0.176476
0.198638
0.15763
0.142365
0.140391
0.110854
0.214561
0.214561
0.171578
0.127687
0.16007
0.117425
0.177629
0.20305
0.218249
0.184529
0.162035
0.120994
0.100728
0.0896401
0.165388
0.210418
0.122467
0.211488
0.152673
0.160186
0.218249
0.218249
0.184324
0.102815
0.148284
0.14196
0.141246
0.218249
0.201743
0.154036
0.122007
0.132186
0.073272
0.163802
0.218249
0.218249
0.218249
0.192963
0.107031
0.118161
0.0909655
0.109491
0.147981
0.114392
0.213534
0.15985
0.153924
0.213534
0.213534
0.213534
0.089456
0.193576
0.169373
0.213534
0.213534
0.139802
0.213534
0.213233
0.101372
0.0613288
0.162936
0.190954
0.213534
0.213534
0.156399
0.107001
0.10702
0.0900206
0.0441075
0.151863
0.133576
0.213534
0.213534
0.12035
0.120683
0.194837
0.143759
0.06692
0.15811
0.142736
0.221846
0.221846
0.16285
0.221846
0.221846
0.116211
0.0570269
0.120503
0.221846
0.221846
0.221846
0.143364
0.215092
0.211573
0.0843703
0.0627635
0.145465
0.125483
0.203876
0.221846
0.123949
0.159178
0.15972
0.125864
0.117803
0.175624
0.14201
0.207294
0.221846
0.0987486
0.119872
0.133933
0.12779
0.0511946
0.145892
0.2312
0.2312
0.2312
0.183656
0.2312
0.229675
0.0792953
0.0407085
0.0967456
0.191742
0.2312
0.212427
0.125136
0.159576
0.132791
0.0908771
0.144788
0.144996
0.17346
0.2312
0.2312
0.107915
0.183828
0.15681
0.170344
0.0362546
0.090626
0.126932
0.103399
0.157388
0.117166
0.159496
0.203538
0.190824
0.0683693
0.124867
0.222608
0.222608
0.222608
0.155251
0.179541
0.136729
0.0999945
0.101428
0.105685
0.119262
0.222608
0.222608
0.222608
0.191624
0.217817
0.154857
0.0646752
0.1041
0.163999
0.138221
0.192671
0.115817
0.18426
0.204821
0.207389
0.118053
0.178006
0.0899946
0.108772
0.208288
0.136808
0.177597
0.200925
0.153351
0.114863
0.113098
0.127807
0.226501
0.23999
0.226963
0.155369
0.142256
0.119652
0.292444
0.159699
0.0700343
0.0961677
0.131659
0.127733
0.191392
0.16584
0.292444
0.112651
0.175539
0.10221
0.109747
0.157608
0.104257
0.146826
0.123027
0.0885691
0.292444
0.111554
0.0787622
0.128522
0.15753
0.124176
0.104133
0.162955
0.292444
0.082561
0.137682
0.103616
0.177854
0.225026
0.147048
0.133091
0.145386
0.182366
0.114241
0.172589
0.147224
0.102715
0.225026
0.225026
0.197478
0.140762
0.188731
0.118359
0.200325
0.166098
0.145131
0.202991
0.225026
0.129834
0.118926
0.206375
0.115661
0.193899
0.222514
0.201812
0.225026
0.129153
0.106289
0.140278
0.0948346
0.0908372
0.196878
0.153049
0.127855
0.226422
0.214847
0.196178
0.142772
0.168038
0.0764378
0.17504
0.226422
0.226422
0.226422
0.220256
0.0916433
0.0920721
0.117204
0.128174
0.202132
0.226422
0.178627
0.226422
0.126547
0.0871581
0.129674
0.154889
0.0722842
0.0884489
0.155616
0.155038
0.224834
0.116204
0.0646256
0.192393
0.191274
0.0827903
0.192202
0.217853
0.217853
0.217853
0.184543
0.112627
0.110652
0.133189
0.0539479
0.147637
0.141246
0.217853
0.217853
0.17365
0.167338
0.212393
0.185554
0.0940573
0.120058
0.17994
0.152314
0.193609
0.111036
0.0803796
0.179909
0.217853
0.0512985
0.217853
0.142736
0.136444
0.130045
0.184609
0.179876
0.214291
0.162899
0.0755613
0.145344
0.150883
0.221814
0.221814
0.151139
0.208524
0.203317
0.162731
0.133317
0.221814
0.172722
0.221814
0.221814
0.120058
0.133511
0.146537
0.18448
0.0631115
0.221814
0.167328
0.150994
0.113107
0.137257
0.180676
0.145706
0.107055
0.128919
0.221814
0.11888
0.194547
0.221814
0.198575
0.0577149
0.0943577
0.123602
0.155354
0.218703
0.213879
0.224186
0.224186
0.112953
0.188223
0.174432
0.202901
0.0567953
0.0991493
0.112698
0.132316
0.177336
0.148123
0.163592
0.224186
0.20438
0.142054
0.224186
0.147304
0.190788
0.217619
0.182476
0.0788247
0.10015
0.126861
0.130132
0.155298
0.0828776
0.133342
0.209537
0.224186
0.0753076
0.140675
0.140309
0.0752803
0.10697
0.145149
0.150164
0.214893
0.14038
0.17083
0.2156
0.188357
0.0984026
0.180107
0.127288
0.131399
0.215799
0.211629
0.187463
0.191204
0.14036
0.140089
0.14178
0.0959851
0.125238
0.184607
0.215799
0.116421
0.168972
0.175692
0.166655
0.182827
0.151427
0.164527
0.215799
0.215799
0.199194
0.169513
0.113573
0.0738659
0.155808
0.137234
0.12098
0.177855
0.138534
0.152625
0.115755
0.0843963
0.288035
0.088426
0.095455
0.144672
0.168553
0.108657
0.0929799
0.165712
0.288035
0.100255
0.140221
0.118806
0.152659
0.23917
0.225534
0.149184
0.153735
0.0925938
0.288035
0.114581
0.0593742
0.117461
0.277905
0.127136
0.0726312
0.193216
0.288035
0.11748
0.128007
0.178971
0.155592
0.209442
0.209584
0.116196
0.107168
0.187358
0.0810553
0.146298
0.201065
0.188196
0.228216
0.111644
0.104932
0.144128
0.0868319
0.101814
0.166257
0.228216
0.228216
0.220383
0.12648
0.206858
0.228216
0.202346
0.0671399
0.133121
0.175602
0.197591
0.228216
0.163358
0.119625
0.128189
0.117608
0.115743
0.169605
0.214558
0.18401
0.214558
0.137887
0.129237
0.175754
0.154398
0.0724311
0.0866181
0.15726
0.159544
0.203528
0.128697
0.101775
0.16728
0.162538
0.100969
0.159991
0.214558
0.211992
0.214558
0.198961
0.133128
0.168293
0.14156
0.198574
0.205142
0.147312
0.0725838
0.211557
0.161322
0.214558
0.152006
0.170016
0.0874123
0.108248
0.157432
0.146556
0.19127
0.12189
0.10808
0.158964
0.196052
0.0584574
0.181968
0.129276
0.124691
0.125955
0.171054
0.177534
0.205551
0.177378
0.207136
0.193156
0.156798
0.0851106
0.207136
0.160365
0.176582
0.162444
0.1603
0.191065
0.207136
0.168685
0.121703
0.207136
0.173703
0.207136
0.207136
0.207136
0.0792399
0.208431
0.162799
0.14978
0.142943
0.144827
0.189303
0.165715
0.124299
0.113139
0.208431
0.116805
0.198177
0.199714
0.194339
0.0904512
0.0786939
0.138167
0.179067
0.192999
0.147035
0.150843
0.208431
0.1866
0.208431
0.208431
0.208431
0.132297
0.157277
0.162757
0.185269
0.203927
0.105264
0.142727
0.138169
0.208431
0.139056
0.216036
0.1544
0.199541
0.205672
0.205081
0.114805
0.0910868
0.106269
0.14182
0.169101
0.0774853
0.152458
0.216036
0.216036
0.0913
0.140021
0.12144
0.155001
0.18237
0.15532
0.213003
0.216036
0.135382
0.198756
0.145947
0.216036
0.0991334
0.135875
0.137613
0.18991
0.216036
0.178788
0.17111
0.150523
0.161557
0.138129
0.150114
0.0924695
0.129212
0.206503
0.21824
0.126488
0.161083
0.127946
0.171678
0.167828
0.138898
0.149953
0.21824
0.21824
0.21824
0.151124
0.137658
0.135833
0.182501
0.134043
0.18653
0.21824
0.166045
0.1778
0.142064
0.141772
0.140784
0.16462
0.13954
0.202338
0.21824
0.184823
0.0551758
0.0951452
0.21824
0.100554
0.13792
0.131259
0.14295
0.220829
0.25431
0.160725
0.142447
0.104261
0.294398
0.0938051
0.0772687
0.107274
0.247508
0.108406
0.0712714
0.188881
0.294398
0.113475
0.133576
0.122147
0.157595
0.192547
0.153213
0.0491502
0.0737284
0.16258
0.294398
0.139896
0.0967008
0.109202
0.198669
0.135939
0.0856974
0.0677984
0.294398
0.117028
0.146854
0.220346
0.220346
0.208266
0.181477
0.192176
0.220346
0.198557
0.0646019
0.111162
0.166252
0.213864
0.220346
0.163163
0.144264
0.154615
0.103722
0.0948593
0.142618
0.179247
0.198688
0.220346
0.193732
0.184162
0.14836
0.165733
0.067361
0.0975238
0.125515
0.180618
0.220346
0.149943
0.138416
0.0849682
0.124881
0.093097
0.13348
0.199148
0.214457
0.214457
0.213798
0.179027
0.214457
0.139938
0.170823
0.183457
0.130382
0.101882
0.214457
0.200024
0.214457
0.157211
0.138286
0.0988046
0.129584
0.144488
0.214457
0.214457
0.18162
0.187998
0.100793
0.138443
0.0902406
0.144153
0.0792324
0.131308
0.214457
0.175796
0.117002
0.180797
0.140368
0.181925
0.171954
0.122586
0.107036
0.209491
0.176325
0.18656
0.15072
0.135724
0.150962
0.173639
0.165806
0.16218
0.209491
0.182694
0.202587
0.209491
0.209491
0.112198
0.156272
0.0975804
0.128656
0.188599
0.140627
0.124365
0.152405
0.127659
0.136839
0.209491
0.140957
0.204006
0.209491
0.209491
0.183865
0.130226
0.105181
0.159482
0.149148
0.123824
0.177115
0.206745
0.188341
0.183241
0.201357
0.206745
0.118858
0.146069
0.147741
0.147234
0.169842
0.121774
0.160046
0.117123
0.166876
0.148285
0.197371
0.135581
0.202123
0.206745
0.196768
0.188466
0.14533
0.121862
0.0873998
0.134692
0.206745
0.206664
0.206745
0.153602
0.145955
0.0953164
0.199056
0.140258
0.175682
0.136142
0.172339
0.21075
0.172326
0.204369
0.133145
0.173941
0.0942992
0.139659
0.0963266
0.146732
0.21075
0.143224
0.170079
0.131814
0.143082
0.123376
0.109005
0.21075
0.21075
0.21075
0.21075
0.167419
0.155116
0.21075
0.075358
0.210257
0.156953
0.203655
0.179176
0.168545
0.21075
0.107493
0.112727
0.132818
0.187884
0.114911
0.161376
0.213969
0.162629
0.175802
0.134255
0.144751
0.150027
0.148707
0.142265
0.182398
0.213969
0.213969
0.0638056
0.0942783
0.213969
0.121638
0.169457
0.13834
0.213969
0.210932
0.190137
0.189188
0.100711
0.134217
0.126945
0.18822
0.0959734
0.158922
0.213969
0.213969
0.213969
0.105321
0.172581
0.118662
0.13468
0.137658
0.153326
0.202525
0.159451
0.0507111
0.0698804
0.167553
0.304194
0.121911
0.103978
0.110061
0.188999
0.0983635
0.0873284
0.0940212
0.304194
0.135753
0.129781
0.0894123
0.144901
0.192316
0.225995
0.15884
0.0807515
0.152553
0.29231
0.0975338
0.14173
0.134338
0.158976
0.207857
0.0744513
0.177885
0.304194
0.0921605
0.167934
0.146796
0.211263
0.211263
0.211263
0.193187
0.164655
0.132429
0.079628
0.111034
0.125567
0.189559
0.211263
0.165515
0.203043
0.120363
0.121883
0.165574
0.211263
0.121557
0.190038
0.211263
0.119297
0.20405
0.161715
0.17191
0.180548
0.168113
0.0805822
0.134814
0.159008
0.141478
0.210679
0.11806
0.211263
0.0852978
0.132502
0.139317
0.198641
0.215193
0.188432
0.215193
0.143671
0.132671
0.0672886
0.147176
0.0855904
0.154904
0.213101
0.18255
0.15116
0.171779
0.149108
0.199867
0.215193
0.0782012
0.168295
0.193011
0.18153
0.215193
0.172612
0.215193
0.117206
0.136119
0.084962
0.215193
0.215193
0.155961
0.12188
0.193711
0.130327
0.0960299
0.186263
0.11839
0.169463
0.212259
0.150985
0.15021
0.16911
0.158823
0.153532
0.213102
0.187565
0.213102
0.213102
0.210363
0.172188
0.134695
0.165414
0.109939
0.150987
0.0857635
0.213102
0.213102
0.135856
0.145045
0.213102
0.135627
0.179246
0.15958
0.153914
0.103134
0.213102
0.161621
0.108643
0.115687
0.172369
0.170609
0.20618
0.153162
0.208711
0.208711
0.187577
0.148966
0.118991
0.174879
0.11449
0.15578
0.208711
0.208711
0.208711
0.193833
0.153091
0.0951533
0.208711
0.144222
0.189979
0.140187
0.0782048
0.190333
0.152004
0.118952
0.117336
0.162449
0.087783
0.208711
0.164464
0.144259
0.208711
0.111634
0.122849
0.187598
0.179649
0.128534
0.142116
0.211749
0.194627
0.211749
0.211749
0.157853
0.128234
0.211749
0.079791
0.195814
0.123489
0.159636
0.170629
0.144783
0.194865
0.132483
0.102862
0.0970572
0.211749
0.167285
0.176658
0.211749
0.139101
0.127709
0.211749
0.16862
0.124067
0.211749
0.117867
0.186844
0.188263
0.145314
0.114331
0.211749
0.111121
0.117279
0.176988
0.114628
0.161797
0.191989
0.169839
0.183551
0.139806
0.127081
0.127708
0.157902
0.088875
0.145616
0.217853
0.217853
0.212117
0.123139
0.147624
0.131291
0.217853
0.117721
0.217853
0.217853
0.140545
0.141551
0.217853
0.147637
0.0814648
0.162982
0.111407
0.217853
0.217853
0.126381
0.16958
0.202379
0.156711
0.138423
0.125783
0.0965256
0.13096
0.176222
0.200437
0.15219
0.0999965
0.13345
0.273957
0.0815065
0.125621
0.146259
0.175908
0.157874
0.0786798
0.178439
0.301339
0.0860284
0.143743
0.102029
0.142893
0.242417
0.122955
0.14219
0.167606
0.161475
0.301339
0.0579134
0.0943026
0.153934
0.191868
0.156433
0.0993146
0.130069
0.301339
0.157176
0.210656
0.135749
0.210656
0.210656
0.133142
0.210656
0.179385
0.138247
0.159797
0.153099
0.102403
0.166291
0.147683
0.16221
0.210656
0.136092
0.210656
0.14782
0.210656
0.172282
0.210656
0.0943409
0.0710585
0.210656
0.210656
0.183167
0.161637
0.145781
0.147621
0.175368
0.210656
0.102005
0.10302
0.122535
0.104726
0.157838
0.189631
0.0997969
0.168259
0.166843
0.196822
0.209131
0.187058
0.209131
0.103336
0.145712
0.0894037
0.209131
0.209131
0.162332
0.181206
0.170966
0.120032
0.196663
0.192249
0.19268
0.209131
0.209131
0.0915887
0.0868025
0.147033
0.108012
0.0817415
0.132058
0.100088
0.145331
0.186833
0.209131
0.209131
0.183424
0.144555
0.103772
0.173394
0.0988841
0.209445
0.209445
0.153787
0.204312
0.209445
0.124662
0.189046
0.152053
0.163158
0.106473
0.209445
0.11807
0.0915328
0.153573
0.182515
0.102971
0.185599
0.137224
0.176283
0.209445
0.209445
0.192302
0.184904
0.154707
0.0816931
0.165004
0.161093
0.141267
0.177159
0.199089
0.186944
0.159245
0.167403
0.174956
0.215658
0.154792
0.0962276
0.215658
0.135436
0.11221
0.163281
0.19009
0.118014
0.215658
0.194461
0.173631
0.215658
0.134061
0.140696
0.201839
0.215658
0.0943482
0.184079
0.144683
0.135718
0.212595
0.215658
0.186055
0.140964
0.14516
0.116652
0.215658
0.210001
0.117636
0.215658
0.124254
0.0955363
0.092488
0.0491645
0.0973259
0.216266
0.176665
0.164773
0.216266
0.149206
0.130839
0.216266
0.181957
0.142484
0.216266
0.148687
0.1593
0.181942
0.13061
0.135704
0.216266
0.130225
0.0900665
0.216266
0.169147
0.0971854
0.216266
0.180795
0.123939
0.0857939
0.0560917
0.0896973
0.216266
0.10645
0.119786
0.216266
0.213195
0.216266
0.180732
0.148605
0.137213
0.214001
0.151267
0.166354
0.193171
0.120356
0.15947
0.214001
0.145672
0.0968261
0.164185
0.107796
0.211612
0.214001
0.0958535
0.178982
0.214001
0.127718
0.0918437
0.203699
0.150974
0.116083
0.214001
0.214001
0.214001
0.188541
0.148332
0.0709482
0.126967
0.148269
0.170707
0.1677
0.131088
0.141132
0.214001
0.185142
0.108902
0.154777
0.106933
0.135754
0.187898
0.0921542
0.165027
0.201756
0.14517
0.301024
0.0653951
0.116637
0.188657
0.214091
0.122605
0.0891682
0.11229
0.301024
0.0828852
0.149597
0.160904
0.112811
0.136181
0.137759
0.116976
0.179384
0.146878
0.301024
0.120029
0.108067
0.136335
0.118692
0.174219
0.0474167
0.199906
0.301024
0.142179
0.196155
0.158249
0.207052
0.120935
0.110187
0.21343
0.173542
0.177524
0.110449
0.162157
0.171355
0.207216
0.21343
0.119561
0.100592
0.128496
0.108553
0.0851483
0.180048
0.163333
0.16402
0.21343
0.21343
0.21343
0.119989
0.21343
0.127308
0.18294
0.0990621
0.21343
0.21343
0.161707
0.133817
0.131323
0.169236
0.142288
0.191369
0.210007
0.212684
0.212684
0.10015
0.0934054
0.137811
0.10267
0.0576442
0.143173
0.114625
0.155843
0.204045
0.212684
0.212684
0.190874
0.0926288
0.138874
0.188668
0.127361
0.212684
0.212684
0.166484
0.126723
0.161744
0.189522
0.162871
0.179582
0.0967387
0.212684
0.212684
0.166873
0.182365
0.141531
0.121428
0.0908495
0.1801
0.147386
0.185568
0.211383
0.211383
0.211383
0.194381
0.115127
0.0905663
0.162495
0.140169
0.140959
0.195219
0.184468
0.19188
0.166567
0.127886
0.159516
0.187214
0.123517
0.211383
0.211383
0.192355
0.198165
0.158533
0.123695
0.0763425
0.210385
0.171551
0.194242
0.211383
0.106216
0.129194
0.104096
0.0912356
0.119527
0.188022
0.128476
0.150363
0.226546
0.226546
0.218026
0.171913
0.139587
0.137548
0.226546
0.203151
0.13119
0.226546
0.161811
0.12084
0.0605269
0.0513974
0.089292
0.207911
0.157039
0.204857
0.226546
0.146336
0.181084
0.15508
0.129292
0.124814
0.196153
0.134296
0.139559
0.226546
0.131126
0.138048
0.18326
0.0896735
0.0960818
0.21452
0.164779
0.107345
0.219524
0.215599
0.140684
0.0623008
0.0611798
0.124372
0.219524
0.147259
0.137091
0.219524
0.219524
0.219524
0.215541
0.172543
0.127165
0.1477
0.111885
0.125496
0.219524
0.142324
0.15103
0.209479
0.114928
0.156524
0.161677
0.0928841
0.206255
0.219524
0.193642
0.117263
0.178153
0.107053
0.118675
0.210942
0.191038
0.127487
0.210942
0.210942
0.210942
0.210942
0.164331
0.101803
0.175744
0.153644
0.142928
0.145355
0.136383
0.1856
0.210942
0.181915
0.147969
0.145244
0.105138
0.183579
0.210942
0.199248
0.135843
0.153386
0.103898
0.139719
0.120951
0.128372
0.172829
0.210942
0.210942
0.135915
0.127089
0.133404
0.103517
0.172423
0.161651
0.113703
0.109517
0.119465
0.150055
0.181331
0.139087
0.292685
0.129102
0.130058
0.154879
0.131585
0.141381
0.0557105
0.192493
0.292685
0.10288
0.100902
0.116008
0.158506
0.221557
0.150599
0.136219
0.0952576
0.0911837
0.292685
0.0868628
0.0933315
0.15164
0.178966
0.161233
0.150207
0.23431
0.292685
0.0822122
0.143114
0.155092
0.140826
0.224329
0.224329
0.208734
0.103007
0.185725
0.0927872
0.198135
0.130017
0.224329
0.224329
0.144858
0.108202
0.15096
0.194335
0.15509
0.168411
0.156339
0.224329
0.224329
0.148636
0.132343
0.15602
0.129973
0.0845665
0.129494
0.168203
0.224329
0.224329
0.0580743
0.116949
0.130029
0.189008
0.10398
0.196386
0.157512
0.219385
0.219385
0.148915
0.112373
0.167101
0.187911
0.123024
0.170898
0.116433
0.219385
0.219385
0.18804
0.219385
0.162946
0.0977989
0.060908
0.114249
0.170216
0.219385
0.219385
0.101982
0.153952
0.170735
0.219385
0.0967198
0.106792
0.182078
0.158393
0.219385
0.119172
0.171417
0.110231
0.146662
0.125498
0.157294
0.124102
0.210916
0.212946
0.190873
0.212946
0.158326
0.0971016
0.0769309
0.16516
0.158329
0.170764
0.212946
0.129817
0.158618
0.092514
0.084061
0.109743
0.164615
0.141571
0.143554
0.212946
0.158909
0.190233
0.212946
0.212147
0.123831
0.212946
0.207203
0.120096
0.200683
0.172105
0.139533
0.133853
0.212946
0.0895915
0.158469
0.137425
0.143735
0.207844
0.157894
0.185129
0.114669
0.113545
0.0840527
0.122361
0.122334
0.131849
0.230523
0.139593
0.137878
0.111599
0.0579646
0.161463
0.230523
0.16349
0.153023
0.230523
0.205895
0.158882
0.230523
0.230523
0.0505298
0.138319
0.230523
0.189
0.230523
0.230523
0.167452
0.156596
0.105966
0.0952097
0.115079
0.120127
0.138499
0.226587
0.167141
0.161278
0.145708
0.0853147
0.150537
0.138791
0.160528
0.215859
0.223793
0.192916
0.0928815
0.148781
0.0863299
0.0829549
0.145652
0.226587
0.206185
0.226587
0.226587
0.205939
0.206247
0.129851
0.14492
0.0914345
0.226587
0.226587
0.226587
0.154249
0.132794
0.074721
0.11677
0.137319
0.135471
0.141443
0.201139
0.21242
0.181541
0.111021
0.137528
0.0933075
0.118748
0.136145
0.139029
0.134055
0.21242
0.21242
0.174496
0.116283
0.146251
0.141262
0.108088
0.180334
0.21242
0.191377
0.110229
0.174737
0.125629
0.192881
0.0774146
0.189393
0.21242
0.197808
0.184185
0.21242
0.21242
0.21242
0.147588
0.0822194
0.100502
0.114292
0.137687
0.19856
0.15633
0.146578
0.0906429
0.0953882
0.271125
0.072538
0.0990985
0.142613
0.199971
0.146329
0.155748
0.234187
0.273525
0.0500738
0.109805
0.15874
0.120993
0.153203
0.192293
0.197411
0.218901
0.143797
0.237174
0.0834357
0.186625
0.120059
0.235159
0.14953
0.0927873
0.168078
0.273525
0.133662
0.175139
0.181823
0.228585
0.230529
0.180458
0.115017
0.152624
0.107378
0.0880615
0.155021
0.156514
0.168144
0.230529
0.0706464
0.13543
0.139453
0.203943
0.067782
0.164304
0.160997
0.22462
0.230529
0.203846
0.1052
0.070351
0.136836
0.118544
0.190629
0.107694
0.165409
0.230529
0.188087
0.230529
0.174547
0.106927
0.0758409
0.139281
0.159316
0.18439
0.227244
0.112013
0.177478
0.158949
0.227244
0.0877272
0.103536
0.18585
0.201805
0.227244
0.137814
0.180955
0.111742
0.169338
0.126821
0.208305
0.117935
0.1949
0.227244
0.153504
0.227244
0.178594
0.120774
0.107892
0.12539
0.107904
0.227244
0.227244
0.186929
0.129583
0.0925637
0.131811
0.0990267
0.145302
0.12766
0.152608
0.218733
0.159611
0.17776
0.160587
0.212612
0.0980484
0.218733
0.192866
0.124307
0.204433
0.197763
0.159832
0.118412
0.209795
0.136358
0.129916
0.110164
0.18875
0.218733
0.146413
0.105324
0.100028
0.143243
0.10726
0.157199
0.218733
0.216603
0.218733
0.197092
0.146809
0.182363
0.111281
0.115247
0.212411
0.147156
0.116087
0.212411
0.19698
0.157757
0.166214
0.207572
0.0317178
0.0888938
0.212411
0.148941
0.212411
0.192676
0.143413
0.110985
0.0756316
0.125836
0.158347
0.207312
0.169386
0.212411
0.183402
0.169483
0.176566
0.129825
0.046443
0.163711
0.212411
0.212411
0.20634
0.109647
0.212411
0.164579
0.125712
0.061357
0.113545
0.221826
0.173818
0.221826
0.221826
0.186407
0.143971
0.101436
0.113258
0.0931281
0.221826
0.221826
0.221826
0.151389
0.120998
0.072778
0.0883606
0.0739286
0.201154
0.221826
0.221826
0.171451
0.138416
0.221826
0.211482
0.174131
0.0812283
0.171175
0.0970156
0.158718
0.221826
0.157473
0.175039
0.128217
0.105946
0.128217
0.123601
0.214675
0.214675
0.209153
0.132192
0.157155
0.120068
0.152314
0.0658422
0.159724
0.214675
0.178635
0.214675
0.214675
0.214675
0.203701
0.146841
0.103809
0.198879
0.129318
0.17498
0.210963
0.160281
0.187539
0.161804
0.148155
0.0550147
0.15878
0.149966
0.210802
0.214675
0.140289
0.137902
0.0888788
0.0664207
0.0474542
0.112277
0.148705
0.127352
0.201193
0.232341
0.219068
0.214456
0.138892
0.24818
0.0746376
0.190673
0.145981
0.269938
0.165737
0.118184
0.210397
0.277191
0.0494809
0.141114
0.116419
0.171621
0.190595
0.114802
0.130476
0.0960396
0.0749362
0.277191
0.0482562
0.0422235
0.153951
0.160907
0.0958943
0.0821528
0.0937283
0.277191
0.0630904
0.180673
0.196428
0.201454
0.22471
0.210863
0.140926
0.0888236
0.15771
0.166882
0.22471
0.122329
0.161563
0.22471
0.180788
0.22471
0.172206
0.107947
0.0920638
0.153921
0.15733
0.137695
0.22471
0.10307
0.182312
0.175828
0.187965
0.176948
0.173982
0.137359
0.122855
0.120344
0.147051
0.22471
0.104573
0.112594
0.147817
0.211043
0.0982736
0.160147
0.217704
0.155703
0.217704
0.161293
0.132669
0.114713
0.14462
0.111782
0.217704
0.217704
0.158057
0.153175
0.0997423
0.146354
0.10848
0.201311
0.150278
0.127586
0.135716
0.199305
0.201164
0.144229
0.150383
0.0824892
0.183037
0.161726
0.205103
0.217704
0.147133
0.21599
0.203976
0.124385
0.114302
0.128396
0.0933969
0.189412
0.223212
0.143846
0.12104
0.0943416
0.166143
0.0878781
0.147341
0.210605
0.184459
0.223212
0.191367
0.163326
0.155529
0.0869521
0.0602376
0.193719
0.156965
0.174692
0.223212
0.185229
0.205152
0.197119
0.134369
0.155839
0.124405
0.223212
0.223212
0.223212
0.146085
0.139579
0.131194
0.157444
0.0967688
0.154995
0.182631
0.154041
0.220738
0.185629
0.160835
0.139572
0.122282
0.0400778
0.124265
0.220738
0.151621
0.185219
0.111592
0.203981
0.102705
0.10569
0.106131
0.135837
0.220097
0.220738
0.220738
0.161985
0.207439
0.123814
0.199547
0.142381
0.143679
0.16853
0.220738
0.220738
0.144587
0.220738
0.0904255
0.150311
0.0627346
0.158579
0.218645
0.191726
0.162459
0.13368
0.210574
0.122958
0.147275
0.0830711
0.140409
0.0816719
0.158418
0.218645
0.165205
0.153368
0.125676
0.100078
0.119873
0.174549
0.190923
0.186614
0.218645
0.140572
0.218645
0.124526
0.209807
0.15072
0.218645
0.177802
0.218645
0.193443
0.162512
0.138762
0.144761
0.18203
0.102518
0.164109
0.106708
0.178295
0.213157
0.191834
0.172261
0.155197
0.123174
0.0464774
0.117839
0.116171
0.172182
0.213157
0.181961
0.137129
0.0654375
0.066917
0.115425
0.209366
0.16311
0.213157
0.213157
0.181441
0.185399
0.21078
0.213157
0.0564811
0.158301
0.13383
0.171417
0.213157
0.185656
0.168712
0.210799
0.206826
0.0534134
0.14811
0.115332
0.167122
0.272776
0.188525
0.153589
0.0842876
0.0662794
0.284193
0.0733718
0.0499223
0.145202
0.157843
0.101244
0.07758
0.109681
0.284193
0.040827
0.158172
0.128754
0.18569
0.284193
0.200103
0.171918
0.194663
0.155612
0.218528
0.0674287
0.0718406
0.0760641
0.182937
0.0926582
0.111272
0.237863
0.284193
0.081414
0.162669
0.17299
0.125144
0.220222
0.0932724
0.210779
0.194552
0.17957
0.212539
0.21649
0.165357
0.121437
0.130203
0.114167
0.201349
0.0923223
0.113231
0.148532
0.0986221
0.201133
0.139819
0.220222
0.0893331
0.199495
0.220222
0.148394
0.157627
0.220222
0.147993
0.220222
0.220222
0.12313
0.131783
0.119116
0.161417
0.117038
0.195585
0.129495
0.0972017
0.123024
0.171764
0.187779
0.102626
0.130015
0.0851054
0.211354
0.166266
0.206317
0.211394
0.166575
0.211394
0.188462
0.090144
0.131403
0.211394
0.14005
0.211394
0.197155
0.185002
0.138648
0.096397
0.121002
0.0313727
0.185313
0.205038
0.211394
0.211394
0.211394
0.179129
0.158812
0.142686
0.0526446
0.20088
0.134818
0.149359
0.214258
0.214258
0.214258
0.179605
0.11962
0.141742
0.139716
0.187827
0.214258
0.214258
0.163571
0.139958
0.127532
0.14378
0.0271433
0.133718
0.213014
0.158781
0.214258
0.214258
0.172717
0.141321
0.0932106
0.140116
0.153264
0.120257
0.188864
0.214258
0.169499
0.126244
0.204967
0.129519
0.116515
0.177683
0.187074
0.185221
0.21789
0.215119
0.206654
0.138114
0.216635
0.147508
0.149575
0.195399
0.170259
0.21789
0.172689
0.21789
0.0716141
0.131942
0.14244
0.156581
0.15246
0.187505
0.21789
0.178599
0.134827
0.21789
0.142403
0.0814641
0.152351
0.0989228
0.179886
0.15938
0.107926
0.0951471
0.120286
0.152949
0.142
0.197098
0.221046
0.158558
0.221216
0.181481
0.221216
0.0999779
0.205655
0.169712
0.221216
0.184227
0.221216
0.221216
0.198127
0.162866
0.176435
0.177353
0.0892654
0.168102
0.122452
0.184253
0.175244
0.121076
0.122633
0.155891
0.140567
0.042345
0.136198
0.0719401
0.165522
0.221216
0.120497
0.082515
0.131266
0.126184
0.127022
0.213581
0.162772
0.213581
0.213581
0.21217
0.202694
0.213581
0.213581
0.0789116
0.149431
0.137728
0.152969
0.213581
0.213581
0.174472
0.200902
0.213581
0.06202
0.123539
0.0705074
0.149835
0.213581
0.147571
0.0792116
0.13187
0.124414
0.0843286
0.213581
0.191235
0.138776
0.16068
0.202685
0.0597883
0.109901
0.142938
0.0640061
0.145458
0.120835
0.155099
0.290686
0.234356
0.164605
0.177651
0.168571
0.202773
0.100957
0.0780215
0.0638449
0.186061
0.103019
0.0988154
0.201364
0.290686
0.098274
0.175523
0.163595
0.137415
0.16039
0.174853
0.0624634
0.139135
0.165753
0.287719
0.25143
0.110223
0.052612
0.0741813
0.0807909
0.0836364
0.102461
0.290686
0.105005
0.0899788
0.179716
0.137179
0.219752
0.0820496
0.148324
0.219752
0.11301
0.10993
0.219752
0.133774
0.18951
0.219752
0.126885
0.136822
0.100658
0.127085
0.0866096
0.117342
0.0978607
0.219752
0.219752
0.188645
0.0990777
0.201048
0.166737
0.0861005
0.195147
0.164093
0.198122
0.219752
0.187126
0.219752
0.219752
0.188365
0.104009
0.188099
0.132155
0.159032
0.205014
0.190862
0.155885
0.0807952
0.096192
0.0352254
0.19982
0.176866
0.217634
0.221821
0.221821
0.156439
0.129067
0.141122
0.0815542
0.162835
0.16107
0.175499
0.221821
0.182803
0.221821
0.128881
0.104846
0.201609
0.157183
0.102915
0.221629
0.221821
0.172486
0.0903563
0.124888
0.190041
0.0341665
0.167171
0.199946
0.170138
0.22614
0.22614
0.195369
0.127398
0.10622
0.124557
0.197007
0.110789
0.145271
0.22614
0.206313
0.173822
0.211459
0.131079
0.12579
0.130649
0.111909
0.208582
0.22614
0.17924
0.133431
0.107142
0.138962
0.112501
0.161562
0.0740583
0.126291
0.22614
0.222136
0.202357
0.164621
0.104751
0.157832
0.224747
0.167514
0.16933
0.224747
0.224747
0.209573
0.224747
0.153532
0.0845812
0.176585
0.131887
0.149091
0.146429
0.159693
0.124988
0.134953
0.155114
0.111831
0.18095
0.107751
0.176042
0.224747
0.224747
0.224747
0.197334
0.119638
0.0622579
0.074186
0.127665
0.175611
0.224747
0.0975744
0.14123
0.157742
0.109578
0.116237
0.219221
0.192251
0.214901
0.214236
0.197081
0.173371
0.190886
0.162752
0.0642982
0.199914
0.106957
0.21076
0.219221
0.149917
0.140854
0.215836
0.136953
0.088183
0.0760808
0.167132
0.219221
0.219221
0.112577
0.190444
0.201962
0.127676
0.0742158
0.108094
0.102566
0.156372
0.195022
0.143444
0.145715
0.182033
0.114479
0.0907396
0.178578
0.103222
0.205193
0.214278
0.158149
0.129325
0.187143
0.136167
0.135013
0.214278
0.190829
0.161832
0.210234
0.214278
0.0751136
0.131383
0.198027
0.0957319
0.0994811
0.139495
0.157081
0.206796
0.149397
0.125734
0.173003
0.110568
0.138796
0.154918
0.214278
0.175338
0.214278
0.21141
0.108343
0.180265
0.214278
0.134329
0.167668
0.147237
0.136947
0.157765
0.170595
0.0727518
0.133534
0.186345
0.29371
0.233112
0.104474
0.0719883
0.120549
0.0941417
0.10993
0.0882469
0.29371
0.134404
0.146513
0.186221
0.13212
0.195061
0.14792
0.0971803
0.157952
0.164429
0.277915
0.130601
0.137936
0.180714
0.196894
0.112365
0.0434776
0.129551
0.29371
