0.249772
0.108803
0.0737163
0.148516
0.230695
0.0368825
0.0391344
0.157536
0.254905
0.249503
0.107233
0.0285306
0.10496
0.219535
0.0158239
0.0199517
0.17718
0.254905
0.254905
0.107043
0.0866244
0.126715
0.254905
0.036929
0.0335543
0.0958834
0.254905
0.254905
0.224484
0.0429583
0.0814519
0.216033
0.012986
0.0124944
0.210074
0.254905
0.245157
0.162404
0.0366245
0.153805
0.253719
0.0212139
0.0216844
0.197677
0.253719
0.222963
0.208182
0.0610781
0.114426
0.206058
0.0346345
0.0389306
0.136937
0.231441
0.253719
0.253719
0.0500885
0.0816463
0.253719
0.0111673
0.0259155
0.253719
0.253719
0.141422
0.124579
0.114925
0.106121
0.156256
0.0245304
0.0338625
0.100254
0.253719
0.254837
0.225377
0.0580557
0.1252
0.239984
0.0335725
0.0423633
0.180231
0.254837
0.254837
0.138298
0.0757764
0.165038
0.254837
0.0227942
0.00739853
0.120513
0.254837
0.161542
0.137642
0.106331
0.109426
0.180723
0.0274638
0.0493984
0.153751
0.254837
0.254837
0.0900181
0.0734862
0.166793
0.254837
0.0189576
0.0184064
0.12508
0.254837
0.268181
0.100787
0.0558832
0.150443
0.268181
0.0236378
0.014722
0.149728
0.268181
0.236136
0.161558
0.0526804
0.076764
0.141556
0.0266781
0.05875
0.160087
0.268181
0.237805
0.072938
0.0531519
0.154393
0.268181
0.0363117
0.0252224
0.179432
0.268181
0.268181
0.196444
0.0535627
0.0893971
0.212795
0.0276164
0.01351
0.0824804
0.268181
0.244335
0.13398
0.0306745
0.076233
0.151676
0.0440043
0.0701948
0.168651
0.255953
0.255953
0.0876955
0.0117004
0.134323
0.255953
0.0531106
0.0929964
0.255953
0.255953
0.255953
0.148156
0.0419944
0.0817846
0.193828
0.0550938
0.028695
0.10162
0.255953
0.255953
0.0909583
0.0083982
0.129634
0.255953
0.121208
0.0979515
0.182301
0.255953
0.259044
0.0963337
0.0156977
0.123429
0.259044
0.0682981
0.0932308
0.239082
0.259044
0.259044
0.145321
0.0409066
0.10085
0.259044
0.0109911
0.0281908
0.110467
0.259044
0.259044
0.100771
0.0201299
0.106335
0.259044
0.12588
0.090835
0.142617
0.259044
0.259044
0.158715
0.0402395
0.0650148
0.137077
0.00690516
0.0148338
0.0640386
0.259044
0.231625
0.138428
0.0476081
0.0976608
0.261552
0.015528
0.0305967
0.0715018
0.261552
0.261552
0.220655
0.0882902
0.217111
0.261552
0.00544984
0.0320281
0.0917187
0.261552
0.261552
0.158738
0.0458174
0.0705528
0.142848
0.00947483
0.0157379
0.0378764
0.261552
0.261552
0.118057
0.0129127
0.191585
0.261552
0.0076836
0.0276527
0.0763226
0.261552
0.26059
0.0943851
0.100575
0.135354
0.26059
0.0356223
0.0235259
0.0630942
0.26059
0.26059
0.248891
0.0414492
0.0748071
0.200105
0.0122511
0.011452
0.212624
0.26059
0.26059
0.0547108
0.00897418
0.137587
0.26059
0.0107824
0.0180381
0.0617931
0.26059
0.239549
0.147226
0.0404448
0.0924766
0.249155
0.00132523
0.0177251
0.113969
0.26059
0.260836
0.260836
0.0466863
0.0825348
0.229294
0.010153
0.0189592
0.260836
0.260836
0.146307
0.12524
0.125213
0.106959
0.16117
0.0387481
0.0271427
0.0974924
0.260836
0.260836
0.20075
0.0582191
0.118152
0.260836
6.32068e-05
0.0131488
0.164441
0.260836
0.23974
0.148412
0.0564612
0.0620949
0.20653
0.0442788
0.0292733
0.0827155
0.260836
0.172338
0.13166
0.110194
0.109186
0.181001
0.0324621
0.0354849
0.14906
0.27201
0.235261
0.0864762
0.0675512
0.182173
0.27201
0.0187673
0.025751
0.117371
0.27201
0.259231
0.147086
0.047005
0.0748497
0.27201
0.0333338
0.035135
0.132293
0.27201
0.27201
0.0947511
0.0355465
0.139279
0.27201
0.0206882
0.0445949
0.125601
0.27201
0.188479
0.0672849
0.0404503
0.155874
0.262022
0.0342629
0.0353231
0.163203
0.262022
0.262022
0.199767
0.0681484
0.0822932
0.171406
0.0300769
0.0191644
0.0796087
0.262022
0.262022
0.0971537
0.0239542
0.123977
0.262022
0.0237816
0.0490578
0.139014
0.262022
0.239239
0.214104
0.190525
0.0771347
0.236137
0.0280278
0.0555693
0.121498
0.262022
0.263064
0.152784
0.050614
0.0833366
0.183142
0.0625157
0.0321578
0.0965915
0.270288
0.233092
0.0739773
0.0208375
0.122723
0.270288
0.12757
0.0777267
0.183844
0.270288
0.236054
0.176802
0.114588
0.0940434
0.270288
0.036069
0.0456509
0.128114
0.270288
0.270288
0.158004
0.0420409
0.0622244
0.141072
0.020528
0.0556159
0.156709
0.270288
0.266864
0.0903881
0.0264372
0.126289
0.27134
0.153315
0.0851274
0.160213
0.27134
0.27134
0.131787
0.0256688
0.102565
0.210287
0.00866062
0.0125911
0.107991
0.27134
0.27134
0.171275
0.0164162
0.0700005
0.173386
0.0190732
0.0447085
0.174692
0.27134
0.27134
0.166503
0.0185653
0.060242
0.136576
0.019906
0.0347297
0.156458
0.27134
0.269023
0.155043
0.0350779
0.101515
0.196715
0.0126921
0.0171162
0.0654474
0.269023
0.269023
0.130512
0.0125878
0.226234
0.269023
0.0105395
0.0343428
0.0799463
0.269023
0.208145
0.180769
0.033207
0.0712506
0.186659
0.0242102
0.0281003
0.115075
0.246162
0.259927
0.094188
0.0101691
0.220533
0.269023
0.00733933
0.0161547
0.14352
0.269023
0.267306
0.0823409
0.0149923
0.190306
0.267306
0.0091703
0.0188712
0.0682175
0.267306
0.256681
0.210481
0.0493192
0.0989599
0.248043
0.0026084
0.0185036
0.140566
0.267306
0.267306
0.109708
0.0275805
0.181886
0.267306
0.0481892
0.0611817
0.0674296
0.267306
0.238304
0.0897202
0.060617
0.0621476
0.147518
0.0113372
0.0572498
0.148269
0.267306
0.261929
0.247673
0.0649239
0.103014
0.261929
0.000848798
0.0112411
0.171548
0.261929
0.257941
0.136988
0.0654518
0.0748795
0.252216
0.0650306
0.0295264
0.0920266
0.261929
0.253864
0.13322
0.0713029
0.07933
0.20243
0.00449595
0.0387197
0.14428
0.261929
0.261929
0.0748011
0.0165418
0.0434866
0.261929
0.013976
0.0293724
0.0857106
0.261929
0.2437
0.1054
0.044623
0.0722857
0.271677
0.038243
0.0297519
0.126004
0.271677
0.271677
0.0957851
0.0283697
0.133758
0.271677
0.0184851
0.0462907
0.122601
0.271677
0.271677
0.0972178
0.0313644
0.0451189
0.271677
0.0181324
0.0207347
0.0702432
0.271677
0.271677
0.102626
0.0437836
0.0913953
0.266318
0.03435
0.0165598
0.0961341
0.271677
0.267929
0.0962923
0.0225505
0.126638
0.267929
0.0250832
0.0539619
0.150504
0.267929
0.202673
0.190481
0.171628
0.0797261
0.236715
0.03696
0.0434777
0.131226
0.267929
0.267929
0.122084
0.0563988
0.095233
0.267929
0.0430625
0.0223628
0.112131
0.267929
0.164387
0.0808593
0.0328706
0.162194
0.267929
0.011378
0.0286436
0.0908304
0.267929
0.200167
0.152855
0.0989099
0.0943985
0.273473
0.04581
0.0383573
0.126845
0.273473
0.273473
0.119605
0.0456131
0.0651746
0.197456
0.0181004
0.0457197
0.163506
0.273473
0.227953
0.10918
0.0321937
0.11485
0.273473
0.0159679
0.0328528
0.10691
0.273473
0.265019
0.0592546
0.00815581
0.132599
0.273473
0.00845885
0.0558144
0.160267
0.273473
0.26892
0.138727
0.0172291
0.0884958
0.263749
0.0154659
0.0473056
0.189284
0.26892
0.26892
0.150987
0.0193715
0.0846581
0.15958
0.0172414
0.0347633
0.172732
0.26892
0.26892
0.111075
0.0185307
0.134968
0.26892
0.0136651
0.0675138
0.184103
0.26892
0.256747
0.1696
0.0404164
0.104747
0.133179
0.00848164
0.0202438
0.0634392
0.26892
0.203278
0.157492
0.0278249
0.089611
0.19749
0.0205138
0.0315906
0.125322
0.250194
0.212696
0.0912448
0.0109906
0.248561
0.284441
0.00738378
0.0114686
0.155682
0.284441
0.216902
0.179961
0.04168
0.117727
0.147302
0.0121318
0.0187626
0.0643195
0.221315
0.243621
0.106695
0.0187766
0.142703
0.284441
0.00427489
0.0104519
0.284441
0.284441
0.268739
0.148274
0.0427325
0.186232
0.268739
0.0412733
0.0661936
0.0769269
0.268739
0.219564
0.127351
0.0637522
0.070108
0.138252
0.0118198
0.0572061
0.207581
0.268739
0.268739
0.126612
0.0445664
0.201085
0.268739
0.0546493
0.0340182
0.0576375
0.268739
0.190056
0.137778
0.0373419
0.0771565
0.190776
0.0154944
0.049334
0.212786
0.268739
0.246181
0.174704
0.0758894
0.0767484
0.165575
0.00609794
0.0379615
0.182109
0.270677
0.270677
0.0815288
0.0217412
0.0733516
0.270677
0.0148457
0.0313624
0.113869
0.270677
0.20741
0.157281
0.0468247
0.0995523
0.229453
0.0150918
0.0364174
0.1791
0.270677
0.270677
0.0554649
0.0107297
0.137432
0.270677
0.0304087
0.0309398
0.179635
0.270677
0.270824
0.0966264
0.0326584
0.065457
0.270824
0.0186119
0.0218684
0.0936382
0.270824
0.270824
0.104223
0.0468702
0.103225
0.270824
0.0268448
0.0241645
0.113649
0.270824
0.270824
0.0527407
0.0142908
0.126344
0.270824
0.0336273
0.0280707
0.112006
0.270824
0.265067
0.0953715
0.0575473
0.0961113
0.267277
0.0458374
0.0312297
0.0670489
0.270824
0.270347
0.117558
0.0581175
0.10993
0.270347
0.0373908
0.0295386
0.137678
0.270347
0.198842
0.073197
0.0322273
0.17355
0.270347
0.0160082
0.0276327
0.0997281
0.270347
0.269331
0.0949418
0.0514289
0.110287
0.270347
0.0319614
0.0313896
0.0504635
0.270347
0.156391
0.0399566
0.0136736
0.243742
0.270347
0.0222144
0.0287261
0.129615
0.270347
0.18603
0.0751639
0.0261781
0.095935
0.27156
0.0145962
0.0259742
0.0802121
0.27156
0.23163
0.0420067
0.00697599
0.10154
0.27156
0.00652335
0.0415103
0.128933
0.27156
0.148585
0.0432987
0.00993061
0.157603
0.27156
0.147858
0.0172565
0.088421
0.27156
0.27156
0.054476
0.0157222
0.185626
0.27156
0.249851
0.0211499
0.123489
0.27156
0.264714
0.0746646
0.0137787
0.0973483
0.286733
0.00844502
0.0551781
0.134892
0.286733
0.199874
0.13692
0.0394555
0.0780046
0.105723
0.00429174
0.0184775
0.0693628
0.286733
0.286733
0.0868243
0.0243024
0.19963
0.286733
0.286733
0.0230713
0.0814769
0.286733
0.187708
0.0881251
0.0367852
0.0891875
0.146553
0.0171907
0.0288447
0.151304
0.286733
0.22152
0.185107
0.0483062
0.109008
0.151118
0.00594432
0.0244677
0.0840234
0.230564
0.246798
0.107636
0.0274974
0.16994
0.275857
0.00496799
0.00843237
0.275857
0.275857
0.223234
0.131437
0.0639999
0.116587
0.228504
0.0167097
0.0240086
0.125
0.220176
0.275857
0.0910187
0.0667135
0.182444
0.275857
0.0216899
0.0292732
0.103104
0.275857
0.259151
0.155522
0.0552498
0.196007
0.259151
0.0508774
0.0503609
0.0743511
0.259151
0.184064
0.168545
0.0437153
0.0963888
0.187271
0.0144205
0.0611977
0.249061
0.259151
0.259151
0.162136
0.086721
0.154778
0.252641
0.0512106
0.0440665
0.114727
0.259151
0.219333
0.112179
0.0814358
0.100539
0.0994848
0.0121924
0.0701931
0.217501
0.259151
0.194358
0.171033
0.0490516
0.121387
0.188485
0.0153521
0.0379417
0.18393
0.271574
0.271574
0.0683074
0.010392
0.171515
0.271574
0.0304022
0.0344661
0.176524
0.271574
0.222553
0.101314
0.0780566
0.149347
0.178647
0.0139334
0.0471457
0.154547
0.271574
0.271574
0.046518
0.0143981
0.158439
0.271574
0.012084
0.0226659
0.11302
0.271574
0.274652
0.0638634
0.0122326
0.143138
0.274652
0.0329656
0.0277976
0.109578
0.274652
0.254266
0.0922806
0.0603734
0.114393
0.274652
0.0316039
0.0371531
0.0629946
0.274652
0.274652
0.0506396
0.00694706
0.136649
0.274652
0.0182143
0.0162121
0.0674966
0.274652
0.250179
0.0612872
0.0209045
0.0982611
0.274652
0.0155144
0.0301407
0.0825134
0.274652
0.268515
0.0948554
0.0519064
0.125314
0.268515
0.0245439
0.0393175
0.0514021
0.268515
0.234926
0.0589861
0.0178959
0.222606
0.268515
0.0224809
0.0304222
0.106012
0.268515
0.268515
0.0828181
0.0180141
0.107621
0.268515
0.0117307
0.0270679
0.0685735
0.268515
0.268515
0.108902
0.0166033
0.118935
0.245439
0.0343562
0.0369128
0.110447
0.268515
0.177053
0.0552179
0.0156183
0.153683
0.274076
0.114543
0.0213063
0.0724703
0.274076
0.274076
0.0714206
0.0235427
0.154469
0.274076
0.1934
0.0333839
0.0934622
0.274076
0.244928
0.0799179
0.018961
0.0853778
0.213133
0.0672017
0.0256418
0.0937043
0.274076
0.221363
0.0899255
0.0208295
0.165614
0.274076
0.0978783
0.0455788
0.123259
0.274076
0.275158
0.0886972
0.0322147
0.14176
0.275158
0.275158
0.037217
0.0568301
0.275158
0.180641
0.0907979
0.0361574
0.0901522
0.16277
0.018972
0.0374107
0.146116
0.275158
0.171179
0.0922723
0.0243608
0.151405
0.275158
0.153198
0.0617524
0.138176
0.275158
0.273635
0.0936146
0.00478592
0.0731757
0.23043
0.0210356
0.0393583
0.094657
0.275158
0.189701
0.124495
0.0586474
0.108559
0.227324
0.0148772
0.0328476
0.11921
0.216021
0.268122
0.0874793
0.0616598
0.183835
0.268122
0.0188294
0.0250279
0.0883743
0.268122
0.268122
0.140494
0.0118691
0.0907746
0.268122
0.0249403
0.0571101
0.107901
0.268122
0.268122
0.168687
0.0273127
0.186521
0.268122
0.0036085
0.019177
0.10185
0.268122
0.246461
0.191439
0.0833878
0.13336
0.246461
0.037946
0.0602472
0.1339
0.246461
0.188291
0.127751
0.0915465
0.0881922
0.0971495
0.0225067
0.0706515
0.201351
0.246461
0.243815
0.216084
0.0557958
0.132213
0.246461
0.022101
0.0677304
0.206637
0.246461
0.246461
0.192698
0.0524951
0.0603803
0.159272
0.0122537
0.0442297
0.246461
0.246461
0.170828
0.0981822
0.0799343
0.132143
0.157695
0.0215929
0.0439852
0.143039
0.26212
0.277313
0.0606427
0.0237203
0.14075
0.277313
0.0119212
0.0215877
0.0965406
0.277313
0.218094
0.163146
0.0533586
0.106246
0.23555
0.0307922
0.0308149
0.200673
0.277313
0.277313
0.0790182
0.022739
0.214431
0.277313
0.0543683
0.0205571
0.0806535
0.277313
0.278489
0.0642697
0.0157574
0.134718
0.278489
0.0145273
0.0150043
0.0683515
0.278489
0.26247
0.0684342
0.029289
0.113652
0.278489
0.0109428
0.0368084
0.0667215
0.278489
0.278489
0.0641298
0.0286584
0.2052
0.278489
0.0469341
0.0162196
0.0401864
0.278489
0.205652
0.0916843
0.0270757
0.0928458
0.242476
0.0151616
0.0264701
0.100927
0.278489
0.270946
0.0853332
0.0246359
0.11905
0.270946
0.00762604
0.0312291
0.0612564
0.270946
0.270946
0.103759
0.0197977
0.112399
0.270946
0.031158
0.0313806
0.114235
0.270946
0.270946
0.100186
0.0301229
0.0945827
0.220147
0.00561364
0.0230669
0.0778772
0.270946
0.238233
0.0357096
0.000702201
0.218918
0.270946
0.00216937
0.0191535
0.137588
0.270946
0.205626
0.0762267
0.0235916
0.0722271
0.230403
0.0596407
0.0226343
0.0867978
0.250347
0.213519
0.099222
0.038824
0.128739
0.250347
0.101478
0.0484373
0.0833474
0.250347
0.250347
0.0652796
0.0144947
0.123564
0.250347
0.1564
0.0601621
0.0963639
0.250347
0.250347
0.191239
0.108008
0.19602
0.250347
0.250347
0.088419
0.100088
0.250347
0.157465
0.101246
0.0437671
0.109378
0.261173
0.141923
0.0675852
0.100915
0.261173
0.241368
0.0847328
0.00282729
0.0661883
0.200589
0.0176056
0.0481004
0.098298
0.261173
0.261173
0.216095
0.114965
0.17667
0.261173
0.261173
0.145777
0.101457
0.261173
0.261173
0.0651232
0.00373488
0.0708734
0.181725
0.0153822
0.0385265
0.115061
0.261173
0.234005
0.118456
0.00942651
0.0818256
0.236021
0.018702
0.0619649
0.106634
0.266628
0.260615
0.11732
0.0178771
0.176357
0.266628
0.00161395
0.0127961
0.0986138
0.266628
0.266628
0.078202
0.00175766
0.0878282
0.236386
0.0170602
0.0426225
0.127154
0.266628
0.24286
0.0489173
0.00589979
0.217641
0.266628
0.00153848
0.0962717
0.162779
0.266628
0.210807
0.188564
0.0404869
0.107358
0.254974
0.0205002
0.0589226
0.169431
0.254974
0.219075
0.147217
0.0356844
0.0595169
0.15544
0.0236942
0.0379444
0.234513
0.254974
0.148381
0.10823
0.0723676
0.135106
0.254974
0.0426573
0.102696
0.135988
0.254974
0.250588
0.0934299
0.0230774
0.102759
0.254974
0.190647
0.123312
0.203147
0.254974
0.177378
0.123998
0.0427549
0.109092
0.234848
0.0356737
0.0336417
0.18985
0.2696
0.2696
0.0901048
0.0328367
0.175386
0.2696
0.0491956
0.0198611
0.0789362
0.2696
0.256586
0.0877036
0.0242204
0.109195
0.2696
0.145425
0.104347
0.16094
0.2696
0.151811
0.0468164
0.0299511
0.189659
0.2696
0.069595
0.0323173
0.0581923
0.2696
0.277311
0.0884246
0.0450971
0.217318
0.277311
0.0440335
0.0188646
0.0587764
0.277311
0.252039
0.104124
0.0294592
0.108325
0.248785
0.014694
0.0275307
0.124861
0.277311
0.22425
0.0731351
0.0394357
0.179192
0.277311
0.0491708
0.018259
0.0690831
0.277311
0.277311
0.119882
0.026841
0.0896939
0.140207
0.0085084
0.02715
0.126894
0.277311
0.270135
0.098088
0.0291418
0.102055
0.23078
0.00344253
0.0232444
0.09449
0.270135
0.214478
0.0338326
0.00257532
0.207698
0.270135
0.014342
0.0219666
0.130858
0.270135
0.270135
0.142245
0.0263376
0.0664916
0.0938959
0.000772777
0.0270477
0.153914
0.270135
0.270135
0.0594858
0.0201214
0.178784
0.270135
0.0573494
0.0462544
0.227143
0.270135
0.181829
0.0399421
0.0102463
0.0961023
0.25438
0.108737
0.0388809
0.0792275
0.264502
0.212178
0.125434
0.0786825
0.165926
0.264502
0.20219
0.0555136
0.0825121
0.264502
0.194353
0.0385274
0.00709333
0.166588
0.264502
0.062619
0.0279724
0.196465
0.264502
0.190909
0.0359435
0.00554767
0.264502
0.264502
0.0810023
0.0272546
0.106347
0.264502
0.258422
0.143368
0.0857936
0.171607
0.290436
0.290436
0.0962932
0.103969
0.290436
0.1813
0.0394973
0.0032761
0.0633198
0.143538
0.0120182
0.0375204
0.0888439
0.290436
0.203121
0.0401294
0.00416653
0.290436
0.290436
0.120244
0.0369885
0.180881
0.290436
0.120931
0.0568522
0.0167814
0.0443178
0.14092
0.0177238
0.0217415
0.0594354
0.247164
0.25884
0.0688315
0.00255422
0.109891
0.263954
0.019478
0.0612637
0.141625
0.268114
0.254074
0.0433792
0.00338823
0.250157
0.268114
0.00673631
0.111459
0.150071
0.268114
0.173074
0.0990589
0.0157821
0.0666755
0.211023
0.0229479
0.0396418
0.0766656
0.268114
0.268114
0.0811177
0.0132524
0.207737
0.268114
0.0207311
0.0642262
0.0606153
0.268114
0.136433
0.114739
0.0660905
0.0954142
0.21572
0.0398605
0.0577447
0.0942912
0.25215
0.16052
0.0643902
0.0377494
0.0981062
0.25215
0.106218
0.0997863
0.176142
0.25215
0.137267
0.248142
0.13509
0.211402
0.25215
0.191296
0.203293
0.25215
0.14547
0.217025
0.117415
0.0665291
0.131009
0.250789
0.0532992
0.0663371
0.156978
0.25215
0.227251
0.083942
0.0517493
0.148912
0.252585
0.108281
0.10993
0.200784
0.252585
0.185206
0.0623021
0.0379081
0.194964
0.252585
0.0632702
0.0343859
0.101426
0.252585
0.252585
0.204553
0.0776361
0.12743
0.252585
0.083774
0.0938153
0.180857
0.252585
0.115386
0.168037
0.031917
0.0819879
0.22367
0.0603966
0.0914607
0.172608
0.24264
0.256294
0.0891504
0.0530779
0.197744
0.256294
0.0451181
0.0230898
0.112679
0.256294
0.256294
0.122374
0.0340549
0.11231
0.186271
0.0106415
0.042861
0.140668
0.256294
0.150846
0.23868
0.0459833
0.0979043
0.256294
0.0728784
0.0796219
0.170568
0.25204
0.152537
0.0766823
0.0542938
0.195491
0.256294
0.0793511
0.0770736
0.214362
0.256294
0.266693
0.121174
0.0312164
0.0823585
0.13696
0.00175806
0.0383975
0.142527
0.266693
0.266693
0.0650353
0.021337
0.161521
0.266693
0.0663135
0.043304
0.174504
0.266693
0.182497
0.0778741
0.0450603
0.155885
0.266693
0.0388212
0.045209
0.162956
0.266693
0.230375
0.118779
0.0236387
0.200835
0.266693
0.0552463
0.0267779
0.147428
0.266693
0.223061
0.0381827
0.00892268
0.174236
0.278145
0.0892265
0.0308953
0.184269
0.278145
0.209091
0.032958
0.00184091
0.278145
0.278145
0.114062
0.0247324
0.105432
0.278145
0.172811
0.0713234
0.0143618
0.0982719
0.278145
0.0653152
0.0116052
0.0954292
0.278145
0.141456
0.0503757
0.0208994
0.146288
0.278145
0.0547427
0.0128682
0.061488
0.278145
0.231119
0.0336667
1.21431e-05
0.316379
0.316379
0.187674
0.0383495
0.196122
0.316379
0.124065
0.0479894
0.0188397
0.0832669
0.185151
0.0200364
0.0404854
0.0664995
0.316379
0.150999
0.0655319
0.0248723
0.158996
0.316379
0.111509
0.0153124
0.0729503
0.261618
0.138686
0.0519876
0.00798745
0.0727891
0.14779
0.0215529
0.0446099
0.113891
0.316379
0.140621
0.0722366
0.0147532
0.106848
0.244893
0.0262948
0.0573346
0.0716894
0.281212
0.281212
0.0731495
0.0102795
0.256795
0.281212
0.0291562
0.0888001
0.0456167
0.281212
0.153238
0.0724312
0.0136373
0.116157
0.268185
0.0328096
0.0381387
0.103393
0.272087
0.281212
0.0384243
0.0073976
0.221837
0.281212
0.0284851
0.0301233
0.0667974
0.281212
0.102568
0.132782
0.0874198
0.172976
0.23837
0.110826
0.0790035
0.125429
0.159649
0.104206
0.0581454
0.0461517
0.0715537
0.111419
0.0174779
0.0335495
0.0859137
0.215122
0.201714
0.230917
0.251757
0.251757
0.251757
0.194247
0.0746714
0.120961
0.185203
0.0991589
0.110274
0.153584
0.251757
0.251757
0.251757
0.200883
0.113456
0.251757
0.176711
0.136003
0.0767409
0.102559
0.201449
0.0399703
0.0582987
0.13219
0.273641
0.103412
0.116806
0.0310772
0.0636825
0.154074
0.0366099
0.0523464
0.121396
0.176277
0.150316
0.248469
0.273641
0.273641
0.273641
0.273641
0.245208
0.140196
0.273641
0.090547
0.0807631
0.0808022
0.195603
0.127593
0.12038
0.112486
0.123225
0.190574
0.175908
0.213231
0.0547619
0.109594
0.23857
0.0695952
0.0668189
0.172359
0.23857
0.130205
0.0876361
0.0641829
0.192187
0.23857
0.0532223
0.0870684
0.219861
0.23857
0.191482
0.170807
0.183789
0.23857
0.180117
0.0848197
0.0967758
0.153671
0.211888
0.221196
0.185688
0.023353
0.0532916
0.178967
0.0546106
0.0921477
0.237066
0.23857
0.147363
0.073359
0.0500743
0.150628
0.263817
0.0268516
0.047688
0.153161
0.268713
0.264148
0.135435
0.0269637
0.172881
0.268713
0.0420994
0.0254069
0.138387
0.268713
0.247807
0.1719
0.0150864
0.0480386
0.187099
0.0376161
0.0661676
0.152053
0.268713
0.268713
0.268713
0.0391291
0.0765677
0.166671
0.0175678
0.0350112
0.108564
0.268713
0.239451
0.0981255
0.0229554
0.114482
0.261277
0.119089
0.0203677
0.111073
0.261277
0.172175
0.0712502
0.025894
0.161872
0.261277
0.118946
0.0278611
0.0697211
0.261277
0.261277
0.196811
0.0327392
0.0948198
0.261277
0.0794983
0.0412261
0.0865908
0.261277
0.261277
0.167014
0.0288904
0.139187
0.261277
0.0753894
0.0589422
0.0918574
0.25823
0.185643
0.0887551
0.0355317
0.184071
0.278372
0.270382
0.0423631
0.0680901
0.278372
0.197384
0.0506641
0.01658
0.12992
0.212419
0.0298796
0.0838828
0.17593
0.278372
0.278372
0.217712
0.0431989
0.21108
0.278372
0.173148
0.0837259
0.107298
0.184499
0.13775
0.0577059
0.0149524
0.0335181
0.0872141
0.0462479
0.0632219
0.14694
0.278372
0.15727
0.0555534
0.0187404
0.144127
0.298228
0.0411515
0.0516748
0.10469
0.298228
0.298228
0.0355784
0.00815697
0.245834
0.298228
0.0315818
0.0316946
0.070206
0.298228
0.187202
0.0843316
0.0166107
0.0351555
0.115618
0.0404765
0.0453408
0.0939606
0.226234
0.298228
0.109977
0.0110606
0.140983
0.298228
0.00492445
0.0114916
0.0502408
0.298228
0.136918
0.190394
0.207489
0.240086
0.240086
0.159991
0.0797792
0.105047
0.185427
0.0672771
0.0688736
0.16352
0.211156
0.240086
0.165717
0.0838167
0.0701916
0.17826
0.110397
0.240086
0.114477
0.240086
0.240086
0.20622
0.177977
0.0764479
0.156992
0.0531366
0.127542
0.240086
0.240086
0.19065
0.104198
0.0909773
0.0433453
0.0722469
0.0868002
0.116744
0.237493
0.243189
0.243189
0.233212
0.087348
0.0805055
0.233645
0.0680549
0.0504377
0.0665443
0.112894
0.128977
0.085434
0.0541686
0.0848508
0.170456
0.0920048
0.14316
0.243189
0.243189
0.203456
0.148496
0.0863112
0.102109
0.168241
0.0461127
0.0949778
0.243189
0.243189
0.243189
0.163717
0.0553971
0.243189
0.243189
0.104447
0.079335
0.0818511
0.158318
0.156564
0.116991
0.0486124
0.115839
0.214274
0.101154
0.0878524
0.0138722
0.0361041
0.0900615
0.0195134
0.0427789
0.116545
0.230152
0.0538237
0.144116
0.262573
0.262573
0.262573
0.262573
0.0613691
0.237876
0.262573
0.139414
0.108828
0.123824
0.222569
0.234287
0.262573
0.0840163
0.173467
0.262573
0.175942
0.13038
0.0127631
0.0550847
0.158384
0.0219728
0.0434964
0.117406
0.254191
0.259829
0.198823
0.0350003
0.0780616
0.1582
0.00862974
0.0260823
0.080592
0.259829
0.19235
0.211078
0.16975
0.259829
0.259829
0.259829
0.0969865
0.111579
0.259829
0.159407
0.11186
0.0133417
0.2172
0.259829
0.0359132
0.0274828
0.0858478
0.253713
0.255804
0.207266
0.036663
0.127196
0.255804
0.101821
0.0476823
0.0964173
0.255804
0.255804
0.190113
0.0349543
0.170428
0.255804
0.101119
0.0830554
0.118699
0.255804
0.191839
0.142674
0.0181107
0.255804
0.255804
0.050199
0.046107
0.115936
0.255804
0.131123
0.106844
0.0169924
0.102931
0.25265
0.0317367
0.0987979
0.145817
0.141809
0.268891
0.265082
0.0533732
0.26638
0.268891
0.254344
0.12703
0.151197
0.196342
0.179909
0.0534534
0.0289344
0.049749
0.108263
0.05843
0.0947897
0.18578
0.268891
0.156134
0.118444
0.0218647
0.107003
0.268891
0.0529834
0.131388
0.200616
0.184506
0.145713
0.0589906
0.00476693
0.0134201
0.105956
0.0622232
0.125005
0.233816
0.268891
0.205724
0.0848536
0.0257114
0.0470567
0.157044
0.0463251
0.0654439
0.112799
0.253196
0.299475
0.140464
0.00849025
0.145136
0.299475
0.00741619
0.0186286
0.0575435
0.299475
0.177785
0.0644826
0.00478175
0.0359692
0.172616
0.0476027
0.0789708
0.152411
0.284031
0.299475
0.122425
0.00390325
0.228116
0.299475
0.0150792
0.0452865
0.0915776
0.299475
0.11503
0.255739
0.11544
0.255739
0.255739
0.17533
0.220213
0.103101
0.151
0.0431904
0.139329
0.255739
0.255739
0.239144
0.0680839
0.0768223
0.0435462
0.0455627
0.0262689
0.0622213
0.0678005
0.255739
0.255739
0.196713
0.145296
0.104406
0.149958
0.0483237
0.173389
0.115074
0.249464
0.255739
0.126214
0.0977686
0.0636734
0.069344
0.0622423
0.127135
0.238337
0.238337
0.214915
0.11605
0.064128
0.105658
0.13299
0.0508623
0.0657888
0.238337
0.238337
0.238337
0.166169
0.0480638
0.238337
0.238337
0.0455485
0.192323
0.139287
0.238337
0.238337
0.202871
0.125606
0.0937503
0.0971115
0.0196576
0.169804
0.222071
0.238337
0.153385
0.165891
0.0731154
0.0762112
0.090049
0.0420917
0.0802247
0.236639
0.236639
0.236639
0.234521
0.0481727
0.198689
0.236639
0.0744839
0.0572741
0.121592
0.19384
0.204848
0.142366
0.102689
0.093832
0.23126
0.014327
0.137497
0.234065
0.236639
0.201205
0.236639
0.102837
0.0923181
0.0836053
0.0486571
0.138216
0.236639
0.236639
0.236639
0.1094
0.116224
0.0452249
0.0728278
0.0819151
0.0896956
0.15164
0.21895
0.248594
0.17144
0.0914482
0.0485382
0.191398
0.0840519
0.0619025
0.035873
0.125373
0.227136
0.0198451
0.0411362
0.0677029
0.153516
0.0644007
0.143463
0.251671
0.251671
0.251671
0.187556
0.1411
0.102339
0.0953697
0.0909348
0.122228
0.251671
0.251671
0.251671
0.251671
0.106319
0.251671
0.159482
0.117539
0.085113
0.0491889
0.153125
0.269042
0.0410015
0.0607276
0.114986
0.234809
0.086023
0.0622857
0.0190731
0.06979
0.15991
0.0203902
0.0604793
0.0880827
0.103898
0.134736
0.175178
0.269042
0.269042
0.269042
0.269042
0.186859
0.269042
0.252241
0.0879355
0.107193
0.130651
0.205582
0.269042
0.141559
0.100339
0.195202
0.117469
0.16424
0.101423
0.0276936
0.112116
0.242309
0.0485839
0.107407
0.182416
0.197715
0.147755
0.053081
0.00927823
0.0234975
0.0917319
0.0508604
0.113998
0.209395
0.242309
0.186948
0.188219
0.242309
0.242309
0.242309
0.242309
0.242309
0.228379
0.242309
0.0519261
0.0765332
0.0573127
0.090948
0.139485
0.115973
0.125469
0.224263
0.242309
0.175128
0.0749761
0.0110138
0.0501407
0.184626
0.0387681
0.0865463
0.158953
0.283735
0.283735
0.149658
0.00505997
0.218044
0.283735
0.0180899
0.0471844
0.107851
0.283735
0.0857515
0.0609892
0.0596499
0.11146
0.171437
0.0990995
0.110358
0.149192
0.244882
0.283735
0.0527975
0.0154821
0.23589
0.283735
0.0185445
0.0758413
0.139998
0.283735
0.037421
0.0938651
0.126702
0.253678
0.253678
0.198709
0.148815
0.117859
0.148918
0.0514433
0.201348
0.139326
0.253678
0.253678
0.165603
0.138084
0.089379
0.0990373
0.0943988
0.146571
0.245595
0.253678
0.253678
0.185564
0.0621296
0.0951763
0.0746608
0.0987131
0.0847501
0.103151
0.253678
0.253678
0.20932
0.0835806
0.0975686
0.0529548
0.0442312
0.221079
0.149907
0.229944
0.229944
0.207702
0.168278
0.125265
0.13413
0.0450799
0.217955
0.187913
0.229944
0.197147
0.142738
0.0929113
0.115659
0.127547
0.135246
0.104069
0.127771
0.229944
0.229944
0.229848
0.110159
0.109712
0.0878894
0.0546898
0.149875
0.229944
0.229944
0.216022
0.150639
0.124784
0.105611
0.131752
0.0365873
0.166688
0.205788
0.232033
0.205479
0.165022
0.116895
0.116394
0.0987544
0.0695113
0.129172
0.232033
0.232033
0.232033
0.145249
0.181026
0.0394081
0.0673373
0.0629408
0.126417
0.208945
0.231356
0.232033
0.196161
0.157936
0.109502
0.113341
0.0588463
0.113674
0.13461
0.232033
0.232033
0.181033
0.232033
0.18343
0.0600889
0.0656302
0.0964557
0.23275
0.23275
0.23275
0.173507
0.15288
0.0733059
0.0690049
0.0836342
0.106969
0.199863
0.215894
0.23275
0.204956
0.0904098
0.23275
0.119024
0.0457379
0.0859088
0.14807
0.230823
0.23275
0.200701
0.171032
0.17412
0.0750447
0.052118
0.143017
0.192
0.229041
0.23275
0.186369
0.12416
0.109329
0.0973376
0.0912821
0.118687
0.236849
0.2309
0.236849
0.236849
0.114742
0.236849
0.168474
0.0878194
0.0872475
0.0956104
0.117042
0.177379
0.0879421
0.0639124
0.125787
0.118582
0.0492035
0.169576
0.236849
0.236849
0.236849
0.236849
0.137485
0.133163
0.137875
0.123275
0.107707
0.236842
0.227757
0.236849
0.140484
0.0961506
0.0604015
0.110873
0.10955
0.117216
0.145604
0.192894
0.207373
0.122388
0.102217
0.118325
0.17621
0.0359836
0.0343088
0.04226
0.0524403
0.0707038
0.0350355
0.0868305
0.126401
0.149173
0.126137
0.153858
0.251433
0.251433
0.251433
0.208482
0.158285
0.0788531
0.136405
0.0732032
0.167595
0.185234
0.251433
0.251433
0.251433
0.203108
0.25011
0.244056
0.0519939
0.0384385
0.0488541
0.0812335
0.115659
0.0324193
0.0777276
0.0965643
0.15165
0.167715
0.0475083
0.0133782
0.122784
0.252241
0.00946866
0.0381126
0.0930006
0.252241
0.0674303
0.187776
0.216521
0.252241
0.252241
0.23424
0.242934
0.252241
0.252241
0.125113
0.159369
0.0545191
0.252241
0.252241
0.0649104
0.100505
0.216031
0.252241
0.108287
0.173788
0.268495
0.268495
0.268495
0.229338
0.0634408
0.113738
0.0883037
0.154947
0.140361
0.152998
0.268495
0.268495
0.251944
0.117254
0.125256
0.0885918
0.0229122
0.0302083
0.0281196
0.120555
0.268495
0.220242
0.110093
0.110115
0.0375705
0.0842804
0.112632
0.100505
0.23514
0.268495
0.160732
0.0485677
0.0562976
0.0272184
0.128667
0.124386
0.135005
0.221658
0.233104
0.178462
0.131887
0.109449
0.109565
0.0789775
0.211497
0.233104
0.228854
0.233104
0.144018
0.198857
0.141761
0.180707
0.05397
0.10889
0.125756
0.202921
0.233104
0.170323
0.0762246
0.0309259
0.0206306
0.110721
0.146212
0.233104
0.233104
0.233104
0.152406
0.14905
0.180791
0.104487
0.0698254
0.163395
0.182665
0.175522
0.222838
0.154735
0.210755
0.115456
0.133149
0.0737571
0.110949
0.10309
0.169779
0.23392
0.231512
0.191032
0.125057
0.0860832
0.0822927
0.126019
0.23392
0.23392
0.23392
0.152614
0.142139
0.134488
0.0857424
0.0403889
0.23392
0.167797
0.23392
0.23392
0.23392
0.050473
0.135184
0.0699322
0.0686113
0.0997891
0.126122
0.197537
0.237133
0.237133
0.167504
0.120853
0.0857665
0.0591727
0.136349
0.167246
0.221398
0.237133
0.146069
0.106572
0.0718764
0.0801671
0.0428787
0.199277
0.142141
0.237133
0.237133
0.222144
0.100198
0.147645
0.084698
0.118804
0.210065
0.21759
0.127557
0.237133
0.237133
0.237133
0.0416392
0.116002
0.0532514
0.163849
0.228983
0.228983
0.228983
0.168942
0.0932104
0.088517
0.105059
0.13924
0.135707
0.228983
0.207417
0.228983
0.144146
0.113351
0.0940138
0.148872
0.118788
0.173628
0.228983
0.17737
0.228983
0.228983
0.228983
0.0545644
0.148743
0.0715379
0.166153
0.172682
0.15034
0.228983
0.115975
0.155487
0.0992757
0.10479
0.109854
0.157973
0.238914
0.238914
0.238914
0.15884
0.110297
0.098296
0.140728
0.0544149
0.112298
0.181997
0.22924
0.238914
0.126377
0.144937
0.17642
0.1739
0.0712849
0.17911
0.203116
0.238914
0.238914
0.150707
0.14157
0.140546
0.114055
0.0245103
0.0749786
0.205747
0.238914
0.238914
0.108691
0.0915083
0.121433
0.0496455
0.0428391
0.107548
0.172103
0.242175
0.242175
0.115304
0.155709
0.192579
0.19142
0.0885185
0.108121
0.0442345
0.131919
0.232768
0.0545633
0.0762519
0.156723
0.217236
0.0275623
0.065225
0.208952
0.242175
0.242175
0.114903
0.120904
0.179278
0.127442
0.132889
0.139692
0.159468
0.242175
0.242175
0.130549
0.098897
0.217379
0.242175
0.019692
0.026022
0.031847
0.0998113
0.270757
0.270757
0.14783
0.116096
0.0405135
0.164189
0.216891
0.149446
0.245971
0.270757
0.239723
0.106992
0.0586082
0.0464565
0.00862508
0
0.0125798
0.146154
0.270757
0.270757
0.270757
0.1231
0.0515371
0.0221549
0.0173905
0.0145908
0.0720058
0.270757
0.270757
0.249653
0.14567
0.0634633
0.0809931
0.17036
0.169836
0.19668
0.24232
0.237069
0.154788
0.035489
0.0345017
0.147026
0.199948
0.24232
0.24232
0.24232
0.231619
0.24232
0.216099
0.15855
0.0149352
0.0154429
0.0135808
0.0612591
0.215074
0.24232
0.22732
0.136454
0.0640759
0.0230545
0.0518653
0.128584
0.154002
0.190874
0.130746
0.117231
0.128894
0.149909
0.0967683
0.152038
0.248634
0.248634
0.248634
0.205684
0.237866
0.149787
0.119248
0.0526993
0.248634
0.211798
0.248634
0.248634
0.248634
0.0509403
0.127424
0.0974535
0.0339823
0.0457566
0.0827468
0.117374
0.146719
0.0897311
0.092493
0.100217
0.1105
0.123116
0.113214
0.122845
0.248634
0.248634
0.248634
0.0954925
0.0368773
0.004686
0.0620382
0.21892
0.175796
0.243115
0.243115
0.243115
0.0980292
0.135664
0.104187
0.143239
0.226377
0.227034
0.1569
0.243115
0.243115
0.243115
0.0685441
0.134159
0.132232
0.117793
0.13976
0.243115
0.243115
0.200107
0.064432
0.0367234
0.00332383
0.00727149
0.0499035
0.101231
0.240054
0.191167
0.13392
0.0965087
0.0629297
0.0193034
0.154526
0.222918
0.230513
0.22999
0.230513
0.230513
0.230513
0.0836838
0.181729
0.106349
0.222358
0.201731
0.198894
0.230513
0.144457
0.194191
0.145574
0.143551
0.0107858
0.0739573
0.158352
0.230513
0.187309
0.139903
0.0847459
0.073595
0.0235385
0.0624353
0.0956695
0.137386
0.170036
0.230513
0.134343
0.158718
0.095595
0.0920989
0.0784161
0.187524
0.176434
0.205357
0.240567
0.147194
0.125614
0.143165
0.137568
0.0683504
0.114342
0.240567
0.240567
0.189233
0.157362
0.0671965
0.0758466
0.115256
0.0494519
0.0617252
0.150356
0.162737
0.234453
0.13919
0.11866
0.0887801
0.104412
0.191253
0.0980906
0.239602
0.240567
0.240567
0.240567
0.13913
0.139637
0.233237
0.0470947
0.07376
0.211364
0.226225
0.14714
0.134808
0.0716265
0.0979419
0.152489
0.128689
0.105211
0.121666
0.159086
0.195043
0.103783
0.0832037
0.164376
0.226225
0.120212
0.0798501
0.193971
0.226225
0.226225
0.226225
0.139459
0.138574
0.210591
0.197551
0.120953
0.18577
0.196092
0.226225
0.2017
0.120083
0.194817
0.226225
0.00811929
0.000560242
0.0150463
0.163383
0.270226
0.270226
0.236773
0.0928663
0.0389816
0.0144276
0.0104728
0.00938773
0.0304166
0.270226
0.270226
0.270226
0.128342
0.0490379
0.00417099
0.016715
0.0210245
0.270226
0.270226
0.270226
0.11951
0.037407
0.0153022
0.0792825
0.109803
0.0243105
0.206037
0.270226
0.270226
0.270226
0.055323
0.0475149
0.0150438
0.0105488
0.00646364
0.0296965
0.221264
0.272038
0.272038
0.142143
0.0678548
0.0261965
0.0516501
0.145552
0.177467
0.196453
0.157359
0.127827
0.139087
0.142788
0.040109
0.0722496
0.0280251
0.188648
0.272038
0.272038
0.272038
0.0588989
0.0587297
0.151636
0.166184
0.0463357
0.0229764
0.272038
0.272038
0.272038
0.151096
0.176737
0.0544982
0.0618607
0.109381
0.158032
0.198135
0.134891
0.126501
0.144268
0.141493
0.167501
0.118921
0.170258
0.271128
0.271128
0.271128
0.182967
0.0575788
0.0042137
0.102694
0.137526
0.0487607
0.0229777
0.271128
0.271128
0.271128
0.141479
0.131948
0.0554406
0.0243041
0.0287208
0.0772469
0.239552
0.271128
0.259068
0.11748
0.0292447
0.184722
0.140069
0.187888
0.248406
0.248406
0.248406
0.113378
0.0566647
0.00211295
0.0311442
0.0880815
0.175677
0.248406
0.248406
0.16971
0.0971452
0.104076
0.0265862
0.0443912
0.0436481
0.0342446
0.114244
0.248406
0.23822
0.215437
0.110992
0.00888124
0.108526
0.248406
0.192134
0.248406
0.248406
0.240772
0.0572915
0.075387
0.0296092
0.0213771
0.0792168
0.171538
0.265933
0.241278
0.131169
0.0437834
0.0908866
0.0295776
0.0822017
0.104982
0.202894
0.265933
0.265933
0.170151
0.187072
0.120473
0.103361
0.106665
0.199551
0.156549
0.265933
0.265933
0.14167
0.035176
0.0673835
0.0256304
0.0537966
0.094769
0.256435
0.265933
0.265933
0.14939
0.139794
0.111435
0.0107891
0.0568841
0.0678155
0.172845
0.211104
0.252303
0.13918
0.121034
0.107654
0.125036
0.211205
0.137713
0.252303
0.218064
0.252303
0.252303
0.139849
0.115049
0.252303
0.0527364
0.0843032
0.178076
0.252303
0.252303
0.0874447
0.107454
0.103878
0.0205925
0.0137009
0.039339
0.0762724
0.19712
0.252303
0.252303
0.0769158
0.109761
0.0572223
0.132479
0.115764
0.206379
0.177022
0.238824
0.238824
0.126723
0.121372
0.238824
0.20612
0.136886
0.144456
0.157365
0.238824
0.166967
0.122715
0.177891
0.238824
0.00778374
0.0535208
0.0691371
0.125842
0.238824
0.238824
0.0768893
0.0944
0.0496258
0.10325
0.0485313
0.090158
0.0607887
0.126844
0.202506
0.216317
0.238824
0.238824
