0.0605498
0.051482
0.0961785
0.353667
0.36573
0.0535334
0.00865893
0.00304026
0.00228756
0.00770401
0.00795949
0.00218297
0.0441452
0.36573
0.0456324
0.0110341
0.00570291
0.00437007
0.130737
0.0832125
0.103682
0.36573
0.36573
0.243375
0.0494015
0.0210466
0.0275387
0.0594844
0.0743677
0.0264069
0.159844
0.36573
0.168
0.0912512
0.0857499
0.0800748
0.0128721
0.00915331
0.00267118
0.0570637
0.388505
0.065037
0.0153387
0.0111008
0.0146318
0.0448858
0.00735732
0.00639769
0.143578
0.388505
0.0965849
0.00642382
0.0133542
0.0808183
0.0749618
0.0911462
0.0388887
0.179712
0.388505
0.22522
0.156718
0.122092
0.106969
0.032234
0.0461026
0.15081
0.253904
0.388505
0.323284
0.0456383
0.0408795
0.0335524
0.0448073
0.0114304
0.00408543
0.194426
0.355098
0.0842925
0.00609252
0.0109167
0.0739415
0.0399655
0.0164961
0.010792
0.147395
0.355098
0.141835
0.0481421
0.0675306
0.089772
0.0417487
0.056893
0.110567
0.244324
0.355098
0.255471
0.0535116
0.0659344
0.0490927
0.102117
0.0603703
0.0556909
0.195989
0.355098
0.310024
0.15692
0.141481
0.18985
0.0358137
0.0290314
0.0101449
0.259512
0.367089
0.086549
0.0316957
0.0369974
0.044569
0.0305558
0.0280325
0.0175548
0.118412
0.367089
0.0514922
0.0163047
0.0324116
0.0318282
0.104718
0.0703671
0.0480495
0.221103
0.367089
0.280988
0.14501
0.15761
0.226173
0.0878098
0.0807817
0.0506334
0.281138
0.367089
0.0544398
0.0652521
0.0399482
0.103835
0.057632
0.0328962
0.015856
0.145091
0.325149
0.0403199
0.012185
0.0169041
0.051938
0.211426
0.00200904
0.053356
0.281712
0.325149
0.163574
0.0617089
0.0175437
0.325149
0.100098
0.0708758
0.0466452
0.254323
0.325149
0.042742
0.0432625
0.0303813
0.149092
0.214779
0.00689091
0.00962154
0.150546
0.321047
0.0118372
0.0157778
0.0446983
0.325149
0.242399
0.00432859
0.0500716
0.216975
0.294002
0.174646
0.0665857
0.0173604
0.294002
0.230187
0.047803
0.0452403
0.129929
0.294002
0.154087
0.0718136
0.0167157
0.294002
0.245457
0.0102973
0.0089097
0.115353
0.241747
0.013493
0.0100868
0.0323457
0.294002
0.294002
0.0866499
0.0245722
0.0456976
0.0597663
0.00965814
0.00735503
0.0230308
0.294002
0.210021
0.0461113
0.0460111
0.133155
0.30444
0.127058
0.0501434
0.0235969
0.30444
0.221217
0.0371988
0.0165335
0.16858
0.30444
0.133123
0.0172185
0.00971699
0.303452
0.226975
0.0859239
0.0280584
0.0603999
0.0649156
0.0149327
0.0093093
0.118617
0.30444
0.195445
0.101977
0.0399034
0.229264
0.30444
0.00986854
0.00311022
0.121537
0.25003
0.161693
0.066749
0.0758847
0.366607
0.366607
0.250651
0.0457724
0.0157274
0.0230795
0.0413597
0.0669954
0.0286639
0.234819
0.366607
0.262682
0.0670411
0.0565109
0.0640245
0.0130209
0.0267602
0.0411624
0.366607
0.366607
0.0755532
0.0261606
0.0144524
0.0149334
0.0217232
0.0361355
0.0288511
0.129766
0.207339
0.0924837
0.033527
0.0276318
0.0264952
0.0512685
0.0833151
0.0379544
0.27888
0.368178
0.314579
0.112981
0.0847938
0.083337
0.0192753
0.0297916
0.101259
0.368178
0.368178
0.368178
0.0526533
0.031849
0.0200814
0.026549
0.0446548
0.0292265
0.143766
0.264881
0.102431
0.0585019
0.0351097
0.0360772
0.0213415
0.0210198
0.0576885
0.144777
0.254643
0.146641
0.0572679
0.0278447
0.0318122
0.0305104
0.0466061
0.0874747
0.322968
0.322968
0.322968
0.0497816
0.0519461
0.0287922
0.09777
0.0676164
0.0745693
0.298956
0.322968
0.322968
0.198317
0.0937026
0.169296
0.0219826
0.0314628
0.0535896
0.141818
0.274575
0.118378
0.0473156
0.0258652
0.0296206
0.122071
0.10718
0.0533591
0.107414
0.31478
0.0694418
0.0322496
0.0508674
0.0995073
0.0847957
0.0666718
0.0739334
0.292308
0.292308
0.292308
0.149388
0.0984927
0.175489
0.0881386
0.0945801
0.0710112
0.292308
0.292308
0.064699
0.0582969
0.0290104
0.108744
0.0902179
0.0778486
0.0539458
0.102835
0.269144
0.059079
0.0243969
0.0684969
0.122136
0.230837
0.200806
0.267518
0.227923
0.292308
0.0455149
0.115096
0.0496238
0.081795
0.110215
0.0863575
0.0627835
0.273885
0.273885
0.0455381
0.0424877
0.0339664
0.173876
0.246261
0.0108917
0.0158634
0.178443
0.273885
0.00982307
0.0154545
0.0679765
0.273885
0.217186
0.138033
0.170774
0.204239
0.273885
0.0509291
0.100915
0.115745
0.1916
0.15302
0.0796884
0.0962417
0.17465
0.273885
0.0704991
0.126789
0.166507
0.273885
0.281994
0.0164393
0.0146176
0.162295
0.281994
0.0134108
0.0181965
0.0693311
0.281994
0.281994
0.130315
0.0311445
0.0643679
0.112538
0.0139834
0.00970584
0.030835
0.281994
0.184108
0.054697
0.0566053
0.169427
0.281994
0.1092
0.165747
0.25756
0.281994
0.281994
0.0936474
0.0664698
0.0610524
0.150545
0.0276868
0.0205168
0.0295437
0.281994
0.253339
0.108075
0.0299359
0.0662708
0.123098
0.0273668
0.0316893
0.12057
0.28688
0.19671
0.0803393
0.0569278
0.28688
0.28688
0.0213593
0.0253618
0.12872
0.259758
0.228515
0.07031
0.049137
0.0747686
0.191903
0.0619326
0.0692861
0.0605102
0.28688
0.269092
0.0907437
0.122266
0.28688
0.28688
0.0523802
0.0454688
0.0322907
0.210558
0.00920282
0.0222271
0.0382529
0.394091
0.394091
0.104097
0.0323483
0.01902
0.0206516
0.0135658
0.0594801
0.0461819
0.316545
0.394091
0.273429
0.0282002
0.0129728
0.0228438
0.0240723
0.0332644
0.0454461
0.394091
0.394091
0.0113811
0.0248523
0.0430866
0.0439054
0.0609875
0.0653807
0.0410085
0.0365486
0.0488586
0.0204762
0.0237042
0.0433471
0.0436273
0.0243838
0.10845
0.0629398
0.366819
0.366819
0.366819
0.0735531
0.0273697
0.048705
0.035692
0.0259279
0.0510322
0.366819
0.366819
0.366819
0.199867
0.0765666
0.0634459
0.0862572
0.0766944
0.0649263
0.0556864
0.0744261
0.0469287
0.0632516
0.112097
0.111829
0.0782659
0.040637
0.0347145
0.0500105
0.050647
0.0569239
0.0606802
0.0887523
0.164712
0.0280936
0.0436945
0.0844854
0.325155
0.325155
0.277686
0.108875
0.0429705
0.0350112
0.264554
0.214958
0.1632
0.322935
0.325155
0.190444
0.0467793
0.0441505
0.199404
0.0488502
0.0422836
0.0438251
0.050722
0.0660731
0.0447481
0.050349
0.073289
0.0988159
0.167495
0.121412
0.0361988
0.148745
0.325155
0.0100251
0.021359
0.152069
0.159125
0.0858506
0.0767945
0.0936703
0.158807
0.313532
0.0806369
0.0105884
0.0372492
0.117929
0.241871
0.167632
0.258206
0.300195
0.313532
0.0385289
0.0608099
0.111463
0.17533
0.0865703
0.059853
0.0243399
0.0638056
0.14301
0.00353048
0.00822
0.0485511
0.10037
0.257965
0.068188
0.0283639
0.313532
0.313532
0.0060556
0.0281578
0.161394
0.313532
0.171913
0.0983324
0.132287
0.218545
0.26076
0.0298373
0.0483117
0.123675
0.201269
0.134365
0.0691869
0.0816917
0.139061
0.26076
0.0427316
0.100632
0.208396
0.26076
0.19782
0.0941852
0.06224
0.26076
0.26076
0.00936824
0.0259003
0.0920596
0.26076
0.105395
0.120898
0.23245
0.159592
0.153828
0.0441015
0.101028
0.232656
0.26076
0.170747
0.0779027
0.0674863
0.145207
0.260355
0.0719438
0.146089
0.260355
0.260355
0.260355
0.086221
0.0586632
0.0560577
0.131695
0.0274451
0.0185528
0.0261139
0.260355
0.140418
0.197743
0.260355
0.226271
0.189925
0.072054
0.152883
0.260355
0.253721
0.260355
0.0597335
0.0319023
0.0550357
0.0793304
0.0224078
0.0387096
0.120316
0.260355
0.210462
0.0732292
0.0507972
0.0752857
0.211286
0.0742214
0.0878905
0.0492588
0.272394
0.214669
0.0667386
0.130077
0.295558
0.295558
0.0632854
0.0647138
0.0212465
0.180623
0.206917
0.0620853
0.0296867
0.0761375
0.0881294
0.039281
0.10584
0.133908
0.295558
0.190053
0.20161
0.0533845
0.295558
0.295558
0.0885836
0.0622298
0.0834985
0.268324
0.0481722
0.0543119
0.0722271
0.459618
0.459618
0.016225
0.0327805
0.0653986
0.0680151
0.080939
0.116417
0.0606185
0.0565926
0.0734279
0.0384547
0.0339097
0.072808
0.0757991
0.0547788
0.112577
0.0547257
0.459618
0.459618
0.0630231
0.0561082
0.066428
0.0542917
0.0507493
0.170842
0.0649107
0.0408728
0.0576014
0.0366985
0.0367923
0.0642102
0.0853863
0.179407
0.189805
0.135245
0.128391
0.173309
0.118935
0.130669
0.23127
0.23127
0.158181
0.096353
0.0818378
0.134624
0.107243
0.105124
0.157926
0.23127
0.23127
0.107734
0.23127
0.105524
0.11077
0.174367
0.130982
0.151216
0.23127
0.23127
0.137765
0.172552
0.11057
0.0755444
0.148877
0.126351
0.193674
0.23127
0.23127
0.0887233
0.0777943
0.0794601
0.0960953
0.0864659
0.0620999
0.094162
0.156593
0.149977
0.266359
0.216482
0.0773077
0.267735
0.267735
0.020686
0.0375021
0.259181
0.263108
0.0957142
0.11745
0.0585135
0.0616854
0.142182
0.0819529
0.114975
0.155032
0.13264
0.258622
0.149164
0.0653842
0.267735
0.267735
0.0670444
0.0364627
0.267735
0.267735
0.0788016
0.063841
0.027827
0.0648358
0.129647
0.0047777
0.00802162
0.0447713
0.0957474
0.253753
0.0391259
0.00538181
0.338538
0.338538
0
0.000464301
0.20947
0.338538
0.0770337
0.0541711
0.0153027
0.0739543
0.141096
0.0125987
0.00872444
0.0332341
0.0888145
0.338538
0.0226484
0.00494231
0.338538
0.338538
0.00211217
0.00306384
0.0181116
0.338538
0.18576
0.0882449
0.0437308
0.262892
0.262892
0.00182865
0.00507062
0.11488
0.262892
0.136927
0.141208
0.150057
0.138923
0.170479
0.0237008
0.0930464
0.262892
0.262892
0.243073
0.0332223
0.016394
0.262892
0.262892
0.000822322
0.00665546
0.010363
0.262892
0.204666
0.0838715
0.0583681
0.146388
0.262892
0.00555401
0.00816996
0.0361988
0.256889
0.201011
0.268825
0.257815
0.210878
0.231876
0.0467927
0.149402
0.273296
0.261426
0.273296
0.0658639
0.0377018
0.0576174
0.0785502
0.0285637
0.0382303
0.0985138
0.273296
0.213633
0.115839
0.101358
0.184513
0.273296
0.0157356
0.0245287
0.08309
0.24553
0.214255
0.0288098
0.0266265
0.0208639
0.0321481
0.0141067
0.0228034
0.089644
0.273296
0.243927
0.0677113
0.0341727
0.0693531
0.0907409
0.0473936
0.08021
0.113816
0.294277
0.197345
0.167388
0.0484124
0.288909
0.294277
0.0783091
0.0378086
0.0572772
0.294277
0.137016
0.0635838
0.058532
0.0343394
0.0546759
0.0344037
0.0427912
0.10542
0.294277
0.0771301
0.164196
0.143211
0.248997
0.294277
0.240184
0.0247381
0.0460952
0.288226
0.0592656
0.10143
0.0568726
0.453744
0.453744
0.0557184
0.0511998
0.0688755
0.0642065
0.0486048
0.15352
0.0685171
0.0448758
0.063413
0.0382591
0.04526
0.070743
0.0816191
0.0487525
0.086349
0.053856
0.453744
0.453744
0.0345748
0.0780482
0.063759
0.0907067
0.101371
0.113598
0.0905039
0.036633
0.104974
0.0272112
0.0530427
0.082267
0.0814366
0.104964
0.19793
0.0964557
0.0879516
0.152184
0.117475
0.147833
0.233724
0.236462
0.104712
0.131517
0.110002
0.0790515
0.129971
0.128131
0.172051
0.236462
0.236462
0.173462
0.174028
0.134512
0.0595677
0.186175
0.0842694
0.168447
0.236462
0.236462
0.155592
0.129919
0.11221
0.092674
0.194269
0.12526
0.224836
0.236462
0.236462
0.0979342
0.101048
0.059564
0.0628125
0.122199
0.0849498
0.103667
0.170475
0.119331
0.222608
0.178442
0.0740115
0.262916
0.262916
0.0703578
0.0590008
0.262916
0.262916
0.128051
0.130707
0.102836
0.0625279
0.1064
0.0682082
0.148594
0.200654
0.187122
0.262916
0.201647
0.119572
0.213914
0.262916
0.0940633
0.1261
0.174827
0.262916
0.075309
0.0611381
0.0184713
0.0742988
0.125726
0.0127435
0.0121562
0.03597
0.0810937
0.337884
0.0238352
0.00612253
0.337884
0.337884
0.00273512
0.00417533
0.017273
0.337884
0.100795
0.0724217
0.0452046
0.0673761
0.122639
0.0163385
0.0236283
0.0269343
0.0869223
0.337884
0.0113074
0.00255477
0.337884
0.337884
0.00345736
0.00775447
0.0122201
0.337884
0.249378
0.0381124
0.0134528
0.260633
0.260633
0.000117077
0.00475821
0.0110394
0.260633
0.239655
0.104063
0.026239
0.160227
0.260633
0
0.00296784
0.0384573
0.260633
0.260633
0.0429452
0.0108652
0.260633
0.260633
3.90258e-05
0.00436683
0.00928131
0.260633
0.246663
0.0885006
0.0137299
0.172352
0.260633
0
0.00364993
0.00598017
0.244821
0.25543
0.146189
0.049767
0.189471
0.324861
0.00740381
0.0151909
0.0883929
0.257849
0.232977
0.0345026
0.0353354
0.0187613
0.0305048
0.0157597
0.0253369
0.0886199
0.324861
0.258077
0.151532
0.0308708
0.226353
0.324861
0.0099631
0.0162564
0.0301496
0.224373
0.324861
0.0850695
0.0474398
0.0113672
0.0157236
0.0201209
0.0289814
0.0390889
0.324861
0.170245
0.057917
0.0616764
0.0282362
0.0663085
0.0398061
0.0456653
0.115114
0.323993
0.100634
0.0942168
0.107802
0.225627
0.323993
0.242546
0.0492586
0.0373229
0.305651
0.217134
0.100857
0.0749707
0.0366042
0.0519733
0.0390586
0.0551466
0.0804134
0.323993
0.111143
0.0788394
0.0889616
0.237389
0.323993
0.127398
0.048866
0.0258395
0.322672
0.0602935
0.0839586
0.0521288
0.458595
0.458595
0.0306647
0.0760858
0.0719082
0.0995134
0.108005
0.0967602
0.0855475
0.0420166
0.112134
0.0321261
0.054671
0.0800774
0.0822084
0.0374137
0.0555251
0.0298173
0.458595
0.458595
0.0441133
0.0463066
0.0841741
0.0800096
0.0932641
0.0694899
0.0484503
0.029851
0.0933575
0.0743458
0.0531339
0.051469
0.065206
0.176505
0.150842
0.124005
0.0741413
0.195229
0.0971148
0.163991
0.229711
0.229711
0.145755
0.121636
0.119176
0.0955743
0.18673
0.136109
0.222983
0.229711
0.229711
0.125516
0.101914
0.0769368
0.0652296
0.192759
0.210611
0.149943
0.188828
0.220452
0.160017
0.0671257
0.0500978
0.0739962
0.213944
0.156419
0.196933
0.229711
0.229711
0.123719
0.132826
0.0963528
0.0707554
0.107358
0.0754978
0.142664
0.190657
0.162473
0.256649
0.22001
0.119304
0.19542
0.256649
0.121021
0.172162
0.171882
0.256649
0.13668
0.0942849
0.0475702
0.0740558
0.156699
0.0816314
0.119486
0.146236
0.1858
0.256649
0.141889
0.0753923
0.22975
0.256649
0.0357321
0.0975283
0.237604
0.256649
0.123216
0.0992036
0.0529643
0.0822563
0.144802
0.0285622
0.0418669
0.0343999
0.103159
0.339147
0.0501891
0.0123726
0.339147
0.339147
0.0132093
0.0233064
0.0331055
0.339147
0.122942
0.0742983
0.0337036
0.0953774
0.177612
0.0139946
0.030417
0.0622076
0.114004
0.288853
0.112853
0.0784922
0.191242
0.339147
0.0437225
0.084014
0.0845875
0.339147
0.272498
0.0655782
0.0170762
0.272498
0.272498
0.00596248
0.0114946
0.0208389
0.272498
0.272498
0.094082
0.0158583
0.217493
0.272498
0.00317673
0.00511435
0.0121487
0.272498
0.191412
0.0989508
0.0520881
0.165003
0.272498
0.0356536
0.0453763
0.0528929
0.244428
0.128068
0.06501
0.0343711
0.194647
0.272498
0.0342935
0.0545709
0.0542632
0.246746
0.226322
0.11176
0.0234657
0.206556
0.348429
0.0125269
0.0142166
0.0285864
0.208851
0.287641
0.0625002
0.0356068
0.0137284
0.0269655
0.0237281
0.0312198
0.0509526
0.348429
0.120056
0.0749014
0.0291455
0.207002
0.348429
0.0396977
0.0396368
0.0632261
0.237849
0.348429
0.0482414
0.035448
0.0479687
0.0518064
0.0183682
0.0322942
0.104464
0.348429
0.187776
0.0755128
0.0614959
0.0537271
0.0713838
0.0473935
0.0620298
0.0787335
0.284359
0.113703
0.0510242
0.0698495
0.253296
0.284359
0.152906
0.0843876
0.0356242
0.267614
0.284359
0.174301
0.0770181
0.124791
0.143587
0.0463635
0.0748763
0.0820151
0.284359
0.232409
0.168258
0.0787807
0.188869
0.284359
0.12797
0.147692
0.111746
0.284359
0.042252
0.0680438
0.0325298
0.456621
0.456621
0.0417622
0.0459706
0.0960018
0.0809932
0.097423
0.0750752
0.0486686
0.03414
0.0890181
0.0645093
0.0504062
0.0615137
0.0769865
0.057124
0.0658997
0.0416914
0.456621
0.456621
0.0414466
0.0479202
0.119287
0.0932162
0.106365
0.112272
0.0607629
0.0452894
0.106582
0.0344686
0.0479175
0.0912325
0.0823248
0.127199
0.111002
0.0772464
0.0896097
0.190005
0.19347
0.156734
0.226454
0.226454
0.136148
0.0738086
0.0439541
0.0757689
0.226454
0.159967
0.226454
0.226454
0.226454
0.195353
0.170748
0.107238
0.0660851
0.225801
0.118845
0.168054
0.226454
0.226454
0.162011
0.0850123
0.0474354
0.039599
0.11498
0.10494
0.226454
0.226454
0.226454
0.106429
0.0965674
0.0370814
0.079774
0.178458
0.0813478
0.132488
0.144
0.154613
0.266601
0.155177
0.0823226
0.221016
0.266601
0.0467326
0.121889
0.228758
0.266601
0.222472
0.12029
0.0357361
0.0443652
0.124658
0.0575673
0.135428
0.124421
0.17692
0.266601
0.172256
0.0362214
0.203088
0.266601
0.017709
0.0247839
0.266601
0.266601
0.148413
0.0912771
0.0403913
0.107278
0.193141
0.0190301
0.040412
0.0701274
0.134854
0.270884
0.178133
0.0843942
0.193974
0.270884
0.0490084
0.0984869
0.104384
0.270884
0.24497
0.170439
0.0365099
0.0814389
0.175759
0.00417503
0.00529762
0.109213
0.180251
0.270884
0.270884
0.1519
0.110276
0.270884
0.219104
0.0314982
0.156093
0.270884
0.245437
0.15122
0.0588878
0.179856
0.264042
0.0427377
0.0545594
0.070551
0.264042
0.169591
0.0868492
0.0369226
0.234438
0.264042
0.0390304
0.0516746
0.07598
0.264042
0.264042
0.264042
0.155664
0.11865
0.264042
0.14759
0.026979
0.0750826
0.166718
0.126851
0.0978441
0.0750339
0.195509
0.264042
0.150528
0.0646657
0.0478748
0.134355
0.126804
0.0724779
0.0223839
0.188114
0.342899
0.0369189
0.0298837
0.0673572
0.232236
0.342899
0.0430477
0.0348924
0.0466157
0.0568054
0.0258656
0.0326114
0.0920552
0.342899
0.107653
0.0829903
0.0691532
0.169647
0.339547
0.123974
0.0551618
0.0295481
0.0976478
0.342899
0.0235672
0.0359751
0.0259279
0.144264
0.0792231
0.134748
0.177646
0.342899
0.295537
0.143548
0.0688652
0.122483
0.138751
0.0544012
0.0691896
0.0696245
0.300269
0.198743
0.141682
0.0677343
0.179573
0.267922
0.132611
0.134411
0.100934
0.300269
0.205975
0.048563
0.0492205
0.0837047
0.24705
0.0754052
0.0819036
0.108438
0.300269
0.0888957
0.0404759
0.034179
0.191514
0.300269
0.173218
0.028858
0.0438092
0.215042
0.0581248
0.0769339
0.0429654
0.4485
0.4485
0.0370634
0.0507954
0.132018
0.0943199
0.0958143
0.110659
0.0670947
0.0537409
0.0977248
0.0304109
0.0558752
0.0969947
0.0927262
0.0924822
0.0731657
0.0401808
0.4485
0.4485
0.0225712
0.0636828
0.0924151
0.0811519
0.0664209
0.137088
0.0665168
0.0682053
0.0775933
0.0257894
0.0797463
0.0740324
0.0867809
0.173229
0.16402
0.112837
0.0894836
0.209895
0.102946
0.191524
0.233792
0.233792
0.153777
0.096872
0.0513728
0.0529749
0.14271
0.0873102
0.225361
0.233792
0.233792
0.111471
0.218771
0.106976
0.13897
0.135757
0.0847457
0.233792
0.233792
0.233792
0.123755
0.221863
0.0879925
0.126222
0.0561021
0.0427328
0.109492
0.233792
0.233792
0.187273
0.120916
0.0357862
0.0579285
0.166811
0.0487272
0.118938
0.129489
0.181213
0.274223
0.171979
0.0504586
0.208676
0.274223
0.016115
0.0236079
0.274223
0.274223
0.143594
0.120401
0.0364169
0.114496
0.17108
0.0287823
0.0816882
0.16783
0.160466
0.274223
0.175622
0.0521373
0.174654
0.274223
0.0286908
0.0591749
0.20055
0.274223
0.241071
0.160632
0.03951
0.0932363
0.210291
0.00414842
0.00613351
0.114408
0.189492
0.255608
0.255608
0.0978844
0.131382
0.255608
0.154596
0.0287761
0.133052
0.255608
0.255608
0.139008
0.0129013
0.123842
0.255608
0.00604743
0.0242597
0.075896
0.227452
0.255608
0.221651
0.0294807
0.251946
0.255608
0.0584037
0.010803
0.0216906
0.100876
0.258304
0.258304
0.119873
0.155856
0.258304
0.109259
0.0259095
0.0706778
0.216577
0.193184
0.128108
0.0943371
0.239054
0.258304
0.112186
0.0495393
0.0529212
0.199603
0.258304
0.25786
0.0327289
0.258304
0.258304
0.0412538
0.00758941
0.0129092
0.13044
0.176348
0.0860756
0.0782958
0.151488
0.174083
0.0293585
0.0199414
0.0100395
0.258005
0.199301
0.132776
0.0989247
0.244502
0.342567
0.110736
0.0564202
0.0436414
0.174271
0.342567
0.0493802
0.0672485
0.0734778
0.150781
0.0728262
0.132434
0.164528
0.342567
0.17674
0.0668611
0.0682282
0.130878
0.18414
0.0397129
0.0255568
0.0135265
0.263485
0.0857974
0.0263547
0.0344338
0.202863
0.342567
0.0380165
0.0554888
0.0782414
0.216027
0.321621
0.0802247
0.0861283
0.133562
0.299391
0.0865217
0.105494
0.130281
0.324719
0.139035
0.0641699
0.0513124
0.249926
0.324719
0.165177
0.0350171
0.0537036
0.324719
0.0624518
0.0165165
0.0393172
0.158519
0.324719
0.0534175
0.0561134
0.0696131
0.16603
0.0229211
0.0187425
0.0151602
0.0857832
0.324719
0.0973665
0.0354449
0.0403354
0.0490248
0.065423
0.0544983
0.0308914
0.425544
0.425544
0.0200322
0.0504016
0.0614514
0.0540679
0.0540044
0.0899009
0.0398265
0.0566397
0.0474593
0.0237587
0.0622583
0.0488619
0.0596124
0.0402953
0.0311817
0.0210968
0.425544
0.425544
0.0994395
0.046513
0.0262935
0.0435492
0.0426393
0.0419185
0.0220748
0.122982
0.425544
0.0903715
0.0424874
0.0246972
0.0289424
0.0903965
0.137833
0.0627937
0.101688
0.0784475
0.0699837
0.189226
0.153852
0.196855
0.0926785
0.131789
0.070392
0.0878522
0.0411029
0.0215159
0.0524193
0.225556
0.267817
0.0731545
0.0622837
0.0406703
0.213341
0.381501
0.194015
0.113872
0.0745569
0.110473
0.062422
0.0865564
0.0334139
0.235747
0.381501
0.381501
0.13874
0.150128
0.108926
0.120863
0.100676
0.0476327
0.10034
0.166242
0.0229909
0.0567681
0.145415
0.163222
0.259175
0.151439
0.0581859
0.146912
0.259175
0.0341133
0.0507046
0.17214
0.259175
0.111375
0.142492
0.0263669
0.151816
0.259175
0.259175
0.104043
0.127578
0.103956
0.163034
0.218774
0.053418
0.256313
0.259175
0.181352
0.16163
0.2221
0.231846
0.27322
0.144108
0.0187986
0.13745
0.27322
0.0152715
0.0270537
0.0782323
0.230831
0.27322
0.199119
0.0057764
0.266826
0.27322
0.0367855
0.0168132
0.0155686
0.105795
0.178849
0.151397
0.0229542
0.211198
0.27322
0.070124
0.0726053
0.118711
0.245123
0.145103
0.0442559
0.00572212
0.27322
0.27322
0.0542796
0.0363958
0.0175296
0.202716
0.290292
0.25017
0.0118601
0.290292
0.290292
0.0233109
0.0110877
0.0111616
0.147109
0.232076
0.113422
0.0951112
0.16083
0.135793
0.00467666
0.015548
0.0190135
0.290292
0.221234
0.0503367
0.00686943
0.290292
0.290292
0.0266779
0.0218295
0.0118855
0.290292
0.205572
0.104553
0.0287615
0.0903724
0.130252
0.013669
0.016955
0.0350669
0.2656
0.268347
0.124542
0.12101
0.195106
0.213004
0.0199176
0.0283657
0.0381846
0.268347
0.115948
0.0674546
0.057853
0.268347
0.268347
0.0355199
0.0447894
0.0905699
0.249665
0.268347
0.138971
0.0369011
0.131703
0.211255
0.0100728
0.0097074
0.0503314
0.268347
0.263442
0.104211
0.0301553
0.158378
0.218213
0.022837
0.0184815
0.210765
0.268347
0.130971
0.0567153
0.0949492
0.299531
0.299531
0.0971894
0.0998687
0.153066
0.299531
0.0512348
0.0521793
0.0383633
0.144494
0.299531
0.141073
0.06779
0.079849
0.0979235
0.285416
0.154753
0.0583158
0.221003
0.288559
0.0543018
0.044989
0.278318
0.299531
0.0894114
0.0697035
0.0566462
0.0889492
0.0743967
0.0608359
0.0459138
0.123233
0.192753
0.0270993
0.0571795
0.0119983
0.345635
0.410422
0.0718511
0.0256467
0.0133232
0.0224952
0.0272452
0.0229758
0.0109255
0.0447053
0.370788
0.0644733
0.0241188
0.0131944
0.0157281
0.0870461
0.151619
0.0325231
0.31987
0.410422
0.149737
0.0112375
0.00871327
0.000300595
0.00271431
0.0105999
0.016437
0.214518
0.410422
0.122645
0.0221035
0.00362457
6.52851e-05
0.0255185
0.0201652
0.012601
0.0414794
0.440397
0.0749148
0.0319591
0.0180568
0.0319953
0.0172662
0.0186908
0.0108386
0.0589222
0.329024
0.135561
0.0267411
0.0397064
0.0334904
0.0051884
0.0210011
0.0196879
0.241281
0.440397
0.151235
0.0177174
0.000107833
0.000126879
0.00032101
0.00489754
0.00880799
0.385224
0.440397
0.205073
0.0116311
0.000871568
0.000264189
0.0359017
0.0352802
0.0155152
0.0628008
0.367232
0.134104
0.0307808
0.0391374
0.0381793
0.050391
0.0627819
0.0189686
0.083542
0.330355
0.109717
0.0505943
0.059706
0.0640171
0.00215237
0.0149863
0.00941131
0.309761
0.414181
0.217653
0.00831437
0.00276564
0.001661
0.00233251
0.0409435
0.0496803
0.414181
0.414181
0.168028
0.0211842
0.00814481
0.00521254
0.134026
0.0947207
0.0307835
0.177784
0.356056
0.113583
0.0607809
0.0736717
0.166687
0.116761
0.0457978
0.025741
0.282322
0.356056
0.0530785
0.033558
0.0213038
0.162553
0.0252298
0.0513344
0.0492867
0.356056
0.356056
0.205431
0.0521628
0.0314466
0.052947
0.0871617
0.0762063
0.0441088
0.158322
0.351371
0.111757
0.106259
0.0680918
0.0998403
0.252615
0.0686741
0.0412752
0.284995
0.284995
0.0372224
0.03146
0.0250353
0.284995
0.26892
0.130609
0.0301659
0.0787637
0.151947
0.014065
0.0196208
0.053019
0.284995
0.176917
0.107997
0.059931
0.20087
0.284995
0.126736
0.152521
0.106359
0.243435
0.22914
0.0812288
0.0292307
0.0964567
0.215102
0.0446028
0.0335864
0.0317732
0.284995
0.282375
0.156873
0.0432228
0.112711
0.20525
0.0116052
0.00971023
0.0676196
0.282375
0.256103
0.0954935
0.0400623
0.173034
0.213958
0.0346948
0.0162364
0.206011
0.282375
0.282375
0.11355
0.081634
0.146694
0.275872
0.0227704
0.019454
0.0346764
0.282375
0.282375
0.083296
0.101783
0.0951895
0.0849566
0.0237174
0.0193902
0.077491
0.282375
0.283175
0.154779
0.0923874
0.271512
0.283175
0.0779388
0.0427686
0.283175
0.283175
0.0962918
0.0757883
0.0563023
0.0867206
0.0988267
0.0773164
0.0455549
0.113021
0.201585
0.283175
0.172778
0.24109
0.198818
0.13204
0.0538707
0.0477713
0.12426
0.283175
0.135965
0.0552
0.082871
0.0658741
0.105653
0.116708
0.0500889
0.0451325
0.283175
0.110677
0.205133
0.0301142
0.369581
0.425511
0.184594
0.0202453
0.0152563
0.00216791
0.00455225
0.0197923
0.0273169
0.176015
0.425511
0.173166
0.0294905
0.00524626
0.000227043
0.029944
0.0287088
0.0217006
0.331203
0.425511
0.0402076
0.0276556
0.0228688
0.0241292
0.00688846
0.0235134
0.0408384
0.073345
0.20245
0.046542
0.0281604
0.0151017
0.00735215
0.008177
0.0336639
0.0315801
0.209633
0.472642
0.217569
0.0258821
0.000866183
0.00139805
0.00715743
0.00993713
0.0130552
0.335297
0.472642
0.329184
0.0194768
0.00697277
0.00200087
0.0089188
0.0215976
0.0357106
0.0770473
0.27744
0.0682986
0.038443
0.020785
0.0193625
0.0416268
0.0520497
0.0192119
0.117365
0.326907
0.0656026
0.0916048
0.0823096
0.0304164
0.00477494
0.0105172
0.0133021
0.228843
0.400808
0.261704
0.0150248
0.00354557
0.00476977
0.0298548
0.0276764
0.0277626
0.300858
0.400808
0.203687
0.0254302
0.00444714
0.00292704
0.0299352
0.0384213
0.013684
0.0645505
0.274909
0.0568223
0.057823
0.0415443
0.0465283
0.0389053
0.0427336
0.0283282
0.400808
0.400808
0.0216542
0.0318362
0.025997
0.0425449
0.0425622
0.0291248
0.0397817
0.287639
0.318964
0.199487
0.0476024
0.0244076
0.0428142
0.0982847
0.0687414
0.0537521
0.12359
0.318964
0.0856432
0.0859711
0.0661327
0.0988809
0.139626
0.0519228
0.0314789
0.296732
0.318964
0.0286913
0.0328246
0.0268241
0.22059
0.238575
0.0609426
0.0143333
0.28851
0.318964
0.0117958
0.0165089
0.0509103
0.300938
0.199444
0.106252
0.0841716
0.192115
0.289826
0.0954757
0.127138
0.119756
0.248996
0.212751
0.0902461
0.0256727
0.0839547
0.230315
0.034001
0.03611
0.0401321
0.287024
0.289826
0.0911542
0.0108276
0.289826
0.289826
0.0176661
0.0285191
0.0905249
0.289826
0.196648
0.149633
0.0272767
0.043599
0.181812
0.0512057
0.0223942
0.0785713
0.242705
0.279225
0.118337
0.069085
0.136644
0.287956
0.0187622
0.023581
0.0421554
0.287956
0.287956
0.0743257
0.0984962
0.0974203
0.079742
0.0250682
0.0223242
0.0732908
0.287956
0.262525
0.173264
0.028927
0.0818536
0.287956
0.0390101
0.0260177
0.0749471
0.287956
0.287956
0.0548923
0.0189073
0.0900191
0.210749
0.0293433
0.0232359
0.0969245
0.287956
0.314244
0.161205
0.249691
0.220286
0.13179
0.0564786
0.0570973
0.12431
0.314244
0.124309
0.0534259
0.0658541
0.0598871
0.11452
0.110342
0.0444838
0.0391306
0.293292
0.314244
0.107665
0.0489602
0.187778
0.314244
0.0537727
0.0560133
0.118634
0.314244
0.142489
0.0696841
0.0615061
0.0746937
0.113346
0.0479546
0.0218307
0.060447
0.256755
0.0258969
0.0311025
0.027974
0.376603
0.376603
0.0631225
0.0374708
0.0329186
0.027571
0.010944
0.0335183
0.0575435
0.0510254
0.126729
0.0823516
0.0323296
0.0145449
0.00916058
0.29164
0.166895
0.0167477
0.290221
0.376603
0.227814
0.0354548
0.0107393
0.004305
0.00294608
0.0133001
0.0370649
0.0772742
0.376603
0.360461
0.0586415
0.00686662
0.00558133
0.0167339
0.0373576
0.0584036
0.0570102
0.209867
0.156954
0.0621897
0.0282393
0.027208
0.0715751
0.0664108
0.0440582
0.0868915
0.263968
0.145442
0.125634
0.146377
0.0655159
0.00354427
0.0141873
0.0754211
0.180537
0.398886
0.398886
0.0655712
0.0140129
0.0117557
0.0222537
0.0172858
0.0706894
0.257497
0.398886
0.398886
0.0683486
0.0831344
0.0544989
0.0486051
0.0455001
0.028204
0.0463608
0.202854
0.101137
0.0833912
0.0697652
0.0774199
0.144901
0.069482
0.0331735
0.400824
0.400824
0.0308508
0.0462888
0.0525185
0.0761707
0.0199545
0.0155072
0.0685139
0.232867
0.400824
0.244533
0.0359574
0.0398339
0.0295924
0.109795
0.0538166
0.0649881
0.293577
0.400824
0.0904673
0.0211747
0.0515093
0.0494901
0.177354
0.0520203
0.0300716
0.24539
0.286592
0.0181526
0.0347326
0.0373293
0.233548
0.24434
0.0454527
0.015099
0.278529
0.286592
0.00152121
0.0187422
0.0489813
0.286592
0.0965089
0.0307241
0.03998
0.207996
0.286592
0.0450354
0.0528551
0.0348444
0.136197
0.108773
0.0759098
0.127486
0.286592
0.286592
0.121319
0.10697
0.0799171
0.256926
0.291807
0.060871
0.0097139
0.291807
0.291807
0.00141165
0.0238949
0.083091
0.291807
0.1613
0.11964
0.0232834
0.04122
0.186781
0.03891
0.0215159
0.0679661
0.216787
0.211326
0.0802448
0.104065
0.291807
0.291807
0.177727
0.202953
0.125306
0.291807
0.127524
0.116151
0.0713038
0.0838163
0.183421
0.109075
0.0929635
0.0646578
0.104777
0.241448
0.150144
0.0221131
0.088518
0.275118
0.0343738
0.0260045
0.0754728
0.275118
0.275118
0.0487779
0.0157848
0.0979977
0.231014
0.0241218
0.0226803
0.0963302
0.275118
0.217334
0.165297
0.0656436
0.120677
0.275118
0.161037
0.116597
0.0869133
0.172208
0.274084
0.0571141
0.00994026
0.147066
0.268898
0.0340816
0.136906
0.103342
0.275118
0.309266
0.0745024
0.0357377
0.177556
0.309266
0.0408147
0.0464941
0.105577
0.309266
0.0989667
0.0428316
0.0427454
0.0626956
0.0970734
0.0604611
0.0275369
0.0531847
0.211126
0.309266
0.0864786
0.0346187
0.207883
0.309266
0.0636747
0.142749
0.114399
0.309266
0.059055
0.0160731
0.0265286
0.224557
0.309266
0.161773
0.0571842
0.0407365
0.152124
0.145578
0.173804
0.0200413
0.22325
0.415456
0.174367
0.0178098
0.00923114
0.00217534
0.00350572
0.0108158
0.0252192
0.094366
0.415456
0.233742
0.0312199
0.00420969
0.00495893
0.128925
0.117438
0.00728791
0.201683
0.415456
0.0861209
0.00901336
0.0012508
0
0
9.24425e-05
0.00196336
0.148108
0.415456
0.10566
0.00788203
0.000395002
0
0.00313991
0.00786045
0.0312578
0.125353
0.427896
0.244442
0.0307618
0.00815027
0.00663633
0.0140007
0.00527623
0.037243
0.173268
0.427896
0.246464
0.0287887
0.0514192
0.0372614
0
0.000170324
0.00479475
0.201373
0.427896
0.0828236
0.00669141
0
0
0
0
0.00294267
0.171586
0.427896
0.125459
0.0116945
0.00203981
0.00145589
0.0138474
0.00676974
0.0403167
0.178529
0.420017
0.164344
0.022645
0.0310377
0.0243247
0.105621
0.0463574
0.0563731
0.232272
0.420017
0.0652345
0.022063
0.0337919
0.0397316
0.000756908
0.000317237
0.00517325
0.169974
0.420017
0.103074
0.0116219
0.00127806
0.000849678
0.0836646
0.0374034
0.0436827
0.285034
0.420017
0.130092
0.0708286
0.0214601
0.0018319
0.0992227
0.0283816
0.0397465
0.200245
0.31253
0.0417327
0.0402057
0.0286635
0.127153
0.113184
0.071088
0.093654
0.246082
0.31253
0.0925937
0.0628602
0.0484244
0.231209
0.0874982
0.019534
0.0305354
0.180456
0.31253
0.131035
0.0606146
0.0179169
0.13757
0.310292
0.186148
0.180222
0.147514
0.31253
0.128743
0.0577651
0.060139
0.301292
0.197346
0.0663575
0.0827905
0.279579
0.279579
0.141542
0.120457
0.0847584
0.279579
0.0986662
0.0882307
0.0486154
0.0712054
0.182924
0.0717092
0.055777
0.0512869
0.0986884
0.279579
0.179664
0.152293
0.185292
0.279579
0.210364
0.0890044
0.113765
0.279579
0.149609
0.157923
0.108693
0.211053
0.279579
0.0509781
0.0446547
0.0822343
0.109187
0.168005
0.119068
0.048485
0.122395
0.26104
0.10508
0.0762644
0.0776158
0.173338
0.193576
0.0461176
0.0301197
0.111056
0.244628
0.0618926
0.102555
0.132361
0.26104
0.194115
0.174922
0.0979036
0.26104
0.26104
0.113189
0.0925854
0.165443
0.255445
0.120885
0.0337642
0.0565683
0.160802
0.24388
0.0595988
0.208488
0.242694
0.26104
0.153572
0.0450902
0.0360213
0.122531
0.274482
0.0533713
0.0822743
0.100934
0.301356
0.0257722
0.00564017
0.0149067
0.115877
0.301356
0.10967
0.0352024
0.0303577
0.0801631
0.0989509
0.0288625
0.0592263
0.152635
0.301356
0.0838185
0.18201
0.190976
0.301356
0.0224499
0.0195079
0.0459762
0.301356
0.301356
0.245899
0.0514151
0.216162
0.237035
0.0820901
0.168356
0.0162796
0.268556
0.413689
0.0817953
0.00593629
0.00306918
0.000496553
0
0.00203705
0.00911926
0.198847
0.413689
0.0858992
0.00329206
0.000400993
0
0.0171162
0.156317
0.0400891
0.293146
0.413689
0.0587277
0.0272054
0.013989
0.00276366
0
0.00412355
0.0263354
0.187653
0.413689
0.0402172
0.00452697
0.000394688
0
0.000144053
0.0029734
0.00997516
0.249661
0.441963
0.0741519
0.00737704
0.000419643
0.000408499
0.000329685
0.000137917
0.00117449
0.213012
0.441963
0.134003
0.0218971
0.00884278
0.00480009
0.000587017
0.00596448
0.0247775
0.197627
0.441963
0.0659306
0.0155149
0.00835042
0.00362252
0.0126087
0.00176081
0.00715868
0.109302
0.441963
0.132873
0.0800257
0.0378772
0.0688242
0.000559651
0.00130256
0.000586639
0.182607
0.390251
0.108903
0.022495
0.00491514
0.00288991
0.131656
0.053362
0.056497
0.295236
0.390251
0.106504
0.06105
0.0192729
0.00278269
0.00769251
0.0039114
0.00340183
0.0815357
0.390251
0.14655
0.0800075
0.0314561
0.0448477
0.335965
0.057084
0.040728
0.236351
0.390251
0.0682776
0.0283572
0.0390321
0.0288052
0.106671
0.029894
0.0391121
0.199695
0.288082
0.116083
0.0480655
0.0192877
0.134099
0.288082
0.192341
0.171074
0.136595
0.288082
0.128012
0.0381164
0.0462778
0.288082
0.273629
0.0402788
0.0312479
0.140737
0.288082
0.0720226
0.0247284
0.047075
0.18785
0.282861
0.084006
0.0584249
0.17122
0.212413
0.0305676
0.0226824
0.0488454
0.288082
0.282239
0.167358
0.148612
0.183747
0.282239
0.19186
0.0526976
0.0855716
0.282239
0.11631
0.138805
0.0877558
0.199561
0.282239
0.0299698
0.0335562
0.0658944
0.10668
0.282239
0.0778855
0.0637874
0.212323
0.282239
0.0358502
0.0222417
0.0839405
0.282239
0.0847756
0.0827515
0.06071
0.213909
0.282239
0.0257786
0.0387534
0.0292471
0.0579349
0.140349
0.141694
0.0800835
0.299516
0.299516
0.0597464
0.0705844
0.122118
0.23179
0.142595
0.0312493
0.066842
0.137182
0.178634
0.0855022
0.153221
0.212693
0.299516
0.129076
0.0979349
0.0810488
0.299516
0.299516
0.0308273
0.0363144
0.0603112
0.0703038
0.224636
0.017061
0.0441798
0.0909606
0.0959395
0.028264
0.0749622
0.256044
0.299516
0.130506
0.0316252
0.0737302
0.147246
0.247891
0.10234
0.161898
0.183866
0.311887
0.0233391
0.0165267
0.0459381
0.311887
0.311887
0.225647
0.0356158
0.156398
0.194194
0.193322
0.0281076
0.0559487
0.0896883
0.150493
0.0420156
0.0673895
0.235073
0.311887
0.0524395
0.0260905
0.043685
0.166647
0.311887
0.158668
0.0461911
0.0847056
0.134572
0.0209423
0.121752
0.0300332
0.22788
0.381119
0.0796839
0.0228731
0.0124643
0.00268733
0
0.00599975
0.0326902
0.13059
0.381119
0.0694229
0.00524841
0.00037181
0
0.0700219
0.150516
0.129169
0.381119
0.381119
0.167475
0.0459028
0.0252888
0.0157592
0.00704037
0.029012
0.0457948
0.286689
0.381119
0.122072
0.0066231
0.0116665
0.00777748
0.0005764
0.00941838
0.0334647
0.138277
0.376308
0.0971702
0.0157166
0.00691462
0.0031782
0.00943306
0.00223879
0.00764601
0.0585315
0.376308
0.203947
0.0672117
0.0368356
0.048487
0.000991588
0.0350097
0.048439
0.332546
0.376308
0.194203
0.0110569
0.0227983
0.017252
0.000665627
0.00843605
0.0116462
0.232153
0.376308
0.376308
0.0329451
0.0160614
0.0150867
0.00679741
0.00641724
0.00648153
0.0528188
0.351468
0.213629
0.0727937
0.032075
0.0350179
0.27836
0.0655964
0.0487553
0.205657
0.351468
0.0808509
0.0201473
0.0359102
0.0252072
0.00452788
0.00628183
0.0142539
0.204095
0.351468
0.351468
0.0331901
0.0151107
0.0192213
0.125248
0.0291962
0.0574552
0.234108
0.351468
0.181611
0.0640233
0.0747065
0.173165
0.258752
0.0571953
0.0470142
0.141759
0.304212
0.0900116
0.0196117
0.0453356
0.191781
0.280246
0.076927
0.0460959
0.148199
0.206622
0.0428309
0.0277591
0.037953
0.304212
0.175511
0.0266978
0.058771
0.168606
0.304212
0.184252
0.0673593
0.0767091
0.304212
0.304212
0.118061
0.0429898
0.0763385
0.106164
0.0191247
0.0131291
0.0916714
0.304212
0.315062
0.0741306
0.0579059
0.193952
0.315062
0.0409617
0.0298928
0.0613864
0.315062
0.0696355
0.0791777
0.0520384
0.210329
0.315062
0.0247765
0.0418769
0.0266296
0.0580434
0.315062
0.139422
0.0996617
0.134133
0.219812
0.0191576
0.0177967
0.115241
0.315062
0.0927383
0.0910599
0.0812463
0.184827
0.315062
0.0430036
0.0387449
0.054252
0.119352
0.0889439
0.0868855
0.0667704
0.300693
0.328352
0.0176379
0.0330286
0.0427581
0.0484328
0.23594
0.0114206
0.0219516
0.109726
0.10903
0.0385044
0.0713526
0.213031
0.328352
0.0691779
0.117344
0.146618
0.295486
0.328352
0.0309294
0.0298889
0.0473719
0.045089
0.328352
0.0393345
0.0170595
0.121665
0.224138
0.0334673
0.0400339
0.0987913
0.328352
0.251323
0.0261219
0.0469584
0.124359
0.192546
0.05771
0.0813451
0.24008
0.341196
0.054319
0.0238766
0.0419934
0.225588
0.341196
0.137656
0.0388901
0.0543109
0.124178
0.341196
0.040232
0.0245386
0.119616
0.267048
0.0466941
0.0471761
0.113226
0.341196
0.0253833
0.0230128
0.0267446
0.135525
0.341196
0.0728617
0.02586
0.0129628
0.0726087
