0.0782929
0.122771
0.162399
0.223957
0.24405
0.184015
0.105758
0.16538
0.12491
0.12571
0.217014
0.103887
0.170133
0.24405
0.24405
0.115428
0.211421
0.24405
0.082475
0.096582
0.179517
0.200307
0.20053
0.105144
0.121691
0.10589
0.15551
0.114107
0.197655
0.122
0.123111
0.205075
0.101687
0.10814
0.222204
0.172692
0.14752
0.178995
0.152842
0.242865
0.249401
0.249401
0.158592
0.249401
0.249401
0.0571703
0.138326
0.127772
0.249401
0.249401
0.113794
0.162964
0.103428
0.106779
0.113035
0.210172
0.126078
0.164871
0.249401
0.102637
0.116918
0.221087
0.182545
0.0923054
0.128009
0.0976259
0.0949462
0.116571
0.079621
0.0751243
0.098678
0.133305
0.10402
0.179184
0.214312
0.265588
0.265588
0.181115
0.168322
0.127755
0.101437
0.14627
0.202465
0.137517
0.179434
0.265588
0.215129
0.22783
0.169034
0.15806
0.120936
0.190303
0.146941
0.124872
0.124104
0.0862965
0.0852754
0.110148
0.137961
0.0779203
0.145717
0.198317
0.154605
0.145946
0.138154
0.153112
0.152228
0.140347
0.142277
0.220196
0.151926
0.174156
0.265387
0.265387
0.222711
0.17958
0.129706
0.0658595
0.0684566
0.0969788
0.207518
0.265387
0.265387
0.142144
0.112039
0.101635
0.0792067
0.189198
0.220562
0.140982
0.149464
0.133312
0.142418
0.167159
0.117565
0.0566625
0.124388
0.214354
0.115788
0.217922
0.10107
0.110157
0.146383
0.104061
0.0779499
0.0873548
0.120166
0.272403
0.290729
0.290729
0.134236
0.134097
0.10895
0.140707
0.103838
0.111809
0.290729
0.290729
0.182456
0.0460177
0.109593
0.113014
0.0760593
0.097285
0.208441
0.13003
0.268654
0.122282
0.150968
0.170632
0.119934
0.102534
0.11625
0.155354
0.101581
0.24997
0.0830995
0.145041
0.129607
0.116967
0.135239
0.107399
0.105329
0.268986
0.268986
0.228901
0.0576515
0.128618
0.0955467
0.0631724
0.104223
0.0912834
0.261166
0.268986
0.199262
0.228532
0.186491
0.199208
0.128596
0.109395
0.133836
0.126943
0.21318
0.0727051
0.154542
0.135816
0.126151
0.109555
0.122792
0.0710209
0.156902
0.228816
0.179097
0.261353
0.130695
0.0690919
0.0779948
0.123117
0.102877
0.246323
0.262166
0.233486
0.18584
0.154111
0.118584
0.103467
0.174009
0.122952
0.262166
0.262166
0.262166
0.0903068
0.191749
0.220495
0.109067
0.131617
0.100072
0.154004
0.165745
0.137213
0.222407
0.142727
0.0662926
0.0909983
0.117454
0.0969423
0.154291
0.202091
0.133958
0.132695
0.174189
0.10283
0.108983
0.131184
0.212621
0.212621
0.212621
0.113857
0.132087
0.138246
0.178691
0.172535
0.212621
0.165808
0.126372
0.212621
0.135559
0.130559
0.212621
0.212621
0.145935
0.181083
0.136913
0.161194
0.212621
0.168425
0.0639704
0.178837
0.194088
0.0890834
0.0875164
0.0964516
0.098484
0.174662
0.212621
0.194053
0.212621
0.15825
0.174308
0.219586
0.161471
0.150699
0.219586
0.12885
0.127062
0.219586
0.219586
0.115395
0.147029
0.120011
0.116081
0.165847
0.103751
0.0927208
0.0952697
0.155647
0.148545
0.144632
0.135201
0.156324
0.219586
0.218687
0.203949
0.219586
0.144104
0.163747
0.139352
0.13454
0.132427
0.219586
0.0884092
0.21662
0.205985
0.180705
0.131682
0.210468
0.169168
0.146845
0.172557
0.108711
0.100862
0.106041
0.14854
0.0767227
0.136042
0.215736
0.184759
0.155973
0.162695
0.178211
0.1472
0.131589
0.215736
0.215736
0.215736
0.215736
0.215736
0.0859015
0.185567
0.139893
0.155049
0.105808
0.164639
0.166153
0.201989
0.200932
0.184093
0.208524
0.136114
0.124013
0.0870649
0.203936
0.209235
0.185609
0.209235
0.201005
0.209235
0.195676
0.130863
0.0646941
0.142117
0.209235
0.158523
0.209235
0.132742
0.168423
0.187786
0.115135
0.147534
0.209235
0.193339
0.209235
0.209235
0.209235
0.209235
0.118945
0.132564
0.0780869
0.125232
0.0836548
0.113064
0.12206
0.118447
0.151159
0.15439
0.17524
0.0959324
0.120932
0.214751
0.15777
0.214751
0.165334
0.214751
0.214751
0.141437
0.138132
0.142308
0.214751
0.123666
0.214751
0.124065
0.200029
0.201902
0.177015
0.100855
0.162595
0.112765
0.120514
0.128402
0.155004
0.196701
0.13302
0.185807
0.141761
0.181307
0.107668
0.140483
0.214751
0.214751
0.214751
0.0933537
0.135893
0.175266
0.137365
0.215717
0.148243
0.215717
0.100734
0.201502
0.210661
0.182524
0.138652
0.167189
0.110658
0.159164
0.215717
0.215717
0.215717
0.139496
0.138201
0.147558
0.182578
0.136314
0.153277
0.210799
0.190907
0.178711
0.0811148
0.171499
0.117021
0.167643
0.147273
0.215717
0.184102
0.145287
0.109885
0.0674234
0.127952
0.155414
0.188689
0.155429
0.192504
0.216517
0.204367
0.216517
0.172497
0.112252
0.158437
0.151357
0.141135
0.216517
0.216517
0.216517
0.214543
0.216517
0.15399
0.136702
0.161738
0.125735
0.176289
0.187198
0.13935
0.0926854
0.0891684
0.168066
0.1469
0.153919
0.13043
0.102841
0.153076
0.216517
0.177864
0.0579968
0.0824754
0.149317
0.171914
0.156664
0.182875
0.221723
0.157228
0.0635635
0.205488
0.197618
0.102098
0.0868903
0.154698
0.122064
0.178654
0.221723
0.192281
0.209821
0.187742
0.117027
0.221723
0.192335
0.198207
0.221723
0.221723
0.154518
0.109356
0.177689
0.0864212
0.110043
0.142073
0.0817646
0.125783
0.11853
0.123628
0.176652
0.221723
0.15042
0.154032
0.170704
0.164959
0.213542
0.197554
0.184579
0.213542
0.170573
0.161863
0.171628
0.160811
0.149673
0.213542
0.11285
0.20349
0.154694
0.165019
0.129654
0.177965
0.143061
0.0878831
0.170533
0.0970642
0.119454
0.160494
0.213542
0.172231
0.213542
0.151756
0.143868
0.213542
0.13447
0.14927
0.164235
0.12787
0.217108
0.217108
0.217108
0.217108
0.217108
0.0951597
0.187068
0.133044
0.136917
0.103069
0.165904
0.190433
0.21405
0.215922
0.154319
0.185906
0.116112
0.127468
0.20191
0.217108
0.171051
0.18593
0.217108
0.131597
0.128943
0.141631
0.105945
0.157542
0.193081
0.0765346
0.128067
0.144345
0.137943
0.169594
0.0701189
0.0828801
0.132118
0.206292
0.207991
0.209136
0.209136
0.201655
0.209136
0.140566
0.157534
0.0610649
0.110582
0.0787449
0.141102
0.148444
0.111338
0.148959
0.175375
0.185005
0.151093
0.209136
0.0846045
0.136446
0.176047
0.190197
0.182845
0.131981
0.141257
0.0812096
0.188842
0.209136
0.197589
0.209136
0.201563
0.16473
0.172346
0.141592
0.0740965
0.126886
0.0846102
0.118542
0.134
0.132373
0.183684
0.140054
0.183245
0.105983
0.15765
0.106118
0.120318
0.186085
0.191896
0.20054
0.0925761
0.132936
0.119456
0.21469
0.177654
0.183433
0.221876
0.221876
0.167626
0.185845
0.157959
0.0765412
0.108134
0.203291
0.194284
0.221876
0.190419
0.221876
0.221876
0.207039
0.112984
0.167163
0.13624
0.138282
0.184564
0.167475
0.174809
0.0952706
0.156889
0.113788
0.163824
0.169922
0.180226
0.179785
0.113615
0.107418
0.092458
0.100386
0.151287
0.186547
0.211434
0.2144
0.218607
0.196795
0.206239
0.218607
0.202497
0.134897
0.0718591
0.17259
0.183151
0.19997
0.218607
0.218607
0.153907
0.0809961
0.154422
0.177336
0.164145
0.191577
0.213615
0.142807
0.10856
0.1409
0.148038
0.179753
0.140783
0.153893
0.12928
0.194614
0.213615
0.213615
0.104759
0.112425
0.185425
0.125979
0.194366
0.193583
0.213566
0.213615
0.213615
0.159805
0.121218
0.148425
0.139055
0.107041
0.103283
0.192717
0.181687
0.213615
0.138163
0.123413
0.12502
0.22513
0.22513
0.22513
0.22513
0.22513
0.17322
0.187518
0.22513
0.101086
0.135135
0.215811
0.117269
0.131962
0.133808
0.143825
0.19276
0.22513
0.0896233
0.189758
0.187409
0.184337
0.157429
0.167468
0.1692
0.212726
0.106825
0.0504488
0.0981433
0.105333
0.124419
0.10154
0.156586
0.101538
0.153084
0.154466
0.133621
0.218277
0.202958
0.13466
0.188853
0.117718
0.138428
0.185931
0.218277
0.205391
0.218277
0.199296
0.218277
0.218277
0.166353
0.137935
0.192687
0.132817
0.0485932
0.133714
0.119172
0.140157
0.119333
0.149682
0.139439
0.11381
0.126049
0.0722931
0.218277
0.218277
0.16001
0.213683
0.0838233
0.170662
0.196685
0.111063
0.210766
0.212571
0.194604
0.212571
0.212571
0.14505
0.134974
0.193673
0.105044
0.170657
0.212571
0.107667
0.167253
0.212571
0.151927
0.153433
0.0856924
0.131015
0.0892186
0.212571
0.212571
0.170107
0.19912
0.0967642
0.212571
0.155444
0.114277
0.0938216
0.144325
0.0898467
0.11205
0.212571
0.19495
0.160225
0.176821
0.122769
0.121956
0.195848
0.107855
0.149409
0.207498
0.182422
0.200098
0.155729
0.169902
0.0584357
0.180003
0.207498
0.171281
0.207498
0.179785
0.18272
0.206532
0.168483
0.115038
0.135095
0.107256
0.168408
0.207498
0.181687
0.183517
0.144809
0.131326
0.0427484
0.137004
0.200779
0.169438
0.207498
0.083731
0.14411
0.207498
0.180249
0.0699319
0.192988
0.190514
0.159169
0.216227
0.212986
0.199046
0.198933
0.161275
0.0556548
0.0954446
0.164362
0.140168
0.216227
0.216227
0.216227
0.216227
0.157653
0.066258
0.157928
0.216227
0.195419
0.216227
0.104639
0.140269
0.157698
0.143824
0.0804289
0.0843513
0.0997031
0.11547
0.216227
0.216227
0.149431
0.122616
0.152441
0.107847
0.152158
0.188029
0.169928
0.217501
0.217501
0.195624
0.205397
0.146629
0.133936
0.101957
0.209396
0.181316
0.186071
0.190051
0.184178
0.154166
0.0696948
0.111142
0.110051
0.135653
0.122528
0.217501
0.217501
0.162859
0.139622
0.153536
0.14165
0.217501
0.143878
0.208163
0.217501
0.154592
0.13375
0.132544
0.0769612
0.179174
0.136322
0.212492
0.198623
0.192258
0.191236
0.211668
0.171996
0.108682
0.143996
0.148204
0.125307
0.105553
0.168045
0.177861
0.212492
0.18127
0.134542
0.156952
0.212492
0.189257
0.212492
0.212492
0.137721
0.138674
0.189213
0.0930162
0.117252
0.10896
0.157137
0.212492
0.212492
0.116713
0.131236
0.151953
0.0795682
0.0874342
0.215212
0.183207
0.186126
0.189045
0.160158
0.181009
0.215212
0.151908
0.0746053
0.133872
0.114566
0.144785
0.119424
0.183508
0.101536
0.149314
0.159836
0.197083
0.20333
0.215212
0.215212
0.215212
0.126603
0.092794
0.193185
0.215212
0.215212
0.151628
0.128622
0.133995
0.190489
0.131532
0.0936322
0.169831
0.167959
0.0624032
0.178488
0.137119
0.17877
0.145386
0.189722
0.142673
0.123532
0.146067
0.0888418
0.21492
0.21492
0.21492
0.21492
0.0814004
0.162268
0.21492
0.133106
0.150425
0.148807
0.169247
0.170149
0.21492
0.138206
0.14843
0.207408
0.21492
0.113777
0.181412
0.132038
0.116438
0.21492
0.124396
0.105096
0.21492
0.187714
0.0912793
0.216213
0.216213
0.216213
0.216213
0.101116
0.216213
0.21444
0.15081
0.123103
0.181001
0.111448
0.141268
0.216213
0.216213
0.171336
0.204636
0.174487
0.0801355
0.171487
0.161875
0.151654
0.216213
0.106101
0.157958
0.216213
0.216213
0.0500878
0.105986
0.0896245
0.131343
0.168882
0.0926525
0.126299
0.186484
0.123154
0.135148
0.179716
0.144087
0.208517
0.219032
0.219032
0.219032
0.188699
0.176441
0.0387265
0.182761
0.219032
0.188954
0.219032
0.0961504
0.197911
0.219032
0.219032
0.0593184
0.136809
0.122045
0.197734
0.19409
0.0864028
0.111616
0.146438
0.101305
0.0708558
0.170166
0.103937
0.119798
0.161643
0.0503327
0.119751
0.219032
0.219032
0.0549077
0.220908
0.220908
0.220908
0.220908
0.132157
0.215718
0.215025
0.163153
0.113314
0.125127
0.0994989
0.123038
0.220908
0.220908
0.208295
0.128309
0.178096
0.0606474
0.220908
0.134058
0.151664
0.19238
0.0614837
0.120382
0.205239
0.157359
0.141286
0.201075
0.102078
0.13602
0.158373
0.149729
0.186113
0.155099
0.105338
0.123157
0.133284
0.130134
0.131232
0.220955
0.220955
0.208322
0.129753
0.152786
0.177712
0.220955
0.220955
0.220955
0.220955
0.175275
0.138108
0.125541
0.101103
0.124314
0.207169
0.110317
0.13826
0.165571
0.167546
0.216904
0.156369
0.0878703
0.114792
0.191897
0.220955
0.220955
0.113009
0.171136
0.0878041
0.141494
0.0851486
0.16614
0.21325
0.21325
0.21325
0.21325
0.148968
0.121849
0.177585
0.114752
0.152759
0.157682
0.163428
0.21325
0.212023
0.124669
0.162516
0.180623
0.115112
0.117815
0.163621
0.21325
0.207048
0.135707
0.194566
0.116983
0.189312
0.118227
0.0749396
0.0795771
0.125062
0.21325
0.184181
0.0905765
0.177908
0.21325
0.120396
0.181943
0.211577
0.213288
0.213288
0.213288
0.183125
0.124171
0.206023
0.213288
0.186189
0.167606
0.141894
0.157132
0.196398
0.15505
0.106846
0.165474
0.169446
0.0716529
0.144101
0.213288
0.213288
0.168343
0.176989
0.18939
0.13136
0.159661
0.122521
0.0883229
0.158873
0.110326
0.176846
0.120077
0.108735
0.136469
0.139764
0.157381
0.188384
0.195527
0.215913
0.215913
0.160295
0.157415
0.211303
0.215913
0.12978
0.19913
0.135198
0.161043
0.215913
0.147196
0.119373
0.215913
0.1904
0.0945742
0.103675
0.204337
0.14005
0.215913
0.106149
0.130852
0.16926
0.179521
0.0609427
0.146382
0.172731
0.160058
0.215913
0.0782488
0.132123
0.141252
0.112816
0.1058
0.207815
0.168355
0.21816
0.221229
0.12404
0.170301
0.221229
0.221229
0.0700154
0.143035
0.114937
0.172049
0.206006
0.108791
0.16429
0.221229
0.15242
0.039044
0.132538
0.198519
0.190014
0.221229
0.0670013
0.175068
0.172922
0.149224
0.0342426
0.0939189
0.202996
0.160134
0.221229
0.140413
0.195487
0.0851752
0.187157
0.0813551
0.187044
0.158486
0.220166
0.220166
0.102938
0.140617
0.204312
0.126715
0.0709252
0.197399
0.117279
0.176595
0.220166
0.0743042
0.15663
0.220166
0.220166
0.0564765
0.100189
0.20429
0.163401
0.220166
0.143615
0.198649
0.0915387
0.208202
0.0954934
0.16793
0.181788
0.193357
0.220166
0.153589
0.141167
0.155753
0.13342
0.078573
0.208236
0.1392
0.194079
0.208236
0.0641873
0.146641
0.208236
0.147953
0.136783
0.201986
0.112468
0.194327
0.180053
0.144939
0.208236
0.174171
0.117885
0.116492
0.205753
0.19163
0.197899
0.208236
0.124472
0.12513
0.122453
0.14267
0.0818677
0.16237
0.11752
0.208236
0.201833
0.161432
0.189483
0.188842
0.194902
0.124968
0.214276
0.11274
0.17815
0.184892
0.162663
0.214276
0.169913
0.0979702
0.105142
0.192766
0.214276
0.214276
0.147583
0.20827
0.106437
0.166383
0.102154
0.100852
0.193481
0.149263
0.214276
0.160359
0.161843
0.186699
0.214276
0.214276
0.0549159
0.147017
0.169755
0.200863
0.214276
0.120284
0.0863868
0.142842
0.133845
0.0915519
0.161933
0.211789
0.211789
0.169818
0.211789
0.13926
0.211789
0.129846
0.113143
0.102952
0.160925
0.211789
0.192383
0.13926
0.195112
0.211789
0.169333
0.0947689
0.134826
0.151529
0.177773
0.19957
0.162131
0.0868942
0.170729
0.172238
0.111293
0.152015
0.15419
0.211789
0.211789
0.171037
0.158866
0.110689
0.169726
0.109331
0.141196
0.214158
0.214158
0.202238
0.182947
0.214158
0.171644
0.166878
0.0992011
0.0831421
0.181103
0.126352
0.174622
0.146601
0.138048
0.200216
0.170055
0.166931
0.194738
0.156294
0.214158
0.214158
0.214158
0.175376
0.136871
0.123054
0.0963117
0.0891346
0.175277
0.118064
0.190092
0.157134
0.0824998
0.159558
0.214158
0.0890079
0.117708
0.213644
0.173754
0.213644
0.133604
0.149418
0.213644
0.189065
0.0776282
0.162429
0.202369
0.213644
0.213644
0.123618
0.14225
0.124539
0.0861296
0.11456
0.109404
0.197333
0.128724
0.213644
0.213644
0.11325
0.1837
0.213644
0.13923
0.209318
0.14029
0.172347
0.213644
0.166614
0.0765665
0.151137
0.182443
0.0543853
0.134475
0.186389
0.226623
0.226623
0.100484
0.152763
0.121049
0.0879545
0.0555938
0.0836866
0.154266
0.168358
0.226623
0.141958
0.196653
0.118835
0.19046
0.0999297
0.186966
0.169063
0.168197
0.226623
0.196128
0.0884221
0.160352
0.142542
0.131026
0.226623
0.207768
0.226623
0.226623
0.226623
0.133406
0.159268
0.0918906
0.0720017
0.0867896
0.139915
0.147993
0.220524
0.124084
0.182549
0.116729
0.183893
0.108576
0.151786
0.152677
0.180023
0.220524
0.154547
0.104755
0.145333
0.119875
0.113747
0.220524
0.220524
0.220524
0.220524
0.220524
0.160251
0.173488
0.110739
0.113994
0.124622
0.142899
0.198225
0.220524
0.156229
0.171697
0.220524
0.167216
0.144564
0.193385
0.164023
0.186321
0.207574
0.122552
0.116043
0.121876
0.137369
0.0699339
0.146793
0.128928
0.207574
0.207574
0.121113
0.178445
0.190026
0.167364
0.104156
0.120762
0.135246
0.188782
0.207574
0.182929
0.207574
0.207574
0.196333
0.0834481
0.207574
0.207574
0.207574
0.151943
0.178612
0.151823
0.163058
0.11592
0.102064
0.17913
0.152239
0.207724
0.164633
0.132086
0.203695
0.207724
0.207724
0.0471756
0.114793
0.165045
0.187961
0.207724
0.129335
0.0819152
0.190371
0.158198
0.109778
0.193418
0.207724
0.207724
0.137438
0.15561
0.169496
0.167843
0.175466
0.175419
0.185664
0.180855
0.160177
0.154994
0.128205
0.169505
0.197722
0.120646
0.0799988
0.122212
0.148647
0.165147
0.207718
0.162196
0.0830868
0.203155
0.159635
0.127105
0.160042
0.124326
0.211952
0.211952
0.203272
0.18313
0.112937
0.127767
0.195288
0.188569
0.166012
0.17163
0.1292
0.113176
0.157061
0.188789
0.137856
0.0966357
0.192714
0.146984
0.18792
0.211952
0.19972
0.211952
0.211952
0.132637
0.159704
0.174556
0.161103
0.223918
0.223918
0.184793
0.140303
0.201525
0.132833
0.100257
0.0791219
0.166413
0.148544
0.189704
0.136135
0.0878971
0.184953
0.223918
0.100151
0.14499
0.223918
0.205885
0.0954583
0.147241
0.160166
0.200892
0.133998
0.0835365
0.164237
0.131962
0.185278
0.209779
0.105773
0.11632
0.223918
0.223918
0.094708
0.0801191
0.142177
0.130535
0.195165
0.186913
0.0985699
0.153253
0.213249
0.145763
0.162322
0.125709
0.127405
0.20789
0.152669
0.0586873
0.126618
0.147107
0.0766228
0.222503
0.222503
0.192646
0.203948
0.0837436
0.117466
0.222503
0.222503
0.222503
0.222503
0.222503
0.103339
0.215182
0.0380204
0.0380581
0.216917
0.222503
0.114531
0.155413
0.151321
0.143949
0.209261
0.182145
0.085144
0.143525
0.141536
0.117585
0.20041
0.153277
0.211851
0.230426
0.190887
0.129057
0.137297
0.0874079
0.230426
0.230426
0.230426
0.113029
0.22378
0.0517205
0.0607191
0.204859
0.230426
0.120078
0.22503
0.130446
0.156477
0.230426
0.125257
0.170984
0.0872025
0.0588742
0.101327
0.198074
0.164203
0.188439
0.210842
0.194713
0.157421
0.156841
0.108933
0.103928
0.10795
0.123902
0.134545
0.210842
0.161258
0.114422
0.189951
0.15813
0.146881
0.210842
0.140765
0.132384
0.210842
0.151606
0.151931
0.0974438
0.0991965
0.177395
0.210842
0.122837
0.199209
0.210842
0.210842
0.210842
0.189419
0.175224
0.104451
0.124777
0.116409
0.144889
0.208979
0.195665
0.159501
0.191271
0.179429
0.0860166
0.208979
0.20011
0.208979
0.158786
0.130037
0.141047
0.173304
0.108846
0.208979
0.208979
0.134075
0.208979
0.208979
0.208979
0.20614
0.168659
0.166173
0.0776356
0.0876366
0.0628303
0.198763
0.208979
0.139279
0.109026
0.167491
0.170444
0.101711
0.188545
0.183146
0.235866
0.140078
0.109718
0.152226
0.160842
0.146638
0.155171
0.16354
0.156593
0.121146
0.152873
0.102618
0.135566
0.21782
0.124256
0.0935787
0.110358
0.102788
0.235866
0.235866
0.132274
0.100907
0.134418
0.128365
0.134098
0.129416
0.161982
0.235866
0.235866
0.194787
0.220452
0.195298
0.235866
0.147967
0.150625
0.130569
0.126641
0.106213
0.0798479
0.114951
0.182023
0.120449
0.0879652
0.163303
0.115493
0.139734
0.228316
0.145201
0.198013
0.186513
0.09897
0.116471
0.118407
0.191534
0.228316
0.228316
0.1846
0.198535
0.18615
0.228316
0.155101
0.0974403
0.0906593
0.146498
0.228316
0.157491
0.228316
0.228316
0.21524
0.0996911
0.158943
0.223566
0.203993
0.107188
0.140564
0.173712
0.223566
0.140192
0.10518
0.175821
0.137166
0.211856
0.223566
0.117232
0.116084
0.223566
0.223566
0.0690905
0.170981
0.132755
0.132529
0.164536
0.110267
0.223566
0.202008
0.138234
0.0987705
0.182685
0.0681201
0.150358
0.223566
0.215496
0.126939
0.210719
0.116909
0.0757031
0.192698
0.206044
0.15813
0.201226
0.0898722
0.111545
0.215258
0.215258
0.213972
0.215258
0.199683
0.097623
0.203813
0.0816699
0.0809912
0.185702
0.215258
0.0715547
0.165155
0.0759412
0.117554
0.199942
0.175583
0.130273
0.170045
0.103955
0.123918
0.215258
0.215258
0.134549
0.191338
0.126124
0.211128
0.215258
0.0991891
0.206669
0.221452
0.221452
0.106498
0.215381
0.0925383
0.123164
0.194508
0.221452
0.114718
0.209713
0.143207
0.137962
0.221452
0.121865
0.159763
0.0929043
0.0681329
0.139674
0.221452
0.221452
0.132267
0.193913
0.15024
0.221452
0.221452
0.118195
0.116112
0.136627
0.11521
0.162285
0.221452
0.163304
0.0772155
0.141158
0.104067
0.126055
0.216011
0.135097
0.118106
0.199633
0.143356
0.149306
0.100033
0.108851
0.138251
0.194863
0.148563
0.199244
0.216011
0.199227
0.164695
0.128282
0.146309
0.0960528
0.16537
0.0888479
0.141727
0.216011
0.172769
0.0782966
0.120526
0.106663
0.155863
0.216011
0.145102
0.216011
0.216011
0.204153
0.216011
0.216011
0.192554
0.15248
0.210126
0.14002
0.179221
0.199469
0.202815
0.152069
0.112623
0.145497
0.0784997
0.0932577
0.0527883
0.150469
0.159488
0.0929877
0.120572
0.121806
0.136923
0.143077
0.211912
0.152968
0.211912
0.211912
0.206474
0.194427
0.19962
0.211912
0.138241
0.164707
0.190451
0.136406
0.198201
0.211912
0.211912
0.149538
0.155318
0.0964465
0.112193
0.0809035
0.1883
0.216918
0.0908655
0.109973
0.101365
0.125938
0.11224
0.139247
0.131188
0.224172
0.224172
0.111616
0.18124
0.199896
0.224172
0.157069
0.184816
0.197814
0.140166
0.205194
0.205817
0.162358
0.127475
0.220174
0.172115
0.142611
0.0910353
0.118166
0.224172
0.223655
0.216919
0.109076
0.18098
0.109832
0.136596
0.171168
0.219814
0.219814
0.108685
0.165487
0.186905
0.219814
0.129679
0.101645
0.102211
0.132778
0.191425
0.116542
0.219814
0.219814
0.205681
0.145483
0.155877
0.105378
0.129451
0.219814
0.192464
0.186108
0.105755
0.166896
0.0787381
0.209206
0.204617
0.114735
0.210574
0.208591
0.147354
0.120158
0.123034
0.0790711
0.180593
0.135788
0.101488
0.175735
0.133448
0.20622
0.21971
0.128183
0.107689
0.194679
0.105769
0.125808
0.21971
0.21971
0.107018
0.16179
0.110729
0.105095
0.208662
0.21971
0.168408
0.151346
0.134103
0.21971
0.21971
0.173605
0.1159
0.21971
0.1929
0.21971
0.21971
0.155648
0.0985877
0.141663
0.0725512
0.0810203
0.187718
0.118166
0.095033
0.196686
0.2021
0.117081
0.140381
0.113093
0.102912
0.213433
0.221999
0.180884
0.215014
0.180782
0.211078
0.221999
0.100788
0.114973
0.221999
0.159105
0.15935
0.221999
0.125979
0.0885963
0.139513
0.0862876
0.105847
0.221999
0.172893
0.220613
0.221999
0.162319
0.102362
0.160759
0.155845
0.109783
0.221079
0.221079
0.159048
0.215423
0.185929
0.221079
0.221079
0.111316
0.110372
0.123459
0.120802
0.168338
0.221079
0.171039
0.079803
0.124436
0.0948815
0.116624
0.221079
0.179082
0.221079
0.221079
0.179759
0.121486
0.147803
0.184109
0.0932825
0.105137
0.107034
0.164272
0.221079
0.190906
0.131029
0.0744282
0.181927
0.0963277
0.126313
0.103656
0.159326
0.226213
0.179187
0.0905695
0.109086
0.114777
0.140762
0.226213
0.174632
0.226213
0.226213
0.197897
0.201736
0.192084
0.183364
0.108314
0.0781154
0.100068
0.174178
0.226213
0.217984
0.120937
0.0801842
0.226213
0.0283915
0.131211
0.146819
0.201004
0.19194
0.13986
0.158816
0.161229
0.226213
0.130205
0.215641
0.179451
0.215641
0.215641
0.190206
0.180673
0.176001
0.215641
0.134287
0.159874
0.167521
0.174579
0.215641
0.215641
0.215641
0.139095
0.148535
0.0365897
0.109447
0.114207
0.193511
0.189924
0.14357
0.147935
0.173401
0.215641
0.0749854
0.120004
0.152616
0.204129
0.14722
0.155603
0.10544
0.130117
0.064304
0.169157
0.166257
0.179409
0.185594
0.2129
0.181968
0.187423
0.12797
0.2129
0.16723
0.157129
0.129405
0.136379
0.2129
0.2129
0.2129
0.15911
0.203811
0.0652339
0.101132
0.130618
0.200295
0.175624
0.1531
0.119659
0.159156
0.072574
0.158044
0.113052
0.108677
0.145621
0.2129
0.206548
0.162524
0.167776
0.16377
0.155381
0.170519
0.14324
0.152139
0.210479
0.166829
0.210479
0.141733
0.18763
0.0870744
0.210479
0.185813
0.114601
0.210479
0.190664
0.153076
0.14391
0.171434
0.122305
0.128642
0.0902398
0.130354
0.210479
0.163622
0.170929
0.173974
0.163509
0.11594
0.210479
0.178678
0.16442
0.210479
0.13645
0.172069
0.128268
0.195037
0.0974736
0.218528
0.199778
0.135413
0.178746
0.146303
0.218528
0.218528
0.175432
0.119222
0.218528
0.218528
0.209865
0.218528
0.153204
0.0723968
0.100697
0.072089
0.0432021
0.165748
0.114361
0.214759
0.218528
0.211404
0.218528
0.127641
0.147636
0.0388313
0.10232
0.138248
0.148982
0.218528
0.14072
0.189436
0.130158
0.137066
0.120852
0.227133
0.227133
0.16958
0.227133
0.14714
0.0779079
0.119107
0.0963983
0.113604
0.227133
0.227133
0.227133
0.227133
0.184915
0.13028
0.175003
0.197138
0.0484535
0.12154
0.136691
0.180136
0.227133
0.1696
0.209934
0.114971
0.12646
0.136975
0.227133
0.115874
0.135851
0.176196
0.0967381
0.13614
0.138791
0.0918041
0.106028
0.221507
0.217853
0.221507
0.221507
0.193364
0.140616
0.147045
0.205034
0.0855414
0.0991549
0.0906966
0.221507
0.221507
0.205974
0.173849
0.118613
0.194756
0.110167
0.221507
0.11758
0.197409
0.197281
0.102128
0.124336
0.114419
0.0965303
0.100008
0.155781
0.0642372
0.221507
0.219866
0.133075
0.131071
0.153385
0.172305
0.099266
0.0755884
0.100678
0.221541
0.221541
0.221541
0.1646
0.117379
0.221541
0.0158932
0.125192
0.180018
0.221053
0.221541
0.188666
0.150964
0.194722
0.221541
0.0904533
0.163993
0.0897802
0.221541
0.221541
0.143819
0.141997
0.162561
0.170758
0.0498797
0.132085
0.19059
0.221541
0.221541
0.106455
0.0857148
0.127403
0.135591
0.0283722
0.109441
0.16143
0.219736
0.219736
0.202774
0.173831
0.200883
0.219736
0.0687094
0.132461
0.175809
0.219736
0.212162
0.188675
0.125
0.16776
0.0697906
0.0577739
0.165727
0.212718
0.219736
0.219736
0.110929
0.107967
0.146589
0.137684
0.0796182
0.106789
0.0945615
0.0993147
0.219736
0.217956
0.0893132
0.219736
0.219736
0.0548854
0.0844055
0.11715
0.225226
0.187481
0.11899
0.133393
0.151173
0.0689784
0.11385
0.103974
0.115592
0.140051
0.235263
0.196365
0.156006
0.179215
0.162049
0.0709959
0.107994
0.0738701
0.122027
0.235263
0.174879
0.110273
0.183186
0.18362
0.235263
0.235263
0.115162
0.181872
0.235263
0.235263
0.235263
0.235263
0.128377
0.0912622
0.103385
0.0854647
0.103483
0.207681
0.119002
0.1387
0.164283
0.161838
0.109915
0.179427
0.134309
0.13544
0.211342
0.115504
0.12629
0.0888178
0.183431
0.199233
0.211342
0.118035
0.15875
0.211342
0.211342
0.211342
0.211342
0.14428
0.206926
0.211342
0.16622
0.117166
0.211342
0.193913
0.211342
0.211342
0.117043
0.0515493
0.187881
0.108794
0.186928
0.218295
0.192643
0.215215
0.150669
0.170306
0.0529803
0.107736
0.160284
0.137687
0.218295
0.141813
0.150137
0.120831
0.144749
0.124922
0.216062
0.151969
0.207481
0.218295
0.160486
0.218295
0.218295
0.178604
0.086082
0.0978934
0.0865929
0.145251
0.218295
0.184741
0.180603
0.184505
0.156471
0.0713076
0.134039
0.175162
0.193823
0.221554
0.192366
0.193848
0.120691
0.151841
0.139326
0.221554
0.168561
0.124754
0.162077
0.112331
0.192702
0.112671
0.12786
0.110579
0.096147
0.0786407
0.155792
0.221554
0.221554
0.208131
0.221554
0.183176
0.156068
0.221554
0.0981235
0.125918
0.20596
0.126149
0.215869
0.121595
0.187535
0.105118
0.217677
0.152298
0.191143
0.207558
0.128722
0.176881
0.116632
0.124525
0.107586
0.162607
0.0770463
0.217677
0.217677
0.15682
0.196689
0.211091
0.207273
0.141378
0.19488
0.08578
0.121093
0.20929
0.154496
0.191026
0.152381
0.174663
0.13034
0.217677
0.067938
0.135369
0.217677
0.12624
0.217677
0.134063
0.135667
0.0790747
0.143464
0.0824497
0.233219
0.233219
0.158658
0.16815
0.201817
0.156243
0.0836601
0.147749
0.186147
0.20218
0.210246
0.124511
0.0894065
0.150245
0.15815
0.121648
0.204565
0.0778412
0.151593
0.233219
0.151002
0.205631
0.141637
0.112875
0.233219
0.233219
0.149539
0.0944663
0.209888
0.0834635
0.162134
0.233219
0.0981164
0.0823338
0.170789
0.182102
0.187476
0.22472
0.129479
0.0991925
0.132569
0.11886
0.0729377
0.0944918
0.0810837
0.110071
0.22472
0.178899
0.106268
0.211737
0.213021
0.22472
0.22472
0.187169
0.139798
0.205972
0.0897781
0.137467
0.22472
0.0922505
0.118299
0.22472
0.22472
0.100426
0.169397
0.0819613
0.161727
0.22472
0.221093
0.0757478
0.106465
0.0751292
0.131677
0.227974
0.135981
0.112083
0.150485
0.162647
0.186378
0.20898
0.0906667
0.149606
0.227974
0.227974
0.227974
0.227974
0.13913
0.0851736
0.162643
0.196732
0.140734
0.198832
0.0804289
0.123957
0.227974
0.164489
0.11757
0.102504
0.148791
0.227974
0.227974
0.150632
0.158279
0.14535
0.199163
0.172852
0.197722
0.103118
0.136835
0.216351
0.160695
0.184422
0.189973
0.14408
0.175415
0.171989
0.152314
0.116981
0.167718
0.205545
0.216351
0.209383
0.122478
0.109847
0.072834
0.120233
0.216351
0.216351
0.118389
0.129296
0.136933
0.165666
0.120628
0.161694
0.107736
0.216351
0.216351
0.185933
0.151041
0.200092
0.13859
0.125388
0.196264
0.147461
0.199838
0.21234
0.15754
0.21234
0.21234
0.198099
0.103018
0.113547
0.10155
0.115339
0.21234
0.184871
0.179641
0.153239
0.177077
0.0850297
0.21234
0.21234
0.21069
0.128496
0.13523
0.174706
0.188885
0.178941
0.0751542
0.120658
0.0886865
0.130769
0.202149
0.150015
0.199613
0.134903
0.172791
0.133553
0.114313
0.102727
0.142654
0.214023
0.214023
0.195235
0.206693
0.195453
0.143604
0.214023
0.104746
0.124315
0.214023
0.138023
0.192011
0.0941383
0.19962
0.0929976
0.139533
0.126178
0.158293
0.214023
0.154234
0.20329
0.158391
0.18393
0.137427
0.214023
0.214023
0.138084
0.214023
0.101911
0.164001
0.133264
0.122089
0.118828
0.207905
0.0930672
0.11747
0.216589
0.174889
0.185655
0.14137
0.161839
0.127113
0.216589
0.0751166
0.12993
0.216589
0.14754
0.216589
0.167916
0.15569
0.127632
0.216589
0.216589
0.178016
0.172925
0.0823563
0.144422
0.150175
0.101992
0.0894755
0.10333
0.161338
0.213255
0.216589
0.216589
0.14809
0.216589
0.15259
0.106465
0.144169
0.0706992
0.138737
0.218743
0.158724
0.183512
0.147022
0.110341
0.218743
0.218743
0.0944644
0.122002
0.203971
0.108237
0.156924
0.1468
0.109592
0.0897653
0.0802498
0.157778
0.218743
0.205414
0.191964
0.127516
0.203092
0.129719
0.187935
0.218743
0.169281
0.208987
0.109623
0.195395
0.201292
0.202394
0.210518
0.213234
0.213234
0.113138
0.182901
0.213234
0.117421
0.130833
0.144325
0.0961425
0.116636
0.211205
0.172454
0.108537
0.134238
0.117581
0.199852
0.213234
0.190786
0.162561
0.19483
0.15688
0.213234
0.161615
0.18869
0.185861
0.208027
0.213234
0.0653681
0.168047
0.133027
0.148043
0.0827847
0.177789
0.140631
0.160789
0.165172
0.103448
0.138423
0.183973
0.173918
0.185044
0.103856
0.171846
0.214175
0.15593
0.100196
0.106715
0.176208
0.223397
0.223397
0.137628
0.137253
0.145474
0.20516
0.0504144
0.126682
0.133406
0.191468
0.135778
0.163908
0.141464
0.182998
0.205827
0.10567
0.223397
0.176423
0.180891
0.223397
0.190952
0.16718
0.176235
0.153193
0.0966489
0.0877051
0.143497
0.220703
0.220703
0.100195
0.114152
0.139361
0.150878
0.0954763
0.155939
0.115251
0.220703
0.220703
0.216664
0.172629
0.220703
0.164497
0.0827829
0.17191
0.15084
0.153666
0.191999
0.160528
0.157597
0.201389
0.154083
0.109496
0.220703
0.20692
0.163067
0.220703
0.19136
0.130409
0.169661
0.0853548
0.0887976
0.214567
0.214567
0.194986
0.137922
0.188645
0.199683
0.176898
0.17817
0.0739141
0.112373
0.109675
0.122283
0.170356
0.136125
0.214567
0.136831
0.181119
0.124388
0.214567
0.214567
0.214567
0.214567
0.149223
0.15375
0.11338
0.0398241
0.0652718
0.116135
0.108216
0.122939
0.214567
0.214567
0.177813
0.200066
0.214567
0.0950607
0.13063
0.145802
0.156718
0.208622
0.126884
0.188541
0.142221
0.178482
0.142151
0.211318
0.211318
0.144348
0.211318
0.0972877
0.120452
0.146
0.116975
0.0946882
0.109239
0.142489
0.138455
0.211318
0.211318
0.200296
0.181262
0.201061
0.129733
0.151657
0.211318
0.211318
0.200538
0.211318
0.150008
0.149711
0.157589
0.122586
0.213562
0.213562
0.163047
0.173972
0.0931438
0.117029
0.146821
0.0856663
0.082139
0.0779701
0.146641
0.157519
0.213562
0.213562
0.163744
0.213562
0.146226
0.140316
0.125577
0.213562
0.203636
0.169215
0.213562
0.154157
0.131416
0.145674
0.046843
0.146069
0.20758
0.131037
0.213562
0.213562
0.19148
0.213562
0.158619
0.083952
0.064192
0.146654
0.184962
0.196378
0.194547
0.149848
0.206151
0.123997
0.152314
0.192215
0.143022
0.213734
0.144122
0.194495
0.204426
0.13985
0.184249
0.0536661
0.100543
0.188437
0.118553
0.197148
0.175637
0.201757
0.213734
0.165462
0.136651
0.176082
0.181864
0.213734
0.213734
0.162159
0.150283
0.13512
0.0943618
0.14538
0.149499
0.129432
0.216925
0.182826
0.184527
0.191291
0.138666
0.216925
0.0659241
0.123699
0.109088
0.145237
0.0960991
0.21633
0.164328
0.112464
0.14006
0.11639
0.142969
0.216925
0.216925
0.216925
0.1445
0.216925
0.17471
0.110636
0.0949619
0.183568
0.204353
0.096383
0.216925
0.169023
0.216925
0.179267
0.141312
0.0647785
0.106069
0.11662
0.183925
0.130885
0.190155
0.170051
0.146094
0.169407
0.0820728
0.211883
0.17925
0.197276
0.211883
0.176362
0.185341
0.187977
0.135326
0.080767
0.177032
0.211883
0.105722
0.211883
0.195097
0.211883
0.199228
0.153903
0.0925844
0.15402
0.0786396
0.190093
0.200516
0.199392
0.211883
0.102179
0.152054
0.0783227
0.172327
0.175998
0.160864
0.187375
0.157744
0.167345
0.221772
0.144242
0.117313
0.221772
0.221772
0.193217
0.221772
0.162609
0.0886224
0.188691
0.133716
0.0510558
0.148201
0.106985
0.185494
0.207278
0.168654
0.166861
0.0946005
0.120238
0.141977
0.221772
0.221772
0.18544
0.20151
0.183809
0.14013
0.0841042
0.125746
0.0945508
0.217706
0.227998
0.227998
0.202007
0.170591
0.130368
0.106248
0.0366012
0.0469773
0.0966861
0.11722
0.115302
0.196574
0.179883
0.16403
0.216045
0.165642
0.123891
0.203737
0.227998
0.227998
0.227998
0.118951
0.141638
0.227998
0.113737
0.0974062
0.107574
0.125874
0.117214
0.134946
0.11733
0.227998
0.220647
0.185288
0.0726455
0.0734816
0.124958
0.120802
0.218496
0.179073
0.156737
0.185117
0.149998
0.115273
0.101715
0.218496
0.208542
0.191415
0.168164
0.133375
0.148723
0.154605
0.0973148
0.12039
0.126088
0.106137
0.181812
0.115294
0.218496
0.200091
0.170411
0.0947825
0.204375
0.171311
0.145896
0.218496
0.218496
0.218496
0.218496
0.218496
0.132699
0.0921923
0.211846
0.187882
0.205345
0.194501
0.140906
0.127961
0.144203
0.0387225
0.130183
0.186581
0.102162
0.211846
0.211846
0.196674
0.211846
0.126083
0.115351
0.193249
0.158901
0.158386
0.211846
0.208319
0.150745
0.211846
0.200399
0.0647801
0.183261
0.152187
0.100168
0.170843
0.128137
0.159167
0.174484
0.185468
0.0531199
0.114448
0.190495
0.122504
0.213853
0.209408
0.213853
0.213853
0.164534
0.12803
0.185548
0.205148
0.213853
0.213853
0.153697
0.169672
0.133512
0.115838
0.092585
0.18844
0.137013
0.104386
0.200333
0.157189
0.164899
0.182849
0.213853
0.073715
0.145574
0.14801
0.197468
0.213853
0.145314
0.178204
0.106322
0.119361
0.104051
0.150412
0.213831
0.213831
0.213831
0.130299
0.211851
0.160307
0.122804
0.105541
0.159736
0.181443
0.104945
0.213831
0.18826
0.213831
0.155925
0.141887
0.0783509
0.182886
0.162725
0.145867
0.213831
0.179581
0.179399
0.10955
0.100167
0.10325
0.213831
0.213831
0.20167
0.213831
0.152319
0.185321
0.0757994
0.0590672
0.0993929
0.163384
0.196941
0.110115
0.213579
0.210164
0.213579
0.166893
0.151018
0.0675349
0.126074
0.103445
0.171185
0.187733
0.175791
0.19692
0.1301
0.145408
0.112334
0.213579
0.20862
0.196101
0.213579
0.167894
0.159028
0.0934762
0.0728806
0.113515
0.156363
0.204273
0.127696
0.19371
0.213579
0.1711
0.212455
0.129325
0.0492492
0.144852
0.122522
0.167234
0.190861
0.14921
0.156756
0.112639
0.121853
0.161342
0.220463
0.220463
0.220463
0.213406
0.139241
0.120728
0.153906
0.181883
0.100874
0.135116
0.124293
0.129704
0.204712
0.195356
0.132651
0.171817
0.118409
0.0919471
0.220463
0.197234
0.194585
0.220463
0.144047
0.220463
0.220463
0.111352
