0.073104
0.139406
0.0708497
0.0769895
0.122385
0.0265372
0.0678366
0.0721768
0.0619999
0.292891
0.248604
0.0453032
0.157644
0.277522
0.0508121
0.0965424
0.167122
0.292891
0.0857861
0.0994808
0.0823145
0.07225
0.155823
0.028067
0.0519494
0.053651
0.0518923
0.292891
0.292891
0.0419535
0.219605
0.292891
0.064405
0.110274
0.292891
0.292891
0.125547
0.104966
0.0258654
0.0643665
0.126753
0.0252025
0.0644845
0.14132
0.191847
0.119356
0.0759574
0.0767999
0.0868887
0.144431
0.0296837
0.147815
0.268675
0.268675
0.268675
0.220464
0.0400556
0.0942949
0.268675
0.0193345
0.0405682
0.11687
0.163397
0.268675
0.253925
0.238968
0.0985888
0.193773
0.0205203
0.194078
0.268675
0.268675
0.0949745
0.0580424
0.0700673
0.0650183
0.11629
0.0320469
0.135203
0.253442
0.253442
0.125178
0.245788
0.253442
0.253442
0.253442
0.0731805
0.0276134
0.0529446
0.0539692
0.232373
0.181221
0.16655
0.0992144
0.136866
0.0202848
0.142764
0.253442
0.253442
0.0869661
0.235988
0.253442
0.253442
0.212333
0.0356141
0.0463377
0.0475232
0.0409492
0.245454
0.294691
0.294691
0.294691
0.294691
0.091068
0.0272577
0.0698016
0.0794601
0.0544736
0.0558204
0.0991668
0.0848345
0.182197
0.0515756
0.0193766
0.045816
0.0752114
0.123832
0.294691
0.294691
0.294691
0.292677
0.0581275
0.0694812
0.0717468
0.0974503
0.100067
0.127465
0.173331
0.0904283
0.141938
0.024576
0.0615107
0.05724
0.168494
0.142401
0.194999
0.251897
0.11558
0.251897
0.0938622
0.0262548
0.113256
0.251897
0.0718579
0.043441
0.0782727
0.163712
0.251897
0.127311
0.0692158
0.0989317
0.180274
0.251897
0.251897
0.251897
0.131695
0.251897
0.0641342
0.195032
0.204297
0.251897
0.130973
0.0554396
0.0517824
0.0970645
0.207878
0.0428474
0.018079
0.0662115
0.219904
0.0792756
0.0538411
0.0771045
0.237915
0.279079
0.175574
0.0742745
0.126271
0.256193
0.0627631
0.0840824
0.0962072
0.097444
0.135379
0.205485
0.279079
0.279079
0.279079
0.169246
0.0782226
0.0629936
0.1337
0.264981
0.0398251
0.0230171
0.0858346
0.279079
0.279079
0.0887676
0.0178632
0.0497248
0.122861
0.0244363
0.0337623
0.105025
0.279079
0.0404184
0.058378
0.0652477
0.129831
0.171574
0.148125
0.161793
0.16538
0.184067
0.0879293
0.118561
0.236598
0.200895
0.242774
0.205162
0.220362
0.232114
0.228651
0.173471
0.0633717
0.00925264
0.0713409
0.237568
0.037145
0.0274591
0.0498192
0.242774
0.242774
0.0489991
0.012105
0.0917337
0.242774
0.167623
0.164596
0.242774
0.242774
0.0800094
0.0695285
0.0616997
0.0607802
0.11152
0.0213518
0.0334432
0.0430813
0.0372912
0.304023
0.304023
0.0327336
0.20634
0.304023
0.07287
0.0994621
0.191828
0.304023
0.0977734
0.0712913
0.0433945
0.0834358
0.178221
0.0438317
0.0264225
0.0450184
0.0196459
0.304023
0.258559
0.061134
0.170305
0.304023
0.00632712
0.0413303
0.244385
0.304023
0.261409
0.168636
0.0316474
0.0788386
0.183076
0.0184154
0.0395399
0.068205
0.117948
0.239042
0.147947
0.152834
0.0891984
0.182333
0.0190753
0.181445
0.288028
0.288028
0.27466
0.128916
0.0296083
0.0776222
0.222194
0.00231678
0.0124895
0.0600409
0.210595
0.288028
0.159317
0.0444808
0.0478851
0.153919
1.24684e-05
0.0236345
0.288028
0.288028
0.233995
0.154308
0.164288
0.102539
0.167915
0.022959
0.190153
0.276293
0.276293
0.0725388
0.214545
0.276293
0.267803
0.210906
0.0374184
0.0476812
0.0428864
0.0431689
0.276293
0.189038
0.0491206
0.0459958
0.132598
0
0.0182619
0.247112
0.276293
0.0838886
0.140621
0.229504
0.16382
0.155632
0.0474176
0.014356
0.0446655
0.0908644
0.114919
0.277508
0.277508
0.277508
0.277508
0.0579465
0.060968
0.0691807
0.110931
0.104787
0.133265
0.156553
0.0869649
0.149822
0.0275229
0.0542467
0.061617
0.170983
0.163495
0.277508
0.277508
0.277508
0.209949
0.0727752
0.0206343
0.0129165
0.0168172
0.08386
0.20217
0.277508
0.257186
0.17341
0.0431233
0.0170656
0.0172741
0.0547849
0.213153
0.293166
0.258514
0.105379
0.259794
0.0492739
0.111621
0.166521
0.326473
0.103396
0.0339794
0.0344544
0.0707158
0.172854
0.0270117
0.0181864
0.0547896
0.165383
0.171323
0.326473
0.326473
0.326473
0.288902
0.0970037
0.0429074
0.0394084
0.114787
0.0698262
0.0495423
0.0248316
0.0407006
0.055213
0.00312531
0.00726513
0.0516179
0.14401
0.251353
0.0955976
0.0809691
0.188062
0.32195
0.053366
0.0476243
0.121189
0.32195
0.32195
0.128737
0.0124715
0.0812044
0.20684
0.0383887
0.0399274
0.128507
0.32195
0.131741
0.126567
0.0543663
0.0832878
0.13373
0.0101774
0.0252048
0.134892
0.275727
0.232795
0.112365
0.0298095
0.0381128
0.126829
0.0240481
0.0525134
0.131596
0.32195
0.167276
0.067581
0.00552267
0.0722017
0.238639
0.0389821
0.0256909
0.043925
0.265964
0.31347
0.063025
0.0100598
0.0921834
0.277443
0.218426
0.184052
0.200722
0.342843
0.0849099
0.0461414
0.0190854
0.0211046
0.0745818
0.0112475
0.0169454
0.0500849
0.106075
0.342843
0.159886
0.0309586
0.0733069
0.12478
0.0399772
0.0396274
0.295953
0.342843
0.11769
0.0726234
0.0407618
0.0805344
0.161286
0.0393892
0.0266093
0.0489295
0.0245796
0.309463
0.251934
0.0519258
0.169046
0.309463
0.00608676
0.0520511
0.16621
0.309463
0.0754267
0.0868663
0.0385412
0.0853788
0.157964
0.0180549
0.0323042
0.0294762
0.0180014
0.309463
0.192509
0.0188208
0.143263
0.309463
0.00165013
0.196218
0.309463
0.309463
0.285337
0.138492
0.0327193
0.0908781
0.240858
0.00209469
0.0179488
0.056105
0.25187
0.285337
0.150778
0.0309027
0.0831816
0.208138
0.0336139
0.0918568
0.285337
0.285337
0.159546
0.11018
0.0108796
0.0827992
0.235364
0.000240764
0.0556122
0.132656
0.18265
0.250526
0.101661
0.0196308
0.0991706
0.285337
0.0559973
0.105659
0.151426
0.285337
0.289385
0.223956
0.0571166
0.0740058
0.220075
0.0457108
0.0713326
0.275492
0.289385
0.100135
0.181833
0.243803
0.186112
0.244156
0.116939
0.0309424
0.0527997
0.103781
0.281536
0.127945
0.0312741
0.105738
0.289385
0.0716008
0.0710864
0.0919032
0.276269
0.0623472
0.0480728
0.187949
0.109608
0.223642
0.0861821
0.038412
0.0406077
0.128652
0.21621
0.276706
0.276706
0.276706
0.276706
0.223654
0.0266446
0.0171193
0.0343278
0.117431
0.276706
0.276706
0.243123
0.23688
0.0674762
0.0207124
0.0266907
0.0695796
0.0960118
0.103013
0.276706
0.188326
0.276706
0.187505
0.0424432
0.0230811
0.08898
0.0702907
0.0657789
0.103281
0.102992
0.093639
0.01404
0.0054688
0.0249072
0.0900588
0.261907
0.370435
0.370435
0.370435
0.370435
0.151505
0.051345
0.0585751
0.135861
0.0980674
0.0632069
0.0415612
0.0596296
0.0758096
0.00173441
0.0152838
0.0735095
0.192327
0.147496
0.162643
0.221495
0.233711
0.211567
0.0152888
0.0156568
0.0453274
0.133238
0.100841
0.110158
0.0385909
0.0365554
0.0856932
0.017281
0.0386026
0.0732006
0.105882
0.199227
0.176951
0.105861
0.140503
0.211713
0.0171999
0.0545052
0.211574
0.237242
0.237242
0.164536
0.0468545
0.0854325
0.237242
0.0597676
0.0934343
0.196883
0.237242
0.221193
0.225359
0.0893586
0.100407
0.237242
0.0482132
0.135636
0.201617
0.237242
0.111802
0.14473
0.0996205
0.107487
0.205947
0.0933442
0.203754
0.153892
0.171649
0.0936091
0.0487829
0.0208496
0.0342357
0.100115
0.0188922
0.0274089
0.0572482
0.120537
0.425705
0.162736
0.0450592
0.0950408
0.146024
0.0768851
0.0728759
0.308659
0.425705
0.0353153
0.0380115
0.0307878
0.0390164
0.0587362
0.0246149
0.0571454
0.0433498
0.0627835
0.425705
0.16202
0.0844971
0.04366
0.0754991
0.00611436
0.0191581
0.0913547
0.425705
0.103271
0.101944
0.0514461
0.111247
0.214295
0.0224047
0.039446
0.0328523
0.0309812
0.303859
0.211119
0.018371
0.204003
0.303859
0.00517828
0.244997
0.303859
0.303859
0.101955
0.0934782
0.0599909
0.0998976
0.224215
0.0352176
0.0344155
0.02666
0.0113986
0.160074
0.106141
0.0432742
0.113584
0.283201
0.0968561
0.210807
0.284347
0.212633
0.231017
0.136316
0.0122743
0.135111
0.259792
0.00140128
0.0848136
0.187876
0.259792
0.259792
0.182933
0.0159237
0.157777
0.259792
0.133011
0.25144
0.186728
0.259792
0.11333
0.0620363
0.0223315
0.0813124
0.194993
0.0475119
0.0991199
0.151984
0.124433
0.259792
0.180287
0.0217751
0.12786
0.259792
0.0055638
0.0659289
0.120133
0.199223
0.267229
0.229803
0.0366072
0.155657
0.267229
0.178813
0.181437
0.117869
0.267229
0.0918958
0.0719541
0.267229
0.195124
0.267229
0.214122
0.0781215
0.0576449
0.17961
0.267229
0.163976
0.0326467
0.147001
0.267229
0.00478794
0.0399665
0.121905
0.236906
0.146518
0.0480381
0.0160741
0.0625413
0.139292
0.00820189
0.0258924
0.0603591
0.172716
0.151977
0.168417
0.325581
0.325581
0.325581
0.325581
0.0745541
0.0400228
0.175827
0.130569
0.10397
0.0739488
0.0989943
0.172597
0.0334784
0.0101586
0.046282
0.178674
0.161228
0.0751968
0.0529757
0.144109
0.297655
0.0205211
0.0249798
0.0664114
0.325581
0.195662
0.116621
0.0312852
0.0575047
0.109689
0.0131077
0.0161966
0.051603
0.227305
0.243147
0.243147
0.0940618
0.190177
0.243147
0.0297916
0.0308334
0.0859378
0.243147
0.229586
0.224344
0.0806783
0.0853142
0.175619
0.0277318
0.0907155
0.133435
0.228496
0.243147
0.243147
0.101655
0.146222
0.243147
0.0438445
0.0559628
0.11343
0.243147
0.229629
0.148457
0.0374194
0.109544
0.229495
0.067575
0.0697797
0.0966598
0.192001
0.228831
0.228831
0.0996169
0.117554
0.228831
0.0412578
0.144493
0.186412
0.228831
0.102558
0.135056
0.101367
0.105012
0.228831
0.107941
0.215576
0.203513
0.187645
0.228831
0.185166
0.0721845
0.127205
0.228831
0.0845898
0.0918628
0.1517
0.214091
0.108118
0.0497894
0.0828343
0.111769
0.228831
0.13797
0.133418
0.228831
0.228831
0.0380819
0.0437867
0.0376648
0.0456697
0.0758067
0.0345019
0.0690858
0.0629384
0.079503
0.438173
0.198332
0.130211
0.0490659
0.0843198
0.011629
0.0199642
0.118817
0.438173
0.0475095
0.0304921
0.0468157
0.0401181
0.105567
0.0463618
0.0301734
0.0758917
0.126106
0.438173
0.170951
0.11932
0.151762
0.0796321
0.0105804
0.018605
0.0809181
0.438173
0.082387
0.0748296
0.0567023
0.103637
0.208873
0.0323989
0.0285268
0.0237064
0.00967499
0.128457
0.0855818
0.0351658
0.118075
0.279596
0.0865389
0.190653
0.272476
0.214906
0.0411661
0.0569112
0.0524876
0.388852
0.42685
0.0983412
0.0143344
0.0165043
0.00325548
0.0472563
0.0644395
0.0264112
0.186639
0.42685
0.261554
0.0241984
0.0262514
0.0317551
0.117369
0.0607464
0.0212964
0.1098
0.260307
0.0538539
0.123151
0.195051
0.153256
0.291885
0.291885
0.0268469
0.128342
0.266635
0.00565091
0.0521888
0.121688
0.253091
0.0510873
0.114094
0.0510178
0.19297
0.291885
0.168564
0.0192771
0.0388103
0.0317199
0.181286
0.291885
0.0917089
0.287348
0.291885
0.109498
0.0276255
0.0473592
0.0342434
0.279246
0.279246
0.0396984
0.181314
0.279246
0.00511429
0.0502795
0.164614
0.279246
0.201664
0.0997264
0.0189766
0.0933802
0.175229
0.00727874
0.0278674
0.0854569
0.23595
0.22836
0.279246
0.166741
0.279246
0.279246
0.178424
0.0404589
0.107603
0.0878398
0.0873512
0.141289
0.0353351
0.104258
0.219903
0.0228277
0.0179092
0.0369201
0.113382
0.243146
0.136401
0.063874
0.23269
0.259977
0.0215908
0.0454794
0.122535
0.259977
0.259977
0.171421
0.0382194
0.0934408
0.197824
0.0150995
0.0236215
0.0824198
0.259977
0.155515
0.151411
0.0664261
0.191175
0.259977
0.0466863
0.0457958
0.092558
0.259977
0.252951
0.195075
0.0175823
0.0932321
0.259977
0.0120457
0.0343072
0.0789207
0.259977
0.255524
0.255524
0.0880134
0.146554
0.255524
0.0311453
0.0517107
0.125443
0.255524
0.234476
0.140516
0.0377678
0.118515
0.24002
0.062682
0.0844499
0.0956954
0.2046
0.255524
0.255524
0.0282366
0.126953
0.255524
0.0451302
0.0687083
0.116139
0.255524
0.255524
0.209909
0.0683192
0.0500874
0.148368
0.0648813
0.0217362
0.0794887
0.180189
0.240956
0.176255
0.0740423
0.145451
0.240956
0.077276
0.108292
0.167127
0.237897
0.115749
0.0457519
0.0799374
0.120567
0.240956
0.107164
0.122819
0.240956
0.240956
0.240956
0.240956
0.0930791
0.0792505
0.187681
0.110975
0.0425543
0.128933
0.164532
0.240909
0.088664
0.0440432
0.227171
0.240956
0.0973661
0.0323144
0.128796
0.240956
0.045367
0.0279067
0.0409896
0.0414342
0.0979763
0.0380648
0.0276827
0.0823473
0.121222
0.366739
0.147131
0.106518
0.139757
0.109214
0.0142115
0.0161542
0.0929164
0.366739
0.0842733
0.0316616
0.0142216
0.0746186
0.10196
0.0336936
0.0151974
0.0478461
0.175547
0.321178
0.170424
0.0506048
0.124332
0.366739
0.0150968
0.0724443
0.366739
0.366739
0.0414401
0.0603732
0.0571262
0.24953
0.345
0.0663237
0.0196933
0.0213606
0.00365974
0.0934274
0.108136
0.0298328
0.133348
0.345
0.163519
0.0232767
0.0269301
0.0397183
0.0297416
0.0665536
0.0522291
0.137028
0.345
0.031336
0.0197987
0.00544209
0.00292393
0.345
0.345
0.263626
0.200039
0.345
0.0505599
0.00225742
0.00410619
0.0264945
0.0798729
0.168885
0.0788102
0.166942
0.288425
0.142362
0.0270231
0.0535084
0.0437648
0.167477
0.288425
0.119127
0.266027
0.288425
0.0849945
0.0249055
0.0642442
0.050743
0.288425
0.288425
0.205376
0.155459
0.288425
0.0473048
0.00381182
0.00656536
0.0202943
0.184927
0.288425
0.158561
0.12656
0.218764
0.0284297
0.0185779
0.022178
0.0380527
0.222267
0.283013
0.245625
0.283013
0.283013
0.155487
0.0600537
0.169898
0.118681
0.120513
0.232924
0.0463342
0.135019
0.261679
0.0253112
0.02258
0.0550798
0.156497
0.262611
0.283013
0.283013
0.18594
0.283013
0.0533515
0.0283348
0.0444317
0.0659603
0.0814674
0.0871318
0.0659365
0.0457467
0.100771
0.0254619
0.0218458
0.0313689
0.0787656
0.206484
0.201485
0.0641215
0.222269
0.255944
0.0495346
0.0679301
0.12943
0.255944
0.255944
0.198293
0.0109624
0.137535
0.255944
0.0176025
0.0447416
0.102055
0.255944
0.213405
0.188204
0.112016
0.0869613
0.232891
0.0526593
0.0401856
0.0649186
0.188935
0.255944
0.135704
0.0129903
0.123081
0.255944
0.0376501
0.0220364
0.0951037
0.255944
0.274766
0.274766
0.0173872
0.170623
0.274766
0.0388462
0.0776505
0.139766
0.274766
0.274766
0.207358
0.05632
0.0665686
0.170914
0.0563868
0.0284843
0.0937429
0.193147
0.274766
0.199786
0.0227696
0.18535
0.274766
0.0381969
0.0209772
0.104761
0.274766
0.154451
0.199146
0.0693903
0.097232
0.121543
0.0316658
0.0390738
0.0835112
0.141158
0.249163
0.249163
0.0905404
0.105537
0.249163
0.0904868
0.0533406
0.167329
0.212731
0.249163
0.0979137
0.0542099
0.249163
0.249163
0.0815168
0.0294454
0.13303
0.249163
0.249163
0.249163
0.128027
0.122597
0.138226
0.0447902
0.050964
0.117697
0.223297
0.227847
0.102998
0.0725864
0.115511
0.124258
0.0527854
0.0389915
0.134526
0.249163
0.146265
0.0497686
0.0194921
0.118038
0.165605
0.0433636
0.0267618
0.0712808
0.282133
0.327541
0.257855
0.0598861
0.151737
0.327541
0.0303389
0.086391
0.327541
0.327541
0.130899
0.0662472
0.0409544
0.0637327
0.0901774
0.0287034
0.0205272
0.0932085
0.234655
0.188088
0.0948605
0.0408015
0.125474
0.280158
0.0388323
0.0492022
0.16097
0.214468
0.0305495
0.076336
0.0533956
0.0830719
0.113888
0.0193955
0.0295816
0.00838155
0.00316261
0.343023
0.343023
0.263523
0.193663
0.343023
0.00823788
0.00518101
0.00559891
0.0382724
0.0564105
0.078878
0.0732021
0.0561015
0.104839
0.00448607
0.0338561
0.0334112
0.0169563
0.343023
0.343023
0.0523078
0.343023
0.343023
0.0236442
0.0289981
0.021924
0.0300311
0.290157
0.290157
0.26414
0.16626
0.290157
0.0148792
0.00704508
0.00721914
0.0310624
0.204947
0.290157
0.189505
0.0947316
0.229701
0.00271976
0.019549
0.0337678
0.0549753
0.290157
0.290157
0.0498111
0.290157
0.290157
0.0197894
0.0320794
0.0432151
0.0385514
0.149528
0.140536
0.0202741
0.0689961
0.146746
0.0143841
0.0214279
0.0410064
0.0717375
0.317488
0.317488
0.317488
0.234516
0.317488
0.0159939
0.0482601
0.0971369
0.154941
0.182462
0.146157
0.105624
0.0826323
0.179826
0.0442564
0.0367733
0.0681574
0.171011
0.213751
0.125658
0.040113
0.0876838
0.136685
0.0321119
0.0666117
0.155195
0.270296
0.147977
0.189319
0.0486923
0.0759531
0.239239
0.0186855
0.0291312
0.140129
0.166083
0.244094
0.192848
0.116393
0.12917
0.244094
0.0576493
0.0434282
0.0883094
0.244094
0.244094
0.145456
0.0571307
0.198337
0.244094
0.0455824
0.0378871
0.11971
0.244094
0.189824
0.158709
0.0698687
0.126819
0.244094
0.0240033
0.0371989
0.166989
0.244094
0.160581
0.153211
0.0992384
0.239403
0.244094
0.0932407
0.0337527
0.0621442
0.244094
0.277043
0.182448
0.0781555
0.277043
0.277043
0.0433803
0.0358098
0.13104
0.277043
0.165151
0.200907
0.0677236
0.124205
0.155624
0.0236904
0.0519324
0.113939
0.149803
0.224903
0.14354
0.139645
0.277043
0.277043
0.072108
0.0352307
0.0775454
0.277043
0.135489
0.159842
0.130988
0.189698
0.191373
0.0392004
0.049778
0.0823397
0.06956
0.234959
0.234959
0.11793
0.151242
0.20434
0.032467
0.0655717
0.154583
0.234959
0.234959
0.144565
0.0872677
0.117286
0.147248
0.0514065
0.042169
0.140952
0.234959
0.234959
0.234959
0.141076
0.234959
0.234959
0.0536466
0.0722796
0.157357
0.0867715
0.174876
0.217196
0.109515
0.14216
0.112682
0.100906
0.0598178
0.234959
0.234959
0.25396
0.156517
0.0704893
0.104546
0.163593
0.05442
0.0459054
0.136783
0.25396
0.25396
0.171514
0.0774129
0.205266
0.25396
0.0954113
0.0842923
0.102588
0.25396
0.203873
0.176461
0.0629086
0.112607
0.18777
0.112202
0.0562933
0.183124
0.25396
0.187331
0.152048
0.0390557
0.15235
0.25396
0.0920125
0.0835866
0.128575
0.25396
0.0565789
0.0670394
0.0463206
0.046361
0.0722559
0.00557937
0.0290514
0.022039
0.0165368
0.344558
0.344558
0.0443225
0.344558
0.344558
0.0126988
0.0193835
0.0160608
0.0463251
0.074303
0.0701381
0.0408357
0.0301156
0.0562011
0.0121352
0.0260247
0.0145695
0.0415337
0.344558
0.190181
0.0565157
0.344558
0.344558
0.0117439
0.05097
0.0998299
0.272408
0.327985
0.327985
0.0496798
0.327985
0.327985
0.0131889
0.025009
0.0352289
0.0569051
0.102543
0.10668
0.0237793
0.0740177
0.156152
0.00938458
0.0142792
0.0370558
0.0671429
0.327985
0.181306
0.0574275
0.327985
0.327985
0.0135545
0.0396428
0.0790027
0.305597
0.0705244
0.0760834
0.0489516
0.0836431
0.128622
0.0250009
0.0276076
0.0387646
0.0599606
0.226644
0.149409
0.0577146
0.128373
0.212361
0.031564
0.0673186
0.19587
0.226644
0.17942
0.20326
0.0532561
0.115423
0.226644
0.022207
0.0420032
0.202288
0.197018
0.226644
0.177626
0.0879412
0.211073
0.226644
0.0965305
0.090581
0.118762
0.226644
0.226644
0.184451
0.0601024
0.172054
0.226644
0.159696
0.0772493
0.144011
0.226644
0.201955
0.142448
0.060862
0.15317
0.23673
0.0230282
0.0457022
0.204831
0.23673
0.144079
0.164593
0.144995
0.23673
0.232474
0.0886653
0.0505451
0.0825118
0.23673
0.23673
0.154223
0.0335206
0.138411
0.23673
0.130229
0.0968051
0.199305
0.23673
0.23673
0.126645
0.0523967
0.117539
0.171686
0.088873
0.114722
0.171517
0.23673
0.182935
0.140535
0.188322
0.238846
0.238846
0.077232
0.0539643
0.0995508
0.238846
0.13024
0.160199
0.129419
0.201252
0.185226
0.0428562
0.0571701
0.118826
0.096864
0.238846
0.196795
0.110353
0.163699
0.219159
0.0792216
0.129143
0.194345
0.238846
0.19642
0.140952
0.126796
0.203755
0.238846
0.0914053
0.0337696
0.135694
0.238846
0.200399
0.205845
0.114976
0.220177
0.228781
0.0500117
0.0716058
0.161547
0.111423
0.151956
0.191395
0.0994855
0.124335
0.131996
0.0578839
0.0691437
0.173686
0.228781
0.228781
0.228781
0.214766
0.228781
0.228781
0.0941761
0.0413276
0.126255
0.228781
0.137764
0.133359
0.0975103
0.128138
0.228781
0.175952
0.144129
0.156478
0.196352
0.222058
0.211515
0.0662201
0.114869
0.193116
0.078424
0.078907
0.152973
0.231349
0.207043
0.152969
0.0453174
0.155861
0.231349
0.114606
0.104991
0.0942892
0.231349
0.17635
0.146759
0.110731
0.148529
0.231349
0.164214
0.115755
0.159933
0.21546
0.231349
0.159263
0.068731
0.209818
0.231349
0.12213
0.0916589
0.135012
0.231349
0.08274
0.0781898
0.0339678
0.0367603
0.0505451
0.0160624
0.0278602
0.0199928
0.0432669
0.315503
0.186324
0.0686524
0.381292
0.381292
0.00900073
0.0301972
0.0575257
0.248313
0.0518591
0.0727466
0.0245488
0.0283629
0.0846033
0.0266186
0.016125
0.0235517
0.0202502
0.296588
0.169829
0.0732917
0.381292
0.381292
0.0356721
0.17857
0.107616
0.0825033
0.256647
0.146342
0.050317
0.331658
0.331658
0.0125107
0.0241226
0.0594255
0.238005
0.0615066
0.0720526
0.0543019
0.0803646
0.143947
0.0314094
0.0212414
0.0625209
0.0613114
0.238851
0.14016
0.0692027
0.331658
0.331658
0.0357797
0.105055
0.0839634
0.0861314
0.149505
0.10715
0.160255
0.291277
0.261429
0.0457641
0.091502
0.157403
0.0697095
0.1217
0.114591
0.072452
0.0865138
0.175924
0.0778306
0.0505389
0.170041
0.172247
0.13637
0.0984108
0.0309341
0.0821656
0.179815
0.0651239
0.04501
0.0851429
0.127138
0.248014
0.201027
0.248014
0.248014
0.248014
0.149032
0.143499
0.248014
0.233227
0.196519
0.198284
0.0906492
0.207697
0.248014
0.18232
0.107644
0.234151
0.165995
0.233997
0.122572
0.0280999
0.102935
0.23536
0.0810445
0.0740772
0.168001
0.2368
0.193795
0.104504
0.0369364
0.0874165
0.119296
0.06111
0.0813475
0.135809
0.198238
0.2368
0.2368
0.0562993
0.2368
0.2368
0.2368
0.146392
0.2368
0.2368
0.20101
0.169462
0.072625
0.129206
0.163188
0.0894063
0.112074
0.125735
0.2368
0.220729
0.165355
0.0881866
0.142733
0.189842
0.0810651
0.117271
0.177252
0.212913
0.199492
0.135317
0.112992
0.206735
0.220729
0.0907872
0.0405302
0.1463
0.220729
0.220729
0.215202
0.0962255
0.179813
0.220729
0.066431
0.161716
0.156959
0.220729
0.160303
0.183209
0.0933874
0.183857
0.220729
0.0508174
0.0977485
0.220729
0.14033
0.228185
0.221916
0.190858
0.228185
0.228185
0.101789
0.0629983
0.142789
0.228185
0.12676
0.138064
0.106268
0.123044
0.228185
0.13295
0.143617
0.140941
0.193564
0.228185
0.228185
0.158793
0.228185
0.228185
0.0524311
0.14072
0.194477
0.110192
0.0705246
0.141805
0.174529
0.096409
0.204996
0.0871551
0.0943799
0.159737
0.0847701
0.177272
0.167912
0.12902
0.139097
0.220688
0.132449
0.123154
0.15989
0.220688
0.220688
0.148519
0.084859
0.204008
0.216846
0.14565
0.0851085
0.137952
0.220688
0.0956056
0.132673
0.179308
0.11172
0.220688
0.0835333
0.102397
0.178668
0.157573
0.153353
0.220688
0.220688
0.173775
0.207918
0.0981057
0.083781
0.178662
0.220688
0.0500492
0.0837986
0.0250466
0.0373836
0.0893608
0.0311726
0.0223939
0.0360444
0.0226708
0.271253
0.167299
0.105631
0.386562
0.386562
0.0305468
0.116594
0.0689012
0.0604238
0.0328428
0.0827106
0.0446215
0.0818626
0.0945219
0.0511178
0.0857589
0.0491742
0.0295222
0.310138
0.3171
0.0501103
0.376171
0.386562
0.0543829
0.0918192
0.0447898
0.016876
0.193633
0.120555
0.0766243
0.328277
0.328277
0.0385483
0.0759631
0.0796579
0.064725
0.134083
0.108694
0.157248
0.259189
0.258814
0.0808349
0.101164
0.193718
0.0653548
0.257496
0.281189
0.0439881
0.326715
0.328277
0.0434356
0.0704248
0.0402916
0.0173771
0.0453008
0.0466862
0.0640886
0.111672
0.120669
0.108241
0.195184
0.0692322
0.0310873
0.153809
0.132751
0.209204
0.229202
0.229202
0.159842
0.135473
0.229202
0.157112
0.137222
0.180562
0.109297
0.151485
0.149339
0.0779403
0.0856874
0.149233
0.137807
0.111791
0.0713574
0.0912908
0.163523
0.171636
0.155822
0.229202
0.145677
0.183956
0.1724
0.229202
0.229202
0.191168
0.206154
0.103898
0.127172
0.13464
0.229202
0.141802
0.160765
0.0766301
0.156873
0.166508
0.102434
0.0722745
0.20383
0.200785
0.107279
0.0912436
0.0542218
0.0875883
0.0976754
0.0528779
0.063542
0.0856282
0.152218
0.238087
0.243724
0.243724
0.231694
0.225887
0.112092
0.113742
0.214271
0.243724
0.137624
0.201965
0.243724
0.243724
0.20329
0.146721
0.118812
0.160651
0.16917
0.159697
0.110152
0.0605442
0.128866
0.169459
0.0702111
0.0930299
0.12278
0.18021
0.101133
0.0930825
0.0479163
0.0939119
0.124611
0.0337366
0.0470663
0.117778
0.0705271
0.162656
0.252977
0.252977
0.252977
0.252977
0.203224
0.197416
0.251646
0.233687
0.140978
0.135627
0.100313
0.249174
0.252977
0.252977
0.131406
0.162292
0.147754
0.209231
0.162766
0.105956
0.155753
0.25234
0.0499274
0.0876632
0.134762
0.0783145
0.0741683
0.0995639
0.118557
0.07169
0.159078
0.0514628
0.0657571
0.108147
0.0924902
0.231611
0.257725
0.146579
0.257725
0.257725
0.257725
0.257725
0.257725
0.224362
0.257725
0.0817516
0.115285
0.119394
0.208902
0.04631
0.0858479
0.0552476
0.167631
0.121883
0.135913
0.186204
0.0979277
0.217748
0.0672444
0.0964683
0.161204
0.202466
0.14868
0.217748
0.217748
0.172771
0.217748
0.143294
0.104211
0.146547
0.212438
0.217748
0.149127
0.168949
0.125154
0.217748
0.0742637
0.151768
0.0961945
0.217748
0.158245
0.206983
0.203176
0.189245
0.217748
0.130824
0.151631
0.100017
0.114009
0.0543101
0.0968805
0.0420517
0.0615826
0.0796627
0.0550882
0.0785357
0.0522742
0.0318051
0.322901
0.308499
0.0472335
0.322901
0.322901
0.0393525
0.0664836
0.0403552
0.0265107
0.215298
0.202026
0.0932499
0.0759853
0.155297
0.0584988
0.0652325
0.0952142
0.107716
0.322901
0.322901
0.146591
0.172556
0.322901
0.0399769
0.0315648
0.0827771
0.129246
0.307161
0.295696
0.0373125
0.307699
0.31109
0.0469247
0.0787621
0.0517516
0.0284857
0.0319552
0.0542503
0.0612536
0.110577
0.131607
0.138057
0.225853
0.0908121
0.0258881
0.31109
0.31109
0.189887
0.154847
0.31109
0.0298918
0.0428225
0.110768
0.201244
0.00970787
0.0308943
0.121496
0.189375
0.179151
0.065476
0.0411243
0.0212696
0.0340932
0.0649705
0.0557347
0.0668384
0.129814
0.157106
0.170123
0.251615
0.159168
0.138091
0.139053
0.241738
0.259914
0.259914
0.259914
0.115841
0.148861
0.132211
0.259914
0.024386
0.0326689
0.162629
0.245775
0.259914
0.0672982
0.0623281
0.0560621
0.0658177
0.0292914
0.0550318
0.0636447
0.259914
0.259914
0.254651
0.109368
0.0820898
0.102025
0.137355
0.19967
0.24475
0.24475
0.24475
0.108934
0.115184
0.173718
0.24475
0.0839062
0.146771
0.24475
0.24475
0.202254
0.115667
0.111953
0.118568
0.125712
0.0394425
0.0822118
0.0800864
0.24475
0.24475
0.231805
0.130061
0.114534
0.127363
0.0208959
0.107603
0.136841
0.188309
0.24475
0.104118
0.141434
0.0910945
0.0388397
0.0917455
0.205158
0.228218
0.228218
0.228218
0.143555
0.147722
0.162493
0.160201
0.0814079
0.0967783
0.089328
0.179464
0.183284
0.0943613
0.088414
0.131599
0.0965896
0.031214
0.185898
0.21976
0.228218
0.228218
0.164006
0.215524
0.121691
0.0520872
0.06192
0.228218
0.203679
0.228218
0.158644
0.192287
0.204648
0.168073
0.0705874
0.109382
0.151304
0.103957
0.221073
0.227652
0.119685
0.127002
0.138003
0.115713
0.100197
0.0488188
0.0515939
0.0646012
0.126197
0.0347934
0.0483151
0.0492655
0.090778
0.112812
0.241464
0.241464
0.241464
0.241464
0.241464
0.241464
0.188676
0.116321
0.127108
0.241464
0.100112
0.241464
0.241464
0.221829
0.0863703
0.148536
0.223258
0.165369
0.0998553
0.0871533
0.0709696
0.179923
0.0615099
0.0859238
0.0622432
0.155362
0.0691439
0.0962195
0.0991061
0.101456
0.121928
0.0889103
0.0838706
0.0479537
0.0567237
0.225394
0.30088
0.169993
0.30088
0.30088
0.30088
0.100341
0.211304
0.30088
0.0660701
0.119716
0.0626452
0.169504
0.30088
0.129864
0.058144
0.138727
0.201461
0.213928
0.20085
0.127145
0.0871184
0.16697
0.0594257
0.0707737
0.0863856
0.0984372
0.274575
0.274575
0.173909
0.18987
0.274575
0.0454657
0.0444546
0.0710316
0.121611
0.274575
0.274575
0.199838
0.169767
0.274575
0.0268626
0.0171902
0.0364946
0.123231
0.115246
0.274575
0.180023
0.0883705
0.16483
0.164457
0.139733
0.0534538
0.0475972
0.298819
0.298819
0.298819
0.232238
0.298819
0.0554118
0.0805639
0.128785
0.23236
0.00878191
0.0520819
0.171016
0.257897
0.26715
0.0926194
0.0610682
0.0365675
0.0386184
0.100356
0.297557
0.28306
0.12825
0.120778
0.192646
0.142912
0.0700644
0.0721792
0.00736871
0.00907647
0.125682
0.0878994
0.0806962
0.109159
0.0611362
0.0185745
0.010486
0.0225629
0.046768
0.206339
0.337499
0.349396
0.108736
0.107938
0.113065
0.100937
0.0293727
0.0618906
0.0867016
0.349396
0.349396
0.349396
0.198465
0.159251
0.177388
0.00890573
0.0168479
0.157254
0.122015
0.11185
0.113504
0.0495686
0.0275153
0.013867
0.0537215
0.148612
0.157044
0.222663
0.166706
0.0385878
0.0138774
0.011953
0.00576997
0.0384899
0.114672
0.139089
0.311625
0.311625
0.311625
0.238989
0.22224
0.227443
0.0189461
0.177228
0.21597
0.311625
0.311625
0.147331
0.228265
0.119391
0.057055
0.0479531
0.121998
0.145392
0.190926
0.142834
0.029463
0.0179718
0.0181452
0.00387502
0.038689
0.0434264
0.0436601
0.157062
0.140938
0.0627094
0.0395519
0.0157253
0.0150353
0.0293151
0.247289
0.247289
0.247289
0.247289
0.1831
0.247289
0.126749
0.0673945
0.0661755
0.247289
0.247289
0.247289
0.247289
0.179586
0.247289
0.247289
0.0852846
0.041215
0.0449346
0.0536195
0.16308
0.155483
0.0740523
0.0622023
0.0275809
0.0167289
0.00976682
0.0847716
0.11417
0.10989
0.17704
0.234572
0.156072
0.131275
0.0180964
0.0961467
0.220636
0.233354
0.233354
0.233354
0.199259
0.217875
0.224206
0.111134
0.094904
0.192738
0.105691
0.233354
0.233354
0.197443
0.0891268
0.144526
0.18634
0.00800208
0.0709242
0.0946132
0.105573
0.166528
0.220871
0.158051
0.0995873
0.0200818
0.0250324
0.135829
0.144743
0.185097
0.16953
0.233354
0.233354
0.0894051
0.056673
0.125678
0.179356
0.118835
0.238478
0.238478
0.223337
0.0766009
0.104662
0.238478
0.0345878
0.0941188
0.0743763
0.124153
0.174428
0.118086
0.0699544
0.0876638
0.117372
0.031333
0.138084
0.173678
0.224126
0.227668
0.238478
0.238478
0.0870592
0.0646156
0.119825
0.182867
0.231201
0.238478
0.238478
0.219695
0.141224
0.0843312
0.175444
0.305655
0.305655
0.248991
0.213515
0.305655
0.0226803
0.0181634
0.0350241
0.103621
0.0941551
0.277234
0.240994
0.120418
0.170636
0.134295
0.104427
0.0442643
0.0517721
0.305655
0.187435
0.0171875
0.305655
0.305655
0.0407557
0.0302569
0.0428838
0.0640216
0.0797051
0.0624871
0.0330337
0.0720421
0.166098
0.0581871
0.0574441
0.0460545
0.0343865
0.130535
0.284082
0.284082
0.284082
0.248263
0.284082
0.237604
0.131747
0.105788
0.0115215
0.0173863
0.284082
0.19461
0.178259
0.220164
0.129267
0.0840335
0.0295911
0.0352656
0.0982242
0.0800131
0.0957671
0.126055
0.151587
0.133953
0.113667
0.0774323
0.00998885
0.00308156
0.0177297
0.0923475
0.234038
0.213205
0.132611
0.208263
0.131425
0.0132033
0.0327865
0.244986
0.244575
0.214425
0.2441
0.125065
0.129837
0.0408363
0.110109
0.215492
0.244986
0.244986
0.244986
0.0824205
0.0537294
0.0578956
0.0601868
0.011573
0.00454991
0.0222462
0.123414
0.244986
0.244986
0.144593
0.244986
0.166945
0.0487753
0.0710365
0.0549553
0.128244
0.244986
0.244986
0.164762
0.22481
0.120796
0.127288
0.234743
0.254465
0.254465
0.254465
0.0759959
0.0494203
0.0544037
0.0433217
0.126037
0.142619
0.172422
0.254465
0.254465
0.111684
0.0790819
0.0346442
0.0318418
0.0552182
0.100763
0.0807712
0.134477
0.254465
0.254465
0.161074
0.249664
0.0919401
0.0552376
0.139929
0.229496
0.254465
0.254465
0.14806
0.0929015
0.0635339
0.0392917
0.121205
0.153527
0.168831
0.257031
0.257031
0.113491
0.078644
0.0437373
0.0255066
0.0118486
0.0978117
0.182161
0.17093
0.257031
0.257031
0.257031
0.257031
0.0275919
0.060936
0.148241
0.246535
0.257031
0.257031
0.131783
0.0596814
0.0543336
0.0329017
0.024298
0.159425
0.257031
0.257031
0.177839
0.0748098
0.0460493
0.0339683
0.0122805
0.00614037
0.0825551
0.130858
0.153959
0.243564
0.243564
0.240825
0.213487
0.0264584
0.0370872
0.208758
0.243564
0.243564
0.243564
0.243564
0.243564
0.120526
0.0639094
0.0171739
0.110442
0.243564
0.243564
0.146672
0.0661274
0.0381503
0.0327524
0.0157577
0.0240138
0.0604598
0.0693011
0.107353
0.243564
0.224327
0.235772
0.150494
0.0311746
0.029981
0.162913
0.211722
0.225376
0.225376
0.225376
0.225376
0.0742144
0.0357651
0.127773
0.218138
0.225376
0.225376
0.225376
0.225376
0.223249
0.163192
0.185538
0.0331115
0.0515303
0.0544506
0.117528
0.225376
0.133564
0.142031
0.0987043
0.0235761
0.0869958
0.123658
0.0925639
0.131818
0.191463
0.213583
0.225376
0.148867
0.126958
0.357875
0.134567
0.032362
0.357875
0.357875
0.0346313
0.0312421
0.0437158
0.0414379
0.0689121
0.0490861
0.0290199
0.0800208
0.176964
0.0309843
0.0283657
0.0454404
0.0403994
0.284602
0.203376
0.249002
0.357875
0.357875
0.0489021
0.0340736
0.0547949
0.0600157
0.0181515
0.0165077
0.0159947
0.111368
0.245345
0.119177
0.025999
0.0222677
0.0116871
0.0482994
0.136275
0.092328
0.112032
0.163337
0.127797
0.116667
0.162414
0.102603
0.0141904
0.0163416
0.0202673
0.113187
0.288307
0.288307
0.196702
0.288307
0.151496
0.0275317
0.0554519
0.0600379
0.281906
0.288307
0.288307
0.0643534
0.0690116
0.0392099
0.00916496
0.038734
0.0753562
0.288307
0.288307
0.288307
0.109162
0.0831227
0.0274446
0.0111617
0.0136132
0.0158316
0.10089
0.263783
0.270803
0.159568
0.267728
0.117146
0.0427783
0.0239015
0.0332752
0.0656315
0.275452
0.248947
0.171921
0.213632
0.147322
0.00841185
0.0331899
0.0640848
0.275452
0.275452
0.275452
0.0827766
0.0565977
0.0305073
0.0197444
0.0493801
0.0478875
0.275452
0.275452
0.275452
0.0757664
0.0781473
0.0666276
0.0675393
0.0818861
0.0617874
0.088207
0.26578
0.26578
0.155989
0.209131
0.116851
0.0718373
0.156566
0.24152
0.26578
0.26578
0.117493
0.071567
0.0719061
0.0480694
0.0187488
0.0288403
0.0483751
0.26578
0.26578
0.26578
0.0748091
0.0838845
0.0828259
0.0181654
0.012556
0.0141786
0.201345
0.26578
0.26578
0.214808
0.155151
0.103864
0.117373
0.243386
0.258823
0.258823
0.258823
0.147165
0.0599765
0.0789758
0.0552188
0.0278415
0.140732
0.258823
0.258823
0.216471
0.0807603
0.0564588
0.0412593
0.0226164
0.0197055
0.00344929
0.025429
0.258823
0.258823
0.258823
0.211008
0.148703
0.134043
0.00560781
0.028532
0.21663
0.130949
0.196106
0.220848
0.16496
0.106667
0.027775
0.0274866
0.138827
0.253333
0.253333
0.221417
0.106276
0.0624249
0.0485093
0.0311629
0.0413081
0.112806
0.154747
0.209651
0.253333
0.253333
0.253333
0.168108
0.0481966
0.0110527
0.0310036
0.241499
0.175661
0.184008
0.246387
0.160392
0.0730303
0.034591
0.0395431
0.0654248
0.253333
0.253333
0.253333
0.213648
0.115308
0.0554556
0.0339373
0.0432733
0.0749324
0.109633
0.196512
0.243135
0.150125
0.14605
0.106524
0.0296879
0.103889
0.154218
0.126119
0.174542
0.234267
0.243135
0.243135
0.243135
0.141203
0.0286536
0.0562767
0.243135
0.220749
0.243135
0.140688
0.0569172
0.0213392
0.017635
0.0262674
0.0478692
0.203983
0.243135
0.243135
0.243135
0.192445
0.166808
0.109594
0.258587
0.234312
0.178345
0.336402
0.336402
0.0333142
0.0329914
0.0576566
0.0533744
0.0106794
0.0161031
0.0174545
0.0957283
0.217284
0.075502
0.0233961
0.0245478
0.0135588
0.336402
0.336402
0.172863
0.231485
0.336402
0.0500823
0.0513097
0.151016
0.213975
0.00654502
0.0166811
0.0634341
0.080438
0.176914
0.0811864
0.0366484
0.0264596
0.0136432
0.0278022
0.0475874
0.0548611
0.232541
0.284465
0.23477
0.0669051
0.0765798
0.0396378
0.0142001
0.0469035
0.0745506
0.284465
0.284465
0.253043
0.129858
0.0893396
0.0168121
0.0193983
0.0395147
0.199687
0.264087
0.284465
0.264948
0.0964969
0.0764538
0.043151
0.0451651
0.0438342
0.0897689
0.263357
0.284465
0.284465
0.0843264
0.0479741
0.0254595
0.013576
0.0438567
0.0731695
0.281119
0.291666
0.263382
0.109808
0.0655079
0.0221286
0.0232599
0.0613732
0.0667789
0.223226
0.291666
0.291666
0.101014
0.111845
0.0971252
0.0314727
0.0276898
0.0753316
0.272234
0.291666
0.252174
0.057184
0.0532279
0.0261467
0.0126772
0.0582676
0.0638533
0.210523
0.291666
0.291666
0.112071
0.0897655
0.040635
0.0251641
0.0382925
0.071644
0.224578
0.284642
0.284642
0.0924374
0.106239
0.125318
0.0221901
0.0230698
0.0415926
0.180677
0.284642
0.284642
0.157044
0.141544
0.122724
0.0103265
0.041256
0.0685949
0.235455
0.284642
0.284642
0.074263
0.0918682
0.0515891
0.00726481
0.0215755
0.106039
0.253469
0.284642
0.226609
0.177576
0.0765619
0.034158
0.0271413
0.012717
0.0413798
0.214661
0.260922
0.260922
0.148319
0.138565
0.152793
0.00831281
0.0212905
0.197617
0.147897
0.195722
0.260922
0.191279
0.105599
0.0295134
0.0288072
0.026907
0.0962546
0.260922
0.260922
0.258997
0.135418
0.0741909
0.0494619
0.0356068
0.0563865
0.0665584
0.225756
0.260922
0.260922
0.260922
0.16551
0.0483277
0.0140418
0.0243177
0.203729
0.17395
0.174863
0.250031
0.166444
0.0783015
0.0304288
0.026461
0.0466669
0.269717
0.273769
0.273769
0.191986
0.0930298
0.0356866
0.0336522
0.0526481
0.0574755
0.0486695
0.197977
0.273769
0.273769
0.226766
0.149788
0.0649785
0.00920018
0.00932641
0.0163166
0.07922
0.273769
0.273769
0.239279
0.160818
0.103933
0.0259441
0.0520237
0.25804
0.25804
0.25804
0.158551
0.0623417
0.0188746
0.0227489
0.0265352
0.0571825
0.226064
0.25804
0.25804
0.25804
0.25804
0.246482
0.145223
0.0094185
0.0104259
0.0285735
0.0681727
0.25804
0.25804
0.143506
0.141656
0.112409
0.0459611
0.0524982
0.199758
0.198733
0.214975
0.164821
0.0702639
0.0555263
0.0769074
