0.0996911
0.158943
0.223566
0.203993
0.107188
0.140564
0.173712
0.223566
0.140192
0.10518
0.175821
0.137166
0.211856
0.223566
0.117232
0.116084
0.223566
0.223566
0.0690905
0.170981
0.132755
0.132529
0.164536
0.110267
0.223566
0.202008
0.138234
0.0987705
0.182685
0.0681201
0.150358
0.223566
0.215496
0.126939
0.210719
0.116909
0.0757031
0.192698
0.206044
0.15813
0.201226
0.0898722
0.111545
0.215258
0.215258
0.213972
0.215258
0.199683
0.097623
0.203813
0.0816699
0.0809912
0.185702
0.215258
0.0715547
0.165155
0.0759412
0.117554
0.199942
0.175583
0.130273
0.170045
0.103955
0.123918
0.215258
0.215258
0.134549
0.191338
0.126124
0.211128
0.215258
0.0991891
0.206669
0.221452
0.221452
0.106498
0.215381
0.0925383
0.123164
0.194508
0.221452
0.114718
0.209713
0.143207
0.137962
0.221452
0.121865
0.159763
0.0929043
0.0681329
0.139674
0.221452
0.221452
0.132267
0.193913
0.15024
0.221452
0.221452
0.118195
0.116112
0.136627
0.11521
0.162285
0.221452
0.163304
0.0772155
0.141158
0.104067
0.126055
0.216011
0.135097
0.118106
0.199633
0.143356
0.149306
0.100033
0.108851
0.138251
0.194863
0.148563
0.199244
0.216011
0.199227
0.164695
0.128282
0.146309
0.0960528
0.16537
0.0888479
0.141727
0.216011
0.172769
0.0782966
0.120526
0.106663
0.155863
0.216011
0.145102
0.216011
0.216011
0.204153
0.216011
0.216011
0.192554
0.15248
0.210126
0.14002
0.179221
0.199469
0.202815
0.152069
0.112623
0.145497
0.0784997
0.0932577
0.0527883
0.150469
0.159488
0.0929877
0.120572
0.121806
0.136923
0.143077
0.211912
0.152968
0.211912
0.211912
0.206474
0.194427
0.19962
0.211912
0.138241
0.164707
0.190451
0.136406
0.198201
0.211912
0.211912
0.149538
0.155318
0.0964465
0.112193
0.0809035
0.1883
0.216918
0.0908655
0.109973
0.101365
0.125938
0.11224
0.139247
0.131188
0.224172
0.224172
0.111616
0.18124
0.199896
0.224172
0.157069
0.184816
0.197814
0.140166
0.205194
0.205817
0.162358
0.127475
0.220174
0.172115
0.142611
0.0910353
0.118166
0.224172
0.223655
0.216919
0.109076
0.18098
0.109832
0.136596
0.171168
0.219814
0.219814
0.108685
0.165487
0.186905
0.219814
0.129679
0.101645
0.102211
0.132778
0.191425
0.116542
0.219814
0.219814
0.205681
0.145483
0.155877
0.105378
0.129451
0.219814
0.192464
0.186108
0.105755
0.166896
0.0787381
0.209206
0.204617
0.114735
0.210574
0.208591
0.147354
0.120158
0.123034
0.0790711
0.180593
0.135788
0.101488
0.175735
0.133448
0.20622
0.21971
0.128183
0.107689
0.194679
0.105769
0.125808
0.21971
0.21971
0.107018
0.16179
0.110729
0.105095
0.208662
0.21971
0.168408
0.151346
0.134103
0.21971
0.21971
0.173605
0.1159
0.21971
0.1929
0.21971
0.21971
0.155648
0.0985877
0.141663
0.0725512
0.0810203
0.187718
0.118166
0.095033
0.196686
0.2021
0.117081
0.140381
0.113093
0.102912
0.213433
0.221999
0.180884
0.215014
0.180782
0.211078
0.221999
0.100788
0.114973
0.221999
0.159105
0.15935
0.221999
0.125979
0.0885963
0.139513
0.0862876
0.105847
0.221999
0.172893
0.220613
0.221999
0.162319
0.102362
0.160759
0.155845
0.109783
0.221079
0.221079
0.159048
0.215423
0.185929
0.221079
0.221079
0.111316
0.110372
0.123459
0.120802
0.168338
0.221079
0.171039
0.079803
0.124436
0.0948815
0.116624
0.221079
0.179082
0.221079
0.221079
0.179759
0.121486
0.147803
0.184109
0.0932825
0.105137
0.107034
0.164272
0.221079
0.190906
0.131029
0.0744282
0.181927
0.0963277
0.126313
0.103656
0.159326
0.226213
0.179187
0.0905695
0.109086
0.114777
0.140762
0.226213
0.174632
0.226213
0.226213
0.197897
0.201736
0.192084
0.183364
0.108314
0.0781154
0.100068
0.174178
0.226213
0.217984
0.120937
0.0801842
0.226213
0.0283915
0.131211
0.146819
0.201004
0.19194
0.13986
0.158816
0.161229
0.226213
0.130205
0.215641
0.179451
0.215641
0.215641
0.190206
0.180673
0.176001
0.215641
0.134287
0.159874
0.167521
0.174579
0.215641
0.215641
0.215641
0.139095
0.148535
0.0365897
0.109447
0.114207
0.193511
0.189924
0.14357
0.147935
0.173401
0.215641
0.0749854
0.120004
0.152616
0.204129
0.14722
0.155603
0.10544
0.130117
0.064304
0.169157
0.166257
0.179409
0.185594
0.2129
0.181968
0.187423
0.12797
0.2129
0.16723
0.157129
0.129405
0.136379
0.2129
0.2129
0.2129
0.15911
0.203811
0.0652339
0.101132
0.130618
0.200295
0.175624
0.1531
0.119659
0.159156
0.072574
0.158044
0.113052
0.108677
0.145621
0.2129
0.206548
0.162524
0.167776
0.16377
0.155381
0.170519
0.14324
0.152139
0.210479
0.166829
0.210479
0.141733
0.18763
0.0870744
0.210479
0.185813
0.114601
0.210479
0.190664
0.153076
0.14391
0.171434
0.122305
0.128642
0.0902398
0.130354
0.210479
0.163622
0.170929
0.173974
0.163509
0.11594
0.210479
0.178678
0.16442
0.210479
0.13645
0.172069
0.128268
0.195037
0.0974736
0.218528
0.199778
0.135413
0.178746
0.146303
0.218528
0.218528
0.175432
0.119222
0.218528
0.218528
0.209865
0.218528
0.153204
0.0723968
0.100697
0.072089
0.0432021
0.165748
0.114361
0.214759
0.218528
0.211404
0.218528
0.127641
0.147636
0.0388313
0.10232
0.138248
0.148982
0.218528
0.14072
0.189436
0.130158
0.137066
0.120852
0.227133
0.227133
0.16958
0.227133
0.14714
0.0779079
0.119107
0.0963983
0.113604
0.227133
0.227133
0.227133
0.227133
0.184915
0.13028
0.175003
0.197138
0.0484535
0.12154
0.136691
0.180136
0.227133
0.1696
0.209934
0.114971
0.12646
0.136975
0.227133
0.115874
0.135851
0.176196
0.0967381
0.13614
0.138791
0.0918041
0.106028
0.221507
0.217853
0.221507
0.221507
0.193364
0.140616
0.147045
0.205034
0.0855414
0.0991549
0.0906966
0.221507
0.221507
0.205974
0.173849
0.118613
0.194756
0.110167
0.221507
0.11758
0.197409
0.197281
0.102128
0.124336
0.114419
0.0965303
0.100008
0.155781
0.0642372
0.221507
0.219866
0.133075
0.131071
0.153385
0.172305
0.099266
0.0755884
0.100678
0.221541
0.221541
0.221541
0.1646
0.117379
0.221541
0.0158932
0.125192
0.180018
0.221053
0.221541
0.188666
0.150964
0.194722
0.221541
0.0904533
0.163993
0.0897802
0.221541
0.221541
0.143819
0.141997
0.162561
0.170758
0.0498797
0.132085
0.19059
0.221541
0.221541
0.106455
0.0857148
0.127403
0.135591
0.0283722
0.109441
0.16143
0.219736
0.219736
0.202774
0.173831
0.200883
0.219736
0.0687094
0.132461
0.175809
0.219736
0.212162
0.188675
0.125
0.16776
0.0697906
0.0577739
0.165727
0.212718
0.219736
0.219736
0.110929
0.107967
0.146589
0.137684
0.0796182
0.106789
0.0945615
0.0993147
0.219736
0.217956
0.0893132
0.219736
0.219736
0.0548854
0.0844055
0.11715
0.225226
0.187481
0.11899
0.133393
0.151173
0.0689784
0.11385
0.103974
0.115592
0.140051
0.235263
0.196365
0.156006
0.179215
0.162049
0.0709959
0.107994
0.0738701
0.122027
0.235263
0.174879
0.110273
0.183186
0.18362
0.235263
0.235263
0.115162
0.181872
0.235263
0.235263
0.235263
0.235263
0.128377
0.0912622
0.103385
0.0854647
0.103483
0.207681
0.119002
0.1387
0.164283
0.161838
0.109915
0.179427
0.134309
0.13544
0.211342
0.115504
0.12629
0.0888178
0.183431
0.199233
0.211342
0.118035
0.15875
0.211342
0.211342
0.211342
0.211342
0.14428
0.206926
0.211342
0.16622
0.117166
0.211342
0.193913
0.211342
0.211342
0.117043
0.0515493
0.187881
0.108794
0.186928
0.218295
0.192643
0.215215
0.150669
0.170306
0.0529803
0.107736
0.160284
0.137687
0.218295
0.141813
0.150137
0.120831
0.144749
0.124922
0.216062
0.151969
0.207481
0.218295
0.160486
0.218295
0.218295
0.178604
0.086082
0.0978934
0.0865929
0.145251
0.218295
0.184741
0.180603
0.184505
0.156471
0.0713076
0.134039
0.175162
0.193823
0.221554
0.192366
0.193848
0.120691
0.151841
0.139326
0.221554
0.168561
0.124754
0.162077
0.112331
0.192702
0.112671
0.12786
0.110579
0.096147
0.0786407
0.155792
0.221554
0.221554
0.208131
0.221554
0.183176
0.156068
0.221554
0.0981235
0.125918
0.20596
0.126149
0.215869
0.121595
0.187535
0.105118
0.217677
0.152298
0.191143
0.207558
0.128722
0.176881
0.116632
0.124525
0.107586
0.162607
0.0770463
0.217677
0.217677
0.15682
0.196689
0.211091
0.207273
0.141378
0.19488
0.08578
0.121093
0.20929
0.154496
0.191026
0.152381
0.174663
0.13034
0.217677
0.067938
0.135369
0.217677
0.12624
0.217677
0.134063
0.135667
0.0790747
0.143464
0.0824497
0.233219
0.233219
0.158658
0.16815
0.201817
0.156243
0.0836601
0.147749
0.186147
0.20218
0.210246
0.124511
0.0894065
0.150245
0.15815
0.121648
0.204565
0.0778412
0.151593
0.233219
0.151002
0.205631
0.141637
0.112875
0.233219
0.233219
0.149539
0.0944663
0.209888
0.0834635
0.162134
0.233219
0.0981164
0.0823338
0.170789
0.182102
0.187476
0.22472
0.129479
0.0991925
0.132569
0.11886
0.0729377
0.0944918
0.0810837
0.110071
0.22472
0.178899
0.106268
0.211737
0.213021
0.22472
0.22472
0.187169
0.139798
0.205972
0.0897781
0.137467
0.22472
0.0922505
0.118299
0.22472
0.22472
0.100426
0.169397
0.0819613
0.161727
0.22472
0.221093
0.0757478
0.106465
0.0751292
0.131677
0.227974
0.135981
0.112083
0.150485
0.162647
0.186378
0.20898
0.0906667
0.149606
0.227974
0.227974
0.227974
0.227974
0.13913
0.0851736
0.162643
0.196732
0.140734
0.198832
0.0804289
0.123957
0.227974
0.164489
0.11757
0.102504
0.148791
0.227974
0.227974
0.150632
0.158279
0.14535
0.199163
0.172852
0.197722
0.103118
0.136835
0.216351
0.160695
0.184422
0.189973
0.14408
0.175415
0.171989
0.152314
0.116981
0.167718
0.205545
0.216351
0.209383
0.122478
0.109847
0.072834
0.120233
0.216351
0.216351
0.118389
0.129296
0.136933
0.165666
0.120628
0.161694
0.107736
0.216351
0.216351
0.185933
0.151041
0.200092
0.13859
0.125388
0.196264
0.147461
0.199838
0.21234
0.15754
0.21234
0.21234
0.198099
0.103018
0.113547
0.10155
0.115339
0.21234
0.184871
0.179641
0.153239
0.177077
0.0850297
0.21234
0.21234
0.21069
0.128496
0.13523
0.174706
0.188885
0.178941
0.0751542
0.120658
0.0886865
0.130769
0.202149
0.150015
0.199613
0.134903
0.172791
0.133553
0.114313
0.102727
0.142654
0.214023
0.214023
0.195235
0.206693
0.195453
0.143604
0.214023
0.104746
0.124315
0.214023
0.138023
0.192011
0.0941383
0.19962
0.0929976
0.139533
0.126178
0.158293
0.214023
0.154234
0.20329
0.158391
0.18393
0.137427
0.214023
0.214023
0.138084
0.214023
0.101911
0.164001
0.133264
0.122089
0.118828
0.207905
0.0930672
0.11747
0.216589
0.174889
0.185655
0.14137
0.161839
0.127113
0.216589
0.0751166
0.12993
0.216589
0.14754
0.216589
0.167916
0.15569
0.127632
0.216589
0.216589
0.178016
0.172925
0.0823563
0.144422
0.150175
0.101992
0.0894755
0.10333
0.161338
0.213255
0.216589
0.216589
0.14809
0.216589
0.15259
0.106465
0.144169
0.0706992
0.138737
0.218743
0.158724
0.183512
0.147022
0.110341
0.218743
0.218743
0.0944644
0.122002
0.203971
0.108237
0.156924
0.1468
0.109592
0.0897653
0.0802498
0.157778
0.218743
0.205414
0.191964
0.127516
0.203092
0.129719
0.187935
0.218743
0.169281
0.208987
0.109623
0.195395
0.201292
0.202394
0.210518
0.213234
0.213234
0.113138
0.182901
0.213234
0.117421
0.130833
0.144325
0.0961425
0.116636
0.211205
0.172454
0.108537
0.134238
0.117581
0.199852
0.213234
0.190786
0.162561
0.19483
0.15688
0.213234
0.161615
0.18869
0.185861
0.208027
0.213234
0.0653681
0.168047
0.133027
0.148043
0.0827847
0.177789
0.140631
0.160789
0.165172
0.103448
0.138423
0.183973
0.173918
0.185044
0.103856
0.171846
0.214175
0.15593
0.100196
0.106715
0.176208
0.223397
0.223397
0.137628
0.137253
0.145474
0.20516
0.0504144
0.126682
0.133406
0.191468
0.135778
0.163908
0.141464
0.182998
0.205827
0.10567
0.223397
0.176423
0.180891
0.223397
0.190952
0.16718
0.176235
0.153193
0.0966489
0.0877051
0.143497
0.220703
0.220703
0.100195
0.114152
0.139361
0.150878
0.0954763
0.155939
0.115251
0.220703
0.220703
0.216664
0.172629
0.220703
0.164497
0.0827829
0.17191
0.15084
0.153666
0.191999
0.160528
0.157597
0.201389
0.154083
0.109496
0.220703
0.20692
0.163067
0.220703
0.19136
0.130409
0.169661
0.0853548
0.0887976
0.214567
0.214567
0.194986
0.137922
0.188645
0.199683
0.176898
0.17817
0.0739141
0.112373
0.109675
0.122283
0.170356
0.136125
0.214567
0.136831
0.181119
0.124388
0.214567
0.214567
0.214567
0.214567
0.149223
0.15375
0.11338
0.0398241
0.0652718
0.116135
0.108216
0.122939
0.214567
0.214567
0.177813
0.200066
0.214567
0.0950607
0.13063
0.145802
0.156718
0.208622
0.126884
0.188541
0.142221
0.178482
0.142151
0.211318
0.211318
0.144348
0.211318
0.0972877
0.120452
0.146
0.116975
0.0946882
0.109239
0.142489
0.138455
0.211318
0.211318
0.200296
0.181262
0.201061
0.129733
0.151657
0.211318
0.211318
0.200538
0.211318
0.150008
0.149711
0.157589
0.122586
0.213562
0.213562
0.163047
0.173972
0.0931438
0.117029
0.146821
0.0856663
0.082139
0.0779701
0.146641
0.157519
0.213562
0.213562
0.163744
0.213562
0.146226
0.140316
0.125577
0.213562
0.203636
0.169215
0.213562
0.154157
0.131416
0.145674
0.046843
0.146069
0.20758
0.131037
0.213562
0.213562
0.19148
0.213562
0.158619
0.083952
0.064192
0.146654
0.184962
0.196378
0.194547
0.149848
0.206151
0.123997
0.152314
0.192215
0.143022
0.213734
0.144122
0.194495
0.204426
0.13985
0.184249
0.0536661
0.100543
0.188437
0.118553
0.197148
0.175637
0.201757
0.213734
0.165462
0.136651
0.176082
0.181864
0.213734
0.213734
0.162159
0.150283
0.13512
0.0943618
0.14538
0.149499
0.129432
0.216925
0.182826
0.184527
0.191291
0.138666
0.216925
0.0659241
0.123699
0.109088
0.145237
0.0960991
0.21633
0.164328
0.112464
0.14006
0.11639
0.142969
0.216925
0.216925
0.216925
0.1445
0.216925
0.17471
0.110636
0.0949619
0.183568
0.204353
0.096383
0.216925
0.169023
0.216925
0.179267
0.141312
0.0647785
0.106069
0.11662
0.183925
0.130885
0.190155
0.170051
0.146094
0.169407
0.0820728
0.211883
0.17925
0.197276
0.211883
0.176362
0.185341
0.187977
0.135326
0.080767
0.177032
0.211883
0.105722
0.211883
0.195097
0.211883
0.199228
0.153903
0.0925844
0.15402
0.0786396
0.190093
0.200516
0.199392
0.211883
0.102179
0.152054
0.0783227
0.172327
0.175998
0.160864
0.187375
0.157744
0.167345
0.221772
0.144242
0.117313
0.221772
0.221772
0.193217
0.221772
0.162609
0.0886224
0.188691
0.133716
0.0510558
0.148201
0.106985
0.185494
0.207278
0.168654
0.166861
0.0946005
0.120238
0.141977
0.221772
0.221772
0.18544
0.20151
0.183809
0.14013
0.0841042
0.125746
0.0945508
0.217706
0.227998
0.227998
0.202007
0.170591
0.130368
0.106248
0.0366012
0.0469773
0.0966861
0.11722
0.115302
0.196574
0.179883
0.16403
0.216045
0.165642
0.123891
0.203737
0.227998
0.227998
0.227998
0.118951
0.141638
0.227998
0.113737
0.0974062
0.107574
0.125874
0.117214
0.134946
0.11733
0.227998
0.220647
0.185288
0.0726455
0.0734816
0.124958
0.120802
0.218496
0.179073
0.156737
0.185117
0.149998
0.115273
0.101715
0.218496
0.208542
0.191415
0.168164
0.133375
0.148723
0.154605
0.0973148
0.12039
0.126088
0.106137
0.181812
0.115294
0.218496
0.200091
0.170411
0.0947825
0.204375
0.171311
0.145896
0.218496
0.218496
0.218496
0.218496
0.218496
0.132699
0.0921923
0.211846
0.187882
0.205345
0.194501
0.140906
0.127961
0.144203
0.0387225
0.130183
0.186581
0.102162
0.211846
0.211846
0.196674
0.211846
0.126083
0.115351
0.193249
0.158901
0.158386
0.211846
0.208319
0.150745
0.211846
0.200399
0.0647801
0.183261
0.152187
0.100168
0.170843
0.128137
0.159167
0.174484
0.185468
0.0531199
0.114448
0.190495
0.122504
0.213853
0.209408
0.213853
0.213853
0.164534
0.12803
0.185548
0.205148
0.213853
0.213853
0.153697
0.169672
0.133512
0.115838
0.092585
0.18844
0.137013
0.104386
0.200333
0.157189
0.164899
0.182849
0.213853
0.073715
0.145574
0.14801
0.197468
0.213853
0.145314
0.178204
0.106322
0.119361
0.104051
0.150412
0.213831
0.213831
0.213831
0.130299
0.211851
0.160307
0.122804
0.105541
0.159736
0.181443
0.104945
0.213831
0.18826
0.213831
0.155925
0.141887
0.0783509
0.182886
0.162725
0.145867
0.213831
0.179581
0.179399
0.10955
0.100167
0.10325
0.213831
0.213831
0.20167
0.213831
0.152319
0.185321
0.0757994
0.0590672
0.0993929
0.163384
0.196941
0.110115
0.213579
0.210164
0.213579
0.166893
0.151018
0.0675349
0.126074
0.103445
0.171185
0.187733
0.175791
0.19692
0.1301
0.145408
0.112334
0.213579
0.20862
0.196101
0.213579
0.167894
0.159028
0.0934762
0.0728806
0.113515
0.156363
0.204273
0.127696
0.19371
0.213579
0.1711
0.212455
0.129325
0.0492492
0.144852
0.122522
0.167234
0.190861
0.14921
0.156756
0.112639
0.121853
0.161342
0.220463
0.220463
0.220463
0.213406
0.139241
0.120728
0.153906
0.181883
0.100874
0.135116
0.124293
0.129704
0.204712
0.195356
0.132651
0.171817
0.118409
0.0919471
0.220463
0.197234
0.194585
0.220463
0.144047
0.220463
0.220463
0.111352
0.0836757
0.134746
0.181177
0.221159
0.221159
0.104589
0.0959339
0.216133
0.0890056
0.068321
0.0666825
0.0949071
0.0861286
0.120282
0.0843969
0.205725
0.193985
0.139704
0.0911494
0.106064
0.108139
0.221159
0.221159
0.166647
0.211124
0.207732
0.115988
0.040034
0.191323
0.221159
0.221159
0.221159
0.181982
0.221159
0.221159
0.221159
0.0700527
0.0690176
0.093532
0.0694891
0.150191
0.0779696
0.16311
0.160287
0.113963
0.093041
0.1418
0.15074
0.130178
0.22422
0.126278
0.179982
0.219329
0.177834
0.0546681
0.187438
0.219484
0.22422
0.22422
0.117099
0.137269
0.141067
0.154994
0.188182
0.22422
0.173515
0.158662
0.22422
0.22422
0.183242
0.22422
0.217633
0.122755
0.163016
0.163695
0.15528
0.225617
0.138032
0.163936
0.224215
0.185183
0.0571478
0.151002
0.151945
0.126797
0.174891
0.111256
0.168362
0.144687
0.140184
0.213096
0.225617
0.198647
0.196521
0.225617
0.174539
0.183499
0.225617
0.216183
0.127931
0.179649
0.122164
0.135452
0.147793
0.0918188
0.0796321
0.138448
0.155434
0.075086
0.169334
0.145246
0.144015
0.210933
0.174315
0.209335
0.210695
0.202521
0.0971257
0.164207
0.166958
0.150816
0.210933
0.158446
0.208784
0.0902011
0.105329
0.128418
0.142582
0.115077
0.118401
0.160723
0.146427
0.132093
0.209201
0.210933
0.127301
0.210933
0.177426
0.210933
0.210933
0.210933
0.185489
0.111932
0.103223
0.0792101
0.194599
0.170767
0.11982
0.214648
0.187716
0.194632
0.107388
0.109675
0.108622
0.214648
0.206636
0.197758
0.214648
0.146677
0.169758
0.0738655
0.0689393
0.123294
0.199019
0.161949
0.201862
0.214648
0.214648
0.121452
0.0888173
0.107651
0.108801
0.166398
0.1537
0.214648
0.214648
0.214648
0.214407
0.120042
0.115672
0.0900882
0.21896
0.181941
0.167724
0.21896
0.144186
0.125449
0.0799967
0.0860893
0.078436
0.122505
0.198866
0.13098
0.21106
0.20185
0.13818
0.21896
0.160994
0.120358
0.180477
0.148615
0.21896
0.188556
0.147409
0.116437
0.0933823
0.104654
0.160481
0.195502
0.0986487
0.188204
0.21896
0.140757
0.21896
0.21896
0.21896
0.0722684
0.121494
0.129034
0.114628
0.196496
0.144549
0.103641
0.188851
0.126108
0.0637693
0.145073
0.160255
0.173674
0.223324
0.141173
0.204698
0.223324
0.136565
0.147543
0.203711
0.100854
0.178236
0.223324
0.0965473
0.123083
0.178716
0.193474
0.0674663
0.209999
0.173077
0.212162
0.223324
0.223324
0.181899
0.204232
0.141915
0.0828419
0.0967605
0.117346
0.216553
0.216553
0.18666
0.162921
0.182014
0.125092
0.0437101
0.151195
0.173156
0.211193
0.216553
0.165518
0.216553
0.211238
0.216553
0.0812541
0.164429
0.105665
0.128741
0.216553
0.142659
0.147756
0.173847
0.119374
0.095862
0.17834
0.0965477
0.195688
0.216553
0.098858
0.157026
0.216553
0.205506
0.0587823
0.155115
0.165866
0.204597
0.221063
0.109146
0.129974
0.138825
0.139958
0.16519
0.221063
0.186931
0.18269
0.221063
0.165726
0.166174
0.221063
0.206115
0.0949631
0.185247
0.0978631
0.176224
0.206549
0.0738751
0.143905
0.163967
0.175175
0.0905753
0.122374
0.132407
0.102519
0.217423
0.161347
0.182631
0.221063
0.172297
0.198266
0.226499
0.221381
0.212986
0.226499
0.1432
0.185877
0.226499
0.226499
0.127534
0.181227
0.122415
0.148929
0.186979
0.0902706
0.0851737
0.125076
0.143683
0.108071
0.161931
0.174264
0.130865
0.226499
0.174276
0.226499
0.226499
0.166579
0.149116
0.226499
0.159386
0.0451184
0.0973622
0.052584
0.100442
0.0973106
0.0540878
0.119716
0.134698
0.110358
0.116298
0.171682
0.156689
0.1415
0.196012
0.220659
0.143769
0.220659
0.178767
0.199688
0.220659
0.220659
0.178452
0.104062
0.119658
0.118399
0.220659
0.145884
0.0586487
0.162127
0.0672694
0.120769
0.117616
0.0829122
0.107538
0.220659
0.150852
0.220659
0.220659
0.158718
0.1691
0.220659
0.220659
0.121438
0.211294
0.157926
0.159433
0.218341
0.218341
0.111105
0.0812577
0.120386
0.10456
0.177039
0.1485
0.218341
0.218341
0.195813
0.151965
0.0837743
0.09324
0.0917855
0.162699
0.109678
0.184851
0.218341
0.155508
0.114981
0.218341
0.207313
0.133072
0.218341
0.160899
0.218341
0.218341
0.086023
0.169199
0.149161
0.151417
0.118808
0.19352
0.172381
0.203806
0.198895
0.150193
0.115486
0.0806309
0.115909
0.137178
0.153126
0.104535
0.201025
0.23128
0.150405
0.222946
0.23128
0.23128
0.134415
0.183703
0.145579
0.214101
0.23128
0.109622
0.159536
0.141414
0.10151
0.105334
0.0885574
0.0883496
0.154772
0.23128
0.198453
0.0922956
0.129295
0.215584
0.127507
0.172123
0.109196
0.188414
0.228957
0.122217
0.161994
0.218166
0.228957
0.064997
0.183931
0.175385
0.214263
0.228957
0.228957
0.219109
0.196865
0.154284
0.102868
0.0937851
0.0788517
0.138212
0.228957
0.152832
0.105248
0.10192
0.124927
0.0726594
0.178661
0.130293
0.228957
0.228957
0.131726
0.143355
0.102127
0.13431
0.104143
0.183133
0.119848
0.115773
0.217459
0.161712
0.136905
0.175696
0.136003
0.102922
0.153942
0.0666088
0.187301
0.217459
0.115471
0.161861
0.183652
0.191228
0.217459
0.217459
0.112587
0.179724
0.161946
0.204649
0.217459
0.20194
0.0730868
0.0868961
0.205463
0.126513
0.141438
0.217459
0.155527
0.217459
0.187537
0.120797
0.115933
0.184584
0.0868209
0.195719
0.22456
0.110279
0.180506
0.18564
0.223646
0.0928054
0.129202
0.161321
0.147551
0.22456
0.180156
0.204469
0.22456
0.22456
0.0998153
0.176121
0.110236
0.129779
0.22456
0.22456
0.22456
0.212875
0.138336
0.0961126
0.0496748
0.0924494
0.0817069
0.122398
0.151753
0.152027
0.146036
0.182376
0.11718
0.179247
0.209677
0.190512
0.227336
0.212065
0.227336
0.227336
0.227336
0.148491
0.227336
0.193445
0.083046
0.148558
0.0788181
0.116763
0.111356
0.0678792
0.115253
0.0654166
0.0971385
0.118344
0.17337
0.201232
0.169755
0.186784
0.19228
0.175506
0.227336
0.203005
0.227336
0.201145
0.0698323
0.059873
0.0305205
0.0880369
0.110254
0.220491
0.153571
0.07607
0.168902
0.0927167
0.119539
0.113051
0.0761795
0.115371
0.220491
0.177695
0.213352
0.220491
0.200422
0.166591
0.220491
0.220491
0.12656
0.211042
0.172472
0.220491
0.220491
0.0893857
0.0861291
0.0471178
0.0814855
0.0963697
0.0832639
0.13955
0.220491
0.220491
0.183398
0.141686
0.200025
0.220491
0.0953205
0.187559
0.132447
0.161539
0.210245
0.17712
0.114149
0.205939
0.200086
0.15858
0.210245
0.156547
0.210245
0.210245
0.10412
0.133008
0.11276
0.129812
0.0786562
0.0815706
0.13554
0.20246
0.210245
0.142078
0.123796
0.149456
0.165093
0.163241
0.210245
0.178293
0.190195
0.210245
0.183224
0.167558
0.16849
0.161642
0.155692
0.196958
0.160692
0.218108
0.21845
0.120658
0.154078
0.115695
0.0927135
0.0879776
0.080373
0.115055
0.157097
0.21845
0.21845
0.102845
0.115634
0.21845
0.190834
0.21845
0.20237
0.201431
0.21845
0.15131
0.147695
0.166178
0.141771
0.15745
0.153761
0.172357
0.0899367
0.21845
0.194644
0.208217
0.110259
0.0564888
0.0899604
0.0931234
0.10661
0.165677
0.231141
0.208232
0.153108
0.13444
0.161822
0.0957086
0.231141
0.156769
0.231141
0.231141
0.159893
0.187346
0.124304
0.171955
0.159285
0.140081
0.142205
0.0969206
0.21438
0.125121
0.144798
0.130883
0.062182
0.0965574
0.231141
0.231141
0.197975
0.231141
0.231141
0.123103
0.131608
0.0857176
0.188595
0.212246
0.138167
0.163657
0.130554
0.17064
0.212246
0.161992
0.0781356
0.0918953
0.201192
0.139365
0.119869
0.172694
0.114837
0.212246
0.16246
0.135897
0.120779
0.203926
0.212246
0.186526
0.212246
0.111904
0.179349
0.170271
0.0685582
0.065065
0.153643
0.212246
0.189052
0.212246
0.156259
0.212246
0.20763
0.0928685
0.0964688
0.177545
0.138352
0.122738
0.171859
0.187149
0.219943
0.218934
0.173045
0.077926
0.0578818
0.0890094
0.121134
0.11706
0.175281
0.150244
0.139925
0.191071
0.0852216
0.170058
0.219773
0.175523
0.219943
0.204141
0.219943
0.219943
0.107497
0.123499
0.136046
0.144365
0.203313
0.219943
0.131738
0.18734
0.142352
0.219943
0.0873372
0.0777594
0.0995598
0.161353
0.160579
0.21339
0.152596
0.159689
0.190203
0.143044
0.220902
0.161058
0.220902
0.189545
0.0790986
0.0683708
0.0475482
0.11152
0.133434
0.205836
0.175844
0.220902
0.220902
0.161648
0.176447
0.117825
0.171135
0.220902
0.193054
0.142484
0.220902
0.220902
0.220902
0.0872918
0.0650711
0.186554
0.0923045
0.179941
0.129676
0.178395
0.181348
0.0719802
0.0788749
0.0505819
0.0842013
0.0772781
0.0822765
0.127879
0.17667
0.157626
0.143242
0.139574
0.22888
0.22888
0.170022
0.155401
0.132771
0.189046
0.22888
0.17559
0.0832484
0.0680617
0.162181
0.111703
0.198307
0.22888
0.22888
0.22888
0.22888
0.195854
0.224155
0.221674
0.0741506
0.093205
0.139435
0.163352
0.160714
0.122357
0.130105
0.173862
0.163442
0.172495
0.217038
0.13557
0.138597
0.195149
0.18801
0.138774
0.127307
0.129448
0.116626
0.147654
0.210822
0.217038
0.217038
0.217038
0.195162
0.217038
0.217038
0.127385
0.167752
0.125134
0.17967
0.217038
0.217038
0.0997921
0.119158
0.144141
0.220284
0.220284
0.203119
0.203633
0.220284
0.187487
0.137659
0.1358
0.126109
0.165135
0.176881
0.217175
0.101209
0.220284
0.183911
0.206251
0.107783
0.0424567
0.172544
0.197573
0.157919
0.209985
0.220284
0.220284
0.129722
0.169945
0.185572
0.102549
0.0828913
0.0895571
0.125287
0.125867
0.148921
0.12594
0.124403
0.0590337
0.171344
0.184393
0.212608
0.145129
0.233144
0.139398
0.171301
0.16358
0.0667857
0.14305
0.233144
0.233144
0.233144
0.233144
0.233144
0.166431
0.185898
0.110492
0.0927077
0.093595
0.133711
0.192198
0.134688
0.16453
0.134101
0.119683
0.052866
0.100059
0.0867343
0.121532
0.216664
0.233144
0.172489
0.157359
0.0866173
0.145633
0.153512
0.211459
0.211459
0.178763
0.211459
0.129696
0.156731
0.152412
0.106362
0.101192
0.211459
0.211459
0.182949
0.211459
0.150868
0.211459
0.211459
0.120056
0.167243
0.153969
0.158584
0.139083
0.211459
0.122797
0.0847685
0.101609
0.121774
0.156901
0.196039
0.179825
0.192948
0.211459
0.159869
0.124767
0.0947887
0.119175
0.103122
0.213509
0.213509
0.162483
0.211625
0.172696
0.213509
0.213509
0.137353
0.0965171
0.156388
0.135281
0.213509
0.213509
0.179263
0.175723
0.150598
0.213509
0.167943
0.182555
0.135499
0.184509
0.213509
0.171184
0.139919
0.105664
0.147584
0.0983285
0.123987
0.15353
0.162401
0.160806
0.117304
0.208943
0.0937488
0.0649742
0.0860124
0.187153
0.137217
0.224783
0.224783
0.175367
0.153848
0.119172
0.143639
0.156489
0.151361
0.126232
0.183722
0.224783
0.149662
0.0863209
0.11485
0.191704
0.11279
0.150989
0.152566
0.147339
0.176356
0.146443
0.184971
0.110099
0.09739
0.167555
0.16941
0.0902627
0.182252
0.224783
0.224783
0.178636
0.224783
0.224783
0.114269
0.134096
0.108022
0.148052
0.213226
0.102015
0.0732753
0.0943249
0.142215
0.082733
0.176176
0.190125
0.213226
0.213226
0.213226
0.166048
0.213226
0.183823
0.118786
0.173223
0.0670636
0.161657
0.213226
0.213226
0.130272
0.189472
0.205946
0.183454
0.213226
0.0879954
0.20666
0.213226
0.213226
0.0963868
0.168866
0.0921046
0.107672
0.182145
0.19846
0.209005
0.207792
0.21166
0.192671
0.21166
0.21166
0.0959504
0.14964
0.150681
0.134747
0.21166
0.201515
0.092803
0.100806
0.0979514
0.17429
0.21166
0.0900606
0.206683
0.21166
0.194182
0.140564
0.199116
0.0991564
0.0854203
0.183142
0.167014
0.115656
0.187049
0.151064
0.163073
0.134815
0.0937563
0.141015
0.195466
0.206343
0.165758
0.220709
0.220709
0.129912
0.141449
0.134652
0.112479
0.102371
0.0910349
0.121622
0.174535
0.138649
0.0912512
0.109126
0.0520227
0.115604
0.220709
0.220709
0.131377
0.220709
0.18643
0.220709
0.188691
0.156977
0.149722
0.175172
0.220709
0.189475
0.220709
0.195452
0.109691
0.131063
0.162045
0.109172
0.118848
0.135335
0.192765
0.175278
0.156953
0.10813
0.121825
0.0834766
0.105123
0.0992814
0.0862185
0.215291
0.2166
0.151914
0.158603
0.145446
0.129453
0.170693
0.2166
0.2166
0.211669
0.2166
0.2166
0.176064
0.154142
0.2166
0.0503556
0.0856265
0.145013
0.14707
0.2166
0.188127
0.2166
0.180781
0.210158
0.183241
0.195676
0.156933
0.121505
0.216935
0.14837
0.0835486
0.101332
0.141461
0.160843
0.216935
0.193206
0.181153
0.216935
0.164361
0.143444
0.119948
0.120814
0.0511019
0.20389
0.177345
0.216935
0.216935
0.137143
0.133296
0.164124
0.0515095
0.069656
0.19094
0.216935
0.216935
0.216935
0.136138
0.171944
0.213157
0.0612313
0.189733
0.216272
0.150528
0.19613
0.216272
0.194487
0.157833
0.137087
0.162942
0.103371
0.154445
0.155857
0.178557
0.195123
0.129119
0.191931
0.0912115
0.10736
0.0665358
0.202692
0.216272
0.216272
0.216272
0.183753
0.18773
0.184613
0.0875412
0.0970494
0.156955
0.173416
0.203398
0.192871
0.150854
0.0888634
0.106399
0.133615
0.120955
0.158728
0.137978
0.176646
0.214739
0.164487
0.17508
0.108682
0.122621
0.148252
0.190906
0.117062
0.204649
0.221719
0.221719
0.192787
0.221719
0.221719
0.0928607
0.153876
0.166739
0.19647
0.171248
0.175122
0.108242
0.0799106
0.123538
0.0764929
0.221719
0.153302
0.122625
0.221719
0.184978
0.0938251
0.109365
0.204209
0.106648
0.191922
0.0872074
0.180686
0.215091
0.184834
0.150339
0.215091
0.214992
0.182718
0.215091
0.100595
0.203034
0.215091
0.215091
0.155377
0.175421
0.122632
0.0670057
0.156902
0.106881
0.11309
0.185811
0.146794
0.110232
0.11978
0.174921
0.171228
0.215091
0.108038
0.130227
0.212515
0.215091
0.148831
0.137506
0.139137
0.158411
0.211497
0.112582
0.193337
0.211497
0.204487
0.186365
0.20283
0.122039
0.0841543
0.205099
0.210057
0.104793
0.1365
0.137446
0.16087
0.133272
0.102817
0.164174
0.211497
0.118943
0.146121
0.181929
0.211497
0.168872
0.181837
0.166954
0.159596
0.190653
0.123877
0.139031
0.211497
0.13671
0.20644
0.128948
0.114859
0.0981515
0.213212
0.213212
0.103168
0.151902
0.151182
0.197299
0.163602
0.140833
0.135309
0.149127
0.185994
0.17028
0.213212
0.183271
0.100209
0.106245
0.13053
0.177874
0.213212
0.157645
0.187572
0.213212
0.114027
0.188598
0.146185
0.163262
0.0605798
0.0999352
0.186694
0.213212
0.213212
0.188275
0.176293
0.156293
0.16193
0.165195
0.184424
0.203801
0.169196
0.208968
0.187679
0.145643
0.126116
0.208968
0.0522854
0.0972308
0.117347
0.127419
0.177419
0.129855
0.208968
0.208968
0.14105
0.0807706
0.119192
0.197227
0.208968
0.208968
0.187818
0.200741
0.161556
0.183319
0.047462
0.123196
0.155297
0.208968
0.181861
0.135658
0.177931
0.196851
0.147485
0.0683726
0.218473
0.226106
0.226106
0.226106
0.155504
0.128618
0.184169
0.106906
0.0669286
0.226106
0.226106
0.226106
0.226106
0.163839
0.206825
0.226106
0.0601229
0.12911
0.0864295
0.133012
0.156807
0.19519
0.133956
0.111346
0.206531
0.16357
0.116197
0.0922162
0.136013
0.174024
0.226106
0.100923
0.0907829
0.156901
0.0747545
0.0782567
0.229433
0.229433
0.229433
0.229433
0.229433
0.225189
0.229433
0.0899811
0.115073
0.178235
0.1701
0.216218
0.207164
0.160594
0.0854265
0.132763
0.186719
0.126348
0.123458
0.110085
0.192622
0.229433
0.118567
0.131483
0.19539
0.0980479
0.0813859
0.112429
0.126547
0.184697
0.144378
0.116161
0.104354
0.13034
0.161959
0.127116
0.190052
0.163038
0.215481
0.215328
0.203708
0.115146
0.0944516
0.175136
0.0864686
0.215481
0.179055
0.173898
0.215481
0.199008
0.0909968
0.112258
0.215481
0.0977829
0.150295
0.125064
0.188496
0.154376
0.120047
0.155088
0.134994
0.159517
0.0521541
0.215481
0.197194
0.215481
0.215481
0.115335
0.173545
0.143181
0.174139
0.0766103
0.214024
0.147822
0.154086
0.218402
0.172
0.124876
0.140491
0.195593
0.209302
0.218402
0.124017
0.165966
0.218402
0.218402
0.218402
0.193282
0.188023
0.050459
0.197055
0.148166
0.18424
0.197137
0.0945499
0.15698
0.118825
0.131621
0.0847442
0.189408
0.191853
0.210321
0.121371
0.15242
0.136317
0.1274
0.0598367
0.174533
0.214291
0.14399
0.158265
0.176675
0.214291
0.214291
0.214291
0.196657
0.174539
0.214291
0.148775
0.140219
0.214291
0.152692
0.214291
0.132393
0.146662
0.0674034
0.147809
0.163552
0.175564
0.123841
0.16485
0.13312
0.134171
0.0720912
0.116996
0.089389
0.128356
0.214291
0.214291
0.18169
0.205804
0.139025
0.0756801
0.172117
0.215745
0.172957
0.18197
0.205217
0.113833
0.188525
0.132285
0.173792
0.0866201
0.0812942
0.179139
0.215745
0.215745
0.163372
0.211439
0.170627
0.176214
0.0909202
0.0911112
0.170046
0.215745
0.215745
0.211858
0.176699
0.141806
0.101317
0.105741
0.121969
0.0933803
0.187654
0.215745
0.215745
0.133527
0.111635
0.114889
0.104918
0.101295
0.173057
0.22455
0.22455
0.152832
0.193812
0.143341
0.164377
0.0659006
0.127644
0.132386
0.190304
0.171132
0.132835
0.16124
0.22455
0.138163
0.11183
0.125025
0.125091
0.214435
0.22455
0.22455
0.174849
0.101934
0.116749
0.119779
0.22455
0.128259
0.114966
0.22455
0.22455
0.22455
0.0904416
0.153428
0.143897
0.0813128
0.167065
0.176636
0.215639
0.142311
0.129195
0.203532
0.205556
0.100153
0.129147
0.175729
0.189095
0.218467
0.106327
0.116079
0.167254
0.0760858
0.119572
0.168912
0.218467
0.180937
0.218467
0.1787
0.218467
0.218467
0.189727
0.150109
0.206802
0.160099
0.133526
0.218467
0.163746
0.100903
0.0889706
0.105
0.107283
0.163974
0.144461
0.214736
0.214736
0.135239
0.1812
0.214736
0.0930268
0.0978217
0.156612
0.115611
0.181947
0.134824
0.118659
0.116515
0.169291
0.199442
0.130466
0.190304
0.166468
0.14219
0.214736
0.176014
0.164051
0.172613
0.214736
0.182775
0.214736
0.136843
0.163984
0.195544
0.0635609
0.0946222
0.214736
0.210304
0.104835
0.176883
0.114253
0.173707
0.131099
0.118383
0.152032
0.155475
0.168697
0.0724888
0.202853
0.205296
0.217896
0.217896
0.131088
0.158255
0.115614
0.151213
0.157912
0.217896
0.150742
0.151946
0.216315
0.0688695
0.124547
0.217896
0.217896
0.120899
0.145434
0.217896
0.174919
0.217896
0.169352
0.114109
0.200619
0.148591
0.0746668
0.211321
0.195126
0.198131
0.211321
0.131968
0.170994
0.131784
0.136904
0.106276
0.211321
0.161096
0.211321
0.169894
0.17673
0.145798
0.171376
0.0906473
0.108376
0.140624
0.200306
0.161217
0.211321
0.17051
0.146424
0.211321
0.20424
0.110304
0.180069
0.154383
0.17907
0.211321
0.148052
0.0626316
0.151561
0.162415
0.0942007
0.200012
0.138067
0.188878
0.173834
0.191109
0.154422
0.201077
0.113744
0.123587
0.118178
0.128904
0.211312
0.211312
0.174904
0.211312
0.17236
0.0912081
0.111321
0.177458
0.142259
0.173538
0.211312
0.174678
0.092254
0.139422
0.148543
0.16984
0.211312
0.132466
0.136292
0.211312
0.208987
0.211312
0.179611
0.0985664
0.0838277
0.0995238
0.147853
0.221144
0.221144
0.176678
0.194439
0.147253
0.105532
0.126409
0.122636
0.110397
0.210262
0.221144
0.180366
0.154891
0.125505
0.130136
0.144445
0.155092
0.130992
0.18795
0.221144
0.182352
0.174963
0.132204
0.10233
0.129942
0.167598
0.221144
0.221144
0.148857
0.118441
0.221144
0.221144
0.145341
0.118957
0.121647
0.134795
0.217395
0.217395
0.171414
0.162622
0.103183
0.109039
0.0996307
0.197559
0.192277
0.138654
0.217395
0.216472
0.217395
0.0979106
0.150447
0.0979312
0.142606
0.217395
0.217395
0.137512
0.0990182
0.217395
0.217395
0.15546
0.0622437
0.191075
0.217395
0.201013
0.122445
0.140551
0.212904
0.12529
0.0746153
