0.213163
0.149072
0.0347333
0.07008
0.166306
0.020956
0.0359486
0.110971
0.263156
0.249575
0.0727996
0.0266094
0.282624
0.282624
0.012154
0.00875366
0.0493858
0.156608
0.124629
0.0838477
0.0253719
0.150756
0.282624
0.0336354
0.100023
0.167582
0.211886
0.282624
0.239648
0.0912147
0.282624
0.282624
0.0430652
0.0332211
0.107387
0.173874
0.308047
0.0744235
0.0374081
0.318266
0.318266
0.0154924
0.0132008
0.0644575
0.193576
0.0198775
0.0317879
0.0239956
0.0870548
0.181482
0.0465748
0.0212434
0.0257404
0.0160687
0.318266
0.298452
0.124875
0.317418
0.318266
0.0525533
0.0212482
0.148858
0.282196
0.0237043
0.0256526
0.0354823
0.136624
0.254247
0.0905091
0.0184683
0.0074494
0.0106828
0.0300404
0.113683
0.0744089
0.255526
0.315026
0.181023
0.10372
0.100108
0.0353867
0.0351912
0.0638858
0.121319
0.193512
0.175624
0.155786
0.06286
0.0787141
0.0455298
0.0767139
0.0825581
0.113457
0.315026
0.315026
0.315026
0.0572048
0.0212961
0.0452725
0.016537
0.0467039
0.135218
0.315026
0.315026
0.293551
0.0348483
0.0278827
0.00492266
0.0331123
0.0613728
0.106931
0.185261
0.215149
0.193418
0.085276
0.0988966
0.0506005
0.0195402
0.04208
0.0999648
0.210219
0.227308
0.261423
0.0935218
0.108609
0.0390657
0.0181551
0.0315562
0.116758
0.312452
0.312452
0.312452
0.0381525
0.0457437
0.0129482
0.00119328
0.0138075
0.178827
0.312452
0.312452
0.312452
0.0484247
0.087043
0.0335602
0.0182449
0.0446299
0.0838703
0.185863
0.262692
0.264412
0.0852975
0.108191
0.0490676
0.0635369
0.0423847
0.0861945
0.187048
0.287563
0.287563
0.077483
0.0484212
0.0450377
0.000156536
0.00969012
0.160001
0.287563
0.287563
0.287563
0.0664596
0.0913253
0.0401768
0.00165749
0.0178142
0.122928
0.287563
0.287563
0.287563
0.140981
0.0157016
0.00019074
0.0560514
0.0459745
0.0746712
0.165632
0.297133
0.286041
0.0715451
0.0645798
0.0660995
0.0286279
0.0238423
0.0662657
0.124222
0.297133
0.200947
0.143054
0.108806
0.0571171
0.00240306
0.029108
0.106252
0.297133
0.297133
0.297133
0.153636
0.0344072
0.0083676
0.00659902
0.0355642
0.10081
0.297133
0.297133
0.297133
0.0812508
0.0820862
0.0314259
0.013295
0.0149807
0.0333912
0.0646119
0.184681
0.125923
0.0664912
0.0652351
0.0294491
0.264408
0.0114704
0.0137864
0.0337716
0.0925057
0.166503
0.0660276
0.348519
0.348519
0.00310989
0.0250808
0.0512725
0.163688
0.348519
0.225727
0.0516361
0.0503837
0.0162091
0.0437635
0.0242361
0.0411792
0.223338
0.348519
0.178391
0.0775473
0.192523
0.348519
0.167175
0.105136
0.0349015
0.139607
0.259575
0.024397
0.0771674
0.145773
0.220637
0.259575
0.259575
0.059626
0.259575
0.259575
0.0280775
0.0269038
0.107141
0.172925
0.170343
0.259575
0.172926
0.143
0.213842
0.0668657
0.107644
0.0393197
0.106665
0.259575
0.259575
0.14569
0.133452
0.259575
0.0563281
0.0387563
0.034794
0.109309
0.291683
0.291683
0.0785499
0.25719
0.291683
0.035536
0.0193558
0.133847
0.241097
0.016422
0.0205781
0.0282147
0.124025
0.248694
0.0936816
0.0204789
0.0109401
0.00630854
0.291683
0.291683
0.196712
0.148683
0.291683
0.063902
0.0333138
0.049061
0.221854
0.00533322
0.0176594
0.0102372
0.12027
0.291683
0.18335
0.0078282
0.0108104
0.00700074
0.0242821
0.0332576
0.0472526
0.210583
0.370175
0.195253
0.0396942
0.0172079
0.013308
0.0103303
0.0262589
0.0551791
0.212354
0.370175
0.168327
0.0232513
0.0193696
0.00447777
0.00978761
0.0321767
0.0314881
0.253568
0.370175
0.299838
0.0142918
0.015803
0.0131534
0.00302479
0.0034867
0.0207505
0.280645
0.370175
0.220595
0.0180917
0.0078328
0.0041597
0.0113826
0.0157043
0.0385197
0.21982
0.343778
0.16939
0.0203806
0.0262012
0.00816047
0.000499998
0.00652928
0.0695464
0.202631
0.343778
0.25455
0.0145006
0.0261744
0.0167287
0.00393851
0.00308733
0.0287657
0.297867
0.343778
0.208278
0.022441
0.00955372
0.00349962
0
0.000122597
0.00950184
0.334459
0.343778
0.297338
0.0360443
0.00946193
0
0
0.00575716
0.0617929
0.224012
0.320774
0.244841
0.021205
0.0310161
0.0202022
0
0.0132974
0.0647907
0.207207
0.320774
0.280545
0.0407524
0.00504203
0
0.00421944
0.0308626
0.0425081
0.320774
0.320774
0.264159
0.0826364
0.0244575
0
0.0130968
0.158093
0.11964
0.276617
0.320774
0.179124
0.106573
0.0508373
0.00348177
0.000226063
0.0208295
0.0534986
0.180064
0.338938
0.288254
0.0485884
0.00935054
0.00117103
0.00347395
0.0181428
0.0474098
0.149026
0.338938
0.249021
0.0443452
0.0321927
0.0120249
0.0171533
0.17413
0.152884
0.266836
0.338938
0.172753
0.15537
0.0617732
0.00341263
0.00318217
0.0176797
0.0343608
0.2742
0.338938
0.262233
0.0272336
0.00827783
0.00142212
0.00255759
0.0224366
0.040939
0.128224
0.294445
0.236753
0.0459123
0.0281538
0.00773605
0.0340834
0.0236268
0.0313675
0.181381
0.294445
0.236591
0.0647698
0.14069
0.294445
0.00737452
0.0112751
0.0398067
0.277496
0.294445
0.251018
0.0255073
0.0101036
0.00505122
0.0489569
0.0391089
0.0322018
0.256428
0.294445
0.253199
0.0511247
0.0812891
0.294445
0.152538
0.231775
0.162614
0.162724
0.202564
0.0510013
0.0806384
0.0247976
0.0833391
0.264524
0.264524
0.134869
0.116145
0.264524
0.0473099
0.0332078
0.0275045
0.0934958
0.0829416
0.264524
0.264524
0.264524
0.264524
0.264524
0.0812698
0.0434932
0.0509311
0.0728535
0.205186
0.197395
0.236869
0.160073
0.0685447
0.0881114
0.0224215
0.0951453
0.28354
0.28354
0.270354
0.178295
0.28354
0.0675074
0.0476123
0.0559696
0.24189
0.00271455
0.0244643
0.0126227
0.120713
0.28354
0.174869
0.0186607
0.0197733
0.00774156
0.140254
0.28354
0.28354
0.262172
0.222363
0.0926802
0.156728
0.0368744
0.195294
0.00448552
0.0160961
0.0321065
0.118624
0.255709
0.0718724
0.0260178
0.0200012
0.00724362
0.00540271
0.0445678
0.0337869
0.268451
0.369172
0.30856
0.0363892
0.0329054
0.0149992
0.00676673
0.00643823
0.0169554
0.253421
0.369172
0.239276
0.0344434
0.0233778
0.00866333
0.014076
0.0406383
0.0769291
0.216554
0.369172
0.12931
0.055359
0.0447547
0.0207581
0.0075147
0.0214773
0.0710376
0.247184
0.369172
0.101779
0.0584599
0.027949
0.00454884
0.00960384
0.00512908
0.0264112
0.273177
0.352736
0.240553
0.037946
0.0274437
0.0113653
0.00174301
0.0103745
0.0160726
0.352736
0.352736
0.293202
0.0406927
0.00819577
0.00357028
0.0100906
0.0229122
0.077334
0.224907
0.352736
0.117511
0.0617336
0.0418202
0.0097997
0.0124354
0.0427772
0.0504554
0.188149
0.352736
0.177898
0.0687842
0.0344279
0.00595047
0.003675
0.0324261
0.037941
0.338691
0.338691
0.266151
0.0729704
0.0225167
0.00498097
0.00676546
0.133518
0.080834
0.296084
0.338691
0.228447
0.0686005
0.0344809
0.00217669
0.014524
0.0360241
0.047133
0.162741
0.338691
0.192074
0.0642165
0.036253
0.0104368
0.0245308
0.0418136
0.0424661
0.090415
0.338691
0.292438
0.0777716
0.0225608
0.00485663
0.00800974
0.137302
0.0948327
0.278939
0.358271
0.240425
0.101283
0.0420079
0.00182945
0.00237129
0.0124772
0.023428
0.241073
0.358271
0.280763
0.0469395
0.0115773
0.00382372
0.0241749
0.03563
0.049462
0.0863685
0.358271
0.270376
0.0807049
0.0231403
0.00654492
0.00211318
0.00635773
0.0363168
0.131558
0.358271
0.242113
0.0379049
0.0176626
0.00452512
0.00581868
0.0100646
0.0319717
0.263979
0.321918
0.301351
0.0406818
0.012308
0.00633704
0.0387513
0.0351162
0.0357123
0.30173
0.321918
0.304417
0.0598526
0.0932177
0.239059
0.000783894
0.00487434
0.0360842
0.122833
0.321918
0.239556
0.0389777
0.0188876
0.00357217
0.00846945
0.0167858
0.0352599
0.0967728
0.321918
0.270133
0.0202875
0.0408168
0.055936
0.0787075
0.280491
0.297123
0.297123
0.297123
0.221672
0.0558755
0.0319329
0.0606298
0.0810331
0.206136
0.213594
0.261345
0.256492
0.0803312
0.0783154
0.0228928
0.0976453
0.0140578
0.0545513
0.0854342
0.242254
0.297123
0.179364
0.032118
0.0144198
0.0231742
0.00485033
0.0239033
0.0466281
0.214883
0.297123
0.112004
0.0204957
0.0173938
0.00535695
0.156555
0.302286
0.302286
0.302286
0.302286
0.0987173
0.137325
0.0401229
0.196421
0.00334984
0.0164853
0.0339453
0.126756
0.302286
0.0780557
0.0290284
0.0210452
0.00839763
0.00231856
0.0384033
0.0770389
0.302286
0.302286
0.180419
0.0403866
0.0237455
0.0103616
0.000760334
0.00143451
0.0246498
0.264065
0.302286
0.194492
0.0165193
0.00475058
0.00027825
0.00884504
0.0302804
0.0560135
0.1713
0.366217
0.102849
0.0402326
0.0320249
0.0167166
0.00675987
0.0160293
0.0452046
0.178864
0.366217
0.0926659
0.042456
0.0247932
0.00432038
0.00174823
0.00389711
0.0379999
0.366217
0.366217
0.278415
0.0300821
0.00229605
0.000656933
0.0014026
0.0097501
0.029251
0.347989
0.366217
0.187327
0.00452372
0.00518825
0.00320282
0.010199
0.0181319
0.0549885
0.180753
0.39153
0.0973077
0.046461
0.0359998
0.0105738
0.00796081
0.0354403
0.0487959
0.145998
0.39153
0.135707
0.0524122
0.0270845
0.00773589
0.00201688
0.0172882
0.0331346
0.348352
0.39153
0.211406
0.00528036
0.00437011
0.00162587
0.00190623
0.0124091
0.0324512
0.2196
0.39153
0.268735
0.00935916
0.00895947
0.0369891
0.00918756
0.0293735
0.0498772
0.147959
0.37936
0.159896
0.0473397
0.0308796
0.0128013
0.0119666
0.0150773
0.0168634
0.106579
0.37936
0.228812
0.0495956
0.0139511
0.00339426
0.00312335
0.0167266
0.0261898
0.22118
0.37936
0.275858
0.00763267
0.00693264
0.0248217
0.00503136
0.00382211
0.0101516
0.177398
0.37936
0.37936
0.0269335
0.00686263
0.00626323
0.0122406
0.0111424
0.0217844
0.114377
0.342583
0.237322
0.0517812
0.0154833
0.00508219
0.00149617
0.00337778
0.029651
0.10598
0.342583
0.17371
0.0527431
0.0344637
0.0086931
0.00678709
0.00400641
0.00776692
0.236063
0.342583
0.342583
0.0239248
0.00456124
0.00186179
0.00180068
0.00297838
0.0101493
0.342583
0.342583
0.335817
0.0761836
0.0345883
0.00656931
0.000803059
0.00410996
0.0330979
0.104619
0.36302
0.199002
0.0595887
0.0325262
0.00685649
0.00418125
0.0161056
0.0400148
0.110378
0.343366
0.20278
0.0444541
0.0571798
0.017475
0.00298771
0.00488666
0.0129834
0.36302
0.36302
0.36302
0.0776485
0.02232
0.0054469
0.00410872
0.00730761
0.00684214
0.187004
0.36302
0.243164
0.0627751
0.0336222
0.0093648
0.0305299
0.0859079
0.131559
0.381249
0.381249
0.178236
0.0154333
0.0146067
0.0739887
0.0104968
0.0300692
0.0382528
0.381249
0.381249
0.168978
0.0149222
0.0275715
0.00444416
0.0329731
0.0375486
0.0244618
0.150666
0.381249
0.154958
0.033609
0.0474082
0.0632206
0.0308605
0.0735759
0.024874
0.161079
0.285118
0.0561959
0.0348073
0.0325877
0.0325865
0.00174226
0.0239203
0.0536107
0.387192
0.387192
0.207207
0.0186686
0.0240566
0.00472147
0.000766119
0.00156073
0.0232173
0.387192
0.387192
0.263532
0.0157986
0.0062338
0.00261779
0.0344933
0.0688365
0.0368733
0.172775
0.301976
0.0569308
0.0409766
0.0407137
0.0342117
0.0153851
0.0416178
0.0406414
0.159915
0.330846
0.056057
0.0289494
0.0494018
0.0394871
0.00108848
0.00305023
0.0267411
0.402005
0.402005
0.280829
0.0192039
0.00147134
0.00293111
0.00134912
0.0101597
0.0242451
0.352825
0.402005
0.203465
0.00608393
0.00616637
0.00408293
0.0154336
0.0368142
0.0487334
0.170421
0.351535
0.0602684
0.0295819
0.0552465
0.0380448
0.0242762
0.0366695
0.0348924
0.166384
0.263431
0.0344091
0.0241712
0.0256822
0.0167908
0.00271366
0.0166491
0.0296241
0.371774
0.435601
0.231508
0.00642754
0.00384546
0.00349669
0.0012044
0.00700798
0.0290811
0.277775
0.435601
0.297687
0.0150723
0.0059327
0.0250003
0.0287744
0.0504758
0.0394255
0.17678
0.325224
0.0509577
0.0312055
0.0369632
0.0244773
0.0201907
0.0419509
0.0405362
0.136718
0.239925
0.148885
0.0768014
0.0448982
0.0475929
0.00293682
0.0121576
0.0317061
0.291743
0.410717
0.336334
0.0173134
0.00481699
0.0197505
0.00682758
0.00660396
0.0118685
0.181853
0.410717
0.410717
0.0258334
0.0109786
0.00564278
0.0338833
0.0630099
0.053326
0.13781
0.286065
0.148757
0.0846189
0.0470482
0.0598664
0.0490357
0.0544878
0.0490895
0.0762399
0.301992
0.0702513
0.0513585
0.0244131
0.0535476
0.00927655
0.00883268
0.0144609
0.253287
0.365128
0.365128
0.0295027
0.009561
0.00438786
0.00689974
0.00912502
0.0296969
0.260733
0.365128
0.365128
0.115446
0.061611
0.018681
0.0694445
0.0726814
0.0638643
0.115608
0.34655
0.071082
0.0509807
0.0239175
0.0667518
0.0372694
0.0921312
0.11624
0.161322
0.288972
0.122839
0.0498682
0.0323239
0.0537118
0.00957443
0.0144688
0.0355809
0.304454
0.350014
0.350014
0.129623
0.0440257
0.0176519
0.00824561
0.0302141
0.0282053
0.174879
0.350014
0.285751
0.123746
0.055658
0.0187188
0.0496212
0.115927
0.134908
0.180956
0.311773
0.139393
0.0475004
0.036364
0.0583437
0.0318915
0.059427
0.113987
0.107056
0.350014
0.170657
0.103294
0.0330721
0.0593495
0.0680076
0.0629726
0.0690259
0.327795
0.363272
0.203991
0.0352731
0.0464606
0.106278
0.0385268
0.0830601
0.0337351
0.357341
0.363272
0.0940012
0.0496158
0.0484499
0.0560182
0.0299503
0.086716
0.0595199
0.119137
0.203344
0.140305
0.0632724
0.0387511
0.0474959
0.0374667
0.0474685
0.109734
0.145413
0.363272
0.267933
0.0402355
0.0536489
0.254777
0.0414779
0.0746041
0.040144
0.326918
0.326918
0.102386
0.0512955
0.0499083
0.0561805
0.0185405
0.0512849
0.0576959
0.287828
0.326918
0.0993942
0.0554019
0.0649867
0.050382
0.0516501
0.0799462
0.120186
0.152861
0.326918
0.269089
0.0465829
0.0451109
0.22958
0.0933425
0.091721
0.101446
0.122269
0.326918
0.326918
0.038478
0.0296229
0.0362675
0.0258327
0.0644473
0.0784087
0.338495
0.338495
0.139205
0.0702557
0.0909655
0.0761288
0.0419477
0.0711892
0.0699833
0.338495
0.338495
0.0943449
0.0706393
0.0465288
0.0423588
0.142469
0.17182
0.152631
0.186755
0.338495
0.338495
0.0714234
0.0354004
0.032646
0.0221185
0.0728186
0.118376
0.175341
0.20112
0.0975227
0.102823
0.0748838
0.0386855
0.0614498
0.105184
0.0864502
0.301814
0.301814
0.154554
0.0874398
0.0713996
0.0781024
0.0605135
0.0954893
0.0923836
0.301814
0.301814
0.301814
0.16701
0.0732367
0.0813368
0.0262417
0.110129
0.17795
0.240042
0.198594
0.151918
0.14739
0.104742
0.0599575
0.0631867
0.0929369
0.129969
0.251511
0.175682
0.229937
0.170706
0.0892761
0.061438
0.0834641
0.129698
0.115546
0.270538
0.270538
0.270538
0.180347
0.0804589
0.106178
0.0918079
0.104371
0.119523
0.16599
0.270538
0.186069
0.106792
0.0580737
0.0977062
0.0739491
0.115955
0.152189
0.239639
0.218677
0.234882
0.183532
0.111564
0.0699303
0.0539765
0.0733325
0.163101
0.25407
0.270538
0.156549
0.145749
0.111822
0.123761
0.114197
0.131016
0.15222
0.18678
0.255407
0.182294
0.104616
0.0574683
0.113625
0.0825696
0.135354
0.252712
0.167656
0.255407
0.255407
0.126255
0.0719327
0.114582
0.0655175
0.103805
0.188081
0.238402
0.255407
0.161901
0.160257
0.134149
0.104039
0.0688747
0.0749513
0.0960032
0.222214
0.255407
0.224623
0.152899
0.177745
0.10701
0.0909389
0.153373
0.234562
0.141826
0.234562
0.234562
0.119894
0.0730692
0.108807
0.0471449
0.122013
0.185667
0.18032
0.234562
0.232444
0.198486
0.108338
0.166467
0.0709749
0.0945418
0.108917
0.193891
0.234562
0.234562
0.158257
0.158618
0.073972
0.0956833
0.0889879
0.184955
0.234562
0.234562
0.159824
0.170235
0.125262
0.137143
0.0392811
0.109282
0.0804865
0.19023
0.25539
0.152478
0.0692109
0.0285946
0.0587578
0.0341111
0.0451201
0.130777
0.159783
0.315955
0.291874
0.0520945
0.0604514
0.20919
0.0192192
0.0328927
0.055932
0.281946
0.315955
0.262347
0.0947359
0.0243446
0.057102
0.00758002
0.0160552
0.0603086
0.2921
0.315955
0.315955
0.069934
0.0380087
0.0671967
0.0393235
0.0641423
0.115825
0.15247
0.312663
0.252499
0.0535196
0.045542
0.172352
0.0634174
0.07292
0.110627
0.132375
0.312663
0.275616
0.0606855
0.0420832
0.0341929
0.0138633
0.0274102
0.0468568
0.25251
0.312663
0.291712
0.0592409
0.0350548
0.0632702
0.019843
0.0260236
0.0450313
0.267078
0.312663
0.312663
0.108788
0.0398111
0.0145534
0.0705146
0.09723
0.107101
0.147919
0.358099
0.309283
0.0703869
0.0304452
0.0313075
0.0155235
0.0458461
0.0942108
0.140538
0.152196
0.0946473
0.091146
0.0618272
0.0469946
0.0294397
0.0410361
0.0493209
0.244782
0.358099
0.312506
0.109283
0.0601809
0.0153856
0.0139103
0.015098
0.196733
0.358099
0.358099
0.170215
0.0843711
0.0670449
0.0355533
0.017558
0.0547045
0.111483
0.165324
0.149325
0.128781
0.108105
0.0670774
0.0596463
0.0478964
0.061084
0.0824081
0.204705
0.175345
0.185209
0.112649
0.065011
0.0351386
0.0200167
0.0278688
0.138546
0.382654
0.382654
0.197136
0.113902
0.0926711
0.0403924
0.0198237
0.0409376
0.091201
0.382654
0.382654
0.274282
0.0522204
0.0375789
0.0501035
0.0509835
0.0707797
0.0924201
0.184965
0.2195
0.183953
0.120597
0.069195
0.0348675
0.0324652
0.0579349
0.095865
0.169021
0.301212
0.101623
0.0760215
0.0691017
0.0721034
0.0160049
0.0502511
0.0709997
0.342994
0.342994
0.266436
0.0694804
0.0365165
0.0491771
0.0160017
0.0581193
0.0712152
0.342994
0.342994
0.342994
0.0361465
0.0345282
0.0357256
0.035983
0.0694245
0.113948
0.156839
0.321572
0.10623
0.08022
0.074287
0.0583854
0.045301
0.0588486
0.0691269
0.195772
0.258474
0.145028
0.100915
0.0957444
0.0407818
0.0143801
0.0709971
0.0880137
0.321572
0.321572
0.321572
0.0638984
0.0352537
0.0295604
0.00933383
0.0597949
0.0449851
0.321572
0.321572
0.321572
0.126691
0.0792797
0.0332062
0.0488683
0.0582291
0.0785223
0.188447
0.236774
0.169314
0.113629
0.0996189
0.0332661
0.0552832
0.0467232
0.110588
0.271426
0.2541
0.0973771
0.116843
0.128333
0.133962
0.0097771
0.0561517
0.044981
0.319919
0.319919
0.319919
0.127478
0.0755169
0.0310835
0.0398863
0.0701161
0.0961992
0.319919
0.319919
0.25765
0.0348775
0.0799388
0.0305297
0.0181168
0.0328338
0.0422845
0.28054
0.309949
0.216035
0.0708949
0.0209084
0.0523246
0.00447298
0.0188203
0.0503436
0.307983
0.309949
0.216028
0.0550885
0.0350205
0.0218761
0.0356415
0.0518222
0.0276615
0.260227
0.309949
0.308643
0.0369496
0.0146249
0.0143157
0.0183635
0.0137741
0.0314948
0.267644
0.309949
0.287974
0.0583072
0.0173544
0.0228668
0.00901025
0.0274062
0.0432726
0.297959
0.297959
0.224279
0.0539952
0.0377066
0.0321622
0.00484815
0.0260188
0.0603728
0.297959
0.297959
0.251357
0.109499
0.0542062
0.0172649
0.0221377
0.00808035
0.0438883
0.293604
0.297959
0.297959
0.0635226
0.0298811
0.0248405
0.0159347
0.0251043
0.0731028
0.297959
0.297959
0.190172
0.0781894
0.070205
0.0310845
0.0112597
0.0312144
0.0547283
0.28239
0.312037
0.221676
0.100377
0.0595066
0.0177042
0.0122455
0.0128527
0.162124
0.312037
0.312037
0.162059
0.0924283
0.0657946
0.0443261
0.0213594
0.026337
0.0606382
0.25006
0.312037
0.189036
0.0860514
0.0629969
0.0341784
0.00684607
0.0333924
0.102666
0.312037
0.312037
0.239494
0.122014
0.0295065
0.0271808
0.0149394
0.0188199
0.0972059
0.313451
0.313451
0.161712
0.103545
0.0695195
0.0397945
0.0195225
0.037235
0.0645693
0.28655
0.313451
0.21078
0.0677334
0.0567472
0.0529232
0.00691605
0.0347905
0.0725559
0.309304
0.313451
0.24841
0.105759
0.026909
0.014022
0.0183662
0.0299171
0.0555058
0.259786
0.313451
0.244794
0.0543634
0.0346037
0.0214173
0.0180722
0.0467868
0.054471
0.317981
0.317981
0.22602
0.0895712
0.0513545
0.0490093
0.0232218
0.0716172
0.0563414
0.251878
0.317981
0.240376
0.0193824
0.0390412
0.0357331
0.0178491
0.0372349
0.0512328
0.290021
0.317981
0.252201
0.045204
0.0398658
0.0189267
0.0138038
0.0428611
0.06183
0.274801
0.317981
0.222449
0.0198553
0.0557756
0.0342872
0.0225771
0.0771561
0.0645989
0.257675
0.316339
0.242854
0.0322756
0.0325435
0.0305066
0.00679211
0.0804713
0.0496923
0.316339
0.316339
0.296527
0.0805282
0.0547429
0.00909677
0.0144194
0.0479023
0.0628199
0.260916
0.316339
0.217962
0.0206183
0.0487421
0.03085
0.0114442
0.0189783
0.0434793
0.179803
0.316339
0.282978
0.0551343
0.0984136
0.0287343
0.0075401
0.0693398
0.0453639
0.309365
0.321291
0.306171
0.0717793
0.0539456
0.0115206
0.0185737
0.0392498
0.0660035
0.306567
0.321291
0.21708
0.0329264
0.0602524
0.0324468
0.0107374
0.0212109
0.0372151
0.208977
0.321291
0.240089
0.0498458
0.0868942
0.021572
0.0342257
0.0247393
0.0651301
0.232467
0.321291
0.216208
0.0720107
0.0541619
0.0266593
0.0222722
0.0330062
0.0253261
0.260364
0.348287
0.266117
0.0306656
0.0133361
0.0212172
0.0143695
0.0154867
0.0269009
0.28819
0.348287
0.229432
0.0302477
0.0155011
0.0216779
0.00751545
0.0181583
0.0451681
0.190493
0.348287
0.284667
0.0694703
0.0274287
0.0265372
0.00425476
0.0201212
0.0224836
0.131311
0.348287
0.292438
0.0643478
0.00390523
0.00373086
0.0157495
0.0116223
0.0409528
0.316481
0.331295
0.242855
0.0411088
0.0230813
0.0200066
0.0319851
0.0284369
0.0621453
0.310011
0.331295
0.180227
0.0610465
0.0725964
0.0151208
0.00443305
0.02716
0.0377473
0.154159
0.331295
0.275928
0.0486212
0.00187119
0.00180447
0.0767575
0.022728
0.0370682
0.16417
0.331295
0.331295
0.0321375
0.0577461
0.0182886
0.0279964
0.0338025
0.0669543
0.299447
0.299447
0.22004
0.0873365
0.070603
0.0199099
0.0178752
0.0354379
0.0830667
0.278489
0.299447
0.24596
0.135216
0.0369456
0.0267954
0.045537
0.0360824
0.0627091
0.228171
0.299447
0.299447
0.030937
0.0546017
0.021997
0.0399292
0.0314011
0.0461502
0.251094
0.299447
0.299447
0.0708445
0.0273139
0.01659
0.011784
0.0428958
0.0757583
0.268777
0.295669
0.273803
0.136416
0.0362842
0.0177413
0.0265127
0.0428634
0.0660937
0.254556
0.295669
0.293343
0.0886205
0.0541132
0.0342683
0.0174362
0.0324065
0.0700194
0.259205
0.295669
0.295669
0.0753944
0.0201329
0.0136958
0.042787
0.0610854
0.0784266
0.197846
0.295669
0.287708
0.0678402
0.0076202
0.00216379
0.0249705
0.0454612
0.052514
0.239281
0.317508
0.261774
0.0701546
0.052276
0.0247801
0.0182066
0.049958
0.0645216
0.233805
0.317508
0.200534
0.0229583
0.0638688
0.0391278
0.028108
0.0424285
0.0755117
0.212243
0.317508
0.277392
0.0562566
0.00719597
0.00236049
0.0446311
0.0160375
0.0349775
0.316149
0.317508
0.317508
0.0595906
0.0310095
0.0836556
0.0191381
0.046587
0.0495485
0.195275
0.332622
0.181831
0.0204502
0.0464448
0.0305766
0.0155537
0.0307014
0.0425006
0.178551
0.332622
0.262052
0.0383184
0.0526419
0.011805
0.0349642
0.0216291
0.04503
0.290272
0.332622
0.332622
0.0542091
0.0261475
0.0682868
0.0693699
0.0599538
0.126008
0.269605
0.332622
0.249931
0.0265215
0.0147309
0.0507558
0.0175441
0.0358921
0.0334899
0.196138
0.331873
0.214299
0.0321487
0.0463982
0.00965193
0.0160124
0.0115861
0.0497652
0.220462
0.331873
0.228646
0.0624215
0.0279992
0.0202342
0.0721408
0.0624481
0.121748
0.262394
0.331873
0.280778
0.0356918
0.0116703
0.0570407
0.0186223
0.015474
0.0279031
0.262928
0.331873
0.331873
0.0568025
0.00813549
0.00218289
0.00983212
0.0203274
0.0558847
0.258492
0.348332
0.280414
0.0725498
0.0409293
0.0497338
0.00830758
0.0350145
0.036257
0.194452
0.348332
0.338688
0.0545162
0.00598658
0.0047894
0.0114714
0.019793
0.0499866
0.220087
0.348332
0.14539
0.0588223
0.038391
0.0136456
0.00242817
0.00476897
0.0304586
0.286589
0.348332
0.187334
0.0431014
0.00660605
0.0141221
0.00573977
0.0387378
0.052439
0.201254
0.337008
0.299
0.0414173
0.00298657
0.000125724
0.108369
0.0330476
0.0493844
0.20146
0.337008
0.337008
0.0329613
0.0817533
0.0148672
0.00121738
0.00293971
0.0236101
0.253194
0.337008
0.190851
0.0445479
0.00642103
0.00994304
0.00855266
0.0305985
0.0342418
0.168812
0.337008
0.312007
0.0327731
0.00608478
0.0016555
0.0561646
0.0444114
0.0708774
0.253919
0.309596
0.309596
0.0333584
0.0679017
0.014834
0.0504026
0.0353341
0.0702187
0.228041
0.309596
0.309596
0.0649987
0.0337432
0.015376
0.00975339
0.0299932
0.0300394
0.189389
0.309596
0.309596
0.0409646
0.00852185
0.00154576
0.0013418
0.0136403
0.053907
0.309596
0.309596
0.208844
0.00896416
0.00196799
0.000783707
0.0222788
0.0377581
0.0834699
0.243973
0.329599
0.329599
0.0704575
0.025235
0.0125345
0.0264306
0.0421444
0.0661106
0.164309
0.329599
0.315839
0.0705946
0.007491
0.00173449
0.00243171
0.00971749
0.0434805
0.329599
0.329599
0.189632
0.0151833
0.00499319
0.00365151
0.00745264
0.0220683
0.023814
0.233331
0.329599
0.203117
0.0177512
0.00478978
0.00325029
0.0201002
0.0334325
0.0518745
0.184961
0.345429
0.283742
0.0625482
0.00835328
0.00233236
0.0376766
0.0193037
0.0376396
0.263283
0.345429
0.30163
0.0568018
0.0283888
0.0755337
0.00450935
0.015683
0.0180504
0.222813
0.345429
0.199188
0.019732
0.00469265
0.00455891
0.0015039
0.0199227
0.0265102
0.229324
0.345429
0.286031
0.0250785
0.00757067
0.00347592
0.03473
0.0272097
0.035
0.267797
0.359046
0.290517
0.0574466
0.0256372
0.0647084
0.0612457
0.0557287
0.102522
0.26711
0.359046
0.252718
0.0193839
0.00113922
0.0423766
0.00157678
0.0201643
0.0204073
0.17899
0.359046
0.276916
0.0237851
0.00574858
0.00243234
0.00666125
0.0126163
0.0189289
0.103349
0.359046
0.197823
0.0353964
0.0155318
0.0116992
0.0699612
0.0627734
0.100052
0.26808
0.351212
0.290284
0.0276904
0.000446239
0.0525056
0.00639072
0.00715076
0.0243121
0.26572
0.351212
0.351212
0.0497312
0.00210173
0.000424533
0.00771017
0.0118279
0.0135555
0.0858875
0.351212
0.218382
0.0410461
0.0151468
0.0107022
0.00588613
0.0229708
0.0323994
0.118644
0.351212
0.236787
0.0374568
0.0160635
0.00928625
0.0299962
0.0463761
0.0799984
0.268215
0.29526
0.187517
0.0812244
0.0830434
0.0345524
0.00714864
0.0151782
0.0707319
0.29526
0.29526
0.234569
0.0719791
0.0191629
0.0228089
0.0276878
0.0301772
0.0903084
0.29526
0.29526
0.239817
0.109884
0.0968227
0.0309544
0.0526911
0.0302362
0.053413
0.29526
0.29526
0.287865
0.0877885
0.0639601
0.0343105
0.00309273
0.00753159
0.040658
0.2965
0.2965
0.202814
0.0673615
0.0154774
0.0116211
0.0141184
0.0350513
0.0556048
0.234605
0.2965
0.2965
0.036273
0.0210343
0.00696753
0.0497065
0.0459924
0.0440744
0.267363
0.2965
0.288743
0.0649489
0.0454641
0.0175258
0.03952
0.0948288
0.0578763
0.278015
0.2965
0.267077
0.158686
0.0862503
0.0165296
0.0144642
0.0308724
0.0392096
0.219201
0.299824
0.282094
0.0381146
0.0201538
0.00551459
0.00342732
0.0211392
0.101036
0.299824
0.299824
0.229122
0.00886347
0.00474904
0.00397775
0.0364266
0.106225
0.0611648
0.264782
0.299824
0.263425
0.120448
0.0650478
0.0117743
0.0048461
0.0382091
0.105532
0.299824
0.299824
0.273343
0.0526507
0.0150955
0.00828736
0.00545507
0.0169702
0.0757144
0.312597
0.312597
0.210597
0.0180568
0.0097269
0.00675904
0.000360626
0.0150863
0.0229345
0.201895
0.312597
0.264408
0.0423868
0.0217032
0.00325398
0.0036692
0.0439391
0.102212
0.312597
0.312597
0.262085
0.0449536
0.0109246
0.00859577
0.00281053
0.0168069
0.0420508
0.242194
0.312597
0.312597
0.0763535
0.0395754
0.000542447
0.000684112
0.0141147
0.0172049
0.2288
0.323444
0.278849
0.0394974
0.0194107
0.00477837
0.000808071
0.0288825
0.0642173
0.222376
0.323444
0.314124
0.0490544
0.0170556
0.00315372
0.00449319
0.0225643
0.0467299
0.25783
0.323444
0.323444
0.0601765
0.0381059
0.00154887
0.000981766
0.026923
0.0728126
0.226264
0.323444
0.225264
0.0763788
0.0223408
0.00146485
0.00269281
0.0363037
0.0567609
0.237239
0.349005
0.34085
0.0459265
0.0131221
0.00275698
0.00972122
0.0168352
0.0257256
0.147257
0.349005
0.255738
0.0352716
0.0157812
0.00831816
0.00178054
0.0285173
0.0798302
0.256597
0.349005
0.24721
0.0783739
0.0242406
0.0024343
0.00913219
0.0173098
0.0529134
0.238157
0.349005
0.183281
0.0846244
0.0474322
0.00353263
0.0104729
0.0178002
0.0157305
0.142312
0.338345
0.286119
0.0439581
0.0153475
0.00978962
0.00212724
0.0187948
0.0311087
0.218299
0.338345
0.338345
0.0497902
0.0159942
0.00939223
0.0115672
0.0265848
0.0479646
0.25387
0.338345
0.198862
0.0943775
0.037353
0.00257834
0.00918191
0.0493342
0.042237
0.283438
0.338345
0.253569
0.0583371
0.0306302
0.00557425
0.0217738
0.0306488
0.08463
0.267743
0.290291
0.1887
0.0809704
0.0701409
0.0263984
0.0208494
0.0165093
0.0530393
0.255582
0.290291
0.20887
0.0932832
0.0617424
0.0289893
0.0690388
0.181098
0.0601604
0.290291
0.290291
0.290291
0.064532
0.0909394
0.0972978
0.0101485
0.0147393
0.0499694
0.290291
0.290291
0.290291
0.0660523
0.0409731
0.00641403
0.0255632
0.0321838
0.0481472
0.251731
0.2971
0.241335
0.0772514
0.051256
0.0178018
0.0257407
0.0651357
0.0671528
0.27895
0.2971
0.186382
0.127855
0.0786536
0.0200898
0.012142
0.0208328
0.0458477
0.2971
0.2971
0.2971
0.0394513
0.0337404
0.0072838
0.00773749
0.0338581
0.0585648
0.2971
0.2971
0.2971
0.0642487
0.0145946
0.00343063
0.0267217
0.0805104
0.0718994
0.271223
0.296716
0.209825
0.0989085
0.0605207
0.0145938
0.00432434
0.0318679
0.10748
0.268837
0.296716
0.274269
0.0498084
0.0164495
0.011998
0.00792113
0.034467
0.0797655
0.296716
0.296716
0.296716
0.046807
0.00751139
0.00358725
0.000711713
0.0191364
0.04861
0.292219
0.296716
0.258171
0.0175616
0.0138881
0.00426115
0.00410927
0.0378736
0.109276
0.282075
0.291318
0.291318
0.0504277
0.0175687
0.0136669
0.00520869
0.0208351
0.0439044
0.230792
0.291318
0.291318
0.0982525
0.0584694
0.00318767
0.000646011
0.0209508
0.0787679
0.291318
0.291318
0.278071
0.0158258
0.0109283
0.00330067
0.00264272
0.0105187
0.0371294
0.263894
0.291318
0.291318
0.0255949
0.0137391
0.00333442
0.00610281
0.0235747
0.0620034
0.28374
0.290051
0.290051
0.0729793
0.0603962
0.00597185
0.000832002
0.0302204
0.100667
0.283826
0.290051
0.235517
0.0883556
0.0322531
0.00296651
0.00243549
0.00696705
0.0488723
0.290051
0.290051
0.290051
0.0306958
0.0121951
0.00516544
0.0091182
0.0224399
0.0277158
0.290051
0.290051
0.260246
0.0525786
0.0404876
0.00558005
0.000969837
0.030589
0.114437
0.298404
0.298404
0.252808
0.0782699
0.0322157
0.00504692
0.0173449
0.021651
0.05225
0.263535
0.298404
0.250417
0.0798128
0.0359647
4.59555e-05
0.00467952
0.0193536
0.0347074
0.298404
0.298404
0.286397
0.0693958
0.0424598
0.00769101
0.0114348
0.0415818
0.0429413
0.197977
0.298404
0.298404
0.114598
0.0379539
0.0213652
0.0114734
0.0192247
0.0326819
0.192608
0.349332
0.179306
0.0564989
0.0188425
3.47423e-05
0.0042917
0.0246209
0.028922
0.25451
0.349332
0.215925
0.0401626
0.0166978
0.00327879
0.00514877
0.0284292
0.0305358
0.156673
0.349332
0.215818
0.0625761
0.0762926
0.0323766
0.082905
0.134789
0.0385806
0.349332
0.349332
0.248942
0.0337908
0.161941
0.0341092
0.0620351
0.168985
0.0685428
0.278964
0.278964
0.278964
0.0638367
0.0812547
0.091686
0.0019009
0.0121861
0.0362664
0.278964
0.278964
0.278964
0.0988053
0.0580051
0.00951722
0.0289738
0.0275887
0.0754703
0.230709
0.278964
0.278964
0.0526795
0.0225086
0.0291527
0.00212765
0.0176961
0.0781653
0.278964
0.278964
0.278964
0.0405557
0.0184872
0.00521198
0.00340679
0.0207018
0.0539261
0.286987
0.286987
0.286987
0.0685533
0.0541284
0.0106894
0.00397323
0.0298584
0.0769019
0.286987
0.286987
0.286987
0.0695784
0.0211449
0.00969067
0.000556084
0.020212
0.10105
0.286987
0.286987
0.286987
0.048839
0.0227686
0.00310255
0.000430984
0.0172927
0.0988677
0.249919
0.286987
0.249986
0.0497123
0.0441985
0.0103126
0.00602025
0.03394
0.11534
0.300177
0.300177
0.300177
0.055119
0.0128099
0.00995929
0.00773546
0.0225145
0.0489836
0.271121
0.300177
0.300177
0.0364293
0.0121776
0.00817253
0.00473238
0.0214888
0.106207
0.233151
0.300177
0.287861
0.0707592
0.037545
0.0099972
0.0294994
0.0277825
0.0750521
0.237594
0.300177
0.221235
0.0697728
0.0099558
0.0175157
0.00639647
0.0199625
0.0731486
0.275046
0.30421
0.30421
0.0315684
0.0152451
0.00872422
0.00726366
0.0185046
0.0557823
0.289527
0.30421
0.30421
0.0239376
0.0229519
0.00738448
0.030197
0.0218247
0.0553698
0.203764
0.30421
0.242381
0.0721478
0.0100417
0.0122168
0.028994
0.0326291
0.0643319
0.227038
0.30421
0.297316
0.12353
0.0451422
0.0065128
0.00655995
0.0112818
0.07203
0.285819
0.285819
0.285819
0.0241132
0.0256115
0.0117131
0.00802184
0.0205349
0.0541832
0.285819
0.285819
0.282437
0.0425532
0.0281571
0.0164114
0.0374508
0.0357231
0.0646747
0.235281
0.285819
0.285819
0.085471
0.0326815
0.00845735
0.0202682
0.0429833
0.134089
0.243989
0.285819
0.285819
0.123343
0.0609166
0.051095
0.00702463
0.0189334
0.0644632
0.291998
0.291998
0.291998
0.0434157
0.0267551
0.0208292
0.00963733
0.0270699
0.0295021
0.232013
0.291998
0.291998
0.102455
0.0220741
0.0182573
0.0293733
0.0602853
0.13723
0.291998
0.291998
0.291998
0.0883186
0.0473327
0.0564228
0.0211262
0.0484506
0.0651251
0.223771
0.291998
0.233275
0.0911845
0.0323277
0.0274347
0.00589035
0.0194409
0.0248473
0.190482
0.346952
0.272191
0.0551696
0.0627027
0.0315198
0.0714235
0.112275
0.0375848
0.329103
0.346952
0.31333
0.0345058
0.139699
0.0289398
0.012076
0.0334984
0.0443301
0.209349
0.326985
0.161958
0.058599
0.0296822
0.0262012
0.0155968
0.0220822
0.0352435
0.253285
0.346952
0.128961
0.0562348
0.0344446
0.0060686
0.0234078
0.030136
0.102804
0.279524
0.279524
0.279524
0.0666441
0.0374816
0.0367657
0.00452832
0.0331481
0.0865495
0.279524
0.279524
0.279524
0.0728874
0.0411705
0.0127197
0.00584085
0.0314174
0.135676
0.279524
0.279524
0.279524
0.047345
0.0863537
0.0366467
0.00314001
0.022202
0.0829058
0.279524
0.279524
0.246323
0.0450387
0.0639692
0.0297835
0.0024614
0.0343911
0.10868
0.279781
0.279781
0.279781
0.0893045
0.0478961
0.00877565
0.000746894
0.0210437
0.104973
0.250518
0.279781
0.279781
0.0837848
0.0429224
0.0167372
0.00238133
0.0148454
0.108244
0.279781
0.279781
0.279781
0.057817
0.0646093
0.0296864
0.0100878
0.0266775
0.10021
0.274242
0.279781
0.279781
0.0616929
0.0137646
0.0108028
0.00481881
0.0258466
0.105979
0.235077
0.287006
0.287006
0.1058
0.0378067
0.0155353
0.0400928
0.0375007
0.081664
0.236338
0.287006
0.279036
0.105006
0.0114988
0.0223003
0.0062828
0.0290707
0.106944
0.287006
0.287006
0.287006
0.0721238
0.00982237
0.0114403
0.0127694
0.0155775
0.0487736
0.287006
0.287006
0.277416
0.0820791
0.0325391
0.0249901
0.039158
0.0333923
0.0552554
0.229656
0.279324
0.279324
0.109539
0.0192981
0.0194164
0.0327911
0.0414506
0.12242
0.279324
0.279324
0.266122
0.114919
0.0540088
0.00903753
0.0112018
0.0174376
0.0495953
0.279324
0.279324
0.279324
0.104943
0.0254039
0.0230231
0.00841458
0.0184304
0.0959641
0.279324
0.279324
0.279324
0.127095
0.0466886
0.0274968
0.0429448
0.0459513
0.111446
0.266867
0.266867
0.266867
0.0886282
0.0472387
0.013322
0.0245268
0.0581239
0.174917
0.266867
0.266867
0.266867
0.158283
0.0745946
0.071695
0.0119208
0.0172921
0.0830462
0.266867
0.266867
0.266867
0.129528
0.031482
0.0203088
0.0131031
0.036022
0.100892
0.256698
0.266867
0.266867
0.122504
0.0380338
0.0106221
0.0402954
0.0850229
0.192415
0.279235
0.279235
0.279235
0.114929
0.0537977
0.081077
0.0300175
0.0487671
0.074594
0.252541
0.279235
0.264774
0.0998737
0.0400986
0.041786
0.0208458
0.042063
0.101763
0.279235
0.279235
0.279235
0.118271
0.0271049
0.0160724
0.0186708
0.0531974
0.0960601
0.238522
0.279235
0.228381
0.0313344
0.0275711
0.0295707
0.0297901
0.054622
0.0841499
0.284277
0.284277
0.279828
0.0886721
0.0384513
0.0507381
0.0124121
0.00982639
0.0576822
0.284277
0.284277
0.284277
0.099168
0.0308138
0.00479637
0.0186967
0.0410876
0.126347
0.277846
0.284277
0.227225
0.0396985
0.0247967
0.0303399
0.0222691
0.023969
0.107033
0.284277
0.284277
0.257833
0.0784268
0.0369215
0.0383864
0.00169993
0.0342529
0.128659
0.272374
0.272374
0.272374
0.066071
0.071134
0.0256335
0.0100796
0.0339577
0.0911963
0.271452
0.272374
0.264865
0.0738686
0.0666165
0.0317032
0.0395396
0.0639125
0.0969121
0.24726
0.272374
0.272374
0.150681
0.0869309
0.0277268
0.0206749
0.0509564
0.0984958
0.272374
0.272374
0.272374
0.133952
0.0408239
0.02539
0.0082232
0.0229905
0.103165
0.274537
0.274537
0.274537
0.0874001
0.0651848
0.0308829
0.00669867
0.018904
0.0912577
0.274537
0.274537
0.274537
0.0808276
0.00563374
0.0132124
0.0115756
0.0402073
0.106648
0.274537
0.274537
0.274537
0.154838
0.040665
0.0212213
0.0138774
0.0312237
0.0854653
0.274537
0.274537
0.274537
0.0896779
0.00811775
0.0148078
0.0063508
0.023047
0.0839834
0.280339
0.280339
0.280339
0.0934536
0.00341172
0.0120914
0.0141382
0.0257786
0.0526161
0.280339
0.280339
0.280339
0.0908092
0.053578
0.0265947
0.0113269
0.0346758
0.0861812
0.280339
0.280339
0.280339
0.0993844
0.0114307
0.00808082
0.00706769
0.0266184
0.122302
0.280339
0.280339
0.236202
0.103894
0.0482242
0.00896889
0.0164716
0.0363896
0.051789
0.27264
0.27264
0.27264
0.112557
0.0421437
0.0252902
0.009324
0.0265754
0.147893
0.27264
0.27264
0.27264
0.0699392
0.0488732
0.0180127
0.0104875
0.0308606
0.117064
0.27264
0.27264
0.26653
0.111069
0.0490113
0.0115999
0.00714417
0.0395474
0.188503
0.259071
0.27264
0.27264
0.0371279
0.0180192
0.0198175
0.0122646
0.0266594
0.117068
0.27641
0.27641
0.27641
0.0857105
0.0319691
0.0155722
0.00944878
0.0409573
0.079441
0.27641
0.27641
0.27641
0.131076
0.0446843
0.006693
0.0107002
0.0327089
0.141297
0.260255
0.27641
0.27641
0.0458907
0.0257342
0.0261458
0.021424
0.0183801
0.0823902
0.27641
0.27641
0.27641
0.0833473
0.0462804
0.00942584
0.0161337
0.04776
0.083279
0.287482
0.287482
0.287482
0.141747
0.0334851
0.0136474
0.0222897
0.0410087
0.0798271
0.199858
0.287482
0.273991
0.0461278
0.0341401
0.0381509
0.020137
0.0147927
0.0777359
0.287482
0.287482
0.287482
0.107547
0.0586856
0.0148942
0.0173526
0.0326135
0.0828907
0.287482
0.287482
0.237933
0.0920345
0.041439
0.00773031
0.0222233
0.0335147
0.109724
0.220556
0.28203
0.254935
0.0521891
0.0322118
0.0328121
0.0182005
0.0168633
0.11519
0.28203
0.28203
0.28203
0.0874535
0.0381358
0.0312335
0.0115146
0.01993
0.104086
0.28203
0.28203
0.242474
0.124121
0.0545964
0.0102187
0.0255621
0.0603152
0.171033
0.28203
0.28203
0.28203
0.0671111
0.0331912
0.0154403
