0.0614938
0.0939034
0.165724
0.17631
0.227792
0.221902
0.118629
0.108909
0.117152
0.069279
0.132754
0.124077
0.160122
0.21881
0.182683
0.0777588
0.0964937
0.224721
0.113997
0.130167
0.154694
0.227792
0.227792
0.200789
0.200341
0.123795
0.0992524
0.0942077
0.137508
0.1842
0.227792
0.227792
0.217491
0.149027
0.214516
0.182209
0.104277
0.201791
0.135307
0.187945
0.223827
0.191042
0.0670074
0.0703877
0.169911
0.129423
0.223827
0.130852
0.186921
0.215294
0.125147
0.132587
0.0873685
0.0867165
0.0869038
0.137783
0.210836
0.223827
0.223827
0.192013
0.162718
0.209882
0.223827
0.0462237
0.0984904
0.0982705
0.149043
0.223827
0.194539
0.149456
0.199202
0.184008
0.141528
0.220834
0.19142
0.220834
0.220834
0.12095
0.152945
0.109409
0.0735459
0.118569
0.129158
0.112725
0.138438
0.193821
0.122465
0.220834
0.190255
0.162097
0.0580783
0.143837
0.153107
0.208318
0.220834
0.148319
0.169091
0.205218
0.183523
0.137341
0.18502
0.220834
0.15869
0.220834
0.194475
0.0809731
0.128084
0.112071
0.0757134
0.107638
0.13792
0.148768
0.211648
0.124344
0.211648
0.206767
0.167288
0.200448
0.211648
0.143037
0.211648
0.211648
0.0785277
0.173048
0.156692
0.121733
0.115864
0.196278
0.211648
0.193706
0.211648
0.141082
0.128777
0.12774
0.104551
0.123952
0.205906
0.15107
0.204294
0.095894
0.0708314
0.207575
0.196525
0.184915
0.157176
0.210656
0.135749
0.210656
0.210656
0.133142
0.210656
0.179385
0.138247
0.159797
0.153099
0.102403
0.166291
0.147683
0.16221
0.210656
0.136092
0.210656
0.14782
0.210656
0.172282
0.210656
0.0943409
0.0710585
0.210656
0.210656
0.183167
0.161637
0.145781
0.147621
0.175368
0.210656
0.102005
0.10302
0.122535
0.104726
0.157838
0.189631
0.0997969
0.168259
0.166843
0.196822
0.209131
0.187058
0.209131
0.103336
0.145712
0.0894037
0.209131
0.209131
0.162332
0.181206
0.170966
0.120032
0.196663
0.192249
0.19268
0.209131
0.209131
0.0915887
0.0868025
0.147033
0.108012
0.0817415
0.132058
0.100088
0.145331
0.186833
0.209131
0.209131
0.183424
0.144555
0.103772
0.173394
0.0988841
0.209445
0.209445
0.153787
0.204312
0.209445
0.124662
0.189046
0.152053
0.163158
0.106473
0.209445
0.11807
0.0915328
0.153573
0.182515
0.102971
0.185599
0.137224
0.176283
0.209445
0.209445
0.192302
0.184904
0.154707
0.0816931
0.165004
0.161093
0.141267
0.177159
0.199089
0.186944
0.159245
0.167403
0.106703
0.150259
0.165626
0.221976
0.221976
0.195964
0.221976
0.104005
0.0816717
0.0970037
0.117048
0.150641
0.220129
0.221976
0.200157
0.160717
0.17089
0.162909
0.146756
0.221976
0.167436
0.217764
0.221976
0.129714
0.111931
0.0797355
0.0798164
0.0482753
0.114922
0.0871071
0.221976
0.221976
0.179832
0.133756
0.197215
0.145981
0.116573
0.138818
0.208487
0.22499
0.22499
0.190097
0.171311
0.176369
0.21284
0.077826
0.0987868
0.0933078
0.174942
0.22499
0.168848
0.144318
0.190613
0.178729
0.05024
0.134822
0.119285
0.22499
0.22499
0.183208
0.158356
0.163666
0.147832
0.0972557
0.138675
0.126707
0.20551
0.22499
0.209404
0.128376
0.0877252
0.0900057
0.0888796
0.14831
0.145268
0.212014
0.215131
0.13598
0.144292
0.164894
0.16111
0.16469
0.161437
0.200243
0.179916
0.215131
0.163119
0.0655547
0.114242
0.131503
0.10385
0.125572
0.132577
0.195806
0.215131
0.215131
0.170546
0.0886592
0.124559
0.160476
0.215131
0.159021
0.190059
0.215131
0.208987
0.195812
0.169105
0.11957
0.137152
0.179238
0.201368
0.205837
0.210643
0.142122
0.111149
0.10966
0.120376
0.123446
0.16026
0.132323
0.170227
0.124511
0.103827
0.210643
0.154855
0.174573
0.154066
0.210643
0.15342
0.179033
0.210643
0.210643
0.182968
0.163593
0.141684
0.0802901
0.161322
0.150448
0.135305
0.210643
0.210643
0.210643
0.104933
0.199747
0.142179
0.196155
0.158249
0.207052
0.120935
0.110187
0.21343
0.173542
0.177524
0.110449
0.162157
0.171355
0.207216
0.21343
0.119561
0.100592
0.128496
0.108553
0.0851483
0.180048
0.163333
0.16402
0.21343
0.21343
0.21343
0.119989
0.21343
0.127308
0.18294
0.0990621
0.21343
0.21343
0.161707
0.133817
0.131323
0.169236
0.142288
0.191369
0.210007
0.212684
0.212684
0.10015
0.0934054
0.137811
0.10267
0.0576442
0.143173
0.114625
0.155843
0.204045
0.212684
0.212684
0.190874
0.0926288
0.138874
0.188668
0.127361
0.212684
0.212684
0.166484
0.126723
0.161744
0.189522
0.162871
0.179582
0.0967387
0.212684
0.212684
0.166873
0.182365
0.141531
0.121428
0.0908495
0.1801
0.147386
0.185568
0.211383
0.211383
0.211383
0.194381
0.115127
0.0905663
0.162495
0.140169
0.140959
0.195219
0.184468
0.19188
0.166567
0.127886
0.159516
0.187214
0.123517
0.211383
0.211383
0.192355
0.198165
0.158533
0.123695
0.0763425
0.210385
0.171551
0.194242
0.211383
0.106216
0.129194
0.104096
0.0912356
0.130849
0.215026
0.184741
0.197033
0.215026
0.130306
0.13225
0.0820358
0.0797891
0.0520287
0.0946456
0.102536
0.215026
0.215026
0.164486
0.143274
0.194915
0.131361
0.0933751
0.159686
0.20473
0.215026
0.204992
0.102321
0.186275
0.154018
0.0732538
0.0507303
0.215026
0.215026
0.215026
0.215026
0.175636
0.186197
0.215026
0.120363
0.0568796
0.123495
0.150629
0.229145
0.229145
0.190968
0.15868
0.149855
0.120372
0.141388
0.140497
0.111595
0.170427
0.229145
0.183913
0.111964
0.0825544
0.0818067
0.0572785
0.229145
0.229145
0.229145
0.229145
0.21371
0.209113
0.229145
0.108179
0.120032
0.166146
0.123762
0.179871
0.229145
0.138086
0.0938781
0.106582
0.115151
0.143006
0.148466
0.124236
0.167802
0.214456
0.214456
0.146212
0.0688089
0.109718
0.165337
0.178847
0.149883
0.214456
0.214456
0.183971
0.15744
0.163879
0.156081
0.100512
0.170709
0.156367
0.214456
0.214456
0.167621
0.145811
0.166954
0.116672
0.127396
0.132888
0.144289
0.198891
0.214456
0.186503
0.194346
0.118291
0.163815
0.149488
0.17354
0.156818
0.198507
0.213639
0.197421
0.152914
0.156568
0.171149
0.0762604
0.109386
0.126109
0.123876
0.213639
0.213639
0.191508
0.0886763
0.178969
0.13008
0.159919
0.171868
0.213639
0.213639
0.172212
0.213639
0.118633
0.15903
0.168422
0.169445
0.14038
0.202774
0.213639
0.143264
0.117432
0.145961
0.0878149
0.0822122
0.143114
0.155092
0.140826
0.224329
0.224329
0.208734
0.103007
0.185725
0.0927872
0.198135
0.130017
0.224329
0.224329
0.144858
0.108202
0.15096
0.194335
0.15509
0.168411
0.156339
0.224329
0.224329
0.148636
0.132343
0.15602
0.129973
0.0845665
0.129494
0.168203
0.224329
0.224329
0.0580743
0.116949
0.130029
0.189008
0.10398
0.196386
0.157512
0.219385
0.219385
0.148915
0.112373
0.167101
0.187911
0.123024
0.170898
0.116433
0.219385
0.219385
0.18804
0.219385
0.162946
0.0977989
0.060908
0.114249
0.170216
0.219385
0.219385
0.101982
0.153952
0.170735
0.219385
0.0967198
0.106792
0.182078
0.158393
0.219385
0.119172
0.171417
0.110231
0.146662
0.125498
0.157294
0.124102
0.210916
0.212946
0.190873
0.212946
0.158326
0.0971016
0.0769309
0.16516
0.158329
0.170764
0.212946
0.129817
0.158618
0.092514
0.084061
0.109743
0.164615
0.141571
0.143554
0.212946
0.158909
0.190233
0.212946
0.212147
0.123831
0.212946
0.207203
0.120096
0.200683
0.172105
0.139533
0.133853
0.212946
0.0994758
0.175673
0.1877
0.203386
0.213311
0.130473
0.196913
0.16958
0.0809163
0.0617919
0.215015
0.215015
0.215015
0.215015
0.210373
0.215015
0.215015
0.136805
0.0881542
0.114231
0.170569
0.215015
0.215015
0.175745
0.113477
0.215015
0.0716436
0.0781982
0.139943
0.127036
0.156774
0.215015
0.0894421
0.13235
0.151029
0.0581824
0.0659564
0.232042
0.232042
0.232042
0.232042
0.232042
0.231811
0.232042
0.121522
0.127837
0.174201
0.137025
0.198469
0.232042
0.137348
0.0942622
0.122571
0.133209
0.0783778
0.154529
0.152255
0.165587
0.232042
0.10791
0.149251
0.206409
0.0828811
0.0446191
0.0849155
0.111212
0.232042
0.232042
0.132245
0.0551267
0.0956579
0.0898568
0.110315
0.188472
0.146671
0.226633
0.226633
0.153512
0.13227
0.148147
0.117471
0.113448
0.131296
0.15062
0.205224
0.226633
0.190822
0.187879
0.134158
0.180479
0.0614508
0.110416
0.140256
0.226633
0.226633
0.118681
0.0815418
0.108745
0.0917269
0.0950825
0.169352
0.0997997
0.199695
0.226633
0.205755
0.13923
0.226633
0.226633
0.128702
0.169356
0.174643
0.218666
0.218666
0.165698
0.203888
0.129018
0.155211
0.118657
0.152321
0.162117
0.203588
0.218666
0.175068
0.0989363
0.146823
0.0949414
0.122994
0.197085
0.114641
0.211572
0.218666
0.173209
0.141584
0.215873
0.184809
0.0537641
0.134708
0.165142
0.2094
0.218666
0.175547
0.0793642
0.0816237
0.14417
0.133662
0.175139
0.181823
0.228585
0.230529
0.180458
0.115017
0.152624
0.107378
0.0880615
0.155021
0.156514
0.168144
0.230529
0.0706464
0.13543
0.139453
0.203943
0.067782
0.164304
0.160997
0.22462
0.230529
0.203846
0.1052
0.070351
0.136836
0.118544
0.190629
0.107694
0.165409
0.230529
0.188087
0.230529
0.174547
0.106927
0.0758409
0.139281
0.159316
0.18439
0.227244
0.112013
0.177478
0.158949
0.227244
0.0877272
0.103536
0.18585
0.201805
0.227244
0.137814
0.180955
0.111742
0.169338
0.126821
0.208305
0.117935
0.1949
0.227244
0.153504
0.227244
0.178594
0.120774
0.107892
0.12539
0.107904
0.227244
0.227244
0.186929
0.129583
0.0925637
0.131811
0.0990267
0.145302
0.12766
0.152608
0.218733
0.159611
0.17776
0.160587
0.212612
0.0980484
0.218733
0.192866
0.124307
0.204433
0.197763
0.159832
0.118412
0.209795
0.136358
0.129916
0.110164
0.18875
0.218733
0.146413
0.105324
0.100028
0.143243
0.10726
0.157199
0.218733
0.216603
0.218733
0.197092
0.146809
0.182363
0.111281
0.158034
0.179852
0.156539
0.212371
0.212371
0.208561
0.117763
0.212371
0.105635
0.108014
0.148322
0.174696
0.180655
0.212371
0.130089
0.14587
0.186123
0.0985679
0.212371
0.185675
0.123713
0.177082
0.16066
0.179118
0.212371
0.113536
0.14204
0.14058
0.160326
0.142242
0.083498
0.212371
0.212371
0.161715
0.0918048
0.173512
0.105782
0.146819
0.185303
0.177196
0.221808
0.137648
0.159268
0.221808
0.134255
0.0608989
0.119078
0.15087
0.221808
0.221808
0.136739
0.0832813
0.199348
0.129974
0.154928
0.169993
0.171946
0.128625
0.221808
0.201785
0.188654
0.0977164
0.132077
0.0676269
0.144729
0.164311
0.203419
0.221808
0.221808
0.12026
0.221808
0.109562
0.0830701
0.135872
0.157733
0.223658
0.223658
0.116063
0.100165
0.165202
0.120385
0.109749
0.182652
0.115487
0.181015
0.223658
0.184792
0.140681
0.223658
0.223658
0.0856243
0.166585
0.16007
0.210346
0.223658
0.191745
0.119197
0.167343
0.0909689
0.167809
0.18178
0.117727
0.187641
0.159178
0.181579
0.223658
0.157882
0.0561262
0.150938
0.224337
0.149581
0.185832
0.224337
0.173449
0.150872
0.185865
0.186652
0.0363458
0.15509
0.204762
0.206348
0.224337
0.183472
0.110309
0.10896
0.162414
0.171792
0.224337
0.134129
0.197229
0.1603
0.153099
0.224337
0.115551
0.0797758
0.126403
0.138592
0.146996
0.115716
0.224337
0.0701627
0.175593
0.157856
0.126659
0.0630904
0.180673
0.196428
0.201454
0.22471
0.210863
0.140926
0.0888236
0.15771
0.166882
0.22471
0.122329
0.161563
0.22471
0.180788
0.22471
0.172206
0.107947
0.0920638
0.153921
0.15733
0.137695
0.22471
0.10307
0.182312
0.175828
0.187965
0.176948
0.173982
0.137359
0.122855
0.120344
0.147051
0.22471
0.104573
0.112594
0.147817
0.211043
0.0982736
0.160147
0.217704
0.155703
0.217704
0.161293
0.132669
0.114713
0.14462
0.111782
0.217704
0.217704
0.158057
0.153175
0.0997423
0.146354
0.10848
0.201311
0.150278
0.127586
0.135716
0.199305
0.201164
0.144229
0.150383
0.0824892
0.183037
0.161726
0.205103
0.217704
0.147133
0.21599
0.203976
0.124385
0.114302
0.128396
0.0933969
0.189412
0.223212
0.143846
0.12104
0.0943416
0.166143
0.0878781
0.147341
0.210605
0.184459
0.223212
0.191367
0.163326
0.155529
0.0869521
0.0602376
0.193719
0.156965
0.174692
0.223212
0.185229
0.205152
0.197119
0.134369
0.155839
0.124405
0.223212
0.223212
0.223212
0.146085
0.139579
0.131194
0.157444
0.210034
0.175221
0.0913936
0.161447
0.189982
0.183982
0.210034
0.0999805
0.131865
0.148584
0.198556
0.175062
0.111446
0.210034
0.210034
0.165156
0.0929523
0.174602
0.210034
0.168657
0.210034
0.172294
0.210034
0.210034
0.210034
0.164593
0.153138
0.0987877
0.163857
0.135866
0.129698
0.210034
0.167896
0.0652154
0.0566016
0.096086
0.161587
0.206936
0.199065
0.149055
0.221973
0.189426
0.163809
0.102496
0.153084
0.0786305
0.147482
0.184785
0.202741
0.221973
0.221973
0.143733
0.221973
0.0897984
0.0892293
0.187177
0.158802
0.180519
0.221973
0.129287
0.110106
0.0777345
0.0648884
0.0752434
0.167447
0.187239
0.221973
0.221973
0.187346
0.168488
0.137061
0.0695178
0.0952425
0.156814
0.175536
0.186218
0.215909
0.174563
0.12731
0.209472
0.0841297
0.155316
0.169285
0.106389
0.181378
0.214191
0.128042
0.167936
0.161394
0.107943
0.0804975
0.159717
0.157593
0.215909
0.215909
0.160544
0.212287
0.148244
0.0642747
0.115623
0.215909
0.113149
0.134127
0.215909
0.146758
0.200389
0.196751
0.215909
0.161044
0.216398
0.148477
0.193205
0.216398
0.129301
0.176435
0.122828
0.125686
0.100469
0.133145
0.148971
0.103972
0.216398
0.0745541
0.197856
0.198241
0.133415
0.152253
0.216398
0.126991
0.142771
0.216398
0.14799
0.216398
0.190823
0.216398
0.0938602
0.0935445
0.184104
0.0922273
0.216398
0.105225
0.207611
0.216398
0.14049
0.081414
0.162669
0.17299
0.125144
0.220222
0.0932724
0.210779
0.194552
0.17957
0.212539
0.21649
0.165357
0.121437
0.130203
0.114167
0.201349
0.0923223
0.113231
0.148532
0.0986221
0.201133
0.139819
0.220222
0.0893331
0.199495
0.220222
0.148394
0.157627
0.220222
0.147993
0.220222
0.220222
0.12313
0.131783
0.119116
0.161417
0.117038
0.195585
0.129495
0.0972017
0.123024
0.171764
0.187779
0.102626
0.130015
0.0851054
0.211354
0.166266
0.206317
0.211394
0.166575
0.211394
0.188462
0.090144
0.131403
0.211394
0.14005
0.211394
0.197155
0.185002
0.138648
0.096397
0.121002
0.0313727
0.185313
0.205038
0.211394
0.211394
0.211394
0.179129
0.158812
0.142686
0.0526446
0.20088
0.134818
0.149359
0.214258
0.214258
0.214258
0.179605
0.11962
0.141742
0.139716
0.187827
0.214258
0.214258
0.163571
0.139958
0.127532
0.14378
0.0271433
0.133718
0.213014
0.158781
0.214258
0.214258
0.172717
0.141321
0.0932106
0.140116
0.153264
0.120257
0.188864
0.214258
0.169499
0.126244
0.204967
0.129519
0.188587
0.139633
0.131609
0.181675
0.216721
0.208197
0.216721
0.154945
0.107929
0.0972242
0.156862
0.146606
0.151773
0.216721
0.178096
0.0946727
0.0771881
0.0769288
0.142637
0.148333
0.193437
0.216721
0.216721
0.154225
0.0805032
0.160344
0.120273
0.133142
0.216721
0.110816
0.216721
0.216721
0.216721
0.15289
0.216721
0.1058
0.100758
0.182333
0.158512
0.180662
0.211158
0.131932
0.0989778
0.0911271
0.0676934
0.0840689
0.157133
0.187928
0.208101
0.220205
0.161959
0.145941
0.111997
0.057653
0.137192
0.19454
0.106642
0.220205
0.220205
0.220205
0.179379
0.220205
0.106189
0.160667
0.220205
0.120289
0.218067
0.220205
0.220205
0.168652
0.12694
0.0925901
0.10643
0.155019
0.183901
0.212088
0.217249
0.173012
0.187372
0.140608
0.0753275
0.115075
0.217249
0.0866001
0.137356
0.217249
0.139768
0.161958
0.217249
0.217249
0.170949
0.217249
0.114109
0.213418
0.217249
0.217249
0.186505
0.149591
0.121072
0.129022
0.146813
0.0456163
0.145252
0.217249
0.128695
0.140846
0.107213
0.127745
0.131297
0.227502
0.109334
0.156773
0.227502
0.14758
0.170254
0.211193
0.227502
0.0791467
0.0890653
0.177152
0.110789
0.227502
0.112225
0.180116
0.227502
0.16093
0.147689
0.141808
0.0530444
0.154609
0.227502
0.12562
0.136081
0.105564
0.152033
0.0816998
0.107058
0.0929009
0.227502
0.227502
0.205142
0.0934713
0.227502
0.203654
0.105005
0.0899788
0.179716
0.137179
0.219752
0.0820496
0.148324
0.219752
0.11301
0.10993
0.219752
0.133774
0.18951
0.219752
0.126885
0.136822
0.100658
0.127085
0.0866096
0.117342
0.0978607
0.219752
0.219752
0.188645
0.0990777
0.201048
0.166737
0.0861005
0.195147
0.164093
0.198122
0.219752
0.187126
0.219752
0.219752
0.188365
0.104009
0.188099
0.132155
0.159032
0.205014
0.190862
0.155885
0.0807952
0.096192
0.0352254
0.19982
0.176866
0.217634
0.221821
0.221821
0.156439
0.129067
0.141122
0.0815542
0.162835
0.16107
0.175499
0.221821
0.182803
0.221821
0.128881
0.104846
0.201609
0.157183
0.102915
0.221629
0.221821
0.172486
0.0903563
0.124888
0.190041
0.0341665
0.167171
0.199946
0.170138
0.22614
0.22614
0.195369
0.127398
0.10622
0.124557
0.197007
0.110789
0.145271
0.22614
0.206313
0.173822
0.211459
0.131079
0.12579
0.130649
0.111909
0.208582
0.22614
0.17924
0.133431
0.107142
0.138962
0.112501
0.161562
0.0740583
0.126291
0.22614
0.222136
0.202357
0.164621
0.104751
0.155428
0.147234
0.169701
0.22541
0.22541
0.136762
0.0960798
0.167731
0.129982
0.132571
0.191947
0.135104
0.22541
0.22541
0.22541
0.158012
0.215863
0.109212
0.135077
0.148511
0.113264
0.148111
0.18451
0.167627
0.127832
0.156166
0.21823
0.0276942
0.197328
0.160755
0.22541
0.22541
0.132961
0.0975766
0.106494
0.104505
0.153495
0.171119
0.130964
0.223474
0.223474
0.223474
0.155994
0.221514
0.112896
0.172573
0.223474
0.133259
0.168211
0.223474
0.223474
0.138352
0.11105
0.11266
0.0644989
0.181683
0.158205
0.223474
0.223474
0.174357
0.122335
0.112813
0.149298
0.0727929
0.14344
0.0891837
0.17955
0.206845
0.100857
0.131131
0.174528
0.122774
0.2
0.229162
0.139663
0.177628
0.229162
0.229162
0.15913
0.137445
0.156819
0.125936
0.148094
0.0472842
0.137515
0.229162
0.13807
0.155592
0.123546
0.136926
0.11326
0.150006
0.0719663
0.153715
0.229162
0.14735
0.15709
0.189018
0.163828
0.0474616
0.177372
0.126522
0.223717
0.229162
0.204705
0.225889
0.114021
0.100138
0.112903
0.111432
0.0507141
0.149528
0.237162
0.121704
0.127676
0.113835
0.129325
0.0951736
0.087007
0.116223
0.237162
0.237162
0.174034
0.082697
0.237162
0.172896
0.0520115
0.174799
0.108468
0.226933
0.237162
0.230308
0.202329
0.120571
0.0905157
0.0992627
0.192447
0.237162
0.237162
0.237162
0.237162
0.0965353
0.11719
0.0506718
0.0915009
0.105136
0.11722
0.22539
0.22539
0.159851
0.084196
0.192531
0.143481
0.0766857
0.159508
0.122055
0.197581
0.22539
0.167105
0.22539
0.22539
0.166135
0.104737
0.173379
0.22539
0.22539
0.22539
0.22539
0.107693
0.133229
0.0514059
0.0686154
0.165491
0.107581
0.155531
0.205514
0.197497
0.188427
0.13017
0.0630549
0.0834342
0.156158
0.140383
0.18755
0.221137
0.175308
0.221137
0.170802
0.131504
0.177915
0.157188
0.10637
0.221137
0.221137
0.221137
0.101729
0.139303
0.214588
0.0809138
0.158894
0.091165
0.157105
0.221137
0.187675
0.171537
0.140595
0.0961674
0.075443
0.206168
0.20411
0.181823
0.0965159
0.175894
0.154231
0.175045
0.15373
0.142458
0.168416
0.132636
0.234256
0.234256
0.234256
0.194704
0.143034
0.189293
0.114815
0.231679
0.108521
0.129252
0.234256
0.234256
0.234256
0.180327
0.105879
0.0629871
0.212263
0.213331
0.204735
0.116809
0.168432
0.168651
0.183611
0.17687
0.0603809
0.0751089
0.0769905
0.0994389
0.11908
0.139631
0.13351
0.121977
0.0885451
0.147142
0.159329
0.133301
0.182884
0.216432
0.180566
0.149572
0.128796
0.212815
0.0448428
0.211013
0.161393
0.216432
0.216432
0.116918
0.0808112
0.126057
0.106637
0.0665993
0.181066
0.203464
0.184711
0.216432
0.193987
0.178479
0.179888
0.167296
0.121782
0.216432
0.124748
0.216432
0.216432
0.105605
0.0727788
0.169108
0.13761
0.0850707
0.224596
0.184601
0.224596
0.224596
0.154201
0.0995333
0.1495
0.161467
0.0896865
0.174186
0.0790388
0.159764
0.224596
0.130898
0.126241
0.183516
0.157247
0.144574
0.224596
0.146106
0.224596
0.204916
0.123826
0.109208
0.204889
0.173567
0.120172
0.165553
0.146831
0.157033
0.217327
0.0997631
0.068337
0.224596
0.168283
0.120195
0.166729
0.05973
0.135959
0.23099
0.184618
0.151339
0.176225
0.189392
0.0522728
0.222598
0.136297
0.23099
0.23099
0.195864
0.216936
0.12197
0.107176
0.159819
0.211267
0.151075
0.14873
0.200107
0.169961
0.0843758
0.23099
0.173611
0.0936201
0.192123
0.128887
0.135656
0.23099
0.154205
0.129224
0.116529
0.0794092
0.0568977
0.202758
0.114792
0.233596
0.233596
0.225845
0.209773
0.135196
0.0905322
0.137993
0.176893
0.233596
0.233596
0.233596
0.233596
0.107404
0.136164
0.059504
0.114221
0.187583
0.140453
0.147333
0.233596
0.196108
0.127584
0.0928304
0.0930001
0.0506869
0.21131
0.118984
0.120312
0.199782
0.22573
0.115656
0.0962378
0.0635772
0.148906
0.186749
0.22619
0.22619
0.22619
0.22619
0.1434
0.1969
0.078437
0.100512
0.206575
0.112318
0.22619
0.22619
0.190602
0.197254
0.197618
0.0885723
0.070827
0.142294
0.11262
0.167694
0.22619
0.22619
0.185922
0.140493
0.108116
0.121367
0.141253
0.113292
0.113001
0.176037
0.133215
0.130321
0.0843744
0.124329
0.104568
0.207305
0.0950986
0.211804
0.211804
0.192491
0.188934
0.211804
0.153157
0.0956981
0.211804
0.211804
0.208654
0.146006
0.211804
0.174767
0.182581
0.20866
0.130574
0.099653
0.115112
0.119844
0.211804
0.161225
0.184048
0.114313
0.139306
0.0780722
0.115706
0.184408
0.211804
0.202391
0.119576
0.135383
0.137064
0.0878709
0.0911477
0.215776
0.215776
0.215776
0.163064
0.215776
0.215776
0.215776
0.215776
0.0764862
0.11425
0.106931
0.143575
0.199601
0.171556
0.150309
0.136407
0.129112
0.091003
0.141491
0.20637
0.215776
0.215776
0.141035
0.145875
0.162197
0.0867277
0.112896
0.0754495
0.0942604
0.215776
0.215776
0.163582
0.146835
0.204649
0.106986
0.0734492
0.199132
0.186611
0.193804
0.23421
0.23421
0.181397
0.138354
0.129545
0.124972
0.23421
0.0980129
0.197236
0.23421
0.122066
0.0916524
0.198545
0.132803
0.0324311
0.106958
0.143497
0.118518
0.23421
0.23421
0.23421
0.108007
0.109622
0.0528134
0.102082
0.139035
0.144281
0.211339
0.196372
0.23421
0.120259
0.0925436
0.129305
0.215003
0.114957
0.208294
0.215003
0.122154
0.124467
0.215003
0.145203
0.0927357
0.136813
0.12503
0.159919
0.215003
0.0924341
0.0909488
0.215003
0.155011
0.0620438
0.153435
0.177632
0.172908
0.215003
0.215003
0.215003
0.177902
0.121317
0.118131
0.215003
0.158666
0.194827
0.204766
0.175664
0.215003
0.1189
0.0657964
0.132724
0.183395
0.149033
0.169589
0.214604
0.172682
0.118982
0.201684
0.159128
0.0913038
0.190858
0.131168
0.130729
0.214604
0.133811
0.130906
0.128409
0.068335
0.110619
0.214604
0.178142
0.198617
0.214604
0.214604
0.214604
0.185501
0.0768047
0.123738
0.163032
0.132929
0.156532
0.214604
0.214604
0.190234
0.107858
0.168805
0.128749
0.21262
0.154728
0.158946
0.222872
0.207624
0.146785
0.13046
0.0904768
0.0872435
0.186947
0.0930676
0.132589
0.222872
0.222872
0.145395
0.15475
0.0932494
0.0997705
0.154411
0.134719
0.167989
0.222872
0.222872
0.211401
0.18167
0.184341
0.0701853
0.147884
0.193161
0.222872
0.222872
0.0974137
0.127995
0.177965
0.123977
0.0962814
0.132525
0.0973325
0.18361
0.22431
0.22431
0.192241
0.176254
0.1361
0.162571
0.18035
0.109034
0.139376
0.172042
0.142784
0.117396
0.115977
0.137342
0.0864703
0.113765
0.184487
0.22431
0.22431
0.147686
0.171046
0.210526
0.194432
0.11233
0.182351
0.180532
0.22431
0.22431
0.168793
0.108129
0.126015
0.181719
0.164835
0.150782
0.132254
0.151125
0.217888
0.18195
0.162595
0.132178
0.154866
0.117193
0.147014
0.184971
0.217888
0.217888
0.147919
0.105722
0.106225
0.120749
0.122633
0.190228
0.20009
0.217888
0.217888
0.178096
0.143849
0.131422
0.217888
0.0831312
0.139708
0.210153
0.195619
0.217888
0.143768
0.140557
0.180197
0.0725071
0.104736
0.155882
0.188322
0.230083
0.230083
0.161938
0.108599
0.132239
0.107773
0.113086
0.0977737
0.0955601
0.214458
0.230083
0.19291
0.122759
0.196783
0.138203
0.0783301
0.150303
0.208738
0.215882
0.230083
0.141678
0.158454
0.151031
0.0798238
0.0768923
0.129515
0.230083
0.230083
0.230083
0.142008
0.163204
0.169648
0.111649
0.0449079
0.152735
0.178487
0.179475
0.259577
0.259577
0.228493
0.123423
0.132605
0.0418684
0.106496
0.14684
0.18481
0.259577
0.259577
0.259577
0.136041
0.114879
0.00224834
0.00469363
0.110805
0.259577
0.259577
0.174499
0.0694709
0.0120536
0.00208758
0.00952623
0.0164214
0.116838
0.245211
0.259577
0.223325
0.113817
0.0356256
0.00579442
0.0458672
0.140534
0.153304
0.185319
0.248585
0.248585
0.248585
0.150621
0.112532
0.0962902
0.207351
0.150165
0.204034
0.248585
0.248585
0.248585
0.0775614
0.0773566
0.00829527
0.0170769
0.103119
0.236978
0.248585
0.204583
0.0987101
0.0357414
0.00738124
0.0312051
0.0325179
0.0693508
0.202174
0.248585
0.248585
0.179794
0.0141016
0.00589324
0.0852621
0.216943
0.158279
0.194637
0.251642
0.251642
0.251642
0.11859
0.0672031
0.0954744
0.18393
0.139613
0.168064
0.251642
0.216562
0.189232
0.12342
0.129182
0.0289208
0.035287
0.0863729
0.204872
0.251642
0.251642
0.161253
0.025274
0.00893748
0.0526099
0.0879375
0.0490852
0.117351
0.251642
0.251642
0.150572
0.110863
0.111217
0.0816863
0.17977
0.132781
0.179578
0.259412
0.252442
0.206326
0.176266
0.134839
0.0854016
0.158407
0.176013
0.209711
0.259412
0.0903324
0.143568
0.205009
0.14301
0.0503426
0.0996756
0.0803698
0.13702
0.259412
0.259412
0.150321
0.0820141
0.079739
0.0486166
0.0856586
0.0936727
0.174861
0.259412
0.259412
0.13796
0.0540672
0.093932
0.0903161
0.125683
0.154229
0.222401
0.241983
0.120553
0.149024
0.189303
0.178667
0.100982
0.123607
0.131359
0.241983
0.230364
0.138287
0.100339
0.139177
0.17017
0.0543205
0.09469
0.0957178
0.183819
0.241983
0.241983
0.186955
0.0429104
0.0870864
0.150073
0.144668
0.105124
0.241983
0.241983
0.241983
0.193685
0.102973
0.115002
0.1101
0.144619
0.153982
0.218778
0.218778
0.145142
0.120182
0.122685
0.197821
0.0978812
0.15532
0.1818
0.186636
0.218778
0.156494
0.1088
0.125196
0.0946684
0.132543
0.148315
0.103476
0.218778
0.218778
0.218778
0.218778
0.131732
0.146668
0.102698
0.191799
0.107678
0.107009
0.218778
0.218778
0.149143
0.182186
0.212788
0.0888729
0.171135
0.173717
0.186064
0.212822
0.158128
0.123608
0.107831
0.099695
0.0705042
0.13086
0.218099
0.218099
0.218099
0.146237
0.163633
0.172702
0.126657
0.0600521
0.161554
0.181296
0.136881
0.218099
0.214189
0.12845
0.166208
0.184085
0.0543375
0.150048
0.213182
0.218099
0.218099
0.218099
0.154596
0.163214
0.122993
0.00112742
0.00259336
0.16244
0.286551
0.286551
0.137584
0.0523341
0.0269201
0.0150349
0
0.00272855
0.119802
0.286551
0.286551
0.286551
0.151115
0.0408393
0
0.0925413
0.0336974
0.0918
0.286551
0.127961
0.11486
0.14218
0.192246
0.284
0.0223397
0.0515147
0.2015
0.286551
0.278503
0.109397
0.0471567
0.0615518
0.111884
0.00276189
0.00495583
0.0850681
0.291552
0.291552
0.291552
0.149507
0.0293131
0.00328419
0.0383577
0.022714
0.0451311
0.220729
0.291552
0.291552
0.25898
0.0128642
0.0150036
0.0214433
0.0667864
0.180082
0.291552
0.249085
0.0967675
0.0502927
0.0505819
0.0881221
0.00296289
0.0273887
0.184015
0.291552
0.291552
0.108178
0.0328832
0.0135963
0.00895089
0.0412609
0.0311735
0.0767846
0.213431
0.285971
0.285971
0.261809
0.0144174
0.0175848
0.0579147
0.134837
0.0987978
0.192921
0.285971
0.285971
0.201695
0.158589
0.127955
0.00236207
0.0387611
0.193233
0.285971
0.285971
0.121436
0.0353127
0.0125586
0.00796554
0.0030137
0.00668985
0.137515
0.285971
0.263104
0.100181
0.0169756
0.00724029
0.0037206
0.0613591
0.156653
0.161934
0.221036
0.273977
0.273977
0.195271
0.10229
0.0837372
0.0748533
0.149211
0.150366
0.193701
0.273977
0.273977
0.138936
0.0754174
0.143287
0.00191646
0.0136834
0.159858
0.273977
0.273977
0.117743
0.0386476
0.00995607
0.00165716
0.00085562
0.026957
0.208176
0.245874
0.273977
0.182391
0.0551988
0.00286151
0.000788692
0.0746543
0.153762
0.15619
0.214011
0.251638
0.251638
0.174344
0.0418056
0.121982
0.147538
0.124156
0.112334
0.251638
0.251638
0.251638
0.245669
0.143943
0.153807
0.00171832
0.0314149
0.226763
0.21696
0.251638
0.184007
0.0798856
0.00872428
0.000678711
0.0182024
0.0186701
0.0978729
0.251638
0.251638
0.187639
0.0825999
0.0184714
0.00547326
0.110868
0.120513
0.098025
0.233033
0.233033
0.233033
0.228897
0.140171
0.154074
0.107092
0.187657
0.205667
0.119352
0.233033
0.233033
0.186178
0.171323
0.218449
0.0133842
0.0130693
0.113359
0.212646
0.233033
0.194083
0.0791177
0.0262123
0.00662644
0.00952736
0.0594575
0.233033
0.215083
0.233033
0.178178
0.17143
0.0628862
0.0186242
0.0738685
0.177214
0.223491
0.146447
0.223491
0.223491
0.166828
0.1661
0.194022
0.0647987
0.143164
0.223491
0.214591
0.223491
0.223491
0.171839
0.182752
0.149121
0.00963696
0.0479655
0.223491
0.179955
0.223491
0.196982
0.151454
0.0757851
0.0247496
0.0200757
0.0628129
0.121864
0.170995
0.223491
0.223491
0.170912
0.0784235
0.0810112
0.132312
0.0353611
0.156877
0.280649
0.176264
0.184202
0.232313
0.251942
0.280649
0.0397037
0.0696871
0.25112
0.280649
0.280649
0.159957
0.0754965
0.0779394
0.146216
0.172402
0.0569032
0.0350219
0.0501505
0.0700141
0.0836064
0.100043
0.0822364
0.280649
0.112102
0.100278
0.0972827
0.132776
0.173506
0.0790249
0.101565
0.107825
0.280649
0.0526107
0.0994022
0.245926
0.278242
0.278242
0.155624
0.0819769
0.087166
0.144137
0.0261114
0.030443
0.215233
0.278242
0.278242
0.124783
0.0572307
0.0579477
0.0467906
0.181347
0.182583
0.100535
0.128703
0.203395
0.059508
0.0835665
0.118734
0.278242
0.129586
0.127466
0.074753
0.118008
0.182806
0.0880538
0.103579
0.263615
0.274416
0.0300603
0.0481595
0.245794
0.262407
0.262407
0.131856
0.0613601
0.0624315
0.044211
0.0112038
0.0235811
0.262274
0.262407
0.262407
0.135054
0.0345984
0.0257743
0.0209302
0.210572
0.225853
0.098181
0.11931
0.254831
0.0884977
0.0877157
0.23555
0.235468
0.101751
0.0945662
0.125267
0.202798
0.242613
0.145147
0.162229
0.154718
0.164329
0.0102266
0.0352183
0.253521
0.253521
0.253521
0.148153
0.0541721
0.030178
0.0152711
0.00405339
0.0364179
0.253521
0.253521
0.253521
0.187537
0.0572117
0.00766307
0.00218121
0.154268
0.147487
0.134388
0.178729
0.253521
0.136398
0.147686
0.152618
0.173616
0.144762
0.169831
0.192025
0.253521
0.238869
0.151697
0.140443
0.172479
0.113899
0.00509788
0.041483
0.257949
0.257949
0.257949
0.202299
0.0749186
0.0119849
0.000691669
0.00145119
0.00577696
0.134179
0.257949
0.257949
0.257949
0.137641
0.0337871
0.000749329
0.169285
0.155115
0.159223
0.253227
0.208147
0.15109
0.148501
0.165257
0.14707
0.164824
0.06989
0.144199
0.257949
0.257949
0.157505
0.0812528
0.0975152
0.0896566
0.00204927
0.00571973
0.148723
0.266337
0.266337
0.252911
0.101175
0.0364463
0.000349095
0.00233188
0.0595775
0.266337
0.250245
0.266337
0.263743
0.266337
0.0901459
0.000641534
0.165811
0.0750624
0.112641
0.266337
0.239418
0.146858
0.0658102
0.0698308
0.103965
0.0265098
0.0396215
0.171446
0.266337
0.266337
0.10225
0.0593175
0.0156515
0.0190454
0.0137795
0.055395
0.251818
0.216806
0.251818
0.251818
0.251818
0.114936
0.0209675
0.0352071
0.0808448
0.225876
0.251818
0.251818
0.251818
0.244976
0.110187
0.122306
0.0221015
0.0626687
0.178672
0.251818
0.251818
0.118989
0.0552595
0.0129267
0.0270126
0.0363216
0.0519766
0.15478
0.251818
0.251818
0.0884776
0.0452718
0.0159338
0.00912323
0.264294
0.0773173
0.0428738
0.0717191
0.130222
0.142229
0.178662
0.126648
0.264294
0.196801
0.150471
0.105185
0.141569
0.264133
0.147106
0.159728
0.179873
0.264294
0.147542
0.0338927
0.0348405
0.0928111
0.183568
0.0521121
0.115748
0.264294
0.264294
0.0991899
0.0476203
0.0333817
0.141932
0.264294
0.0378378
0.115345
0.204598
0.261755
0.252451
0.239289
0.0973971
0.146033
0.252451
0.103292
0.111624
0.178496
0.252451
0.196682
0.140229
0.0539612
0.17202
0.252451
0.0980772
0.137728
0.252451
0.252451
0.14406
0.0778708
0.0276126
0.182048
0.252451
0.0332951
0.0919633
0.133591
0.252451
0.168003
0.0722618
0.0204452
0.0619814
0.111072
0.017722
0.0387273
0.154688
0.252451
0.237161
0.237161
0.0943202
0.164652
0.237161
0.0841203
0.113191
0.237161
0.237161
0.127006
0.130932
0.198103
0.237161
0.237161
0.161958
0.210045
0.195129
0.205638
0.237161
0.112973
0.0203624
0.100555
0.195988
0.00788853
0.0208408
0.0815188
0.237161
0.196183
0.073522
0.0441576
0.0774421
0.17269
0.0353563
0.0865049
0.119108
0.203084
0.194588
0.186486
0.207886
0.23011
0.23011
0.144512
0.175567
0.170022
0.210845
0.154994
0.200453
0.23011
0.23011
0.23011
0.19062
0.160719
0.1665
0.12954
0.23011
0.101675
0.0447506
0.0574236
0.146668
0.0248134
0.0603565
0.0787501
0.23011
0.23011
0.180178
0.0273137
0.0593555
0.11796
0.0574775
0.0999599
0.115705
0.199127
0.187794
0.171459
0.199252
0.245866
0.245866
0.195528
0.171004
0.163586
0.183516
0.158804
0.0925839
0.168887
0.245866
0.245866
0.188254
0.122478
0.114966
0.104626
0.245866
0.140465
0.0388213
0.0393885
0.0714757
0.0476973
0.0844846
0.119401
0.245866
0.245866
0.194134
0.0272786
0.0708539
0.154229
0.0620101
0.0985349
0.187601
0.200249
0.187475
0.0890258
0.150986
0.266488
0.266488
0.196434
0.114122
0.100526
0.162831
0.0460684
0.0646461
0.143044
0.266488
0.266488
0.140484
0.105307
0.041768
0.0618201
0.263806
0.115436
0.0335022
0.0710266
0.128626
0.0659831
0.0915653
0.167973
0.266488
0.266488
0.197439
0.057768
0.173449
0.226874
0.0964122
0.127277
0.101101
0.224667
0.0491746
0.0880124
0.199311
0.269751
0.269751
0.144062
0.0972068
0.0373858
0.100012
0.0704496
0.104416
0.269751
0.269751
0.269751
0.168362
0.0834166
0.0259783
0.0326885
0.227711
0.145139
0.0666652
0.132649
0.209643
0.101899
0.121917
0.0796558
0.269751
0.126143
0.209544
0.142356
0.193036
0.211901
0.177768
0.148041
0.104317
0.147815
0.210006
0.0497901
0.0494951
0.127125
0.248905
0.0704181
0.112159
0.266455
0.266455
0.145782
0.0603265
0.0338549
0.18737
0.266455
0.0629087
0.148314
0.266455
0.266455
0.0955502
0.0539325
0.0576537
0.054302
0.117056
0.0943871
0.266455
0.266455
0.266455
0.11187
0.0692696
0.0283745
0.102159
0.227537
0.0149139
0.0614725
0.0631009
0.266455
0.220867
0.0998464
0.0316942
0.268945
0.268945
0.0636549
0.135042
0.209198
0.268945
0.234229
0.0812195
0.0295595
0.111986
0.200598
0.0215759
0.0440063
0.268945
0.268945
0.149636
0.0992879
0.0356914
0.191589
0.268945
0.0157865
0.0809775
0.0604992
0.268945
0.126922
0.0637353
0.0145758
0.103395
0.217285
0.0132795
0.0292198
0.13421
0.268945
0.256102
0.139032
0.0301352
0.179605
0.256102
0.00854636
0.0213424
0.157707
0.256102
0.256102
0.118633
0.0866912
0.145147
0.234004
0.0479641
0.148123
0.186412
0.256102
0.220413
0.0654477
0.00948082
0.156897
0.256102
0.00752003
0.0217705
0.126243
0.256102
0.179156
0.0420329
0.00662134
0.204826
0.256102
0.0106945
0.0384168
0.0625574
0.256102
0.263399
0.169446
0.0847888
0.106693
0.24603
0.0325398
0.107411
0.117788
0.263399
0.263399
0.263399
0.052336
0.111828
0.218976
0.0738489
0.16481
0.166924
0.263399
0.263399
0.0588111
0.015601
0.111139
0.222496
0.00780644
0.0346915
0.0527109
0.263399
0.16035
0.0611461
0.0253155
0.155157
0.263399
0.0232338
0.049346
0.0521309
0.239895
0.262167
0.198101
0.0579217
0.0620335
0.146057
0.0524352
0.113475
0.14716
0.262167
0.262167
0.262167
0.018904
0.108858
0.255861
0.088776
0.180738
0.262167
0.262167
0.196045
0.0507465
0.0315339
0.0671
0.166119
0.0157575
0.0362248
0.0627445
0.262167
0.204921
0.0664041
0.0336079
0.159857
0.262167
0.0155393
0.0247978
0.0757567
0.259975
0.251363
0.124225
0.023024
0.0811916
0.204309
0.0776573
0.13972
0.200327
0.251363
0.251363
0.251363
0.042005
0.204307
0.251363
0.123191
0.170887
0.154838
0.251363
0.167506
0.0365719
0.0266523
0.102525
0.251363
0.0126657
0.0348539
0.0891398
0.251363
0.251363
0.06454
0.0227075
0.101956
0.251363
0.0373727
0.0568978
0.0891206
0.220767
0.247747
0.17238
0.0599867
0.145161
0.247747
0.122411
0.154121
0.125767
0.247747
0.167244
0.240532
0.209595
0.247747
0.247747
0.232551
0.190389
0.119894
0.193676
0.19817
0.0539762
0.020032
0.0502994
0.159164
0.0274533
0.067665
0.112459
0.247747
0.147813
0.0616389
0.0206424
0.0936413
0.247747
0.0383451
0.0453942
0.0866777
0.234785
