0.157176
0.210656
0.135749
0.210656
0.210656
0.133142
0.210656
0.179385
0.138247
0.159797
0.153099
0.102403
0.166291
0.147683
0.16221
0.210656
0.136092
0.210656
0.14782
0.210656
0.172282
0.210656
0.0943409
0.0710585
0.210656
0.210656
0.183167
0.161637
0.145781
0.147621
0.175368
0.210656
0.102005
0.10302
0.122535
0.104726
0.157838
0.189631
0.0997969
0.168259
0.166843
0.196822
0.209131
0.187058
0.209131
0.103336
0.145712
0.0894037
0.209131
0.209131
0.162332
0.181206
0.170966
0.120032
0.196663
0.192249
0.19268
0.209131
0.209131
0.0915887
0.0868025
0.147033
0.108012
0.0817415
0.132058
0.100088
0.145331
0.186833
0.209131
0.209131
0.183424
0.144555
0.103772
0.173394
0.0988841
0.209445
0.209445
0.153787
0.204312
0.209445
0.124662
0.189046
0.152053
0.163158
0.106473
0.209445
0.11807
0.0915328
0.153573
0.182515
0.102971
0.185599
0.137224
0.176283
0.209445
0.209445
0.192302
0.184904
0.154707
0.0816931
0.165004
0.161093
0.141267
0.177159
0.199089
0.186944
0.159245
0.167403
0.174956
0.215658
0.154792
0.0962276
0.215658
0.135436
0.11221
0.163281
0.19009
0.118014
0.215658
0.194461
0.173631
0.215658
0.134061
0.140696
0.201839
0.215658
0.0943482
0.184079
0.144683
0.135718
0.212595
0.215658
0.186055
0.140964
0.14516
0.116652
0.215658
0.210001
0.117636
0.215658
0.124254
0.0955363
0.092488
0.0491645
0.0973259
0.216266
0.176665
0.164773
0.216266
0.149206
0.130839
0.216266
0.181957
0.142484
0.216266
0.148687
0.1593
0.181942
0.13061
0.135704
0.216266
0.130225
0.0900665
0.216266
0.169147
0.0971854
0.216266
0.180795
0.123939
0.0857939
0.0560917
0.0896973
0.216266
0.10645
0.119786
0.216266
0.213195
0.216266
0.180732
0.148605
0.137213
0.214001
0.151267
0.166354
0.193171
0.120356
0.15947
0.214001
0.145672
0.0968261
0.164185
0.107796
0.211612
0.214001
0.0958535
0.178982
0.214001
0.127718
0.0918437
0.203699
0.150974
0.116083
0.214001
0.214001
0.214001
0.188541
0.148332
0.0709482
0.126967
0.148269
0.170707
0.1677
0.131088
0.141132
0.214001
0.185142
0.108902
0.154777
0.106933
0.135754
0.187898
0.0921542
0.165027
0.201756
0.14517
0.301024
0.0653951
0.116637
0.188657
0.214091
0.122605
0.0891682
0.11229
0.301024
0.0828852
0.149597
0.160904
0.112811
0.136181
0.137759
0.116976
0.179384
0.146878
0.301024
0.120029
0.108067
0.136335
0.118692
0.174219
0.0474167
0.199906
0.301024
0.142179
0.196155
0.158249
0.207052
0.120935
0.110187
0.21343
0.173542
0.177524
0.110449
0.162157
0.171355
0.207216
0.21343
0.119561
0.100592
0.128496
0.108553
0.0851483
0.180048
0.163333
0.16402
0.21343
0.21343
0.21343
0.119989
0.21343
0.127308
0.18294
0.0990621
0.21343
0.21343
0.161707
0.133817
0.131323
0.169236
0.142288
0.191369
0.210007
0.212684
0.212684
0.10015
0.0934054
0.137811
0.10267
0.0576442
0.143173
0.114625
0.155843
0.204045
0.212684
0.212684
0.190874
0.0926288
0.138874
0.188668
0.127361
0.212684
0.212684
0.166484
0.126723
0.161744
0.189522
0.162871
0.179582
0.0967387
0.212684
0.212684
0.166873
0.182365
0.141531
0.121428
0.0908495
0.1801
0.147386
0.185568
0.211383
0.211383
0.211383
0.194381
0.115127
0.0905663
0.162495
0.140169
0.140959
0.195219
0.184468
0.19188
0.166567
0.127886
0.159516
0.187214
0.123517
0.211383
0.211383
0.192355
0.198165
0.158533
0.123695
0.0763425
0.210385
0.171551
0.194242
0.211383
0.106216
0.129194
0.104096
0.0912356
0.119527
0.188022
0.128476
0.150363
0.226546
0.226546
0.218026
0.171913
0.139587
0.137548
0.226546
0.203151
0.13119
0.226546
0.161811
0.12084
0.0605269
0.0513974
0.089292
0.207911
0.157039
0.204857
0.226546
0.146336
0.181084
0.15508
0.129292
0.124814
0.196153
0.134296
0.139559
0.226546
0.131126
0.138048
0.18326
0.0896735
0.0960818
0.21452
0.164779
0.107345
0.219524
0.215599
0.140684
0.0623008
0.0611798
0.124372
0.219524
0.147259
0.137091
0.219524
0.219524
0.219524
0.215541
0.172543
0.127165
0.1477
0.111885
0.125496
0.219524
0.142324
0.15103
0.209479
0.114928
0.156524
0.161677
0.0928841
0.206255
0.219524
0.193642
0.117263
0.178153
0.107053
0.118675
0.210942
0.191038
0.127487
0.210942
0.210942
0.210942
0.210942
0.164331
0.101803
0.175744
0.153644
0.142928
0.145355
0.136383
0.1856
0.210942
0.181915
0.147969
0.145244
0.105138
0.183579
0.210942
0.199248
0.135843
0.153386
0.103898
0.139719
0.120951
0.128372
0.172829
0.210942
0.210942
0.135915
0.127089
0.133404
0.103517
0.172423
0.161651
0.113703
0.109517
0.119465
0.150055
0.181331
0.139087
0.292685
0.129102
0.130058
0.154879
0.131585
0.141381
0.0557105
0.192493
0.292685
0.10288
0.100902
0.116008
0.158506
0.221557
0.150599
0.136219
0.0952576
0.0911837
0.292685
0.0868628
0.0933315
0.15164
0.178966
0.161233
0.150207
0.23431
0.292685
0.0822122
0.143114
0.155092
0.140826
0.224329
0.224329
0.208734
0.103007
0.185725
0.0927872
0.198135
0.130017
0.224329
0.224329
0.144858
0.108202
0.15096
0.194335
0.15509
0.168411
0.156339
0.224329
0.224329
0.148636
0.132343
0.15602
0.129973
0.0845665
0.129494
0.168203
0.224329
0.224329
0.0580743
0.116949
0.130029
0.189008
0.10398
0.196386
0.157512
0.219385
0.219385
0.148915
0.112373
0.167101
0.187911
0.123024
0.170898
0.116433
0.219385
0.219385
0.18804
0.219385
0.162946
0.0977989
0.060908
0.114249
0.170216
0.219385
0.219385
0.101982
0.153952
0.170735
0.219385
0.0967198
0.106792
0.182078
0.158393
0.219385
0.119172
0.171417
0.110231
0.146662
0.125498
0.157294
0.124102
0.210916
0.212946
0.190873
0.212946
0.158326
0.0971016
0.0769309
0.16516
0.158329
0.170764
0.212946
0.129817
0.158618
0.092514
0.084061
0.109743
0.164615
0.141571
0.143554
0.212946
0.158909
0.190233
0.212946
0.212147
0.123831
0.212946
0.207203
0.120096
0.200683
0.172105
0.139533
0.133853
0.212946
0.0895915
0.158469
0.137425
0.143735
0.207844
0.157894
0.185129
0.114669
0.113545
0.0840527
0.122361
0.122334
0.131849
0.230523
0.139593
0.137878
0.111599
0.0579646
0.161463
0.230523
0.16349
0.153023
0.230523
0.205895
0.158882
0.230523
0.230523
0.0505298
0.138319
0.230523
0.189
0.230523
0.230523
0.167452
0.156596
0.105966
0.0952097
0.115079
0.120127
0.138499
0.226587
0.167141
0.161278
0.145708
0.0853147
0.150537
0.138791
0.160528
0.215859
0.223793
0.192916
0.0928815
0.148781
0.0863299
0.0829549
0.145652
0.226587
0.206185
0.226587
0.226587
0.205939
0.206247
0.129851
0.14492
0.0914345
0.226587
0.226587
0.226587
0.154249
0.132794
0.074721
0.11677
0.137319
0.135471
0.141443
0.201139
0.21242
0.181541
0.111021
0.137528
0.0933075
0.118748
0.136145
0.139029
0.134055
0.21242
0.21242
0.174496
0.116283
0.146251
0.141262
0.108088
0.180334
0.21242
0.191377
0.110229
0.174737
0.125629
0.192881
0.0774146
0.189393
0.21242
0.197808
0.184185
0.21242
0.21242
0.21242
0.147588
0.0822194
0.100502
0.114292
0.137687
0.19856
0.15633
0.146578
0.0906429
0.0953882
0.271125
0.072538
0.0990985
0.142613
0.199971
0.146329
0.155748
0.234187
0.273525
0.0500738
0.109805
0.15874
0.120993
0.153203
0.192293
0.197411
0.218901
0.143797
0.237174
0.0834357
0.186625
0.120059
0.235159
0.14953
0.0927873
0.168078
0.273525
0.133662
0.175139
0.181823
0.228585
0.230529
0.180458
0.115017
0.152624
0.107378
0.0880615
0.155021
0.156514
0.168144
0.230529
0.0706464
0.13543
0.139453
0.203943
0.067782
0.164304
0.160997
0.22462
0.230529
0.203846
0.1052
0.070351
0.136836
0.118544
0.190629
0.107694
0.165409
0.230529
0.188087
0.230529
0.174547
0.106927
0.0758409
0.139281
0.159316
0.18439
0.227244
0.112013
0.177478
0.158949
0.227244
0.0877272
0.103536
0.18585
0.201805
0.227244
0.137814
0.180955
0.111742
0.169338
0.126821
0.208305
0.117935
0.1949
0.227244
0.153504
0.227244
0.178594
0.120774
0.107892
0.12539
0.107904
0.227244
0.227244
0.186929
0.129583
0.0925637
0.131811
0.0990267
0.145302
0.12766
0.152608
0.218733
0.159611
0.17776
0.160587
0.212612
0.0980484
0.218733
0.192866
0.124307
0.204433
0.197763
0.159832
0.118412
0.209795
0.136358
0.129916
0.110164
0.18875
0.218733
0.146413
0.105324
0.100028
0.143243
0.10726
0.157199
0.218733
0.216603
0.218733
0.197092
0.146809
0.182363
0.111281
0.115247
0.212411
0.147156
0.116087
0.212411
0.19698
0.157757
0.166214
0.207572
0.0317178
0.0888938
0.212411
0.148941
0.212411
0.192676
0.143413
0.110985
0.0756316
0.125836
0.158347
0.207312
0.169386
0.212411
0.183402
0.169483
0.176566
0.129825
0.046443
0.163711
0.212411
0.212411
0.20634
0.109647
0.212411
0.164579
0.125712
0.061357
0.113545
0.221826
0.173818
0.221826
0.221826
0.186407
0.143971
0.101436
0.113258
0.0931281
0.221826
0.221826
0.221826
0.151389
0.120998
0.072778
0.0883606
0.0739286
0.201154
0.221826
0.221826
0.171451
0.138416
0.221826
0.211482
0.174131
0.0812283
0.171175
0.0970156
0.158718
0.221826
0.157473
0.175039
0.128217
0.105946
0.128217
0.123601
0.214675
0.214675
0.209153
0.132192
0.157155
0.120068
0.152314
0.0658422
0.159724
0.214675
0.178635
0.214675
0.214675
0.214675
0.203701
0.146841
0.103809
0.198879
0.129318
0.17498
0.210963
0.160281
0.187539
0.161804
0.148155
0.0550147
0.15878
0.149966
0.210802
0.214675
0.140289
0.137902
0.0888788
0.0664207
0.0474542
0.112277
0.148705
0.127352
0.201193
0.232341
0.219068
0.214456
0.138892
0.24818
0.0746376
0.190673
0.145981
0.269938
0.165737
0.118184
0.210397
0.277191
0.0494809
0.141114
0.116419
0.171621
0.190595
0.114802
0.130476
0.0960396
0.0749362
0.277191
0.0482562
0.0422235
0.153951
0.160907
0.0958943
0.0821528
0.0937283
0.277191
0.0630904
0.180673
0.196428
0.201454
0.22471
0.210863
0.140926
0.0888236
0.15771
0.166882
0.22471
0.122329
0.161563
0.22471
0.180788
0.22471
0.172206
0.107947
0.0920638
0.153921
0.15733
0.137695
0.22471
0.10307
0.182312
0.175828
0.187965
0.176948
0.173982
0.137359
0.122855
0.120344
0.147051
0.22471
0.104573
0.112594
0.147817
0.211043
0.0982736
0.160147
0.217704
0.155703
0.217704
0.161293
0.132669
0.114713
0.14462
0.111782
0.217704
0.217704
0.158057
0.153175
0.0997423
0.146354
0.10848
0.201311
0.150278
0.127586
0.135716
0.199305
0.201164
0.144229
0.150383
0.0824892
0.183037
0.161726
0.205103
0.217704
0.147133
0.21599
0.203976
0.124385
0.114302
0.128396
0.0933969
0.189412
0.223212
0.143846
0.12104
0.0943416
0.166143
0.0878781
0.147341
0.210605
0.184459
0.223212
0.191367
0.163326
0.155529
0.0869521
0.0602376
0.193719
0.156965
0.174692
0.223212
0.185229
0.205152
0.197119
0.134369
0.155839
0.124405
0.223212
0.223212
0.223212
0.146085
0.139579
0.131194
0.157444
0.0967688
0.154995
0.182631
0.154041
0.220738
0.185629
0.160835
0.139572
0.122282
0.0400778
0.124265
0.220738
0.151621
0.185219
0.111592
0.203981
0.102705
0.10569
0.106131
0.135837
0.220097
0.220738
0.220738
0.161985
0.207439
0.123814
0.199547
0.142381
0.143679
0.16853
0.220738
0.220738
0.144587
0.220738
0.0904255
0.150311
0.0627346
0.158579
0.218645
0.191726
0.162459
0.13368
0.210574
0.122958
0.147275
0.0830711
0.140409
0.0816719
0.158418
0.218645
0.165205
0.153368
0.125676
0.100078
0.119873
0.174549
0.190923
0.186614
0.218645
0.140572
0.218645
0.124526
0.209807
0.15072
0.218645
0.177802
0.218645
0.193443
0.162512
0.138762
0.144761
0.18203
0.102518
0.164109
0.106708
0.178295
0.213157
0.191834
0.172261
0.155197
0.123174
0.0464774
0.117839
0.116171
0.172182
0.213157
0.181961
0.137129
0.0654375
0.066917
0.115425
0.209366
0.16311
0.213157
0.213157
0.181441
0.185399
0.21078
0.213157
0.0564811
0.158301
0.13383
0.171417
0.213157
0.185656
0.168712
0.210799
0.206826
0.0534134
0.14811
0.115332
0.167122
0.272776
0.188525
0.153589
0.0842876
0.0662794
0.284193
0.0733718
0.0499223
0.145202
0.157843
0.101244
0.07758
0.109681
0.284193
0.040827
0.158172
0.128754
0.18569
0.284193
0.200103
0.171918
0.194663
0.155612
0.218528
0.0674287
0.0718406
0.0760641
0.182937
0.0926582
0.111272
0.237863
0.284193
0.081414
0.162669
0.17299
0.125144
0.220222
0.0932724
0.210779
0.194552
0.17957
0.212539
0.21649
0.165357
0.121437
0.130203
0.114167
0.201349
0.0923223
0.113231
0.148532
0.0986221
0.201133
0.139819
0.220222
0.0893331
0.199495
0.220222
0.148394
0.157627
0.220222
0.147993
0.220222
0.220222
0.12313
0.131783
0.119116
0.161417
0.117038
0.195585
0.129495
0.0972017
0.123024
0.171764
0.187779
0.102626
0.130015
0.0851054
0.211354
0.166266
0.206317
0.211394
0.166575
0.211394
0.188462
0.090144
0.131403
0.211394
0.14005
0.211394
0.197155
0.185002
0.138648
0.096397
0.121002
0.0313727
0.185313
0.205038
0.211394
0.211394
0.211394
0.179129
0.158812
0.142686
0.0526446
0.20088
0.134818
0.149359
0.214258
0.214258
0.214258
0.179605
0.11962
0.141742
0.139716
0.187827
0.214258
0.214258
0.163571
0.139958
0.127532
0.14378
0.0271433
0.133718
0.213014
0.158781
0.214258
0.214258
0.172717
0.141321
0.0932106
0.140116
0.153264
0.120257
0.188864
0.214258
0.169499
0.126244
0.204967
0.129519
0.116515
0.177683
0.187074
0.185221
0.21789
0.215119
0.206654
0.138114
0.216635
0.147508
0.149575
0.195399
0.170259
0.21789
0.172689
0.21789
0.0716141
0.131942
0.14244
0.156581
0.15246
0.187505
0.21789
0.178599
0.134827
0.21789
0.142403
0.0814641
0.152351
0.0989228
0.179886
0.15938
0.107926
0.0951471
0.120286
0.152949
0.142
0.197098
0.221046
0.158558
0.221216
0.181481
0.221216
0.0999779
0.205655
0.169712
0.221216
0.184227
0.221216
0.221216
0.198127
0.162866
0.176435
0.177353
0.0892654
0.168102
0.122452
0.184253
0.175244
0.121076
0.122633
0.155891
0.140567
0.042345
0.136198
0.0719401
0.165522
0.221216
0.120497
0.082515
0.131266
0.126184
0.127022
0.213581
0.162772
0.213581
0.213581
0.21217
0.202694
0.213581
0.213581
0.0789116
0.149431
0.137728
0.152969
0.213581
0.213581
0.174472
0.200902
0.213581
0.06202
0.123539
0.0705074
0.149835
0.213581
0.147571
0.0792116
0.13187
0.124414
0.0843286
0.213581
0.191235
0.138776
0.16068
0.202685
0.0597883
0.109901
0.142938
0.0640061
0.145458
0.120835
0.155099
0.290686
0.234356
0.164605
0.177651
0.168571
0.202773
0.100957
0.0780215
0.0638449
0.186061
0.103019
0.0988154
0.201364
0.290686
0.098274
0.175523
0.163595
0.137415
0.16039
0.174853
0.0624634
0.139135
0.165753
0.287719
0.25143
0.110223
0.052612
0.0741813
0.0807909
0.0836364
0.102461
0.290686
0.105005
0.0899788
0.179716
0.137179
0.219752
0.0820496
0.148324
0.219752
0.11301
0.10993
0.219752
0.133774
0.18951
0.219752
0.126885
0.136822
0.100658
0.127085
0.0866096
0.117342
0.0978607
0.219752
0.219752
0.188645
0.0990777
0.201048
0.166737
0.0861005
0.195147
0.164093
0.198122
0.219752
0.187126
0.219752
0.219752
0.188365
0.104009
0.188099
0.132155
0.159032
0.205014
0.190862
0.155885
0.0807952
0.096192
0.0352254
0.19982
0.176866
0.217634
0.221821
0.221821
0.156439
0.129067
0.141122
0.0815542
0.162835
0.16107
0.175499
0.221821
0.182803
0.221821
0.128881
0.104846
0.201609
0.157183
0.102915
0.221629
0.221821
0.172486
0.0903563
0.124888
0.190041
0.0341665
0.167171
0.199946
0.170138
0.22614
0.22614
0.195369
0.127398
0.10622
0.124557
0.197007
0.110789
0.145271
0.22614
0.206313
0.173822
0.211459
0.131079
0.12579
0.130649
0.111909
0.208582
0.22614
0.17924
0.133431
0.107142
0.138962
0.112501
0.161562
0.0740583
0.126291
0.22614
0.222136
0.202357
0.164621
0.104751
0.157832
0.224747
0.167514
0.16933
0.224747
0.224747
0.209573
0.224747
0.153532
0.0845812
0.176585
0.131887
0.149091
0.146429
0.159693
0.124988
0.134953
0.155114
0.111831
0.18095
0.107751
0.176042
0.224747
0.224747
0.224747
0.197334
0.119638
0.0622579
0.074186
0.127665
0.175611
0.224747
0.0975744
0.14123
0.157742
0.109578
0.116237
0.219221
0.192251
0.214901
0.214236
0.197081
0.173371
0.190886
0.162752
0.0642982
0.199914
0.106957
0.21076
0.219221
0.149917
0.140854
0.215836
0.136953
0.088183
0.0760808
0.167132
0.219221
0.219221
0.112577
0.190444
0.201962
0.127676
0.0742158
0.108094
0.102566
0.156372
0.195022
0.143444
0.145715
0.182033
0.114479
0.0907396
0.178578
0.103222
0.205193
0.214278
0.158149
0.129325
0.187143
0.136167
0.135013
0.214278
0.190829
0.161832
0.210234
0.214278
0.0751136
0.131383
0.198027
0.0957319
0.0994811
0.139495
0.157081
0.206796
0.149397
0.125734
0.173003
0.110568
0.138796
0.154918
0.214278
0.175338
0.214278
0.21141
0.108343
0.180265
0.214278
0.134329
0.167668
0.147237
0.136947
0.157765
0.170595
0.0727518
0.133534
0.186345
0.29371
0.233112
0.104474
0.0719883
0.120549
0.0941417
0.10993
0.0882469
0.29371
0.134404
0.146513
0.186221
0.13212
0.195061
0.14792
0.0971803
0.157952
0.164429
0.277915
0.130601
0.137936
0.180714
0.196894
0.112365
0.0434776
0.129551
0.29371
0.0915009
0.105136
0.11722
0.22539
0.22539
0.159851
0.084196
0.192531
0.143481
0.0766857
0.159508
0.122055
0.197581
0.22539
0.167105
0.22539
0.22539
0.166135
0.104737
0.173379
0.22539
0.22539
0.22539
0.22539
0.107693
0.133229
0.0514059
0.0686154
0.165491
0.107581
0.155531
0.205514
0.197497
0.188427
0.13017
0.0630549
0.0834342
0.156158
0.140383
0.18755
0.221137
0.175308
0.221137
0.170802
0.131504
0.177915
0.157188
0.10637
0.221137
0.221137
0.221137
0.101729
0.139303
0.214588
0.0809138
0.158894
0.091165
0.157105
0.221137
0.187675
0.171537
0.140595
0.0961674
0.075443
0.206168
0.20411
0.181823
0.0965159
0.175894
0.154231
0.175045
0.15373
0.142458
0.168416
0.132636
0.234256
0.234256
0.234256
0.194704
0.143034
0.189293
0.114815
0.231679
0.108521
0.129252
0.234256
0.234256
0.234256
0.180327
0.105879
0.0629871
0.212263
0.213331
0.204735
0.116809
0.168432
0.168651
0.183611
0.17687
0.0603809
0.0751089
0.0769905
0.0994389
0.11908
0.139631
0.13351
0.121977
0.0885451
0.120639
0.23543
0.152515
0.198367
0.23543
0.23543
0.23543
0.217552
0.107259
0.0662322
0.0992163
0.169029
0.201036
0.23543
0.161414
0.215275
0.213164
0.118834
0.0518844
0.0773449
0.100838
0.171723
0.205568
0.170355
0.171794
0.160195
0.105909
0.0759154
0.0985845
0.110571
0.182938
0.210563
0.173534
0.103236
0.158744
0.11919
0.0753205
0.104221
0.179153
0.223445
0.223445
0.156692
0.223445
0.222978
0.120427
0.104974
0.136999
0.089072
0.188459
0.196613
0.136131
0.148835
0.179279
0.0994792
0.0891632
0.123016
0.134719
0.223445
0.223445
0.183572
0.161926
0.159693
0.134018
0.0905725
0.220004
0.167846
0.168789
0.223445
0.195315
0.223445
0.121423
0.0878253
0.112569
0.124831
0.108804
0.193741
0.204355
0.140396
0.12946
0.165586
0.0990477
0.109235
0.104451
0.2
0.205364
0.215271
0.209364
0.108474
0.155858
0.171031
0.109765
0.207982
0.14615
0.165055
0.215271
0.138039
0.215271
0.161898
0.108831
0.161981
0.0923678
0.1809
0.195706
0.215271
0.215271
0.199556
0.195782
0.126789
0.110081
0.102985
0.162358
0.155698
0.199408
0.162526
0.11011
0.151401
0.12721
0.283566
0.127793
0.126742
0.164025
0.203679
0.116452
0.0616485
0.131987
0.283566
0.157562
0.0973942
0.156426
0.178281
0.184415
0.199988
0.15479
0.21923
0.123713
0.283566
0.158281
0.126421
0.145443
0.121549
0.0914382
0.0756244
0.0955169
0.283566
0.148906
0.186749
0.22619
0.22619
0.22619
0.22619
0.1434
0.1969
0.078437
0.100512
0.206575
0.112318
0.22619
0.22619
0.190602
0.197254
0.197618
0.0885723
0.070827
0.142294
0.11262
0.167694
0.22619
0.22619
0.185922
0.140493
0.108116
0.121367
0.141253
0.113292
0.113001
0.176037
0.133215
0.130321
0.0843744
0.124329
0.104568
0.207305
0.0950986
0.211804
0.211804
0.192491
0.188934
0.211804
0.153157
0.0956981
0.211804
0.211804
0.208654
0.146006
0.211804
0.174767
0.182581
0.20866
0.130574
0.099653
0.115112
0.119844
0.211804
0.161225
0.184048
0.114313
0.139306
0.0780722
0.115706
0.184408
0.211804
0.202391
0.119576
0.135383
0.137064
0.0878709
0.0911477
0.215776
0.215776
0.215776
0.163064
0.215776
0.215776
0.215776
0.215776
0.0764862
0.11425
0.106931
0.143575
0.199601
0.171556
0.150309
0.136407
0.129112
0.091003
0.141491
0.20637
0.215776
0.215776
0.141035
0.145875
0.162197
0.0867277
0.112896
0.0754495
0.0942604
0.215776
0.215776
0.163582
0.146835
0.204649
0.106986
0.0545237
0.111401
0.133118
0.197875
0.212121
0.186958
0.197773
0.161634
0.126055
0.0922395
0.134557
0.188345
0.197459
0.212121
0.212121
0.144735
0.186168
0.146796
0.120356
0.089125
0.139387
0.212121
0.212121
0.163588
0.138228
0.186645
0.0858594
0.139039
0.107091
0.212121
0.212121
0.205362
0.210687
0.149267
0.17189
0.139048
0.0796703
0.133951
0.158752
0.208848
0.213545
0.196093
0.149194
0.145921
0.130199
0.109964
0.204718
0.162711
0.172984
0.213545
0.187209
0.163621
0.103408
0.103971
0.135419
0.125997
0.206103
0.213545
0.210627
0.153947
0.123176
0.171349
0.103725
0.13613
0.213545
0.213545
0.14057
0.180659
0.177181
0.138139
0.175291
0.184462
0.110322
0.188028
0.130498
0.172668
0.210505
0.134779
0.17513
0.133676
0.124075
0.0997792
0.0823024
0.177485
0.210505
0.210505
0.210505
0.142049
0.155844
0.0901199
0.133839
0.210505
0.210505
0.107762
0.210505
0.210505
0.145769
0.210505
0.129477
0.178106
0.210505
0.210505
0.210505
0.171602
0.141529
0.101467
0.118997
0.133313
0.101616
0.077185
0.148441
0.211501
0.222398
0.173165
0.123541
0.19321
0.120438
0.278827
0.176534
0.116746
0.144679
0.143631
0.0781765
0.0704737
0.0929895
0.278827
0.129902
0.127925
0.162125
0.16757
0.19537
0.182489
0.102549
0.149782
0.125751
0.222804
0.125787
0.121404
0.19701
0.116776
0.135865
0.124916
0.237772
0.278827
0.0962814
0.132525
0.0973325
0.18361
0.22431
0.22431
0.192241
0.176254
0.1361
0.162571
0.18035
0.109034
0.139376
0.172042
0.142784
0.117396
0.115977
0.137342
0.0864703
0.113765
0.184487
0.22431
0.22431
0.147686
0.171046
0.210526
0.194432
0.11233
0.182351
0.180532
0.22431
0.22431
0.168793
0.108129
0.126015
0.181719
0.164835
0.150782
0.132254
0.151125
0.217888
0.18195
0.162595
0.132178
0.154866
0.117193
0.147014
0.184971
0.217888
0.217888
0.147919
0.105722
0.106225
0.120749
0.122633
0.190228
0.20009
0.217888
0.217888
0.178096
0.143849
0.131422
0.217888
0.0831312
0.139708
0.210153
0.195619
0.217888
0.143768
0.140557
0.180197
0.0725071
0.104736
0.155882
0.188322
0.230083
0.230083
0.161938
0.108599
0.132239
0.107773
0.113086
0.0977737
0.0955601
0.214458
0.230083
0.19291
0.122759
0.196783
0.138203
0.0783301
0.150303
0.208738
0.215882
0.230083
0.141678
0.158454
0.151031
0.0798238
0.0768923
0.129515
0.230083
0.230083
0.230083
0.142008
0.163204
0.169648
0.111649
0.0997204
0.0929138
0.127757
0.211666
0.225136
0.174513
0.111321
0.16775
0.109203
0.128561
0.113051
0.225136
0.189382
0.191553
0.21973
0.131253
0.136077
0.102392
0.083312
0.112624
0.173874
0.225136
0.225136
0.153196
0.207767
0.142632
0.116853
0.079831
0.151909
0.192974
0.210084
0.225136
0.212789
0.225136
0.151643
0.0854613
0.122707
0.121145
0.215969
0.177141
0.199181
0.158269
0.114614
0.14988
0.0822195
0.131983
0.215969
0.215969
0.163434
0.162961
0.165129
0.131337
0.171444
0.186598
0.0867997
0.144634
0.113913
0.137554
0.215969
0.214795
0.215969
0.145144
0.0713069
0.076587
0.194843
0.215969
0.213636
0.215969
0.215969
0.207516
0.111044
0.0417791
0.121253
0.201886
0.208561
0.14016
0.208561
0.195053
0.142877
0.208561
0.145604
0.136942
0.196733
0.208561
0.208561
0.208561
0.106064
0.0671965
0.107868
0.133641
0.0965456
0.193533
0.201354
0.198987
0.208561
0.208561
0.198199
0.118174
0.0273775
0.0454104
0.121908
0.208561
0.203609
0.189658
0.167839
0.201922
0.0779157
0.0275974
0.100485
0.119039
0.156551
0.188275
0.248699
0.150751
0.0762437
0.137803
0.137633
0.256956
0.121171
0.11561
0.194884
0.151437
0.111509
0.119747
0.236031
0.271714
0.0521438
0.127881
0.159707
0.154745
0.21724
0.168968
0.202657
0.0902809
0.0239934
0.215519
0.0952868
0.115016
0.180232
0.181305
0.122436
0.147636
0.193292
0.271714
0.0903161
0.125683
0.154229
0.222401
0.241983
0.120553
0.149024
0.189303
0.178667
0.100982
0.123607
0.131359
0.241983
0.230364
0.138287
0.100339
0.139177
0.17017
0.0543205
0.09469
0.0957178
0.183819
0.241983
0.241983
0.186955
0.0429104
0.0870864
0.150073
0.144668
0.105124
0.241983
0.241983
0.241983
0.193685
0.102973
0.115002
0.1101
0.144619
0.153982
0.218778
0.218778
0.145142
0.120182
0.122685
0.197821
0.0978812
0.15532
0.1818
0.186636
0.218778
0.156494
0.1088
0.125196
0.0946684
0.132543
0.148315
0.103476
0.218778
0.218778
0.218778
0.218778
0.131732
0.146668
0.102698
0.191799
0.107678
0.107009
0.218778
0.218778
0.149143
0.182186
0.212788
0.0888729
0.171135
0.173717
0.186064
0.212822
0.158128
0.123608
0.107831
0.099695
0.0705042
0.13086
0.218099
0.218099
0.218099
0.146237
0.163633
0.172702
0.126657
0.0600521
0.161554
0.181296
0.136881
0.218099
0.214189
0.12845
0.166208
0.184085
0.0543375
0.150048
0.213182
0.218099
0.218099
0.218099
0.154596
0.163214
0.122993
0.0759267
0.122107
0.183411
0.223377
0.223377
0.156313
0.209319
0.159476
0.140538
0.0850428
0.1845
0.172577
0.215755
0.223377
0.198468
0.223377
0.131655
0.0816385
0.0468448
0.132656
0.223377
0.223377
0.223377
0.21389
0.143345
0.143237
0.116008
0.0986091
0.174434
0.153021
0.153841
0.214513
0.120851
0.103283
0.0831905
0.128351
0.0921493
0.179842
0.154294
0.185993
0.22193
0.198583
0.22193
0.140756
0.0748521
0.0859385
0.204901
0.22193
0.22193
0.22193
0.215585
0.22193
0.143448
0.0566688
0.0880717
0.127114
0.16344
0.184312
0.216702
0.148264
0.11512
0.0837547
0.130459
0.0321259
0.097449
0.221507
0.213909
0.22193
0.204536
0.15757
0.080548
0.046686
0.100026
0.211956
0.219249
0.219249
0.219249
0.210971
0.219249
0.157378
0.0426618
0.033966
0.115135
0.219249
0.219249
0.219249
0.153734
0.193819
0.110171
0.0414076
0.026928
0.098034
0.219249
0.219249
0.219249
0.219249
0.1851
0.106339
0.0459273
0.0344169
0.124164
0.156857
0.193257
0.201944
0.176325
0.170806
0.128302
0.0407945
0.0418807
0.124342
0.168334
0.215782
0.24996
0.14937
0.180395
0.114572
0.0394804
0.27866
0.103231
0.135516
0.173272
0.181614
0.129007
0.172785
0.260616
0.27866
0.0550975
0.139621
0.145837
0.209569
0.158703
0.143893
0.163553
0.11496
0.0470335
0.27866
0.0760999
0.0586876
0.0914414
0.143467
0.141405
0.131013
0.0876885
0.27866
0.0746543
0.153762
0.15619
0.214011
0.251638
0.251638
0.174344
0.0418056
0.121982
0.147538
0.124156
0.112334
0.251638
0.251638
0.251638
0.245669
0.143943
0.153807
0.00171832
0.0314149
0.226763
0.21696
0.251638
0.184007
0.0798856
0.00872428
0.000678711
0.0182024
0.0186701
0.0978729
0.251638
0.251638
0.187639
0.0825999
0.0184714
0.00547326
0.110868
0.120513
0.098025
0.233033
0.233033
0.233033
0.228897
0.140171
0.154074
0.107092
0.187657
0.205667
0.119352
0.233033
0.233033
0.186178
0.171323
0.218449
0.0133842
0.0130693
0.113359
0.212646
0.233033
0.194083
0.0791177
0.0262123
0.00662644
0.00952736
0.0594575
0.233033
0.215083
0.233033
0.178178
0.17143
0.0628862
0.0186242
0.0738685
0.177214
0.223491
0.146447
0.223491
0.223491
0.166828
0.1661
0.194022
0.0647987
0.143164
0.223491
0.214591
0.223491
0.223491
0.171839
0.182752
0.149121
0.00963696
0.0479655
0.223491
0.179955
0.223491
0.196982
0.151454
0.0757851
0.0247496
0.0200757
0.0628129
0.121864
0.170995
0.223491
0.223491
0.170912
0.0784235
0.0810112
0.0622403
0.151628
0.239723
0.239723
0.239723
0.235197
0.173954
0.177455
0.15318
0.112429
0.2293
0.212283
0.186521
0.187812
0.131274
0.138311
0.0901151
0.125855
0.0333463
0.0623782
0.0933201
0.152184
0.239723
0.239723
0.199892
0.101411
0.0745582
0.0749052
0.0975497
0.109214
0.0895965
0.239723
0.239723
0.239723
0.0551711
0.0374195
0.0989807
0.165604
0.212619
0.228866
0.206311
0.138385
0.137866
0.107121
0.125218
0.0743834
0.141375
0.230892
0.21963
0.243354
0.223337
0.170558
0.109264
0.0779215
0.075918
0.0894763
0.0972544
0.0864856
0.243354
0.243354
0.243354
0.100842
0.0355966
0.0618579
0.173141
0.153625
0.102587
0.243354
0.243354
0.243354
0.0784038
0.0499917
0.0667795
0.136028
0.227896
0.227896
0.227896
0.225571
0.170016
0.147341
0.063386
0.0602887
0.140615
0.143691
0.206602
0.222459
0.15531
0.212453
0.153882
0.0481323
0.0758513
0.192396
0.145708
0.121774
0.227896
0.227896
0.227896
0.117038
0.0463637
0.108619
0.143796
0.15979
0.106616
0.219663
0.17405
0.227896
0.169193
0.0725307
0.0638108
0.157293
0.140347
0.232272
0.181019
0.121818
0.182149
0.126807
0.0471126
0.289198
0.069059
0.0949109
0.105608
0.165902
0.136565
0.129516
0.0900842
0.289198
0.115928
0.158995
0.182793
0.111835
0.192244
0.154994
0.285159
0.142547
0.0567863
0.289198
0.0949834
0.215259
0.104046
0.115671
0.0523129
0.143011
0.121182
0.289198
0.00509788
0.041483
0.257949
0.257949
0.257949
0.202299
0.0749186
0.0119849
0.000691669
0.00145119
0.00577696
0.134179
0.257949
0.257949
0.257949
0.137641
0.0337871
0.000749329
0.169285
0.155115
0.159223
0.253227
0.208147
0.15109
0.148501
0.165257
0.14707
0.164824
0.06989
0.144199
0.257949
0.257949
0.157505
0.0812528
0.0975152
0.0896566
0.00204927
0.00571973
0.148723
0.266337
0.266337
0.252911
0.101175
0.0364463
0.000349095
0.00233188
0.0595775
0.266337
0.250245
0.266337
0.263743
0.266337
0.0901459
0.000641534
0.165811
0.0750624
0.112641
0.266337
0.239418
0.146858
0.0658102
0.0698308
0.103965
0.0265098
0.0396215
0.171446
0.266337
0.266337
0.10225
0.0593175
0.0156515
0.0190454
0.0137795
0.055395
0.251818
0.216806
0.251818
0.251818
0.251818
0.114936
0.0209675
0.0352071
0.0808448
0.225876
0.251818
0.251818
0.251818
0.244976
0.110187
0.122306
0.0221015
0.0626687
0.178672
0.251818
0.251818
0.118989
0.0552595
0.0129267
0.0270126
0.0363216
0.0519766
0.15478
0.251818
0.251818
0.0884776
0.0452718
0.0159338
0.00912323
0.0573205
0.092162
0.154269
0.230709
0.258113
0.258113
0.258113
0.151506
0.117444
0.105818
0.148343
0.237744
0.135794
0.258113
0.258113
0.258113
0.0804785
0.040464
0.0336378
0.0555312
0.173995
0.258113
0.258113
0.101742
0.0594351
0.0206896
0.0123215
0.00781813
0.0117449
0.204954
0.258113
0.234218
0.100509
0.0492211
0.0036253
0.0036124
0.11293
0.131456
0.188515
0.123417
0.256525
0.256525
0.256525
0.174024
0.039124
0.12475
0.236764
0.199465
0.15622
0.256525
0.256525
0.252412
0.124956
0.07586
0.00275019
0.0137178
0.210204
0.256525
0.240049
0.105469
0.0512187
0.00501535
0.00367127
0.00332518
0.0265336
0.149494
0.165085
0.256525
0.186145
0.0700705
0.0111875
0.00789299
0.133812
0.232814
0.153121
0.151086
0.243658
0.243658
0.243658
0.187314
0.063401
0.142647
0.18539
0.138298
0.135858
0.243658
0.243658
0.243658
0.164536
0.0703309
0.00431686
0.0294019
0.132225
0.182431
0.243658
0.18876
0.083963
0.0102868
0.00616065
0.0158004
0.0260407
0.152475
0.225267
0.243658
0.243658
0.116719
0.0270496
0.0110178
0.109359
0.164347
0.136175
0.103389
0.259451
0.226254
0.298019
0.125812
0.0468345
0.298019
0.0897009
0.212097
0.134556
0.137718
0.0553261
0.139707
0.109314
0.298019
0.016666
0.0241581
0.122694
0.164021
0.259511
0.207814
0.099009
0.0209127
0.00723001
0.298019
0.0152849
0.118211
0.0815295
0.141052
0.107147
0.082241
0.0626487
0.298019
0.187794
0.171459
0.199252
0.245866
0.245866
0.195528
0.171004
0.163586
0.183516
0.158804
0.0925839
0.168887
0.245866
0.245866
0.188254
0.122478
0.114966
0.104626
0.245866
0.140465
0.0388213
0.0393885
0.0714757
0.0476973
0.0844846
0.119401
0.245866
0.245866
0.194134
0.0272786
0.0708539
0.154229
0.0620101
0.0985349
0.187601
0.200249
0.187475
0.0890258
0.150986
0.266488
0.266488
0.196434
0.114122
0.100526
0.162831
0.0460684
0.0646461
0.143044
0.266488
0.266488
0.140484
0.105307
0.041768
0.0618201
0.263806
0.115436
0.0335022
0.0710266
0.128626
0.0659831
0.0915653
0.167973
0.266488
0.266488
0.197439
0.057768
0.173449
0.226874
0.0964122
0.127277
0.101101
0.224667
0.0491746
0.0880124
0.199311
0.269751
0.269751
0.144062
0.0972068
0.0373858
0.100012
0.0704496
0.104416
0.269751
0.269751
0.269751
0.168362
0.0834166
0.0259783
0.0326885
0.227711
0.145139
0.0666652
0.132649
0.209643
0.101899
0.121917
0.0796558
0.269751
0.126143
0.209544
0.142356
0.193036
0.211901
0.177768
0.148041
0.104317
0.147815
0.0611183
0.103748
0.25731
0.25731
0.25731
0.15557
0.0889295
0.0294496
0.0430089
0.0119578
0.0205915
0.25731
0.25731
0.25731
0.121271
0.063045
0.00977798
0.00767286
0.173074
0.19298
0.117693
0.168524
0.203153
0.147024
0.14616
0.110326
0.252641
0.114664
0.0894679
0.201253
0.25731
0.25731
0.156649
0.106732
0.0880471
0.16299
0.00663474
0.0202645
0.260102
0.260102
0.254937
0.111649
0.0529782
0.00990788
0.00658064
0.00368935
0.01884
0.20752
0.260102
0.260102
0.184026
0.040932
0.0137643
0.00612384
0.194761
0.140407
0.165952
0.260102
0.254639
0.125198
0.0885727
0.0574776
0.211251
0.0844946
0.066625
0.252326
0.260102
0.260102
0.209411
0.0763061
0.0286807
0.138357
0.00267727
0.0153838
0.159379
0.284586
0.284586
0.167658
0.070795
0.00958081
0.00576384
0.00485477
0.0335101
0.125266
0.233254
0.284586
0.284586
0.153245
0.00528966
0.00442358
0.114053
0.093945
0.212772
0.284586
0.284586
0.183427
0.0596348
0.0109204
0.13986
0.0269795
0.0046522
0.17906
0.284586
0.284586
0.183897
0.0802209
0.034173
0.0140723
0.00411097
0.023443
0.093579
0.15701
0.297228
0.293338
0.130109
0.0100843
0.00748892
0.297228
0.0141377
0.121984
0.133395
0.15525
0.135767
0.0974626
0.0610178
0.297228
0.0172275
0.00218003
0.112911
0.297228
0.297228
0.140787
0.0501608
0.0211907
0.0070342
0.297228
0.0227116
0.0755213
0.199385
0.186363
0.184195
0.0603863
0.0410432
0.297228
0.262167
0.198101
0.0579217
0.0620335
0.146057
0.0524352
0.113475
0.14716
0.262167
0.262167
0.262167
0.018904
0.108858
0.255861
0.088776
0.180738
0.262167
0.262167
0.196045
0.0507465
0.0315339
0.0671
0.166119
0.0157575
0.0362248
0.0627445
0.262167
0.204921
0.0664041
0.0336079
0.159857
0.262167
0.0155393
0.0247978
0.0757567
0.259975
0.251363
0.124225
0.023024
0.0811916
0.204309
0.0776573
0.13972
0.200327
0.251363
0.251363
0.251363
0.042005
0.204307
0.251363
0.123191
0.170887
0.154838
0.251363
0.167506
0.0365719
0.0266523
0.102525
0.251363
0.0126657
0.0348539
0.0891398
0.251363
0.251363
0.06454
0.0227075
0.101956
0.251363
0.0373727
0.0568978
0.0891206
0.220767
0.247747
0.17238
0.0599867
0.145161
0.247747
0.122411
0.154121
0.125767
0.247747
0.167244
0.240532
0.209595
0.247747
0.247747
0.232551
0.190389
0.119894
0.193676
0.19817
0.0539762
0.020032
0.0502994
0.159164
0.0274533
0.067665
0.112459
0.247747
0.147813
0.0616389
0.0206424
0.0936413
0.247747
0.0383451
0.0453942
0.0866777
0.234785
0.192124
0.199565
0.182842
0.211141
0.243194
0.188543
0.175819
0.124044
0.243194
0.123466
0.0852779
0.243194
0.243194
0.243194
0.17591
0.137937
0.0947659
0.188798
0.213706
0.0740731
0.0158938
0.0596617
0.243194
0.0261694
0.0371976
0.0955737
0.243194
0.178921
0.0448843
0.029932
0.0480035
0.172633
0.0584838
0.126443
0.143296
0.243194
0.188193
0.12332
0.203904
0.265991
0.265991
0.142112
0.112377
0.0680692
0.233388
0.0691646
0.0580644
0.265991
0.265991
0.265991
0.230396
0.104474
0.0594982
0.121656
0.265991
0.100219
0.0387384
0.0631782
0.174267
0.041628
0.0793722
0.112579
0.265991
0.116913
0.112112
0.0518423
0.0879955
0.0947198
0.0847017
0.0937362
0.235363
0.215662
0.0954826
0.0893262
0.199159
0.267218
0.267218
0.166947
0.0643092
0.029929
0.126585
0.0618254
0.0452555
0.178066
0.267218
0.267218
0.1657
0.095381
0.0764953
0.0970434
0.191648
0.157415
0.045043
0.131985
0.208414
0.0469958
0.0420113
0.180009
0.240178
0.228456
0.0734711
0.0324061
0.254445
0.267218
0.129729
0.0836955
0.10395
0.267218
0.0504299
0.0422388
0.103418
0.292372
0.270258
0.107914
0.0498537
0.0462
0.0751901
0.276186
0.0282136
0.0838133
0.244136
0.181904
0.131704
0.0357619
0.0402808
0.292372
0.20465
0.0943549
0.0194349
0.212438
0.292372
0.0553989
0.0391563
0.0724235
0.292372
0.292372
0.127637
0.0432145
0.0860275
0.181672
0.0588581
0.0335355
0.103921
0.292372
