0.25185
0.213097
0.0654328
0.175311
0.25477
0.11913
0.0817966
0.120835
0.101523
0.171653
0.120706
0.0616684
0.114133
0.157799
0.107151
0.12076
0.121364
0.142767
0.121486
0.202802
0.157859
0.252825
0.25477
0.143872
0.25477
0.25477
0.12267
0.0557501
0.0585831
0.172568
0.198627
0.25477
0.175929
0.123518
0.10628
0.158513
0.148728
0.101419
0.0560583
0.133606
0.187101
0.160875
0.177612
0.221514
0.221514
0.172255
0.221514
0.110661
0.172343
0.15779
0.0919981
0.190915
0.221514
0.151365
0.0971523
0.112784
0.221514
0.221514
0.221514
0.221514
0.154629
0.112956
0.190951
0.152273
0.155039
0.0890594
0.157078
0.176917
0.184114
0.129245
0.13538
0.148085
0.125428
0.218972
0.124365
0.180909
0.154143
0.119572
0.218972
0.218972
0.152279
0.163747
0.218972
0.149855
0.156526
0.145221
0.218972
0.218972
0.141535
0.140559
0.166833
0.207126
0.11678
0.168923
0.173814
0.218972
0.126968
0.149436
0.15265
0.15879
0.15566
0.115725
0.135461
0.137986
0.161414
0.11083
0.114677
0.218972
0.114736
0.197589
0.157687
0.128548
0.144723
0.193523
0.208855
0.124532
0.118137
0.175864
0.145195
0.105352
0.295207
0.295207
0.156798
0.109415
0.0405238
0.0708314
0.128955
0.173988
0.138425
0.0969697
0.118426
0.133108
0.0797169
0.0849731
0.174424
0.295207
0.295207
0.170014
0.209711
0.295207
0.0484702
0.0627903
0.0389824
0.0310112
0.166905
0.174397
0.21095
0.284479
0.284479
0.24277
0.140032
0.0765659
0.120662
0.0899657
0.0741251
0.071666
0.12454
0.284479
0.0481969
0.0612555
0.108524
0.119827
0.284479
0.284479
0.267438
0.215851
0.284479
0.0800205
0.085282
0.0551388
0.0297375
0.137206
0.127501
0.0734117
0.0873192
0.206182
0.0525333
0.050621
0.0822634
0.0884968
0.0967796
0.0545073
0.0867418
0.0310529
0.0473987
0.0431055
0.0640875
0.114656
0.271339
0.271397
0.140514
0.197271
0.172417
0.0921406
0.0836693
0.271397
0.271397
0.271397
0.0887014
0.0898189
0.0555932
0.0636738
0.108308
0.0560864
0.0684253
0.109236
0.136063
0.106024
0.115865
0.271397
0.271397
0.271397
0.0391494
0.271397
0.190402
0.235643
0.195764
0.11546
0.116709
0.107684
0.109903
0.0496147
0.107714
0.157988
0.240637
0.0564664
0.117822
0.0999859
0.146749
0.240637
0.128593
0.125657
0.240637
0.205798
0.0861342
0.0611454
0.176722
0.240637
0.240637
0.0542401
0.182454
0.125051
0.195502
0.240637
0.131839
0.0567239
0.0759227
0.240077
0.105403
0.240637
0.240637
0.240637
0.0990353
0.190972
0.154874
0.185922
0.261969
0.126506
0.261969
0.24281
0.105912
0.0363641
0.0469037
0.13307
0.149101
0.191613
0.140821
0.13313
0.101841
0.133321
0.0323821
0.0937245
0.138416
0.261969
0.261969
0.0155866
0.261969
0.261969
0.089742
0.0616442
0.0816756
0.0990271
0.180664
0.147557
0.0818118
0.237579
0.261969
0.0872001
0.0896331
0.117235
0.244705
0.24892
0.24892
0.244352
0.177688
0.108244
0.190487
0.172944
0.178381
0.0978672
0.138096
0.173788
0.191647
0.135695
0.106797
0.131344
0.101529
0.111867
0.146368
0.210378
0.232053
0.161938
0.24892
0.24892
0.175808
0.117378
0.135468
0.0715224
0.10004
0.220681
0.0539011
0.0801603
0.0849905
0.121832
0.182161
0.241077
0.150077
0.156131
0.179865
0.226873
0.141493
0.121229
0.135757
0.136936
0.165068
0.112545
0.15141
0.144049
0.180134
0.16075
0.120806
0.235402
0.0894241
0.116867
0.0746983
0.077171
0.239802
0.102438
0.145813
0.155943
0.190752
0.100414
0.24945
0.255722
0.255722
0.255722
0.170029
0.0671707
0.0630093
0.0718091
0.0904718
0.159519
0.132492
0.101125
0.118646
0.136298
0.104752
0.0814676
0.137416
0.261846
0.261846
0.155253
0.204125
0.261846
0.0513848
0.073599
0.0372049
0.0310185
0.0561044
0.166843
0.261846
0.240155
0.250251
0.150592
0.080047
0.0658173
0.0681013
0.174033
0.186343
0.261846
0.261846
0.261846
0.0556012
0.0314558
0.0493313
0.229036
0.287455
0.287455
0.264567
0.226865
0.287455
0.0891923
0.100637
0.0554635
0.0304915
0.143761
0.125552
0.0501816
0.0836622
0.19259
0.0515334
0.063168
0.0981564
0.101361
0.195559
0.262229
0.287455
0.287455
0.287455
0.107978
0.0651263
0.058419
0.228138
0.0901264
0.0935032
0.0397205
0.051459
0.0774272
0.0436604
0.0883441
0.11719
0.148903
0.0979168
0.102832
0.0547365
0.0806587
0.117107
0.062105
0.0888132
0.148723
0.162973
0.132248
0.164725
0.270972
0.270972
0.270972
0.0852204
0.270972
0.270972
0.270972
0.0971152
0.113382
0.041331
0.0509049
0.108917
0.0412737
0.075555
0.117124
0.11048
0.139369
0.0692709
0.122303
0.175782
0.270972
0.115387
0.168221
0.270972
0.270972
0.091605
0.0775222
0.253616
0.259546
0.259546
0.0661943
0.162105
0.162165
0.204009
0.254564
0.108092
0.0834382
0.110142
0.259546
0.123364
0.259546
0.259546
0.259546
0.0935089
0.0486444
0.0718024
0.0869843
0.161808
0.0582109
0.0612951
0.138961
0.199419
0.259546
0.134292
0.0832992
0.0881012
0.134759
0.0202363
0.0223388
0.0703308
0.259546
0.0304339
0.0936759
0.141399
0.279698
0.279698
0.0219148
0.279698
0.279698
0.089471
0.0608738
0.0701055
0.0765695
0.150624
0.125748
0.105498
0.270246
0.279698
0.10679
0.0459587
0.146385
0.10847
0.279698
0.279698
0.0106942
0.0214923
0.0544239
0.0122615
0.0193057
0.0785425
0.0922046
0.0425191
0.065733
0.16425
0.279698
0.279698
0.148479
0.0777141
0.080759
0.0907535
0.138424
0.141856
0.155283
0.309712
0.309712
0.1355
0.066272
0.100227
0.101822
0.0824119
0.14292
0.0729196
0.0758093
0.0515199
0.0660967
0.0199542
0.103039
0.274609
0.119961
0.0817085
0.13726
0.309712
0.309712
0.178791
0.0234047
0.0962378
0.309712
0.309712
0.204723
0.11026
0.10453
0.125071
0.0553269
0.0496113
0.0881984
0.146337
0.0876397
0.160743
0.101507
0.117635
0.0932387
0.110164
0.0692575
0.190021
0.329742
0.279468
0.223788
0.13459
0.058754
0.0358775
0.0434548
0.0189122
0.10088
0.329742
0.329742
0.23368
0.0805039
0.0723353
0.095218
0.0736031
0.00352046
0.039902
0.329742
0.320302
0.110144
0.120995
0.195432
0.0223355
0.0103357
0.0492924
0.155624
0.260215
0.260215
0.212241
0.152504
0.0779291
0.0441954
0.0639661
0.182383
0.209579
0.260215
0.260215
0.259885
0.0696342
0.0528442
0.0678619
0.210502
0.00075739
0.027485
0.260215
0.260215
0.100861
0.110583
0.183095
0.0454734
0.0125704
0.0688799
0.0619432
0.08032
0.110636
0.105156
0.214917
0.260215
0.23684
0.134696
0.21948
0.292135
0.292135
0.292135
0.292135
0.142114
0.101414
0.0811873
0.239024
0.08837
0.101565
0.0448387
0.0704232
0.0920994
0.0496566
0.107038
0.133941
0.152964
0.0810193
0.090828
0.123913
0.157002
0.15054
0.292135
0.292135
0.292135
0.142743
0.0808756
0.120887
0.0908971
0.0963341
0.136723
0.07128
0.0607082
0.0599089
0.0615073
0.119875
0.156345
0.0806761
0.106916
0.1807
0.0725084
0.130353
0.171893
0.149386
0.220178
0.0962081
0.188099
0.25106
0.25106
0.237722
0.238948
0.25106
0.25106
0.13469
0.223977
0.165734
0.161636
0.244813
0.0662995
0.071137
0.0471668
0.0655065
0.157466
0.156575
0.0673045
0.104452
0.205195
0.0278491
0.029618
0.0910324
0.25106
0.141681
0.0714496
0.117067
0.139118
0.271463
0.11288
0.0904444
0.246085
0.28838
0.300491
0.17504
0.145494
0.145814
0.23633
0.0248158
0.0202926
0.105088
0.300491
0.136372
0.0964597
0.032112
0.057275
0.118713
0.0170478
0.0157339
0.0492699
0.21776
0.277047
0.0925819
0.0776822
0.0858525
0.1859
0.0834071
0.105114
0.208719
0.300491
0.0691462
0.211812
0.133708
0.298938
0.298938
0.0401041
0.0263776
0.0488321
0.0145439
0.0497329
0.128268
0.108691
0.065112
0.0861389
0.224417
0.298938
0.298938
0.189019
0.274975
0.226813
0.0713802
0.298938
0.298938
0.0574249
0.0305719
0
0
0.101236
0.298938
0.0854606
0.042351
0.0910257
0.0277265
0.032113
0.08537
0.0208418
0.0445188
0.138585
0.226981
0.111412
0.0833462
0.201739
0.322209
0.322209
0.216176
0.0215434
0.116082
0.322209
0.322209
0.205039
0.167011
0.146814
0.120777
0.0492755
0.089523
0.322209
0.145827
0.0570938
0.0723948
0.022999
0.0242517
0.0655657
0.0209797
0.0207065
0.111737
0.122652
0.0980036
0.102215
0.173137
0.136699
0.177247
0.0850991
0.0153122
0.106477
0.33304
0.33304
0.221357
0.129154
0.105666
0.101038
0.0729201
0.0080141
0.042055
0.33304
0.33304
0.115912
0.135313
0.217825
0.0696359
0.0125705
0.0192547
0.132561
0.188948
0.133743
0.126551
0.176319
0.14466
0.160038
0.074544
0.0577636
0.0529394
0.0335145
0.0598453
0.116406
0.103036
0.33304
0.205898
0.0854971
0.00362215
0.0287775
0.261575
0.261575
0.104827
0.105315
0.183955
0.0697592
0.0208243
0.0818482
0.0604512
0.0402401
0.0814812
0.13907
0.209725
0.261575
0.244993
0.180177
0.0345221
0.0628967
0.0482647
0.0493074
0.12569
0.101222
0.261575
0.212579
0.0853857
0.185538
0.261575
0.0414172
0.161649
0.261575
0.195852
0.226946
0.209762
0.261575
0.0815877
0.079133
0.0597647
0.086054
0.158826
0.228901
0.251572
0.251572
0.16897
0.0675567
0.105638
0.0977577
0.0893942
0.127925
0.0767816
0.0615985
0.0553265
0.058204
0.182919
0.251572
0.101833
0.173969
0.251572
0.211174
0.251572
0.251572
0.251572
0.171238
0.182817
0.137425
0.232446
0.238537
0.187153
0.0696669
0.063288
0.0774887
0.130524
0.215965
0.200662
0.172995
0.234059
0.0915041
0.0894902
0.046912
0.0594989
0.188617
0.14274
0.0558538
0.100849
0.206913
0.0388598
0.0401234
0.0969681
0.229096
0.234059
0.234059
0.234059
0.234059
0.234059
0.210951
0.17593
0.0937664
0.0712446
0.234059
0.179242
0.106699
0.150167
0.234059
0.0571249
0.113147
0.0494662
0.234059
0.18341
0.102821
0.028286
0.0704326
0.144116
0.0307583
0.0287043
0.0539555
0.252325
0.267501
0.0694565
0.0745424
0.109829
0.216482
0.110646
0.146873
0.228053
0.267501
0.26476
0.131551
0.088502
0.0910343
0.211492
0.0202709
0.123617
0.0481768
0.267501
0.245259
0.0551084
0.130656
0.15083
0.145374
0.0493231
0.267501
0.234852
0.267501
0.274845
0.274845
0.0886572
0.274845
0.274845
0.0835686
0.0427828
0
0
0.141394
0.274845
0.0991744
0.0819892
0.146769
0
0
0
0
0.242682
0.274845
0.107474
0.239031
0.274845
0.0128479
0.274845
0.249145
0.0526297
0.135673
0.155255
0.0419968
0.0868723
0.274845
0.00932942
0.0296051
0.00210712
0
0.230248
0.272786
0.188624
0.113146
0.21779
0.0176864
0.00646798
0.0100023
0.0121455
0.0522173
0.183755
0.0636251
0.101519
0.193918
0.272786
0.272786
0.26461
0.131724
0.215329
0.235241
0.0809823
0.172884
0.272786
0.0114615
0.114738
0.0135704
0.0187699
0.131514
0.0952483
0.0412653
0.0719519
0.145643
0.104524
0.115737
0.272786
0.268186
0.0517947
0.196623
0.0821888
0.105951
0.204945
0.265215
0.265215
0.244169
0.131489
0.138222
0.110882
0.0654097
0.108151
0.198425
0.217561
0.265215
0.265215
0.153281
0.182607
0.132869
0.0493551
0.055521
0.127992
0.093843
0.116732
0.265215
0.265215
0.197233
0.0876347
0.0449771
0.0401997
0.0778527
0.041621
0.0522431
0.125473
0.265215
0.0559873
0.0777571
0.0574979
0.0527999
0.134707
0.123701
0.266599
0.247162
0.118957
0.266599
0.266599
0.0515795
0.170273
0.266599
0.22629
0.234774
0.206377
0.266599
0.161693
0.0572779
0.0225209
0.0202384
0.045467
0.0173254
0.0296115
0.0647542
0.241288
0.266599
0.158831
0.0153646
0.1215
0.235689
0.00567482
0.0256976
0.0739873
0.266599
0.260881
0.261687
0.102894
0.143546
0.261687
0.191536
0.261687
0.261687
0.261687
0.18493
0.180407
0.153587
0.200023
0.223317
0.162353
0.0663224
0.0642093
0.078522
0.261687
0.119656
0.0250104
0.0986474
0.168778
0.0113637
0.0273839
0.0823463
0.261687
0.173389
0.106548
0.0702449
0.100737
0.188504
0.0939397
0.0264723
0.0172394
0.0276823
0.24272
0.24272
0.24272
0.24272
0.24272
0.158698
0.138052
0.100741
0.0756194
0.24272
0.165503
0.0752837
0.144905
0.24272
0.0473059
0.086971
0.0551442
0.24272
0.202258
0.112272
0.110255
0.166601
0.24272
0.108252
0.0596548
0.0499478
0.0954935
0.24272
0.111198
0.0264053
0.173899
0.24272
0.0279896
0.0195782
0.0353317
0.24272
0.264975
0.128411
0.060852
0.102594
0.205834
0.0194909
0.0983794
0.0575727
0.264975
0.238175
0.0506511
0.122422
0.145765
0.156317
0.0579965
0.264975
0.236694
0.264975
0.225117
0.0441991
0.0121946
0.127936
0.264975
0.00456627
0.0367976
0.0682554
0.264975
0.201065
0.0733078
0.0548489
0.0558406
0.128199
0.103628
0.201919
0.218297
0.264975
0.190652
0.284893
0.0999921
0.256385
0.284893
0.00868099
0.210418
0.214082
0.038034
0.0999566
0.139145
0.047253
0.0717357
0.238261
0.00584976
0.0216395
0.00345646
0.00047312
0.0814105
0.0768834
0.0227561
0.284893
0.284893
0.0262507
0.284893
0.284893
0.220976
0.205117
0.134546
0.0397818
0.0941208
0.265398
0.0147625
0.0637577
0.0785477
0.0347931
0.216981
0.29825
0.114075
0.196231
0.29825
0.0107215
0.0818403
0.00907654
0.0223259
0.132648
0.0907728
0.0508571
0.081422
0.120461
0.141269
0.179206
0.28406
0.265004
0.29825
0.29825
0.106599
0.270381
0.29825
0.0382392
0.0820099
0.00339214
0.00219112
0.101435
0.0998837
0.0674281
0.0465323
0.0854887
0.0467115
0.0862541
0.164483
0.181802
0.25244
0.197852
0.0793995
0.0904898
0.166312
0.174208
0.250245
0.25244
0.25244
0.25244
0.157712
0.0739953
0.0602969
0.101983
0.0808096
0.0888936
0.154607
0.25244
0.214585
0.174316
0.126582
0.066216
0.111347
0.0490674
0.0906778
0.2133
0.25244
0.251366
0.0930324
0.0236911
0.0191904
0.0595795
0.0338305
0.070013
0.221806
0.25244
0.217665
0.0891379
0.032386
0.0256141
0.0540463
0.0237433
0.0337286
0.0535239
0.300812
0.300812
0.229234
0.0258659
0.141641
0.275787
0.00651164
0.0302891
0.0832644
0.300812
0.196503
0.0464944
0.00745295
0.0107286
0.0365735
0.00737502
0.0151874
0.0811494
0.300812
0.300812
0.0421542
0.0193137
0.298204
0.300812
0.00107394
0.028981
0.0614006
0.300812
0.32903
0.176827
0.0349123
0.115069
0.206709
0.00926844
0.0247398
0.0844142
0.32903
0.234784
0.175536
0.113592
0.116007
0.242812
0.110528
0.038003
0.0311719
0.0403449
0.32903
0.0653372
0.0376512
0.227945
0.32903
0.00832137
0.0229636
0.0547389
0.32903
0.0610607
0.162332
0.123996
0.149017
0.202602
0.0482573
0.0482672
0.0155374
0.00745708
0.246338
0.161317
0.135349
0.182011
0.260069
0.113052
0.064424
0.0897836
0.12137
0.260069
0.136009
0.0351936
0.228879
0.260069
0.0307983
0.0155219
0.0691318
0.260069
0.0920123
0.246681
0.194423
0.178721
0.205925
0.0781386
0.0698924
0.0362605
0.0439325
0.260069
0.260069
0.0443415
0.155071
0.260069
0.020214
0.0250707
0.0282856
0.216864
0.227876
0.0385774
0.00270681
0.133502
0.261612
0.00297786
0.0245535
0.0910669
0.261612
0.206132
0.0819699
0.0728291
0.0675915
0.144543
0.101436
0.177511
0.236415
0.261612
0.223472
0.102632
0.00956626
0.0876479
0.236705
0.00973225
0.0253541
0.0605781
0.261612
0.261612
0.227335
0.113701
0.170992
0.207778
0.0818295
0.167152
0.176635
0.261612
0.0702794
0.0495513
0.0314157
0.304675
0.304675
0.0235902
0.304675
0.304675
0.20405
0.172202
0.141853
0.0462471
0.0870365
0.248027
0.0234785
0.0862585
0.0740125
0.0433544
0.040953
0.0233724
0.0137133
0.304675
0.304675
0.00932146
0.0988247
0.184142
0.159643
0.0687558
0.0434818
0.0119957
0.0299928
0.141527
0.0397081
0.1863
0.304675
0.166278
0.286405
0.286405
0.096704
0.216743
0.286405
0.0460417
0.143828
0.0370867
0.0399639
0.0974663
0.104317
0.041238
0.0335788
0.0613967
0.0529103
0.0921089
0.131525
0.135701
0.266323
0.164776
0.0267321
0.0857877
0.286405
0.0800567
0.286405
0.286405
0.286405
0.259236
0.227411
0.0318649
0.073835
0.140424
0.0195902
0.0311074
0.0950623
0.0408142
0.27416
0.237699
0.0895953
0.0661159
0.114708
0.0632246
0.121805
0.217013
0.260052
0.256139
0.0840767
0.0281373
0.030025
0.0960904
0.0438081
0.0738617
0.235861
0.27416
0.27416
0.27416
0.0588925
0.148434
0.259927
0.0116126
0.0145401
0.164106
0.106852
0.128753
0.057421
0.0625822
0.140251
0.105112
0.0087811
0.0303601
0.273303
0.27416
0.240006
0.0493544
0.00891802
0.0186679
0.0680775
0.0106962
0.0182866
0.106005
0.306095
0.306095
0.0625081
0.0253609
0.306095
0.306095
0.00186407
0.0457898
0.104898
0.306095
0.12462
0.0213423
0.0214711
0.0465881
0.0303844
0.002451
0.0128305
0.19013
0.306095
0.306095
0.153329
0.0523114
0.128524
0.191628
0.0295429
0.0439002
0.133644
0.306095
0.329945
0.0831282
0.0421451
0.266729
0.329945
0.00761937
0.0359824
0.0960316
0.329945
0.0653774
0.230744
0.151615
0.172215
0.225592
0.0596341
0.0697716
0.0318599
0.015567
0.329945
0.131113
0.0516446
0.101427
0.151712
0.0318494
0.0401415
0.146662
0.329945
0.143822
0.196329
0.0945723
0.120044
0.170519
0.0345533
0.0354392
0.0512952
0.0223524
0.105616
0.258243
0.220135
0.2056
0.245973
0.0853871
0.0830578
0.0546281
0.0583559
0.258243
0.258243
0.0624865
0.188081
0.258243
0.0241382
0.030446
0.0435149
0.254779
0.192862
0.258243
0.134461
0.156627
0.229388
0.0614291
0.054904
0.0653185
0.0385992
0.258243
0.258243
0.0198181
0.0945135
0.258243
0.0269314
0.0403088
0.043399
0.131879
0.209944
0.0805132
0.0104815
0.0824635
0.235409
0.00769629
0.0195031
0.071447
0.249433
0.242527
0.202675
0.116928
0.159152
0.203108
0.0802432
0.134876
0.202698
0.249433
0.249433
0.094415
0.00826565
0.0464646
0.131394
0.0205647
0.0650706
0.115639
0.249433
0.177282
0.0874821
0.0835719
0.249433
0.249433
0.152946
0.148574
0.249433
0.249433
0.0453984
0.0231753
0.0194523
0.317657
0.317657
0.00919253
0.130496
0.193299
0.178514
0.0895271
0.0496105
0.0137995
0.0290218
0.139167
0.048316
0.226589
0.317657
0.200069
0.0140053
0.0368159
0.156226
0.317657
0.317657
0.00558844
0.0157237
0.0432875
0.0486309
0.0599769
0.0235988
0.0084101
0.011559
0.0328489
0.00540017
0.209318
0.317657
0.317657
0.237068
0.142735
0.0271215
0.064242
0.243786
0.0640224
0.281661
0.281661
0.281661
0.230088
0.197186
0.0314743
0.0618709
0.112025
0.0216206
0.0308645
0.0721778
0.0272573
0.0929068
0.060323
0.0409944
0.0628024
0.0996855
0.00574333
0.216823
0.281661
0.281661
0.216911
0.225914
0.121083
0.204464
0.281661
0
0.0634448
0.153434
0.0739672
0.293015
0.293015
0.0630132
0.119079
0.192923
0.0109271
0.016273
0.117356
0.0863093
0.094813
0.0493667
0.0538222
0.0867969
0.0756102
0.00818751
0.026057
0.198455
0.293015
0.293015
0.293015
0.243518
0.293015
0.293015
0.000111144
0.00354904
0.146683
0.0909982
0.134619
0.0624721
0.0383298
0.0505444
0.0711153
0.011192
0.0222276
0.218227
0.293015
0.132065
0.0242121
0.023322
0.0374983
0.0315579
0.0027605
0.0152558
0.174943
0.303317
0.303317
0.14532
0.0559971
0.164064
0.249332
0.0462653
0.0540545
0.139344
0.303317
0.136513
0.039425
0.0120153
0.0230466
0.0566577
0.00527895
0.0153058
0.172653
0.303317
0.303317
0.0809623
0.00740464
0.303317
0.303317
0.0782707
0.00930739
0.0859386
0.303317
0.323008
0.121888
0.0493332
0.130365
0.20277
0.0482657
0.0515404
0.155938
0.323008
0.153012
0.221506
0.0906421
0.136423
0.182471
0.0490511
0.0417901
0.0682959
0.0251068
0.323008
0.101764
0.0233795
0.229664
0.323008
0.0761512
0.0208833
0.0843843
0.323008
0.100294
0.154156
0.0981139
0.169942
0.251073
0.0831789
0.0629572
0.0903719
0.0126035
0.173649
0.223012
0.0985335
0.138575
0.206708
0.0605198
0.0474096
0.0670889
0.0382866
0.271355
0.18196
0.0284587
0.0986679
0.271355
0.0200909
0.0935923
0.0943049
0.113
0.128634
0.180381
0.118128
0.151152
0.224987
0.0794997
0.0858575
0.0877533
0.0154146
0.177777
0.271355
0.145912
0.201486
0.271355
0.0560534
0.271355
0.271355
0.256015
0.2551
0.0885846
0.0125177
0.0603569
0.178454
0.0282648
0.0771357
0.137742
0.2551
0.170992
0.0858593
0.0783389
0.2551
0.2551
0.148583
0.144558
0.2551
0.2551
0.113006
0.174688
0.0799005
0.133232
0.2551
0.0450559
0.186339
0.2551
0.145149
0.107274
0.0714988
0.0682881
0.2551
0.2551
0.0493989
0.0953566
0.140327
0.128663
0.0262399
0.0584608
0.170421
0.35531
0.35531
0.00669596
0.0232184
0.0540632
0.0579498
0.0978204
0.0362286
0.010641
0.0161188
0.0343692
0.00286106
0.185766
0.35531
0.35531
0.0446183
0.114342
0.215662
0.35531
0.35531
0.00156518
0.003546
0.00370209
0.00113913
0.0351073
0.068053
0.0409353
0.0155465
0.0071003
0.00444024
0.0763359
0.228624
0.167357
0.110313
0.0768741
0.04948
0.0670208
0.0908572
0.00156078
0.186088
0.277515
0.277515
0.22718
0.22983
0.124648
0.214687
0.277515
0.00101713
0.0630979
0.169776
0.0977795
0.0592352
0.115514
0.0451618
0.0587371
0.0809062
0.0338641
0.208537
0.277515
0.204154
0.0898516
0.0531627
0.00877399
0.170794
0.277515
0.0696526
0.277515
0.277515
0.156101
0.253553
0.262646
0.158002
0.262646
0.262646
0.00188543
0.0408552
0.132385
0.112522
0.0979401
0.0494243
0.0389904
0.0470233
0.0601822
0.023844
0.0168198
0.136205
0.249923
0.0937454
0.04227
0.0110729
0.245228
0.262646
0.10437
0.262646
0.262646
0.208987
0.198693
0.0510394
0.053142
0.141062
0.165549
0.0901362
0.005554
0.262646
0.262646
0.104196
0.0360214
0.0152193
0.0220965
0.0455051
0.0183963
0.0235799
0.121985
0.253474
0.253474
0.0578187
0.0377644
0.253474
0.253474
0.116453
0.0312386
0.0885857
0.253474
0.132008
0.027701
0.0225016
0.0778084
0.126152
0.0909209
0.049955
0.194864
0.253474
0.253474
0.158764
0.253474
0.253474
0.253474
0.249925
0.108621
0.215681
0.253474
0.248485
0.058589
0.0339286
0.176449
0.248485
0.110827
0.0476249
0.102574
0.248485
0.0702177
0.0969653
0.0842783
0.145406
0.182151
0.0761639
0.0590991
0.0606305
0.0157154
0.236601
0.128778
0.192323
0.208241
0.248485
0.248485
0.141967
0.248485
0.248485
0.0704742
0.191299
0.199905
0.16595
0.23859
0.18096
0.135828
0.131508
0.102329
0.0952126
0.115482
0.0961794
0.13402
0.167671
0.0746891
0.0693924
0.073735
0.0215636
0.0990754
0.184409
0.0905488
0.168883
0.235875
0.0411111
0.235875
0.235875
0.187749
0.0951941
0.235875
0.184818
0.171034
0.235875
0.230482
0.123935
0.186216
0.0995523
0.104747
0.235875
0.134991
0.235875
0.235875
0.166522
0.173592
0.235875
0.123129
0.141056
0.207538
0.0984674
0.183959
0.245455
0.0601102
0.23983
0.245455
0.17524
0.124302
0.0667318
0.0746729
0.245455
0.245455
0.0511735
0.111252
0.141884
0.123001
0.149416
0.245455
0.148579
0.245455
0.245455
0.210538
0.168339
0.245455
0.130414
0.0328713
0.0762904
0.084818
0.160341
0.245455
0.0985834
0.00502179
0.00756269
0.00228868
0.0849401
0.1664
0.209343
0.380114
0.380114
0.00230466
0.00543062
0.00323588
0.00030584
0.0599909
0.0828309
0.0439426
0.0210432
0.0183008
0.00544328
0.0527318
0.287927
0.215647
0.179399
0.19925
0.0960888
0.380114
0.380114
0.0400623
0
0
0
0.139292
0.151424
0.0492371
0.0522696
0.133856
0.0053672
0.131247
0.179925
0.011763
0.0888479
0.118278
0.0460721
0.0801965
0.117249
0.0342858
0.210181
0.259395
0.256813
0.100607
0.0564981
0.00599662
0.229394
0.259395
0.0625397
0.259395
0.259395
0.241348
0.232211
0.242155
0.154163
0.0748111
0.190708
0.0295354
0.132068
0.142392
0.0140669
0.072874
0.0512267
0.131145
0.0940337
0.15604
0.0670292
0.181014
0.259395
0.259395
0.0907708
0.0410671
0.00492741
0.264824
0.264824
0.0804091
0.264824
0.264824
0.264824
0.223187
0.0623393
0.065273
0.157192
0.177657
0.105431
0.00688586
0.230867
0.264824
0.0874539
0.0711235
0.179693
0.105185
0.159103
0.0746742
0.155763
0.264824
0.225544
0.212228
0.0670874
0.0042895
0.029927
0.0602934
0.00714963
0.0228703
0.164594
0.264824
0.164296
0.0413569
0.0293137
0.0924175
0.140206
0.116457
0.0641029
0.201494
0.255527
0.255527
0.17637
0.255527
0.255527
0.255527
0.255527
0.137341
0.255527
0.255527
0.188018
0.0766244
0.00373527
0.0307772
0.0591924
0.00290109
0.0168817
0.0802499
0.255527
0.23257
0.133228
0.0772113
0.128738
0.174677
0.00359145
0.00598437
0.0608681
0.255527
0.248317
0.134934
0.210521
0.237442
0.248317
0.248317
0.173205
0.248317
0.248317
0.0771814
0.16967
0.220552
0.192654
0.248317
0.194703
0.161018
0.142139
0.100211
0.238148
0.112929
0.0802355
0.105601
0.147423
0.0108579
0.0117398
0.0671199
0.248317
0.120566
0.126166
0.164107
0.0856964
0.1352
0.0543836
0.0457442
0.0456614
0.0344437
0.116625
0.22901
0.214187
0.214415
0.22901
0.22901
0.153756
0.221667
0.129085
0.150117
0.22901
0.178661
0.22901
0.22901
0.167504
0.22901
0.22901
0.178387
0.155805
0.192683
0.179168
0.0968522
0.149785
0.0684705
0.0615365
0.0498125
0.0591556
0.139421
0.22901
0.114314
0.119068
0.160422
0.0429688
0.0356874
0.0212607
0.0547586
0.241469
0.247807
0.211476
0.247807
0.247807
0.207143
0.247807
0.247807
0.233496
0.0374071
0.092335
0.132778
0.233591
0.247807
0.113716
0.00464285
0.00481314
0.0022255
0.17776
0.247807
0.0948331
0.162448
0.199445
0.0498609
0.0496573
0.0218377
0.0896189
0.0907915
0.127185
0.0927586
0.113671
0.15575
0.0171435
0.0286201
0.147104
0.247807
0.135019
0.18122
0.0781158
0.311191
0.311191
0.0189839
0.0050938
0.0016133
0.000212736
0.106295
0.126534
0.0752792
0.0398994
0.0907054
0.011672
0.0863208
0.107987
0.0123252
0.0698975
0.311191
0.177752
0.311191
0.311191
0.0340217
0.0822846
0.0269682
0.0188728
0.0469649
0.229006
0.311191
0.13375
0.097542
0.194368
0.311191
0.189327
0.0345451
0.155515
0.167693
0.115406
0.0513143
0.120916
0.0249677
0.084162
0.082253
0.013076
0.0694787
0.0533152
0.094232
0.0608291
0.0970635
0.0591174
0.167821
0.243225
0.226608
0.077125
0.243225
0.243225
0.121872
0.115164
0.178997
0.243225
0.199317
0.0638039
0.141578
0.204025
0.243225
0.166344
0.241096
0.243225
0.243225
0.243225
0.243225
0.0912026
0.0797782
0.139975
0.0872505
0.130014
0.0757001
0.181884
0.253305
0.19808
0.21358
0.0697583
0.00501585
0.030982
0.059677
0.0117702
0.0264973
0.129417
0.253305
0.185031
0.253305
0.253305
0.174922
0.253305
0.220284
0.253305
0.233184
0.253305
0.253305
0.135425
0.0217075
0.0469271
0.0612876
0.031866
0.0335611
0.13574
0.253305
0.264204
0.111119
0.00500659
0.0448685
0.0823848
0.00634485
0.0178914
0.0960603
0.290026
0.290026
0.158973
0.0669259
0.174594
0.249454
0.00578172
0.00477858
0.0810503
0.290026
0.290026
0.174205
0.0171296
0.0513374
0.0840599
0.00108677
0.00432358
0.100084
0.290026
0.290026
0.09296
0.0606919
0.148988
0.272774
0.0536108
0.0343006
0.134848
0.290026
0.299487
0.13877
0.0799877
0.156545
0.234202
0.00944549
0.00987077
0.0994811
0.299487
0.15646
0.174676
0.21818
0.135157
0.186695
0.057525
0.0618391
0.0686378
0.0484222
0.299487
0.124844
0.0702847
0.170987
0.291719
0.0334563
0.0262372
0.160663
0.299487
0.125629
0.252402
0.191286
0.169988
0.163932
0.0818054
0.03927
0.0683894
0.0947998
0.223552
0.231189
0.231189
0.177262
0.231189
0.0609846
0.0997557
0.0808892
0.136903
0.231189
0.231189
0.231189
0.231189
0.216042
0.0307464
0.0733497
0.0408497
0.13361
0.219768
0.231189
0.230778
0.212594
0.231189
0.0696207
0.0253428
0.067926
0.102947
0.0778359
0.158972
0.193364
0.231189
0.18012
0.0278488
0.0149415
0.029109
0.0466836
0.217871
0.271945
0.155628
0.228157
0.208264
0.0172135
0.0767893
0.0347089
0.172538
0.0925275
0.140087
0.137043
0.171244
0.202292
0.0935833
0.061106
0.193612
0.225056
0.0877376
0.157243
0.149526
0.182033
0.168496
0.00979934
0.00505928
0.0157004
0.0391097
0.152294
0.177853
0.228985
0.271945
0.0899272
0.138721
0.171061
0.271945
0.271945
0.0379101
0.256999
0.118759
0.256999
0.256999
0.0744196
0.0640755
0.0298724
0.00944756
0.0339406
0.179332
0.256999
0.107751
0.074807
0.127067
0.219096
0.128881
0.0228685
0.256999
0.256999
0.256999
0.256999
0.256999
0.256999
0.0910837
0.0498747
0.0128263
0.0492241
0.197933
0.256999
0.213287
0.0740886
0.0524135
0.0631947
0.0710589
0.013463
0.0669186
0.243439
0.243439
0.122508
0.116674
0.122101
0.243439
0.186775
0.0465411
0.140294
0.163103
0.209081
0.129636
0.167679
0.203973
0.243439
0.221868
0.243439
0.10599
0.243439
0.243439
0.243439
0.118148
0.0458777
0.0935771
0.108429
0.0208498
0.0558333
0.0556147
0.0648827
0.0280093
0.0314991
0.0571113
0.221338
0.243439
0.207682
0.195142
0.24684
0.24684
0.163329
0.24684
0.202158
0.24684
0.233839
0.24684
0.24684
0.141202
0.0238017
0.0571763
0.0725814
0.0380292
0.0566825
0.146514
0.24684
0.0912429
0.107956
0.0697198
0.0225762
0.0650773
0.0785055
0.24684
0.24684
0.24684
0.0880934
0.0692059
0.0314868
0.0344907
0.0765715
0.073357
0.178649
0.16163
0.235505
0.277622
0.172282
0.0210004
0.0612968
0.0981667
0.00460911
0.0138304
0.135388
0.277937
0.277937
0.0798674
0.0571076
0.139589
0.263343
0.0455046
0.0266557
0.162239
0.277937
0.142156
0.0768633
0.0315941
0.0389685
0.098517
0.0891398
0.207821
0.235754
0.277937
0.190521
0.0977751
0.0599664
0.196536
0.277937
0.0417375
0.0440129
0.181607
0.277937
0.291658
0.102455
0.0599795
0.159709
0.276559
0.0266062
0.0201484
0.213769
0.291658
0.127921
0.249192
0.146035
0.138135
0.159645
0.0663881
0.0528532
0.082911
0.0863121
0.247265
0.0924415
0.0654016
0.199708
0.291658
0.033905
0.0484092
0.291658
0.291658
0.101887
0.198631
0.126002
0.116033
0.163745
0.0452788
0.0671084
0.0947571
0.0839149
0.23767
0.23767
0.23767
0.23767
0.23767
0.0676879
0.0484366
0.105255
0.127566
0.0996271
0.192263
0.23767
0.23767
0.175049
0.0359136
0.0235447
0.0451761
0.0715889
0.14702
0.23767
0.23767
0.216143
0.230514
0.064453
0.102237
0.113471
0.132695
0.0707942
0.14017
0.23767
0.23767
0.23767
0.036102
0.0342156
0.0436538
0.0757322
0.0784957
0.1255
0.155347
0.178367
0.110521
0.0103191
0.00482472
0.0206867
0.0503668
0.0991765
0.158547
0.159612
0.264816
0.118755
0.181065
0.15951
0.264816
0.264816
0.0410782
0.0884852
0.172139
0.21406
0.133437
0.027824
0.0367656
0.0190045
0.0760906
0.0879092
0.213863
0.264816
0.264816
0.207151
0.152936
0.228781
0.264816
0.264816
0.236836
0.277186
0.277186
0.277186
0.277186
0.277186
0.116258
0.0724155
0.0128591
0.0708759
0.24604
0.277186
0.265685
0.10361
0.0580513
0.0438662
0.107956
0.0157662
0.128418
0.208088
0.169641
0.277186
0.277186
0.00174116
0.000941194
0.000594281
0.000339391
0.114934
0.183499
0.0752073
0.0533196
0.0478495
0.00110932
0.00053422
0.000142771
0
0.185041
0.279618
0.279618
0.279618
0.217919
0.0401004
0.10183
0.224055
0.0255963
0.123618
0.0759917
0.0874622
0.0510421
0.0330474
0.0682559
0.279618
0.279618
0.279618
0.242114
0.279618
0.103456
0.103302
0.0919186
0.00515763
0.00377189
0.000914572
0.000740383
0.0776392
0.0500592
0.109664
0.0726739
0.0787396
0.14205
0.120169
0.196742
0.277882
0.155755
0.132126
0.0863983
0.0313863
0.0750777
0.0710779
0.246068
0.246068
0.246068
0.13318
0.102984
0.0508972
0.0558161
0.121362
0.0809448
0.206809
0.209166
0.246068
0.102058
0.0680354
0.0743281
0.0613219
0.18938
0.212771
0.169111
0.246068
0.246068
0.156511
0.126878
0.0556525
0.0657288
0.246068
0.246068
0.246068
0.246068
0.098605
0.137502
0.0824374
0.0359623
0.0438292
0.116734
0.0624255
0.164314
0.232782
0.258457
0.20291
0.0802995
0.0628772
0.177427
0.258457
0.0314628
0.0329661
0.167703
0.258457
0.121006
0.075911
0.0175122
0.044762
0.258457
0.258457
0.258457
0.258457
0.246414
0.173555
0.069416
0.107929
0.0956576
0.170091
0.0292111
0.0671547
0.226385
0.258457
0.289796
0.0824635
0.0752263
0.215952
0.31063
0.0310771
0.0392546
0.31063
0.31063
0.132862
0.218963
0.110015
0.107132
0.156508
0.0388134
0.0742394
0.108511
0.0895566
0.228321
0.0704311
0.107041
0.11657
0.224031
0.0365672
0.0530239
0.31063
0.31063
0.0797445
0.112418
0.0506934
0.066038
0.221586
0.0497769
0.031992
0.0725291
0.10589
0.191755
0.245505
0.245505
0.244633
0.245505
0.0638335
0.115195
0.15679
0.141236
0.104534
0.18306
0.245505
0.245505
0.245505
0.0608346
0.0477628
0.0668283
0.0880908
0.11575
0.214517
0.11507
0.14086
0.245505
0.105509
0.0609356
0.0995271
0.107477
0.136376
0.16058
0.164188
0.138097
0.0955428
0.0762377
0.122579
0.217948
0.245505
0.0465945
0.0835233
0.128061
0.175912
0.103852
0.0229631
0.0251582
0.0386787
0.0575956
0.0783199
0.186095
0.242248
0.246117
0.246117
0.114264
0.158271
0.246117
0.246117
0.0409978
0.0825206
0.0865926
0.0603418
0.052823
0.0449242
0.065247
0.157087
0.144456
0.152766
0.246117
0.246117
0.246117
0.246117
0.204937
0.22514
0.246117
0.231875
0.106111
0.240993
0.143149
0.319409
0.319409
0.000135275
4.00552e-05
0
0
0.135477
0.213097
0.0594709
0.0723918
0.10442
0.00966099
0.00475971
0.000900902
0
0.210012
0.0999804
0.141144
0.319409
0.319409
0.0130323
0.000601295
0
0
0.088389
0.191449
0.277585
0.319409
0.319409
0.135676
0.0175368
0.0027027
0.00635702
0.223511
0.291727
0.0564964
0.114532
0.144226
0.0199436
0.0148078
0.00267489
0.000654038
0.100094
0.0520381
0.095313
0.106086
0.0965506
0.141965
0.0981966
0.194286
0.293911
0.122849
0.221688
0.293911
0.293911
0.293911
0.196648
0.0371053
0.007476
0.00404494
0.00725248
0.0303668
0.0936763
0.293911
0.293911
0.228959
0.131308
0.122075
0.0172552
0.0947456
0.0560317
0.0537299
0.0708934
0.140906
0.146709
0.115171
0.195407
0.235112
0.110815
0.0987796
0.0574263
0.0936136
0.226862
0.184515
0.205692
0.256574
0.0889977
0.00293355
0.00555879
0.0536744
0.268663
0.268663
0.268663
0.14168
0.0795766
0.00866859
0.0112596
0.051007
0.200554
0.268663
0.268663
0.268663
0.268663
0.132106
0.0336433
0.103348
0.0705277
0.036624
0.0789345
0.24812
0.174281
0.183628
0.24812
0.208262
0.154878
0.0685923
0.0737389
0.0860752
0.149492
0.031891
0.0571683
0.215141
0.24812
0.0323603
0.0350622
0.128259
0.24812
0.24812
0.24812
0.234764
0.138315
0.169105
0.105019
0.104695
0.118807
0.0968118
0.19979
0.210947
0.1043
0.24812
0.24812
0.244566
0.0758986
0.0823314
0.126898
0.228546
0.0474968
0.068665
0.3138
0.3138
0.0821203
0.119031
0.0499002
0.0751029
0.207032
0.0539301
0.0277349
0.069687
0.0944308
0.175854
0.117997
0.108325
0.105072
0.197817
0.202506
0.140638
0.3138
0.3138
0.15433
0.165655
0.083967
0.193484
0.224423
0.127545
0.0161622
0.0845428
0.178254
0.085327
0.1634
0.0833915
0.128691
0.28313
0.0844044
0.0378675
0.0755584
0.0728733
0.0932592
0.119404
0.108458
0.128857
0.0656754
0.0616566
0.0956814
0.283678
0.344268
0.175905
0.191573
0.122029
0.276488
0.278237
0.135834
0.0234336
0.0778667
0.203973
0.11007
0.075628
0.0522557
0.0623612
0.0404268
0.0733499
0.0600376
0.344268
0.344268
0.037571
0.0733846
0.0758834
0.0715615
0.0535454
0.0370363
0.0606531
0.174957
0.134412
0.13528
0.223547
0.241308
0.241308
0.241308
0.200877
0.165591
0.241308
0.209772
0.0577286
0.0614047
0.0472256
0.0684294
0.0820986
0.0565992
0.0733527
0.241308
0.241308
0.156913
0.235215
0.241308
0.241308
0.241308
0.22932
0.157655
0.112382
0.149169
0.0985635
0.06698
0.0563988
0.293528
0.293528
0.050115
0.0014606
0
0.000958831
0.0365979
0.0950524
0.0908027
0.263176
0.293528
0.0683182
0.0124857
0.00195805
0.00359111
0.207946
0.127324
0.17422
0.293528
0.293528
0.293528
0.1333
0.0131513
0.00159805
0.0113977
0.0129285
0.0569739
0.293528
0.293528
0.293528
0.025752
0
0.000228293
0.0376508
0.0828043
0.0774072
0.254106
0.332358
0.0830462
0.0206383
0.00389567
0.00170085
0.00253515
0.0114552
0.035389
0.230559
0.332358
0.121205
0.0510409
0.033362
0.00386894
0.00935342
0.00997513
0.0576142
0.332358
0.332358
0.332358
0.0229163
0
0
0.0014916
0.013709
0.240563
0.332358
0.332358
0.0731844
0.0100581
0.00838104
0
0.001897
0.00216731
0.0359892
0.262924
0.344094
0.167568
0.0743477
0.0288907
0.00255198
0.00571748
0.0394231
0.13976
0.267912
0.300429
0.166008
0.121846
0.105943
0.0215614
0.00257925
0.0128287
0.212397
0.344094
0.344094
0.089041
0.031369
0.0149724
0.00405171
0.00895322
0.0497357
0.119774
0.235371
0.344094
0.227588
0.0740318
0.0144926
0.00675285
0.0252659
0.0347201
0.136155
0.262809
0.262809
0.191
0.148311
0.131207
0.10988
0.071794
0.0778479
0.0839873
0.0746983
0.140831
0.174961
0.100451
0.262809
0.262809
0.0177566
0.0477123
0.123402
0.262809
0.262809
0.230841
0.133324
0.0487159
0.0447668
0.0293681
0.0359098
0.149577
0.109013
0.158341
0.17638
0.262809
0.262809
0.262809
0.115837
0.0802071
0.0747278
0.0930975
0.145394
0.160032
0.134838
0.26139
0.26139
0.102277
0.126677
0.0852703
0.128568
0.179472
0.109003
0.0259122
0.0570761
0.100269
0.0401797
0.050282
0.26139
0.243058
0.229551
0.180846
0.26139
0.26139
0.26139
0.0715383
0.133331
0.138939
0.234319
0.26139
0.192753
0.118084
0.0816986
0.103998
0.0896841
0.123833
0.0962654
0.159458
0.185473
0.0940473
0.0261987
0.0500555
0.0925028
0.0635507
0.0422117
0.0390176
0.0469919
0.0269767
0.0335244
0.0445629
0.307792
0.307792
0.0758008
0.119271
0.145396
0.266992
0.307792
0.170371
0.100358
0.0953184
0.121719
0.12055
0.266585
0.286085
0.0876882
0.0754564
0.16926
0.122448
0.307792
0.307792
0.0705368
0.0579094
0.0601088
0.0868334
0.0730782
0.0488102
0.0808417
0.242494
0.242494
0.174912
0.234462
0.236237
0.242494
0.242494
0.221503
0.140603
0.110005
0.146179
0.114639
0.13922
0.163405
0.125248
0.10677
0.101144
0.0787602
0.242494
0.242494
0.169399
0.242494
0.206978
0.242494
0.242494
0.114664
0.0615078
0.0371433
0.0275559
