0.130989
0.0885436
0.146545
0.144039
0.12288
0.127212
0.206464
0.21685
0.178512
0.128484
0.167334
0.21685
0.21685
0.21685
0.11824
0.13396
0.21685
0.177479
0.0877101
0.175921
0.115995
0.144524
0.21685
0.21685
0.214002
0.190906
0.145143
0.0957499
0.169707
0.125866
0.21685
0.21685
0.111509
0.136602
0.128108
0.135083
0.133694
0.150915
0.190851
0.210386
0.210386
0.12325
0.129473
0.166524
0.142961
0.132677
0.129168
0.165504
0.176282
0.162748
0.210386
0.177807
0.210386
0.210386
0.101618
0.149955
0.118606
0.207773
0.210386
0.117769
0.146799
0.0949141
0.141443
0.0782947
0.210386
0.158892
0.173307
0.191641
0.204205
0.200188
0.190432
0.107015
0.161943
0.157719
0.165039
0.203741
0.137949
0.162637
0.147678
0.154701
0.170027
0.186294
0.160224
0.11874
0.203741
0.155868
0.102139
0.157613
0.203741
0.156103
0.0846623
0.171081
0.143413
0.146805
0.180163
0.19564
0.203741
0.195382
0.15996
0.133473
0.161868
0.148963
0.199458
0.169279
0.145981
0.15827
0.203741
0.203741
0.203419
0.183442
0.133305
0.205294
0.142797
0.0979446
0.171293
0.211854
0.157368
0.150861
0.211854
0.166179
0.145322
0.142807
0.0909775
0.16841
0.197226
0.141448
0.120065
0.17365
0.149788
0.192846
0.169339
0.134936
0.16488
0.211854
0.211854
0.098827
0.164718
0.127631
0.211854
0.211854
0.12727
0.104085
0.211854
0.14447
0.167442
0.219745
0.191497
0.162228
0.158904
0.111723
0.184686
0.219745
0.206647
0.15249
0.174823
0.104302
0.189364
0.188615
0.186535
0.0880237
0.0986414
0.078092
0.112356
0.219745
0.170513
0.219745
0.219745
0.122528
0.109834
0.219745
0.144615
0.113331
0.127064
0.154028
0.151297
0.203049
0.219745
0.184584
0.131833
0.0627633
0.149575
0.170549
0.112987
0.180369
0.190215
0.180687
0.108959
0.107808
0.0979242
0.117904
0.152455
0.122667
0.0484558
0.14443
0.187631
0.219255
0.219255
0.11678
0.114202
0.120667
0.182873
0.162753
0.219255
0.21146
0.197585
0.169213
0.116712
0.190189
0.146743
0.152006
0.193935
0.219255
0.19264
0.219255
0.219255
0.139906
0.0676755
0.115117
0.0956626
0.0709704
0.148884
0.15932
0.215265
0.19739
0.103955
0.11244
0.214654
0.215265
0.205284
0.16151
0.1841
0.215265
0.215265
0.127763
0.131548
0.104624
0.129378
0.13512
0.215265
0.129576
0.212396
0.215265
0.172269
0.11738
0.124888
0.215265
0.215265
0.215265
0.165964
0.153641
0.165557
0.116987
0.099196
0.143542
0.121877
0.156794
0.212715
0.205103
0.20556
0.199655
0.142261
0.101969
0.161681
0.101908
0.212715
0.212715
0.109526
0.114433
0.131838
0.123228
0.187069
0.212715
0.102431
0.192214
0.212715
0.140214
0.198692
0.177908
0.127293
0.177502
0.212715
0.0908848
0.212715
0.212715
0.0763762
0.118445
0.157569
0.212715
0.106342
0.149778
0.113318
0.169797
0.222128
0.109402
0.151908
0.12344
0.133934
0.0461004
0.222128
0.207401
0.172189
0.19577
0.209788
0.222128
0.202833
0.108683
0.184565
0.18186
0.084404
0.180058
0.222128
0.0986296
0.14982
0.179303
0.222128
0.059148
0.149892
0.0862053
0.0949489
0.177936
0.178849
0.154381
0.222128
0.222128
0.0567786
0.17361
0.188416
0.138628
0.173103
0.17206
0.207167
0.207167
0.174181
0.120682
0.207167
0.190265
0.186503
0.175383
0.166507
0.173045
0.207167
0.207167
0.0497395
0.123017
0.0852406
0.0825692
0.165879
0.152722
0.118687
0.207167
0.207167
0.203319
0.207167
0.207167
0.149575
0.174612
0.104633
0.133491
0.147171
0.143254
0.112944
0.206816
0.193444
0.181105
0.173623
0.146102
0.182518
0.209805
0.209805
0.125628
0.174795
0.130373
0.209805
0.209805
0.11502
0.141734
0.189807
0.195391
0.172784
0.202575
0.184668
0.176222
0.187841
0.112164
0.122734
0.125282
0.114272
0.116202
0.207105
0.0879807
0.185112
0.209805
0.12124
0.117875
0.127522
0.165874
0.1257
0.214325
0.161562
0.214325
0.214325
0.101861
0.138736
0.182497
0.175572
0.107454
0.18802
0.15176
0.124441
0.197783
0.214325
0.156649
0.125588
0.0880718
0.113143
0.179564
0.113942
0.214325
0.214325
0.131185
0.145343
0.193364
0.180336
0.0782804
0.175899
0.16316
0.159635
0.128574
0.13827
0.182115
0.214325
0.214325
0.0992801
0.162304
0.16981
0.131027
0.199416
0.173804
0.166849
0.152863
0.115315
0.119659
0.130111
0.185862
0.16408
0.211064
0.149848
0.211064
0.211064
0.13755
0.0967996
0.194001
0.205596
0.179415
0.112862
0.130627
0.195572
0.211064
0.210107
0.157498
0.211064
0.13276
0.140124
0.210924
0.148282
0.13465
0.139994
0.162972
0.123225
0.120497
0.164557
0.149244
0.216444
0.129107
0.216444
0.216444
0.201171
0.154573
0.196845
0.216444
0.216444
0.216444
0.151546
0.174232
0.20684
0.134415
0.147687
0.216444
0.139882
0.15113
0.186979
0.144446
0.133336
0.117422
0.137481
0.0796968
0.177585
0.121084
0.167033
0.216444
0.132092
0.148914
0.115508
0.0909933
0.149484
0.215359
0.135035
0.215359
0.215359
0.0950675
0.192168
0.159829
0.134284
0.143743
0.215359
0.116412
0.215359
0.215359
0.0832671
0.106749
0.165347
0.18708
0.129363
0.183348
0.191725
0.215359
0.215359
0.204936
0.156481
0.181743
0.129814
0.161467
0.172838
0.108773
0.133675
0.164142
0.113576
0.139384
0.140346
0.12598
0.136904
0.174791
0.119004
0.177328
0.227098
0.0968912
0.12804
0.211146
0.175826
0.0540163
0.154535
0.0947189
0.094048
0.199213
0.211011
0.156128
0.227098
0.227098
0.129844
0.1185
0.0926748
0.150054
0.227098
0.126296
0.13888
0.167269
0.144549
0.145329
0.202585
0.0758447
0.169986
0.227098
0.149671
0.155801
0.227098
0.227098
0.044894
0.136782
0.106861
0.0855631
0.1907
0.184413
0.133126
0.22222
0.22222
0.20281
0.22222
0.22222
0.139046
0.19642
0.113908
0.13067
0.167158
0.161128
0.107467
0.17225
0.0531846
0.159495
0.22222
0.149102
0.151193
0.22222
0.22222
0.121116
0.22222
0.157168
0.0995744
0.13792
0.0953091
0.22222
0.126956
0.192127
0.170114
0.224702
0.224702
0.176529
0.208873
0.128826
0.137486
0.163435
0.138706
0.124882
0.219285
0.114478
0.215866
0.224702
0.140951
0.125059
0.116836
0.207048
0.11971
0.224702
0.147451
0.0994044
0.155837
0.117418
0.224702
0.120402
0.171033
0.0973775
0.151146
0.169315
0.224702
0.224702
0.130625
0.100788
0.0993888
0.14179
0.107918
0.164948
0.109107
0.206245
0.216828
0.129282
0.138407
0.159826
0.192561
0.0846477
0.157601
0.15217
0.145137
0.13005
0.161654
0.180167
0.216828
0.216828
0.105644
0.147425
0.148866
0.17481
0.216828
0.121347
0.154927
0.113903
0.144772
0.0888624
0.216828
0.200644
0.115819
0.200926
0.206976
0.216828
0.159002
0.214619
0.110731
0.187642
0.20904
0.164344
0.127144
0.143885
0.18971
0.213872
0.209705
0.125897
0.213872
0.192979
0.129286
0.175987
0.159855
0.15419
0.16651
0.130161
0.104517
0.213872
0.213872
0.127897
0.167167
0.151796
0.213872
0.155438
0.213872
0.111013
0.137748
0.197361
0.171393
0.168104
0.136329
0.152985
0.122704
0.0916964
0.143232
0.212452
0.212452
0.169638
0.198873
0.184715
0.173716
0.164998
0.124255
0.161468
0.212452
0.121041
0.192864
0.212452
0.158151
0.195865
0.152339
0.131382
0.109001
0.186798
0.212452
0.19154
0.162364
0.117632
0.147083
0.126931
0.122647
0.111622
0.0862681
0.134029
0.209144
0.193317
0.0962029
0.118263
0.181526
0.212452
0.121594
0.180194
0.212604
0.212604
0.212604
0.167025
0.157976
0.145137
0.137887
0.156957
0.143866
0.15548
0.170405
0.173758
0.128651
0.147436
0.14833
0.111074
0.111782
0.102931
0.122374
0.19122
0.212604
0.151732
0.12835
0.145936
0.17873
0.212604
0.144955
0.146817
0.212604
0.212604
0.212571
0.212604
0.162435
0.123849
0.112882
0.0993822
0.138999
0.146966
0.205505
0.117858
0.122949
0.157298
0.120977
0.132895
0.158229
0.0702753
0.163109
0.214765
0.159996
0.134873
0.204984
0.214765
0.214765
0.137837
0.178465
0.184858
0.214765
0.161487
0.179138
0.181753
0.146464
0.104406
0.156932
0.151495
0.214765
0.191274
0.21102
0.209647
0.0884777
0.214765
0.112242
0.143889
0.0743996
0.174873
0.221688
0.181885
0.14848
0.220642
0.221688
0.1074
0.210806
0.173429
0.125781
0.183463
0.134076
0.215821
0.125494
0.160784
0.106966
0.16124
0.19263
0.221688
0.217079
0.203546
0.182678
0.122485
0.221688
0.080297
0.115334
0.147074
0.221688
0.183505
0.0819988
0.0949664
0.0715176
0.1788
0.10201
0.211567
0.160725
0.129786
0.183082
0.156311
0.2182
0.109041
0.131693
0.0971019
0.139318
0.194699
0.212461
0.2182
0.149632
0.0806566
0.0688184
0.169561
0.0882923
0.110037
0.137849
0.2182
0.197664
0.100068
0.109605
0.0736351
0.159074
0.0594554
0.187413
0.2182
0.217323
0.2182
0.2182
0.2182
0.2182
0.207834
0.0961261
0.125126
0.147071
0.146088
0.216621
0.127219
0.110914
0.0733214
0.149676
0.0762657
0.171137
0.183524
0.0956843
0.172339
0.193908
0.216621
0.133803
0.174175
0.0580673
0.137177
0.216621
0.157373
0.207961
0.216621
0.216621
0.171815
0.16226
0.0536095
0.216621
0.208768
0.216621
0.216621
0.113379
0.216621
0.216621
0.0881692
0.110756
0.211213
0.222913
0.114618
0.17995
0.163852
0.222913
0.1548
0.222913
0.0955709
0.130354
0.205136
0.15313
0.131781
0.151947
0.15234
0.130829
0.081364
0.0814907
0.222913
0.222913
0.222913
0.222913
0.128923
0.222913
0.222913
0.0916791
0.147343
0.146902
0.138771
0.106106
0.164775
0.174278
0.144724
0.114664
0.153097
0.11661
0.199614
0.213793
0.194073
0.162606
0.145309
0.140994
0.141626
0.132892
0.184792
0.0822755
0.143513
0.213793
0.213793
0.11454
0.121635
0.150733
0.213793
0.208312
0.164669
0.157403
0.150717
0.197542
0.14434
0.157293
0.107026
0.171936
0.101035
0.100332
0.213793
0.169684
0.213793
0.158778
0.142291
0.183022
0.213793
0.13613
0.0963867
0.147213
0.15184
0.214405
0.156705
0.130033
0.132101
0.171047
0.193048
0.113589
0.158618
0.218707
0.218707
0.188342
0.198882
0.144049
0.114866
0.108367
0.204711
0.218707
0.179775
0.218707
0.218707
0.116223
0.203224
0.182497
0.084015
0.102405
0.181949
0.16314
0.156218
0.153075
0.204911
0.155868
0.0661553
0.21509
0.131487
0.21509
0.213597
0.21509
0.166922
0.181401
0.172241
0.165614
0.0904205
0.140388
0.17282
0.21509
0.193427
0.21509
0.204933
0.0896152
0.21509
0.118709
0.101904
0.134755
0.142664
0.165437
0.181499
0.21509
0.138331
0.0867727
0.0741267
0.182809
0.144208
0.121636
0.21509
0.21326
0.154468
0.0734676
0.068659
0.114776
0.139921
0.22397
0.230618
0.230618
0.230618
0.187214
0.119486
0.230618
0.105611
0.107838
0.15027
0.230618
0.230618
0.135795
0.0872756
0.0981675
0.182931
0.089251
0.160753
0.122019
0.188387
0.230618
0.159716
0.142023
0.118478
0.106553
0.035256
0.0615535
0.0985987
0.230618
0.230618
0.219549
0.199578
0.113839
0.0597997
0.109837
0.0806087
0.126607
0.223142
0.223142
0.136511
0.0901505
0.0761639
0.143644
0.121893
0.19618
0.223142
0.175746
0.191437
0.223142
0.191895
0.204428
0.223142
0.0310012
0.032012
0.0785354
0.223142
0.223142
0.155694
0.17804
0.115668
0.0585407
0.114612
0.170568
0.194245
0.223142
0.223142
0.223142
0.199063
0.0856889
0.0834712
0.108339
0.145196
0.216214
0.148868
0.191361
0.216214
0.209382
0.165215
0.20364
0.0669102
0.216214
0.216214
0.216214
0.216214
0.0897781
0.216214
0.216214
0.0975906
0.100513
0.102308
0.100244
0.176174
0.216214
0.216214
0.179763
0.0773608
0.0808643
0.0475658
0.07051
0.123309
0.176082
0.216214
0.189175
0.178509
0.145109
0.104165
0.104001
0.232035
0.232035
0.232035
0.232035
0.115977
0.232035
0.232035
0.102377
0.134295
0.133263
0.112725
0.124371
0.179824
0.152898
0.147837
0.134586
0.123162
0.0822547
0.0829839
0.109427
0.210969
0.232035
0.225027
0.207012
0.160622
0.129285
0.0652081
0.149503
0.232035
0.190234
0.201237
0.177708
0.100646
0.0777596
0.0502304
0.179622
0.145688
0.123495
0.151132
0.186858
0.125954
0.130405
0.131822
0.128804
0.137672
0.114238
0.204733
0.197878
0.219065
0.141046
0.144624
0.177691
0.219065
0.0938055
0.146412
0.219065
0.215721
0.219065
0.215852
0.120725
0.0943763
0.0699384
0.165738
0.0750699
0.147429
0.199224
0.219065
0.219065
0.219065
0.142002
0.137289
0.13864
0.187292
0.224234
0.170242
0.19622
0.224234
0.147047
0.198724
0.208792
0.0451593
0.0889922
0.152419
0.148513
0.186423
0.153477
0.200425
0.134625
0.0432258
0.0420178
0.160671
0.224234
0.206097
0.224234
0.224234
0.224234
0.224234
0.0720113
0.0344511
0.13239
0.151332
0.210506
0.224234
0.093521
0.0945274
0.11314
0.0767503
0.0928429
0.114137
0.162253
0.162122
0.204282
0.192671
0.216984
0.131686
0.0677216
0.0730481
0.211477
0.18589
0.184137
0.216984
0.205821
0.165756
0.0983504
0.0531536
0.0574798
0.173012
0.205447
0.216984
0.216984
0.142853
0.108804
0.142367
0.109115
0.0571404
0.197686
0.216984
0.216984
0.216984
0.202544
0.216984
0.150712
0.0387453
0.0904866
0.15692
0.140114
0.210095
0.2282
0.139763
0.127123
0.107264
0.0815391
0.0585349
0.0925521
0.100812
0.2282
0.2282
0.226757
0.200156
0.113909
0.0682768
0.0649653
0.178274
0.2282
0.2282
0.155022
0.187465
0.184244
0.150447
0.06579
0.0962268
0.2282
0.2282
0.199386
0.178663
0.2282
0.2282
0.0778074
0.0808829
0.0582882
0.0471845
0.0862742
0.220394
0.220394
0.173236
0.179294
0.106517
0.071397
0.170117
0.179153
0.166161
0.216479
0.220394
0.220394
0.197498
0.0918262
0.113672
0.102359
0.209843
0.220394
0.203003
0.137162
0.220394
0.195006
0.0694355
0.0883345
0.0914022
0.169855
0.177237
0.220394
0.134685
0.166775
0.16337
0.171424
0.191352
0.161899
0.119764
0.113154
0.20017
0.220153
0.220153
0.209441
0.0974045
0.115515
0.0710643
0.0676007
0.141094
0.220153
0.220153
0.173398
0.220153
0.183715
0.100744
0.113782
0.130871
0.209589
0.220153
0.14037
0.143389
0.149494
0.159482
0.153363
0.0856566
0.0657384
0.215847
0.205571
0.220153
0.173671
0.170095
0.181994
0.137187
0.109705
0.0792076
0.130077
0.226603
0.226603
0.204269
0.226603
0.191236
0.11835
0.0680966
0.136726
0.226603
0.226603
0.226603
0.176135
0.145658
0.123092
0.0367066
0.11061
0.0620544
0.226603
0.226603
0.226603
0.214333
0.170958
0.181484
0.169532
0.028815
0.0713417
0.0775376
0.148228
0.173224
0.140824
0.220437
0.124549
0.132229
0.105668
0.160166
0.221138
0.221138
0.221138
0.221138
0.170777
0.151188
0.0691083
0.21568
0.106583
0.140847
0.21008
0.221138
0.221138
0.221138
0.183341
0.177018
0.0434838
0.0904766
0.0841207
0.154674
0.213327
0.186598
0.219537
0.123969
0.16982
0.0693284
0.0638993
0.150516
0.181157
0.138383
0.178424
0.166325
0.0766023
0.120757
0.066249
0.146604
0.219133
0.210213
0.185301
0.223376
0.223376
0.223376
0.0936021
0.0483245
0.144605
0.148328
0.177277
0.223376
0.140573
0.100091
0.101704
0.0846302
0.12921
0.113814
0.113681
0.202339
0.223376
0.190716
0.159567
0.223376
0.127765
0.0942673
0.173408
0.0949058
0.129249
0.223376
0.21273
0.197427
0.205558
0.112904
0.0437959
0.143274
0.175114
0.183004
0.220785
0.138236
0.0857997
0.0917261
0.0908666
0.0479937
0.207147
0.187678
0.220785
0.220785
0.137414
0.194049
0.108324
0.0624937
0.103515
0.184345
0.0944809
0.114879
0.2161
0.185946
0.193461
0.205633
0.113573
0.120375
0.220785
0.155467
0.193423
0.220785
0.220785
0.205871
0.170251
0.192399
0.0494333
0.189556
0.21148
0.21148
0.158084
0.132224
0.146453
0.101542
0.0718415
0.0822691
0.21148
0.196912
0.160944
0.163402
0.205586
0.21148
0.072763
0.0676244
0.115957
0.21148
0.16079
0.170148
0.210981
0.21148
0.180256
0.128741
0.169543
0.138087
0.21148
0.21148
0.147533
0.13158
0.166743
0.206727
0.21148
0.100874
0.111812
0.209753
0.209753
0.209753
0.155125
0.209404
0.209753
0.073542
0.0925473
0.121539
0.209753
0.202389
0.209753
0.157761
0.169567
0.182987
0.15575
0.19488
0.162321
0.200771
0.209753
0.190416
0.103518
0.152069
0.186127
0.209753
0.122629
0.0932755
0.129844
0.0866609
0.0828425
0.127132
0.156139
0.14878
0.133468
0.204163
0.123823
0.164062
0.212243
0.212243
0.148775
0.144842
0.143911
0.136256
0.156336
0.109725
0.106044
0.202853
0.204026
0.212243
0.186108
0.212243
0.212243
0.14768
0.0917347
0.122096
0.132241
0.117753
0.15734
0.138802
0.123914
0.0946736
0.172214
0.102681
0.149297
0.193889
0.200822
0.212243
0.212243
0.202086
0.176815
0.193791
0.111573
0.110346
0.21659
0.21659
0.21659
0.201318
0.207202
0.197224
0.175454
0.0362559
0.0559847
0.0589803
0.15752
0.18472
0.143137
0.21659
0.163722
0.124722
0.103868
0.148357
0.203043
0.195769
0.21659
0.21659
0.21659
0.20076
0.21659
0.0719365
0.100888
0.116845
0.155355
0.180675
0.150642
0.134702
0.139474
0.136024
0.0580714
0.0947927
0.0865748
0.199587
0.218316
0.213435
0.218316
0.169279
0.206848
0.0684538
0.0993538
0.152618
0.153858
0.145695
0.168589
0.172647
0.0802009
0.111383
0.093682
0.123549
0.125327
0.218316
0.218316
0.218316
0.218316
0.201607
0.218316
0.191936
0.218316
0.153297
0.218316
0.218316
0.0453163
0.101991
0.0678379
0.170555
0.113357
0.105791
0.0965652
0.163024
0.261618
0.261618
0.187772
0.172062
0.0786897
0.110115
0.182253
0.0836621
0.0913047
0.261618
0.261618
0.187369
0.171126
0.117918
0.011628
0.0114369
0.134194
0.243366
0.261618
0.261618
0.0924875
0.0359869
0.0255904
0.0252359
0.0206467
0.110479
0.223771
0.261618
0.261618
0.171811
0.028008
0.028723
0.100099
0.176274
0.0925783
0.0795088
0.228255
0.225663
0.186132
0.160992
0.10721
0.102786
0.258816
0.125083
0.125848
0.258816
0.212373
0.193796
0.112281
0.193993
0.0263813
0.0279721
0.114158
0.210909
0.258816
0.258816
0.189303
0.0411098
0.0351195
0.0211104
0.0445828
0.0520135
0.115206
0.258816
0.258816
0.258816
0.0842433
0.042719
0.103421
0.252791
0.141444
0.124412
0.210777
0.183223
0.173808
0.0870969
0.170134
0.140505
0.23139
0.195183
0.11888
0.116175
0.117913
0.185032
0.216746
0.0909699
0.0229059
0.0760857
0.0664148
0.117042
0.252791
0.252791
0.252791
0.0645684
0.0394062
0.0323734
0.15616
0.135105
0.19123
0.252791
0.252791
0.252791
0.0892401
0.0314474
0.173984
0.227755
0.234677
0.172606
0.0978777
0.130702
0.177537
0.191175
0.11801
0.115376
0.118804
0.0854877
0.0903912
0.137579
0.14579
0.137048
0.127125
0.210473
0.0366363
0.234273
0.192325
0.234677
0.234677
0.234677
0.234677
0.0917355
0.0523477
0.104626
0.119812
0.107506
0.187829
0.1862
0.214823
0.106286
0.234677
0.134206
0.097357
0.120355
0.114098
0.11995
0.165614
0.132695
0.104404
0.0909408
0.180293
0.1291
0.177213
0.197994
0.165551
0.21103
0.21103
0.197492
0.183199
0.21103
0.0532791
0.149468
0.166754
0.21103
0.142076
0.169532
0.122637
0.167193
0.128189
0.0748692
0.19986
0.21103
0.195396
0.173235
0.183671
0.21006
0.21103
0.21103
0.110021
0.179038
0.186309
0.156328
0.216195
0.216195
0.194897
0.17724
0.216195
0.0716299
0.0840801
0.0977254
0.0932079
0.159236
0.136059
0.132994
0.161862
0.123206
0.108393
0.216195
0.216195
0.208746
0.160555
0.204281
0.216195
0.216195
0.216195
0.106115
0.120083
0.0996655
0.132593
0.159739
0.0772526
0.137867
0.216195
0.216195
0.0930689
0.113213
0.117612
0.14606
0.218931
0.218931
0.19948
0.198369
0.202166
0.139615
0.218931
0.145585
0.194759
0.218931
0.0494098
0.0675709
0.0716167
0.124527
0.218931
0.218931
0.130244
0.176384
0.211022
0.137796
0.167249
0.218931
0.218931
0.0798509
0.218931
0.105682
0.129176
0.160162
0.0850808
0.104238
0.21326
0.150568
0.00581703
0.0176074
0.156181
0.278306
0.309328
0.309328
0.16719
0.0212554
0.0107224
0.036286
0.02795
0.126771
0.260078
0.309328
0.309328
0.235239
0.0287344
0.0386668
0.0270529
0.0851768
0.133833
0.188099
0.209432
0.0575246
0.113463
0.122786
0.0783538
0.0194135
0.0356546
0.22356
0.272931
0.229211
0.092584
0.0666193
0.0884567
0.0325084
0.0360315
0.0404988
0.129855
0.234691
0.284502
0.284502
0.263044
0.0491195
0.0472109
0.0226483
0.0271305
0.105278
0.148436
0.284502
0.284502
0.284502
0.0857153
0.0586207
0.0159797
0.0196188
0.177871
0.269272
0.238241
0.0889999
0.0614488
0.0914701
0.0345258
0.00169984
0.0111204
0.134388
0.234256
0.284502
0.187163
0.168721
0.0334616
0.00266795
0.0272554
0.0841523
0.116566
0.14906
0.260774
0.260774
0.260774
0.0670185
0.0497046
0.0479809
0.21416
0.158821
0.201316
0.260774
0.260774
0.226219
0.0864924
0.0395554
0.000772827
0.0171602
0.153262
0.260774
0.260774
0.140558
0.11719
0.0204349
0.0022405
0.00347444
0.0265088
0.189997
0.260774
0.260774
0.245102
0.0917758
0.00885077
0.0124017
0.0448488
0.249594
0.177278
0.204784
0.249594
0.249594
0.235405
0.0809835
0.0504855
0.0723431
0.0987953
0.0953433
0.221388
0.249594
0.249594
0.0880272
0.183749
0.108694
0.00240149
0.0300745
0.202241
0.249594
0.249594
0.229336
0.0783911
0.00633515
0.0112555
0.0169885
0.00250343
0.0851743
0.249594
0.249594
0.249594
0.0336594
0.0293246
0.0210518
0.0338753
0.113072
0.137546
0.213661
0.233746
0.233746
0.120118
0.133461
0.109639
0.086401
0.186822
0.210495
0.162772
0.233746
0.233746
0.229279
0.233746
0.233746
0.00877146
0.011007
0.0874692
0.233746
0.233746
0.233746
0.0483475
0.0218295
0.0134057
0.0312413
0.035783
0.117145
0.233746
0.233746
0.214798
0.14961
0.0709662
0.100526
0.104054
0.197347
0.226427
0.188167
0.228885
0.247539
0.247539
0.204236
0.244042
0.0979471
0.1021
0.081388
0.114675
0.179502
0.108131
0.160008
0.247539
0.173772
0.0441313
0.0490231
0.135144
0.247539
0.247539
0.200825
0.14972
0.0552699
0.0686329
0.035631
0.0154546
0.0375204
0.123877
0.247539
0.247539
0.154399
0.0487382
0.0621162
0.171425
0.193133
0.103535
0.149637
0.208781
0.161576
0.170751
0.280532
0.165788
0.0580081
0.275192
0.0901031
0.100993
0.167353
0.0891849
0.0909728
0.159678
0.140327
0.0728367
0.0526277
0.0626968
0.180564
0.305969
0.305969
0.166711
0.0441018
0.0520373
0.0417273
0.0740813
0.0274635
0.0994184
0.305969
0.305969
0.167026
0.0698262
0.0785014
0.0763508
0.191677
0.267345
0.274965
0.274965
0.126699
0.221275
0.242846
0.165348
0.0476707
0.0830229
0.274965
0.274965
0.274965
0.181208
0.119076
0.161232
0.0762281
0.0890756
0.0580464
0.0757961
0.0818993
0.0883841
0.0357319
0.0829933
0.1361
0.217736
0.16228
0.147216
0.190133
0.0848401
0.0970379
0.0339237
0.081005
0.165302
0.164731
0.0367104
0.0387178
0.289033
0.289033
0.289033
0.153787
0.096386
0.142337
0.0758992
0.0334268
0.0751255
0.289033
0.289033
0.289033
0.218778
0.216937
0.061356
0.0231628
0.0932955
0.0832052
0.114628
0.0899918
0.101833
0.0466715
0.100399
0.155589
0.147986
0.132163
0.272112
0.156476
0.141141
0.240467
0.0679275
0.101162
0.105646
0.0749168
0.0204798
0.050524
0.276139
0.289187
0.289187
0.142705
0.115837
0.0543803
0.0418796
0.0123101
0.0557659
0.289187
0.289187
0.289187
0.289187
0.099387
0.0433629
0.0389733
0.0886208
0.154963
0.106291
0.0971558
0.137449
0.0724644
0.0983088
0.119679
0.19522
0.0873788
0.123407
0.140441
0.223561
0.26889
0.142978
0.087485
0.0726627
0.163944
0.0063728
0.0409348
0.258368
0.318026
0.318026
0.294592
0.058223
0.0446014
0.0444314
0.00338899
0.00532403
0.130385
0.318026
0.318026
0.318026
0.0482561
0.00782308
0.0101877
0.0712957
0.0531089
0.0973275
0.162517
0.170099
0.134117
0.0794318
0.105249
0.244436
0.0352321
0.0785758
0.173546
0.18525
0.17866
0.0968503
0.0694485
0.081239
0.140495
0.00121846
0.00415023
0.109444
0.30099
0.30099
0.30099
0.0905793
0.00779704
0.00526949
0.0645411
0.0572914
0.151883
0.30099
0.30099
0.30099
0.296519
0.045963
0.200724
0.0364323
0.0803394
0.120992
0.160641
0.123099
0.0911491
0.0648429
0.101756
0.126983
0.0754981
0.046776
0.108478
0.30099
0.192861
0.0771826
0.0776767
0.0857578
0.0783268
0.0658538
0.0600532
0.151491
0.288565
0.288565
0.288565
0.267594
0.0317971
0.119346
0.04882
0.00955601
0.0328176
0.215782
0.288565
0.288565
0.23423
0.0397686
0.0596895
0.0602431
0.0724766
0.110754
0.288565
0.171969
0.0823884
0.0509212
0.0684545
0.0610416
0.0110312
0.0427613
0.185391
0.279534
0.288565
0.0536803
0.0380981
0.0423607
0.0116523
0.0720083
0.0369322
0.0446935
0.247242
0.302605
0.302605
0.198771
0.0353087
0.0372348
0.0484375
0.0707639
0.0513954
0.165891
0.302605
0.302605
0.135239
0.057707
0.100178
0.00212666
0.0452079
0.17069
0.302605
0.291616
0.0729785
0.032779
0.0276066
0.00717256
0
0.00329107
0.157259
0.302605
0.291128
0.186706
0.0412052
0.0101209
0.000108153
0.187838
0.115584
0.1175
0.128757
0.178466
0.0783589
0.132661
0.196359
0.245274
0.245274
0.245274
0.245274
0.144577
0.208532
0.0447211
0.125209
0.245274
0.245274
0.245274
0.19956
0.0533345
0.0671721
0.139533
0.0259799
0.0420391
0.149168
0.245274
0.245274
0.202378
0.122346
0.0811808
0.0965577
0.0262952
0.0590506
0.149389
0.116827
0.179067
0.151609
0.217337
0.142793
0.188625
0.0603513
0.164887
0.247737
0.247737
0.247737
0.247737
0.247737
0.247737
0.247737
0.0541693
0.109324
0.181898
0.173556
0.124481
0.116033
0.10253
0.0747898
0.074192
0.0124718
0.039018
0.140587
0.171056
0.247737
0.238313
0.0506
0.0974936
0.222786
0.0136467
0.0297527
0.0807205
0.120326
0.185613
0.236748
0.175942
0.140321
0.222594
0.0852737
0.129135
0.220868
0.236748
0.139944
0.210007
0.219785
0.236748
0.236748
0.236748
0.138208
0.179908
0.236748
0.190378
0.127144
0.0323407
0.0532744
0.113864
0.012286
0.0221456
0.0848248
0.236748
0.205473
0.162483
0.0503929
0.0819021
0.131319
0.0184867
0.0564248
0.126546
0.212297
0.116437
0.0902523
0.136797
0.247842
0.247842
0.238381
0.139501
0.247842
0.247842
0.0708401
0.144179
0.247842
0.247842
0.247842
0.164644
0.132402
0.130874
0.237367
0.210962
0.0993125
0.0461429
0.0573358
0.0858152
0.0165657
0.0442111
0.108052
0.247842
0.167799
0.121102
0.0513964
0.0725953
0.218552
0.00774079
0.00285872
0.0832579
0.247842
0.0813053
0.142536
0.251602
0.251602
0.236462
0.171198
0.136722
0.186522
0.24742
0.116122
0.0783307
0.186693
0.251602
0.251602
0.16051
0.154217
0.150391
0.136049
0.197925
0.143997
0.0429711
0.0576347
0.179867
0.0124708
0.0123468
0.0906439
0.251602
0.101075
0.126122
0.0317302
0.0651142
0.146401
0.150683
0.199369
0.246134
0.172318
0.120648
0.130884
0.189474
0.286658
0.286658
0.16239
0.110581
0.127301
0.118824
0.0350398
0.0870495
0.286658
0.286658
0.286658
0.124101
0.0680761
0.0820978
0.0548861
0.148986
0.207448
0.0523583
0.0906725
0.142381
0.111433
0.141806
0.187755
0.122202
0.111858
0.236248
0.194213
0.187806
0.159137
0.0542864
0.0636435
0.135671
0.206905
0.0288279
0.0983849
0.28154
0.291273
0.291273
0.124314
0.0497704
0.0526656
0.0498122
0.0152996
0.016277
0.291273
0.291273
0.291273
0.126705
0.040978
0.036879
0.0175451
0.115126
0.238012
0.160288
0.182711
0.140639
0.0368096
0.0411764
0.108824
0.23397
0.0837046
0.142512
0.090869
0.166489
0.130707
0.136819
0.1036
0.186477
0.282741
0.256094
0.236629
0.0678929
0.0843503
0.176053
0.0387857
0.0516683
0.185589
0.256094
0.256094
0.222831
0.145569
0.121043
0.163079
0.0325322
0.0690978
0.212956
0.123136
0.256094
0.141066
0.0228969
0.0712127
0.247774
0.000377541
0.00845141
0.160866
0.256094
0.256094
0.160527
0.0498323
0.0884274
0.256094
0.0103157
0.0324185
0.0974372
0.256094
0.192377
0.167928
0.155842
0.118806
0.135183
0.0092801
0.0500848
0.230963
0.233971
0.249603
0.249603
0.0813163
0.16909
0.249603
0.0124621
0.0392286
0.117796
0.185413
0.248085
0.140696
0.0429451
0.0746004
0.237985
0.0100594
0.0374666
0.13971
0.249603
0.214671
0.106365
0.0427309
0.249603
0.249603
0.00228064
0.0134648
0.142652
0.249603
0.251763
0.211182
0.0637778
0.100896
0.195285
0.0107081
0.0372067
0.140169
0.251763
0.251763
0.251763
0.0771364
0.150702
0.22119
0.0247615
0.102141
0.235899
0.251763
0.221247
0.0911928
0.0309055
0.162082
0.251763
0.0031828
0.0164392
0.124394
0.251763
0.195582
0.125393
0.0174317
0.114878
0.209607
0.0296131
0.06659
0.116391
0.251763
0.279059
0.155999
0.0691077
0.0864679
0.119338
0.018468
0.0710868
0.187881
0.279059
0.279059
0.224754
0.0694209
0.117675
0.279059
0.00560787
0.00486333
0.131474
0.279059
0.205284
0.0836902
0.0139308
0.0604879
0.102983
0.0166505
0.0431637
0.0990238
0.279059
0.269683
0.166051
0.0604301
0.0886226
0.279059
0.00320606
0.00936394
0.107284
0.279059
0.259104
0.212177
0.0602618
0.0855378
0.254806
0.00740103
0.0145274
0.141602
0.259104
0.159525
0.183179
0.0355804
0.0663341
0.196515
0.246195
0.259104
0.259104
0.259104
0.257164
0.116435
0.0391488
0.0766719
0.239462
0.000315443
0.007064
0.107772
0.259104
0.172484
0.0993543
0.0402213
0.0465588
0.0985329
0.0131598
0.0300208
0.121031
0.259104
0.230933
0.230933
0.0726856
0.10357
0.224433
0.172194
0.214976
0.230933
0.22369
0.210094
0.230933
0.230933
0.230933
0.228141
0.101806
0.0793688
0.204571
0.230933
0.181589
0.108878
0.0389485
0.0769393
0.137983
0.0149552
0.0297682
0.0749663
0.194716
0.15079
0.101181
0.0154966
0.110009
0.230933
0.00479711
0.0291246
0.104432
0.230933
0.217765
0.243377
0.233641
0.243377
0.207299
0.0483984
0.0526337
0.168594
0.243377
0.132388
0.203984
0.130016
0.243377
0.243377
0.165144
0.169798
0.243377
0.243377
0.125758
0.0785888
0.0223076
0.106172
0.23651
0.00994643
0.0283963
0.0745061
0.243377
0.12185
0.103426
0.0665054
0.0579693
0.0902284
0.0405571
0.0305449
0.126662
0.243377
0.258896
0.115181
0.0190388
0.0789788
0.258896
0.00420679
0.0132001
0.188473
0.258896
0.258896
0.145028
0.0401749
0.120344
0.258896
0.0130486
0.0364258
0.118319
0.258896
0.258896
0.157011
0.0881453
0.0586154
0.21635
0.0568219
0.0587631
0.188653
0.236506
0.258896
0.13631
0.0604524
0.0957073
0.258896
0.0192422
0.0232169
0.0913545
0.258896
0.26268
0.134645
0.0317677
0.0898042
0.236212
0.0132038
0.0414326
0.149768
0.26268
0.204512
0.107739
0.0332455
0.26268
0.26268
0.00129756
0.0204397
0.151846
0.249855
0.26268
0.120822
0.0455193
0.083335
0.220869
0.0277907
0.0310776
0.103366
0.26268
0.188791
0.149178
0.0485355
0.23509
0.26268
0.0142854
0.0191403
0.114944
0.23475
0.253072
0.125028
0.0322141
0.216142
0.253072
0.00568831
0.0332171
0.163463
0.253072
0.243327
0.143504
0.0107628
0.148682
0.253072
0.0451092
0.0874134
0.135654
0.253072
0.237146
0.154499
0.05434
0.179235
0.253072
0.0298362
0.0360703
0.160762
0.253072
0.205146
0.0797945
0.0312528
0.121857
0.208582
0.0633607
0.0517928
0.0926646
0.253072
0.292611
0.117134
0.0132057
0.0891602
0.157111
0.0332672
0.0733717
0.14778
0.292611
0.292611
0.289489
0.0921366
0.135041
0.292611
0.00632364
0.0232333
0.171178
0.292611
0.202389
0.0609779
0.0321378
0.0692931
0.106447
0.0528477
0.052738
0.118105
0.292611
0.183862
0.173773
0.0600721
0.061383
0.147008
0.0165834
0.0289376
0.12252
0.283764
0.29241
0.223781
0.0678751
0.129583
0.29241
0.00487158
0.0287937
0.210453
0.29241
0.29241
0.19552
0.0713498
0.0892565
0.153607
0.0263396
0.0352121
0.165042
0.29241
0.194299
0.157272
0.0536874
0.0709196
0.168386
0.0210906
0.0460401
0.148192
0.29241
0.1512
0.139879
0.0767238
0.0666326
0.102612
0.0533518
0.100178
0.136326
0.219721
0.25712
0.204466
0.0731497
0.132341
0.224038
0.0370328
0.0535932
0.116594
0.25712
0.25712
0.191895
0.0231667
0.179026
0.25712
0.00792815
0.0323448
0.176113
0.25712
0.195249
0.178799
0.0877694
0.0914081
0.152807
0.0613946
0.113416
0.122869
0.20254
0.25712
0.128751
0.0154698
0.126124
0.25712
0.0234693
0.0398203
0.140585
0.25712
0.262609
0.132502
0.031837
0.158536
0.264973
0.0143063
0.0382301
0.140403
0.264973
0.201323
0.174613
0.0933788
0.120974
0.198138
0.0493639
0.0492805
0.258446
0.264973
0.264973
0.10402
0.0176601
0.0880848
0.24215
0.0140436
0.042566
0.14073
0.264973
0.180927
0.0959877
0.0408421
0.10763
0.206687
0.0271035
0.0619726
0.193801
0.264973
0.213508
0.103864
0.0581431
0.0581954
0.20205
0.036999
0.0510685
0.145277
0.176908
0.23814
0.109137
0.044628
0.093409
0.21787
0.0141684
0.0233532
0.0830322
0.23814
0.167838
0.140713
0.232787
0.141038
0.23814
0.135485
0.127245
0.220759
0.231414
0.23814
0.167673
0.23814
0.180621
0.23814
0.0816477
0.111175
0.162159
0.23814
0.262432
0.101844
0.0392584
0.0864097
0.190064
0.021413
0.0340405
0.0866905
0.262432
0.153783
0.122073
0.0302448
0.186616
0.262432
0.0174524
0.0203065
0.086488
0.211174
0.262432
0.170915
0.262432
0.234928
0.262432
0.105498
0.15112
0.055147
0.245405
0.170145
0.10598
0.0141327
0.161504
0.262432
0.00887
0.0246426
0.0923719
0.262432
0.252223
0.180438
0.0514585
0.200039
0.252223
0.0413813
0.0509946
0.16572
0.252223
0.224473
0.0924617
0.03388
0.150816
0.252223
0.0860526
0.0485044
0.0863954
0.252223
0.252048
0.165322
0.0264159
0.193136
0.252223
0.016999
0.046337
0.147483
0.252223
0.153433
0.141653
0.0978406
0.145907
0.208307
0.0579137
0.0449568
0.0879655
0.252223
0.263381
0.0968068
0.0513507
0.113052
0.160307
0.0859831
0.0643508
0.147963
0.263381
0.250115
0.257188
0.0802669
0.0851194
0.203221
0.0350197
0.0596236
0.168645
0.263381
0.216274
0.154791
0.102133
0.121341
0.175243
0.0512134
0.0362259
0.157018
0.263381
0.263381
0.229389
0.0617528
0.0717772
0.144995
0.0249826
0.060075
0.202299
0.263381
0.236377
0.214567
0.0734972
0.0879178
0.209127
0.041863
0.0848797
0.189115
0.236377
0.200093
0.224667
0.101397
0.114835
0.153158
0.0873365
0.140236
0.191211
0.236377
0.236377
0.220675
0.0727103
0.0921755
0.195152
0.0233634
0.0529682
0.220104
0.236377
0.236377
0.169882
0.0747482
0.0791779
0.0917407
0.1136
0.147925
0.153883
0.236377
0.233755
0.242883
0.102748
0.127146
0.184077
0.0918075
0.145404
0.158119
0.223733
0.242883
0.170667
0.0215609
0.14574
0.242883
0.0247427
0.0482285
0.182956
0.242883
0.242883
0.191337
0.0805122
0.122421
0.178724
0.0897003
0.127935
0.119969
0.214034
0.148342
0.061226
0.0471083
0.242883
0.242883
0.0430044
0.0723952
0.106017
0.242883
0.257069
0.136436
0.0180268
0.097415
0.257069
0.0151453
0.0512257
0.186336
0.257069
0.216111
0.138927
0.0300314
0.108261
0.254229
0.0275969
0.0812335
0.219429
0.257069
0.210341
0.0622872
0.0312475
0.160926
0.257069
0.0230686
0.0572202
0.102034
0.257069
0.257069
0.124871
0.0601297
0.154034
0.223531
0.0273391
0.0968569
0.119621
0.257069
0.138462
0.0942542
0.103459
0.0914067
0.183294
0.0564265
0.0605015
0.135133
0.229533
0.202106
0.151444
0.189678
0.123069
0.232491
0.0364591
0.0450239
0.101848
0.234968
0.234968
0.175131
0.151921
0.132525
0.223089
0.0361859
0.055367
0.229931
0.234968
0.152663
0.234524
0.234968
0.189854
0.234968
0.0206097
0.0535453
0.177713
0.234968
0.214228
0.19813
0.257421
0.18126
0.257421
0.05352
0.0676323
0.0596692
0.232283
0.143452
0.0817216
0.00677455
0.136008
0.257421
0.0105146
0.0177802
0.0674966
0.251493
0.121941
0.257421
0.257421
0.257421
0.257421
0.0234727
0.0569632
0.105103
0.15733
0.167912
0.11758
0.0283887
0.13175
0.239308
0.00124057
0.0233824
0.0541851
0.252483
0.258806
0.170724
0.0199576
0.213304
0.258806
0.0222558
0.0545273
0.139646
0.258806
0.170913
0.138538
0.0808671
0.169412
0.221247
0.068511
0.0411124
0.0927424
0.258806
0.258806
0.192544
0.054989
0.232635
0.258806
0.00697856
0.0605693
0.139907
0.258806
0.107416
0.130775
0.0741386
0.142162
0.164989
0.0345292
0.0893959
0.10151
0.258806
0.231715
0.152989
0.0881431
0.130954
0.158706
0.0563893
0.0383158
0.141883
0.26018
0.252188
0.1926
0.0530269
0.0803535
0.141725
0.038648
0.0574794
0.180863
0.26018
0.159907
0.126311
0.0764614
0.146618
0.185899
0.0475054
0.0830336
0.144948
0.26018
0.26018
0.146051
0.0219826
0.221825
0.26018
0.022183
0.0668539
0.254423
0.26018
0.245154
0.199692
0.0719518
0.0899145
0.170332
0.0412974
0.0505682
0.187983
0.247955
0.218221
0.18564
0.0690721
0.0842475
0.10759
0.0914945
0.138171
0.164766
0.247955
0.247955
0.139167
0.0290476
0.190961
0.247955
0.0588083
0.0543372
0.221773
0.247955
0.247955
0.123398
0.0374631
0.0691328
0.223184
0.0674526
0.0539978
0.191526
0.247955
0.245824
0.238341
0.0798714
0.131125
0.210701
0.0934277
0.132213
0.153801
0.219979
0.128336
0.0639392
0.0455467
0.24032
0.245824
0.0438171
0.0829292
0.140564
0.245824
0.245824
0.166558
0.0619216
0.0922855
0.245824
0.0972851
0.0627352
0.16764
0.245824
0.151761
0.104208
0.0377384
0.184487
0.245824
0.0788822
0.0648124
0.152395
0.245824
0.191301
0.0693432
0.0297411
0.155239
0.257555
0.0304982
0.0667951
0.136905
0.257555
0.257555
0.160831
0.0490759
0.144037
0.255101
0.0183908
0.104876
0.142183
0.257555
0.179988
0.0945204
0.0402091
0.149093
0.257555
0.0543786
0.0491936
0.130086
0.257555
0.257555
0.116995
0.012607
0.146521
0.257555
0.0322739
0.0796658
0.191412
0.257555
