0.120507
0.124078
0.0808021
0.16609
0.28581
0.145356
0.0371486
0.115068
0.0964297
0.092654
0.0574318
0.042097
0.174568
0.28581
0.16843
0.193428
0.157156
0.0951686
0.175223
0.205293
0.206265
0.198755
0.177865
0.107713
0.172462
0.178045
0.197571
0.155416
0.207021
0.0600671
0.154184
0.238788
0.0907247
0.199597
0.274226
0.102876
0.0779431
0.0868444
0.0383645
0.177859
0.269116
0.190123
0.185645
0.141635
0.0912107
0.100616
0.0952768
0.0441835
0.217451
0.269116
0.209618
0.0840605
0.113425
0.0809048
0.168917
0.201414
0.0617084
0.15809
0.224804
0.10971
0.236024
0.215752
0.146341
0.1799
0.19627
0.176695
0.174814
0.269116
0.0633764
0.138702
0.160129
0.180144
0.100594
0.155962
0.0760385
0.196429
0.285975
0.268144
0.0915315
0.114433
0.0868507
0.0633105
0.111134
0.108959
0.156491
0.285975
0.164206
0.0760423
0.100304
0.121921
0.199433
0.213937
0.166773
0.198728
0.285975
0.10244
0.192403
0.168897
0.244088
0.0859373
0.142636
0.152092
0.0974873
0.19441
0.10998
0.187772
0.138926
0.106079
0.0847715
0.141258
0.156606
0.149898
0.313008
0.191536
0.101639
0.135434
0.157502
0.0787604
0.100847
0.0974982
0.254276
0.313008
0.187002
0.0938001
0.100581
0.108246
0.0810429
0.151665
0.170192
0.077249
0.213856
0.1668
0.262828
0.184105
0.115994
0.0892028
0.156595
0.0720354
0.124455
0.261429
0.225559
0.141372
0.115406
0.153109
0.10841
0.107064
0.118141
0.26618
0.30407
0.192003
0.102823
0.156676
0.148766
0.0443196
0.0446883
0.105161
0.267707
0.30407
0.243213
0.100083
0.145509
0.101312
0.103616
0.15963
0.108574
0.130369
0.207842
0.240083
0.168318
0.13849
0.153706
0.0635207
0.175654
0.0856938
0.145225
0.180494
0.215657
0.135278
0.116553
0.119911
0.0557991
0.0640935
0.0980927
0.234936
0.303665
0.25335
0.118511
0.16587
0.100454
0.0633081
0.115568
0.178111
0.27943
0.303665
0.163173
0.0896148
0.0902471
0.087048
0.0733204
0.162472
0.119067
0.172287
0.167529
0.205447
0.174781
0.12464
0.11577
0.06813
0.125414
0.211748
0.194045
0.199009
0.210173
0.117189
0.147466
0.150478
0.0611323
0.114008
0.162173
0.21782
0.28791
0.179032
0.0958658
0.0979521
0.0709671
0.0696462
0.0599218
0.0949732
0.185732
0.28791
0.265149
0.14009
0.211843
0.207839
0.0628228
0.110461
0.179245
0.147047
0.194353
0.178152
0.142405
0.14485
0.12801
0.0882622
0.0945904
0.141081
0.189828
0.196694
0.119199
0.10343
0.204153
0.28791
0.123945
0.210752
0.210912
0.210912
0.18296
0.131681
0.205291
0.20503
0.175726
0.152087
0.210125
0.091515
0.150451
0.210912
0.106028
0.210912
0.210912
0.0948681
0.0967332
0.136584
0.175373
0.144728
0.172941
0.158343
0.093158
0.145626
0.149672
0.108868
0.191619
0.0574572
0.180648
0.210912
0.147321
0.157527
0.205964
0.168755
0.16166
0.207021
0.10179
0.165521
0.214288
0.130281
0.214288
0.214288
0.137172
0.214288
0.214288
0.173987
0.166225
0.214288
0.0985551
0.164021
0.19441
0.199837
0.132777
0.204308
0.0775929
0.170056
0.214288
0.150632
0.149168
0.146576
0.148979
0.151869
0.144572
0.124436
0.187492
0.168368
0.11509
0.123629
0.0885813
0.146697
0.21964
0.21964
0.217178
0.203966
0.21964
0.158271
0.21964
0.21964
0.21964
0.122979
0.140591
0.179608
0.125938
0.21964
0.150002
0.21964
0.190858
0.113179
0.192359
0.166778
0.145921
0.183093
0.187765
0.135827
0.120318
0.0796262
0.173674
0.0380438
0.0538645
0.132421
0.157378
0.203547
0.115999
0.0723495
0.0872322
0.082467
0.101675
0.153932
0.220177
0.108648
0.220177
0.21354
0.220177
0.220177
0.132857
0.113649
0.198747
0.10144
0.154961
0.220177
0.220177
0.183588
0.154629
0.18678
0.0461408
0.062338
0.125124
0.150441
0.220177
0.145617
0.105772
0.113043
0.086812
0.144726
0.19024
0.149024
0.161518
0.220177
0.18612
0.220177
0.140207
0.13656
0.109079
0.175899
0.125864
0.147469
0.21201
0.21201
0.192006
0.166636
0.179729
0.0747356
0.204237
0.104357
0.144279
0.201765
0.21201
0.165345
0.172489
0.103438
0.106966
0.157972
0.121728
0.151243
0.21201
0.195095
0.21201
0.152041
0.155611
0.104347
0.201645
0.176241
0.207242
0.21201
0.173322
0.105115
0.12905
0.150523
0.0891538
0.190144
0.144076
0.180711
0.191103
0.208732
0.208332
0.18518
0.113769
0.084687
0.133196
0.208732
0.173726
0.195445
0.208732
0.153996
0.184148
0.150713
0.0828726
0.182396
0.164666
0.208732
0.208732
0.198554
0.142883
0.159093
0.208732
0.0612034
0.0769987
0.0791427
0.180993
0.208732
0.162397
0.176923
0.132324
0.142921
0.0791297
0.125854
0.207936
0.155864
0.190378
0.189479
0.16726
0.164908
0.128933
0.104813
0.104073
0.165093
0.196191
0.22084
0.136933
0.128449
0.22084
0.22084
0.0456986
0.0764872
0.102649
0.194791
0.216933
0.127983
0.182673
0.123286
0.165091
0.0951061
0.115512
0.176739
0.22084
0.22084
0.169541
0.22084
0.22084
0.155468
0.0898582
0.139198
0.212895
0.194322
0.208047
0.202269
0.152453
0.194738
0.185088
0.127901
0.212895
0.112977
0.182799
0.212895
0.193847
0.212895
0.212895
0.212895
0.0798992
0.133451
0.143162
0.119183
0.196719
0.162455
0.1188
0.126965
0.184531
0.112347
0.153909
0.114297
0.163002
0.212593
0.127081
0.14147
0.141751
0.132077
0.14659
0.211718
0.134053
0.190127
0.211718
0.18236
0.181805
0.198
0.16033
0.185181
0.180618
0.169798
0.211718
0.186627
0.175208
0.188408
0.14315
0.13775
0.06977
0.145717
0.111758
0.134402
0.17364
0.116284
0.144534
0.137357
0.12425
0.105676
0.211718
0.166663
0.211718
0.211718
0.100931
0.142194
0.161515
0.192435
0.211537
0.196305
0.179093
0.208499
0.178696
0.177822
0.157536
0.113544
0.153447
0.058074
0.0653364
0.154206
0.18454
0.213859
0.101231
0.0748883
0.111991
0.0996606
0.079895
0.213859
0.130888
0.213859
0.213859
0.116784
0.169421
0.211886
0.213859
0.0872655
0.213859
0.179099
0.18022
0.213859
0.166637
0.107849
0.178346
0.195638
0.0754438
0.0747415
0.146825
0.18723
0.215829
0.123817
0.116014
0.142914
0.133681
0.118909
0.215829
0.199073
0.215829
0.215829
0.173286
0.215829
0.188316
0.137084
0.108367
0.215829
0.163112
0.164572
0.215829
0.163884
0.117808
0.215829
0.215829
0.101996
0.130493
0.172109
0.202402
0.195844
0.118352
0.0834606
0.159069
0.137524
0.0995084
0.201296
0.157007
0.206246
0.212834
0.193633
0.212834
0.206843
0.172301
0.101951
0.212834
0.187666
0.212834
0.212834
0.189438
0.163243
0.200638
0.135599
0.10841
0.159947
0.163476
0.188532
0.169766
0.131513
0.0902236
0.166369
0.133662
0.0459617
0.102742
0.125074
0.160375
0.207571
0.110805
0.103205
0.212834
0.119966
0.0799014
0.178776
0.153881
0.184422
0.213616
0.186245
0.16091
0.19043
0.192111
0.0896095
0.106422
0.157705
0.185173
0.199908
0.174317
0.213616
0.152483
0.163582
0.064939
0.0961361
0.141074
0.155467
0.182599
0.137362
0.107072
0.19977
0.114571
0.0934472
0.136147
0.213616
0.213616
0.213616
0.213616
0.213616
0.194407
0.112303
0.0760543
0.115992
0.185865
0.200474
0.166777
0.13818
0.18461
0.129863
0.18207
0.102699
0.104835
0.157726
0.214345
0.214345
0.162285
0.198352
0.214345
0.153558
0.114704
0.141114
0.214345
0.205703
0.179413
0.214345
0.214345
0.160304
0.129044
0.0732979
0.203406
0.206694
0.137103
0.1227
0.135833
0.214345
0.140421
0.0795478
0.0759113
0.120332
0.188689
0.172822
0.213116
0.157501
0.127357
0.149193
0.191788
0.0897422
0.127477
0.137866
0.17017
0.213116
0.150521
0.143056
0.181412
0.12908
0.0534634
0.213116
0.213116
0.213116
0.15839
0.131671
0.141754
0.199181
0.12954
0.114913
0.134253
0.129242
0.159085
0.213116
0.213116
0.213116
0.213116
0.213116
0.062991
0.134086
0.120392
0.13736
0.185869
0.12267
0.147672
0.161425
0.106373
0.0939823
0.215838
0.195485
0.215838
0.215838
0.111249
0.169244
0.154895
0.141444
0.0926987
0.133736
0.143435
0.147215
0.179184
0.140432
0.215838
0.215838
0.210131
0.121502
0.215838
0.157849
0.215838
0.201611
0.0934669
0.215838
0.215838
0.175521
0.0730857
0.211805
0.112707
0.185719
0.195823
0.100205
0.178057
0.186555
0.18838
0.0818367
0.188689
0.163442
0.166932
0.211581
0.110867
0.0950462
0.15325
0.171317
0.114358
0.211805
0.161192
0.211805
0.198561
0.0720714
0.211805
0.176488
0.120609
0.133108
0.175452
0.163451
0.211805
0.199371
0.131896
0.141153
0.17448
0.211805
0.114393
0.218435
0.155679
0.182122
0.218435
0.116665
0.125006
0.218435
0.218435
0.0726209
0.137751
0.165618
0.218435
0.184239
0.0946312
0.0576258
0.151198
0.117716
0.176617
0.218435
0.218435
0.218435
0.218435
0.149086
0.12046
0.164188
0.218435
0.082596
0.131618
0.147861
0.1324
0.172
0.190197
0.169962
0.127487
0.13853
0.0997872
0.187709
0.187228
0.213396
0.201694
0.134769
0.088453
0.189963
0.14995
0.0555912
0.123783
0.120054
0.191884
0.19805
0.120814
0.171959
0.213396
0.135535
0.0761895
0.202981
0.213396
0.169072
0.213396
0.210619
0.201036
0.167157
0.127954
0.0852161
0.193756
0.15864
0.213396
0.213396
0.122731
0.118981
0.168033
0.133337
0.0740085
0.10733
0.132404
0.156989
0.167001
0.141627
0.153441
0.186896
0.128298
0.130168
0.158882
0.225865
0.225865
0.225865
0.225865
0.225865
0.210904
0.143425
0.0618288
0.168219
0.113257
0.199115
0.225865
0.105522
0.109513
0.165115
0.12382
0.0509944
0.196728
0.164145
0.190375
0.208307
0.167652
0.193643
0.191497
0.0643617
0.151552
0.164705
0.215959
0.215959
0.168059
0.215959
0.215959
0.178967
0.169661
0.107418
0.184184
0.185955
0.177639
0.142438
0.144372
0.204583
0.147806
0.113595
0.0712171
0.21405
0.161012
0.160434
0.170154
0.134018
0.173985
0.178735
0.0921015
0.141171
0.183848
0.131803
0.215959
0.109576
0.131564
0.170633
0.125435
0.181354
0.0432737
0.164473
0.16158
0.20752
0.173861
0.130223
0.108667
0.158003
0.131854
0.103567
0.120364
0.111091
0.149396
0.193863
0.195226
0.20752
0.20752
0.166906
0.0143562
0.183999
0.20752
0.177155
0.20752
0.192317
0.204192
0.20752
0.196997
0.0326601
0.0932524
0.147642
0.190622
0.20752
0.20752
0.152471
0.191682
0.157665
0.10422
0.131634
0.119086
0.138063
0.182741
0.161726
0.224049
0.218923
0.185437
0.115907
0.224049
0.180132
0.187408
0.172652
0.0971068
0.224049
0.224049
0.13819
0.0376814
0.0826414
0.170545
0.18755
0.198883
0.174456
0.169432
0.180602
0.150501
0.147832
0.224049
0.174836
0.154509
0.197684
0.144114
0.109037
0.147093
0.101156
0.11305
0.214958
0.162121
0.168608
0.168489
0.0797895
0.214958
0.205973
0.115395
0.113408
0.179356
0.190533
0.214958
0.165631
0.115912
0.163254
0.207551
0.214958
0.12537
0.214958
0.144199
0.123991
0.189168
0.115127
0.104277
0.145665
0.101881
0.0815501
0.19462
0.171837
0.180872
0.21436
0.0842379
0.214958
0.214958
0.153043
0.132181
0.215126
0.210115
0.215126
0.215126
0.11621
0.141562
0.170539
0.174273
0.0843302
0.135432
0.159015
0.125742
0.159861
0.137941
0.117803
0.124927
0.115842
0.0956912
0.182354
0.190993
0.215126
0.215126
0.0908218
0.215126
0.215126
0.178294
0.0951197
0.120218
0.175296
0.191
0.201651
0.148034
0.195369
0.215126
0.103572
0.086641
0.203955
0.197157
0.158119
0.211059
0.155145
0.138681
0.148211
0.120263
0.101802
0.165162
0.124795
0.186721
0.211059
0.131867
0.128615
0.132083
0.144079
0.147394
0.211059
0.211059
0.211059
0.211059
0.160452
0.211059
0.211059
0.143556
0.120921
0.19292
0.16444
0.134894
0.191291
0.180709
0.166714
0.128645
0.109371
0.105638
0.169332
0.107476
0.190111
0.213391
0.124612
0.155405
0.183167
0.18576
0.0806127
0.169382
0.177668
0.197975
0.213391
0.174753
0.185229
0.194718
0.0928285
0.154429
0.20806
0.127133
0.15864
0.213391
0.142366
0.154821
0.117696
0.152369
0.139079
0.132488
0.0639753
0.110179
0.210094
0.213391
0.202983
0.177447
0.213391
0.0996648
0.174326
0.170168
0.184697
0.188991
0.131235
0.149174
0.176999
0.116346
0.144337
0.179607
0.126337
0.213273
0.19604
0.149002
0.117096
0.143097
0.213273
0.148248
0.122891
0.060646
0.119661
0.213273
0.183932
0.159187
0.14621
0.20075
0.171493
0.213273
0.147414
0.19589
0.213273
0.114978
0.201736
0.142851
0.213273
0.0193128
0.160877
0.185601
0.169195
0.208741
0.20607
0.181602
0.189191
0.208741
0.0464842
0.107565
0.164262
0.17614
0.208741
0.208741
0.176841
0.184412
0.152241
0.0923009
0.149535
0.141486
0.130655
0.208741
0.139956
0.160769
0.119933
0.127844
0.162595
0.122895
0.171728
0.138738
0.208741
0.172018
0.208741
0.175698
0.198383
0.0544361
0.0930861
0.149987
0.15438
0.199271
0.185304
0.187467
0.182262
0.164494
0.154143
0.218402
0.177808
0.173807
0.196198
0.13757
0.107065
0.177333
0.112241
0.155372
0.139039
0.174987
0.150117
0.186533
0.147745
0.196723
0.167958
0.218402
0.218402
0.218402
0.182782
0.18937
0.14642
0.173418
0.0848046
0.126052
0.138707
0.137668
0.210855
0.156689
0.138197
0.184426
0.104102
0.105006
0.162838
0.131809
0.0988271
0.190219
0.210855
0.163565
0.182989
0.110444
0.210855
0.210855
0.142516
0.187381
0.210855
0.134156
0.152776
0.126327
0.175001
0.0844427
0.147935
0.209546
0.210855
0.186163
0.210855
0.110684
0.124124
0.175625
0.196467
0.16754
0.178684
0.111704
0.191726
0.211863
0.200473
0.211863
0.111748
0.211863
0.211863
0.152162
0.101417
0.116334
0.206755
0.174806
0.183934
0.131122
0.157572
0.211863
0.0914457
0.169329
0.152913
0.211863
0.133288
0.203285
0.195808
0.168159
0.190621
0.1979
0.0614531
0.0935126
0.138386
0.138092
0.211863
0.14588
0.082579
0.123858
0.178732
0.152946
0.207689
0.212222
0.212222
0.212222
0.136826
0.173047
0.212222
0.129943
0.109658
0.181757
0.148952
0.105677
0.168411
0.20903
0.165651
0.151674
0.131005
0.0780423
0.174734
0.186371
0.173784
0.212222
0.174193
0.0755232
0.149604
0.204469
0.113661
0.212222
0.0883428
0.126323
0.212222
0.143543
0.163704
0.13663
0.173293
0.157178
0.183958
0.13887
0.138073
0.217607
0.170867
0.158881
0.143425
0.184963
0.126562
0.107973
0.0555088
0.11278
0.217607
0.217607
0.185871
0.126383
0.217607
0.142416
0.217607
0.0896548
0.117116
0.217607
0.163134
0.167637
0.162015
0.179378
0.118158
0.0956818
0.0149872
0.145328
0.204525
0.205064
0.217607
0.193768
0.217607
0.150832
0.0999462
0.0677189
0.138759
0.21736
0.181762
0.142129
0.102167
0.21736
0.126703
0.185398
0.146321
0.21736
0.21736
0.128279
0.184174
0.1577
0.21736
0.121219
0.124871
0.020824
0.134678
0.182741
0.162356
0.205116
0.169498
0.180214
0.21736
0.21736
0.150652
0.121085
0.202678
0.123556
0.209157
0.152614
0.171218
0.108326
0.144325
0.143384
0.171467
0.214337
0.163414
0.208214
0.139466
0.135893
0.132053
0.147818
0.213229
0.148343
0.214337
0.185011
0.214337
0.21251
0.214337
0.064754
0.105558
0.170557
0.192667
0.214337
0.144405
0.214337
0.147591
0.171721
0.0671557
0.0838115
0.0965161
0.0951978
0.188533
0.212168
0.214337
0.108451
0.160827
0.150237
0.167515
0.188959
0.151116
0.213956
0.133118
0.217762
0.206927
0.217762
0.217762
0.217762
0.191709
0.217762
0.194065
0.166001
0.108002
0.155828
0.17138
0.0563978
0.0845514
0.0945525
0.11803
0.217762
0.159726
0.164949
0.112746
0.178852
0.101546
0.0925011
0.12021
0.147167
0.217762
0.138501
0.138719
0.135076
0.207394
0.209126
0.213385
0.155455
0.199787
0.163305
0.158682
0.104723
0.174667
0.213385
0.213385
0.18721
0.213385
0.148236
0.146258
0.213385
0.184346
0.213302
0.207265
0.0873609
0.121679
0.136463
0.128998
0.213385
0.105527
0.100584
0.12791
0.176601
0.111444
0.182608
0.09138
0.149861
0.183491
0.111431
0.145306
0.185171
0.142287
0.212058
0.158143
0.212058
0.168949
0.212058
0.212058
0.164819
0.212058
0.212058
0.087409
0.095944
0.167464
0.150631
0.20033
0.16813
0.098585
0.146867
0.172145
0.132593
0.212058
0.141411
0.157007
0.2015
0.0968701
0.13567
0.175355
0.0996309
0.0648367
0.119127
0.212058
0.209811
0.142157
0.106347
0.159985
0.176355
0.201748
0.0966693
0.157479
0.193415
0.168605
0.206748
0.18138
0.0835229
0.177162
0.179541
0.108879
0.206748
0.114471
0.145304
0.206748
0.118924
0.163526
0.182665
0.206748
0.0919036
0.194077
0.206748
0.191529
0.147122
0.138539
0.169053
0.168298
0.184248
0.131667
0.17314
0.143443
0.171491
0.175873
0.116887
0.206748
0.194416
0.159874
0.119837
0.21123
0.118979
0.118679
0.21123
0.133877
0.150626
0.177119
0.19574
0.129479
0.106633
0.015606
0.14211
0.190643
0.188541
0.21123
0.16222
0.21123
0.1458
0.193514
0.178806
0.159506
0.183269
0.148914
0.18821
0.174426
0.134759
0.165819
0.21123
0.196228
0.170805
0.183785
0.12229
0.21123
0.140564
0.114266
0.13429
0.140313
0.0319866
0.142136
0.168071
0.155773
0.205138
0.130421
0.2026
0.165889
0.207631
0.184626
0.141767
0.207631
0.146752
0.191604
0.157986
0.124491
0.161345
0.207631
0.207631
0.16925
0.17898
0.140941
0.207631
0.123413
0.12219
0.115819
0.207631
0.173641
0.193924
0.184113
0.141923
0.199676
0.115338
0.155584
0.081815
0.112381
0.178954
0.198016
0.214763
0.124222
0.216605
0.18003
0.198352
0.0676147
0.119139
0.115239
0.0794022
0.216605
0.198301
0.216605
0.123323
0.215314
0.127588
0.147399
0.139598
0.142048
0.151128
0.113451
0.176874
0.17412
0.216605
0.205921
0.216605
0.0835599
0.127708
0.216605
0.107108
0.11163
0.209418
0.216605
0.08148
0.134558
0.12604
0.111202
0.230422
0.158956
0.185125
0.135638
0.219453
0.0998415
0.115514
0.122517
0.148679
0.230422
0.15544
0.137731
0.132875
0.230422
0.230422
0.230422
0.136629
0.203088
0.230422
0.0753371
0.0764944
0.189935
0.230422
0.113104
0.125752
0.0851643
0.0860946
0.155549
0.152882
0.153269
0.230422
0.230422
0.0955517
0.136552
0.140978
0.147789
0.218633
0.119185
0.119257
0.149915
0.218633
0.131924
0.198043
0.136606
0.174493
0.218633
0.162627
0.155742
0.218633
0.134933
0.109248
0.168502
0.116969
0.126417
0.218633
0.132306
0.132325
0.202329
0.218633
0.105886
0.133281
0.124857
0.218633
0.218633
0.151778
0.174611
0.218633
0.175286
0.147436
0.211282
0.140448
0.157661
0.211282
0.13822
0.139714
0.197225
0.0850123
0.102385
0.11898
0.198569
0.169115
0.131494
0.123377
0.161279
0.202044
0.206972
0.147496
0.186739
0.172861
0.211282
0.211282
0.145184
0.171261
0.198922
0.103783
0.167093
0.183483
0.211282
0.159123
0.185661
0.0685015
0.101574
0.211282
0.150317
0.129514
0.180562
0.19976
0.149087
0.127459
0.150639
0.163131
0.187468
0.167229
0.117044
0.145901
0.155023
0.172843
0.208897
0.0939347
0.208897
0.208897
0.16044
0.208897
0.208897
0.208897
0.155701
0.174141
0.0778799
0.143949
0.208897
0.136555
0.0838618
0.201767
0.0882596
0.175878
0.208897
0.105291
0.170162
0.208897
0.130863
0.137371
0.185863
0.182474
0.168955
0.210708
0.1215
0.203928
0.196206
0.1406
0.163884
0.210708
0.17505
0.177413
0.20967
0.0943984
0.210708
0.165218
0.137844
0.106447
0.210708
0.100231
0.161097
0.210708
0.105751
0.186284
0.210708
0.112598
0.114589
0.172098
0.0981054
0.112378
0.146886
0.158987
0.210708
0.111448
0.202551
0.155095
0.208013
0.192128
0.167972
0.199507
0.116877
0.187364
0.116156
0.135281
0.102265
0.208013
0.185881
0.175511
0.208013
0.151391
0.189661
0.117997
0.137045
0.1488
0.208013
0.104292
0.111565
0.196586
0.12988
0.187108
0.0736343
0.146832
0.114686
0.171398
0.132285
0.208013
0.208013
0.180083
0.197338
0.184061
0.187564
0.14308
0.161536
0.137911
0.133347
0.167614
0.135672
0.222028
0.222925
0.223065
0.223065
0.223065
0.129258
0.110698
0.223065
0.10741
0.130397
0.223065
0.223065
0.0803637
0.0943413
0.116974
0.169757
0.202765
0.0852052
0.202902
0.142053
0.188489
0.0787514
0.14962
0.14279
0.0996769
0.211124
0.102063
0.155278
0.155588
0.223065
0.229778
0.229778
0.1871
0.167833
0.229778
0.0756565
0.1005
0.210421
0.229778
0.114095
0.148255
0.106331
0.0831062
0.226684
0.229778
0.105164
0.229778
0.229778
0.0785775
0.186423
0.172279
0.11917
0.229778
0.0812652
0.101268
0.135305
0.176831
0.0590195
0.103748
0.0897866
0.102269
0.229778
0.136792
0.184915
0.154888
0.158051
0.103099
0.168297
0.13008
0.117636
0.224489
0.174127
0.102759
0.185865
0.224489
0.12345
0.133976
0.155253
0.187477
0.224489
0.187299
0.158958
0.224489
0.224489
0.0790219
0.121713
0.103493
0.161821
0.224489
0.105005
0.127721
0.117905
0.146991
0.0657186
0.0969468
0.124182
0.224489
0.224489
0.152384
0.157976
0.224489
0.224489
0.144649
0.175125
0.173403
0.177196
0.213319
0.160815
0.152237
0.179573
0.114364
0.140835
0.170463
0.202583
0.119216
0.203312
0.0772317
0.0840571
0.188676
0.147376
0.114992
0.133737
0.161179
0.213319
0.213319
0.134413
0.123705
0.213319
0.213319
0.100515
0.174937
0.199018
0.213319
0.213319
0.0789344
0.142046
0.20755
0.134002
0.197804
0.216786
0.216786
0.132042
0.198966
0.105843
0.126337
0.216786
0.122455
0.0853182
0.15951
0.0861659
0.165092
0.216786
0.105712
0.178393
0.174655
0.131774
0.162652
0.216786
0.216786
0.216786
0.216786
0.0982108
0.155108
0.216786
0.119108
0.0715467
0.186657
0.216786
0.116723
0.166695
0.117864
0.151053
0.190618
0.0685396
0.117791
0.214354
0.0949431
0.186582
0.214354
0.118357
0.201529
0.214354
0.124045
0.0979998
0.154748
0.0843687
0.140227
0.205789
0.149467
0.194769
0.105374
0.208354
0.109872
0.20603
0.214354
0.176395
0.214354
0.156691
0.180706
0.214354
0.102388
0.0855687
0.137657
0.124723
0.191415
0.214354
0.205242
0.115851
0.0992204
0.189734
0.1407
0.219036
0.0904781
0.16305
0.219036
0.143246
0.160181
0.0788235
0.165825
0.12244
0.187461
0.137384
0.219036
0.219036
0.216756
0.219036
0.208039
0.219036
0.113708
0.121845
0.0950759
0.210097
0.219036
0.214854
0.116671
0.0833584
0.183161
0.0577975
0.0695444
0.11708
0.219036
0.208908
0.0939277
0.139086
0.186588
0.112792
0.0854699
0.12668
0.135252
0.171658
0.209994
0.131925
0.209994
0.181582
0.206624
0.106569
0.135268
0.182666
0.141647
0.209994
0.106418
0.203996
0.207826
0.209994
0.0977501
0.17913
0.163224
0.153629
0.158279
0.100654
0.110498
0.208282
0.209994
0.133056
0.197997
0.175887
0.191888
0.203319
0.132892
0.110461
0.126849
0.203708
0.0799251
0.173806
0.20982
0.14266
0.21826
0.0848816
0.142829
0.163023
0.147359
0.0659148
0.151979
0.133708
0.130465
0.21826
0.21826
0.186857
0.18284
0.215485
0.122009
0.217128
0.1422
0.14265
0.181116
0.0821769
0.131488
0.141403
0.21826
0.0847222
0.18718
0.191893
0.153472
0.177295
0.0959323
0.193694
0.21826
0.21826
0.0818804
0.156973
0.15105
0.154058
0.223137
0.145787
0.135347
0.135049
0.170633
0.0919923
0.0807999
0.16199
0.223137
0.223137
0.184815
0.179683
0.223137
0.223137
0.075309
0.169095
0.214114
0.120459
0.130003
0.0737745
0.175577
0.223137
0.212733
0.0578225
0.151778
0.223137
0.138451
0.144879
0.110679
0.208438
0.223137
0.1179
0.14898
0.156765
0.217961
0.217961
0.217961
0.166545
0.159214
0.217961
0.217961
0.119723
0.217961
0.217961
0.217961
0.217961
0.122767
0.160163
0.197403
0.153396
0.0610916
0.134811
0.217961
0.164988
0.152708
0.0939485
0.180405
0.217961
0.102181
0.0631968
0.102048
0.0917573
0.164166
0.182519
0.12088
0.130439
0.125545
0.0726056
0.165772
0.221154
0.221154
0.221154
0.221154
0.157562
0.177346
0.221154
0.135624
0.111522
0.186682
0.207574
0.159622
0.221154
0.131636
0.166343
0.158349
0.0945476
0.0544719
0.143403
0.104511
0.221154
0.221154
0.131291
0.153988
0.150196
0.103109
0.0923303
0.141307
0.14697
0.160692
0.221154
0.108251
0.171893
0.133946
0.138148
0.129063
0.1802
0.209017
0.209017
0.209017
0.152053
0.17706
0.201751
0.136406
0.0774963
0.147815
0.126029
0.195468
0.209017
0.209017
0.11423
0.10124
0.187608
0.0912323
0.204238
0.171014
0.172937
0.209017
0.107277
0.180234
0.154007
0.169807
0.113041
0.1904
0.149771
0.0879521
0.158477
0.192535
0.147992
0.147698
0.209017
0.0988672
0.141945
0.108807
0.221493
0.221493
0.221493
0.108705
0.105321
0.189109
0.0823497
0.11004
0.145663
0.221493
0.221493
0.119974
0.14713
0.195476
0.169144
0.117392
0.221493
0.202366
0.11544
0.197421
0.163573
0.0982074
0.155933
0.187469
0.0940703
0.173822
0.203319
0.221493
0.218402
0.11597
0.0614132
0.126123
0.221493
0.0882179
0.184598
0.13895
0.128266
0.175637
0.112403
0.13517
0.207093
0.211453
0.145804
0.192776
0.139053
0.211453
0.186321
0.117564
0.167105
0.147994
0.18672
0.137151
0.203742
0.167507
0.123409
0.182693
0.120981
0.16126
0.140387
0.137196
0.0988288
0.211453
0.174662
0.128621
0.179688
0.182253
0.211453
0.211453
0.211453
0.132756
0.210826
0.122855
0.191794
0.171145
0.0839685
0.192083
0.150452
0.177465
0.0803218
0.209023
0.200668
0.173947
0.178382
0.108333
0.171206
0.210826
0.210826
0.0813283
0.210826
0.193023
0.115222
0.170264
0.12155
0.210826
0.210826
0.210826
0.104449
0.161809
0.147564
0.10801
0.142056
0.119592
0.156963
0.193343
0.174688
0.0920436
0.216004
0.216004
0.148149
0.149138
0.111242
0.216004
0.216004
0.216004
0.108896
0.159024
0.216004
0.174154
0.176163
0.187148
0.216004
0.216004
0.147458
0.112542
0.158287
0.170875
0.0919786
0.153565
0.0932448
0.169374
0.194391
0.128519
0.141783
0.144945
0.212424
0.128141
0.17888
0.158545
0.145974
0.155135
0.103005
0.125479
0.164334
0.215162
0.203154
0.202172
0.166265
0.215162
0.215162
0.1513
0.136232
0.144606
0.100508
0.180319
0.215162
0.202361
0.176752
0.118123
0.0889276
0.134715
0.135596
0.215162
0.156911
0.215162
0.183102
0.164779
0.13954
0.114905
0.0924985
0.135247
0.0739064
0.104787
0.197747
0.119023
0.174964
0.215162
0.2066
0.0971433
0.163274
0.113355
0.210989
0.210989
0.19225
0.177679
0.113093
0.123831
0.138192
0.170172
0.130069
0.200286
0.210989
0.183183
0.184171
0.114566
0.160361
0.100166
0.164453
0.111582
0.165435
0.210989
0.162608
0.178531
0.171988
0.193319
0.105136
0.205023
0.210989
0.140479
0.210989
0.186457
0.119997
0.152152
0.169103
0.112279
0.197221
0.149201
0.197864
0.210739
0.145836
0.177899
0.117503
0.18188
0.101967
0.159503
0.144496
0.122359
0.153431
0.201823
0.160696
0.150103
0.210739
0.102996
0.210739
0.210739
0.200396
0.210739
0.184028
0.13527
0.109235
0.122688
0.060115
0.130634
0.174555
0.203972
0.184556
0.210739
0.210739
0.163317
0.0932049
0.0925853
0.202168
0.186196
0.146699
0.194778
0.139313
0.0894401
0.147332
0.167847
0.126286
0.186892
0.212349
0.212349
0.212349
0.0950035
0.0746913
0.116804
0.212349
0.0448495
0.14768
0.173191
0.212349
0.19065
0.200371
0.212349
0.166138
0.0891506
0.0924837
0.191632
0.204644
0.146528
0.212349
0.195251
0.185877
0.173002
0.0853245
0.124916
0.20362
0.16621
0.121337
0.183038
0.128727
0.205077
0.142487
0.131775
0.101606
0.21557
0.180591
0.181073
0.16919
0.194943
0.21557
0.21557
0.21557
0.0559341
0.0877399
0.156065
0.21557
0.21557
0.141616
0.172843
0.190254
0.115024
0.097951
0.0959777
0.0833208
0.165664
0.198076
0.153706
0.163826
0.21557
0.16035
0.0946633
0.216355
0.211137
0.160926
0.158014
0.146754
0.216355
0.216355
0.214074
0.112591
0.160614
0.170626
0.133845
0.157944
0.140091
0.165826
0.216355
0.189486
0.0867318
0.118056
0.093826
0.152821
0.20526
0.161616
0.187003
0.19343
0.114017
0.0806937
0.0864973
0.216355
0.216355
0.216355
0.142616
0.115753
0.180076
0.140269
0.122002
0.161917
0.182269
0.116109
0.176561
0.123354
0.170625
0.197748
0.115322
0.181252
0.171302
0.160937
0.138491
0.208259
0.169148
0.170156
0.208259
0.130617
0.0674554
0.0977662
0.208259
0.208259
0.208259
0.159361
0.151687
0.181537
0.128166
0.140529
0.198229
0.165932
0.147408
0.188747
0.166756
0.208259
0.208259
0.123092
0.170573
0.161028
0.1617
0.149814
0.206459
0.185653
0.166264
0.170167
0.143413
0.123763
0.144819
0.0814697
0.0931979
0.206459
0.152592
0.192307
0.203771
0.184817
0.114152
0.190636
0.144843
0.150753
0.189322
0.173884
0.206459
0.206459
0.126738
0.0968624
0.206459
0.184604
0.0953397
0.206459
0.153233
0.164778
0.144631
0.205226
0.126639
0.171329
0.104846
0.128534
0.218035
0.19496
0.177158
0.135814
0.18747
0.126301
0.206661
0.218035
0.108245
0.218035
0.218035
0.145372
0.122068
0.161303
0.0754526
0.180217
0.154788
0.118052
0.218035
0.13513
0.148045
0.140651
0.19313
0.103078
0.091859
0.133848
0.177498
0.218035
0.133181
0.178374
0.218035
0.218035
0.126845
0.213399
0.213399
0.165605
0.213399
0.213399
0.125224
0.0969252
0.137264
0.0764306
0.118556
0.177026
0.213399
0.161557
0.213399
0.196133
0.154141
0.105402
0.103525
0.0982556
0.140578
0.201158
0.213399
0.109663
0.204997
0.203316
0.181651
0.104278
0.20113
0.213399
0.156519
0.208868
0.126623
0.16972
0.11268
0.107763
0.069571
0.13092
0.179393
0.20991
0.175743
0.16562
0.186874
0.166267
0.106438
0.1225
0.199084
0.209107
0.150102
0.20991
0.20991
0.173551
0.196579
0.0804506
0.109763
0.203487
0.20991
0.17793
0.200078
0.144331
0.180587
0.0841329
0.0881849
0.11682
0.20991
0.20991
0.152489
0.187478
0.20991
0.146369
0.1331
0.0665543
0.0552214
0.101853
0.176564
0.210818
0.198892
0.119596
0.188921
0.18274
0.11026
0.0767527
0.0731784
0.102496
0.171883
0.18603
0.157818
0.185901
0.210818
0.168045
0.0813665
0.134322
0.127392
0.199991
0.210818
0.14304
0.194914
0.150684
0.199546
0.141288
0.161378
0.176464
0.210818
0.210818
0.148784
0.210818
0.210818
0.18557
0.0793048
0.0972086
0.105711
0.140617
0.179074
0.165848
0.207675
0.177541
0.108414
0.0814335
0.100109
0.172527
0.211738
0.211738
0.200551
0.152892
0.207031
0.135353
0.151245
0.136284
0.142245
0.211738
0.211738
0.192926
0.211738
0.201195
0.159222
0.119047
0.138347
0.102493
0.157744
0.211738
0.211738
0.194853
0.210575
0.0810273
0.0796679
0.117884
0.165392
0.202872
0.202051
0.188579
0.145319
0.164812
0.119371
0.146997
0.165935
0.121876
0.151468
0.198078
0.118155
0.201356
0.208436
0.127249
0.125382
0.140828
0.0989196
0.133939
0.187288
0.198983
0.177292
0.206227
0.127901
0.102858
0.208436
0.202114
0.208436
0.207897
0.0979347
0.160362
0.208436
0.208436
0.123726
0.168407
0.115252
0.141094
0.194481
0.116971
0.16351
0.189156
0.142875
0.0961233
0.207738
0.18931
0.0894186
0.164523
0.147747
0.133385
0.155865
0.153833
0.114071
0.207738
0.199061
0.207738
0.187557
0.0676655
0.149968
0.201912
0.207738
0.0766148
0.200484
0.207738
0.192434
0.188476
0.158879
0.207738
0.207738
0.139236
0.0822759
0.20538
0.158607
0.0998691
0.208291
0.146536
0.131843
0.150934
0.18049
0.113946
0.11139
0.11581
0.12779
0.208291
0.189967
0.181923
0.200204
0.208291
0.111289
0.208291
0.208291
0.197829
0.208291
0.167506
0.208291
0.202704
0.135604
0.0690774
0.104542
0.113352
0.122775
0.186931
0.172117
0.208291
0.190334
0.163566
0.134531
0.123301
0.11272
0.158241
0.214172
0.171919
0.212396
0.214172
0.205373
0.129375
0.214172
0.214172
0.181365
0.214172
0.133544
0.176471
0.0975045
0.0919014
0.107018
0.118139
0.152085
0.168701
0.214172
0.190501
0.200273
0.151546
0.149276
0.0695922
0.132626
0.189334
0.178899
0.214172
0.195896
0.131506
0.0889654
0.148124
0.133494
0.207418
0.187664
0.168767
0.211599
0.137979
0.158893
0.0817728
0.0856748
0.126305
0.211599
0.19139
0.184953
0.211599
0.211599
0.175729
0.211599
0.107708
0.0718571
0.124263
0.209126
0.191151
0.211599
0.18463
0.120273
0.0921077
0.130225
0.113391
0.118291
0.173004
0.165017
0.211599
0.211599
0.157127
0.13293
0.168624
0.0984835
0.162456
0.155003
0.155539
0.210146
0.114803
0.185471
0.161867
0.180282
0.15429
0.169463
0.193658
0.175344
0.203906
0.129506
0.210146
0.209277
0.187482
0.0440506
0.0921003
0.0934824
0.167327
0.210146
0.210146
0.150989
0.165929
0.208252
0.0765616
0.141177
0.100799
0.210146
0.165202
0.12663
0.191938
0.210146
0.171446
0.179901
0.178987
0.16841
0.166223
0.20436
0.155799
0.221185
0.201417
0.183979
0.171175
0.158862
0.0906432
0.139773
0.200347
0.221185
0.19594
0.204288
0.0981786
0.0779026
0.16185
0.10959
0.221185
0.149446
0.0975286
0.186463
0.214491
0.172345
0.08192
0.158957
0.156422
0.221185
0.221185
0.0827961
0.102312
0.0998916
0.109551
0.179397
0.164955
0.0810431
0.123371
0.175715
0.208565
0.172257
0.205211
0.172758
0.121047
0.208565
0.200803
0.208565
0.191788
0.117855
0.167202
0.20562
0.208565
0.0671931
0.129778
0.151008
0.208565
0.208565
0.0777068
0.120542
0.131214
0.173109
0.162507
0.207443
0.19974
0.192405
0.105565
0.0525151
0.12837
0.131465
0.208565
0.128979
0.207126
0.189731
0.203618
0.171053
0.0708498
0.154233
0.179939
0.207126
0.0979475
0.204511
0.207126
0.207126
0.148462
0.155993
0.19913
0.207126
0.139512
0.115678
0.173259
0.181158
0.157304
0.0907696
0.0590742
0.127193
0.156455
0.20687
0.116279
0.146943
0.171984
0.167692
0.202641
0.106751
0.165593
0.207126
0.179751
0.118527
0.209447
0.209447
0.209447
0.183699
0.163108
0.196606
0.207586
0.137347
0.08706
0.148264
0.120322
0.0947492
0.170263
0.155542
0.209447
0.172444
0.152763
0.0906469
0.152408
0.169406
0.190882
0.209447
0.110146
0.151104
0.209447
0.175463
0.0899377
0.191859
0.161148
0.102033
0.152558
0.18892
0.209447
0.193686
0.13621
0.105781
0.16315
0.165983
0.134487
0.212689
0.204236
0.212689
0.163011
0.164392
0.0839784
0.133307
0.167507
0.174395
0.212689
0.196306
0.135333
0.0877306
0.138069
0.0899872
0.212689
0.212689
0.146413
0.164041
0.209526
0.212689
0.196595
0.181832
0.121518
0.0934089
0.155589
0.212689
0.194375
0.118498
0.147801
0.148241
0.149272
0.0825223
0.129193
0.2072
0.202157
0.214013
0.214013
0.127506
0.110342
0.138603
0.1371
0.152748
0.169773
0.207537
0.214013
0.214013
0.214013
0.214013
0.214013
0.0922351
0.0981922
0.165928
0.214013
0.175365
0.109468
0.154673
0.152313
0.214013
0.0960908
0.110943
0.0706416
0.0924813
0.214013
0.122637
0.214013
0.152723
0.135015
0.0625118
0.135187
0.146916
0.170715
0.216452
0.210948
0.174469
0.216452
0.216452
0.0988133
0.172839
0.117798
0.216452
0.17057
0.0957741
0.216452
0.216452
0.195575
0.0562609
0.12286
0.19949
0.168822
0.216452
0.163373
0.135131
0.132049
0.195179
0.0315044
0.151968
0.144713
0.195058
0.216452
0.182031
0.139763
0.128904
0.0889142
0.0963719
0.204605
0.127857
0.222015
0.160223
0.0681673
0.222015
0.222015
0.18563
0.147432
0.172377
0.141236
0.222015
0.222015
0.0964974
0.114116
0.110272
0.13523
0.0345992
0.136185
0.138344
0.20554
0.222015
0.159511
0.120289
0.129185
0.108606
0.0790351
0.140221
0.178031
0.222015
0.222015
0.186921
0.199473
0.134428
0.222015
0.11303
0.127483
0.121034
0.200649
0.214133
0.0963466
0.120418
0.137945
0.189066
0.19335
0.199446
0.210796
0.211165
0.0990338
0.0905019
0.124555
0.140188
0.214133
0.0939284
0.150515
0.138968
0.199878
0.214133
0.162012
0.160456
0.14519
0.214133
0.0718811
0.181242
0.206824
0.214133
0.214133
0.0862543
0.178949
0.13669
0.200701
0.146994
0.17315
0.189483
0.207279
0.106441
0.0858958
0.137316
0.170955
0.208568
0.151485
0.165201
0.165544
0.208568
0.208568
0.112251
0.195719
0.208568
0.155042
0.080259
0.195723
0.208568
0.208568
0.208568
0.0888587
0.137202
0.158336
0.208568
0.129254
0.135748
0.12748
0.14568
0.208568
0.110656
0.162214
0.169294
0.149309
0.104171
0.163141
0.168618
0.213707
0.213707
0.111952
0.181204
0.213707
0.165947
0.104732
0.212978
0.179362
0.117938
0.153487
0.168771
0.213707
0.213707
0.147113
0.110481
0.122059
0.125215
0.148517
0.213707
0.115314
0.164416
0.213707
0.213707
0.102431
0.149294
0.10205
0.0943273
0.213707
0.110231
0.200581
0.213707
0.136925
0.0791638
0.210055
0.210055
0.141891
0.168385
0.191879
0.210055
0.210055
0.192559
0.0953861
0.0997784
0.149806
0.182854
0.195408
0.126719
0.154294
0.180368
0.169574
0.110683
0.178212
0.0941335
0.121718
0.210055
0.129423
0.18525
0.210055
0.210055
0.0850718
0.119633
0.136587
0.210055
0.174168
0.205729
0.171035
0.140736
0.153027
0.0969419
0.12575
0.21119
0.21119
0.21119
0.158399
0.176651
0.208474
0.21119
0.114378
0.144868
0.0725776
0.0947959
0.21119
0.163765
0.21119
0.18801
0.146886
0.0924324
0.18376
0.181809
0.21119
0.21119
0.21119
0.163337
0.178421
0.163178
0.0562501
0.103724
0.170134
0.171147
0.125878
0.126698
0.186478
0.178835
0.10118
