0.14308
0.161536
0.137911
0.133347
0.167614
0.135672
0.222028
0.222925
0.223065
0.223065
0.223065
0.129258
0.110698
0.223065
0.10741
0.130397
0.223065
0.223065
0.0803637
0.0943413
0.116974
0.169757
0.202765
0.0852052
0.202902
0.142053
0.188489
0.0787514
0.14962
0.14279
0.0996769
0.211124
0.102063
0.155278
0.155588
0.223065
0.229778
0.229778
0.1871
0.167833
0.229778
0.0756565
0.1005
0.210421
0.229778
0.114095
0.148255
0.106331
0.0831062
0.226684
0.229778
0.105164
0.229778
0.229778
0.0785775
0.186423
0.172279
0.11917
0.229778
0.0812652
0.101268
0.135305
0.176831
0.0590195
0.103748
0.0897866
0.102269
0.229778
0.136792
0.184915
0.154888
0.158051
0.103099
0.168297
0.13008
0.117636
0.224489
0.174127
0.102759
0.185865
0.224489
0.12345
0.133976
0.155253
0.187477
0.224489
0.187299
0.158958
0.224489
0.224489
0.0790219
0.121713
0.103493
0.161821
0.224489
0.105005
0.127721
0.117905
0.146991
0.0657186
0.0969468
0.124182
0.224489
0.224489
0.152384
0.157976
0.224489
0.224489
0.144649
0.175125
0.173403
0.177196
0.213319
0.160815
0.152237
0.179573
0.114364
0.140835
0.170463
0.202583
0.119216
0.203312
0.0772317
0.0840571
0.188676
0.147376
0.114992
0.133737
0.161179
0.213319
0.213319
0.134413
0.123705
0.213319
0.213319
0.100515
0.174937
0.199018
0.213319
0.213319
0.0789344
0.142046
0.20755
0.134002
0.197804
0.216786
0.216786
0.132042
0.198966
0.105843
0.126337
0.216786
0.122455
0.0853182
0.15951
0.0861659
0.165092
0.216786
0.105712
0.178393
0.174655
0.131774
0.162652
0.216786
0.216786
0.216786
0.216786
0.0982108
0.155108
0.216786
0.119108
0.0715467
0.186657
0.216786
0.116723
0.166695
0.117864
0.151053
0.190618
0.0685396
0.117791
0.214354
0.0949431
0.186582
0.214354
0.118357
0.201529
0.214354
0.124045
0.0979998
0.154748
0.0843687
0.140227
0.205789
0.149467
0.194769
0.105374
0.208354
0.109872
0.20603
0.214354
0.176395
0.214354
0.156691
0.180706
0.214354
0.102388
0.0855687
0.137657
0.124723
0.191415
0.214354
0.205242
0.115851
0.0992204
0.189734
0.1407
0.219036
0.0904781
0.16305
0.219036
0.143246
0.160181
0.0788235
0.165825
0.12244
0.187461
0.137384
0.219036
0.219036
0.216756
0.219036
0.208039
0.219036
0.113708
0.121845
0.0950759
0.210097
0.219036
0.214854
0.116671
0.0833584
0.183161
0.0577975
0.0695444
0.11708
0.219036
0.208908
0.0939277
0.139086
0.186588
0.112792
0.0854699
0.12668
0.135252
0.171658
0.209994
0.131925
0.209994
0.181582
0.206624
0.106569
0.135268
0.182666
0.141647
0.209994
0.106418
0.203996
0.207826
0.209994
0.0977501
0.17913
0.163224
0.153629
0.158279
0.100654
0.110498
0.208282
0.209994
0.133056
0.197997
0.175887
0.191888
0.203319
0.132892
0.110461
0.126849
0.203708
0.0799251
0.173806
0.20982
0.14266
0.21826
0.0848816
0.142829
0.163023
0.147359
0.0659148
0.151979
0.133708
0.130465
0.21826
0.21826
0.186857
0.18284
0.215485
0.122009
0.217128
0.1422
0.14265
0.181116
0.0821769
0.131488
0.141403
0.21826
0.0847222
0.18718
0.191893
0.153472
0.177295
0.0959323
0.193694
0.21826
0.21826
0.0818804
0.156973
0.15105
0.154058
0.223137
0.145787
0.135347
0.135049
0.170633
0.0919923
0.0807999
0.16199
0.223137
0.223137
0.184815
0.179683
0.223137
0.223137
0.075309
0.169095
0.214114
0.120459
0.130003
0.0737745
0.175577
0.223137
0.212733
0.0578225
0.151778
0.223137
0.138451
0.144879
0.110679
0.208438
0.223137
0.1179
0.14898
0.156765
0.217961
0.217961
0.217961
0.166545
0.159214
0.217961
0.217961
0.119723
0.217961
0.217961
0.217961
0.217961
0.122767
0.160163
0.197403
0.153396
0.0610916
0.134811
0.217961
0.164988
0.152708
0.0939485
0.180405
0.217961
0.102181
0.0631968
0.102048
0.0917573
0.164166
0.182519
0.12088
0.130439
0.125545
0.0726056
0.165772
0.221154
0.221154
0.221154
0.221154
0.157562
0.177346
0.221154
0.135624
0.111522
0.186682
0.207574
0.159622
0.221154
0.131636
0.166343
0.158349
0.0945476
0.0544719
0.143403
0.104511
0.221154
0.221154
0.131291
0.153988
0.150196
0.103109
0.0923303
0.141307
0.14697
0.160692
0.221154
0.108251
0.171893
0.133946
0.138148
0.129063
0.1802
0.209017
0.209017
0.209017
0.152053
0.17706
0.201751
0.136406
0.0774963
0.147815
0.126029
0.195468
0.209017
0.209017
0.11423
0.10124
0.187608
0.0912323
0.204238
0.171014
0.172937
0.209017
0.107277
0.180234
0.154007
0.169807
0.113041
0.1904
0.149771
0.0879521
0.158477
0.192535
0.147992
0.147698
0.209017
0.0988672
0.141945
0.108807
0.221493
0.221493
0.221493
0.108705
0.105321
0.189109
0.0823497
0.11004
0.145663
0.221493
0.221493
0.119974
0.14713
0.195476
0.169144
0.117392
0.221493
0.202366
0.11544
0.197421
0.163573
0.0982074
0.155933
0.187469
0.0940703
0.173822
0.203319
0.221493
0.218402
0.11597
0.0614132
0.126123
0.221493
0.0882179
0.184598
0.13895
0.128266
0.175637
0.112403
0.13517
0.207093
0.211453
0.145804
0.192776
0.139053
0.211453
0.186321
0.117564
0.167105
0.147994
0.18672
0.137151
0.203742
0.167507
0.123409
0.182693
0.120981
0.16126
0.140387
0.137196
0.0988288
0.211453
0.174662
0.128621
0.179688
0.182253
0.211453
0.211453
0.211453
0.132756
0.210826
0.122855
0.191794
0.171145
0.0839685
0.192083
0.150452
0.177465
0.0803218
0.209023
0.200668
0.173947
0.178382
0.108333
0.171206
0.210826
0.210826
0.0813283
0.210826
0.193023
0.115222
0.170264
0.12155
0.210826
0.210826
0.210826
0.104449
0.161809
0.147564
0.10801
0.142056
0.119592
0.156963
0.193343
0.174688
0.0920436
0.216004
0.216004
0.148149
0.149138
0.111242
0.216004
0.216004
0.216004
0.108896
0.159024
0.216004
0.174154
0.176163
0.187148
0.216004
0.216004
0.147458
0.112542
0.158287
0.170875
0.0919786
0.153565
0.0932448
0.169374
0.194391
0.128519
0.141783
0.144945
0.212424
0.128141
0.17888
0.158545
0.145974
0.155135
0.103005
0.125479
0.164334
0.215162
0.203154
0.202172
0.166265
0.215162
0.215162
0.1513
0.136232
0.144606
0.100508
0.180319
0.215162
0.202361
0.176752
0.118123
0.0889276
0.134715
0.135596
0.215162
0.156911
0.215162
0.183102
0.164779
0.13954
0.114905
0.0924985
0.135247
0.0739064
0.104787
0.197747
0.119023
0.174964
0.215162
0.2066
0.0971433
0.163274
0.113355
0.210989
0.210989
0.19225
0.177679
0.113093
0.123831
0.138192
0.170172
0.130069
0.200286
0.210989
0.183183
0.184171
0.114566
0.160361
0.100166
0.164453
0.111582
0.165435
0.210989
0.162608
0.178531
0.171988
0.193319
0.105136
0.205023
0.210989
0.140479
0.210989
0.186457
0.119997
0.152152
0.169103
0.112279
0.197221
0.149201
0.197864
0.210739
0.145836
0.177899
0.117503
0.18188
0.101967
0.159503
0.144496
0.122359
0.153431
0.201823
0.160696
0.150103
0.210739
0.102996
0.210739
0.210739
0.200396
0.210739
0.184028
0.13527
0.109235
0.122688
0.060115
0.130634
0.174555
0.203972
0.184556
0.210739
0.210739
0.163317
0.0932049
0.0925853
0.202168
0.186196
0.146699
0.194778
0.139313
0.0894401
0.147332
0.167847
0.126286
0.186892
0.212349
0.212349
0.212349
0.0950035
0.0746913
0.116804
0.212349
0.0448495
0.14768
0.173191
0.212349
0.19065
0.200371
0.212349
0.166138
0.0891506
0.0924837
0.191632
0.204644
0.146528
0.212349
0.195251
0.185877
0.173002
0.0853245
0.124916
0.20362
0.16621
0.121337
0.183038
0.128727
0.205077
0.142487
0.131775
0.101606
0.21557
0.180591
0.181073
0.16919
0.194943
0.21557
0.21557
0.21557
0.0559341
0.0877399
0.156065
0.21557
0.21557
0.141616
0.172843
0.190254
0.115024
0.097951
0.0959777
0.0833208
0.165664
0.198076
0.153706
0.163826
0.21557
0.16035
0.0946633
0.216355
0.211137
0.160926
0.158014
0.146754
0.216355
0.216355
0.214074
0.112591
0.160614
0.170626
0.133845
0.157944
0.140091
0.165826
0.216355
0.189486
0.0867318
0.118056
0.093826
0.152821
0.20526
0.161616
0.187003
0.19343
0.114017
0.0806937
0.0864973
0.216355
0.216355
0.216355
0.142616
0.115753
0.180076
0.140269
0.122002
0.161917
0.182269
0.116109
0.176561
0.123354
0.170625
0.197748
0.115322
0.181252
0.171302
0.160937
0.138491
0.208259
0.169148
0.170156
0.208259
0.130617
0.0674554
0.0977662
0.208259
0.208259
0.208259
0.159361
0.151687
0.181537
0.128166
0.140529
0.198229
0.165932
0.147408
0.188747
0.166756
0.208259
0.208259
0.123092
0.170573
0.161028
0.1617
0.149814
0.206459
0.185653
0.166264
0.170167
0.143413
0.123763
0.144819
0.0814697
0.0931979
0.206459
0.152592
0.192307
0.203771
0.184817
0.114152
0.190636
0.144843
0.150753
0.189322
0.173884
0.206459
0.206459
0.126738
0.0968624
0.206459
0.184604
0.0953397
0.206459
0.153233
0.164778
0.144631
0.205226
0.126639
0.171329
0.104846
0.128534
0.218035
0.19496
0.177158
0.135814
0.18747
0.126301
0.206661
0.218035
0.108245
0.218035
0.218035
0.145372
0.122068
0.161303
0.0754526
0.180217
0.154788
0.118052
0.218035
0.13513
0.148045
0.140651
0.19313
0.103078
0.091859
0.133848
0.177498
0.218035
0.133181
0.178374
0.218035
0.218035
0.126845
0.213399
0.213399
0.165605
0.213399
0.213399
0.125224
0.0969252
0.137264
0.0764306
0.118556
0.177026
0.213399
0.161557
0.213399
0.196133
0.154141
0.105402
0.103525
0.0982556
0.140578
0.201158
0.213399
0.109663
0.204997
0.203316
0.181651
0.104278
0.20113
0.213399
0.156519
0.208868
0.126623
0.16972
0.11268
0.107763
0.069571
0.13092
0.179393
0.20991
0.175743
0.16562
0.186874
0.166267
0.106438
0.1225
0.199084
0.209107
0.150102
0.20991
0.20991
0.173551
0.196579
0.0804506
0.109763
0.203487
0.20991
0.17793
0.200078
0.144331
0.180587
0.0841329
0.0881849
0.11682
0.20991
0.20991
0.152489
0.187478
0.20991
0.146369
0.1331
0.0665543
0.0552214
0.101853
0.176564
0.210818
0.198892
0.119596
0.188921
0.18274
0.11026
0.0767527
0.0731784
0.102496
0.171883
0.18603
0.157818
0.185901
0.210818
0.168045
0.0813665
0.134322
0.127392
0.199991
0.210818
0.14304
0.194914
0.150684
0.199546
0.141288
0.161378
0.176464
0.210818
0.210818
0.148784
0.210818
0.210818
0.18557
0.0793048
0.0972086
0.105711
0.140617
0.179074
0.165848
0.207675
0.177541
0.108414
0.0814335
0.100109
0.172527
0.211738
0.211738
0.200551
0.152892
0.207031
0.135353
0.151245
0.136284
0.142245
0.211738
0.211738
0.192926
0.211738
0.201195
0.159222
0.119047
0.138347
0.102493
0.157744
0.211738
0.211738
0.194853
0.210575
0.0810273
0.0796679
0.117884
0.165392
0.202872
0.202051
0.188579
0.145319
0.164812
0.119371
0.146997
0.165935
0.121876
0.151468
0.198078
0.118155
0.201356
0.208436
0.127249
0.125382
0.140828
0.0989196
0.133939
0.187288
0.198983
0.177292
0.206227
0.127901
0.102858
0.208436
0.202114
0.208436
0.207897
0.0979347
0.160362
0.208436
0.208436
0.123726
0.168407
0.115252
0.141094
0.194481
0.116971
0.16351
0.189156
0.142875
0.0961233
0.207738
0.18931
0.0894186
0.164523
0.147747
0.133385
0.155865
0.153833
0.114071
0.207738
0.199061
0.207738
0.187557
0.0676655
0.149968
0.201912
0.207738
0.0766148
0.200484
0.207738
0.192434
0.188476
0.158879
0.207738
0.207738
0.139236
0.0822759
0.20538
0.158607
0.0998691
0.208291
0.146536
0.131843
0.150934
0.18049
0.113946
0.11139
0.11581
0.12779
0.208291
0.189967
0.181923
0.200204
0.208291
0.111289
0.208291
0.208291
0.197829
0.208291
0.167506
0.208291
0.202704
0.135604
0.0690774
0.104542
0.113352
0.122775
0.186931
0.172117
0.208291
0.190334
0.163566
0.134531
0.123301
0.11272
0.158241
0.214172
0.171919
0.212396
0.214172
0.205373
0.129375
0.214172
0.214172
0.181365
0.214172
0.133544
0.176471
0.0975045
0.0919014
0.107018
0.118139
0.152085
0.168701
0.214172
0.190501
0.200273
0.151546
0.149276
0.0695922
0.132626
0.189334
0.178899
0.214172
0.195896
0.131506
0.0889654
0.148124
0.133494
0.207418
0.187664
0.168767
0.211599
0.137979
0.158893
0.0817728
0.0856748
0.126305
0.211599
0.19139
0.184953
0.211599
0.211599
0.175729
0.211599
0.107708
0.0718571
0.124263
0.209126
0.191151
0.211599
0.18463
0.120273
0.0921077
0.130225
0.113391
0.118291
0.173004
0.165017
0.211599
0.211599
0.157127
0.13293
0.168624
0.0984835
0.162456
0.155003
0.155539
0.210146
0.114803
0.185471
0.161867
0.180282
0.15429
0.169463
0.193658
0.175344
0.203906
0.129506
0.210146
0.209277
0.187482
0.0440506
0.0921003
0.0934824
0.167327
0.210146
0.210146
0.150989
0.165929
0.208252
0.0765616
0.141177
0.100799
0.210146
0.165202
0.12663
0.191938
0.210146
0.171446
0.179901
0.178987
0.16841
0.166223
0.20436
0.155799
0.221185
0.201417
0.183979
0.171175
0.158862
0.0906432
0.139773
0.200347
0.221185
0.19594
0.204288
0.0981786
0.0779026
0.16185
0.10959
0.221185
0.149446
0.0975286
0.186463
0.214491
0.172345
0.08192
0.158957
0.156422
0.221185
0.221185
0.0827961
0.102312
0.0998916
0.109551
0.179397
0.164955
0.0810431
0.123371
0.175715
0.208565
0.172257
0.205211
0.172758
0.121047
0.208565
0.200803
0.208565
0.191788
0.117855
0.167202
0.20562
0.208565
0.0671931
0.129778
0.151008
0.208565
0.208565
0.0777068
0.120542
0.131214
0.173109
0.162507
0.207443
0.19974
0.192405
0.105565
0.0525151
0.12837
0.131465
0.208565
0.128979
0.207126
0.189731
0.203618
0.171053
0.0708498
0.154233
0.179939
0.207126
0.0979475
0.204511
0.207126
0.207126
0.148462
0.155993
0.19913
0.207126
0.139512
0.115678
0.173259
0.181158
0.157304
0.0907696
0.0590742
0.127193
0.156455
0.20687
0.116279
0.146943
0.171984
0.167692
0.202641
0.106751
0.165593
0.207126
0.179751
0.118527
0.209447
0.209447
0.209447
0.183699
0.163108
0.196606
0.207586
0.137347
0.08706
0.148264
0.120322
0.0947492
0.170263
0.155542
0.209447
0.172444
0.152763
0.0906469
0.152408
0.169406
0.190882
0.209447
0.110146
0.151104
0.209447
0.175463
0.0899377
0.191859
0.161148
0.102033
0.152558
0.18892
0.209447
0.193686
0.13621
0.105781
0.16315
0.165983
0.134487
0.212689
0.204236
0.212689
0.163011
0.164392
0.0839784
0.133307
0.167507
0.174395
0.212689
0.196306
0.135333
0.0877306
0.138069
0.0899872
0.212689
0.212689
0.146413
0.164041
0.209526
0.212689
0.196595
0.181832
0.121518
0.0934089
0.155589
0.212689
0.194375
0.118498
0.147801
0.148241
0.149272
0.0825223
0.129193
0.2072
0.202157
0.214013
0.214013
0.127506
0.110342
0.138603
0.1371
0.152748
0.169773
0.207537
0.214013
0.214013
0.214013
0.214013
0.214013
0.0922351
0.0981922
0.165928
0.214013
0.175365
0.109468
0.154673
0.152313
0.214013
0.0960908
0.110943
0.0706416
0.0924813
0.214013
0.122637
0.214013
0.152723
0.135015
0.0625118
0.135187
0.146916
0.170715
0.216452
0.210948
0.174469
0.216452
0.216452
0.0988133
0.172839
0.117798
0.216452
0.17057
0.0957741
0.216452
0.216452
0.195575
0.0562609
0.12286
0.19949
0.168822
0.216452
0.163373
0.135131
0.132049
0.195179
0.0315044
0.151968
0.144713
0.195058
0.216452
0.182031
0.139763
0.128904
0.0889142
0.0963719
0.204605
0.127857
0.222015
0.160223
0.0681673
0.222015
0.222015
0.18563
0.147432
0.172377
0.141236
0.222015
0.222015
0.0964974
0.114116
0.110272
0.13523
0.0345992
0.136185
0.138344
0.20554
0.222015
0.159511
0.120289
0.129185
0.108606
0.0790351
0.140221
0.178031
0.222015
0.222015
0.186921
0.199473
0.134428
0.222015
0.11303
0.127483
0.121034
0.200649
0.214133
0.0963466
0.120418
0.137945
0.189066
0.19335
0.199446
0.210796
0.211165
0.0990338
0.0905019
0.124555
0.140188
0.214133
0.0939284
0.150515
0.138968
0.199878
0.214133
0.162012
0.160456
0.14519
0.214133
0.0718811
0.181242
0.206824
0.214133
0.214133
0.0862543
0.178949
0.13669
0.200701
0.146994
0.17315
0.189483
0.207279
0.106441
0.0858958
0.137316
0.170955
0.208568
0.151485
0.165201
0.165544
0.208568
0.208568
0.112251
0.195719
0.208568
0.155042
0.080259
0.195723
0.208568
0.208568
0.208568
0.0888587
0.137202
0.158336
0.208568
0.129254
0.135748
0.12748
0.14568
0.208568
0.110656
0.162214
0.169294
0.149309
0.104171
0.163141
0.168618
0.213707
0.213707
0.111952
0.181204
0.213707
0.165947
0.104732
0.212978
0.179362
0.117938
0.153487
0.168771
0.213707
0.213707
0.147113
0.110481
0.122059
0.125215
0.148517
0.213707
0.115314
0.164416
0.213707
0.213707
0.102431
0.149294
0.10205
0.0943273
0.213707
0.110231
0.200581
0.213707
0.136925
0.0791638
0.210055
0.210055
0.141891
0.168385
0.191879
0.210055
0.210055
0.192559
0.0953861
0.0997784
0.149806
0.182854
0.195408
0.126719
0.154294
0.180368
0.169574
0.110683
0.178212
0.0941335
0.121718
0.210055
0.129423
0.18525
0.210055
0.210055
0.0850718
0.119633
0.136587
0.210055
0.174168
0.205729
0.171035
0.140736
0.153027
0.0969419
0.12575
0.21119
0.21119
0.21119
0.158399
0.176651
0.208474
0.21119
0.114378
0.144868
0.0725776
0.0947959
0.21119
0.163765
0.21119
0.18801
0.146886
0.0924324
0.18376
0.181809
0.21119
0.21119
0.21119
0.163337
0.178421
0.163178
0.0562501
0.103724
0.170134
0.171147
0.125878
0.126698
0.186478
0.178835
0.10118
0.0528235
0.106038
0.172998
0.187195
0.214505
0.164808
0.160059
0.149025
0.171465
0.0349475
0.128469
0.133589
0.202204
0.214505
0.141862
0.152932
0.146597
0.116146
0.151542
0.21108
0.188042
0.193256
0.196621
0.191622
0.214505
0.201816
0.17582
0.0658216
0.107091
0.128972
0.157544
0.214505
0.156937
0.214505
0.214505
0.128244
0.0384994
0.135736
0.125773
0.197472
0.217899
0.149862
0.156164
0.164085
0.11459
0.0934907
0.129072
0.168392
0.193937
0.217899
0.212476
0.202638
0.156722
0.217899
0.0955329
0.159609
0.118741
0.133369
0.217899
0.144881
0.217899
0.217899
0.126289
0.0934087
0.145421
0.0942612
0.138492
0.217899
0.180167
0.181022
0.172646
0.217899
0.101939
0.159655
0.142539
0.181242
0.213145
0.188931
0.159184
0.168578
0.213145
0.105222
0.191012
0.205926
0.213145
0.213145
0.0936646
0.149532
0.145301
0.213145
0.095925
0.188256
0.128693
0.113843
0.213145
0.167021
0.11891
0.134747
0.213145
0.0880325
0.15536
0.151303
0.133348
0.191617
0.185422
0.126393
0.147829
0.213145
0.112013
0.214769
0.214769
0.214769
0.214769
0.0980015
0.120958
0.166618
0.214769
0.117998
0.179789
0.135712
0.151117
0.214769
0.104593
0.174363
0.166488
0.140298
0.100507
0.189397
0.214769
0.180176
0.214769
0.188504
0.104003
0.136811
0.214769
0.141542
0.112964
0.123259
0.143434
0.214769
0.0906932
0.0855352
0.155636
0.214769
0.102325
0.155499
0.133014
0.149958
0.220203
0.119311
0.19259
0.220203
0.220203
0.102566
0.155259
0.107057
0.132732
0.220203
0.11456
0.209643
0.220203
0.132741
0.147763
0.125549
0.154232
0.178745
0.220203
0.119782
0.115941
0.186619
0.220203
0.164591
0.113736
0.183784
0.117689
0.220203
0.137092
0.152094
0.220203
0.116236
0.11915
0.179626
0.105598
0.136875
0.213892
0.133504
0.188386
0.213892
0.206076
0.0899741
0.148515
0.143857
0.192639
0.185403
0.211779
0.184507
0.17942
0.144762
0.192619
0.153609
0.183899
0.115413
0.213892
0.159909
0.158286
0.213892
0.15214
0.130346
0.169548
0.13843
0.161151
0.195933
0.138235
0.0979552
0.19447
0.114506
0.120304
0.204967
0.188537
0.205183
0.20616
0.20616
0.177941
0.182746
0.150975
0.0680694
0.11088
0.127565
0.15126
0.153661
0.150936
0.168917
0.200214
0.146239
0.148202
0.20616
0.173093
0.167091
0.20616
0.171974
0.121012
0.198735
0.152895
0.0729098
0.0947628
0.123304
0.20616
0.20616
0.20616
0.145776
0.161771
0.155463
0.108666
0.172641
0.149299
0.190196
0.202462
0.165223
0.212149
0.200088
0.176218
0.0688496
0.0857153
0.129285
0.182848
0.212149
0.127017
0.212149
0.200821
0.154267
0.0978429
0.145688
0.0923532
0.13468
0.127099
0.101443
0.154249
0.212149
0.196286
0.106283
0.18179
0.212149
0.193658
0.146389
0.151296
0.174924
0.212149
0.212149
0.0899075
0.139385
0.114367
0.152501
0.219892
0.131731
0.219892
0.210935
0.124804
0.1016
0.157207
0.102971
0.123585
0.219892
0.18561
0.191407
0.193921
0.219892
0.126369
0.195834
0.189463
0.175884
0.190528
0.139022
0.193017
0.219892
0.219892
0.0793359
0.180698
0.112199
0.110734
0.219892
0.150923
0.10675
0.177758
0.0839869
0.101559
0.215193
0.167674
0.106855
0.215193
0.178242
0.155986
0.17374
0.202964
0.12411
0.215193
0.188594
0.107437
0.180104
0.215193
0.174485
0.156991
0.215193
0.0725748
0.169384
0.107973
0.107637
0.215193
0.152909
0.153578
0.206215
0.0832947
0.13042
0.164759
0.123495
0.130554
0.163676
0.215193
0.215193
0.144588
0.156164
0.118585
0.212481
0.212481
0.149512
0.212481
0.212481
0.148847
0.144922
0.212481
0.131024
0.159097
0.176792
0.139126
0.209761
0.0774583
0.100325
0.168407
0.212481
0.113226
0.115806
0.10064
0.11893
0.171408
0.212481
0.212481
0.204573
0.183001
0.200249
0.187698
0.158562
0.154832
0.142712
0.115632
0.185621
0.130348
0.11346
0.136606
0.160411
0.204312
0.177445
0.213639
0.114368
0.132903
0.195462
0.213639
0.159923
0.131921
0.203035
0.160037
0.213639
0.153577
0.153057
0.213639
0.117854
0.167293
0.163894
0.122072
0.171572
0.192667
0.140461
0.213639
0.152402
0.154382
0.141898
0.159943
0.201115
0.213639
0.185394
0.0934933
0.0920092
0.0912805
0.14033
0.195064
0.161974
0.20512
0.147727
0.212925
0.190046
0.170575
0.212925
0.157002
0.136706
0.212925
0.165851
0.133657
0.1902
0.166694
0.115511
0.212925
0.11992
0.136893
0.131735
0.18489
0.212925
0.187568
0.119886
0.130134
0.11783
0.206346
0.038975
0.123555
0.140668
0.12809
0.105485
0.131815
0.184763
0.212925
0.212925
0.161026
0.213009
0.166119
0.109568
0.183155
0.209326
0.141186
0.184524
0.158072
0.0789844
0.139476
0.112438
0.163228
0.213009
0.204342
0.134685
0.166955
0.197757
0.0808755
0.107649
0.124026
0.189064
0.114291
0.158611
0.195379
0.213009
0.213009
0.1366
0.213009
0.08854
0.213009
0.213009
0.0865942
0.213009
0.180266
0.105621
0.0836928
0.155998
0.0668155
0.139033
0.152117
0.113292
0.181943
0.210675
0.193294
0.0998588
0.165109
0.190568
0.210675
0.176815
0.137519
0.164114
0.210675
0.210675
0.110163
0.133454
0.0864616
0.201315
0.210675
0.210675
0.154281
0.198248
0.210675
0.0858923
0.172447
0.133417
0.12931
0.209071
0.210675
0.151322
0.168934
0.157667
0.118932
0.173557
0.167227
0.197499
0.201394
0.134083
0.200946
0.214977
0.214977
0.0820546
0.177316
0.12718
0.119556
0.214977
0.146982
0.113048
0.177711
0.0736276
0.0772005
0.197423
0.164849
0.140662
0.214977
0.214977
0.155603
0.175685
0.151806
0.0754064
0.214977
0.205677
0.135434
0.212211
0.164555
0.147241
0.146839
0.1443
0.0804835
0.177794
0.131645
0.11011
0.215712
0.153914
0.177634
0.215712
0.0763147
0.142442
0.21383
0.151701
0.116107
0.166421
0.215712
0.215712
0.14705
0.168087
0.0684312
0.215712
0.15833
0.14118
0.215712
0.168596
0.175277
0.175136
0.18714
0.108991
0.194611
0.0852865
0.146951
0.215712
0.120418
0.154253
0.166181
0.215712
0.131081
0.159036
0.139553
0.110295
0.165129
0.214291
0.214291
0.210021
0.195125
0.168103
0.177539
0.205993
0.163476
0.169808
0.119917
0.174758
0.177748
0.143243
0.126248
0.187551
0.0879202
0.162411
0.214291
0.134562
0.195093
0.182561
0.214291
0.131947
0.126388
0.13124
0.214291
0.163948
0.116385
0.122079
0.163934
0.156525
0.175755
0.172915
0.185586
0.196361
0.209099
0.157471
0.20325
0.203116
0.186333
0.172268
0.183778
0.209099
0.209099
0.188259
0.133169
0.0770358
0.12507
0.151245
0.15534
0.128458
0.154273
0.209099
0.146192
0.156138
0.158437
0.201622
0.143528
0.121277
0.146253
0.147857
0.209099
0.154248
0.10043
0.11708
0.17345
0.110764
0.155012
0.147929
0.212435
0.227353
0.171301
0.147006
0.105294
0.121148
0.182714
0.0486729
0.152507
0.153419
0.0955482
0.0932983
0.140259
0.193021
0.227353
0.218458
0.111263
0.133139
0.127173
0.213596
0.15557
0.103006
0.125312
0.181131
0.11841
0.118262
0.114903
0.122614
0.222759
0.227353
0.227353
0.189678
0.227353
0.227353
0.0622954
0.105341
0.101105
0.116658
0.0895413
0.133481
0.167116
0.198057
0.210096
0.0873752
0.209576
0.0957838
0.147537
0.15075
0.081892
0.188997
0.146509
0.0874436
0.129453
0.164554
0.127071
0.210302
0.219025
0.219025
0.118476
0.198398
0.166917
0.200198
0.219025
0.105794
0.219025
0.219025
0.219025
0.163655
0.219025
0.219025
0.10409
0.156919
0.0862445
0.218647
0.221286
0.221286
0.192076
0.220016
0.190528
0.0752184
0.159869
0.112083
0.152175
0.221286
0.209148
0.153255
0.178875
0.145643
0.0211076
0.0500945
0.0828755
0.153678
0.221286
0.221286
0.221286
0.163285
0.129198
0.0348984
0.209898
0.221286
0.221286
0.221286
0.157429
0.0599192
0.087703
0.0384321
0.0633741
0.169067
0.13586
0.13721
0.220495
0.201981
0.161839
0.172356
0.138927
0.0483052
0.182169
0.154717
0.125688
0.195151
0.172579
0.14381
0.164042
0.111158
0.0381064
0.220495
0.220495
0.220495
0.220495
0.173813
0.0818449
0.062786
0.0342838
0.0900172
0.220495
0.220495
0.156208
0.220495
0.201183
0.220495
0.220495
0.0917131
0.0508129
0.183804
0.132276
0.118965
0.210892
0.179449
0.159748
0.162148
0.132878
0.0898871
0.160328
0.083143
0.116373
0.214142
0.133718
0.16387
0.149622
0.184546
0.0760696
0.217428
0.217428
0.143296
0.185908
0.197716
0.217428
0.217428
0.130984
0.110019
0.110337
0.118873
0.199743
0.201828
0.132166
0.217428
0.217428
0.217428
0.119438
0.175495
0.106961
0.149989
0.219688
0.164272
0.191663
0.161451
0.19332
0.112546
0.103031
0.123989
0.220406
0.207616
0.115032
0.109302
0.159158
0.150486
0.110709
0.122156
0.125678
0.220406
0.20471
0.141802
0.220406
0.220406
0.220406
0.0673903
0.0639569
0.149022
0.220406
0.200605
0.149806
0.190861
0.220406
0.125178
0.127042
0.0864189
0.137486
0.250113
0.150626
0.131476
0.116224
0.174854
0.122004
0.10351
0.127948
0.125228
0.187892
0.147204
0.119157
0.109354
0.168483
0.0744169
0.0555409
0.0655773
0.210538
0.285567
0.255195
0.113354
0.180556
0.209937
0.101947
0.0252621
0.0867473
0.184982
0.285567
0.285567
0.285567
0.195993
0.108675
0.0248799
0.0914828
0.111334
0.115656
0.183236
0.133869
0.0936987
0.10811
0.15507
0.0689141
0.0864237
0.12101
0.117548
0.127604
0.221487
0.256819
0.161007
0.266242
0.164852
0.0316414
0.0729172
0.209864
0.266242
0.266242
0.260847
0.153221
0.108533
0.0885986
0.0854458
0.123328
0.145143
0.141599
0.266242
0.266242
0.156151
0.120627
0.162117
0.0996405
0.16987
0.144163
0.149724
0.2066
0.197358
0.127888
0.194536
0.123735
0.118572
0.201231
0.103857
0.169186
0.176372
0.187221
0.180353
0.190512
0.2066
0.106848
0.12941
0.133285
0.173882
0.2066
0.200473
0.147752
0.11676
0.194071
0.181276
0.164803
0.127319
0.171846
0.129351
0.2066
0.2066
0.200169
0.123094
0.0428158
0.0588527
0.0867541
0.159447
0.236089
0.248289
0.248289
0.195022
0.130547
0.0184731
0.208674
0.248289
0.239043
0.248289
0.133957
0.073828
0.0890665
0.0242615
0.248289
0.128243
0.118959
0.0709665
0.186211
0.248289
0.248289
0.248289
0.248289
0.080915
0.18426
0.176799
0.0863426
0.09157
0.0374868
0.0467091
0.0389959
0.0125416
0.0416257
0.214061
0.228023
0.228023
0.228023
0.158414
0.101646
0.0679126
0.0251423
0.117933
0.193318
0.228023
0.130604
0.228023
0.228023
0.200874
0.228023
0.114646
0.10177
0.205612
0.199508
0.110577
0.0962035
0.0377759
0.0340312
0.0294577
0.0128172
0.228023
0.228023
0.228023
0.114955
0.147414
0.0441547
0.114424
0.224674
0.228023
0.10894
0.181067
0.214848
0.104443
0.177791
0.194232
0.199914
0.20638
0.0981776
0.0926651
0.128329
0.113904
0.127515
0.18809
0.153044
0.214848
0.214848
0.138422
0.214848
0.214848
0.214848
0.135292
0.150279
0.0476198
0.0788852
0.137433
0.1647
0.0980416
0.186183
0.143217
0.196619
0.213132
0.153887
0.184641
0.2081
0.168385
0.089609
0.137738
0.116548
0.137576
0.188384
0.155997
0.215989
0.209291
0.138872
0.102953
0.13021
0.188779
0.215989
0.175343
0.125616
0.148398
0.171176
0.0832893
0.080053
0.208106
0.148542
0.210484
0.197604
0.152132
0.15735
0.154824
0.123269
0.215989
0.215989
0.170301
0.215989
0.215989
0.127212
0.18838
0.106022
0.188619
0.072389
0.0846538
0.162811
0.227301
0.197521
0.109657
0.157726
0.173166
0.0835844
0.0354593
0.100629
0.142762
0.227301
0.227301
0.227301
0.157712
0.122179
0.0751867
0.218637
0.220276
0.12935
0.227301
0.227301
0.18193
0.174612
0.109563
0.140713
0.0742311
0.155897
0.125282
0.145831
0.227301
0.149612
0.0915446
0.227301
0.227301
0.0327036
0.0692145
0.130821
0.237149
0.237149
0.171148
0.136387
0.120139
0.110178
0.0688662
0.121943
0.121572
0.103029
0.237149
0.191231
0.142399
0.115202
0.141643
0.0356633
0.0949098
0.109302
0.150951
0.237149
0.237149
0.100326
0.23205
0.237149
0.0509361
0.111706
0.174686
0.237149
0.237149
0.237149
0.180855
0.133238
0.237149
0.0900431
0.123947
0.117928
0.127548
0.231531
0.162115
0.132858
0.112694
0.174349
0.162029
0.113964
0.108396
0.122119
0.120872
0.182285
0.156951
0.129874
0.137219
0.0956309
0.129144
0.170666
0.231531
0.231531
0.231531
0.135906
0.200709
0.231531
0.231531
0.231531
0.114222
0.0930713
0.140349
0.0876047
0.218941
0.21373
0.231531
0.156683
0.0631814
0.0525802
0.0410191
0.162218
0.157465
0.274441
0.283057
0.289268
0.0445032
0.130155
0.130996
0.0609926
0.0605413
0.019034
0.0271275
0.0365237
0.0241087
0.164617
0.130713
0.204104
0.275485
0.289268
0.15517
0.160364
0.189904
0.289268
0.0338956
0.0134495
0.0464713
0.263367
0.289268
0.215444
0.0425143
0.0478731
0.0912141
0.0861962
0.153875
0.144806
0.0834806
0.0774677
0.0224894
0.0165126
0.0273749
0.0168319
0.265234
0.301901
0.15573
0.0868105
0.138178
0.043262
0.0577483
0.165849
0.209851
0.0322616
0.0546707
0.0843158
0.306813
0.308822
0.234931
0.0482724
0.0250079
0.0448037
0.122072
0.291677
0.181962
0.203907
0.308822
0.308822
0.0920111
0.0649608
0.0715851
0.240885
0.240885
0.18752
0.118359
0.164719
0.0544277
0.0501784
0.115274
0.142434
0.101932
0.178765
0.126659
0.146258
0.237242
0.189592
0.172377
0.179404
0.124476
0.133086
0.240885
0.217602
0.23282
0.240885
0.240885
0.137272
0.0559822
0.064259
0.0439141
0.0770735
0.10177
0.0941031
0.236091
0.240885
0.122871
0.135187
0.159733
0.0905243
0.204316
0.136827
0.15244
0.222551
0.17965
0.158043
0.12959
0.100991
0.22622
0.22622
0.22622
0.182126
0.216691
0.133015
0.169533
0.104739
0.173222
0.0457701
0.103337
0.114274
0.118628
0.22622
0.22622
0.173133
0.145288
0.137193
0.104172
0.22622
0.147199
0.191114
0.22622
0.0648558
0.141381
0.158941
0.142309
0.235204
0.235204
0.180682
0.213573
0.235204
0.221853
0.195914
0.123915
0.187115
0.105488
0.155215
0.131863
0.112819
0.148066
0.132945
0.110461
0.235204
0.235204
0.145221
0.235204
0.18252
0.235204
0.235204
0.0915239
0.181848
0.177907
0.115557
0.0432345
0.0701035
0.0618038
0.120787
0.203087
0.0720436
0.0631531
0.0756958
0.0432385
0.0494069
0.071869
0.0740244
0.115006
0.173022
0.209122
0.102602
0.244631
0.257815
0.0701256
0.0921903
0.13908
0.225225
0.257815
0.173837
0.175249
0.16656
0.257815
0.0532378
0.0606405
0.053567
0.122834
0.21296
0.145989
0.0676985
0.0680649
0.0222854
0.00482214
0.0353957
0.0509868
0.159824
0.257815
0.257815
0.248883
0.257815
0.257815
0.0926248
0.0969749
0.10751
0.168496
0.237407
0.143706
0.0936283
0.163835
0.237407
0.237407
0.212302
0.10234
0.0931161
0.149485
0.0594294
0.124444
0.177606
0.237407
0.0479438
0.0643451
0.0847196
0.135018
0.190657
0.237407
0.14232
0.164275
0.237407
0.208371
0.152527
0.16732
0.187307
0.179771
0.0609277
0.128673
0.237407
0.237407
0.197887
0.147887
0.153008
0.241088
0.287217
0.159324
0.160691
0.264072
0.287217
0.0378947
0.0233473
0.0654285
0.233855
0.287217
0.191191
0.044809
0.0771461
0.123435
0.0687595
0.204803
0.18641
0.250364
0.287217
0.0996511
0.0338684
0.0122465
0.0300027
0.00429602
0.029886
0.0325632
0.155327
0.287217
0.142902
0.0193495
0.0132165
0.00536993
0.0370909
0.0605732
0.0864515
0.243774
0.275586
0.187257
0.0328512
0.0364728
0.0551072
0.154273
0.275586
0.175553
0.178504
0.275586
0.262786
0.0767119
0.131161
0.094146
0.00990698
0.0315343
0.0615812
0.147871
0.275586
0.14127
0.0295255
0.00929287
0.00355345
0.0360656
0.111975
0.21662
0.227831
0.189431
0.134255
0.275586
0.275586
0.173525
0.162103
0.22942
0.182799
0.18435
0.22942
0.22942
0.0990662
0.100158
0.0769933
0.0522369
0.08217
0.105507
0.091456
0.193299
0.22942
0.14643
0.10057
0.124137
0.0362333
0.1149
0.22942
0.22942
0.227814
0.194724
0.225067
0.182658
0.117115
0.132421
0.0901426
0.145515
0.120475
0.22942
0.22942
0.22942
0.155822
0.0764252
0.05405
0.10125
0.10972
0.120962
0.22151
0.231043
0.178498
0.113721
0.134194
0.139093
0.231043
0.134683
0.187829
0.204462
0.086759
0.153381
0.15139
0.126436
0.0764708
0.0751438
0.169379
0.146811
0.231043
0.231043
0.231043
0.196956
0.104512
0.120921
0.169151
0.150779
0.136439
0.214063
0.145437
0.231043
0.231043
0.164564
0.16604
0.245037
0.15933
0.245037
0.245037
0.0982949
0.181563
0.171224
0.136443
0.043823
0.0506298
0.0458422
0.130124
0.1698
0.179382
0.157921
0.047147
0.0289198
0.081405
0.154965
0.13308
0.155215
0.20442
0.177955
0.245037
0.245037
0.245037
0.059676
0.158864
0.102026
0.146897
0.163028
0.245037
0.245037
0.126679
0.11958
0.0540924
0.0466838
0.0429577
0.149877
0.210492
0.208267
0.149004
0.0373314
0.0156567
0.0194195
0.0475912
0.0674601
0.139509
0.258072
0.258862
0.258862
0.258862
0.258862
0.0513875
0.132082
0.101228
0.114757
0.151931
0.258862
0.258862
0.144182
0.136205
0.0446261
0.126494
0.165069
0.221731
0.136379
0.258862
0.258862
0.0981689
0.0340796
0.0608338
0.0829751
0.0785137
0.125546
0.201981
0.228298
0.176602
0.177138
0.228298
0.228298
0.190162
0.182876
0.192902
0.228298
0.0806547
0.158596
0.228298
0.228298
0.0675761
0.0976658
0.163749
0.187112
0.115589
0.228298
0.228298
0.0892551
0.0326319
0.0864732
0.139318
0.136955
0.131879
0.228298
0.12706
0.153676
0.210805
0.104956
0.192512
0.311634
0.311634
0.311634
0.311634
0.228981
0.0599296
0.0199135
0.0626739
0.00915734
0.0862555
0.0924123
0.267052
0.311634
0.299534
0.0501169
0.0399178
0.0102242
0.0246348
0.0376297
0.0527938
0.0902985
0.159422
0.0674284
0.0677582
0.0419619
0.0148106
0.0358274
0.0675371
0.0747454
0.133333
0.285199
0.255488
0.0901933
0.0446996
0.0158172
0.0224252
0.0735361
0.139567
0.220788
0.28782
0.260346
0.0536306
0.0276358
0.00415776
0.0788027
0.233952
0.28782
0.28782
0.209512
0.13881
0.28782
0.28782
0.28782
0.02932
0.0398438
0.0679658
0.126763
0.21249
0.201085
0.0695315
0.0683289
0.03374
0.0417714
0.102533
0.18171
0.177982
0.0603918
0.066903
0.102188
0.121085
0.061089
0.0587114
0.160553
0.243731
0.243731
0.189513
0.142401
0.243731
0.243731
0.192772
0.176176
0.144388
0.231946
0.168165
0.243731
0.243731
0.243731
0.186378
0.087874
0.0241555
0.0598201
0.156998
0.110081
0.0437883
0.0498472
0.0597118
0.0947289
0.0489283
0.0403546
0.238177
0.243731
0.0910406
0.11218
0.11644
0.20763
0.167809
0.0379618
0.0660527
0.070736
0.161682
0.136822
0.216518
0.242917
0.28322
0.156671
0.0973909
0.127004
0.176769
0.124087
0.140949
0.188266
0.151779
0.274985
0.266266
0.148876
0.0149356
0.111046
0.281925
0.0554297
0.072409
0.0791842
0.205891
0.170015
0.0434192
0.0450807
0.123002
0.100354
0.0324461
0.108063
0.177451
0.28322
0.28322
0.0644617
0.0782475
0.142187
0.0968807
0.148284
0.172041
0.181778
0.296787
0.296787
0.249668
0.0470621
0.103156
0.0646709
0.0912483
0.126991
0.296787
0.296787
0.0822219
0.0652868
0.0468555
0.108518
0.0938821
0.0593097
0.104227
0.173852
0.296787
0.296787
0.117944
0.0256253
0.042066
0.141359
0.0910916
0.069284
0.0950737
0.222763
0.218373
0.114642
0.047367
0.120389
0.0942554
0.103734
0.185964
0.272798
0.272798
0.150226
0.112616
0.0767542
0.184335
0.239965
0.270638
0.201355
0.272798
0.272798
0.101511
0.0128422
0.0500286
0.0572193
0.210943
0.14888
0.0748899
0.112062
0.174372
0.272353
0.216425
0.0222068
0.0141649
0.0229178
0.0323078
0.0675875
0.122718
0.206975
0.233367
0.114813
0.0906235
0.168362
0.239138
0.239138
0.216049
0.239138
0.239138
0.130914
0.0306792
0.0939118
0.239138
0.239138
0.200439
0.239138
0.1903
0.239138
0.239138
0.152667
0.0355327
0.0335118
0.0436686
0.0360715
0.0662158
0.0988224
0.231099
0.239138
0.110846
0.0585036
0.126282
0.186555
0.159309
0.14559
0.0939737
0.0553493
0.0658859
0.126011
