0.130249
0.104916
0.110296
0.154503
0.218865
0.121866
0.132232
0.176853
0.163004
0.125972
0.0944622
0.0957996
0.218865
0.218865
0.175982
0.180246
0.218865
0.218865
0.0787774
0.201109
0.146915
0.108135
0.218865
0.145166
0.218865
0.215318
0.218865
0.0963705
0.138951
0.0849743
0.0567778
0.153401
0.186657
0.18922
0.218865
0.19153
0.121781
0.0955534
0.0865703
0.187964
0.239887
0.202987
0.210144
0.239887
0.239887
0.109418
0.133055
0.13779
0.0871288
0.0782931
0.127915
0.239887
0.216591
0.0739124
0.0979827
0.218819
0.156864
0.0546803
0.131355
0.181386
0.221321
0.218356
0.187212
0.130873
0.239887
0.239887
0.0893598
0.0506263
0.101758
0.0998972
0.175738
0.16005
0.114621
0.145587
0.151837
0.0988567
0.11832
0.168733
0.254772
0.20536
0.0815236
0.108061
0.254772
0.254772
0.139234
0.239362
0.159881
0.127932
0.0896597
0.0772314
0.120218
0.254772
0.254772
0.132724
0.072
0.087359
0.094665
0.127507
0.123236
0.0982899
0.254772
0.192036
0.128948
0.214073
0.178753
0.166904
0.172952
0.154285
0.0993344
0.221961
0.221961
0.167197
0.209932
0.132165
0.112279
0.0845113
0.0708932
0.0523366
0.160997
0.221961
0.125193
0.221961
0.173011
0.183112
0.204031
0.163098
0.0849016
0.221961
0.170536
0.142002
0.221961
0.197181
0.159621
0.138617
0.126737
0.155804
0.166265
0.155877
0.0580293
0.221961
0.181029
0.195134
0.160857
0.150243
0.0729842
0.217085
0.217085
0.157266
0.217085
0.208728
0.217085
0.217085
0.192348
0.146171
0.130105
0.153276
0.0993736
0.217085
0.185571
0.139057
0.109238
0.131162
0.171184
0.166511
0.155548
0.0747809
0.217085
0.217085
0.190736
0.167987
0.190316
0.0673642
0.124555
0.122518
0.209538
0.189587
0.132849
0.140377
0.114806
0.0686561
0.187819
0.218052
0.187299
0.113468
0.220077
0.183378
0.140234
0.124355
0.167002
0.220077
0.220077
0.196134
0.214677
0.220077
0.146364
0.108281
0.136911
0.205906
0.0583013
0.129202
0.13368
0.185302
0.195035
0.159834
0.126199
0.11613
0.0896405
0.0586239
0.220077
0.195401
0.220077
0.220077
0.112933
0.100527
0.0924805
0.0912728
0.194998
0.291285
0.152695
0.163686
0.209676
0.102142
0.0722422
0.12055
0.163423
0.291285
0.0965081
0.110771
0.104274
0.262256
0.0327361
0.0234141
0.110429
0.291285
0.0567768
0.160674
0.177121
0.199789
0.234337
0.0854936
0.0837559
0.0794621
0.0852536
0.291285
0.0939593
0.135157
0.133762
0.205897
0.0246534
0.00816075
0.0229018
0.291285
0.110136
0.217122
0.147136
0.115491
0.219916
0.145586
0.205559
0.219916
0.219916
0.1332
0.164233
0.0933607
0.0677955
0.16305
0.13792
0.190629
0.197995
0.219916
0.165043
0.101585
0.0482857
0.119483
0.219916
0.17773
0.205556
0.219916
0.219916
0.157073
0.219916
0.178246
0.175853
0.143099
0.164676
0.0911217
0.058054
0.0395895
0.135239
0.201566
0.13971
0.0618208
0.129074
0.142187
0.227189
0.200278
0.213694
0.180985
0.232276
0.232276
0.122614
0.0856544
0.090374
0.145346
0.135018
0.0980538
0.144478
0.232276
0.168493
0.155172
0.138116
0.179572
0.0834599
0.061819
0.042561
0.172821
0.22642
0.21333
0.232276
0.208862
0.1599
0.17995
0.184071
0.126649
0.152205
0.228683
0.228683
0.149937
0.100844
0.0919933
0.138459
0.113541
0.0825018
0.103999
0.228683
0.194481
0.096642
0.199329
0.172745
0.161971
0.191582
0.144804
0.181834
0.218244
0.221474
0.222887
0.199127
0.192219
0.149466
0.191438
0.162406
0.0514549
0.147553
0.144241
0.121439
0.136024
0.222671
0.130543
0.167452
0.118239
0.0924027
0.212079
0.161054
0.136078
0.212079
0.212079
0.183005
0.192188
0.144775
0.157158
0.169717
0.167839
0.0755252
0.212079
0.212079
0.203073
0.184766
0.189187
0.043926
0.137163
0.178351
0.149386
0.144125
0.212079
0.158031
0.177735
0.131076
0.0925863
0.105144
0.166079
0.172633
0.212079
0.212079
0.138257
0.161389
0.0754652
0.154758
0.158317
0.154769
0.112909
0.216338
0.216338
0.200402
0.200666
0.216338
0.0642871
0.138969
0.156931
0.190205
0.189541
0.128426
0.116505
0.135841
0.116163
0.0965053
0.112549
0.216338
0.216338
0.216338
0.216338
0.175254
0.216338
0.110442
0.0628629
0.107378
0.145667
0.145458
0.166996
0.141846
0.145285
0.216338
0.196417
0.0468042
0.134801
0.169637
0.200488
0.192613
0.140192
0.0974607
0.125733
0.117254
0.0797909
0.224771
0.224771
0.224771
0.224771
0.117121
0.0933175
0.078723
0.0966299
0.0690014
0.124538
0.19919
0.194618
0.183789
0.103832
0.158232
0.224771
0.224771
0.0999912
0.224771
0.144316
0.224771
0.224771
0.224771
0.182174
0.138389
0.12135
0.058383
0.146897
0.192256
0.185283
0.171172
0.0757818
0.0647555
0.0595339
0.0683961
0.243929
0.107081
0.144754
0.146884
0.175167
0.0495252
0.0307489
0.0740047
0.243929
0.0809429
0.205171
0.124252
0.243929
0.188072
0.147925
0.141141
0.131348
0.102157
0.133901
0.214622
0.176576
0.243929
0.243929
0.192341
0.212337
0.243929
0.243929
0.174215
0.120504
0.0563409
0.151213
0.218176
0.160911
0.218176
0.218176
0.218176
0.189554
0.218176
0.209275
0.198254
0.143023
0.137922
0.0915966
0.0673146
0.0906639
0.148547
0.213557
0.108159
0.144889
0.218176
0.151034
0.105022
0.0825762
0.0703633
0.148648
0.218176
0.218176
0.110576
0.204037
0.200536
0.218176
0.155088
0.0945584
0.167563
0.216758
0.183432
0.152274
0.132854
0.142032
0.0819171
0.054574
0.0488911
0.199534
0.183381
0.201682
0.216758
0.216758
0.178492
0.199966
0.137761
0.0848931
0.156889
0.216143
0.205385
0.117503
0.216758
0.170531
0.176375
0.131227
0.0835142
0.0951347
0.104251
0.1452
0.216758
0.216758
0.216758
0.211131
0.141802
0.0821901
0.213182
0.182451
0.193747
0.207884
0.229916
0.223921
0.189053
0.152003
0.107003
0.0509604
0.16944
0.179344
0.113296
0.14355
0.223432
0.157606
0.171697
0.0882958
0.107892
0.107246
0.115923
0.23128
0.23128
0.23128
0.185832
0.146668
0.110048
0.00311623
0.108573
0.103354
0.086351
0.23128
0.23128
0.212865
0.0955764
0.041118
0.0409759
0.145044
0.182523
0.131383
0.144194
0.233924
0.191024
0.183816
0.0925832
0.0940381
0.105172
0.143601
0.170492
0.212516
0.23137
0.169579
0.178459
0.0904823
0.00949372
0.105881
0.0997125
0.0905457
0.251546
0.251546
0.233366
0.0838098
0.03385
0.0377461
0.114952
0.251546
0.251546
0.251546
0.251546
0.200961
0.0914586
0.0123154
0.0828429
0.0895483
0.171886
0.208063
0.217777
0.214638
0.176677
0.208421
0.102464
0.071337
0.086437
0.140916
0.159077
0.159647
0.13355
0.116404
0.192211
0.155378
0.0431476
0.133346
0.24232
0.24232
0.24232
0.24232
0.197679
0.0861817
0.0365647
0.0884027
0.126286
0.181261
0.24232
0.24232
0.192532
0.162249
0.0997296
0.0905301
0.0695438
0.101509
0.19344
0.20486
0.164284
0.132351
0.115754
0.224519
0.18633
0.0961131
0.218013
0.177618
0.227844
0.227844
0.196977
0.123764
0.126634
0.0866211
0.0809893
0.1506
0.181915
0.227844
0.227844
0.196881
0.146873
0.118695
0.133705
0.0501304
0.222485
0.176868
0.227844
0.227844
0.0850219
0.128661
0.14292
0.0534429
0.0860685
0.191399
0.161213
0.236908
0.181515
0.120243
0.103977
0.129456
0.0819351
0.105372
0.149169
0.156121
0.245206
0.211422
0.202362
0.200713
0.245206
0.245206
0.03485
0.18161
0.112116
0.195998
0.245206
0.0749084
0.129354
0.110442
0.0568648
0.0823488
0.168204
0.076743
0.175269
0.183907
0.103958
0.195703
0.174049
0.245206
0.137317
0.19821
0.102043
0.171054
0.191021
0.124764
0.110732
0.0825961
0.0651533
0.133397
0.177285
0.177523
0.127272
0.244156
0.179003
0.2229
0.141842
0.126566
0.0450312
0.158796
0.0916392
0.250238
0.250238
0.163386
0.181441
0.12549
0.0857073
0.0431344
0.157524
0.191696
0.250238
0.250238
0.250238
0.226643
0.078093
0.00722688
0.124953
0.174286
0.163676
0.120301
0.240253
0.147803
0.124459
0.114541
0.079456
0.0839149
0.0780425
0.154736
0.240253
0.240253
0.199727
0.143114
0.0886215
0.0762219
0.0536266
0.216367
0.199933
0.240253
0.240253
0.240253
0.14882
0.0670731
0.014246
0.0456774
0.111153
0.105135
0.240253
0.240253
0.240253
0.240253
0.134055
0.0876044
0.0933417
0.0931557
0.128177
0.233238
0.233238
0.233238
0.152063
0.0882096
0.0745666
0.00462835
0.0847761
0.117535
0.126067
0.233238
0.233238
0.203129
0.0849951
0.0411015
0.0655667
0.223587
0.169842
0.233238
0.233238
0.233238
0.233238
0.108024
0.0705064
0.0525056
0.156517
0.185702
0.203376
0.187441
0.233238
0.233238
0.0529354
0.0584015
0.0121753
0.0943026
0.110241
0.117251
0.234929
0.234929
0.228557
0.0809522
0.0287076
0.0519095
0.0893417
0.211866
0.21138
0.234929
0.234929
0.234929
0.0950643
0.0187831
0.0518427
0.216064
0.234929
0.209446
0.209027
0.234929
0.210681
0.0464958
0.0428283
0.030722
0.159346
0.223999
0.224999
0.234929
0.117795
0.11231
0.0930202
0.0817592
0.0534032
0.115361
0.240374
0.240374
0.240374
0.240374
0.240374
0.109861
0.0320701
0.083341
0.0999613
0.191343
0.240374
0.240374
0.226871
0.183734
0.131461
0.064822
0.0352743
0.176033
0.240374
0.240374
0.240374
0.122991
0.106742
0.0943179
0.0848758
0.0425726
0.15119
0.120986
0.140976
0.209599
0.134231
0.120969
0.13101
0.0700173
0.0702171
0.135162
0.207988
0.22974
0.22974
0.22974
0.150172
0.157848
0.0934396
0.060052
0.226848
0.229371
0.22974
0.22974
0.0811095
0.132058
0.156196
0.0620591
0.0496504
0.18644
0.160126
0.16055
0.221827
0.127185
0.149376
0.135978
0.0688999
0.0564386
0.13926
0.193165
0.170794
0.165219
0.0928045
0.22974
0.210419
0.178589
0.0555693
0.221591
0.191891
0.26017
0.276508
0.0899867
0.118644
0.136576
0.0721955
0.117749
0.136202
0.101167
0.167981
0.190885
0.144195
0.189981
0.190308
0.276508
0.0610409
0.167741
0.192605
0.176631
0.172732
0.0833639
0.239756
0.209248
0.126435
0.209537
0.0822506
0.0514074
0.105755
0.116967
0.0613164
0.133815
0.115932
0.276508
0.0833328
0.160019
0.118814
0.246235
0.246235
0.135249
0.172961
0.163212
0.10542
0.0555151
0.154903
0.159133
0.246235
0.246235
0.246235
0.191449
0.101095
0.0193255
0.167594
0.185837
0.240339
0.246235
0.246235
0.0928028
0.107805
0.140276
0.154228
0.0634974
0.0864572
0.0992622
0.149384
0.246235
0.10588
0.124232
0.0982903
0.136415
0.0594504
0.216513
0.178784
0.250295
0.250295
0.250295
0.150432
0.0938915
0.0230275
0.0405551
0.104723
0.135723
0.250295
0.250295
0.250295
0.250295
0.132156
0.110384
0.0688933
0.114363
0.147466
0.163937
0.250295
0.0999776
0.0802227
0.0719098
0.0935247
0.0759593
0.100122
0.111188
0.101502
0.226257
0.142237
0.213394
0.186448
0.191855
0.0500918
0.195173
0.189609
0.2284
0.2284
0.2284
0.2284
0.0996924
0.0789298
0.063609
0.154352
0.214878
0.2284
0.225746
0.2284
0.2284
0.0551571
0.0746443
0.0829323
0.147529
0.14989
0.164502
0.227594
0.135999
0.193731
0.145416
0.12487
0.0363099
0.0769439
0.116351
0.183146
0.103982
0.153956
0.2284
0.190756
0.0914885
0.0653497
0.203086
0.21734
0.21734
0.21734
0.21734
0.21734
0.0538881
0.0551424
0.046607
0.147215
0.21734
0.21734
0.21734
0.130051
0.183577
0.12201
0.100355
0.0476703
0.135839
0.159516
0.21734
0.101271
0.150883
0.211945
0.182019
0.0628009
0.0439348
0.150728
0.21734
0.21734
0.202016
0.117472
0.21734
0.189803
0.0762542
0.0509823
0.161783
0.227263
0.227263
0.227263
0.114541
0.166726
0.117569
0.0965156
0.0481637
0.119624
0.159837
0.182101
0.227263
0.164515
0.152333
0.168723
0.0725397
0.0572838
0.197868
0.227263
0.227263
0.227263
0.10857
0.227263
0.197075
0.0792051
0.077603
0.150511
0.227263
0.227263
0.227263
0.138894
0.120889
0.106846
0.079826
0.0525491
0.158665
0.214596
0.21965
0.21965
0.145758
0.150848
0.143277
0.0603587
0.0675682
0.126338
0.166073
0.204955
0.205509
0.147616
0.21965
0.196655
0.177266
0.0735619
0.176695
0.21965
0.21965
0.21965
0.151438
0.145313
0.138793
0.0920783
0.0718128
0.104643
0.21965
0.0963515
0.174883
0.214157
0.21965
0.171538
0.089163
0.0809575
0.181566
0.194208
0.232068
0.227552
0.152029
0.208439
0.186487
0.135671
0.23268
0.0707579
0.0605304
0.101604
0.148667
0.0947856
0.126959
0.127685
0.272143
0.0839745
0.115066
0.198214
0.0815234
0.168473
0.208594
0.272143
0.245828
0.123104
0.165728
0.0404823
0.151324
0.107027
0.106364
0.158882
0.116466
0.106156
0.272143
0.218379
0.218379
0.218379
0.218379
0.218379
0.10407
0.106935
0.195503
0.176547
0.108383
0.113314
0.107658
0.144926
0.218379
0.0835492
0.132502
0.133514
0.122759
0.148198
0.19154
0.178094
0.187567
0.218379
0.155113
0.184917
0.182935
0.169546
0.105732
0.145765
0.209954
0.218379
0.218379
0.109403
0.0830278
0.112004
0.102941
0.138186
0.165928
0.176019
0.18786
0.22811
0.114275
0.106996
0.104965
0.106136
0.10382
0.126068
0.126785
0.142624
0.22811
0.22811
0.22811
0.22811
0.217201
0.122791
0.18441
0.22811
0.222843
0.22811
0.107461
0.0833573
0.152207
0.0936362
0.0636417
0.118942
0.128466
0.144455
0.22811
0.202929
0.204334
0.14107
0.0787176
0.102328
0.162079
0.159051
0.199594
0.215607
0.206307
0.215607
0.215607
0.143084
0.0589951
0.0969645
0.152561
0.215607
0.151269
0.166353
0.215607
0.215607
0.140568
0.0703722
0.13067
0.121621
0.136561
0.215607
0.211492
0.175247
0.139752
0.0657874
0.176979
0.124253
0.160699
0.193066
0.156878
0.0813031
0.215607
0.215607
0.119976
0.0727084
0.140876
0.173963
0.2201
0.105577
0.123516
0.181545
0.207989
0.0831552
0.0694692
0.159254
0.2201
0.2201
0.2201
0.146436
0.2201
0.199997
0.082516
0.134584
0.101248
0.155463
0.167155
0.114073
0.0761573
0.194387
0.2201
0.128129
0.0910506
0.2201
0.2201
0.176098
0.2201
0.119709
0.210373
0.167837
0.145217
0.0827714
0.194773
0.22256
0.22256
0.22256
0.109024
0.22256
0.175639
0.0648146
0.0951424
0.119458
0.22256
0.22256
0.22256
0.126941
0.157138
0.143929
0.0903879
0.0711905
0.17093
0.22256
0.189251
0.22256
0.0977604
0.156712
0.169883
0.135566
0.133665
0.0741748
0.10701
0.105577
0.221307
0.0904191
0.125796
0.22256
0.22256
0.10024
0.179915
0.222832
0.222832
0.222832
0.161472
0.185673
0.170465
0.104029
0.0939549
0.127574
0.185593
0.119742
0.222832
0.222832
0.222832
0.167486
0.0839407
0.108866
0.11351
0.132733
0.165523
0.222832
0.125185
0.135957
0.222832
0.222832
0.132892
0.207713
0.157598
0.0883259
0.209677
0.0569432
0.0971904
0.163269
0.143604
0.107796
0.159973
0.151757
0.098556
0.246708
0.276793
0.268922
0.21909
0.118138
0.147491
0.0425372
0.160991
0.113409
0.1397
0.190627
0.138976
0.124335
0.276793
0.0947319
0.240203
0.17272
0.112196
0.224267
0.110936
0.113482
0.168751
0.123169
0.186368
0.0565531
0.134417
0.126121
0.152205
0.127791
0.0717877
0.0855314
0.276793
0.167071
0.217869
0.192746
0.179842
0.217869
0.187176
0.202506
0.217869
0.175009
0.121601
0.173466
0.217869
0.217869
0.217869
0.127542
0.0944179
0.132013
0.082609
0.0998829
0.132737
0.193635
0.158799
0.176651
0.217869
0.217869
0.111614
0.109735
0.0436712
0.108114
0.138635
0.172506
0.217325
0.155274
0.100297
0.156931
0.0852261
0.152115
0.222
0.222
0.222
0.222
0.152019
0.103741
0.166246
0.0810546
0.0674304
0.13171
0.136399
0.167421
0.222
0.222
0.216116
0.163183
0.0584903
0.0586946
0.111053
0.145809
0.199522
0.211823
0.222
0.139551
0.17827
0.109547
0.133167
0.0994595
0.120394
0.157597
0.222
0.177527
0.156677
0.109312
0.222
0.0812471
0.155564
0.136637
0.148636
0.216033
0.216033
0.20281
0.198546
0.0697064
0.179305
0.186313
0.215265
0.216033
0.190697
0.0880894
0.216033
0.216033
0.17372
0.149245
0.125834
0.154448
0.194529
0.216033
0.210056
0.132674
0.0902396
0.200156
0.156443
0.216033
0.100689
0.129734
0.205257
0.0644261
0.121031
0.0714602
0.0401657
0.15957
0.167909
0.230252
0.227009
0.149851
0.0743109
0.198565
0.233059
0.17634
0.117021
0.233059
0.233059
0.233059
0.233059
0.148101
0.233059
0.183931
0.149283
0.144947
0.20243
0.104398
0.124294
0.200439
0.0668236
0.0930731
0.0643325
0.032808
0.0505055
0.162576
0.192783
0.0891605
0.194968
0.124082
0.116853
0.134219
0.140071
0.106193
0.225322
0.234975
0.208905
0.234975
0.121868
0.226166
0.174306
0.12301
0.184241
0.128802
0.142631
0.154691
0.234975
0.0951873
0.210734
0.234975
0.234975
0.0589137
0.147508
0.173729
0.0940004
0.174833
0.101629
0.0968105
0.122585
0.134041
0.113292
0.122398
0.138492
0.189692
0.175835
0.0540167
0.0638645
0.186641
0.234975
0.148479
0.188866
0.149816
0.144224
0.227759
0.138212
0.211775
0.227759
0.227759
0.157956
0.227759
0.165698
0.103255
0.212661
0.078405
0.139901
0.227759
0.177869
0.121156
0.121995
0.139659
0.189195
0.174592
0.0655808
0.0838725
0.22432
0.227759
0.105888
0.092434
0.111887
0.14193
0.201002
0.0995287
0.101704
0.127473
0.227759
0.110127
0.286154
0.181731
0.112343
0.226218
0.1321
0.149046
0.220336
0.154728
0.247537
0.0787016
0.160909
0.138012
0.141358
0.121529
0.0915094
0.0999047
0.286154
0.10144
0.0970481
0.130069
0.109709
0.167014
0.123947
0.139385
0.171783
0.261555
0.286154
0.0816807
0.0956199
0.129416
0.160729
0.0917358
0.0698393
0.0699148
0.286154
0.136193
0.168508
0.217249
0.197773
0.217249
0.217249
0.217249
0.130989
0.140858
0.0793707
0.136112
0.150125
0.217249
0.217249
0.168371
0.110996
0.215596
0.140175
0.074641
0.142581
0.163109
0.14133
0.217249
0.178701
0.177718
0.0838517
0.168493
0.123926
0.168264
0.131264
0.160062
0.217249
0.18588
0.10009
0.156013
0.135486
0.0833975
0.125649
0.1477
0.213199
0.213199
0.213199
0.136645
0.213199
0.159014
0.0996674
0.103665
0.162969
0.172824
0.213199
0.213199
0.176265
0.119035
0.213199
0.101802
0.186016
0.130387
0.15756
0.213199
0.173441
0.0934818
0.157761
0.180613
0.140578
0.174676
0.0951977
0.207398
0.213199
0.185651
0.127902
0.122516
0.169546
0.110605
0.140993
0.21611
0.21533
0.221593
0.221593
0.157676
0.112393
0.193318
0.146372
0.221593
0.126458
0.149738
0.221593
0.108778
0.11863
0.0601182
0.0391122
0.130665
0.221593
0.12624
0.221593
0.221593
0.173904
0.156817
0.0972958
0.194899
0.130791
0.221593
0.218826
0.17368
0.221593
0.0900144
0.116863
0.0899388
0.0826523
0.149343
0.22543
0.147321
0.168644
0.22543
0.114782
0.110283
0.0810948
0.0417881
0.0443612
0.214793
0.22543
0.144774
0.22543
0.192478
0.201468
0.182357
0.172571
0.123302
0.22543
0.22543
0.212222
0.22543
0.0754418
0.121375
0.0991483
0.0939836
0.0153415
0.117002
0.22543
0.22543
0.22543
0.165368
0.101972
0.144511
0.0639532
0.0534025
0.189359
0.177192
0.118534
0.215083
0.136179
0.146321
0.150403
0.13772
0.145844
0.175234
0.185466
0.218346
0.218346
0.130629
0.10239
0.218346
0.218346
0.016769
0.0702818
0.162385
0.205139
0.218346
0.124281
0.11057
0.175614
0.0762137
0.104131
0.139132
0.184555
0.193642
0.188744
0.218346
0.218346
0.218346
0.131692
0.145019
0.171674
0.152176
0.197607
0.219676
0.117046
0.125055
0.2214
0.2214
0.110595
0.100925
0.151046
0.15362
0.209785
0.130167
0.144509
0.156108
0.2214
0.0857465
0.0852868
0.147617
0.179177
0.20341
0.2214
0.2214
0.2214
0.164544
0.072638
0.0785113
0.200982
0.165897
0.192913
0.130803
0.16771
0.139318
0.149539
0.105266
0.0906458
0.16207
0.128553
0.181296
0.140685
0.191921
0.184808
0.271748
0.289263
0.0818963
0.104238
0.163941
0.153554
0.0859678
0.0751711
0.07453
0.289263
0.047764
0.0550938
0.164806
0.164556
0.20241
0.138766
0.17601
0.180778
0.170244
0.116043
0.0759128
0.0870781
0.133777
0.130464
0.1484
0.151395
0.289263
0.289263
0.102121
0.196449
0.13145
0.168641
0.21932
0.158808
0.156745
0.119441
0.170711
0.161571
0.21193
0.151474
0.159986
0.21932
0.153706
0.0852241
0.159457
0.164514
0.0792671
0.132364
0.146094
0.21932
0.21932
0.148889
0.185212
0.21932
0.170195
0.0745615
0.21932
0.21932
0.158201
0.190404
0.123244
0.125061
0.159582
0.136724
0.143962
0.202363
0.143465
0.164865
0.210069
0.129714
0.0990747
0.183208
0.210069
0.14042
0.172945
0.159762
0.188137
0.210069
0.17582
0.159135
0.14929
0.179348
0.111421
0.210069
0.175268
0.175257
0.210069
0.120235
0.128235
0.188924
0.173378
0.138528
0.199135
0.195653
0.126027
0.12554
0.122778
0.174043
0.142764
0.153157
0.123738
0.194718
0.162391
0.194071
0.213551
0.150336
0.181708
0.140441
0.208087
0.137399
0.213551
0.196116
0.166147
0.213551
0.123021
0.108623
0.0695853
0.0821503
0.164909
0.175102
0.153821
0.144046
0.149069
0.112622
0.174943
0.179467
0.181853
0.144207
0.213551
0.208657
0.169512
0.213551
0.195359
0.176134
0.110707
0.0709948
0.119075
0.210376
0.193008
0.181686
0.210376
0.109033
0.0994943
0.0835206
0.0754042
0.0259854
0.129452
0.210376
0.203468
0.210376
0.209768
0.135155
0.10807
0.0528796
0.144579
0.210376
0.183707
0.182055
0.199834
0.161465
0.154227
0.166469
0.154635
0.16666
0.19252
0.210376
0.186684
0.127175
0.172404
0.159672
0.210376
0.188237
0.0167473
0.090599
0.178995
0.194554
0.212615
0.175699
0.134132
0.148871
0.0594467
0.102609
0.126776
0.191717
0.169084
0.212615
0.212615
0.212615
0.212615
0.161812
0.127977
0.151968
0.212615
0.175059
0.14006
0.139514
0.136778
0.212615
0.199379
0.0616808
0.185063
0.212615
0.110977
0.166381
0.134381
0.188868
0.212615
0.150489
0.071004
0.0773678
0.153991
0.159451
0.216853
0.216853
0.216853
0.216853
0.1739
0.0682492
0.0722329
0.177765
0.153167
0.155043
0.133596
0.175047
0.129693
0.127112
0.0352069
0.145117
0.195689
0.124875
0.212322
0.169864
0.19869
0.216853
0.153553
0.0606658
0.216853
0.216853
0.186017
0.216853
0.109192
0.183663
0.216853
0.137145
0.0464693
0.0454214
0.13838
0.154904
0.178292
0.120648
0.170313
0.142729
0.13708
0.136777
0.053044
0.0693903
0.142054
0.160354
0.0996598
0.134744
0.234793
0.266451
0.0595358
0.171955
0.172723
0.12138
0.208396
0.155725
0.208271
0.266451
0.150079
0.266451
0.100976
0.104442
0.0978491
0.251826
0.0814766
0.1253
0.266451
0.266451
0.0911541
0.202044
0.149008
0.22461
0.22461
0.157177
0.21878
0.22461
0.163971
0.0926525
0.22461
0.22461
0.164979
0.152745
0.108633
0.122199
0.14224
0.134038
0.138524
0.186604
0.140649
0.151344
0.22461
0.169546
0.195702
0.22461
0.119483
0.119964
0.133564
0.109765
0.0942216
0.203227
0.209269
0.140655
0.0891394
0.0894248
0.145033
0.215816
0.211038
0.192617
0.215816
0.119198
0.165591
0.191831
0.206474
0.167434
0.215816
0.215816
0.178012
0.155972
0.129376
0.174422
0.180112
0.198867
0.119426
0.128143
0.121538
0.119659
0.215816
0.206864
0.141906
0.114422
0.117086
0.138216
0.0944068
0.116879
0.159791
0.215816
0.215816
0.0965089
0.12024
0.0809021
0.18206
0.163361
0.18071
0.148814
0.156395
0.118024
0.193476
0.213413
0.213413
0.16375
0.213413
0.197331
0.213413
0.213413
0.173251
0.134957
0.135894
0.118877
0.108412
0.0909353
0.117761
0.125828
0.213413
0.192187
0.0927841
0.185098
0.116564
0.141555
0.213413
0.11651
0.213413
0.213413
0.137313
0.102398
0.167793
0.137229
0.149045
0.204948
0.157384
0.183624
0.160469
0.16124
0.129185
0.172677
0.154344
0.154961
0.186655
0.213698
0.170151
0.125114
0.212205
0.166971
0.182302
0.158842
0.11508
0.213698
0.0928105
0.190904
0.193904
0.124965
0.120233
0.206237
0.16789
0.138335
0.101851
0.0987685
0.137971
0.213698
0.213698
0.213698
0.123439
0.14771
0.117662
0.150989
0.212611
0.151596
0.158628
0.201354
0.156366
0.191584
0.154733
0.0774203
0.158733
0.209535
0.0912342
0.19353
0.150435
0.210168
0.212611
0.191931
0.102443
0.0795591
0.0614225
0.126134
0.203942
0.212611
0.212611
0.122723
0.154401
0.0610049
0.181826
0.212611
0.211656
0.212611
0.212611
0.159995
0.0975657
0.122224
0.049979
0.129462
0.209661
0.111721
0.212327
0.167074
0.212327
0.212327
0.184498
0.0847354
0.212327
0.190455
0.177998
0.212327
0.10385
0.179543
0.212327
0.139525
0.0526699
0.149259
0.17773
0.191489
0.212327
0.212327
0.197868
0.105471
0.135202
0.139144
0.198793
0.192278
0.167079
0.157788
0.12195
0.133395
0.0984666
0.105708
0.0819354
0.182257
0.15726
0.122377
0.229957
0.135483
0.204006
0.248932
0.141974
0.266158
0.0894856
0.0907127
0.0978736
0.266158
0.0776775
0.1346
0.266158
0.266158
0.116467
0.163266
0.187492
0.180557
0.137807
0.110848
0.158847
0.117224
0.112032
0.266158
0.111676
0.0927804
0.10194
0.136325
0.0363831
0.0603672
0.0676409
0.266158
0.147221
0.212193
0.189425
0.169338
0.212193
0.187622
0.212193
0.212193
0.139952
0.137218
0.155177
0.155934
0.113672
0.192258
0.212193
0.15293
0.0878484
0.093786
0.0838742
0.1475
0.206106
0.212193
0.212193
0.202825
0.117353
0.164569
0.166713
0.179702
0.162006
0.175225
0.204036
0.20321
0.151499
0.0562263
0.0735702
0.0451524
0.126133
0.137591
0.158179
0.129965
0.222173
0.203632
0.153149
0.110583
0.119515
0.157696
0.112954
0.107844
0.222173
0.222173
0.222173
0.0997048
0.125481
0.0825757
0.147328
0.154823
0.206683
0.222173
0.186765
0.190591
0.100903
0.107373
0.0720975
0.14092
0.214861
0.12337
0.222173
0.142843
0.173559
0.222173
0.222173
0.192065
0.107048
0.0807299
0.099094
0.158399
0.219728
0.170581
0.0954922
0.163023
0.114452
0.124726
0.1872
0.102375
0.219728
0.219728
0.136582
0.113929
0.182023
0.16627
0.0827652
0.159647
0.119686
0.20166
0.129612
0.18279
0.219728
0.219728
0.201538
0.0908229
0.219728
0.203722
0.219728
0.192376
0.103872
0.219728
0.218237
0.0784115
0.101279
0.154327
0.0807286
0.194395
0.202865
0.1369
0.13539
0.197107
0.172943
0.10497
0.0960088
0.129884
0.197004
0.216885
0.216885
0.173705
0.0952366
0.0905588
0.0608905
0.203438
0.171883
0.216885
0.203312
0.142104
0.216885
0.204561
0.0897661
0.0931492
0.102413
0.203853
0.216885
0.216885
0.18031
0.216885
0.189232
0.0829869
0.0979569
0.0932137
0.105001
0.181891
0.222236
0.222236
0.222236
0.122486
0.112473
0.0609791
0.126508
0.21043
0.222236
0.222236
0.222236
0.212157
0.113855
0.15701
0.0742495
0.110523
0.19968
0.222236
0.222236
0.21969
0.222236
0.170385
0.0686814
0.041432
0.110261
0.174464
0.222236
0.189907
0.10328
0.155235
0.102182
0.0651135
0.0713761
0.131023
0.204459
0.212232
0.212232
0.212232
0.212232
0.141304
0.17984
0.152133
0.212232
0.212232
0.171113
0.205482
0.192232
0.136037
0.103992
0.110934
0.0545378
0.115369
0.199653
0.212232
0.21186
0.125417
0.179525
0.111441
0.058541
0.115545
0.0935458
0.0662307
0.194063
0.202895
0.205027
0.204346
0.168577
0.112872
0.130243
0.195284
0.238286
0.192406
0.175163
0.156458
0.154905
0.117099
0.103344
0.283016
0.125444
0.0864961
0.0899081
0.159828
0.0632138
0.081738
0.0433372
0.283016
0.151741
0.119688
0.0838881
0.213475
0.198777
0.176321
0.190868
0.134636
0.100284
0.283016
0.157887
0.0607768
0.0899313
0.127407
0.109957
0.191578
0.175634
0.283016
0.0756549
0.165104
0.200492
0.214561
0.210597
0.177497
0.114559
0.164202
0.184448
0.167536
0.19689
0.200482
0.202832
0.211829
0.180811
0.0916489
0.0739049
0.0813497
0.0872056
0.151723
0.113709
0.208859
0.214561
0.143781
0.139895
0.176476
0.198638
0.15763
0.142365
0.140391
0.110854
0.214561
0.214561
0.171578
0.127687
0.16007
0.117425
0.177629
0.20305
0.218249
0.184529
0.162035
0.120994
0.100728
0.0896401
0.165388
0.210418
0.122467
0.211488
0.152673
0.160186
0.218249
0.218249
0.184324
0.102815
0.148284
0.14196
0.141246
0.218249
0.201743
0.154036
0.122007
0.132186
0.073272
0.163802
0.218249
0.218249
0.218249
0.192963
0.107031
0.118161
0.0909655
0.109491
0.147981
0.114392
0.213534
0.15985
0.153924
0.213534
0.213534
0.213534
0.089456
0.193576
0.169373
0.213534
0.213534
0.139802
0.213534
0.213233
0.101372
0.0613288
0.162936
0.190954
0.213534
0.213534
0.156399
0.107001
0.10702
0.0900206
0.0441075
0.151863
0.133576
0.213534
0.213534
0.12035
0.120683
0.194837
0.143759
0.06692
0.15811
0.142736
0.221846
0.221846
0.16285
0.221846
0.221846
0.116211
0.0570269
0.120503
0.221846
0.221846
0.221846
0.143364
0.215092
0.211573
0.0843703
0.0627635
0.145465
0.125483
0.203876
0.221846
0.123949
0.159178
0.15972
0.125864
0.117803
0.175624
0.14201
0.207294
0.221846
0.0987486
0.119872
0.133933
0.12779
0.0511946
0.145892
0.2312
0.2312
0.2312
0.183656
0.2312
0.229675
0.0792953
0.0407085
0.0967456
0.191742
0.2312
0.212427
0.125136
0.159576
0.132791
0.0908771
0.144788
0.144996
0.17346
0.2312
0.2312
0.107915
0.183828
0.15681
0.170344
0.0362546
0.090626
0.126932
0.103399
0.157388
0.117166
0.159496
0.203538
0.190824
0.0683693
0.124867
0.222608
0.222608
0.222608
0.155251
0.179541
0.136729
0.0999945
0.101428
0.105685
0.119262
0.222608
0.222608
0.222608
0.191624
0.217817
0.154857
0.0646752
0.1041
0.163999
0.138221
0.192671
0.115817
0.18426
0.204821
0.207389
0.118053
0.178006
0.0899946
0.108772
0.208288
0.136808
0.177597
0.200925
0.153351
0.114863
0.113098
0.127807
0.226501
0.23999
0.226963
0.155369
0.142256
0.119652
0.292444
0.159699
0.0700343
0.0961677
0.131659
0.127733
0.191392
0.16584
0.292444
0.112651
0.175539
0.10221
0.109747
0.157608
0.104257
0.146826
0.123027
0.0885691
0.292444
0.111554
0.0787622
0.128522
0.15753
0.124176
0.104133
0.162955
0.292444
0.082561
0.137682
0.103616
0.177854
0.225026
0.147048
0.133091
0.145386
0.182366
0.114241
0.172589
0.147224
0.102715
0.225026
0.225026
0.197478
0.140762
0.188731
0.118359
0.200325
0.166098
0.145131
0.202991
0.225026
0.129834
0.118926
0.206375
0.115661
0.193899
0.222514
0.201812
0.225026
0.129153
0.106289
0.140278
0.0948346
0.0908372
0.196878
0.153049
0.127855
0.226422
0.214847
0.196178
0.142772
0.168038
0.0764378
0.17504
0.226422
0.226422
0.226422
0.220256
0.0916433
0.0920721
0.117204
0.128174
0.202132
0.226422
0.178627
0.226422
0.126547
0.0871581
0.129674
0.154889
0.0722842
0.0884489
0.155616
0.155038
0.224834
0.116204
0.0646256
0.192393
0.191274
0.0827903
0.192202
0.217853
0.217853
0.217853
0.184543
0.112627
0.110652
0.133189
0.0539479
0.147637
0.141246
0.217853
0.217853
0.17365
0.167338
0.212393
0.185554
0.0940573
0.120058
0.17994
0.152314
0.193609
0.111036
0.0803796
0.179909
0.217853
0.0512985
0.217853
0.142736
0.136444
0.130045
0.184609
0.179876
0.214291
0.162899
0.0755613
0.145344
0.150883
0.221814
0.221814
0.151139
0.208524
0.203317
0.162731
0.133317
0.221814
0.172722
0.221814
0.221814
0.120058
0.133511
0.146537
0.18448
0.0631115
0.221814
0.167328
0.150994
0.113107
0.137257
0.180676
0.145706
0.107055
0.128919
0.221814
0.11888
0.194547
0.221814
0.198575
0.0577149
0.0943577
0.123602
0.155354
0.218703
0.213879
0.224186
0.224186
0.112953
0.188223
0.174432
0.202901
0.0567953
0.0991493
0.112698
0.132316
0.177336
0.148123
0.163592
0.224186
0.20438
0.142054
0.224186
0.147304
0.190788
0.217619
0.182476
0.0788247
0.10015
0.126861
0.130132
0.155298
0.0828776
0.133342
0.209537
0.224186
0.0753076
0.140675
0.140309
0.0752803
0.10697
0.145149
0.150164
0.214893
0.14038
0.17083
0.2156
0.188357
0.0984026
0.180107
0.127288
0.131399
0.215799
0.211629
0.187463
0.191204
0.14036
0.140089
0.14178
0.0959851
0.125238
0.184607
0.215799
0.116421
0.168972
0.175692
0.166655
0.182827
0.151427
0.164527
0.215799
0.215799
0.199194
0.169513
0.113573
0.0738659
0.155808
0.137234
0.12098
0.177855
0.138534
0.152625
0.115755
0.0843963
0.288035
0.088426
0.095455
0.144672
0.168553
0.108657
0.0929799
0.165712
0.288035
0.100255
0.140221
0.118806
0.152659
0.23917
0.225534
0.149184
0.153735
0.0925938
0.288035
0.114581
0.0593742
0.117461
0.277905
0.127136
0.0726312
0.193216
0.288035
0.11748
0.128007
0.178971
0.155592
0.209442
0.209584
0.116196
0.107168
0.187358
0.0810553
0.146298
0.201065
0.188196
0.228216
0.111644
0.104932
0.144128
0.0868319
0.101814
0.166257
0.228216
0.228216
0.220383
0.12648
0.206858
0.228216
0.202346
0.0671399
0.133121
0.175602
0.197591
0.228216
0.163358
0.119625
0.128189
0.117608
0.115743
0.169605
0.214558
0.18401
0.214558
0.137887
0.129237
0.175754
0.154398
0.0724311
0.0866181
0.15726
0.159544
0.203528
0.128697
0.101775
0.16728
0.162538
0.100969
0.159991
0.214558
0.211992
0.214558
0.198961
0.133128
0.168293
0.14156
0.198574
0.205142
0.147312
0.0725838
0.211557
0.161322
0.214558
0.152006
0.170016
0.0874123
0.108248
0.157432
0.146556
0.19127
0.12189
0.10808
0.158964
0.196052
0.0584574
0.181968
0.129276
0.124691
0.125955
0.171054
0.177534
0.205551
0.177378
0.207136
0.193156
0.156798
0.0851106
0.207136
0.160365
0.176582
0.162444
0.1603
0.191065
0.207136
0.168685
0.121703
0.207136
0.173703
0.207136
0.207136
0.207136
0.0792399
0.208431
0.162799
0.14978
0.142943
0.144827
0.189303
0.165715
0.124299
0.113139
0.208431
0.116805
0.198177
0.199714
0.194339
0.0904512
0.0786939
0.138167
0.179067
0.192999
0.147035
0.150843
0.208431
0.1866
0.208431
0.208431
0.208431
0.132297
0.157277
0.162757
0.185269
0.203927
0.105264
0.142727
0.138169
0.208431
0.139056
0.216036
0.1544
0.199541
0.205672
0.205081
0.114805
0.0910868
0.106269
0.14182
0.169101
0.0774853
0.152458
0.216036
0.216036
0.0913
0.140021
0.12144
0.155001
0.18237
0.15532
0.213003
0.216036
0.135382
0.198756
0.145947
0.216036
0.0991334
0.135875
0.137613
0.18991
0.216036
0.178788
0.17111
0.150523
0.161557
0.138129
0.150114
0.0924695
0.129212
0.206503
0.21824
0.126488
0.161083
0.127946
0.171678
0.167828
0.138898
0.149953
0.21824
0.21824
0.21824
0.151124
0.137658
0.135833
0.182501
0.134043
0.18653
0.21824
0.166045
0.1778
0.142064
0.141772
0.140784
0.16462
0.13954
0.202338
0.21824
0.184823
0.0551758
0.0951452
0.21824
0.100554
0.13792
0.131259
0.14295
0.220829
0.25431
0.160725
0.142447
0.104261
0.294398
0.0938051
0.0772687
0.107274
0.247508
0.108406
0.0712714
0.188881
0.294398
0.113475
0.133576
0.122147
0.157595
0.192547
0.153213
0.0491502
0.0737284
0.16258
0.294398
0.139896
0.0967008
0.109202
0.198669
0.135939
0.0856974
0.0677984
0.294398
0.117028
0.146854
0.220346
0.220346
0.208266
0.181477
0.192176
0.220346
0.198557
0.0646019
0.111162
0.166252
0.213864
0.220346
0.163163
0.144264
0.154615
0.103722
0.0948593
0.142618
0.179247
0.198688
0.220346
0.193732
0.184162
0.14836
0.165733
0.067361
0.0975238
0.125515
0.180618
0.220346
0.149943
0.138416
0.0849682
0.124881
0.093097
0.13348
0.199148
0.214457
0.214457
0.213798
0.179027
0.214457
0.139938
0.170823
0.183457
0.130382
0.101882
0.214457
0.200024
0.214457
0.157211
0.138286
0.0988046
0.129584
0.144488
0.214457
0.214457
0.18162
0.187998
0.100793
0.138443
0.0902406
0.144153
0.0792324
0.131308
0.214457
0.175796
0.117002
0.180797
0.140368
0.181925
0.171954
0.122586
0.107036
0.209491
0.176325
0.18656
0.15072
0.135724
0.150962
0.173639
0.165806
0.16218
0.209491
0.182694
0.202587
0.209491
0.209491
0.112198
0.156272
0.0975804
0.128656
0.188599
0.140627
0.124365
0.152405
0.127659
0.136839
0.209491
0.140957
0.204006
0.209491
0.209491
0.183865
0.130226
0.105181
0.159482
0.149148
0.123824
0.177115
0.206745
0.188341
0.183241
0.201357
0.206745
0.118858
0.146069
0.147741
0.147234
0.169842
0.121774
0.160046
0.117123
0.166876
0.148285
0.197371
0.135581
0.202123
0.206745
0.196768
0.188466
0.14533
0.121862
0.0873998
0.134692
0.206745
0.206664
0.206745
0.153602
0.145955
0.0953164
0.199056
0.140258
0.175682
0.136142
0.172339
0.21075
0.172326
0.204369
0.133145
0.173941
0.0942992
0.139659
0.0963266
0.146732
0.21075
0.143224
0.170079
0.131814
0.143082
0.123376
0.109005
0.21075
0.21075
0.21075
0.21075
0.167419
0.155116
0.21075
0.075358
0.210257
0.156953
0.203655
0.179176
0.168545
0.21075
0.107493
0.112727
0.132818
0.187884
0.114911
0.161376
0.213969
0.162629
0.175802
0.134255
0.144751
0.150027
0.148707
0.142265
0.182398
0.213969
0.213969
0.0638056
0.0942783
0.213969
0.121638
0.169457
0.13834
0.213969
0.210932
0.190137
0.189188
0.100711
0.134217
0.126945
0.18822
0.0959734
0.158922
0.213969
0.213969
0.213969
0.105321
0.172581
0.118662
0.13468
0.137658
0.153326
0.202525
0.159451
0.0507111
0.0698804
0.167553
0.304194
0.121911
0.103978
0.110061
0.188999
0.0983635
0.0873284
0.0940212
0.304194
0.135753
0.129781
0.0894123
0.144901
0.192316
0.225995
0.15884
0.0807515
0.152553
0.29231
0.0975338
0.14173
0.134338
0.158976
0.207857
0.0744513
0.177885
0.304194
