0.158789
0.128008
0.0968358
0.167788
0.216798
0.216798
0.17615
0.216798
0.105312
0.114088
0.151646
0.0861309
0.209199
0.216798
0.123133
0.197277
0.204302
0.145526
0.20534
0.0905054
0.0737533
0.0800852
0.216798
0.216798
0.207392
0.216798
0.144742
0.0725039
0.123869
0.161095
0.130119
0.206878
0.216798
0.216798
0.113564
0.0787274
0.106758
0.116818
0.128766
0.173982
0.215526
0.124035
0.174938
0.199891
0.129847
0.163589
0.13974
0.102699
0.215526
0.215526
0.215526
0.214244
0.161234
0.117813
0.0588063
0.111317
0.211044
0.131378
0.192129
0.186441
0.187835
0.106216
0.0955338
0.0933599
0.178767
0.215526
0.196876
0.109407
0.121086
0.215526
0.215526
0.215526
0.133699
0.135063
0.116137
0.215164
0.211555
0.193621
0.208699
0.164854
0.126694
0.094736
0.16142
0.134977
0.208659
0.215164
0.113288
0.0542832
0.177991
0.135905
0.0785696
0.141772
0.215164
0.149521
0.124969
0.122233
0.19391
0.208929
0.215164
0.115001
0.215164
0.149109
0.215164
0.215164
0.160077
0.111203
0.126795
0.211211
0.0811012
0.173842
0.148894
0.169763
0.205307
0.128278
0.0879594
0.207839
0.215831
0.0955329
0.109336
0.0884991
0.0931334
0.144453
0.190427
0.215831
0.215831
0.215831
0.106666
0.21367
0.183145
0.21246
0.215831
0.177181
0.147651
0.163938
0.215831
0.0907201
0.0935613
0.123804
0.215831
0.215831
0.102676
0.185106
0.111306
0.173208
0.14308
0.161536
0.137911
0.133347
0.167614
0.135672
0.222028
0.222925
0.223065
0.223065
0.223065
0.129258
0.110698
0.223065
0.10741
0.130397
0.223065
0.223065
0.0803637
0.0943413
0.116974
0.169757
0.202765
0.0852052
0.202902
0.142053
0.188489
0.0787514
0.14962
0.14279
0.0996769
0.211124
0.102063
0.155278
0.155588
0.223065
0.229778
0.229778
0.1871
0.167833
0.229778
0.0756565
0.1005
0.210421
0.229778
0.114095
0.148255
0.106331
0.0831062
0.226684
0.229778
0.105164
0.229778
0.229778
0.0785775
0.186423
0.172279
0.11917
0.229778
0.0812652
0.101268
0.135305
0.176831
0.0590195
0.103748
0.0897866
0.102269
0.229778
0.136792
0.184915
0.154888
0.158051
0.103099
0.168297
0.13008
0.117636
0.224489
0.174127
0.102759
0.185865
0.224489
0.12345
0.133976
0.155253
0.187477
0.224489
0.187299
0.158958
0.224489
0.224489
0.0790219
0.121713
0.103493
0.161821
0.224489
0.105005
0.127721
0.117905
0.146991
0.0657186
0.0969468
0.124182
0.224489
0.224489
0.152384
0.157976
0.224489
0.224489
0.17858
0.0872975
0.103496
0.144817
0.195708
0.212504
0.167998
0.212504
0.146662
0.064365
0.117614
0.212504
0.173082
0.212504
0.212504
0.195671
0.115889
0.102087
0.149786
0.0734059
0.146971
0.212504
0.199349
0.124813
0.120747
0.208805
0.138538
0.0453115
0.185097
0.212504
0.153801
0.212504
0.212504
0.210646
0.118009
0.154582
0.0610706
0.113516
0.213436
0.163507
0.211271
0.213436
0.150192
0.0993387
0.100326
0.105665
0.154155
0.170554
0.198061
0.127216
0.140246
0.213436
0.213436
0.213436
0.0339716
0.140413
0.17822
0.130792
0.213436
0.16552
0.177356
0.128528
0.167753
0.0550977
0.117766
0.213436
0.162743
0.213436
0.154098
0.213436
0.213436
0.185706
0.0972524
0.148267
0.163302
0.153275
0.153663
0.131434
0.174399
0.215768
0.215768
0.0978998
0.215768
0.142746
0.215768
0.215768
0.184945
0.103195
0.143105
0.207515
0.0560813
0.126217
0.204099
0.137821
0.215768
0.155624
0.215768
0.215768
0.14541
0.0933654
0.121406
0.112491
0.166738
0.215768
0.176159
0.118603
0.192919
0.135713
0.106523
0.216229
0.17425
0.216229
0.216229
0.203436
0.150408
0.204013
0.216229
0.0825853
0.109113
0.113139
0.183956
0.216229
0.131652
0.216229
0.131737
0.17051
0.114338
0.178704
0.123352
0.162152
0.216229
0.183622
0.129291
0.21332
0.173609
0.0946991
0.131019
0.175385
0.170843
0.144305
0.10816
0.0878465
0.16501
0.1735
0.0854699
0.12668
0.135252
0.171658
0.209994
0.131925
0.209994
0.181582
0.206624
0.106569
0.135268
0.182666
0.141647
0.209994
0.106418
0.203996
0.207826
0.209994
0.0977501
0.17913
0.163224
0.153629
0.158279
0.100654
0.110498
0.208282
0.209994
0.133056
0.197997
0.175887
0.191888
0.203319
0.132892
0.110461
0.126849
0.203708
0.0799251
0.173806
0.20982
0.14266
0.21826
0.0848816
0.142829
0.163023
0.147359
0.0659148
0.151979
0.133708
0.130465
0.21826
0.21826
0.186857
0.18284
0.215485
0.122009
0.217128
0.1422
0.14265
0.181116
0.0821769
0.131488
0.141403
0.21826
0.0847222
0.18718
0.191893
0.153472
0.177295
0.0959323
0.193694
0.21826
0.21826
0.0818804
0.156973
0.15105
0.154058
0.223137
0.145787
0.135347
0.135049
0.170633
0.0919923
0.0807999
0.16199
0.223137
0.223137
0.184815
0.179683
0.223137
0.223137
0.075309
0.169095
0.214114
0.120459
0.130003
0.0737745
0.175577
0.223137
0.212733
0.0578225
0.151778
0.223137
0.138451
0.144879
0.110679
0.208438
0.223137
0.1179
0.106257
0.0683635
0.128005
0.217774
0.217774
0.144818
0.0870608
0.152014
0.128456
0.0591612
0.15894
0.21412
0.168681
0.214399
0.217774
0.113294
0.0998382
0.140167
0.1402
0.125586
0.0933384
0.149778
0.217774
0.199956
0.167592
0.178102
0.217774
0.161362
0.143545
0.173223
0.217774
0.217774
0.217774
0.154017
0.151105
0.197581
0.0532451
0.133219
0.177065
0.143157
0.210173
0.197489
0.117025
0.131507
0.158083
0.0630635
0.0768006
0.131113
0.13458
0.210173
0.155927
0.200006
0.210173
0.162668
0.160245
0.134492
0.149937
0.210173
0.210173
0.210173
0.174747
0.198873
0.210173
0.113795
0.202071
0.210173
0.176357
0.210173
0.0719142
0.140017
0.19927
0.115661
0.0909348
0.123361
0.142817
0.137657
0.21274
0.191796
0.21274
0.21274
0.171951
0.081034
0.117976
0.112981
0.21274
0.21274
0.171128
0.121068
0.208915
0.128499
0.144515
0.207363
0.21274
0.204291
0.21274
0.110356
0.179881
0.21274
0.184008
0.0227168
0.128821
0.156081
0.0885342
0.125795
0.0768681
0.207071
0.21274
0.167941
0.119032
0.200506
0.151049
0.210927
0.210927
0.187157
0.146919
0.210927
0.190114
0.0998279
0.14267
0.169216
0.157782
0.182819
0.144221
0.125162
0.203858
0.1955
0.0298932
0.151205
0.164843
0.132453
0.140009
0.112805
0.210927
0.210927
0.210927
0.210927
0.197567
0.113463
0.0968806
0.176392
0.159793
0.191038
0.121962
0.122463
0.0882179
0.184598
0.13895
0.128266
0.175637
0.112403
0.13517
0.207093
0.211453
0.145804
0.192776
0.139053
0.211453
0.186321
0.117564
0.167105
0.147994
0.18672
0.137151
0.203742
0.167507
0.123409
0.182693
0.120981
0.16126
0.140387
0.137196
0.0988288
0.211453
0.174662
0.128621
0.179688
0.182253
0.211453
0.211453
0.211453
0.132756
0.210826
0.122855
0.191794
0.171145
0.0839685
0.192083
0.150452
0.177465
0.0803218
0.209023
0.200668
0.173947
0.178382
0.108333
0.171206
0.210826
0.210826
0.0813283
0.210826
0.193023
0.115222
0.170264
0.12155
0.210826
0.210826
0.210826
0.104449
0.161809
0.147564
0.10801
0.142056
0.119592
0.156963
0.193343
0.174688
0.0920436
0.216004
0.216004
0.148149
0.149138
0.111242
0.216004
0.216004
0.216004
0.108896
0.159024
0.216004
0.174154
0.176163
0.187148
0.216004
0.216004
0.147458
0.112542
0.158287
0.170875
0.0919786
0.153565
0.0932448
0.169374
0.194391
0.128519
0.141783
0.144945
0.212424
0.128141
0.17888
0.158545
0.145974
0.155135
0.103005
0.144217
0.123426
0.0890695
0.143716
0.227811
0.227811
0.154887
0.20029
0.216627
0.174334
0.144329
0.137372
0.227811
0.227811
0.206297
0.104458
0.145128
0.184464
0.0634051
0.163218
0.130404
0.108996
0.198256
0.117898
0.113789
0.168961
0.18561
0.0741548
0.126567
0.132214
0.182508
0.175676
0.153925
0.227811
0.227811
0.136916
0.18597
0.14171
0.137066
0.216068
0.216068
0.216068
0.137115
0.216068
0.216068
0.132262
0.171279
0.211969
0.182538
0.216068
0.128618
0.116093
0.173759
0.140256
0.0896462
0.143954
0.139075
0.159502
0.170625
0.175688
0.214287
0.216068
0.186285
0.0948122
0.120431
0.143153
0.151935
0.184066
0.110693
0.146415
0.110679
0.122269
0.177774
0.188588
0.188229
0.207571
0.21587
0.18993
0.174251
0.21587
0.21587
0.0247746
0.13833
0.151566
0.117565
0.157584
0.08178
0.213635
0.19403
0.170322
0.108858
0.154918
0.174073
0.16408
0.21587
0.157106
0.127456
0.115699
0.193647
0.0412278
0.135977
0.0706171
0.125558
0.21587
0.166672
0.21587
0.12807
0.194705
0.028436
0.152436
0.162307
0.140051
0.144183
0.111613
0.219308
0.219308
0.219308
0.186864
0.183222
0.116101
0.107134
0.205166
0.164717
0.209447
0.134332
0.109095
0.0431186
0.145993
0.090402
0.174858
0.219308
0.194
0.219308
0.129788
0.219308
0.0532235
0.0807453
0.188577
0.219308
0.219308
0.153371
0.151687
0.219308
0.139839
0.124916
0.20362
0.16621
0.121337
0.183038
0.128727
0.205077
0.142487
0.131775
0.101606
0.21557
0.180591
0.181073
0.16919
0.194943
0.21557
0.21557
0.21557
0.0559341
0.0877399
0.156065
0.21557
0.21557
0.141616
0.172843
0.190254
0.115024
0.097951
0.0959777
0.0833208
0.165664
0.198076
0.153706
0.163826
0.21557
0.16035
0.0946633
0.216355
0.211137
0.160926
0.158014
0.146754
0.216355
0.216355
0.214074
0.112591
0.160614
0.170626
0.133845
0.157944
0.140091
0.165826
0.216355
0.189486
0.0867318
0.118056
0.093826
0.152821
0.20526
0.161616
0.187003
0.19343
0.114017
0.0806937
0.0864973
0.216355
0.216355
0.216355
0.142616
0.115753
0.180076
0.140269
0.122002
0.161917
0.182269
0.116109
0.176561
0.123354
0.170625
0.197748
0.115322
0.181252
0.171302
0.160937
0.138491
0.208259
0.169148
0.170156
0.208259
0.130617
0.0674554
0.0977662
0.208259
0.208259
0.208259
0.159361
0.151687
0.181537
0.128166
0.140529
0.198229
0.165932
0.147408
0.188747
0.166756
0.208259
0.208259
0.123092
0.0715877
0.169694
0.143533
0.11805
0.213589
0.137869
0.109517
0.210811
0.20421
0.0980445
0.169759
0.136759
0.150746
0.213589
0.139439
0.213589
0.213589
0.147885
0.152227
0.116494
0.102581
0.126111
0.213589
0.0736086
0.153428
0.213589
0.213589
0.121505
0.208873
0.114043
0.176422
0.201849
0.109817
0.213589
0.213589
0.187589
0.111848
0.179421
0.14229
0.144345
0.198013
0.17987
0.220409
0.220409
0.220409
0.108587
0.120584
0.151139
0.170165
0.220409
0.170811
0.164186
0.0959542
0.151411
0.118522
0.168968
0.0953228
0.140004
0.153117
0.134969
0.220409
0.220409
0.220409
0.158465
0.220409
0.0956327
0.0963048
0.150337
0.145068
0.220409
0.118808
0.157475
0.106999
0.14594
0.177668
0.171243
0.216641
0.216641
0.148347
0.104361
0.216641
0.0488479
0.114644
0.0833516
0.157348
0.216641
0.170627
0.215423
0.117216
0.196254
0.127144
0.188316
0.0873454
0.0890906
0.16983
0.17816
0.216641
0.18856
0.216641
0.0935006
0.207401
0.181067
0.204691
0.206311
0.121014
0.186401
0.116143
0.147088
0.0404383
0.113363
0.0973976
0.173368
0.217621
0.183327
0.217621
0.123886
0.217621
0.0428096
0.0973538
0.206884
0.217621
0.201384
0.115998
0.13811
0.213486
0.118263
0.07002
0.155767
0.149046
0.210173
0.217621
0.135743
0.21379
0.160673
0.217621
0.0604623
0.162583
0.174432
0.217088
0.217621
0.109048
0.172192
0.128993
0.165578
0.0552214
0.101853
0.176564
0.210818
0.198892
0.119596
0.188921
0.18274
0.11026
0.0767527
0.0731784
0.102496
0.171883
0.18603
0.157818
0.185901
0.210818
0.168045
0.0813665
0.134322
0.127392
0.199991
0.210818
0.14304
0.194914
0.150684
0.199546
0.141288
0.161378
0.176464
0.210818
0.210818
0.148784
0.210818
0.210818
0.18557
0.0793048
0.0972086
0.105711
0.140617
0.179074
0.165848
0.207675
0.177541
0.108414
0.0814335
0.100109
0.172527
0.211738
0.211738
0.200551
0.152892
0.207031
0.135353
0.151245
0.136284
0.142245
0.211738
0.211738
0.192926
0.211738
0.201195
0.159222
0.119047
0.138347
0.102493
0.157744
0.211738
0.211738
0.194853
0.210575
0.0810273
0.0796679
0.117884
0.165392
0.202872
0.202051
0.188579
0.145319
0.164812
0.119371
0.146997
0.165935
0.121876
0.151468
0.198078
0.118155
0.201356
0.208436
0.127249
0.125382
0.140828
0.0989196
0.133939
0.187288
0.198983
0.177292
0.206227
0.127901
0.102858
0.208436
0.202114
0.208436
0.207897
0.0979347
0.160362
0.208436
0.208436
0.1323
0.13225
0.107861
0.113281
0.215766
0.0762991
0.124993
0.217018
0.217018
0.125264
0.217018
0.127326
0.136018
0.194674
0.121426
0.217018
0.217018
0.159098
0.0983435
0.174744
0.145888
0.163605
0.217018
0.217018
0.0968956
0.134673
0.177936
0.0446132
0.111126
0.178268
0.217018
0.217018
0.217018
0.217018
0.164274
0.0746169
0.116827
0.185664
0.104747
0.107621
0.145844
0.132938
0.220498
0.220498
0.220498
0.140755
0.189081
0.102925
0.097543
0.14855
0.100345
0.218302
0.133361
0.194829
0.0447596
0.0920607
0.197429
0.220498
0.220498
0.208688
0.220498
0.220498
0.145446
0.125965
0.11992
0.143706
0.179491
0.146023
0.129741
0.156284
0.174252
0.220498
0.115527
0.155166
0.10211
0.0992502
0.159094
0.12581
0.2206
0.172885
0.2206
0.0833595
0.195433
0.168087
0.190914
0.162011
0.0944431
0.150526
0.11287
0.187891
0.161712
0.153327
0.176967
0.2206
0.161277
0.124857
0.131978
0.2206
0.2206
0.0874574
0.2206
0.149493
0.2206
0.208715
0.161724
0.137828
0.143047
0.189053
0.0682176
0.18268
0.156549
0.198425
0.184489
0.123433
0.180901
0.156275
0.216391
0.0715445
0.152169
0.181249
0.178255
0.216391
0.103645
0.160868
0.141254
0.169407
0.102362
0.216391
0.161856
0.216391
0.216391
0.198662
0.141482
0.154415
0.169247
0.0290616
0.0890557
0.105964
0.137032
0.216391
0.210222
0.163
0.165936
0.216391
0.0984835
0.162456
0.155003
0.155539
0.210146
0.114803
0.185471
0.161867
0.180282
0.15429
0.169463
0.193658
0.175344
0.203906
0.129506
0.210146
0.209277
0.187482
0.0440506
0.0921003
0.0934824
0.167327
0.210146
0.210146
0.150989
0.165929
0.208252
0.0765616
0.141177
0.100799
0.210146
0.165202
0.12663
0.191938
0.210146
0.171446
0.179901
0.178987
0.16841
0.166223
0.20436
0.155799
0.221185
0.201417
0.183979
0.171175
0.158862
0.0906432
0.139773
0.200347
0.221185
0.19594
0.204288
0.0981786
0.0779026
0.16185
0.10959
0.221185
0.149446
0.0975286
0.186463
0.214491
0.172345
0.08192
0.158957
0.156422
0.221185
0.221185
0.0827961
0.102312
0.0998916
0.109551
0.179397
0.164955
0.0810431
0.123371
0.175715
0.208565
0.172257
0.205211
0.172758
0.121047
0.208565
0.200803
0.208565
0.191788
0.117855
0.167202
0.20562
0.208565
0.0671931
0.129778
0.151008
0.208565
0.208565
0.0777068
0.120542
0.131214
0.173109
0.162507
0.207443
0.19974
0.192405
0.105565
0.0525151
0.12837
0.131465
0.208565
0.110187
0.213777
0.158387
0.181953
0.213777
0.213777
0.116586
0.149141
0.189688
0.0570871
0.154014
0.184118
0.213777
0.213777
0.209256
0.213777
0.192937
0.0848795
0.100483
0.181733
0.101151
0.18417
0.213777
0.15174
0.170032
0.196153
0.163412
0.0608814
0.129398
0.140604
0.194974
0.21294
0.0969159
0.153642
0.141637
0.088431
0.0652302
0.152453
0.202592
0.219346
0.219346
0.186294
0.219346
0.219346
0.162936
0.117427
0.109498
0.142054
0.169872
0.199893
0.116784
0.161919
0.195936
0.219346
0.0668611
0.165944
0.184436
0.219346
0.203162
0.0899407
0.130029
0.140264
0.0811774
0.0873965
0.128184
0.171894
0.219346
0.219346
0.168313
0.159482
0.126404
0.101811
0.13866
0.137508
0.159027
0.200318
0.188917
0.106139
0.108987
0.203219
0.219545
0.0927649
0.219545
0.129642
0.219545
0.197717
0.138546
0.10535
0.128392
0.219545
0.0796686
0.138401
0.184804
0.219545
0.219545
0.188685
0.155678
0.137706
0.0924569
0.122451
0.126829
0.131648
0.124238
0.188487
0.194355
0.133243
0.219545
0.213843
0.110232
0.218701
0.155322
0.218701
0.218701
0.184757
0.109333
0.13865
0.183523
0.0412242
0.0892719
0.11669
0.12749
0.218701
0.194472
0.159317
0.181306
0.218701
0.135541
0.183171
0.154245
0.0985168
0.218701
0.218701
0.135788
0.218701
0.192978
0.0594808
0.0923379
0.164073
0.131243
0.167333
0.139804
0.164669
0.163336
0.218701
0.0625118
0.135187
0.146916
0.170715
0.216452
0.210948
0.174469
0.216452
0.216452
0.0988133
0.172839
0.117798
0.216452
0.17057
0.0957741
0.216452
0.216452
0.195575
0.0562609
0.12286
0.19949
0.168822
0.216452
0.163373
0.135131
0.132049
0.195179
0.0315044
0.151968
0.144713
0.195058
0.216452
0.182031
0.139763
0.128904
0.0889142
0.0963719
0.204605
0.127857
0.222015
0.160223
0.0681673
0.222015
0.222015
0.18563
0.147432
0.172377
0.141236
0.222015
0.222015
0.0964974
0.114116
0.110272
0.13523
0.0345992
0.136185
0.138344
0.20554
0.222015
0.159511
0.120289
0.129185
0.108606
0.0790351
0.140221
0.178031
0.222015
0.222015
0.186921
0.199473
0.134428
0.222015
0.11303
0.127483
0.121034
0.200649
0.214133
0.0963466
0.120418
0.137945
0.189066
0.19335
0.199446
0.210796
0.211165
0.0990338
0.0905019
0.124555
0.140188
0.214133
0.0939284
0.150515
0.138968
0.199878
0.214133
0.162012
0.160456
0.14519
0.214133
0.0718811
0.181242
0.206824
0.214133
0.214133
0.0862543
0.178949
0.13669
0.200701
0.13787
0.214251
0.124896
0.214251
0.214251
0.205336
0.214251
0.214251
0.214251
0.0686545
0.171731
0.164699
0.214251
0.214251
0.128055
0.206097
0.19349
0.123112
0.181894
0.134408
0.0436618
0.187261
0.20924
0.0668923
0.0511156
0.120497
0.214251
0.0813099
0.0629578
0.109746
0.135516
0.143523
0.163668
0.142552
0.170854
0.214251
0.0927559
0.227352
0.218308
0.227352
0.227352
0.1029
0.154785
0.167507
0.11347
0.111245
0.160599
0.201508
0.227352
0.227352
0.194731
0.163816
0.151949
0.107545
0.117057
0.0870152
0.138071
0.141711
0.177908
0.112599
0.121689
0.180085
0.227352
0.0968009
0.126732
0.175374
0.169581
0.227352
0.143618
0.155975
0.152625
0.151884
0.105067
0.177504
0.200385
0.216102
0.216102
0.192367
0.14536
0.140599
0.0933921
0.133517
0.139383
0.139935
0.131935
0.216102
0.21183
0.168279
0.216102
0.216102
0.11111
0.14602
0.185288
0.148331
0.216102
0.115379
0.140761
0.114353
0.126092
0.111288
0.149447
0.138031
0.148325
0.20792
0.195773
0.176838
0.201074
0.148008
0.13432
0.186916
0.146193
0.109501
0.206399
0.206399
0.160929
0.206399
0.186617
0.0554691
0.0838159
0.145482
0.155383
0.19102
0.148736
0.172592
0.159979
0.206399
0.139284
0.177658
0.151392
0.152002
0.166399
0.187839
0.179561
0.15697
0.134663
0.101293
0.170269
0.195546
0.201827
0.167603
0.159838
0.206399
0.18478
0.171889
0.0528235
0.106038
0.172998
0.187195
0.214505
0.164808
0.160059
0.149025
0.171465
0.0349475
0.128469
0.133589
0.202204
0.214505
0.141862
0.152932
0.146597
0.116146
0.151542
0.21108
0.188042
0.193256
0.196621
0.191622
0.214505
0.201816
0.17582
0.0658216
0.107091
0.128972
0.157544
0.214505
0.156937
0.214505
0.214505
0.128244
0.0384994
0.135736
0.125773
0.197472
0.217899
0.149862
0.156164
0.164085
0.11459
0.0934907
0.129072
0.168392
0.193937
0.217899
0.212476
0.202638
0.156722
0.217899
0.0955329
0.159609
0.118741
0.133369
0.217899
0.144881
0.217899
0.217899
0.126289
0.0934087
0.145421
0.0942612
0.138492
0.217899
0.180167
0.181022
0.172646
0.217899
0.101939
0.159655
0.142539
0.181242
0.213145
0.188931
0.159184
0.168578
0.213145
0.105222
0.191012
0.205926
0.213145
0.213145
0.0936646
0.149532
0.145301
0.213145
0.095925
0.188256
0.128693
0.113843
0.213145
0.167021
0.11891
0.134747
0.213145
0.0880325
0.15536
0.151303
0.133348
0.191617
0.185422
0.126393
0.147829
0.213145
0.224202
0.185182
0.0608555
0.202212
0.230176
0.0830355
0.0455014
0.128156
0.230176
0.086399
0.082982
0.106304
0.158383
0.145319
0.212662
0.19845
0.227742
0.230176
0.230176
0.16118
0.0535727
0.229704
0.230176
0.0345825
0.075127
0.124059
0.230176
0.119922
0.113295
0.0871321
0.0967763
0.14594
0.11688
0.174084
0.230176
0.230176
0.136664
0.114416
0.136936
0.142478
0.184596
0.140303
0.154854
0.225223
0.236517
0.118693
0.147486
0.227276
0.140988
0.236517
0.16757
0.176349
0.195847
0.174001
0.186638
0.126764
0.0972301
0.0971893
0.149317
0.0968566
0.139222
0.236517
0.236517
0.101185
0.11791
0.0862007
0.170169
0.236517
0.139316
0.236517
0.140877
0.0961447
0.144462
0.195418
0.21322
0.126072
0.21322
0.117864
0.144056
0.136565
0.157669
0.121537
0.21322
0.183946
0.189141
0.21322
0.21322
0.21322
0.21322
0.161806
0.125973
0.119312
0.109272
0.186019
0.21322
0.116196
0.16433
0.0957184
0.0708759
0.0966811
0.21322
0.108861
0.1096
0.201823
0.210703
0.20747
0.15178
0.10681
0.141565
0.206204
0.176638
0.198271
0.164842
0.194389
0.206204
0.164196
0.161033
0.0822232
0.168891
0.191364
0.206204
0.204481
0.156615
0.206204
0.196253
0.182059
0.0926037
0.184572
0.141813
0.125723
0.206204
0.175524
0.170397
0.167805
0.109312
0.084272
0.161103
0.116182
0.167993
0.138389
0.108828
0.150814
0.206204
0.139792
0.108666
0.172641
0.149299
0.190196
0.202462
0.165223
0.212149
0.200088
0.176218
0.0688496
0.0857153
0.129285
0.182848
0.212149
0.127017
0.212149
0.200821
0.154267
0.0978429
0.145688
0.0923532
0.13468
0.127099
0.101443
0.154249
0.212149
0.196286
0.106283
0.18179
0.212149
0.193658
0.146389
0.151296
0.174924
0.212149
0.212149
0.0899075
0.139385
0.114367
0.152501
0.219892
0.131731
0.219892
0.210935
0.124804
0.1016
0.157207
0.102971
0.123585
0.219892
0.18561
0.191407
0.193921
0.219892
0.126369
0.195834
0.189463
0.175884
0.190528
0.139022
0.193017
0.219892
0.219892
0.0793359
0.180698
0.112199
0.110734
0.219892
0.150923
0.10675
0.177758
0.0839869
0.101559
0.215193
0.167674
0.106855
0.215193
0.178242
0.155986
0.17374
0.202964
0.12411
0.215193
0.188594
0.107437
0.180104
0.215193
0.174485
0.156991
0.215193
0.0725748
0.169384
0.107973
0.107637
0.215193
0.152909
0.153578
0.206215
0.0832947
0.13042
0.164759
0.123495
0.130554
0.163676
0.215193
0.215193
0.144588
0.156164
0.23596
0.165125
0.0606412
0.239091
0.239091
0.0398462
0.0630851
0.116222
0.239091
0.129645
0.125385
0.0847346
0.121369
0.125401
0.158278
0.188843
0.239091
0.239091
0.239091
0.183505
0.0512567
0.216885
0.239091
0.0635931
0.0646664
0.0726145
0.216782
0.137246
0.112114
0.115062
0.155258
0.184605
0.138726
0.110458
0.167337
0.239091
0.202053
0.149174
0.0996974
0.105747
0.134958
0.12863
0.151341
0.240502
0.240502
0.113497
0.128653
0.116229
0.166773
0.240502
0.164035
0.240502
0.148
0.129134
0.177803
0.10534
0.0957209
0.151138
0.209132
0.116016
0.125476
0.240502
0.240502
0.0857988
0.105426
0.0973481
0.1564
0.21567
0.133975
0.187054
0.240502
0.132226
0.157348
0.159995
0.156851
0.20209
0.218873
0.139037
0.218272
0.117529
0.121329
0.100372
0.218873
0.153225
0.174281
0.205729
0.218873
0.218873
0.197352
0.165211
0.121519
0.106338
0.0910541
0.155304
0.218873
0.132376
0.19819
0.218873
0.135588
0.101799
0.170418
0.19711
0.133879
0.193483
0.0826466
0.0594954
0.160203
0.159515
0.0896676
0.211696
0.165919
0.163622
0.211696
0.169379
0.173779
0.18694
0.156822
0.0869775
0.211696
0.0918137
0.198592
0.176707
0.125202
0.192492
0.211696
0.156273
0.130109
0.136872
0.172767
0.158008
0.211696
0.0905947
0.0590113
0.106126
0.143629
0.122173
0.155228
0.0653933
0.206512
0.211696
0.211696
0.179108
0.211696
0.211696
0.0836928
0.155998
0.0668155
0.139033
0.152117
0.113292
0.181943
0.210675
0.193294
0.0998588
0.165109
0.190568
0.210675
0.176815
0.137519
0.164114
0.210675
0.210675
0.110163
0.133454
0.0864616
0.201315
0.210675
0.210675
0.154281
0.198248
0.210675
0.0858923
0.172447
0.133417
0.12931
0.209071
0.210675
0.151322
0.168934
0.157667
0.118932
0.173557
0.167227
0.197499
0.201394
0.134083
0.200946
0.214977
0.214977
0.0820546
0.177316
0.12718
0.119556
0.214977
0.146982
0.113048
0.177711
0.0736276
0.0772005
0.197423
0.164849
0.140662
0.214977
0.214977
0.155603
0.175685
0.151806
0.0754064
0.214977
0.205677
0.135434
0.212211
0.164555
0.147241
0.146839
0.1443
0.0804835
0.177794
0.131645
0.11011
0.215712
0.153914
0.177634
0.215712
0.0763147
0.142442
0.21383
0.151701
0.116107
0.166421
0.215712
0.215712
0.14705
0.168087
0.0684312
0.215712
0.15833
0.14118
0.215712
0.168596
0.175277
0.175136
0.18714
0.108991
0.194611
0.0852865
0.146951
0.215712
0.120418
0.154253
0.166181
0.215712
0.237468
0.17911
0.0542318
0.216419
0.237468
0.0567995
0.0728669
0.0664509
0.199355
0.14031
0.0719886
0.117754
0.17688
0.180808
0.159451
0.119333
0.121692
0.237468
0.191367
0.192998
0.227037
0.231194
0.237468
0.137558
0.0854828
0.143079
0.234847
0.0847746
0.0381174
0.086977
0.161442
0.105259
0.135018
0.152612
0.225203
0.237468
0.193402
0.085031
0.106852
0.179234
0.21147
0.153147
0.14272
0.202767
0.252648
0.0759182
0.096161
0.11803
0.161144
0.183373
0.131878
0.179445
0.252648
0.148814
0.171322
0.0663276
0.097074
0.190612
0.144737
0.151739
0.210059
0.252648
0.252648
0.148752
0.140472
0.102884
0.151249
0.0979834
0.132928
0.163053
0.187608
0.185984
0.098982
0.109656
0.118486
0.158032
0.209547
0.11935
0.171063
0.209547
0.146157
0.0925209
0.137528
0.209547
0.155395
0.209547
0.106566
0.0733568
0.171623
0.145293
0.208608
0.209547
0.157754
0.159762
0.123954
0.123345
0.159025
0.192332
0.152248
0.209547
0.209547
0.209547
0.140464
0.189215
0.179075
0.156574
0.195192
0.209547
0.108656
0.121688
0.192907
0.159041
0.219468
0.0978027
0.0599058
0.111015
0.125927
0.120996
0.181648
0.0562804
0.219468
0.219468
0.219468
0.197157
0.219468
0.202562
0.192869
0.219468
0.219468
0.109429
0.143383
0.167373
0.127482
0.193978
0.219468
0.0358234
0.0395121
0.079027
0.139023
0.219468
0.219468
0.219468
0.13844
0.0989948
0.10409
0.156919
0.0862445
0.218647
0.221286
0.221286
0.192076
0.220016
0.190528
0.0752184
0.159869
0.112083
0.152175
0.221286
0.209148
0.153255
0.178875
0.145643
0.0211076
0.0500945
0.0828755
0.153678
0.221286
0.221286
0.221286
0.163285
0.129198
0.0348984
0.209898
0.221286
0.221286
0.221286
0.157429
0.0599192
0.087703
0.0384321
0.0633741
0.169067
0.13586
0.13721
0.220495
0.201981
0.161839
0.172356
0.138927
0.0483052
0.182169
0.154717
0.125688
0.195151
0.172579
0.14381
0.164042
0.111158
0.0381064
0.220495
0.220495
0.220495
0.220495
0.173813
0.0818449
0.062786
0.0342838
0.0900172
0.220495
0.220495
0.156208
0.220495
0.201183
0.220495
0.220495
0.0917131
0.0508129
0.183804
0.132276
0.118965
0.210892
0.179449
0.159748
0.162148
0.132878
0.0898871
0.160328
0.083143
0.116373
0.214142
0.133718
0.16387
0.149622
0.184546
0.0760696
0.217428
0.217428
0.143296
0.185908
0.197716
0.217428
0.217428
0.130984
0.110019
0.110337
0.118873
0.199743
0.201828
0.132166
0.217428
0.217428
0.217428
0.181677
0.179259
0.174704
0.189627
0.240576
0.0854756
0.0876345
0.142317
0.228933
0.0865682
0.0171005
0.0933483
0.164282
0.103
0.109933
0.147782
0.198132
0.240576
0.12765
0.171073
0.107506
0.216303
0.240576
0.124309
0.0721354
0.179779
0.240576
0.224808
0.170959
0.05054
0.110498
0.131565
0.127654
0.145513
0.240576
0.240576
0.145814
0.0477763
0.10687
0.180751
0.134537
0.134905
0.19063
0.251404
0.251404
0.101229
0.127534
0.107101
0.143366
0.0839922
0.128622
0.137551
0.146947
0.13956
0.230194
0.155075
0.0601063
0.119503
0.157032
0.167896
0.175427
0.251404
0.251404
0.158691
0.171562
0.0647902
0.0955544
0.235197
0.158338
0.208703
0.237872
0.194307
0.127565
0.200074
0.144329
0.149223
0.0899127
0.12164
0.125213
0.143741
0.101847
0.175531
0.19539
0.206887
0.140701
0.218659
0.184593
0.117592
0.176529
0.154832
0.13801
0.168773
0.0855972
0.0989821
0.177259
0.175852
0.203858
0.231858
0.231858
0.231858
0.231858
0.156487
0.141495
0.198703
0.15809
0.10372
0.116177
0.178157
0.130397
0.204893
0.193845
0.106419
0.1422
0.164761
0.10875
0.168749
0.144226
0.0495446
0.0395148
0.0678967
0.135699
0.221772
0.221214
0.221772
0.132733
0.0815561
0.221772
0.221772
0.103946
0.12842
0.149094
0.141875
0.170953
0.207556
0.221772
0.179109
0.172507
0.130149
0.04356
0.134601
0.221772
0.221772
0.221772
0.221772
0.0428158
0.0588527
0.0867541
0.159447
0.236089
0.248289
0.248289
0.195022
0.130547
0.0184731
0.208674
0.248289
0.239043
0.248289
0.133957
0.073828
0.0890665
0.0242615
0.248289
0.128243
0.118959
0.0709665
0.186211
0.248289
0.248289
0.248289
0.248289
0.080915
0.18426
0.176799
0.0863426
0.09157
0.0374868
0.0467091
0.0389959
0.0125416
0.0416257
0.214061
0.228023
0.228023
0.228023
0.158414
0.101646
0.0679126
0.0251423
0.117933
0.193318
0.228023
0.130604
0.228023
0.228023
0.200874
0.228023
0.114646
0.10177
0.205612
0.199508
0.110577
0.0962035
0.0377759
0.0340312
0.0294577
0.0128172
0.228023
0.228023
0.228023
0.114955
0.147414
0.0441547
0.114424
0.224674
0.228023
0.10894
0.181067
0.214848
0.104443
0.177791
0.194232
0.199914
0.20638
0.0981776
0.0926651
0.128329
0.113904
0.127515
0.18809
0.153044
0.214848
0.214848
0.138422
0.214848
0.214848
0.214848
0.135292
0.150279
0.0476198
0.0788852
0.137433
0.1647
0.0980416
0.186183
0.143217
0.196619
0.213132
0.153887
0.184641
0.2081
0.168385
0.119241
0.140864
0.07812
0.23725
0.245688
0.118208
0.0776659
0.194571
0.245688
0.204443
0.143417
0.0560991
0.12918
0.15194
0.129773
0.147112
0.245688
0.245688
0.245688
0.161294
0.0470342
0.147285
0.245688
0.0566501
0.0820338
0.137037
0.233204
0.127334
0.0755962
0.0603514
0.125651
0.140045
0.114877
0.108739
0.245688
0.245688
0.177186
0.115782
0.071558
0.124968
0.153928
0.139957
0.145867
0.241089
0.241089
0.097074
0.146843
0.0621001
0.120507
0.2029
0.138641
0.186306
0.20753
0.123788
0.149192
0.0972997
0.101583
0.1311
0.153435
0.110565
0.103688
0.241089
0.241089
0.105027
0.141459
0.170049
0.20819
0.205413
0.0945164
0.241089
0.241089
0.241089
0.061256
0.117952
0.080419
0.113644
0.140684
0.136416
0.165578
0.224774
0.144797
0.201465
0.224774
0.138623
0.154963
0.195256
0.113525
0.0667349
0.0867501
0.121654
0.112047
0.1652
0.168379
0.19174
0.224774
0.0762129
0.224774
0.224774
0.221749
0.153652
0.224774
0.184995
0.224774
0.224774
0.153943
0.135718
0.159019
0.158724
0.1425
0.198912
0.093476
0.123245
0.153031
0.117208
0.113417
0.151555
0.185076
0.144282
0.103602
0.0683166
0.0352252
0.127749
0.129265
0.226982
0.226982
0.226982
0.132543
0.220983
0.192688
0.1918
0.226982
0.103871
0.101395
0.092005
0.103831
0.170561
0.132476
0.145354
0.226982
0.2202
0.191327
0.210546
0.226982
0.226982
0.156683
0.0631814
0.0525802
0.0410191
0.162218
0.157465
0.274441
0.283057
0.289268
0.0445032
0.130155
0.130996
0.0609926
0.0605413
0.019034
0.0271275
0.0365237
0.0241087
0.164617
0.130713
0.204104
0.275485
0.289268
0.15517
0.160364
0.189904
0.289268
0.0338956
0.0134495
0.0464713
0.263367
0.289268
0.215444
0.0425143
0.0478731
0.0912141
0.0861962
0.153875
0.144806
0.0834806
0.0774677
0.0224894
0.0165126
0.0273749
0.0168319
0.265234
0.301901
0.15573
0.0868105
0.138178
0.043262
0.0577483
0.165849
0.209851
0.0322616
0.0546707
0.0843158
0.306813
0.308822
0.234931
0.0482724
0.0250079
0.0448037
0.122072
0.291677
0.181962
0.203907
0.308822
0.308822
0.0920111
0.0649608
0.0715851
0.240885
0.240885
0.18752
0.118359
0.164719
0.0544277
0.0501784
0.115274
0.142434
0.101932
0.178765
0.126659
0.146258
0.237242
0.189592
0.172377
0.179404
0.124476
0.133086
0.240885
0.217602
0.23282
0.240885
0.240885
0.137272
0.0559822
0.064259
0.0439141
0.0770735
0.10177
0.0941031
0.236091
0.240885
0.122871
0.135187
0.159733
0.24945
0.172983
0.0707581
0.164097
0.24945
0.0622284
0.0747678
0.152122
0.220387
0.160583
0.0934225
0.0605557
0.150362
0.187714
0.1429
0.112572
0.24945
0.24945
0.24945
0.189817
0.0442453
0.114994
0.24945
0.0826045
0.0343196
0.0665069
0.24945
0.180202
0.145203
0.0961971
0.17908
0.197842
0.135129
0.0712183
0.0951634
0.24945
0.167049
0.0964194
0.092408
0.155317
0.175583
0.116634
0.110074
0.241817
0.241817
0.0893575
0.124704
0.135904
0.241817
0.213466
0.105155
0.241817
0.241817
0.214081
0.196756
0.09646
0.0820174
0.158503
0.166919
0.103833
0.0512208
0.0922491
0.241817
0.039021
0.0673047
0.130985
0.241817
0.232861
0.137728
0.186515
0.219659
0.103497
0.0771406
0.128373
0.128161
0.198616
0.196151
0.0665845
0.222951
0.253175
0.146061
0.116796
0.253175
0.185059
0.213206
0.253175
0.106514
0.115214
0.148676
0.142893
0.02614
0.0973772
0.188934
0.232473
0.200856
0.111359
0.123013
0.117978
0.0649273
0.0455045
0.108045
0.253175
0.253175
0.253175
0.157962
0.116054
0.131781
0.0850032
0.108603
0.222677
0.173916
0.180975
0.256697
0.0868238
0.0880808
0.0898134
0.0999699
0.183368
0.130968
0.111667
0.199199
0.242225
0.150326
0.191516
0.256697
0.256697
0.0358729
0.180381
0.256697
0.256697
0.256697
0.144586
0.0980777
0.0737919
0.0540924
0.05411
0.124232
0.12931
0.200381
0.256697
0.0950526
0.0351642
0.0234595
0.0368441
0.197887
0.147887
0.153008
0.241088
0.287217
0.159324
0.160691
0.264072
0.287217
0.0378947
0.0233473
0.0654285
0.233855
0.287217
0.191191
0.044809
0.0771461
0.123435
0.0687595
0.204803
0.18641
0.250364
0.287217
0.0996511
0.0338684
0.0122465
0.0300027
0.00429602
0.029886
0.0325632
0.155327
0.287217
0.142902
0.0193495
0.0132165
0.00536993
0.0370909
0.0605732
0.0864515
0.243774
0.275586
0.187257
0.0328512
0.0364728
0.0551072
0.154273
0.275586
0.175553
0.178504
0.275586
0.262786
0.0767119
0.131161
0.094146
0.00990698
0.0315343
0.0615812
0.147871
0.275586
0.14127
0.0295255
0.00929287
0.00355345
0.0360656
0.111975
0.21662
0.227831
0.189431
0.134255
0.275586
0.275586
0.173525
0.162103
0.22942
0.182799
0.18435
0.22942
0.22942
0.0990662
0.100158
0.0769933
0.0522369
0.08217
0.105507
0.091456
0.193299
0.22942
0.14643
0.10057
0.124137
0.0362333
0.1149
0.22942
0.22942
0.227814
0.194724
0.225067
0.182658
0.117115
0.132421
0.0901426
0.145515
0.120475
0.22942
0.22942
0.22942
0.155822
0.0764252
0.268523
0.174166
0.0515808
0.108529
0.268523
0.0822207
0.0344184
0.0679223
0.268523
0.164307
0.130071
0.0676519
0.164061
0.206155
0.130818
0.0663795
0.0867857
0.268523
0.219871
0.112749
0.0536591
0.137715
0.268523
0.0532226
0.0740904
0.147313
0.193223
0.11343
0.250901
0.268523
0.0876132
0.0862637
0.0643816
0.0887645
0.194321
0.268523
0.180353
0.090376
0.0659725
0.159124
0.176506
0.112242
0.0593019
0.0887206
0.279488
0.0294655
0.108234
0.254552
0.279488
0.180503
0.13185
0.167459
0.212115
0.0738096
0.146251
0.21866
0.279488
0.0798269
0.0701369
0.0659719
0.110509
0.245145
0.279488
0.0234236
0.210539
0.279488
0.208378
0.0601281
0.0302832
0.107072
0.124619
0.0334217
0.0239614
0.16131
0.290058
0.290058
0.212935
0.143166
0.162766
0.161257
0.0686222
0.058657
0.167761
0.290058
0.290058
0.290058
0.165242
0.157286
0.211103
0.126705
0.0242517
0.244084
0.290058
0.208865
0.0676841
0.0454847
0.122406
0.121522
0.0232004
0.0215649
0.0439947
0.113203
0.138267
0.0912688
0.0873013
0.0870693
0.0508969
0.0112255
0.0693491
0.303741
0.303741
0.303741
0.303741
0.22717
0.190078
0.178245
0.127439
0.127803
0.270847
0.246196
0.277612
0.303741
0.169601
0.0574413
0.0467475
0.0704094
0.0338903
0.0616952
0.16503
0.183011
0.143992
0.11732
0.104628
0.0529747
0.0117842
0.0121073
0.0293122
0.0311886
0.053422
0.0922286
0.0402455
0.0464634
0.0195291
0.00111545
0.192512
0.311634
0.311634
0.311634
0.311634
0.228981
0.0599296
0.0199135
0.0626739
0.00915734
0.0862555
0.0924123
0.267052
0.311634
0.299534
0.0501169
0.0399178
0.0102242
0.0246348
0.0376297
0.0527938
0.0902985
0.159422
0.0674284
0.0677582
0.0419619
0.0148106
0.0358274
0.0675371
0.0747454
0.133333
0.285199
0.255488
0.0901933
0.0446996
0.0158172
0.0224252
0.0735361
0.139567
0.220788
0.28782
0.260346
0.0536306
0.0276358
0.00415776
0.0788027
0.233952
0.28782
0.28782
0.209512
0.13881
0.28782
0.28782
0.28782
0.02932
0.0398438
0.0679658
0.126763
0.21249
0.201085
0.0695315
0.0683289
0.03374
0.0417714
0.102533
0.18171
0.177982
0.0603918
0.066903
0.102188
0.121085
0.061089
0.0587114
0.160553
0.243731
0.243731
0.189513
0.142401
0.243731
0.243731
0.192772
0.176176
0.144388
0.231946
0.168165
0.243731
0.243731
0.243731
0.186378
0.087874
0.0241555
0.0598201
0.156998
0.110081
0.0437883
0.0498472
0.0597118
0.0947289
0.0489283
0.0403546
0.238177
0.243731
0.0910406
0.11218
0.11644
0.20763
0.167809
0.0379618
