0.150517
0.106801
0.168605
0.226574
0.256167
0.140877
0.19295
0.256167
0.256167
0.0393462
0.0826196
0.206696
0.15212
0.125097
0.0987767
0.101546
0.11534
0.0694751
0.1888
0.187013
0.230591
0.211579
0.184677
0.174691
0.134363
0.177317
0.256167
0.0210581
0.0976666
0.194628
0.178129
0.118799
0.1026
0.140315
0.122415
0.130179
0.0706499
0.110627
0.21239
0.202928
0.166733
0.134075
0.153523
0.180637
0.136002
0.0973979
0.21239
0.186472
0.21239
0.139663
0.12964
0.161816
0.152283
0.162555
0.0263238
0.127927
0.21239
0.21239
0.160967
0.137694
0.21239
0.176785
0.186457
0.0867829
0.163742
0.15678
0.164531
0.175097
0.129055
0.206442
0.21239
0.21239
0.114539
0.211626
0.170073
0.211626
0.124722
0.137754
0.159385
0.15736
0.166557
0.0874544
0.211626
0.208854
0.211626
0.211626
0.211626
0.128308
0.113521
0.108133
0.0928814
0.164028
0.161491
0.164964
0.174517
0.134878
0.175371
0.194917
0.167308
0.163354
0.210963
0.181568
0.211626
0.211626
0.151712
0.110919
0.125678
0.0737418
0.106093
0.214395
0.214395
0.214395
0.214395
0.211346
0.135712
0.139259
0.119748
0.0576963
0.0867105
0.144326
0.125185
0.1675
0.147588
0.210065
0.214395
0.214395
0.165602
0.21359
0.157628
0.214395
0.201515
0.169103
0.112677
0.118508
0.0706502
0.0578047
0.108557
0.115372
0.0906093
0.137033
0.214164
0.214395
0.214395
0.191854
0.051491
0.100968
0.17202
0.118166
0.148424
0.127878
0.197501
0.218421
0.218421
0.049775
0.200103
0.190546
0.218421
0.218421
0.132534
0.143723
0.0989307
0.122002
0.0529474
0.123787
0.150559
0.128873
0.149751
0.210235
0.218421
0.156618
0.141641
0.128936
0.218421
0.218421
0.218421
0.218421
0.154345
0.132857
0.172048
0.196989
0.0750281
0.223851
0.223851
0.223851
0.223851
0.17008
0.149099
0.130499
0.123524
0.126148
0.200745
0.127033
0.179624
0.197832
0.138608
0.062078
0.172472
0.186976
0.12278
0.223851
0.223851
0.223851
0.223851
0.16919
0.123802
0.162839
0.192159
0.0689484
0.223851
0.160555
0.126709
0.176898
0.097807
0.087492
0.0752317
0.0720262
0.213967
0.213967
0.208527
0.213967
0.213967
0.179944
0.0739232
0.213967
0.213967
0.0691811
0.196646
0.200357
0.190915
0.187258
0.146502
0.0920795
0.10726
0.0790227
0.0797765
0.187082
0.179549
0.144594
0.213967
0.146898
0.153474
0.125992
0.13278
0.088874
0.209712
0.181612
0.168906
0.213967
0.13811
0.107556
0.104812
0.146458
0.204916
0.226636
0.236601
0.196276
0.181503
0.133837
0.136193
0.210455
0.236601
0.0164131
0.109797
0.236601
0.213097
0.106187
0.0783827
0.160341
0.116042
0.117604
0.0864311
0.161957
0.200739
0.181027
0.235763
0.231348
0.125811
0.223619
0.190385
0.129695
0.0998066
0.123315
0.172913
0.174188
0.137997
0.0973624
0.0857041
0.0476831
0.0228605
0.131277
0.219404
0.219404
0.139735
0.0995573
0.219404
0.144738
0.153641
0.0847442
0.149214
0.174288
0.161201
0.170576
0.135879
0.219404
0.174994
0.185743
0.117684
0.15162
0.152385
0.219404
0.219404
0.140876
0.163056
0.127471
0.0452804
0.100362
0.215035
0.219404
0.164101
0.219404
0.133111
0.219404
0.219404
0.051241
0.0831446
0.135361
0.173035
0.155646
0.174599
0.131568
0.191772
0.162759
0.140898
0.120843
0.183334
0.187455
0.217152
0.217152
0.156049
0.135518
0.144205
0.078881
0.0795784
0.217152
0.217152
0.15554
0.217152
0.104615
0.217152
0.217152
0.0626289
0.0752598
0.215971
0.217152
0.217152
0.217152
0.153227
0.152176
0.130149
0.0614137
0.122441
0.183314
0.175603
0.220267
0.195979
0.160458
0.120049
0.131654
0.0794351
0.0390922
0.0948848
0.108938
0.101016
0.139584
0.19723
0.220267
0.213628
0.175917
0.0668364
0.182537
0.220267
0.220267
0.220267
0.170591
0.199395
0.197045
0.0805549
0.0752838
0.177748
0.138668
0.194596
0.107213
0.220267
0.220267
0.220267
0.0695276
0.0469932
0.122679
0.156932
0.125841
0.148071
0.213433
0.2105
0.160798
0.133945
0.129496
0.205362
0.214317
0.232052
0.232052
0.162291
0.117652
0.151777
0.229335
0.0573187
0.143457
0.169694
0.160572
0.0874434
0.232052
0.232052
0.232052
0.102739
0.103912
0.166551
0.145899
0.162778
0.125376
0.144785
0.186694
0.156096
0.133774
0.113597
0.172223
0.222626
0.222626
0.222626
0.175154
0.120764
0.138075
0.192418
0.0734862
0.184082
0.138319
0.119726
0.188367
0.114176
0.0806656
0.0760861
0.0571844
0.113679
0.178766
0.147736
0.115398
0.107426
0.181689
0.222626
0.180921
0.160864
0.151631
0.222626
0.222626
0.0981479
0.112301
0.222626
0.222626
0.211574
0.222626
0.0787944
0.166353
0.141301
0.112781
0.214005
0.151888
0.133144
0.111642
0.0922082
0.090024
0.162669
0.11779
0.146434
0.197475
0.126099
0.0818249
0.0904298
0.122316
0.222667
0.228139
0.216356
0.147611
0.180454
0.228139
0.228139
0.215264
0.211857
0.10828
0.228139
0.228139
0.198596
0.228139
0.0822527
0.109083
0.138553
0.167276
0.103355
0.180908
0.197183
0.163286
0.22167
0.22167
0.147666
0.22167
0.217725
0.142049
0.148699
0.131543
0.18695
0.178806
0.139791
0.11285
0.0941016
0.0556319
0.154256
0.14671
0.22167
0.104104
0.172529
0.172161
0.11548
0.190336
0.22167
0.177616
0.22167
0.22167
0.177398
0.22167
0.0767544
0.099257
0.0606714
0.102121
0.102783
0.167647
0.12713
0.197194
0.214256
0.110084
0.126052
0.107874
0.0472536
0.0951718
0.18742
0.222736
0.169418
0.210327
0.149774
0.222736
0.179602
0.0522558
0.11226
0.21272
0.222736
0.222736
0.222736
0.0605684
0.116607
0.114266
0.122078
0.18146
0.203816
0.128526
0.163842
0.121427
0.113905
0.219197
0.222736
0.222736
0.0883362
0.194721
0.221339
0.183217
0.221339
0.125709
0.221339
0.207063
0.0659958
0.0693309
0.168694
0.221339
0.221339
0.221339
0.169671
0.16293
0.110628
0.0711287
0.165016
0.221339
0.1627
0.207268
0.122774
0.082306
0.205634
0.221339
0.221339
0.123736
0.221339
0.181416
0.0763703
0.0867696
0.0493414
0.0845374
0.112242
0.131589
0.0744213
0.162525
0.217462
0.229379
0.229379
0.17371
0.189879
0.19609
0.10042
0.0841625
0.188751
0.136486
0.218645
0.128249
0.229379
0.229379
0.229379
0.10805
0.146404
0.229379
0.198688
0.0878347
0.11402
0.0462466
0.0987636
0.110886
0.135849
0.13873
0.162646
0.0942388
0.150558
0.175688
0.0453438
0.203966
0.229379
0.156139
0.0783415
0.174465
0.15693
0.171194
0.104369
0.225821
0.225821
0.225821
0.135435
0.149055
0.147855
0.122594
0.202235
0.166139
0.134426
0.169777
0.156683
0.189666
0.146959
0.179394
0.125037
0.166671
0.225821
0.0727175
0.194541
0.225821
0.145945
0.135464
0.141613
0.149423
0.125487
0.15516
0.0825692
0.203109
0.225821
0.170311
0.121025
0.153718
0.113778
0.11557
0.109577
0.152328
0.198994
0.17024
0.175806
0.13923
0.212101
0.195728
0.107327
0.136816
0.183159
0.212101
0.174438
0.211869
0.120954
0.121548
0.125969
0.117451
0.165764
0.0942527
0.174446
0.212101
0.211978
0.183755
0.212101
0.212101
0.110415
0.211964
0.0930333
0.136691
0.212101
0.212101
0.162494
0.218563
0.168785
0.113954
0.151814
0.218563
0.218563
0.170396
0.175242
0.114898
0.211361
0.163783
0.15894
0.208773
0.084247
0.10415
0.107805
0.124762
0.210819
0.218563
0.215551
0.119619
0.218563
0.0982078
0.140735
0.218563
0.218563
0.0974487
0.156163
0.215399
0.104772
0.175605
0.116641
0.100214
0.128647
0.138925
0.145727
0.140052
0.165742
0.0944857
0.171574
0.179049
0.103211
0.187495
0.232027
0.181051
0.232027
0.232027
0.154894
0.217949
0.0828259
0.0952018
0.0616273
0.108188
0.121073
0.112774
0.159051
0.18119
0.143854
0.124235
0.133879
0.232027
0.232027
0.232027
0.232027
0.232027
0.166952
0.190343
0.0473907
0.0604135
0.107897
0.166914
0.120248
0.228275
0.228275
0.215896
0.21351
0.0670038
0.0923103
0.111517
0.120539
0.155457
0.203924
0.110537
0.150071
0.12785
0.128206
0.203688
0.228275
0.228275
0.228275
0.228275
0.224789
0.141432
0.169581
0.0653757
0.0736343
0.103111
0.197215
0.114239
0.138937
0.100021
0.05998
0.161578
0.0510115
0.168973
0.228275
0.228275
0.174954
0.2264
0.153101
0.2264
0.161424
0.117646
0.208726
0.2264
0.2264
0.14107
0.216172
0.203315
0.111986
0.12103
0.0590867
0.0835076
0.121522
0.145742
0.121085
0.125309
0.0882024
0.0760987
0.188746
0.0693411
0.170573
0.2264
0.2264
0.191292
0.2264
0.166708
0.180332
0.215392
0.0484396
0.116046
0.140578
0.172393
0.172184
0.226345
0.196073
0.113647
0.143186
0.047545
0.0840442
0.1188
0.146673
0.17669
0.178623
0.11604
0.178167
0.183802
0.0240966
0.208987
0.226345
0.181579
0.197958
0.224192
0.149094
0.188264
0.226345
0.0607745
0.119059
0.129512
0.19819
0.226345
0.203225
0.170652
0.226345
0.226345
0.0752431
0.072589
0.103019
0.117452
0.173105
0.187488
0.126231
0.167383
0.222073
0.0488606
0.162051
0.223774
0.175668
0.153537
0.120781
0.15351
0.162216
0.174715
0.0895414
0.176036
0.223774
0.19493
0.223774
0.178661
0.147158
0.21622
0.223774
0.076686
0.124514
0.223774
0.208929
0.0875911
0.124903
0.123884
0.0907524
0.0686846
0.0692507
0.119505
0.223774
0.223774
0.149919
0.12919
0.150265
0.154622
0.213752
0.119764
0.171834
0.238708
0.238708
0.192519
0.238708
0.238708
0.146817
0.223617
0.0716646
0.142515
0.238708
0.238708
0.107019
0.142749
0.117753
0.0634452
0.066284
0.0770186
0.166362
0.238708
0.238708
0.0783792
0.137989
0.191014
0.164049
0.183448
0.0546819
0.0665768
0.120875
0.0535896
0.227185
0.227185
0.227185
0.166548
0.227185
0.0942884
0.183324
0.227185
0.227185
0.151649
0.143771
0.227185
0.195116
0.220801
0.150583
0.134576
0.153396
0.154911
0.124611
0.18992
0.227185
0.188119
0.225708
0.0599917
0.112916
0.165571
0.065051
0.106639
0.0657353
0.0998301
0.169058
0.120674
0.0677607
0.0677664
0.160275
0.0919648
0.103161
0.0976422
0.125074
0.153513
0.154846
0.124071
0.127816
0.206566
0.226922
0.226922
0.226922
0.226922
0.170098
0.226922
0.0674885
0.0700576
0.0928396
0.150074
0.0836118
0.199575
0.0873848
0.157358
0.155839
0.0847848
0.167804
0.184737
0.211139
0.203848
0.226922
0.226922
0.166145
0.226922
0.048184
0.0457959
0.134619
0.226922
0.216272
0.234642
0.224254
0.155816
0.215633
0.0935419
0.0790823
0.102707
0.16917
0.0856263
0.145032
0.131164
0.0732954
0.144361
0.0505497
0.159155
0.234642
0.234642
0.211455
0.234642
0.234642
0.211748
0.234642
0.0520732
0.0888182
0.110507
0.206698
0.136696
0.201955
0.099243
0.0933279
0.0916263
0.0943474
0.234642
0.154101
0.136969
0.0953664
0.124958
0.121673
0.0867033
0.169014
0.0745729
0.164556
0.226918
0.226918
0.165156
0.199578
0.189868
0.186429
0.226918
0.0623505
0.106424
0.160821
0.156812
0.13826
0.226918
0.166489
0.120764
0.12524
0.147845
0.226918
0.215074
0.10824
0.143073
0.144638
0.169638
0.124494
0.226918
0.226918
0.143413
0.226918
0.114382
0.167396
0.183781
0.164251
0.194936
0.21934
0.0579804
0.105363
0.143727
0.192364
0.21934
0.203099
0.19629
0.21934
0.21934
0.0705265
0.0695429
0.0760544
0.127933
0.0969203
0.129312
0.17992
0.111234
0.21934
0.21934
0.131965
0.21934
0.158109
0.142144
0.216073
0.21934
0.191683
0.201035
0.129942
0.0755829
0.121035
0.099552
0.231225
0.184299
0.174571
0.223305
0.231225
0.069376
0.115168
0.215842
0.231225
0.0824652
0.109818
0.154041
0.112297
0.0739311
0.0831183
0.118143
0.231225
0.231225
0.136529
0.198163
0.225293
0.157588
0.171555
0.0958705
0.0992896
0.171119
0.193585
0.131028
0.148108
0.0725541
0.0837889
0.118836
0.0360009
0.222934
0.231225
0.231225
0.106136
0.136806
0.15499
0.0871548
0.0940135
0.102876
0.176096
0.264007
0.264007
0.0619687
0.15582
0.198226
0.189211
0.179076
0.0578149
0.085726
0.110518
0.0394174
0.2031
0.208842
0.0546052
0.0990328
0.179333
0.0320421
0.264007
0.264007
0.264007
0.179782
0.236128
0.0884334
0.134875
0.233029
0.0893476
0.114607
0.172588
0.172022
0.115962
0.227326
0.228929
0.228929
0.228929
0.0708651
0.144679
0.17467
0.0477769
0.146563
0.0596137
0.146033
0.228929
0.157589
0.103597
0.0836381
0.202316
0.105341
0.228929
0.228929
0.121124
0.200321
0.228929
0.100707
0.162461
0.228929
0.228929
0.135329
0.130112
0.124484
0.159048
0.211166
0.166393
0.063028
0.0877646
0.110356
0.0806976
0.146583
0.103316
0.13243
0.156855
0.0790177
0.136401
0.160331
0.169192
0.162406
0.230554
0.21262
0.186842
0.264819
0.0656239
0.0530471
0.112224
0.264819
0.0696192
0.264819
0.264819
0.264819
0.182534
0.0557858
0.0422471
0.0544612
0.0536159
0.0583272
0.0987012
0.264819
0.264819
0.264819
0.16814
0.0715691
0.0220192
0.0606883
0.173586
0.258071
0.258071
0.246154
0.258071
0.075764
0.0817553
0.102876
0.186467
0.0924221
0.194195
0.11088
0.110201
0.117049
0.109954
0.237568
0.156353
0.11741
0.0668431
0.0757957
0.258071
0.258071
0.258071
0.172929
0.0756227
0.0188845
0.0377439
0.0264069
0.0429515
0.0108405
0.0904465
0.258071
0.258071
0.24418
0.0916416
0.0325931
0.0910398
0.237397
0.167763
0.136351
0.125768
0.146936
0.249851
0.202177
0.081802
0.141211
0.136425
0.158891
0.110222
0.258865
0.251402
0.135452
0.190281
0.106131
0.0303436
0.0566865
0.0250183
0.106838
0.275718
0.275718
0.241857
0.0887002
0.0210317
0.0537747
0.0950844
0.15462
0.181628
0.275718
0.275718
0.0995818
0.0564724
0.0155859
0.100381
0.124812
0.184353
0.117776
0.215647
0.209297
0.135911
0.238212
0.170562
0.10995
0.196366
0.266889
0.176483
0.183939
0.129062
0.0895855
0.0910865
0.0938827
0.0516014
0.0801761
0.135664
0.171564
0.266889
0.266889
0.0956472
0.0588562
0.0155933
0.0191271
0.0915035
0.266889
0.266889
0.266889
0.209971
0.144664
0.0517287
0.0292583
0.110216
0.195702
0.24858
0.160073
0.162987
0.0855718
0.103077
0.132612
0.219199
0.118493
0.13293
0.0942783
0.0846533
0.137333
0.0455852
0.168822
0.24858
0.24858
0.0212016
0.100463
0.24858
0.24858
0.24858
0.176468
0.140182
0.0596294
0.0311407
0.0345419
0.082453
0.142818
0.146593
0.24858
0.235616
0.24858
0.191533
0.119595
0.16973
0.173206
0.0713923
0.0877617
0.174034
0.0314247
0.176497
0.260986
0.260986
0.169117
0.18858
0.0754644
0.112184
0.190577
0.0935859
0.117863
0.125307
0.14847
0.0514209
0.111893
0.147844
0.143144
0.260986
0.22701
0.260986
0.168637
0.110142
0.10182
0.0916366
0.0531236
0.116211
0.185662
0.260986
0.260986
0.19378
0.146281
0.264631
0.272088
0.0997168
0.17919
0.272088
0.108256
0.15698
0.166109
0.196253
0.0859433
0.0900593
0.104508
0.126512
0.21706
0.135126
0.0695474
0.0827199
0.0898696
0.126667
0.13422
0.0725133
0.176897
0.252311
0.272088
0.272088
0.272088
0.151659
0.0616831
0.111456
0.109259
0.105131
0.18609
0.160327
0.106399
0.119942
0.0721409
0.116426
0.297222
0.297222
0.297222
0.200457
0.0694661
0.0298183
0.0848151
0.0590542
0.0855627
0.0944758
0.288751
0.297222
0.297222
0.20511
0.0815525
0.0190587
0.0850079
0.132434
0.287487
0.297222
0.191953
0.297222
0.0275415
0.0436028
0.0513113
0.0443307
0.00713945
0.0392004
0.0422151
0.0276052
0.0381214
0.0660211
0.0288635
0.0186665
0.011296
0.141281
0.0912856
0.349304
0.349304
0.349304
0.298672
0.11573
0.0280623
0.0784547
0.0263615
0.0912314
0.0170656
0.166486
0.349304
0.349304
0.349304
0.200629
0.0682628
0.00839242
0.0453417
0.043085
0.0293741
0.052261
0.100015
0.043133
0.0273347
0.0179492
0.00284137
0.0107846
0.0120553
0.0283312
0.118619
0.107726
0.0253512
0.0144992
0.00597499
0.0371254
0.107166
0.0423817
0.198626
0.345683
0.345683
0.345683
0.171995
0.0385106
0.101166
0.193117
0.253136
0.246697
0.345683
0.345683
0.180456
0.050958
0.0281307
0.00285962
0.00453132
0.0126627
0.0320805
0.133822
0.112132
0.0240261
0.00835169
0.0088225
0.014465
0.00861725
0.027171
0.0935842
0.229808
0.11428
0.0222634
0.0118143
0.0145243
0.102127
0.15463
0.236767
0.259443
0.318991
0.318991
0.156703
0.0392695
0.0249469
0.0131188
0.12726
0.318991
0.318991
0.318991
0.318991
0.259321
0.0784382
0.0371786
0.0111945
0.00927936
0.028423
0.0809809
0.227874
0.126803
0.0308215
0.00951424
0.0164648
0.0241982
0.0524827
0.108844
0.114278
0.0862211
0.0296875
0.020375
0.00137172
0.00381156
0.0222951
0.149428
0.2877
0.2877
0.2877
0.280861
0.22423
0.0890923
0.0395736
0.0528024
0.118804
0.243747
0.24465
0.2877
0.2877
0.2877
0.2877
0.242078
0.0202885
0.0465871
0.104426
0.11876
0.110922
0.0382749
0.0317247
0.00264079
0.00408865
0.00260518
0.0431967
0.0541759
0.0970592
0.0727694
0.0469802
0.0134982
0.00333746
0.00523617
0.0613397
0.118296
0.175401
0.159765
0.281178
0.240017
0.281178
0.178967
0.142937
0.137191
0.0873839
0.063082
0.123279
0.199185
0.275318
0.281178
0.266884
0.221068
0.00396016
0.0245564
0.0323849
0.0698127
0.0613073
0.0280096
0.046819
0.0127492
0.00577008
0.176382
0.0588491
0.0515736
0.0794357
0.0357941
0.0448937
0.281178
0.281178
0.281178
0.150846
0.117287
0.0860791
0.169114
0.223851
0.276006
0.276006
0.27211
0.185276
0.0507594
0.0958469
0.100646
0.110953
0.216965
0.150074
0.109384
0.118706
0.0904469
0.143328
0.057325
0.058
0.0837722
0.0561775
0.0562754
0.276006
0.276006
0.276006
0.0629699
0.125753
0.0838881
0.100629
0.1776
0.131171
0.120458
0.249226
0.217301
0.338221
0.342764
0.342764
0.342764
0.342764
0.0578306
0.109226
0.162867
0.1039
0.0179286
0.0564323
0.0405971
0.0427033
0.0772859
0.113769
0.0435874
0.0436831
0.0325635
0.0621017
0.101012
0.0963794
0.159744
0.175409
0.16131
0.188936
0.263219
0.104744
0.0502593
0.174086
0.0925518
0.0885418
0.148778
0.115205
0.0976389
0.122056
0.040193
0.0396217
0.140803
0.112537
0.109244
0.180996
0.23586
0.118651
0.109422
0.0819084
0.0180719
0.0443988
0.0487403
0.108209
0.210387
0.23586
0.0888272
0.0376391
0.0274378
0.157153
0.23586
0.23586
0.23586
0.23586
0.23586
0.23586
0.23586
0.0844408
0.121993
0.23586
0.124004
0.173458
0.23586
0.23586
0.23586
0.0373431
0.0320017
0.0259075
0.0376085
0.0526807
0.127759
0.239292
0.239462
0.0881618
0.0250412
0.0269993
0.0633899
0.0337937
0.0617568
0.246263
0.246263
0.246263
0.0805096
0.0498758
0.040312
0.142572
0.246263
0.165206
0.17391
0.246263
0.246263
0.246263
0.0460703
0.0506909
0.121197
0.246263
0.170743
0.156271
0.229215
0.246263
0.246263
0.143883
0.0707229
0.0653108
0.0483668
0.0880271
0.249651
0.249651
0.249651
0.10552
0.0493015
0.0467993
0.104448
0.193811
0.221719
0.249651
0.140281
0.0973283
0.0726624
0.0234936
0.0151852
0.145807
0.249651
0.203839
0.148765
0.234933
0.249651
0.249651
0.173005
0.0669333
0.143351
0.249651
0.153256
0.127646
0.0821265
0.119461
0.243594
0.134757
0.0710873
0.105914
0.198531
0.241745
0.241745
0.166313
0.120459
0.116464
0.0303735
0.0221813
0.0246228
0.18355
0.226957
0.241745
0.163598
0.11625
0.075592
0.0380854
0.0354602
0.171081
0.241745
0.186405
0.178779
0.101314
0.109639
0.241745
0.197452
0.09124
0.117909
0.0949659
0.121678
0.241745
0.112739
0.13877
0.241745
0.241745
0.234349
0.0100972
0.0338277
0.0448232
0.0920362
0.0486414
0.0229347
0.0329443
0.0169603
0.0108435
0.249607
0.0875943
0.0693812
0.111977
0.0368406
0.0509641
0.351053
0.38981
0.38981
0.0346682
0.0415922
0.0404902
0.0854704
0.0462689
0.0253871
0.0461509
0.0798331
0.04791
0.353689
0.140611
0.0619904
0.0520932
0.0475661
0.0117236
0.0545694
0.362288
0.38981
0.161515
0.0700668
0.0680654
0.0924136
0.0520853
0.0420022
0.294749
0.300434
0.300434
0.0681827
0.133642
0.0982381
0.113121
0.164929
0.165867
0.125552
0.236971
0.288491
0.246232
0.145186
0.0712857
0.0635769
0.0753505
0.0136996
0.0420233
0.213856
0.300434
0.107465
0.0530024
0.034235
0.0786171
0.111619
0.0684585
0.0727315
0.24551
0.300434
0.143409
0.183616
0.0914962
0.180534
0.166152
0.183279
0.233982
0.233982
0.141102
0.0742389
0.196926
0.130564
0.124983
0.227207
0.143312
0.12001
0.165837
0.0768883
0.0748583
0.0600017
0.0523022
0.0625073
0.1116
0.167016
0.158565
0.233982
0.233982
0.169128
0.233982
0.121399
0.118997
0.233982
0.0520817
0.233982
0.233982
0.217208
0.111465
0.207806
0.164733
0.169935
0.222637
0.152973
0.1433
0.142329
0.0794013
0.0671795
0.187247
0.0757797
0.109823
0.158262
0.147975
0.150364
0.0225242
0.0148858
0.211733
0.245119
0.145611
0.164227
0.245119
0.0875552
0.245119
0.245119
0.245119
0.0500708
0.245119
0.242821
0.0426857
0.0757145
0.217671
0.245119
0.0445712
0.0317533
0.106824
0.223229
0.108524
0.131002
0.166114
0.221249
0.217493
0.0332031
0.0201134
0.0838889
0.207444
0.106286
0.109394
0.166563
0.254148
0.219257
0.120169
0.0392129
0.0651784
0.254148
0.254148
0.0600904
0.0749695
0.254148
0.254148
0.0684324
0.055427
0.04685
0.254148
0.254148
0.161865
0.0627759
0.181949
0.254148
0.12542
0.0140674
0.12599
0.269556
0.17128
0.145645
0.183485
0.269556
0.269556
0.151106
0.0438853
0.0904638
0.200317
0.132631
0.117342
0.0690482
0.112558
0.191817
0.114427
0.0474766
0.0637999
0.269556
0.269556
0.148909
0.0718577
0.248393
0.269556
0.216363
0.0296776
0.0604927
0.203781
0.184117
0.0622231
0.0729188
0.0636386
0.145192
0.177156
0.0659523
0.11197
0.237834
0.163414
0.145958
0.0680197
0.101302
0.237834
0.141851
0.0671408
0.0938227
0.0952379
0.097627
0.207023
0.0773197
0.0953639
0.172437
0.237834
0.211712
0.0755955
0.226904
0.16712
0.0501994
0.0866232
0.0906957
0.206315
0.237834
0.137657
0.20269
0.112868
0.105174
0.22535
0.237834
0.0834466
0.237834
0.237834
0.237834
0.0539305
0.0667017
0.054015
0.10047
0.0635359
0.0319038
0.0637326
0.115725
0.0787119
0.39662
0.190559
0.0778704
0.0695192
0.0842741
0.0149294
0.0246857
0.330721
0.39662
0.0797544
0.065786
0.0549093
0.0891894
0.100344
0.0372884
0.0837446
0.163832
0.183963
0.39662
0.155458
0.0501728
0.0907075
0.175248
0.0090427
0.0150079
0.0486037
0.381281
0.29238
0.159447
0.0737124
0.0630535
0.0935473
0.0156423
0.0262892
0.17321
0.297943
0.138831
0.0561534
0.0308256
0.0685286
0.0932889
0.0920519
0.0941376
0.261162
0.297943
0.272827
0.122623
0.0505376
0.05962
0.109381
0.00935222
0.0293257
0.261458
0.297943
0.208606
0.1144
0.051439
0.0991566
0.116719
0.02933
0.115793
0.297943
0.297943
0.0785815
0.063049
0.0497652
0.0453223
0.114296
0.13062
0.149764
0.230904
0.230904
0.16261
0.230904
0.105337
0.118598
0.230904
0.0449839
0.230904
0.230904
0.220247
0.0603926
0.0254995
0.0560781
0.16347
0.142078
0.120489
0.208956
0.230904
0.230904
0.157322
0.230904
0.134744
0.167475
0.230904
0.0519723
0.162192
0.177907
0.230904
0.173341
0.23539
0.0988797
0.12011
0.228112
0.0538893
0.222263
0.23539
0.23539
0.0480408
0.23539
0.185951
0.0345654
0.0466353
0.14389
0.23539
0.0549463
0.0267319
0.147434
0.23539
0.129477
0.191628
0.23539
0.0571235
0.164296
0.21587
0.23539
0.0264897
0.162786
0.23539
0.23539
0.0716157
0.0636726
0.168632
0.072845
0.0206287
0.073744
0.254189
0.254189
0.0590241
0.0553834
0.228035
0.254189
0.0827378
0.0477547
0.0426724
0.254189
0.254189
0.123525
0.0650769
0.162803
0.254189
0.144086
0.0150455
0.0244391
0.169125
0.254189
0.254189
0.0806598
0.104793
0.245178
0.0843319
0.0328956
0.010936
0.0972229
0.254189
0.0568226
0.230695
0.254189
0.158511
0.0723319
0.02421
0.0581845
0.28187
0.28187
0.141853
0.0770787
0.212963
0.28187
0.196745
0.0285685
0.0478424
0.181393
0.1524
0.0567351
0.0693654
0.100357
0.146061
0.158367
0.0581221
0.0140202
0.126172
0.28187
0.0721619
0.28187
0.28187
0.200037
0.0814554
0.0359173
0.0223103
0.0139492
0.0478038
0.10546
0.28187
0.28187
0.162868
0.071034
0.0939194
0.0439658
0.173347
0.117216
0.0390446
0.0588579
0.0940321
0.118546
0.146151
0.0820736
0.101002
0.106233
0.0689737
0.148931
0.205566
0.10068
0.175813
0.286567
0.270975
0.0173624
0.0141313
0.0373655
0.0867931
0.286567
0.286567
0.122328
0.0771878
0.0866514
0.156062
0.111161
0.091291
0.286567
0.286567
0.175629
0.0674077
0.286567
0.286567
0.090038
0.106266
0.0711331
0.116277
0.146786
0.0813176
0.108633
0.266747
0.22462
0.266947
0.226281
0.0719026
0.111242
0.259884
0.0120752
0.0198907
0.0347796
0.266947
0.11851
0.10103
0.0711277
0.232871
0.266947
0.140475
0.0574442
0.258898
0.266947
0.266947
0.1921
0.0368397
0.150727
0.266947
0.0149687
0.00409719
0.00115441
0.00519547
0.241254
0.105151
0.0444028
0.0472468
0.102222
0.00646781
0.0236802
0.180978
0.269121
0.222835
0.115779
0.0403434
0.0842279
0.144573
0.0259319
0.100307
0.269121
0.269121
0.163079
0.0791701
0.0164026
0.038051
0.0819736
0.00991808
0.0471719
0.0823574
0.146259
0.215871
0.0500387
0.182169
0.269121
0.269121
0.269121
0.220612
0.263767
0.269121
0.0475158
0.0249744
0.0684691
0.128112
0.133402
0.0959659
0.172876
0.220351
0.220351
0.184674
0.220351
0.119755
0.150632
0.220351
0.0593551
0.112748
0.131473
0.218461
0.0946835
0.0986341
0.0984508
0.220351
0.220351
0.19038
0.181915
0.220351
0.220351
0.198195
0.220351
0.220351
0.184378
0.220351
0.0976556
0.114331
0.143278
0.136037
0.160492
0.188169
0.116579
0.144623
0.24079
0.0546149
0.123868
0.1408
0.24079
0.0288024
0.135167
0.24079
0.156915
0.0702656
0.103687
0.185779
0.0667709
0.0202277
0.211513
0.24079
0.24079
0.200971
0.24079
0.106596
0.131041
0.170018
0.174032
0.0427928
0.0786871
0.24079
0.24079
0.127187
0.132189
0.24079
0.174963
0.0206565
0.0214105
0.146061
0.283648
0.205671
0.0740834
0.118774
0.221273
0.0712244
0.0272194
0.00836983
0.078541
0.191991
0.0690979
0.224995
0.220396
0.111218
0.0508787
0.0217967
0.0510265
0.0820508
0.283648
0.283648
0.15231
0.192047
0.283648
0.193501
0.0403509
0.0147118
0.0309119
0.0746136
0.283648
0.283648
0.248949
0.196156
0.0247565
0.00195739
0.00808711
0.078344
0.19197
0.0801514
0.221524
0.192754
0.0758149
0.0334304
0.0219324
0.0113016
0.0106289
0.0331373
0.11763
0.289771
0.284421
0.112675
0.043964
0.0538465
0.00891788
0.0154218
0.053478
0.289771
0.289771
0.259627
0.196899
0.00456095
0.00244457
0.0067855
0.0316316
0.209387
0.289771
0.289771
0.289771
0.289771
0.0361523
0
0.00887784
0.00925685
0.028439
0.113046
0.273739
0.218664
0.0793043
0.0451352
0.0487494
0.0489647
0.0636161
0.0452337
0.236213
0.273739
0.111111
0.0795567
0.210163
0.204664
0.0112742
0.0326999
0.141664
0.273739
0.273739
0.273739
0.273739
0.0324065
0.00304417
0.108026
0.0673852
0.0915643
0.199858
0.273739
0.175698
0.202466
0.201849
0.18632
0.0728194
0.0860905
0.0542911
0.224887
0.250564
0.146861
0.105949
0.250564
0.250564
0.250564
0.199888
0.0317164
0.127657
0.250564
0.0120041
0.0064365
0.00349056
0.00241327
0.119574
0.0933683
0.128053
0.216537
0.250564
0.222806
0.250564
0.250564
0.219677
0.163845
0.141065
0.115533
0.144085
0.250564
0.0518164
0.0497988
0.0788404
0.0450876
0.172436
0.08662
0.0159099
0.0353647
0.0859613
0.00805677
0.0412138
0.0654485
0.187772
0.269955
0.0806005
0.20565
0.269955
0.269955
0.269955
0.193812
0.247978
0.269955
0.0941124
0.0750129
0.0569497
0.0734492
0.0699703
0.0140329
0.0273114
0.0513339
0.0718407
0.245414
0.145088
0.235016
0.269955
0.136627
0.140072
0.0652127
0.196932
0.269955
0.0785227
0.0922752
0.11038
0.214949
0.235123
0.140768
0.135098
0.235123
0.16596
0.189414
0.235123
0.217465
0.15421
0.20566
0.0934929
0.087468
0.122659
0.0950779
0.129632
0.235123
0.235123
0.235123
0.235123
0.155431
0.112029
0.210287
0.107368
0.154171
0.235123
0.235123
0.103721
0.156769
0.0269604
0.033739
0.0547951
0.0286854
0.245947
0.245947
0.245947
0.213884
0.245947
0.13959
0.1243
0.128503
0.136856
0.0423084
0.0897978
0.245947
0.245947
0.175656
0.202302
0.245947
0.169972
0.0132881
0.245947
0.245947
0.245947
0.157077
0.243169
0.0337461
0.0419628
0.0261652
0.0246828
0.0379545
0.0470204
0.0811366
0.192925
0.127389
0.0992566
0.069547
0.0292892
0.035298
0.04095
0.0855298
0.273885
0.273885
0.20219
0.251011
0.273885
0.163686
0.0209116
0.0122386
0.0354318
0.0651577
0.273885
0.273885
0.271348
0.238421
0.054278
0.0062534
0.0302236
0.0367637
0.0979312
0.232228
0.174121
0.130256
0.0826647
0.034255
0.031314
0.0282902
0.0970138
0.0998212
0.195554
0.273885
0.156593
0.236545
0.0933363
0.0322378
0.00901839
0.0184231
0.0460132
0.292441
0.292441
0.260894
0.199295
0.0276021
0.00542421
0.00514681
0.0390705
0.172741
0.292441
0.292441
0.292441
0.292441
0.0452696
0.000801338
0.0177367
0.0652063
0.0822276
0.180497
0.292441
0.162191
0.192757
0.0719083
0.0205856
0.00763858
0.0184463
0.076067
0.292441
0.133636
0.114135
0.132264
0.0467025
0.0395398
0.0113341
0.0350978
0.131757
0.282338
0.282338
0.282338
0.282338
0.0420818
0.0082874
0.0767136
0.0505332
0.063648
0.238467
0.282338
0.21587
0.26866
0.219289
0.199708
0.00759787
0.0127396
0.0645608
0.262344
0.124669
0.120566
0.113028
0.0388255
0.037485
0.0591005
0.0208019
0.0400031
0.130413
0.181407
0.138766
0.101414
0.179701
0.26174
0.107284
0.0800184
0.0902084
0.253529
0.2569
0.2569
0.2569
0.2569
0.245829
0.185574
0.16131
0.116494
0.220054
0.2569
0.0579173
0.0584447
0.0781676
0.0540869
0.0779178
0.0775567
0.0993911
0.157722
0.243368
0.217083
0.136011
0.172316
0.238191
0.0503102
0.0949632
0.0755617
0.163362
0.129184
0.0739071
0.0947369
0.167373
0.140667
0.170782
0.12427
0.08488
0.139302
0.127465
0.0255873
0.0451127
0.0717596
0.131002
0.304705
0.250833
0.304705
0.304705
0.142168
0.18559
0.0922567
0.304705
0.304705
0.0512407
0.11901
0.0974357
0.141442
0.107081
0.0562638
0.066888
0.0850729
0.0770073
0.121644
0.0646254
0.0745378
0.102
0.075237
0.0895008
0.0826421
0.265296
0.304705
0.115372
0.237914
0.177247
0.206162
0.309674
0.0863861
0.0640219
0.140135
0.0622128
0.103196
0.178514
0.122247
0.0695657
0.134504
0.0207872
0.0261937
0.0420223
0.0132382
0.226315
0.31423
0.21665
0.0928731
0.328444
0.0474372
0.0761968
0.113398
0.284765
0.0282651
0.0486749
0.0684958
0.278622
0.328444
0.0652282
0.0849836
0.0564442
0.135334
0.155662
0.234734
0.189631
0.104738
0.194871
0.030635
0.027162
0.00331572
0.000584671
0.0157111
0.0202364
0.0317409
0.104481
0.121661
0.0633238
0.0306175
0.0119857
0.0185579
0.0162932
0.0313575
0.040908
0.342164
0.497083
0.104615
0.11928
0.0725289
0.187884
0.00785572
0.0322274
0.038969
0.201395
0.497083
0.278542
0.0228495
0.0021071
0.00734404
0.0101229
0.0119356
0.043301
0.129323
0.146112
0.0736484
0.0328659
0.0109705
0.0116129
0.0115342
0.045283
0.0440389
0.119115
0.227686
0.10623
0.164133
0.0668637
0.0187721
0.00677265
0.0193347
0.0297161
0.222072
0.552794
0.261074
0.0223875
0.00526531
0.0168972
0.00240464
0.00976202
0.0583168
0.200954
0.552794
0.225371
0.111837
0.0420973
0.0117362
0.00758469
0.0294453
0.037027
0.111762
0.209076
0.0964592
0.121168
0.0516394
0.0119583
0.00354985
0.011152
0.0334528
0.219881
0.118492
0.0567845
0.0444587
0.0266845
0.0175734
0.00107262
0.00348698
0.0450196
0.155871
0.569196
0.232023
0.0521498
0.0223709
0.0137848
0.00142734
0.00321301
0.0093766
0.120399
0.569196
0.312543
0.0292104
0.011082
0.00592023
0.00390374
0.00650499
0.0306082
0.19595
0.117514
0.0532677
0.0257171
0.0220278
0.0193877
0.0267511
0.00740583
0.0130771
0.0832806
0.113643
0.103143
0.0623656
0.0769679
0.154251
0.000664199
0.00249856
0.00453092
0.0792634
0.541829
0.338617
0.00634783
0.00264052
0.00539426
0.0144337
0.000153381
0.0011013
0.0335191
0.541829
0.394396
0.0618631
0.0742871
0.0545028
0.0393222
0.0361793
0.0325398
0.0769774
0.154344
0.138983
0.0833018
0.0765632
0.132219
0.0334096
0.0473019
0.036163
0.11065
0.0770723
0.0425797
0.0506868
0.0800301
0.0797462
0.0732549
0.120006
0.0155602
0.0917015
0.495549
0.495549
0.050496
0.0593712
0.0441999
0.136253
0.216077
0.0542957
0.111182
0.495549
0.119719
0.0508567
0.0674681
0.039468
0.0786784
0.142013
0.0998691
0.189596
0.155014
0.0728915
0.0973319
0.105285
0.101612
0.128815
0.0610075
0.0706749
0.103908
0.0865481
0.102299
0.0997125
0.31044
0.31044
0.31044
0.31044
0.105009
0.268391
0.31044
0.203555
0.0932897
0.0967005
0.083468
0.0731005
0.0140342
0.0203412
0.0148504
0.0193568
0.0449669
0.138714
0.218916
0.31044
0.27342
0.32086
0.184019
0.0831324
0.32086
0.037415
0.0617144
0.111518
0.308163
0.0612542
0.0687218
0.0479882
0.240576
0.32086
0.0548382
0.0700965
0.0491677
0.135561
0.189487
0.0796876
0.048315
0.010487
0.02799
0.0148821
0.0446374
0.173711
0.32086
0.101261
0.0557481
0.0195607
0.0498648
0.197233
0.042878
0.0909692
0.128898
0.32086
0.0391324
0.0392173
0.0277225
0.292774
0.438188
0.092539
0.104366
0.0650719
0.184675
0.0184314
0.0346133
0.0388897
0.172086
0.438188
0.231358
0.0367524
0.014359
0.0132824
0.103061
0.0545436
0.0272531
0.0613912
0.20045
0.0697886
0.137558
0.124344
0.36972
0.0639605
0.0696065
0.070925
0.150224
0.283185
0.121247
0.0831202
0.0793857
0.0428267
0.0110334
0.0273248
0.0414459
0.197099
0.482897
0.210592
0.0346224
0.0166567
0.0164497
0.00697964
0.0109873
0.0465506
0.191461
0.482897
0.19999
0.100235
0.0264102
0.0321076
0.0351163
0.0507834
0.088978
0.131463
0.297481
0.123953
0.0918545
0.0827594
0.0639503
0.0523394
0.0539891
0.1228
0.173073
0.270855
0.159827
0.15352
0.0955676
0.144162
0.00450063
0.00874407
0.0357955
0.15501
0.495895
0.187774
0.052614
0.0178657
0.0280295
0.00523906
0.0158493
0.0213972
0.119355
0.495895
0.259911
0.0511098
0.0133036
0.0140202
0.0358301
0.0512612
0.0982646
0.121933
0.285435
0.142872
0.100246
0.0639368
0.125887
0.0151099
0.0779216
0.087932
0.0761697
0.346977
0.158632
0.16767
0.0584234
0.0299103
0.00494103
0.0165755
0.0164641
0.0825732
0.474766
0.269278
0.0222972
0.00938755
0.0134115
0.020531
0.00579615
0.0156147
0.0342473
0.474766
0.364895
0.070618
0.0587142
0.0726529
0.0180222
0.0863067
0.0636905
0.0661569
0.327873
0.151272
0.0922869
0.0419849
0.0226667
0.0157116
0.0309342
0.0803032
0.0558646
0.320927
0.164707
0.0902855
0.0832286
0.0802402
0.0728014
0.0914195
0.0216915
0.0600505
0.360572
0.353678
0.0521697
0.0421352
0.0440079
0.152648
0.171868
0.0551667
0.0706175
0.360572
0.092257
0.0393421
0.0506808
0.0414571
0.131973
0.109742
0.0699806
0.119754
0.360572
0.159214
0.0493568
0.0510188
0.0401386
0.294996
0.225006
0.0631797
0.177658
0.360572
0.0185651
0.0183481
0.019333
0.0228388
0.30782
0.30782
0.089677
0.15637
0.30782
0.155974
0.0777547
0.0798027
0.0769447
0.0482725
0.0082644
0.0123102
0.0155309
0.0183368
0.0369061
0.105349
0.18351
0.269254
0.30782
0.30782
0.0704464
0.30782
0.30782
0.0178308
0.0151512
0.0229772
0.0166666
0.07757
0.0228339
0.0268812
0.0368725
0.0294624
0.0212734
0.0409738
0.164689
0.30782
0.294678
0.138307
0.0569751
0.0130471
0.0252982
0.0235093
0.0775456
0.239845
0.294678
0.190527
0.117518
0.0258569
0.0540985
0.177681
0.064787
0.135349
0.180874
0.294678
0.189949
0.0577346
0.0117082
0.0155692
0.0344374
0.121001
0.177242
0.28411
0.294678
0.132255
0.0879576
0.118781
0.110455
0.0701557
0.142116
0.210395
0.22218
0.294678
0.18079
0.120043
0.0498271
0.0728379
0.173838
0.105979
0.218636
0.2032
0.238269
0.115285
0.12223
0.14011
0.196395
0.191694
0.166826
0.141279
0.127299
0.086833
0.0893815
0.0995954
0.128229
0.150311
0.108542
0.197711
0.238269
0.229265
0.238269
0.0237272
0.0986317
0.157419
0.237239
0.238269
0.238269
0.193487
0.12591
0.176002
0.0636059
0.104063
0.179333
0.173423
0.206435
0.16294
0.152558
0.139698
0.0978197
0.0811347
0.0790165
0.174267
0.213771
0.208118
0.2185
0.2185
0.142847
0.2185
0.0165942
0.105929
0.173101
0.2185
0.2185
0.2185
0.188159
0.138214
0.193087
0.0181166
0.0831471
0.18061
0.180737
0.2185
0.2185
0.172946
0.159044
0.0763763
0.0728046
0.112745
0.186185
0.193472
0.228235
0.228235
0.212504
0.15853
0.228235
0.0444164
0.173063
0.188087
0.158409
0.228235
0.228235
0.228235
0.128725
0.102904
0.0427003
0.150342
0.183383
0.154227
0.228235
0.228235
0.166356
0.192889
0.0768676
0.0841505
0.192914
0.228235
0.122557
0.0870425
0.0833475
0.129505
0.0567393
0.0690355
0.0629878
0.232856
0.184068
0.170791
0.232856
0.232856
0.220221
0.123829
0.0917659
0.0876003
0.108929
0.207618
0.131911
0.232856
0.232856
0.232856
0.186667
0.232856
0.103731
0.232856
0.232856
0.10281
0.0986473
0.0797905
0.109335
0.0622214
0.0560473
0.180082
0.0993114
0.142937
0.182671
0.0966852
0.0898371
0.148022
0.108648
0.232856
0.236281
0.16711
0.10784
0.159786
0.263313
0.188329
0.0904294
0.0692413
0.0688508
0.263313
0.263313
0.104328
0.232479
0.263313
0.0266503
0.0221939
0.0217125
0.0409274
0.22159
0.158943
0.0711439
0.177488
0.263313
0.0609789
0.071519
0.0575811
0.098397
0.263313
0.263313
0.088524
0.243986
0.263313
0.0198881
0.0186177
0.00736184
0.0451063
0.305541
0.305541
0.0792826
0.301811
0.305541
0.0160363
0.00859996
0.0194827
0.0163651
0.0702407
0.022266
0.0200894
0.0387956
0.0276615
0.0218653
0.0363745
0.1745
0.283256
0.305541
0.305541
0.0809944
0.305541
0.305541
0.0161226
0.0116325
0.012466
0.00452452
0.0913749
0.0355539
0.0159275
0.0298078
0.0340746
0.0241239
0.11556
0.140607
0.273529
