0.186289
0.18896
0.131591
0.151207
0.215019
0.215019
0.152316
0.13687
0.215019
0.0827856
0.165291
0.195342
0.215019
0.215019
0.215019
0.0668839
0.168767
0.188124
0.0880529
0.169559
0.152862
0.200237
0.187304
0.16715
0.166328
0.15362
0.175088
0.0770695
0.130029
0.0963784
0.18579
0.164674
0.215019
0.112177
0.115543
0.136204
0.0884298
0.172202
0.215516
0.215516
0.215516
0.215516
0.0838102
0.160372
0.184299
0.0871413
0.194295
0.124123
0.200945
0.215516
0.171147
0.189677
0.101417
0.155572
0.0808934
0.116411
0.0943602
0.210104
0.215516
0.215516
0.143031
0.141722
0.131858
0.0853575
0.181855
0.135519
0.162614
0.151438
0.18778
0.21117
0.20211
0.0996346
0.100914
0.22408
0.129957
0.189107
0.22408
0.154768
0.174153
0.101956
0.152245
0.125411
0.22408
0.104552
0.167368
0.22408
0.22408
0.22408
0.17597
0.172593
0.0696958
0.179623
0.139872
0.18536
0.216529
0.184303
0.219619
0.177892
0.065466
0.0995011
0.138435
0.0852626
0.177291
0.191171
0.163519
0.157047
0.133631
0.0545952
0.140875
0.226497
0.100678
0.187121
0.226497
0.226497
0.198365
0.218525
0.224179
0.0684953
0.203698
0.128083
0.164096
0.226497
0.112771
0.114055
0.194637
0.162558
0.0926987
0.139535
0.100169
0.200849
0.226497
0.177616
0.122639
0.113621
0.0507007
0.10191
0.192789
0.0631209
0.149391
0.226497
0.126825
0.138722
0.209309
0.129569
0.0852336
0.211718
0.144502
0.180205
0.211718
0.0932101
0.139336
0.211718
0.181154
0.0783321
0.0766196
0.15623
0.211718
0.211718
0.150048
0.197732
0.211718
0.119142
0.101596
0.185995
0.0913461
0.1286
0.211718
0.140864
0.177143
0.211718
0.125997
0.138166
0.126262
0.211718
0.211718
0.191721
0.117268
0.211718
0.211718
0.0768846
0.0761587
0.0931873
0.177751
0.210336
0.210336
0.143418
0.199037
0.190513
0.0979503
0.13141
0.210336
0.210336
0.150433
0.210336
0.210336
0.106834
0.210336
0.197209
0.135487
0.116376
0.183641
0.167462
0.13807
0.111877
0.210336
0.203076
0.0741545
0.184463
0.168808
0.107059
0.122684
0.210336
0.16582
0.141627
0.165952
0.152827
0.112666
0.209806
0.209806
0.15025
0.209806
0.201889
0.120388
0.193608
0.185811
0.10337
0.174846
0.123438
0.209806
0.164149
0.155321
0.150021
0.207658
0.119661
0.155109
0.192296
0.117432
0.112084
0.209806
0.17585
0.155162
0.161485
0.138259
0.155696
0.17246
0.181311
0.209806
0.209806
0.0990989
0.134025
0.194049
0.0441963
0.128356
0.177739
0.164882
0.184691
0.205104
0.182184
0.132724
0.187625
0.198675
0.0967206
0.132234
0.123658
0.157749
0.172137
0.205104
0.17213
0.162311
0.177498
0.0805981
0.110189
0.11009
0.113441
0.176732
0.17727
0.170877
0.168753
0.188357
0.17537
0.205104
0.205104
0.156461
0.195726
0.112523
0.205104
0.205104
0.151582
0.0875474
0.145381
0.117817
0.191872
0.209155
0.209155
0.18327
0.187814
0.158934
0.103422
0.181383
0.138775
0.197509
0.206691
0.154343
0.209155
0.209155
0.13793
0.174183
0.206098
0.172687
0.14657
0.209155
0.146168
0.209155
0.209155
0.178238
0.135544
0.150868
0.0875324
0.114485
0.139073
0.125681
0.158338
0.157502
0.0925182
0.104071
0.213208
0.158408
0.213208
0.213208
0.158651
0.213208
0.210033
0.105427
0.112693
0.201641
0.111191
0.189763
0.213208
0.213208
0.213208
0.21024
0.079543
0.104461
0.184814
0.0955013
0.162649
0.211995
0.160873
0.177558
0.169651
0.0907849
0.0798007
0.181414
0.137283
0.18471
0.180851
0.120678
0.151417
0.132399
0.115014
0.100442
0.19587
0.126976
0.205524
0.213812
0.208351
0.171465
0.138107
0.065121
0.124958
0.213812
0.105089
0.179259
0.213812
0.145701
0.171033
0.213812
0.143162
0.045119
0.198593
0.194642
0.206043
0.1961
0.113826
0.158667
0.124646
0.121061
0.0620454
0.11459
0.202227
0.123659
0.200056
0.213812
0.213812
0.182889
0.133282
0.11346
0.211
0.105087
0.152156
0.211
0.145369
0.184734
0.199558
0.12439
0.118711
0.112013
0.165222
0.187858
0.177529
0.175931
0.202253
0.186233
0.0764302
0.0621555
0.163133
0.211
0.122897
0.156563
0.201431
0.211
0.1508
0.115647
0.157093
0.104409
0.184511
0.138233
0.204914
0.194151
0.164099
0.211
0.211
0.123021
0.115656
0.141468
0.153872
0.141058
0.175301
0.209489
0.184471
0.0721559
0.148514
0.183556
0.155087
0.139016
0.209489
0.15802
0.138596
0.128345
0.201758
0.141543
0.148359
0.209489
0.160283
0.209054
0.170734
0.141398
0.183104
0.197263
0.187297
0.160292
0.209489
0.209489
0.209489
0.187164
0.147657
0.129947
0.0813737
0.132696
0.204399
0.154275
0.125723
0.212417
0.150641
0.157765
0.127899
0.172804
0.169091
0.17088
0.212417
0.181867
0.212417
0.105027
0.130953
0.133123
0.0590015
0.166564
0.17656
0.212417
0.196948
0.201204
0.188063
0.154623
0.117005
0.0699101
0.212417
0.212417
0.178235
0.168608
0.182472
0.204482
0.13813
0.109028
0.117964
0.0887174
0.107577
0.124808
0.123819
0.21053
0.175595
0.155987
0.171058
0.21053
0.147857
0.21053
0.21053
0.158545
0.179732
0.13761
0.21053
0.21053
0.193528
0.0721476
0.124076
0.186941
0.180836
0.201929
0.165253
0.161547
0.138848
0.0877099
0.0846279
0.21053
0.21053
0.119344
0.208522
0.11333
0.131146
0.21053
0.162154
0.134683
0.21047
0.191646
0.158719
0.206549
0.137086
0.21047
0.21047
0.186269
0.148909
0.16123
0.0907658
0.135969
0.15897
0.107524
0.177488
0.153417
0.125008
0.0818052
0.21047
0.21047
0.157136
0.21047
0.155974
0.152926
0.202759
0.147841
0.0588572
0.126809
0.146158
0.126554
0.196766
0.21047
0.20731
0.154064
0.163989
0.137139
0.213055
0.120716
0.194103
0.213055
0.125608
0.20714
0.161576
0.121437
0.0856023
0.201238
0.134864
0.189214
0.188678
0.113903
0.173837
0.146995
0.13143
0.0726111
0.181845
0.199013
0.208208
0.213055
0.213055
0.213055
0.13665
0.137995
0.0637545
0.0978811
0.213055
0.213055
0.213055
0.0950955
0.10479
0.141373
0.184688
0.0474444
0.209477
0.187577
0.207846
0.179879
0.118111
0.168457
0.127833
0.133794
0.0611946
0.108848
0.174214
0.134558
0.1992
0.204033
0.211317
0.163005
0.10057
0.0963495
0.175172
0.208209
0.211317
0.189184
0.113099
0.124409
0.137617
0.139123
0.128049
0.211317
0.14785
0.149497
0.211317
0.189623
0.211317
0.211317
0.185339
0.0668348
0.14721
0.207356
0.139027
0.168218
0.178892
0.215279
0.133076
0.104077
0.184395
0.0879316
0.14103
0.125964
0.206681
0.166844
0.181012
0.215279
0.215279
0.14185
0.215279
0.156398
0.163608
0.21256
0.203399
0.215279
0.215279
0.14767
0.115107
0.0449654
0.107757
0.130851
0.144968
0.0890168
0.13592
0.215279
0.215279
0.16611
0.115835
0.164429
0.148581
0.199835
0.147015
0.168154
0.158358
0.204326
0.116411
0.138861
0.21513
0.21513
0.21513
0.202395
0.143009
0.135412
0.0748331
0.123366
0.0720898
0.0972244
0.156597
0.178742
0.0986232
0.127843
0.21513
0.21513
0.21513
0.21513
0.189136
0.21513
0.21513
0.0713101
0.127478
0.171817
0.139541
0.110606
0.156895
0.212619
0.212619
0.196754
0.178408
0.155424
0.113741
0.0618161
0.212619
0.212619
0.200995
0.159193
0.186312
0.147479
0.107808
0.128758
0.118668
0.212619
0.212619
0.212619
0.206432
0.212619
0.0793703
0.111052
0.145632
0.113144
0.0862743
0.169058
0.177176
0.155245
0.165712
0.0711872
0.180805
0.212619
0.168387
0.0705019
0.136291
0.195579
0.216042
0.216042
0.176097
0.15857
0.1628
0.106003
0.083899
0.216042
0.216042
0.142745
0.216042
0.143605
0.163008
0.216042
0.199723
0.125716
0.183044
0.162244
0.162895
0.216042
0.197605
0.11574
0.119138
0.0865532
0.135203
0.163031
0.160332
0.216042
0.188545
0.11521
0.0957357
0.141033
0.177979
0.0823258
0.210467
0.210467
0.17346
0.210467
0.180912
0.177575
0.210467
0.170913
0.0562701
0.128279
0.171737
0.173889
0.210467
0.207642
0.210467
0.174025
0.18074
0.147407
0.186646
0.172959
0.205451
0.153519
0.141886
0.126733
0.157153
0.154038
0.10593
0.133763
0.128966
0.118679
0.14837
0.191579
0.171231
0.129731
0.129962
0.0792485
0.187069
0.212327
0.212327
0.212327
0.212327
0.212327
0.145684
0.164409
0.0716384
0.116743
0.204509
0.212327
0.212327
0.100027
0.14494
0.156176
0.212228
0.133561
0.133385
0.132881
0.122377
0.162368
0.212327
0.212327
0.197866
0.153987
0.191854
0.172989
0.119371
0.133836
0.176486
0.11608
0.0920325
0.137661
0.123576
0.102523
0.196
0.178512
0.210423
0.202244
0.13035
0.145458
0.131091
0.160853
0.110941
0.210423
0.132222
0.150843
0.210423
0.210423
0.210423
0.210423
0.15077
0.149887
0.142373
0.105264
0.152506
0.170934
0.119021
0.0730704
0.15841
0.117679
0.194657
0.210423
0.141537
0.189388
0.202522
0.210423
0.0920001
0.193807
0.148411
0.128642
0.222322
0.121726
0.158768
0.222322
0.222322
0.216265
0.210419
0.119253
0.1369
0.080374
0.123849
0.119426
0.139744
0.07645
0.164176
0.222322
0.222322
0.133581
0.185538
0.135249
0.21944
0.195402
0.222322
0.0954844
0.198791
0.135739
0.136356
0.160284
0.106078
0.105095
0.114677
0.103659
0.145525
0.222322
0.222322
0.131681
0.096336
0.0891096
0.130612
0.169196
0.0819954
0.144302
0.191037
0.219061
0.219061
0.219061
0.157941
0.200019
0.219061
0.0715993
0.108557
0.146245
0.166806
0.113602
0.210859
0.106443
0.154908
0.199725
0.103439
0.139618
0.219061
0.219061
0.153967
0.219061
0.120062
0.129645
0.219061
0.118075
0.202131
0.142272
0.219061
0.201906
0.226901
0.179367
0.192747
0.226901
0.0856593
0.108796
0.136037
0.136029
0.0923885
0.141382
0.152718
0.169878
0.19614
0.0493239
0.155731
0.226901
0.149795
0.170648
0.226901
0.178353
0.175899
0.226901
0.123597
0.197298
0.141633
0.226901
0.104876
0.178964
0.151267
0.18057
0.194319
0.0619019
0.1192
0.153706
0.111573
0.134772
0.208956
0.147742
0.161199
0.216156
0.168104
0.118519
0.145378
0.115533
0.122354
0.190562
0.162903
0.216156
0.211589
0.110562
0.0981914
0.14513
0.199355
0.0984192
0.167878
0.183563
0.120548
0.20914
0.177856
0.157667
0.16185
0.199112
0.141951
0.216156
0.216156
0.216156
0.210101
0.0467273
0.0651128
0.109032
0.199802
0.13862
0.211232
0.177659
0.211232
0.185794
0.13709
0.111494
0.142203
0.179448
0.101454
0.113182
0.12519
0.143898
0.151717
0.188395
0.174896
0.125585
0.127508
0.154959
0.211232
0.211232
0.211232
0.188115
0.0493251
0.0578043
0.113658
0.207988
0.211232
0.211232
0.211232
0.138557
0.138894
0.168458
0.186906
0.160372
0.211232
0.123711
0.117542
0.128703
0.132524
0.181002
0.20672
0.20672
0.167962
0.152407
0.159532
0.196654
0.149747
0.153418
0.183845
0.125585
0.144792
0.111749
0.136188
0.20672
0.20672
0.200143
0.119136
0.169835
0.196967
0.20672
0.190805
0.20672
0.120043
0.152263
0.118603
0.195556
0.1677
0.176849
0.20672
0.159523
0.0933621
0.13358
0.174906
0.14356
0.153542
0.210532
0.143642
0.124335
0.142522
0.14178
0.173184
0.214791
0.182078
0.214791
0.214791
0.214791
0.0927178
0.214791
0.117633
0.112392
0.120612
0.101115
0.165371
0.17246
0.170468
0.214791
0.164744
0.0903618
0.0671204
0.0844325
0.126586
0.214791
0.214791
0.214791
0.214791
0.214791
0.0834676
0.113006
0.217279
0.152564
0.220193
0.202546
0.220193
0.100994
0.220193
0.116576
0.173198
0.190718
0.130214
0.0989621
0.103786
0.119689
0.190656
0.220193
0.220193
0.059486
0.0638859
0.109428
0.196876
0.182625
0.163023
0.185846
0.159732
0.0834843
0.18037
0.136611
0.220193
0.220193
0.13814
0.128143
0.205582
0.120566
0.17077
0.132199
0.221045
0.134812
0.141225
0.169825
0.116544
0.187298
0.221045
0.221045
0.165792
0.221045
0.103689
0.112867
0.221045
0.117809
0.195101
0.171915
0.221045
0.120937
0.115752
0.208535
0.206245
0.143465
0.123242
0.196947
0.106406
0.116477
0.109067
0.221045
0.200037
0.120699
0.143188
0.0659534
0.150841
0.209962
0.143997
0.192685
0.223468
0.14916
0.164517
0.223468
0.130805
0.198547
0.173341
0.223468
0.142903
0.171116
0.147314
0.187734
0.223468
0.0787933
0.136724
0.152772
0.107317
0.0780056
0.202914
0.223468
0.150586
0.18715
0.0818067
0.181656
0.221945
0.116975
0.0726843
0.132357
0.191015
0.170163
0.197466
0.12284
0.16793
0.155345
0.0929143
0.103357
0.186385
0.174432
0.136451
0.219594
0.163537
0.166341
0.162317
0.203397
0.136073
0.208688
0.219594
0.219594
0.219594
0.0553168
0.0889832
0.132784
0.198112
0.133197
0.146809
0.119715
0.165734
0.211099
0.118184
0.100749
0.12935
0.147152
0.111117
0.207358
0.219594
0.108979
0.17427
0.133256
0.202865
0.219594
0.139597
0.129538
0.20304
0.208444
0.208444
0.197993
0.057879
0.0810619
0.117569
0.185272
0.158469
0.16255
0.193706
0.157389
0.161953
0.193502
0.208444
0.136923
0.150547
0.101991
0.20557
0.208444
0.126447
0.137043
0.11586
0.16823
0.208444
0.126896
0.0974923
0.204449
0.208444
0.207828
0.151364
0.121876
0.20572
0.131045
0.16765
0.164241
0.192948
0.201121
0.148858
0.199871
0.207815
0.207815
0.138179
0.156818
0.083765
0.134924
0.155183
0.198683
0.169775
0.19182
0.207815
0.131631
0.110082
0.121091
0.207815
0.207815
0.207815
0.143711
0.142297
0.207815
0.135366
0.172513
0.0935147
0.128435
0.169251
0.109049
0.126422
0.15756
0.191273
0.194546
0.136875
0.0949831
0.124629
0.170423
0.165766
0.175426
0.182094
0.218064
0.14115
0.113092
0.0755005
0.101256
0.126862
0.218064
0.218064
0.218064
0.218064
0.218064
0.0958566
0.0933258
0.138198
0.192506
0.13061
0.107933
0.170205
0.16729
0.14491
0.129721
0.15727
0.196667
0.14974
0.218064
0.218064
0.206564
0.218064
0.12245
0.145679
0.0736731
0.0848956
0.114544
0.202381
0.201711
0.178071
0.204346
0.174175
0.0983495
0.207897
0.156036
0.207897
0.207897
0.14365
0.133914
0.207897
0.112268
0.186017
0.134386
0.189178
0.118875
0.194218
0.207897
0.182537
0.204129
0.0702452
0.138205
0.180766
0.207897
0.124927
0.190756
0.160289
0.144703
0.207897
0.114648
0.131466
0.166543
0.157217
0.213502
0.213502
0.13951
0.151038
0.213502
0.112665
0.152118
0.133835
0.213502
0.213502
0.12915
0.195824
0.0897221
0.202095
0.213502
0.126893
0.158998
0.213502
0.115076
0.13766
0.145791
0.131263
0.168282
0.118614
0.142052
0.142039
0.159803
0.156883
0.105557
0.194173
0.0813106
0.213502
0.213502
0.192226
0.101258
0.210679
0.210679
0.152068
0.204517
0.109481
0.210679
0.210679
0.129937
0.0952066
0.127176
0.210679
0.210679
0.190835
0.130714
0.181287
0.180307
0.135078
0.111807
0.17944
0.158506
0.124316
0.207895
0.107819
0.187425
0.210679
0.188769
0.117652
0.163865
0.0918798
0.198377
0.184207
0.198819
0.128365
0.106361
0.149114
0.135876
0.166079
0.152055
0.192018
0.224441
0.127347
0.131573
0.170106
0.182883
0.110554
0.194756
0.224441
0.111218
0.220802
0.170957
0.224441
0.224441
0.126853
0.0883742
0.131429
0.121966
0.0925403
0.132615
0.106641
0.224441
0.224441
0.221932
0.0872876
0.173149
0.134401
0.202825
0.177906
0.178613
0.13097
0.173566
0.0696366
0.0951196
0.178741
0.217112
0.131982
0.164889
0.148062
0.213548
0.217112
0.117453
0.0788619
0.198946
0.217112
0.217112
0.217112
0.160955
0.217112
0.14442
0.100827
0.0660604
0.188827
0.110739
0.123087
0.155784
0.156016
0.133839
0.172353
0.0835738
0.0282939
0.12424
0.217112
0.18732
0.217112
0.156817
0.182606
0.217112
0.161869
0.088901
0.200062
0.207826
0.209564
0.19041
0.152507
0.209564
0.116039
0.100966
0.0749637
0.126408
0.18703
0.111008
0.120473
0.159086
0.150707
0.176671
0.139984
0.040759
0.159628
0.186999
0.163091
0.209564
0.16844
0.175246
0.209564
0.186503
0.103449
0.186388
0.207848
0.209564
0.209564
0.195096
0.133553
0.14847
0.175493
0.0816734
0.125621
0.198059
0.115015
0.105607
0.148425
0.124984
0.124972
0.129095
0.127982
0.160896
0.193203
0.207105
0.214897
0.175472
0.214897
0.135464
0.166533
0.0993466
0.19022
0.188364
0.214897
0.214897
0.186074
0.133975
0.154385
0.168185
0.0694845
0.198384
0.187009
0.0984565
0.214897
0.214897
0.202714
0.165991
0.154386
0.141374
0.19638
0.184518
0.193736
0.210429
0.182141
0.210429
0.103963
0.184118
0.188596
0.210429
0.120769
0.18977
0.157313
0.155531
0.210429
0.121089
0.141785
0.0712721
0.206617
0.195707
0.0940617
0.210429
0.210429
0.210429
0.206851
0.169886
0.0775454
0.0951247
0.148339
0.129642
0.196864
0.120775
0.142784
0.110099
0.0765593
0.202399
0.220984
0.122089
0.165466
0.167247
0.169807
0.213549
0.133671
0.177153
0.168185
0.159424
0.169593
0.146606
0.220984
0.146339
0.220984
0.220984
0.215395
0.0755272
0.109534
0.179651
0.156056
0.207476
0.121235
0.134274
0.102197
0.0728686
0.143133
0.111306
0.0937523
0.180482
0.20335
0.143171
0.155168
0.152083
0.220984
0.125899
0.193802
0.165849
0.155278
0.212374
0.164487
0.212374
0.212374
0.212374
0.117168
0.170164
0.101121
0.212374
0.212374
0.212374
0.144664
0.114661
0.162039
0.156362
0.201718
0.117439
0.177925
0.212374
0.130897
0.107457
0.106045
0.18869
0.158835
0.203539
0.10308
0.111618
0.197505
0.100561
0.111196
0.106806
0.212374
0.0948529
0.137284
0.147446
0.0891656
0.153664
0.129591
0.220067
0.220067
0.220067
0.0992389
0.179361
0.168584
0.220067
0.216877
0.213309
0.160451
0.168892
0.0878043
0.101268
0.0936145
0.133146
0.148834
0.103727
0.109033
0.19494
0.220067
0.167236
0.0985379
0.187507
0.220067
0.220067
0.220067
0.101029
0.115452
0.220067
0.159119
0.0905725
0.179789
0.125873
0.14279
0.177927
0.167898
0.161368
0.1562
0.0983456
0.0437567
0.118036
0.19617
0.182767
0.215476
0.196147
0.204311
0.210629
0.151097
0.093934
0.166408
0.201353
0.215476
0.215476
0.121829
0.0933481
0.188159
0.121097
0.157005
0.119624
0.144855
0.19211
0.18293
0.193768
0.132084
0.215476
0.215476
0.0640192
0.13543
0.143872
0.15365
0.208609
0.172909
0.164983
0.179531
0.159419
0.123524
0.198938
0.19453
0.208609
0.208609
0.183595
0.126571
0.166938
0.161643
0.175306
0.153634
0.155485
0.208609
0.161109
0.165653
0.11299
0.161579
0.185043
0.208609
0.137623
0.110221
0.208609
0.152143
0.0844833
0.151227
0.208609
0.16792
0.118584
0.183693
0.161775
0.209215
0.209215
0.178073
0.125126
0.167388
0.156479
0.0724678
0.190405
0.209215
0.0970841
0.209215
0.19898
0.198824
0.200264
0.18036
0.209215
0.159517
0.120931
0.209215
0.150451
0.0883009
0.157367
0.206918
0.124345
0.121037
0.209215
0.154737
0.151187
0.157173
0.110704
0.136557
0.175248
0.125514
0.0850821
0.215093
0.216137
0.118637
0.216137
0.216137
0.216137
0.216137
0.216137
0.0917954
0.0910477
0.134944
0.141962
0.216137
0.183577
0.148237
0.114449
0.0847028
0.154079
0.216137
0.184648
0.171384
0.176095
0.143
0.172022
0.216137
0.184309
0.181796
0.146215
0.120499
0.20608
0.160679
0.128196
0.0747875
0.112969
0.0818742
0.0996951
0.115967
0.164697
0.188342
0.222139
0.182051
0.154759
0.107561
0.0918018
0.123551
0.132188
0.111834
0.196933
0.222139
0.199412
0.187138
0.186126
0.222139
0.191978
0.156649
0.134785
0.20583
0.183489
0.172174
0.114183
0.147855
0.0982401
0.184422
0.176211
0.104186
0.0538144
0.136484
0.222139
0.222139
0.222139
0.142
0.112583
0.181947
0.118845
0.164323
0.219999
0.148945
0.116466
0.114732
0.151816
0.115309
0.179029
0.0949814
0.12805
0.2065
0.119868
0.143442
0.115582
0.164834
0.101626
0.140232
0.0862706
0.0769961
0.168098
0.225755
0.225755
0.219384
0.0892505
0.146636
0.225755
0.225755
0.225755
0.162082
0.225755
0.225755
0.225755
0.143669
0.130989
0.0885436
0.146545
0.144039
0.12288
0.127212
0.206464
0.21685
0.178512
0.128484
0.167334
0.21685
0.21685
0.21685
0.11824
0.13396
0.21685
0.177479
0.0877101
0.175921
0.115995
0.144524
0.21685
0.21685
0.214002
0.190906
0.145143
0.0957499
0.169707
0.125866
0.21685
0.21685
0.111509
0.136602
0.128108
0.135083
0.133694
0.150915
0.190851
0.210386
0.210386
0.12325
0.129473
0.166524
0.142961
0.132677
0.129168
0.165504
0.176282
0.162748
0.210386
0.177807
0.210386
0.210386
0.101618
0.149955
0.118606
0.207773
0.210386
0.117769
0.146799
0.0949141
0.141443
0.0782947
0.210386
0.158892
0.173307
0.191641
0.204205
0.200188
0.190432
0.107015
0.161943
0.157719
0.165039
0.203741
0.137949
0.162637
0.147678
0.154701
0.170027
0.186294
0.160224
0.11874
0.203741
0.155868
0.102139
0.157613
0.203741
0.156103
0.0846623
0.171081
0.143413
0.146805
0.180163
0.19564
0.203741
0.195382
0.15996
0.133473
0.161868
0.148963
0.199458
0.169279
0.145981
0.15827
0.203741
0.203741
0.203419
0.183442
0.133305
0.205294
0.142797
0.0979446
0.171293
0.211854
0.157368
0.150861
0.211854
0.166179
0.145322
0.142807
0.0909775
0.16841
0.197226
0.141448
0.120065
0.17365
0.149788
0.192846
0.169339
0.134936
0.16488
0.211854
0.211854
0.098827
0.164718
0.127631
0.211854
0.211854
0.12727
0.104085
0.211854
0.14447
0.167442
0.219745
0.191497
0.162228
0.158904
0.111723
0.184686
0.219745
0.206647
0.15249
0.174823
0.104302
0.189364
0.188615
0.186535
0.0880237
0.0986414
0.078092
0.112356
0.219745
0.170513
0.219745
0.219745
0.122528
0.109834
0.219745
0.144615
0.113331
0.127064
0.154028
0.151297
0.203049
0.219745
0.184584
0.131833
0.0627633
0.149575
0.170549
0.112987
0.180369
0.190215
0.180687
0.108959
0.107808
0.0979242
0.117904
0.152455
0.122667
0.0484558
0.14443
0.187631
0.219255
0.219255
0.11678
0.114202
0.120667
0.182873
0.162753
0.219255
0.21146
0.197585
0.169213
0.116712
0.190189
0.146743
0.152006
0.193935
0.219255
0.19264
0.219255
0.219255
0.139906
0.0676755
0.115117
0.0956626
0.0709704
0.148884
0.15932
0.215265
0.19739
0.103955
0.11244
0.214654
0.215265
0.205284
0.16151
0.1841
0.215265
0.215265
0.127763
0.131548
0.104624
0.129378
0.13512
0.215265
0.129576
0.212396
0.215265
0.172269
0.11738
0.124888
0.215265
0.215265
0.215265
0.165964
0.153641
0.165557
0.116987
0.099196
0.143542
0.121877
0.156794
0.212715
0.205103
0.20556
0.199655
0.142261
0.101969
0.161681
0.101908
0.212715
0.212715
0.109526
0.114433
0.131838
0.123228
0.187069
0.212715
0.102431
0.192214
0.212715
0.140214
0.198692
0.177908
0.127293
0.177502
0.212715
0.0908848
0.212715
0.212715
0.0763762
0.118445
0.157569
0.212715
0.106342
0.149778
0.113318
0.169797
0.222128
0.109402
0.151908
0.12344
0.133934
0.0461004
0.222128
0.207401
0.172189
0.19577
0.209788
0.222128
0.202833
0.108683
0.184565
0.18186
0.084404
0.180058
0.222128
0.0986296
0.14982
0.179303
0.222128
0.059148
0.149892
0.0862053
0.0949489
0.177936
0.178849
0.154381
0.222128
0.222128
0.0567786
0.17361
0.188416
0.138628
0.173103
0.17206
0.207167
0.207167
0.174181
0.120682
0.207167
0.190265
0.186503
0.175383
0.166507
0.173045
0.207167
0.207167
0.0497395
0.123017
0.0852406
0.0825692
0.165879
0.152722
0.118687
0.207167
0.207167
0.203319
0.207167
0.207167
0.149575
0.174612
0.104633
0.133491
0.147171
0.143254
0.112944
0.206816
0.193444
0.181105
0.173623
0.146102
0.182518
0.209805
0.209805
0.125628
0.174795
0.130373
0.209805
0.209805
0.11502
0.141734
0.189807
0.195391
0.172784
0.202575
0.184668
0.176222
0.187841
0.112164
0.122734
0.125282
0.114272
0.116202
0.207105
0.0879807
0.185112
0.209805
0.12124
0.117875
0.127522
0.165874
0.1257
0.214325
0.161562
0.214325
0.214325
0.101861
0.138736
0.182497
0.175572
0.107454
0.18802
0.15176
0.124441
0.197783
0.214325
0.156649
0.125588
0.0880718
0.113143
0.179564
0.113942
0.214325
0.214325
0.131185
0.145343
0.193364
0.180336
0.0782804
0.175899
0.16316
0.159635
0.128574
0.13827
0.182115
0.214325
0.214325
0.0992801
0.162304
0.16981
0.131027
0.199416
0.173804
0.166849
0.152863
0.115315
0.119659
0.130111
0.185862
0.16408
0.211064
0.149848
0.211064
0.211064
0.13755
0.0967996
0.194001
0.205596
0.179415
0.112862
0.130627
0.195572
0.211064
0.210107
0.157498
0.211064
0.13276
0.140124
0.210924
0.148282
0.13465
0.139994
0.162972
0.123225
0.120497
0.164557
0.149244
0.216444
0.129107
0.216444
0.216444
0.201171
0.154573
0.196845
0.216444
0.216444
0.216444
0.151546
0.174232
0.20684
0.134415
0.147687
0.216444
0.139882
0.15113
0.186979
0.144446
0.133336
0.117422
0.137481
0.0796968
0.177585
0.121084
0.167033
0.216444
0.132092
0.148914
0.115508
0.0909933
0.149484
0.215359
0.135035
0.215359
0.215359
0.0950675
0.192168
0.159829
0.134284
0.143743
0.215359
0.116412
0.215359
0.215359
0.0832671
0.106749
0.165347
0.18708
0.129363
0.183348
0.191725
0.215359
0.215359
0.204936
0.156481
0.181743
0.129814
0.161467
0.172838
0.108773
0.133675
0.164142
0.113576
0.139384
0.140346
0.12598
0.136904
0.174791
0.119004
0.177328
0.227098
0.0968912
0.12804
0.211146
0.175826
0.0540163
0.154535
0.0947189
0.094048
0.199213
0.211011
0.156128
0.227098
0.227098
0.129844
0.1185
0.0926748
0.150054
0.227098
0.126296
0.13888
0.167269
0.144549
0.145329
0.202585
0.0758447
0.169986
0.227098
0.149671
0.155801
0.227098
0.227098
0.044894
0.136782
0.106861
0.0855631
0.1907
0.184413
0.133126
0.22222
0.22222
0.20281
0.22222
0.22222
0.139046
0.19642
0.113908
0.13067
0.167158
0.161128
0.107467
0.17225
0.0531846
0.159495
0.22222
0.149102
0.151193
0.22222
0.22222
0.121116
0.22222
0.157168
0.0995744
0.13792
0.0953091
0.22222
0.126956
0.192127
0.170114
0.224702
0.224702
0.176529
0.208873
0.128826
0.137486
0.163435
0.138706
0.124882
0.219285
0.114478
0.215866
0.224702
0.140951
0.125059
0.116836
0.207048
0.11971
0.224702
0.147451
0.0994044
0.155837
0.117418
0.224702
0.120402
0.171033
0.0973775
0.151146
0.169315
0.224702
0.224702
0.130625
0.100788
0.0993888
0.14179
0.107918
0.164948
0.109107
0.206245
0.216828
0.129282
0.138407
0.159826
0.192561
0.0846477
0.157601
0.15217
0.145137
0.13005
0.161654
0.180167
0.216828
0.216828
0.105644
0.147425
0.148866
0.17481
0.216828
0.121347
0.154927
0.113903
0.144772
0.0888624
0.216828
0.200644
0.115819
0.200926
0.206976
0.216828
0.159002
0.214619
0.110731
0.187642
0.20904
0.164344
0.127144
0.143885
0.18971
0.213872
0.209705
0.125897
0.213872
0.192979
0.129286
0.175987
0.159855
0.15419
0.16651
0.130161
0.104517
0.213872
0.213872
0.127897
0.167167
0.151796
0.213872
0.155438
0.213872
0.111013
0.137748
0.197361
0.171393
0.168104
0.136329
0.152985
0.122704
0.0916964
0.143232
0.212452
0.212452
0.169638
0.198873
0.184715
0.173716
0.164998
0.124255
0.161468
0.212452
0.121041
0.192864
0.212452
0.158151
0.195865
0.152339
0.131382
0.109001
0.186798
0.212452
0.19154
0.162364
0.117632
0.147083
0.126931
0.122647
0.111622
0.0862681
0.134029
0.209144
0.193317
0.0962029
0.118263
0.181526
0.212452
0.121594
0.180194
0.212604
0.212604
0.212604
0.167025
0.157976
0.145137
0.137887
0.156957
0.143866
0.15548
0.170405
0.173758
0.128651
0.147436
0.14833
0.111074
0.111782
0.102931
0.122374
0.19122
0.212604
0.151732
0.12835
0.145936
0.17873
0.212604
0.144955
0.146817
0.212604
0.212604
0.212571
0.212604
0.162435
0.123849
0.112882
0.0993822
0.138999
0.146966
0.205505
0.117858
0.122949
0.157298
0.120977
0.132895
0.158229
0.0702753
0.163109
0.214765
0.159996
0.134873
0.204984
0.214765
0.214765
0.137837
0.178465
0.184858
0.214765
0.161487
0.179138
0.181753
0.146464
0.104406
0.156932
0.151495
0.214765
0.191274
0.21102
0.209647
0.0884777
0.214765
0.112242
0.143889
0.0743996
0.174873
0.221688
0.181885
0.14848
0.220642
0.221688
0.1074
0.210806
0.173429
0.125781
0.183463
0.134076
0.215821
0.125494
0.160784
0.106966
0.16124
0.19263
0.221688
0.217079
0.203546
0.182678
0.122485
0.221688
0.080297
0.115334
0.147074
0.221688
0.183505
0.0819988
0.0949664
0.0715176
0.1788
0.10201
0.211567
0.160725
0.129786
0.183082
0.156311
0.2182
0.109041
0.131693
0.0971019
0.139318
0.194699
0.212461
0.2182
0.149632
0.0806566
0.0688184
0.169561
0.0882923
0.110037
0.137849
0.2182
0.197664
0.100068
0.109605
0.0736351
0.159074
0.0594554
0.187413
0.2182
0.217323
0.2182
0.2182
0.2182
0.2182
0.207834
0.0961261
0.125126
0.147071
0.146088
0.216621
0.127219
0.110914
0.0733214
0.149676
0.0762657
0.171137
0.183524
0.0956843
0.172339
0.193908
0.216621
0.133803
0.174175
0.0580673
0.137177
0.216621
0.157373
0.207961
0.216621
0.216621
0.171815
0.16226
0.0536095
0.216621
0.208768
0.216621
0.216621
0.113379
0.216621
0.216621
0.0881692
0.110756
0.211213
0.222913
0.114618
0.17995
0.163852
0.222913
0.1548
0.222913
0.0955709
0.130354
0.205136
0.15313
0.131781
0.151947
0.15234
0.130829
0.081364
0.0814907
0.222913
0.222913
0.222913
0.222913
0.128923
0.222913
0.222913
0.0916791
0.147343
0.146902
0.138771
0.106106
0.164775
0.174278
0.144724
0.114664
0.153097
0.11661
0.199614
0.213793
0.194073
0.162606
0.145309
0.140994
0.141626
0.132892
0.184792
0.0822755
0.143513
0.213793
0.213793
0.11454
0.121635
0.150733
0.213793
0.208312
0.164669
0.157403
0.150717
0.197542
0.14434
0.157293
0.107026
0.171936
0.101035
0.100332
0.213793
0.169684
0.213793
0.158778
0.142291
0.183022
0.213793
0.13613
0.0963867
0.147213
0.15184
0.214405
0.156705
0.130033
0.132101
0.171047
0.193048
0.113589
0.158618
0.218707
0.218707
0.188342
0.198882
0.144049
0.114866
0.108367
0.204711
0.218707
0.179775
0.218707
0.218707
0.116223
0.203224
0.182497
0.084015
0.102405
0.181949
0.16314
0.156218
0.153075
0.204911
0.155868
0.0661553
0.21509
0.131487
0.21509
0.213597
0.21509
0.166922
0.181401
0.172241
0.165614
0.0904205
0.140388
0.17282
0.21509
0.193427
0.21509
0.204933
0.0896152
0.21509
0.118709
0.101904
0.134755
0.142664
0.165437
0.181499
0.21509
0.138331
0.0867727
0.0741267
0.182809
0.144208
0.121636
0.21509
0.21326
0.154468
0.0734676
0.068659
0.114776
0.139921
0.22397
0.230618
0.230618
0.230618
0.187214
0.119486
0.230618
0.105611
0.107838
0.15027
0.230618
0.230618
0.135795
0.0872756
0.0981675
0.182931
0.089251
0.160753
0.122019
0.188387
0.230618
0.159716
0.142023
0.118478
0.106553
0.035256
0.0615535
0.0985987
0.230618
0.230618
0.219549
0.199578
0.113839
0.0597997
0.109837
0.0806087
0.126607
0.223142
0.223142
0.136511
0.0901505
0.0761639
0.143644
0.121893
0.19618
0.223142
0.175746
0.191437
0.223142
0.191895
0.204428
0.223142
0.0310012
0.032012
0.0785354
0.223142
0.223142
0.155694
0.17804
0.115668
0.0585407
0.114612
0.170568
0.194245
0.223142
0.223142
0.223142
0.199063
0.0856889
0.0834712
0.108339
0.145196
0.216214
0.148868
0.191361
0.216214
0.209382
0.165215
0.20364
0.0669102
0.216214
0.216214
0.216214
0.216214
0.0897781
0.216214
0.216214
0.0975906
0.100513
0.102308
0.100244
0.176174
0.216214
0.216214
0.179763
0.0773608
0.0808643
0.0475658
0.07051
0.123309
0.176082
0.216214
0.189175
0.178509
0.145109
0.104165
0.104001
0.232035
0.232035
0.232035
0.232035
0.115977
0.232035
0.232035
0.102377
0.134295
0.133263
0.112725
0.124371
0.179824
0.152898
0.147837
0.134586
0.123162
0.0822547
0.0829839
0.109427
0.210969
0.232035
0.225027
0.207012
0.160622
0.129285
0.0652081
0.149503
0.232035
0.190234
0.201237
0.177708
0.100646
0.0777596
0.0502304
0.179622
0.145688
0.123495
0.151132
0.186858
0.125954
0.130405
0.131822
0.128804
0.137672
0.114238
0.204733
0.197878
0.219065
0.141046
0.144624
0.177691
0.219065
0.0938055
0.146412
0.219065
0.215721
0.219065
0.215852
0.120725
0.0943763
0.0699384
0.165738
0.0750699
0.147429
0.199224
0.219065
0.219065
0.219065
0.142002
0.137289
0.13864
0.187292
0.224234
0.170242
0.19622
0.224234
0.147047
0.198724
0.208792
0.0451593
0.0889922
0.152419
0.148513
0.186423
0.153477
0.200425
0.134625
0.0432258
0.0420178
0.160671
0.224234
0.206097
0.224234
0.224234
0.224234
0.224234
0.0720113
0.0344511
0.13239
0.151332
0.210506
0.224234
0.093521
0.0945274
0.11314
0.0767503
0.0928429
0.114137
0.162253
0.162122
0.204282
0.192671
0.216984
0.131686
0.0677216
0.0730481
0.211477
0.18589
0.184137
0.216984
0.205821
0.165756
0.0983504
0.0531536
0.0574798
0.173012
0.205447
0.216984
0.216984
0.142853
0.108804
0.142367
0.109115
0.0571404
0.197686
0.216984
0.216984
0.216984
0.202544
0.216984
0.150712
0.0387453
0.0904866
0.15692
0.140114
0.210095
0.2282
0.139763
0.127123
0.107264
0.0815391
0.0585349
0.0925521
0.100812
0.2282
0.2282
0.226757
0.200156
0.113909
0.0682768
0.0649653
0.178274
0.2282
0.2282
0.155022
0.187465
0.184244
0.150447
0.06579
0.0962268
0.2282
0.2282
0.199386
0.178663
0.2282
0.2282
0.0778074
0.0808829
0.0582882
0.0471845
0.0862742
0.220394
0.220394
0.173236
0.179294
0.106517
0.071397
0.170117
0.179153
0.166161
0.216479
0.220394
0.220394
0.197498
0.0918262
0.113672
0.102359
0.209843
0.220394
0.203003
0.137162
0.220394
0.195006
0.0694355
0.0883345
0.0914022
0.169855
0.177237
0.220394
0.134685
0.166775
0.16337
0.171424
0.191352
0.161899
0.119764
0.113154
0.20017
0.220153
0.220153
0.209441
0.0974045
0.115515
0.0710643
0.0676007
0.141094
0.220153
0.220153
0.173398
0.220153
0.183715
0.100744
0.113782
0.130871
0.209589
0.220153
0.14037
0.143389
0.149494
0.159482
0.153363
0.0856566
0.0657384
0.215847
0.205571
0.220153
0.173671
0.170095
0.181994
0.137187
0.109705
0.0792076
0.130077
0.226603
0.226603
0.204269
0.226603
0.191236
0.11835
0.0680966
0.136726
0.226603
0.226603
0.226603
0.176135
0.145658
0.123092
0.0367066
0.11061
0.0620544
0.226603
0.226603
0.226603
0.214333
0.170958
0.181484
0.169532
0.028815
0.0713417
0.0775376
0.148228
0.173224
0.140824
0.220437
0.124549
0.132229
0.105668
0.160166
0.221138
0.221138
0.221138
0.221138
0.170777
0.151188
0.0691083
0.21568
0.106583
0.140847
0.21008
0.221138
0.221138
0.221138
0.183341
0.177018
0.0434838
0.0904766
0.0841207
0.154674
0.213327
0.186598
0.219537
0.123969
0.16982
0.0693284
0.0638993
0.150516
0.181157
0.138383
0.178424
0.166325
0.0766023
0.120757
0.066249
0.146604
0.219133
0.210213
0.185301
0.223376
0.223376
0.223376
0.0936021
0.0483245
0.144605
0.148328
0.177277
0.223376
0.140573
0.100091
0.101704
0.0846302
0.12921
0.113814
0.113681
0.202339
0.223376
0.190716
0.159567
0.223376
0.127765
0.0942673
0.173408
0.0949058
0.129249
0.223376
0.21273
0.197427
0.205558
0.112904
0.0437959
0.143274
0.175114
0.183004
0.220785
0.138236
0.0857997
0.0917261
0.0908666
0.0479937
0.207147
0.187678
0.220785
0.220785
0.137414
0.194049
0.108324
0.0624937
0.103515
0.184345
0.0944809
0.114879
0.2161
0.185946
0.193461
0.205633
0.113573
0.120375
0.220785
0.155467
0.193423
0.220785
0.220785
0.205871
0.170251
0.192399
0.0494333
0.189556
0.21148
0.21148
0.158084
0.132224
0.146453
0.101542
0.0718415
0.0822691
0.21148
0.196912
0.160944
0.163402
0.205586
0.21148
0.072763
0.0676244
0.115957
0.21148
0.16079
0.170148
0.210981
0.21148
0.180256
0.128741
0.169543
0.138087
0.21148
0.21148
0.147533
0.13158
0.166743
0.206727
0.21148
0.100874
0.111812
0.209753
0.209753
0.209753
0.155125
0.209404
0.209753
0.073542
0.0925473
0.121539
0.209753
0.202389
0.209753
0.157761
0.169567
0.182987
0.15575
0.19488
0.162321
0.200771
0.209753
0.190416
0.103518
0.152069
0.186127
0.209753
0.122629
0.0932755
0.129844
0.0866609
0.0828425
0.127132
0.156139
0.14878
0.133468
0.204163
0.123823
0.164062
0.212243
0.212243
0.148775
0.144842
0.143911
0.136256
0.156336
0.109725
0.106044
0.202853
0.204026
0.212243
0.186108
0.212243
0.212243
0.14768
0.0917347
0.122096
0.132241
0.117753
0.15734
0.138802
0.123914
0.0946736
0.172214
0.102681
0.149297
0.193889
0.200822
0.212243
0.212243
0.202086
0.176815
0.193791
0.111573
0.110346
0.21659
0.21659
0.21659
0.201318
0.207202
0.197224
0.175454
0.0362559
0.0559847
0.0589803
0.15752
0.18472
0.143137
0.21659
0.163722
0.124722
0.103868
0.148357
0.203043
0.195769
0.21659
0.21659
0.21659
0.20076
0.21659
0.0719365
0.100888
0.116845
0.155355
0.180675
0.150642
0.134702
0.139474
0.136024
0.0580714
0.0947927
0.0865748
0.199587
0.218316
0.213435
0.218316
0.169279
0.206848
0.0684538
0.0993538
0.152618
0.153858
0.145695
0.168589
0.172647
0.0802009
0.111383
0.093682
0.123549
0.125327
0.218316
0.218316
0.218316
0.218316
0.201607
0.218316
0.191936
0.218316
0.153297
0.218316
0.218316
0.0453163
0.101991
0.0678379
0.170555
