0.0338753
0.113072
0.137546
0.213661
0.233746
0.233746
0.120118
0.133461
0.109639
0.086401
0.186822
0.210495
0.162772
0.233746
0.233746
0.229279
0.233746
0.233746
0.00877146
0.011007
0.0874692
0.233746
0.233746
0.233746
0.0483475
0.0218295
0.0134057
0.0312413
0.035783
0.117145
0.233746
0.233746
0.214798
0.14961
0.0709662
0.100526
0.104054
0.197347
0.226427
0.188167
0.228885
0.247539
0.247539
0.204236
0.244042
0.0979471
0.1021
0.081388
0.114675
0.179502
0.108131
0.160008
0.247539
0.173772
0.0441313
0.0490231
0.135144
0.247539
0.247539
0.200825
0.14972
0.0552699
0.0686329
0.035631
0.0154546
0.0375204
0.123877
0.247539
0.247539
0.154399
0.0487382
0.0621162
0.171425
0.193133
0.103535
0.149637
0.208781
0.161576
0.170751
0.280532
0.165788
0.0580081
0.275192
0.0901031
0.100993
0.167353
0.0891849
0.0909728
0.159678
0.140327
0.0728367
0.0526277
0.0626968
0.180564
0.305969
0.305969
0.166711
0.0441018
0.0520373
0.0417273
0.0740813
0.0274635
0.0994184
0.305969
0.305969
0.167026
0.0698262
0.0785014
0.0758981
0.266777
0.0988259
0.10912
0.159015
0.0991185
0.0755225
0.0939792
0.080955
0.0939352
0.151366
0.181339
0.250631
0.27541
0.21198
0.0761502
0.220234
0.154633
0.0444666
0.0932866
0.0383586
0.0908345
0.27541
0.27541
0.120699
0.046239
0.0762234
0.0760562
0.197456
0.187511
0.151992
0.27541
0.27541
0.252054
0.0559628
0.0523793
0.132496
0.13633
0.153343
0.234799
0.234799
0.230103
0.0888999
0.200421
0.139606
0.157823
0.189647
0.163725
0.178278
0.234799
0.144941
0.134734
0.131544
0.133492
0.0701124
0.149584
0.14442
0.161828
0.234799
0.234799
0.234799
0.0818491
0.0985405
0.116232
0.193317
0.130278
0.151711
0.216119
0.150093
0.12889
0.130408
0.104093
0.198251
0.214127
0.1542
0.212276
0.214127
0.214127
0.189703
0.154184
0.161262
0.10715
0.167907
0.121505
0.140286
0.213043
0.155314
0.138092
0.184868
0.181266
0.138873
0.207948
0.110136
0.203849
0.214127
0.177022
0.160614
0.176459
0.15532
0.0690014
0.146431
0.139061
0.0859825
0.166049
0.150603
0.1232
0.173032
0.126676
0.108632
0.17584
0.132583
0.157089
0.206831
0.190054
0.18695
0.206831
0.204078
0.0721063
0.206831
0.190533
0.191994
0.206831
0.13797
0.192233
0.165657
0.133124
0.0926528
0.180092
0.134427
0.118102
0.206831
0.176333
0.128574
0.142677
0.109402
0.16736
0.13528
0.0781607
0.178628
0.206831
0.206831
0.176912
0.133682
0.191972
0.00121846
0.00415023
0.109444
0.30099
0.30099
0.30099
0.0905793
0.00779704
0.00526949
0.0645411
0.0572914
0.151883
0.30099
0.30099
0.30099
0.296519
0.045963
0.200724
0.0364323
0.0803394
0.120992
0.160641
0.123099
0.0911491
0.0648429
0.101756
0.126983
0.0754981
0.046776
0.108478
0.30099
0.192861
0.0771826
0.0776767
0.0857578
0.0783268
0.0658538
0.0600532
0.151491
0.288565
0.288565
0.288565
0.267594
0.0317971
0.119346
0.04882
0.00955601
0.0328176
0.215782
0.288565
0.288565
0.23423
0.0397686
0.0596895
0.0602431
0.0724766
0.110754
0.288565
0.171969
0.0823884
0.0509212
0.0684545
0.0610416
0.0110312
0.0427613
0.185391
0.279534
0.288565
0.0536803
0.0380981
0.0423607
0.0116523
0.0720083
0.0369322
0.0446935
0.247242
0.302605
0.302605
0.198771
0.0353087
0.0372348
0.0484375
0.0707639
0.0513954
0.165891
0.302605
0.302605
0.135239
0.057707
0.100178
0.00212666
0.0452079
0.17069
0.302605
0.291616
0.0729785
0.032779
0.0276066
0.00717256
0
0.00329107
0.157259
0.302605
0.291128
0.186706
0.0412052
0.0101209
0.000108153
0.0566202
0.0936338
0.0717136
0.16194
0.277915
0.277915
0.106517
0.0451499
0.11632
0.0806551
0.21534
0.217237
0.133879
0.277915
0.277915
0.207033
0.0620176
0.0705095
0.000307553
0.00150467
0.116842
0.277915
0.277915
0.176142
0.0439193
0.00891812
0.000334607
0.00962445
0.0287169
0.137849
0.268075
0.277915
0.27093
0.0864792
0.00675609
0.00386467
0.0737571
0.159174
0.166736
0.171113
0.254733
0.254733
0.200485
0.0985851
0.116795
0.11103
0.190605
0.11612
0.208534
0.254733
0.254733
0.173197
0.188138
0.0904071
0.0111925
0.0182964
0.130424
0.249525
0.254733
0.241062
0.085517
0.00886647
0.00660157
0.0159764
0.0215902
0.101209
0.232696
0.254733
0.24443
0.0970762
0.0142639
0.0172325
0.116773
0.198086
0.0975764
0.25225
0.252829
0.252829
0.197507
0.217576
0.124285
0.058284
0.157812
0.125712
0.111112
0.242381
0.196139
0.130846
0.186553
0.104077
0.0196698
0.0217331
0.11205
0.236146
0.252829
0.235643
0.128813
0.0170921
0.0165016
0.0181516
0.034843
0.0608455
0.23327
0.252829
0.224024
0.216022
0.0391053
0.01261
0.0814701
0.200602
0.122772
0.132014
0.243673
0.209267
0.143864
0.152402
0.0862762
0.180741
0.135841
0.0703839
0.175648
0.210568
0.243673
0.243673
0.152564
0.19164
0.0171232
0.0458116
0.0765298
0.243673
0.243673
0.224459
0.222796
0.03644
0.00695172
0.0424086
0.0657118
0.0991915
0.158585
0.243673
0.243673
0.243673
0.0712688
0.057915
0.0813053
0.142536
0.251602
0.251602
0.236462
0.171198
0.136722
0.186522
0.24742
0.116122
0.0783307
0.186693
0.251602
0.251602
0.16051
0.154217
0.150391
0.136049
0.197925
0.143997
0.0429711
0.0576347
0.179867
0.0124708
0.0123468
0.0906439
0.251602
0.101075
0.126122
0.0317302
0.0651142
0.146401
0.150683
0.199369
0.246134
0.172318
0.120648
0.130884
0.189474
0.286658
0.286658
0.16239
0.110581
0.127301
0.118824
0.0350398
0.0870495
0.286658
0.286658
0.286658
0.124101
0.0680761
0.0820978
0.0548861
0.148986
0.207448
0.0523583
0.0906725
0.142381
0.111433
0.141806
0.187755
0.122202
0.111858
0.236248
0.194213
0.187806
0.159137
0.0542864
0.0636435
0.135671
0.206905
0.0288279
0.0983849
0.28154
0.291273
0.291273
0.124314
0.0497704
0.0526656
0.0498122
0.0152996
0.016277
0.291273
0.291273
0.291273
0.126705
0.040978
0.036879
0.0175451
0.115126
0.238012
0.160288
0.182711
0.140639
0.0368096
0.0411764
0.108824
0.23397
0.0837046
0.142512
0.090869
0.166489
0.130707
0.136819
0.1036
0.186477
0.282741
0.0102769
0.0155987
0.244313
0.296675
0.296675
0.117544
0.0488721
0.0246297
0.0223055
0.00227824
0.0307556
0.24251
0.296675
0.296675
0.296675
0.0932825
0.0107795
0.00347965
0.0589432
0.118561
0.0694791
0.165922
0.14164
0.153997
0.105743
0.119402
0.22573
0.0276481
0.120194
0.141005
0.246646
0.218114
0.183493
0.156289
0.137035
0.153453
0.00281688
0.0127381
0.169755
0.292977
0.292977
0.260765
0.0863863
0.0054517
0.00217422
0.00281688
0.00596192
0.110664
0.292977
0.292977
0.292977
0.201886
0.0123635
0.013936
0.0255662
0.0882646
0.109361
0.202884
0.18433
0.134645
0.0950693
0.0855106
0.113488
0.0268926
0.127157
0.239578
0.292977
0.292977
0.0862729
0.0872265
0.0516732
0.0797578
0.00494915
0.00459016
0.098696
0.272659
0.279445
0.279445
0.2137
0.0141579
0.00899098
0.0233124
0.0500531
0.0926748
0.249361
0.279445
0.279445
0.267478
0.0486952
0.0012528
0.0346334
0.0671892
0.180325
0.279445
0.279445
0.0816992
0.0652285
0.0579879
0.119082
0.0473811
0.0210064
0.164966
0.279445
0.249019
0.119262
0.0368973
0.025791
0.0263574
0.0211499
0.0643735
0.0980071
0.271185
0.271185
0.271185
0.271185
0.0536497
0.00193613
0.048524
0.0989537
0.162723
0.211861
0.271185
0.271185
0.271185
0.102962
0.0671664
0.0412892
0.00272584
0.136045
0.271185
0.271185
0.125345
0.0463249
0.0261349
0.0519401
0.00858722
0.000626502
0.130082
0.271185
0.271185
0.114883
0.0589616
0.00759399
0.0125248
0.259104
0.212177
0.0602618
0.0855378
0.254806
0.00740103
0.0145274
0.141602
0.259104
0.159525
0.183179
0.0355804
0.0663341
0.196515
0.246195
0.259104
0.259104
0.259104
0.257164
0.116435
0.0391488
0.0766719
0.239462
0.000315443
0.007064
0.107772
0.259104
0.172484
0.0993543
0.0402213
0.0465588
0.0985329
0.0131598
0.0300208
0.121031
0.259104
0.230933
0.230933
0.0726856
0.10357
0.224433
0.172194
0.214976
0.230933
0.22369
0.210094
0.230933
0.230933
0.230933
0.228141
0.101806
0.0793688
0.204571
0.230933
0.181589
0.108878
0.0389485
0.0769393
0.137983
0.0149552
0.0297682
0.0749663
0.194716
0.15079
0.101181
0.0154966
0.110009
0.230933
0.00479711
0.0291246
0.104432
0.230933
0.217765
0.243377
0.233641
0.243377
0.207299
0.0483984
0.0526337
0.168594
0.243377
0.132388
0.203984
0.130016
0.243377
0.243377
0.165144
0.169798
0.243377
0.243377
0.125758
0.0785888
0.0223076
0.106172
0.23651
0.00994643
0.0283963
0.0745061
0.243377
0.12185
0.103426
0.0665054
0.0579693
0.0902284
0.0405571
0.0305449
0.126662
0.243377
0.100168
0.187878
0.124585
0.236879
0.236879
0.200453
0.179837
0.207738
0.236879
0.0582142
0.181062
0.236879
0.236879
0.236879
0.236879
0.213469
0.228966
0.221876
0.112175
0.118532
0.0828861
0.0587771
0.066735
0.0492762
0.0327782
0.083256
0.236879
0.0724245
0.104468
0.0543771
0.0357408
0.0809378
0.0787554
0.106054
0.197044
0.236879
0.0408963
0.115316
0.168974
0.253542
0.248899
0.184986
0.130334
0.107799
0.162894
0.0537959
0.215193
0.253542
0.253542
0.253542
0.131762
0.114265
0.0643937
0.129368
0.0653107
0.0940331
0.0538932
0.0329359
0.0537977
0.0567804
0.105432
0.127691
0.235844
0.148468
0.253542
0.189898
0.197051
0.253542
0.0916576
0.181226
0.101199
0.253542
0.0553264
0.124647
0.221027
0.248551
0.248551
0.116174
0.0848538
0.0659375
0.186205
0.0635185
0.0728795
0.247711
0.248551
0.248551
0.169918
0.0631088
0.0576675
0.0859085
0.14357
0.240732
0.14269
0.141651
0.212929
0.0831432
0.183031
0.11577
0.248551
0.248551
0.194969
0.0518328
0.113308
0.151007
0.065844
0.0778997
0.145714
0.248551
0.0656714
0.0509609
0.223445
0.264017
0.264017
0.169018
0.0662453
0.0590858
0.110391
0.0286342
0.0314755
0.264017
0.264017
0.264017
0.152941
0.0637578
0.017705
0.0368137
0.264017
0.174115
0.0905574
0.140125
0.138469
0.0674572
0.0702406
0.10759
0.264017
0.243248
0.18366
0.125325
0.203955
0.264017
0.0537572
0.101746
0.0696142
0.198188
0.29241
0.223781
0.0678751
0.129583
0.29241
0.00487158
0.0287937
0.210453
0.29241
0.29241
0.19552
0.0713498
0.0892565
0.153607
0.0263396
0.0352121
0.165042
0.29241
0.194299
0.157272
0.0536874
0.0709196
0.168386
0.0210906
0.0460401
0.148192
0.29241
0.1512
0.139879
0.0767238
0.0666326
0.102612
0.0533518
0.100178
0.136326
0.219721
0.25712
0.204466
0.0731497
0.132341
0.224038
0.0370328
0.0535932
0.116594
0.25712
0.25712
0.191895
0.0231667
0.179026
0.25712
0.00792815
0.0323448
0.176113
0.25712
0.195249
0.178799
0.0877694
0.0914081
0.152807
0.0613946
0.113416
0.122869
0.20254
0.25712
0.128751
0.0154698
0.126124
0.25712
0.0234693
0.0398203
0.140585
0.25712
0.262609
0.132502
0.031837
0.158536
0.264973
0.0143063
0.0382301
0.140403
0.264973
0.201323
0.174613
0.0933788
0.120974
0.198138
0.0493639
0.0492805
0.258446
0.264973
0.264973
0.10402
0.0176601
0.0880848
0.24215
0.0140436
0.042566
0.14073
0.264973
0.180927
0.0959877
0.0408421
0.10763
0.206687
0.0271035
0.0619726
0.193801
0.264973
0.210077
0.198675
0.127349
0.130577
0.158347
0.0575937
0.0640729
0.19517
0.276546
0.196021
0.152201
0.0948703
0.0635618
0.143312
0.114253
0.13999
0.276546
0.276546
0.22422
0.117839
0.0569064
0.108087
0.194167
0.0156938
0.0541217
0.18632
0.276546
0.233111
0.116664
0.0439334
0.0520368
0.147006
0.0106504
0.0744877
0.218627
0.276546
0.14162
0.114834
0.07263
0.0455981
0.0734693
0.0641956
0.112212
0.207143
0.270872
0.240045
0.270872
0.229164
0.263119
0.270872
0.145736
0.221039
0.164933
0.270872
0.169042
0.0866775
0.0300681
0.0373396
0.124231
0.00547752
0.0408871
0.10711
0.256054
0.168105
0.0825708
0.0377001
0.0856469
0.270872
0.0160849
0.0913145
0.10499
0.234192
0.212526
0.262834
0.153864
0.152357
0.258592
0.108989
0.187824
0.17041
0.262834
0.262834
0.262834
0.05398
0.0740012
0.178621
0.0994006
0.124389
0.215841
0.262834
0.136729
0.0674089
0.0300599
0.060334
0.202858
0.0129331
0.0753227
0.100287
0.222159
0.233071
0.0943265
0.0207769
0.0620152
0.155537
0.00344867
0.0150829
0.109728
0.262834
0.256643
0.255035
0.119752
0.106971
0.133605
0.0754128
0.0919632
0.168948
0.256643
0.256643
0.249546
0.200964
0.23415
0.256643
0.0768435
0.126319
0.082636
0.256643
0.185762
0.106823
0.0334161
0.0715141
0.153748
0.0060873
0.0166929
0.0908369
0.256643
0.172626
0.0541745
0.010724
0.185664
0.256643
0.00303578
0.00662778
0.0511165
0.216934
0.236377
0.214567
0.0734972
0.0879178
0.209127
0.041863
0.0848797
0.189115
0.236377
0.200093
0.224667
0.101397
0.114835
0.153158
0.0873365
0.140236
0.191211
0.236377
0.236377
0.220675
0.0727103
0.0921755
0.195152
0.0233634
0.0529682
0.220104
0.236377
0.236377
0.169882
0.0747482
0.0791779
0.0917407
0.1136
0.147925
0.153883
0.236377
0.233755
0.242883
0.102748
0.127146
0.184077
0.0918075
0.145404
0.158119
0.223733
0.242883
0.170667
0.0215609
0.14574
0.242883
0.0247427
0.0482285
0.182956
0.242883
0.242883
0.191337
0.0805122
0.122421
0.178724
0.0897003
0.127935
0.119969
0.214034
0.148342
0.061226
0.0471083
0.242883
0.242883
0.0430044
0.0723952
0.106017
0.242883
0.257069
0.136436
0.0180268
0.097415
0.257069
0.0151453
0.0512257
0.186336
0.257069
0.216111
0.138927
0.0300314
0.108261
0.254229
0.0275969
0.0812335
0.219429
0.257069
0.210341
0.0622872
0.0312475
0.160926
0.257069
0.0230686
0.0572202
0.102034
0.257069
0.257069
0.124871
0.0601297
0.154034
0.223531
0.0273391
0.0968569
0.119621
0.257069
0.241334
0.133378
0.0407847
0.107716
0.22873
0.0137161
0.0713623
0.210267
0.27
0.27
0.0980047
0.0384187
0.055835
0.1694
0.0198553
0.0865856
0.235751
0.27
0.27
0.106865
0.0406333
0.126678
0.229803
0.026802
0.0971694
0.110968
0.27
0.206134
0.0468594
0.042396
0.133314
0.27
0.0426797
0.10368
0.104855
0.27
0.255057
0.106779
0.0375727
0.066557
0.218296
0.0130831
0.0484784
0.17619
0.255057
0.239902
0.100364
0.0258594
0.133378
0.255057
0.0205823
0.097751
0.177939
0.255057
0.224238
0.0278195
0.0182833
0.144211
0.255057
0.021425
0.0839722
0.0851223
0.255057
0.255057
0.137634
0.0268859
0.112764
0.255057
0.0159996
0.104486
0.240479
0.255057
0.212305
0.100852
0.0264837
0.0973398
0.268066
0.017039
0.0747443
0.194416
0.268066
0.268066
0.146985
0.0332913
0.103376
0.268066
0.00749305
0.0182763
0.184831
0.268066
0.243933
0.0808973
0.0149293
0.105425
0.268066
0.00596205
0.0640644
0.186356
0.268066
0.268066
0.0641202
0.0158609
0.0843405
0.203875
0.0144826
0.0272489
0.0772863
0.268066
0.277887
0.149581
0.0480113
0.1013
0.239827
0.00750632
0.0173842
0.152212
0.284273
0.246724
0.0678159
0.0123354
0.262208
0.284273
0.00396873
0.00812035
0.0555823
0.284273
0.202843
0.0534655
0.0171711
0.0878838
0.202485
0.0180296
0.0191337
0.0570892
0.284273
0.209771
0.0339168
0.013479
0.202162
0.284273
0.0100186
0.0091601
0.0318733
0.284273
0.245154
0.199692
0.0719518
0.0899145
0.170332
0.0412974
0.0505682
0.187983
0.247955
0.218221
0.18564
0.0690721
0.0842475
0.10759
0.0914945
0.138171
0.164766
0.247955
0.247955
0.139167
0.0290476
0.190961
0.247955
0.0588083
0.0543372
0.221773
0.247955
0.247955
0.123398
0.0374631
0.0691328
0.223184
0.0674526
0.0539978
0.191526
0.247955
0.245824
0.238341
0.0798714
0.131125
0.210701
0.0934277
0.132213
0.153801
0.219979
0.128336
0.0639392
0.0455467
0.24032
0.245824
0.0438171
0.0829292
0.140564
0.245824
0.245824
0.166558
0.0619216
0.0922855
0.245824
0.0972851
0.0627352
0.16764
0.245824
0.151761
0.104208
0.0377384
0.184487
0.245824
0.0788822
0.0648124
0.152395
0.245824
0.191301
0.0693432
0.0297411
0.155239
0.257555
0.0304982
0.0667951
0.136905
0.257555
0.257555
0.160831
0.0490759
0.144037
0.255101
0.0183908
0.104876
0.142183
0.257555
0.179988
0.0945204
0.0402091
0.149093
0.257555
0.0543786
0.0491936
0.130086
0.257555
0.257555
0.116995
0.012607
0.146521
0.257555
0.0322739
0.0796658
0.191412
0.257555
0.265641
0.129058
0.0346211
0.124158
0.265641
0.0227354
0.105441
0.139838
0.265641
0.211181
0.0474072
0.0437701
0.134774
0.265641
0.0581417
0.125862
0.116322
0.265641
0.265641
0.0737623
0.00730248
0.141257
0.265641
0.0264993
0.060462
0.169941
0.265641
0.250571
0.0813226
0.0433588
0.100372
0.186816
0.0306173
0.0519216
0.149006
0.265641
0.214097
0.0218226
0.0207249
0.161282
0.248023
0.0345244
0.0939654
0.100141
0.248023
0.248023
0.141318
0.0309828
0.148784
0.248023
0.0130525
0.0779242
0.248023
0.248023
0.234889
0.0568649
0.0177073
0.119769
0.23219
0.0514587
0.05189
0.122448
0.248023
0.184155
0.0991288
0.0347337
0.181017
0.248023
0.0844938
0.155796
0.218654
0.248023
0.253018
0.0939174
0.0199669
0.152386
0.269033
0.00541562
0.0515491
0.237024
0.269033
0.269033
0.0743952
0.0167514
0.100914
0.249281
0.0208836
0.0319758
0.080735
0.269033
0.196817
0.085372
0.0212966
0.165112
0.269033
0.0907545
0.106784
0.170859
0.269033
0.269033
0.14861
0.0158095
0.0708882
0.144206
0.00556255
0.0551449
0.0756771
0.269033
0.267944
0.0634901
0.0205164
0.108574
0.252873
0.0211704
0.025965
0.0645313
0.283798
0.242242
0.037007
0.0114139
0.265323
0.283798
0.0104262
0.0151866
0.0323419
0.283798
0.235045
0.123036
0.0166615
0.0682543
0.160599
0.00983045
0.0382364
0.0649416
0.283798
0.209818
0.067387
0.0458323
0.255466
0.283798
0.00624742
0.0247704
0.0636842
0.283798
0.238268
0.104607
0.0342739
0.182907
0.249765
0.0665123
0.0460398
0.209566
0.249765
0.21666
0.110107
0.025619
0.0720534
0.213634
0.056454
0.0604509
0.196406
0.249765
0.249765
0.115036
0.0386343
0.166001
0.243133
0.0370299
0.0556932
0.200251
0.249765
0.249765
0.0829334
0.0225691
0.112583
0.249721
0.0148023
0.0148685
0.160359
0.249765
0.247173
0.157879
0.0412395
0.106799
0.248762
0.096264
0.0735413
0.192047
0.248762
0.153877
0.107621
0.0210278
0.155869
0.248762
0.0741339
0.0554251
0.185684
0.248762
0.244262
0.149063
0.0383196
0.151591
0.248762
0.0237176
0.0172141
0.185382
0.248762
0.230656
0.228057
0.0638271
0.117505
0.178742
0.0488153
0.0517239
0.129063
0.238039
0.190127
0.112748
0.0257724
0.128853
0.253168
0.058095
0.0454193
0.173097
0.253168
0.253168
0.15159
0.0106717
0.150444
0.253168
0.0264996
0.0690968
0.205464
0.253168
0.237755
0.211364
0.0561449
0.114804
0.177783
0.0423392
0.0499453
0.159082
0.253168
0.240142
0.131183
0.0611904
0.138495
0.253168
0.0258075
0.0120192
0.122277
0.253168
0.266727
0.105804
0.00861498
0.152329
0.266727
0.0261049
0.0611925
0.207454
0.266727
0.251724
0.0920618
0.0435733
0.119195
0.211459
0.0340308
0.0669473
0.190456
0.266727
0.266727
0.0902023
0.0481187
0.134449
0.266727
0.020324
0.0120662
0.150201
0.266727
0.230054
0.156683
0.0450486
0.0609723
0.126375
0.0278447
0.0517639
0.141593
0.266727
0.244445
0.0638087
0.0211352
0.153979
0.244445
0.0558476
0.066573
0.166984
0.244445
0.224601
0.0909287
0.0387341
0.244445
0.244445
0.0702908
0.151891
0.244445
0.244445
0.211556
0.121239
0.0197283
0.0618038
0.131262
0.0354758
0.0577324
0.140795
0.244445
0.244445
0.108506
0.0078805
0.0980817
0.22365
0.0395432
0.111716
0.244445
0.244445
0.2569
0.0846362
0.024299
0.239578
0.261453
0.0814544
0.10948
0.229823
0.261453
0.261453
0.160031
0.015099
0.108285
0.227394
0.00824388
0.0577468
0.0755239
0.261453
0.230779
0.105335
0.00975302
0.0897771
0.20892
0.0509163
0.095988
0.195386
0.215431
0.261453
0.137185
0.0494733
0.0578527
0.211303
0.0117747
0.0384814
0.0738541
0.261453
0.26774
0.131922
0.0186088
0.103779
0.239508
0.013682
0.0460531
0.0650742
0.26774
0.252778
0.0871588
0.0603627
0.26774
0.26774
0.00809972
0.0360113
0.0847076
0.26774
0.195567
0.121534
0.0463281
0.0681943
0.215014
0.0169457
0.0314216
0.0556754
0.235208
0.26774
0.169067
0.0613165
0.218458
0.26774
0.00405555
0.0194975
0.064939
0.26774
0.249772
0.108803
0.0737163
0.148516
0.230695
0.0368825
0.0391344
0.157536
0.254905
0.249503
0.107233
0.0285306
0.10496
0.219535
0.0158239
0.0199517
0.17718
0.254905
0.254905
0.107043
0.0866244
0.126715
0.254905
0.036929
0.0335543
0.0958834
0.254905
0.254905
0.224484
0.0429583
0.0814519
0.216033
0.012986
0.0124944
0.210074
0.254905
0.245157
0.162404
0.0366245
0.153805
0.253719
0.0212139
0.0216844
0.197677
0.253719
0.222963
0.208182
0.0610781
0.114426
0.206058
0.0346345
0.0389306
0.136937
0.231441
0.253719
0.253719
0.0500885
0.0816463
0.253719
0.0111673
0.0259155
0.253719
0.253719
0.141422
0.124579
0.114925
0.106121
0.156256
0.0245304
0.0338625
0.100254
0.253719
0.254837
0.225377
0.0580557
0.1252
0.239984
0.0335725
0.0423633
0.180231
0.254837
0.254837
0.138298
0.0757764
0.165038
0.254837
0.0227942
0.00739853
0.120513
0.254837
0.161542
0.137642
0.106331
0.109426
0.180723
0.0274638
0.0493984
0.153751
0.254837
0.254837
0.0900181
0.0734862
0.166793
0.254837
0.0189576
0.0184064
0.12508
0.254837
0.268181
0.100787
0.0558832
0.150443
0.268181
0.0236378
0.014722
0.149728
0.268181
0.236136
0.161558
0.0526804
0.076764
0.141556
0.0266781
0.05875
0.160087
0.268181
0.237805
0.072938
0.0531519
0.154393
0.268181
0.0363117
0.0252224
0.179432
0.268181
0.268181
0.196444
0.0535627
0.0893971
0.212795
0.0276164
0.01351
0.0824804
0.268181
0.244335
0.13398
0.0306745
0.076233
0.151676
0.0440043
0.0701948
0.168651
0.255953
0.255953
0.0876955
0.0117004
0.134323
0.255953
0.0531106
0.0929964
0.255953
0.255953
0.255953
0.148156
0.0419944
0.0817846
0.193828
0.0550938
0.028695
0.10162
0.255953
0.255953
0.0909583
0.0083982
0.129634
0.255953
0.121208
0.0979515
0.182301
0.255953
0.259044
0.0963337
0.0156977
0.123429
0.259044
0.0682981
0.0932308
0.239082
0.259044
0.259044
0.145321
0.0409066
0.10085
0.259044
0.0109911
0.0281908
0.110467
0.259044
0.259044
0.100771
0.0201299
0.106335
0.259044
0.12588
0.090835
0.142617
0.259044
0.259044
0.158715
0.0402395
0.0650148
0.137077
0.00690516
0.0148338
0.0640386
0.259044
0.231625
0.138428
0.0476081
0.0976608
0.261552
0.015528
0.0305967
0.0715018
0.261552
0.261552
0.220655
0.0882902
0.217111
0.261552
0.00544984
0.0320281
0.0917187
0.261552
0.261552
0.158738
0.0458174
0.0705528
0.142848
0.00947483
0.0157379
0.0378764
0.261552
0.261552
0.118057
0.0129127
0.191585
0.261552
0.0076836
0.0276527
0.0763226
0.261552
0.26059
0.0943851
0.100575
0.135354
0.26059
0.0356223
0.0235259
0.0630942
0.26059
0.26059
0.248891
0.0414492
0.0748071
0.200105
0.0122511
0.011452
0.212624
0.26059
0.26059
0.0547108
0.00897418
0.137587
0.26059
0.0107824
0.0180381
0.0617931
0.26059
0.239549
0.147226
0.0404448
0.0924766
0.249155
0.00132523
0.0177251
0.113969
0.26059
0.260836
0.260836
0.0466863
0.0825348
0.229294
0.010153
0.0189592
0.260836
0.260836
0.146307
0.12524
0.125213
0.106959
0.16117
0.0387481
0.0271427
0.0974924
0.260836
0.260836
0.20075
0.0582191
0.118152
0.260836
6.32068e-05
0.0131488
0.164441
0.260836
0.23974
0.148412
0.0564612
0.0620949
0.20653
0.0442788
0.0292733
0.0827155
0.260836
0.172338
0.13166
0.110194
0.109186
0.181001
0.0324621
0.0354849
0.14906
0.27201
0.235261
0.0864762
0.0675512
0.182173
0.27201
0.0187673
0.025751
0.117371
0.27201
0.259231
0.147086
0.047005
0.0748497
0.27201
0.0333338
0.035135
0.132293
0.27201
0.27201
0.0947511
0.0355465
0.139279
0.27201
0.0206882
0.0445949
0.125601
0.27201
0.188479
0.0672849
0.0404503
0.155874
0.262022
0.0342629
0.0353231
0.163203
0.262022
0.262022
0.199767
0.0681484
0.0822932
0.171406
0.0300769
0.0191644
0.0796087
0.262022
0.262022
0.0971537
0.0239542
0.123977
0.262022
0.0237816
0.0490578
0.139014
0.262022
0.239239
0.214104
0.190525
0.0771347
0.236137
0.0280278
0.0555693
0.121498
0.262022
0.263064
0.152784
0.050614
0.0833366
0.183142
0.0625157
0.0321578
0.0965915
0.270288
0.233092
0.0739773
0.0208375
0.122723
0.270288
0.12757
0.0777267
0.183844
0.270288
0.236054
0.176802
0.114588
0.0940434
0.270288
0.036069
0.0456509
0.128114
0.270288
0.270288
0.158004
0.0420409
0.0622244
0.141072
0.020528
0.0556159
0.156709
0.270288
0.266864
0.0903881
0.0264372
0.126289
0.27134
0.153315
0.0851274
0.160213
0.27134
0.27134
0.131787
0.0256688
0.102565
0.210287
0.00866062
0.0125911
0.107991
0.27134
0.27134
0.171275
0.0164162
0.0700005
0.173386
0.0190732
0.0447085
0.174692
0.27134
0.27134
0.166503
0.0185653
0.060242
0.136576
0.019906
0.0347297
0.156458
0.27134
0.269023
0.155043
0.0350779
0.101515
0.196715
0.0126921
0.0171162
0.0654474
0.269023
0.269023
0.130512
0.0125878
0.226234
0.269023
0.0105395
0.0343428
0.0799463
0.269023
0.208145
0.180769
0.033207
0.0712506
0.186659
0.0242102
0.0281003
0.115075
0.246162
0.259927
0.094188
0.0101691
0.220533
0.269023
0.00733933
0.0161547
0.14352
0.269023
0.267306
0.0823409
0.0149923
0.190306
0.267306
0.0091703
0.0188712
0.0682175
0.267306
0.256681
0.210481
0.0493192
0.0989599
0.248043
0.0026084
0.0185036
0.140566
0.267306
0.267306
0.109708
0.0275805
0.181886
0.267306
0.0481892
0.0611817
0.0674296
0.267306
0.238304
0.0897202
0.060617
0.0621476
0.147518
0.0113372
0.0572498
0.148269
0.267306
0.261929
0.247673
0.0649239
0.103014
0.261929
0.000848798
0.0112411
0.171548
0.261929
0.257941
0.136988
0.0654518
0.0748795
0.252216
0.0650306
0.0295264
0.0920266
0.261929
0.253864
0.13322
0.0713029
0.07933
0.20243
0.00449595
0.0387197
0.14428
0.261929
0.261929
0.0748011
0.0165418
0.0434866
0.261929
0.013976
0.0293724
0.0857106
0.261929
0.2437
0.1054
0.044623
0.0722857
0.271677
0.038243
0.0297519
0.126004
0.271677
0.271677
0.0957851
0.0283697
0.133758
0.271677
0.0184851
0.0462907
0.122601
0.271677
0.271677
0.0972178
0.0313644
0.0451189
0.271677
0.0181324
0.0207347
0.0702432
0.271677
0.271677
0.102626
0.0437836
0.0913953
0.266318
0.03435
0.0165598
0.0961341
0.271677
0.267929
0.0962923
0.0225505
0.126638
0.267929
0.0250832
0.0539619
0.150504
0.267929
0.202673
0.190481
0.171628
0.0797261
0.236715
0.03696
0.0434777
0.131226
0.267929
0.267929
0.122084
0.0563988
0.095233
0.267929
0.0430625
0.0223628
0.112131
0.267929
0.164387
0.0808593
0.0328706
0.162194
0.267929
0.011378
0.0286436
0.0908304
0.267929
0.200167
0.152855
0.0989099
0.0943985
0.273473
0.04581
0.0383573
0.126845
0.273473
0.273473
0.119605
0.0456131
0.0651746
0.197456
0.0181004
0.0457197
0.163506
0.273473
0.227953
0.10918
0.0321937
0.11485
0.273473
0.0159679
0.0328528
0.10691
0.273473
0.265019
0.0592546
0.00815581
0.132599
0.273473
0.00845885
0.0558144
0.160267
0.273473
0.26892
0.138727
0.0172291
0.0884958
0.263749
0.0154659
0.0473056
0.189284
0.26892
0.26892
0.150987
0.0193715
0.0846581
0.15958
0.0172414
0.0347633
0.172732
0.26892
0.26892
0.111075
0.0185307
0.134968
0.26892
0.0136651
0.0675138
0.184103
0.26892
0.256747
0.1696
0.0404164
0.104747
0.133179
0.00848164
0.0202438
0.0634392
0.26892
0.203278
0.157492
0.0278249
0.089611
0.19749
0.0205138
0.0315906
0.125322
0.250194
0.212696
0.0912448
0.0109906
0.248561
0.284441
0.00738378
0.0114686
0.155682
0.284441
0.216902
0.179961
0.04168
0.117727
0.147302
0.0121318
0.0187626
0.0643195
0.221315
0.243621
0.106695
0.0187766
0.142703
0.284441
0.00427489
0.0104519
0.284441
0.284441
0.268739
0.148274
0.0427325
0.186232
0.268739
0.0412733
0.0661936
0.0769269
0.268739
0.219564
0.127351
0.0637522
0.070108
0.138252
0.0118198
0.0572061
0.207581
0.268739
0.268739
0.126612
0.0445664
0.201085
0.268739
0.0546493
0.0340182
0.0576375
0.268739
0.190056
0.137778
0.0373419
0.0771565
0.190776
0.0154944
0.049334
0.212786
0.268739
0.246181
0.174704
0.0758894
0.0767484
0.165575
0.00609794
0.0379615
0.182109
0.270677
0.270677
0.0815288
0.0217412
0.0733516
0.270677
0.0148457
0.0313624
0.113869
0.270677
0.20741
0.157281
0.0468247
0.0995523
0.229453
0.0150918
0.0364174
0.1791
0.270677
0.270677
0.0554649
0.0107297
0.137432
0.270677
0.0304087
0.0309398
0.179635
0.270677
0.270824
0.0966264
0.0326584
0.065457
0.270824
0.0186119
0.0218684
0.0936382
0.270824
0.270824
0.104223
0.0468702
0.103225
0.270824
0.0268448
0.0241645
0.113649
0.270824
0.270824
0.0527407
0.0142908
0.126344
0.270824
0.0336273
0.0280707
0.112006
0.270824
0.265067
0.0953715
0.0575473
0.0961113
0.267277
0.0458374
0.0312297
0.0670489
0.270824
0.270347
0.117558
0.0581175
0.10993
0.270347
0.0373908
0.0295386
0.137678
0.270347
0.198842
0.073197
0.0322273
0.17355
0.270347
0.0160082
0.0276327
0.0997281
0.270347
0.269331
0.0949418
0.0514289
0.110287
0.270347
0.0319614
0.0313896
0.0504635
0.270347
0.156391
0.0399566
0.0136736
0.243742
0.270347
0.0222144
0.0287261
0.129615
0.270347
0.18603
0.0751639
0.0261781
0.095935
0.27156
0.0145962
0.0259742
0.0802121
0.27156
0.23163
0.0420067
0.00697599
0.10154
0.27156
0.00652335
0.0415103
0.128933
0.27156
0.148585
0.0432987
0.00993061
0.157603
0.27156
0.147858
0.0172565
0.088421
0.27156
0.27156
0.054476
0.0157222
0.185626
0.27156
0.249851
0.0211499
0.123489
0.27156
0.264714
0.0746646
0.0137787
0.0973483
0.286733
0.00844502
0.0551781
0.134892
0.286733
0.199874
0.13692
0.0394555
0.0780046
0.105723
0.00429174
0.0184775
0.0693628
0.286733
0.286733
0.0868243
0.0243024
0.19963
0.286733
0.286733
0.0230713
0.0814769
0.286733
0.187708
0.0881251
0.0367852
0.0891875
0.146553
0.0171907
0.0288447
0.151304
0.286733
0.22152
0.185107
0.0483062
0.109008
0.151118
0.00594432
0.0244677
0.0840234
0.230564
0.246798
0.107636
0.0274974
0.16994
0.275857
0.00496799
0.00843237
0.275857
0.275857
0.223234
0.131437
0.0639999
0.116587
0.228504
0.0167097
0.0240086
0.125
0.220176
0.275857
0.0910187
0.0667135
0.182444
0.275857
0.0216899
0.0292732
0.103104
0.275857
0.259151
0.155522
0.0552498
0.196007
0.259151
0.0508774
0.0503609
0.0743511
0.259151
0.184064
0.168545
0.0437153
0.0963888
0.187271
0.0144205
0.0611977
0.249061
0.259151
0.259151
0.162136
0.086721
0.154778
0.252641
0.0512106
0.0440665
0.114727
0.259151
0.219333
0.112179
0.0814358
0.100539
0.0994848
0.0121924
0.0701931
0.217501
0.259151
0.194358
0.171033
0.0490516
0.121387
0.188485
0.0153521
0.0379417
0.18393
0.271574
0.271574
0.0683074
0.010392
0.171515
0.271574
0.0304022
0.0344661
0.176524
0.271574
0.222553
0.101314
0.0780566
0.149347
0.178647
0.0139334
0.0471457
0.154547
0.271574
0.271574
0.046518
0.0143981
0.158439
0.271574
0.012084
0.0226659
0.11302
0.271574
0.274652
0.0638634
0.0122326
0.143138
0.274652
0.0329656
0.0277976
0.109578
0.274652
0.254266
0.0922806
0.0603734
0.114393
0.274652
0.0316039
0.0371531
0.0629946
0.274652
0.274652
0.0506396
0.00694706
0.136649
0.274652
0.0182143
0.0162121
0.0674966
0.274652
0.250179
0.0612872
0.0209045
0.0982611
0.274652
0.0155144
0.0301407
0.0825134
0.274652
0.268515
0.0948554
0.0519064
0.125314
0.268515
0.0245439
0.0393175
0.0514021
0.268515
0.234926
0.0589861
0.0178959
0.222606
0.268515
0.0224809
0.0304222
0.106012
0.268515
0.268515
0.0828181
0.0180141
0.107621
0.268515
0.0117307
0.0270679
0.0685735
0.268515
0.268515
0.108902
0.0166033
0.118935
0.245439
0.0343562
0.0369128
0.110447
0.268515
0.177053
0.0552179
0.0156183
0.153683
0.274076
0.114543
0.0213063
0.0724703
0.274076
0.274076
0.0714206
0.0235427
0.154469
0.274076
0.1934
0.0333839
0.0934622
0.274076
0.244928
0.0799179
0.018961
0.0853778
0.213133
0.0672017
0.0256418
0.0937043
0.274076
0.221363
0.0899255
0.0208295
0.165614
0.274076
0.0978783
0.0455788
0.123259
0.274076
0.275158
0.0886972
0.0322147
0.14176
0.275158
0.275158
0.037217
0.0568301
0.275158
0.180641
0.0907979
0.0361574
0.0901522
0.16277
0.018972
0.0374107
0.146116
0.275158
0.171179
0.0922723
0.0243608
0.151405
0.275158
0.153198
0.0617524
0.138176
0.275158
0.273635
0.0936146
0.00478592
0.0731757
0.23043
0.0210356
0.0393583
0.094657
0.275158
0.189701
0.124495
0.0586474
0.108559
0.227324
0.0148772
0.0328476
0.11921
0.216021
0.268122
0.0874793
0.0616598
0.183835
0.268122
0.0188294
0.0250279
0.0883743
0.268122
0.268122
0.140494
0.0118691
0.0907746
0.268122
0.0249403
0.0571101
0.107901
0.268122
0.268122
0.168687
0.0273127
0.186521
0.268122
0.0036085
0.019177
0.10185
0.268122
0.246461
0.191439
0.0833878
0.13336
0.246461
0.037946
0.0602472
0.1339
0.246461
0.188291
0.127751
0.0915465
0.0881922
0.0971495
0.0225067
0.0706515
0.201351
0.246461
0.243815
0.216084
0.0557958
0.132213
0.246461
0.022101
0.0677304
0.206637
0.246461
0.246461
0.192698
0.0524951
0.0603803
0.159272
0.0122537
0.0442297
0.246461
0.246461
0.170828
0.0981822
0.0799343
0.132143
0.157695
0.0215929
0.0439852
0.143039
0.26212
0.277313
0.0606427
0.0237203
0.14075
0.277313
0.0119212
0.0215877
0.0965406
0.277313
0.218094
0.163146
0.0533586
0.106246
0.23555
0.0307922
0.0308149
0.200673
0.277313
0.277313
0.0790182
0.022739
0.214431
0.277313
0.0543683
0.0205571
0.0806535
0.277313
0.278489
0.0642697
0.0157574
0.134718
0.278489
0.0145273
0.0150043
0.0683515
0.278489
0.26247
0.0684342
0.029289
0.113652
0.278489
0.0109428
0.0368084
0.0667215
0.278489
0.278489
0.0641298
0.0286584
0.2052
0.278489
0.0469341
0.0162196
0.0401864
0.278489
0.205652
0.0916843
0.0270757
0.0928458
0.242476
0.0151616
0.0264701
0.100927
0.278489
0.270946
0.0853332
0.0246359
0.11905
0.270946
0.00762604
0.0312291
0.0612564
0.270946
0.270946
0.103759
0.0197977
0.112399
0.270946
0.031158
0.0313806
0.114235
0.270946
0.270946
0.100186
0.0301229
0.0945827
0.220147
0.00561364
0.0230669
0.0778772
0.270946
0.238233
0.0357096
0.000702201
0.218918
0.270946
0.00216937
0.0191535
0.137588
0.270946
0.205626
0.0762267
0.0235916
0.0722271
0.230403
0.0596407
0.0226343
0.0867978
0.250347
0.213519
0.099222
0.038824
0.128739
0.250347
0.101478
0.0484373
0.0833474
0.250347
0.250347
0.0652796
0.0144947
0.123564
0.250347
0.1564
0.0601621
0.0963639
0.250347
0.250347
0.191239
0.108008
0.19602
0.250347
0.250347
0.088419
0.100088
0.250347
0.157465
0.101246
0.0437671
0.109378
0.261173
0.141923
0.0675852
0.100915
0.261173
0.241368
0.0847328
0.00282729
0.0661883
0.200589
0.0176056
0.0481004
0.098298
0.261173
0.261173
0.216095
0.114965
0.17667
0.261173
0.261173
0.145777
0.101457
0.261173
0.261173
0.0651232
0.00373488
0.0708734
0.181725
0.0153822
0.0385265
0.115061
0.261173
0.234005
0.118456
0.00942651
0.0818256
0.236021
0.018702
0.0619649
0.106634
0.266628
0.260615
0.11732
0.0178771
0.176357
0.266628
0.00161395
0.0127961
0.0986138
0.266628
0.266628
0.078202
0.00175766
0.0878282
0.236386
0.0170602
0.0426225
0.127154
0.266628
0.24286
0.0489173
0.00589979
0.217641
0.266628
0.00153848
0.0962717
0.162779
0.266628
0.210807
0.188564
0.0404869
0.107358
0.254974
0.0205002
0.0589226
0.169431
0.254974
0.219075
0.147217
0.0356844
0.0595169
0.15544
0.0236942
0.0379444
0.234513
0.254974
0.148381
0.10823
0.0723676
0.135106
0.254974
0.0426573
0.102696
0.135988
0.254974
0.250588
0.0934299
0.0230774
0.102759
0.254974
0.190647
0.123312
0.203147
0.254974
0.177378
0.123998
0.0427549
0.109092
0.234848
0.0356737
0.0336417
0.18985
0.2696
0.2696
0.0901048
0.0328367
0.175386
0.2696
0.0491956
0.0198611
0.0789362
0.2696
0.256586
0.0877036
0.0242204
0.109195
0.2696
0.145425
0.104347
0.16094
0.2696
0.151811
0.0468164
0.0299511
0.189659
0.2696
0.069595
0.0323173
0.0581923
0.2696
0.277311
0.0884246
0.0450971
0.217318
0.277311
0.0440335
0.0188646
0.0587764
0.277311
0.252039
0.104124
0.0294592
0.108325
0.248785
0.014694
0.0275307
0.124861
0.277311
0.22425
0.0731351
0.0394357
0.179192
0.277311
0.0491708
0.018259
0.0690831
0.277311
0.277311
0.119882
0.026841
0.0896939
0.140207
0.0085084
0.02715
0.126894
0.277311
0.270135
0.098088
0.0291418
0.102055
0.23078
0.00344253
0.0232444
0.09449
0.270135
0.214478
0.0338326
0.00257532
0.207698
0.270135
0.014342
0.0219666
0.130858
0.270135
0.270135
0.142245
0.0263376
0.0664916
0.0938959
0.000772777
0.0270477
0.153914
0.270135
0.270135
0.0594858
0.0201214
0.178784
0.270135
0.0573494
0.0462544
0.227143
0.270135
0.181829
0.0399421
0.0102463
0.0961023
0.25438
0.108737
0.0388809
0.0792275
0.264502
0.212178
0.125434
0.0786825
0.165926
0.264502
0.20219
0.0555136
0.0825121
0.264502
0.194353
0.0385274
0.00709333
0.166588
0.264502
0.062619
0.0279724
0.196465
0.264502
0.190909
0.0359435
0.00554767
0.264502
0.264502
0.0810023
0.0272546
0.106347
0.264502
0.258422
0.143368
0.0857936
0.171607
0.290436
0.290436
0.0962932
0.103969
0.290436
0.1813
0.0394973
0.0032761
0.0633198
0.143538
0.0120182
0.0375204
0.0888439
0.290436
0.203121
0.0401294
0.00416653
0.290436
0.290436
0.120244
0.0369885
0.180881
0.290436
0.120931
0.0568522
0.0167814
0.0443178
0.14092
0.0177238
0.0217415
0.0594354
0.247164
0.25884
0.0688315
0.00255422
0.109891
0.263954
0.019478
0.0612637
0.141625
0.268114
0.254074
0.0433792
0.00338823
0.250157
0.268114
0.00673631
0.111459
0.150071
0.268114
0.173074
0.0990589
0.0157821
0.0666755
0.211023
0.0229479
0.0396418
0.0766656
0.268114
0.268114
0.0811177
0.0132524
0.207737
0.268114
0.0207311
0.0642262
0.0606153
0.268114
