0.0458386
0.124477
0.214352
0.185293
0.174817
0.0990987
0.143175
0.142525
0.0832109
0.100658
0.10073
0.217506
0.217506
0.217506
0.203967
0.153682
0.217506
0.168762
0.0721984
0.140839
0.178318
0.13562
0.191594
0.198801
0.217506
0.121792
0.102892
0.148473
0.217506
0.193904
0.147791
0.217506
0.216331
0.217506
0.102337
0.0768656
0.113218
0.0915831
0.215512
0.197787
0.215512
0.1774
0.121479
0.14437
0.139929
0.111867
0.129559
0.142814
0.19624
0.215512
0.215512
0.215512
0.156359
0.0895351
0.127487
0.215512
0.164972
0.129889
0.183585
0.145798
0.215512
0.0932703
0.0880311
0.0668102
0.215512
0.0895874
0.177665
0.215512
0.213116
0.191322
0.188045
0.145456
0.141306
0.146844
0.156015
0.203921
0.212521
0.191757
0.212521
0.14594
0.131604
0.119314
0.16829
0.183595
0.212521
0.186434
0.0504183
0.128828
0.140074
0.101374
0.085107
0.212521
0.0959077
0.187983
0.212521
0.212521
0.18533
0.176592
0.169449
0.0892359
0.112714
0.175947
0.212521
0.212521
0.130402
0.107687
0.200754
0.170952
0.117996
0.1773
0.18467
0.220773
0.20437
0.0767319
0.14115
0.211141
0.145149
0.103729
0.114589
0.149538
0.220773
0.220773
0.166577
0.153509
0.14964
0.140873
0.102038
0.136455
0.135777
0.220773
0.220773
0.220773
0.159079
0.220773
0.187215
0.0884315
0.169546
0.165241
0.17378
0.220773
0.115652
0.122445
0.143301
0.082388
0.0828419
0.0967605
0.117346
0.216553
0.216553
0.18666
0.162921
0.182014
0.125092
0.0437101
0.151195
0.173156
0.211193
0.216553
0.165518
0.216553
0.211238
0.216553
0.0812541
0.164429
0.105665
0.128741
0.216553
0.142659
0.147756
0.173847
0.119374
0.095862
0.17834
0.0965477
0.195688
0.216553
0.098858
0.157026
0.216553
0.205506
0.0587823
0.155115
0.165866
0.204597
0.221063
0.109146
0.129974
0.138825
0.139958
0.16519
0.221063
0.186931
0.18269
0.221063
0.165726
0.166174
0.221063
0.206115
0.0949631
0.185247
0.0978631
0.176224
0.206549
0.0738751
0.143905
0.163967
0.175175
0.0905753
0.122374
0.132407
0.102519
0.217423
0.161347
0.182631
0.221063
0.172297
0.198266
0.226499
0.221381
0.212986
0.226499
0.1432
0.185877
0.226499
0.226499
0.127534
0.181227
0.122415
0.148929
0.186979
0.0902706
0.0851737
0.125076
0.143683
0.108071
0.161931
0.174264
0.130865
0.226499
0.174276
0.226499
0.226499
0.166579
0.149116
0.226499
0.159386
0.0451184
0.0973622
0.052584
0.100442
0.0973106
0.0540878
0.0645948
0.148317
0.187987
0.141758
0.180825
0.182018
0.215792
0.134058
0.118236
0.167422
0.215792
0.209226
0.148516
0.215792
0.205966
0.215792
0.109964
0.0875924
0.0891918
0.0673822
0.116525
0.215792
0.215792
0.199975
0.163394
0.125546
0.210674
0.144448
0.153498
0.177947
0.162957
0.215792
0.186791
0.113893
0.130232
0.135006
0.148991
0.21274
0.199897
0.141993
0.21274
0.183489
0.21274
0.102453
0.0998909
0.105963
0.21274
0.0887895
0.160228
0.21274
0.21274
0.189385
0.188577
0.206214
0.153231
0.163574
0.149405
0.129069
0.200643
0.17034
0.134655
0.0960128
0.09427
0.0846569
0.194336
0.138373
0.169142
0.21274
0.170607
0.1444
0.118906
0.190996
0.109871
0.21475
0.0957839
0.175944
0.21475
0.21475
0.205607
0.180459
0.207394
0.146661
0.15321
0.150772
0.211869
0.21475
0.119863
0.12617
0.21475
0.192018
0.093298
0.201461
0.136716
0.185301
0.21475
0.183063
0.169752
0.119531
0.163438
0.0812509
0.0989081
0.0991728
0.136327
0.21475
0.13603
0.0762949
0.0989915
0.206846
0.142697
0.157573
0.115763
0.192514
0.216309
0.183333
0.148953
0.216309
0.176451
0.113037
0.216309
0.17789
0.168055
0.216309
0.146508
0.115783
0.13772
0.0870198
0.118036
0.113064
0.0918039
0.153613
0.216309
0.153963
0.0959013
0.133479
0.208675
0.216203
0.216309
0.135406
0.216309
0.155768
0.153341
0.216309
0.19848
0.0613733
0.104143
0.183133
0.119848
0.115773
0.217459
0.161712
0.136905
0.175696
0.136003
0.102922
0.153942
0.0666088
0.187301
0.217459
0.115471
0.161861
0.183652
0.191228
0.217459
0.217459
0.112587
0.179724
0.161946
0.204649
0.217459
0.20194
0.0730868
0.0868961
0.205463
0.126513
0.141438
0.217459
0.155527
0.217459
0.187537
0.120797
0.115933
0.184584
0.0868209
0.195719
0.22456
0.110279
0.180506
0.18564
0.223646
0.0928054
0.129202
0.161321
0.147551
0.22456
0.180156
0.204469
0.22456
0.22456
0.0998153
0.176121
0.110236
0.129779
0.22456
0.22456
0.22456
0.212875
0.138336
0.0961126
0.0496748
0.0924494
0.0817069
0.122398
0.151753
0.152027
0.146036
0.182376
0.11718
0.179247
0.209677
0.190512
0.227336
0.212065
0.227336
0.227336
0.227336
0.148491
0.227336
0.193445
0.083046
0.148558
0.0788181
0.116763
0.111356
0.0678792
0.115253
0.0654166
0.0971385
0.118344
0.17337
0.201232
0.169755
0.186784
0.19228
0.175506
0.227336
0.203005
0.227336
0.201145
0.0698323
0.059873
0.0305205
0.0880369
0.0998167
0.113205
0.142268
0.211545
0.211545
0.194539
0.180883
0.143345
0.211545
0.143988
0.127763
0.205955
0.17861
0.211545
0.170715
0.0791366
0.150729
0.155418
0.154155
0.1365
0.191315
0.173771
0.211545
0.193492
0.201159
0.119262
0.173476
0.0866324
0.067176
0.144856
0.107398
0.211545
0.132744
0.211545
0.211545
0.143639
0.169652
0.148396
0.18015
0.165697
0.218533
0.182022
0.114748
0.115632
0.119386
0.120717
0.192267
0.144489
0.173133
0.218533
0.21058
0.154796
0.105164
0.218533
0.108587
0.0929457
0.14382
0.134847
0.218533
0.118067
0.197695
0.200037
0.130622
0.0686722
0.218533
0.218533
0.193609
0.218533
0.165231
0.100308
0.218533
0.0509086
0.109147
0.180924
0.147498
0.195489
0.216088
0.216088
0.186336
0.097043
0.179789
0.0917827
0.11123
0.136861
0.147259
0.216088
0.120457
0.0946996
0.104823
0.216088
0.0885788
0.216088
0.216088
0.18124
0.209132
0.132206
0.147753
0.183805
0.0993761
0.0899577
0.144507
0.140972
0.107683
0.213751
0.171647
0.216088
0.216088
0.216088
0.0970552
0.103572
0.137109
0.159705
0.205902
0.110819
0.101734
0.117613
0.177032
0.210174
0.220027
0.172112
0.220027
0.159136
0.169339
0.220027
0.150585
0.057848
0.0953554
0.12923
0.134211
0.125192
0.181123
0.11809
0.220027
0.206003
0.220027
0.135397
0.220027
0.220027
0.220027
0.220027
0.111909
0.118465
0.180903
0.0976872
0.188595
0.212246
0.138167
0.163657
0.130554
0.17064
0.212246
0.161992
0.0781356
0.0918953
0.201192
0.139365
0.119869
0.172694
0.114837
0.212246
0.16246
0.135897
0.120779
0.203926
0.212246
0.186526
0.212246
0.111904
0.179349
0.170271
0.0685582
0.065065
0.153643
0.212246
0.189052
0.212246
0.156259
0.212246
0.20763
0.0928685
0.0964688
0.177545
0.138352
0.122738
0.171859
0.187149
0.219943
0.218934
0.173045
0.077926
0.0578818
0.0890094
0.121134
0.11706
0.175281
0.150244
0.139925
0.191071
0.0852216
0.170058
0.219773
0.175523
0.219943
0.204141
0.219943
0.219943
0.107497
0.123499
0.136046
0.144365
0.203313
0.219943
0.131738
0.18734
0.142352
0.219943
0.0873372
0.0777594
0.0995598
0.161353
0.160579
0.21339
0.152596
0.159689
0.190203
0.143044
0.220902
0.161058
0.220902
0.189545
0.0790986
0.0683708
0.0475482
0.11152
0.133434
0.205836
0.175844
0.220902
0.220902
0.161648
0.176447
0.117825
0.171135
0.220902
0.193054
0.142484
0.220902
0.220902
0.220902
0.0872918
0.0650711
0.186554
0.147294
0.184726
0.199417
0.16859
0.217882
0.19079
0.175008
0.146142
0.173287
0.0829162
0.075462
0.157578
0.100979
0.217882
0.126498
0.19165
0.170335
0.136323
0.0817695
0.182002
0.192688
0.198623
0.217882
0.143222
0.122411
0.155749
0.217882
0.0369065
0.103794
0.217882
0.189276
0.217882
0.17417
0.13928
0.18106
0.134878
0.11247
0.097613
0.153237
0.126635
0.219383
0.107892
0.173983
0.17528
0.13231
0.0580576
0.204338
0.212995
0.219383
0.219383
0.17418
0.135412
0.172569
0.060073
0.0431391
0.0839714
0.214538
0.188424
0.219383
0.173627
0.131859
0.200164
0.181835
0.0152204
0.0759341
0.200495
0.219383
0.219383
0.149885
0.190973
0.219383
0.149899
0.0837489
0.221653
0.221653
0.221653
0.221653
0.15594
0.184266
0.188842
0.113318
0.0887301
0.13192
0.162601
0.127146
0.192455
0.164412
0.221653
0.221653
0.221653
0.0220771
0.0899343
0.185042
0.221653
0.221653
0.125902
0.203864
0.221653
0.216632
0.0426337
0.0875894
0.0827358
0.0949326
0.148495
0.132559
0.167514
0.100753
0.11234
0.0940769
0.119896
0.172602
0.150219
0.175214
0.112815
0.209336
0.201476
0.229872
0.207656
0.229872
0.229872
0.229872
0.229872
0.177854
0.0998752
0.163728
0.135112
0.0524534
0.0842585
0.0627432
0.0863712
0.131096
0.0837119
0.144836
0.111964
0.13755
0.229872
0.217938
0.229872
0.200106
0.229872
0.171209
0.102049
0.0976408
0.0968588
0.153512
0.211459
0.211459
0.178763
0.211459
0.129696
0.156731
0.152412
0.106362
0.101192
0.211459
0.211459
0.182949
0.211459
0.150868
0.211459
0.211459
0.120056
0.167243
0.153969
0.158584
0.139083
0.211459
0.122797
0.0847685
0.101609
0.121774
0.156901
0.196039
0.179825
0.192948
0.211459
0.159869
0.124767
0.0947887
0.119175
0.103122
0.213509
0.213509
0.162483
0.211625
0.172696
0.213509
0.213509
0.137353
0.0965171
0.156388
0.135281
0.213509
0.213509
0.179263
0.175723
0.150598
0.213509
0.167943
0.182555
0.135499
0.184509
0.213509
0.171184
0.139919
0.105664
0.147584
0.0983285
0.123987
0.15353
0.162401
0.160806
0.117304
0.208943
0.0937488
0.0649742
0.0860124
0.187153
0.137217
0.224783
0.224783
0.175367
0.153848
0.119172
0.143639
0.156489
0.151361
0.126232
0.183722
0.224783
0.149662
0.0863209
0.11485
0.191704
0.11279
0.150989
0.152566
0.147339
0.176356
0.146443
0.184971
0.110099
0.09739
0.167555
0.16941
0.0902627
0.182252
0.224783
0.224783
0.178636
0.224783
0.224783
0.0930647
0.218839
0.205529
0.223898
0.223898
0.134377
0.107806
0.193579
0.223898
0.0724795
0.154451
0.223898
0.181231
0.223898
0.195353
0.176868
0.110656
0.169502
0.0808317
0.119256
0.0989218
0.125252
0.19647
0.0956138
0.0924167
0.223898
0.0974241
0.153233
0.12662
0.113032
0.161643
0.223898
0.192751
0.129053
0.128096
0.223898
0.0852441
0.12559
0.202979
0.167377
0.217226
0.186189
0.150964
0.150699
0.217226
0.0416646
0.082974
0.154068
0.217226
0.217226
0.174242
0.217226
0.217226
0.182157
0.154965
0.135353
0.119842
0.198776
0.217226
0.179083
0.107297
0.131916
0.217226
0.0673057
0.0847343
0.151559
0.213864
0.143333
0.140168
0.125555
0.20993
0.128632
0.0548727
0.0962814
0.165595
0.231649
0.231649
0.165495
0.231649
0.231649
0.231649
0.0540379
0.0907902
0.0738062
0.0906614
0.133638
0.11602
0.154306
0.127474
0.119278
0.0915458
0.12316
0.164411
0.231649
0.231649
0.177365
0.158366
0.231649
0.182782
0.0959615
0.195039
0.0567083
0.0496089
0.145853
0.231649
0.231649
0.205518
0.169987
0.0577979
0.0741072
0.0562148
0.0681502
0.103242
0.0707333
0.116052
0.125935
0.137834
0.22621
0.22621
0.22621
0.171462
0.22621
0.206958
0.131235
0.123515
0.129638
0.0684103
0.177305
0.0683743
0.0574841
0.205011
0.211927
0.22621
0.179356
0.116446
0.0863841
0.22621
0.217145
0.22621
0.22621
0.22621
0.22621
0.22621
0.0599684
0.183241
0.195676
0.156933
0.121505
0.216935
0.14837
0.0835486
0.101332
0.141461
0.160843
0.216935
0.193206
0.181153
0.216935
0.164361
0.143444
0.119948
0.120814
0.0511019
0.20389
0.177345
0.216935
0.216935
0.137143
0.133296
0.164124
0.0515095
0.069656
0.19094
0.216935
0.216935
0.216935
0.136138
0.171944
0.213157
0.0612313
0.189733
0.216272
0.150528
0.19613
0.216272
0.194487
0.157833
0.137087
0.162942
0.103371
0.154445
0.155857
0.178557
0.195123
0.129119
0.191931
0.0912115
0.10736
0.0665358
0.202692
0.216272
0.216272
0.216272
0.183753
0.18773
0.184613
0.0875412
0.0970494
0.156955
0.173416
0.203398
0.192871
0.150854
0.0888634
0.106399
0.133615
0.120955
0.158728
0.137978
0.176646
0.214739
0.164487
0.17508
0.108682
0.122621
0.148252
0.190906
0.117062
0.204649
0.221719
0.221719
0.192787
0.221719
0.221719
0.0928607
0.153876
0.166739
0.19647
0.171248
0.175122
0.108242
0.0799106
0.123538
0.0764929
0.221719
0.153302
0.122625
0.221719
0.184978
0.0938251
0.109365
0.204209
0.0805163
0.124188
0.111655
0.1381
0.198888
0.111048
0.0981251
0.215829
0.143995
0.164259
0.166417
0.126336
0.16627
0.215829
0.215829
0.161816
0.105054
0.215829
0.0798314
0.167184
0.0661254
0.196869
0.195154
0.196949
0.155312
0.215829
0.141431
0.13033
0.215829
0.129756
0.215829
0.18173
0.174106
0.147071
0.197233
0.215829
0.164015
0.16096
0.138576
0.184043
0.210387
0.210387
0.127475
0.109953
0.210387
0.121887
0.137511
0.145874
0.187812
0.105281
0.166604
0.137
0.210387
0.157537
0.165639
0.202143
0.105009
0.208813
0.170235
0.141016
0.133481
0.203839
0.210387
0.185606
0.141188
0.111572
0.134467
0.207988
0.130887
0.194469
0.210387
0.114763
0.134901
0.140372
0.144552
0.199397
0.182917
0.189077
0.14656
0.220457
0.20087
0.0982649
0.162661
0.0403044
0.0451987
0.140543
0.220282
0.220457
0.220457
0.15176
0.17904
0.139508
0.113711
0.144697
0.220457
0.136944
0.160144
0.220457
0.165683
0.126607
0.220457
0.0778424
0.220457
0.220457
0.113924
0.103499
0.134526
0.171438
0.0723455
0.140267
0.0627478
0.0507555
0.195737
0.183087
0.207591
0.203666
0.127316
0.0919412
0.216954
0.216954
0.216954
0.216954
0.169288
0.216954
0.216954
0.126179
0.0781639
0.165735
0.0853078
0.194988
0.216954
0.141356
0.0611068
0.108496
0.164878
0.191268
0.125118
0.172751
0.199081
0.216954
0.118061
0.12136
0.208315
0.176222
0.0683726
0.218473
0.226106
0.226106
0.226106
0.155504
0.128618
0.184169
0.106906
0.0669286
0.226106
0.226106
0.226106
0.226106
0.163839
0.206825
0.226106
0.0601229
0.12911
0.0864295
0.133012
0.156807
0.19519
0.133956
0.111346
0.206531
0.16357
0.116197
0.0922162
0.136013
0.174024
0.226106
0.100923
0.0907829
0.156901
0.0747545
0.0782567
0.229433
0.229433
0.229433
0.229433
0.229433
0.225189
0.229433
0.0899811
0.115073
0.178235
0.1701
0.216218
0.207164
0.160594
0.0854265
0.132763
0.186719
0.126348
0.123458
0.110085
0.192622
0.229433
0.118567
0.131483
0.19539
0.0980479
0.0813859
0.112429
0.126547
0.184697
0.144378
0.116161
0.104354
0.13034
0.161959
0.127116
0.190052
0.163038
0.215481
0.215328
0.203708
0.115146
0.0944516
0.175136
0.0864686
0.215481
0.179055
0.173898
0.215481
0.199008
0.0909968
0.112258
0.215481
0.0977829
0.150295
0.125064
0.188496
0.154376
0.120047
0.155088
0.134994
0.159517
0.0521541
0.215481
0.197194
0.215481
0.215481
0.115335
0.173545
0.143181
0.174139
0.0588622
0.1245
0.073241
0.188431
0.213829
0.178117
0.148127
0.221246
0.121053
0.0774728
0.151982
0.128702
0.181499
0.175935
0.188567
0.140189
0.177146
0.148335
0.2401
0.2401
0.21204
0.181966
0.2401
0.0963672
0.148111
0.154336
0.0816403
0.0543352
0.192159
0.136041
0.0930589
0.132037
0.0966114
0.2401
0.2401
0.192829
0.125977
0.161072
0.123099
0.17962
0.201189
0.185846
0.1561
0.237754
0.192347
0.155221
0.151433
0.167706
0.153559
0.174812
0.135817
0.184668
0.220568
0.104721
0.0560463
0.140436
0.0864299
0.0914918
0.173434
0.104166
0.242149
0.242149
0.242149
0.0927472
0.123861
0.107875
0.129316
0.21186
0.118633
0.228951
0.208438
0.117203
0.148352
0.137113
0.154845
0.148513
0.233695
0.137939
0.142881
0.213557
0.130656
0.114293
0.193695
0.102448
0.234007
0.234007
0.119275
0.10178
0.132087
0.134363
0.0998408
0.137632
0.102623
0.129181
0.234007
0.142833
0.171608
0.176885
0.112107
0.120938
0.234007
0.174369
0.234007
0.234007
0.234007
0.138332
0.160358
0.110589
0.0674254
0.118987
0.092843
0.159404
0.224606
0.138722
0.051673
0.0975302
0.124965
0.178108
0.0995118
0.173621
0.175547
0.199764
0.0953587
0.107395
0.14892
0.197175
0.0978814
0.14466
0.166335
0.204015
0.224606
0.224606
0.129611
0.186612
0.123234
0.146675
0.224606
0.224606
0.201981
0.224606
0.1678
0.184651
0.224606
0.178176
0.143897
0.0813128
0.167065
0.176636
0.215639
0.142311
0.129195
0.203532
0.205556
0.100153
0.129147
0.175729
0.189095
0.218467
0.106327
0.116079
0.167254
0.0760858
0.119572
0.168912
0.218467
0.180937
0.218467
0.1787
0.218467
0.218467
0.189727
0.150109
0.206802
0.160099
0.133526
0.218467
0.163746
0.100903
0.0889706
0.105
0.107283
0.163974
0.144461
0.214736
0.214736
0.135239
0.1812
0.214736
0.0930268
0.0978217
0.156612
0.115611
0.181947
0.134824
0.118659
0.116515
0.169291
0.199442
0.130466
0.190304
0.166468
0.14219
0.214736
0.176014
0.164051
0.172613
0.214736
0.182775
0.214736
0.136843
0.163984
0.195544
0.0635609
0.0946222
0.214736
0.210304
0.104835
0.176883
0.114253
0.173707
0.131099
0.118383
0.152032
0.155475
0.168697
0.0724888
0.202853
0.205296
0.217896
0.217896
0.131088
0.158255
0.115614
0.151213
0.157912
0.217896
0.150742
0.151946
0.216315
0.0688695
0.124547
0.217896
0.217896
0.120899
0.145434
0.217896
0.174919
0.217896
0.169352
0.114109
0.200619
0.148591
0.177935
0.239069
0.159781
0.178053
0.239069
0.0949469
0.131589
0.12124
0.0521428
0.0408829
0.129817
0.147973
0.0934721
0.141541
0.12663
0.239069
0.239069
0.120151
0.162838
0.239069
0.193608
0.112521
0.22535
0.023781
0.0597241
0.177795
0.088125
0.163759
0.239069
0.211368
0.118971
0.189107
0.0590883
0.21641
0.239069
0.157897
0.0358911
0.098907
0.112708
0.0937632
0.186587
0.135392
0.237312
0.237312
0.176919
0.0466495
0.093321
0.146085
0.128702
0.149675
0.141137
0.193838
0.156926
0.0909134
0.137268
0.219664
0.179798
0.134535
0.218178
0.0904286
0.224524
0.237312
0.229478
0.08495
0.145461
0.107526
0.160593
0.18436
0.196021
0.237312
0.237312
0.159106
0.0624298
0.108985
0.143332
0.137184
0.215051
0.161082
0.161592
0.145888
0.0966783
0.0953691
0.214459
0.190653
0.215051
0.215051
0.215051
0.160543
0.153931
0.0978477
0.0800407
0.142792
0.117042
0.169548
0.199257
0.199311
0.215051
0.215051
0.197874
0.0832123
0.139452
0.101306
0.168678
0.215051
0.198612
0.182279
0.179094
0.174088
0.0821094
0.132141
0.15992
0.152283
0.210566
0.210566
0.141818
0.180661
0.101624
0.168545
0.210566
0.20533
0.183462
0.210566
0.135599
0.17476
0.192664
0.146682
0.0873718
0.13587
0.107314
0.162878
0.210566
0.14132
0.139978
0.114708
0.170277
0.125701
0.204184
0.193715
0.210566
0.210566
0.144281
0.161181
0.142955
0.183548
0.114627
0.148324
0.205364
0.139114
0.205364
0.144745
0.205364
0.205364
0.143811
0.111344
0.186137
0.155659
0.123015
0.194457
0.111942
0.115447
0.0892881
0.105366
0.137544
0.201471
0.203423
0.196666
0.205364
0.187964
0.145637
0.128887
0.166637
0.176648
0.205364
0.187673
0.129359
0.149052
0.177698
0.205364
0.158432
0.19225
0.0845353
0.162654
0.173027
0.123809
0.201469
0.13125
0.169214
0.163396
0.180207
0.143438
0.211074
0.10189
0.13044
0.150997
0.0496538
0.0808748
0.202678
0.170166
0.211074
0.211074
0.211074
0.118666
0.181978
0.211074
0.211074
0.186273
0.164158
0.100522
0.211074
0.193332
0.109807
0.177355
0.0837426
0.137965
0.208314
0.211074
0.133516
0.214227
0.131146
0.131595
0.17707
0.0750396
0.116467
0.214227
0.214227
0.119963
0.182093
0.21299
0.115536
0.214227
0.151164
0.116279
0.13148
0.112457
0.117216
0.214227
0.214227
0.11981
0.197982
0.106132
0.138129
0.214227
0.214227
0.127903
0.214227
0.206069
0.209292
0.214227
0.130822
0.122799
0.115516
0.140741
0.144723
0.22639
0.178801
0.123807
0.22639
0.0230511
0.0453922
0.138533
0.103028
0.181996
0.22639
0.214076
0.134881
0.164584
0.0824327
0.223607
0.22639
0.17763
0.148992
0.22639
0.167068
0.136499
0.22639
0.0755334
0.0977573
0.0808963
0.093865
0.22639
0.22639
0.13595
0.131601
0.149613
0.0684173
0.109676
0.22639
0.22639
0.148944
0.192137
0.187933
0.140704
0.181291
0.108367
0.208707
0.2201
0.2201
0.0817221
0.122702
0.117302
0.155881
0.132049
0.213128
0.2201
0.2201
0.143367
0.166266
0.191141
0.189952
0.167177
0.205149
0.0733317
0.110828
0.2201
0.2201
0.1497
0.145205
0.0479321
0.104147
0.210626
0.0791765
0.0713418
0.122396
0.2201
0.087137
0.142222
0.130566
0.169861
0.171828
0.221729
0.222282
0.222282
0.197416
0.0879491
0.144111
0.101978
0.148488
0.196804
0.114177
0.222282
0.212963
0.183503
0.140897
0.152282
0.0433563
0.151697
0.222282
0.10735
0.102647
0.174727
0.222282
0.139191
0.0974357
0.124782
0.185898
0.222282
0.115084
0.0939931
0.222282
0.222282
0.0893746
0.150899
0.105643
0.132204
0.185484
0.0954665
0.16463
0.142994
0.164843
0.16671
0.207691
0.202304
0.221948
0.195082
0.133671
0.164634
0.147721
0.188423
0.0908684
0.0908034
0.112853
0.144934
0.221948
0.117736
0.095426
0.215331
0.221948
0.133849
0.221948
0.221948
0.221948
0.221948
0.0840719
0.103092
0.144483
0.221948
0.139936
0.190373
0.196242
0.197685
0.18401
0.164491
0.120181
0.116335
0.153163
0.125152
0.178828
0.184569
0.135425
0.147055
0.134899
0.207937
0.144295
0.16312
0.103433
0.209328
0.209328
0.209328
0.209328
0.114852
0.0957816
0.136209
0.209328
0.165227
0.209328
0.209328
0.209328
0.192399
0.0720583
0.12173
0.164489
0.100739
0.143017
0.21037
0.21037
0.126887
0.192679
0.179276
0.190496
0.174154
0.14733
0.0975176
0.181755
0.12126
0.0907077
0.152811
0.074974
0.106554
0.198509
0.18228
0.149172
0.173343
0.21037
0.21037
0.21037
0.133471
0.186387
0.21037
0.116274
0.207998
0.175919
0.130934
0.0968209
0.120427
0.120944
0.158572
0.21037
0.21037
0.119962
0.212182
0.147782
0.106438
0.188507
0.0986784
0.120908
0.219322
0.208131
0.159448
0.219322
0.190848
0.136952
0.219322
0.0993456
0.126059
0.101431
0.144248
0.166328
0.19624
0.13395
0.113587
0.170957
0.158831
0.219322
0.219322
0.219322
0.219322
0.17375
0.0982388
0.12258
0.219322
0.117295
0.0535991
0.153637
0.188038
0.146999
0.253274
0.154393
0.117147
0.253274
0.0583653
0.0862749
0.0731557
0.102083
0.234914
0.206762
0.0929365
0.127927
0.141145
0.069776
0.105965
0.253274
0.253274
0.0338901
0.102062
0.209034
0.253274
0.253274
0.0851049
0.0240041
0.0107434
0.0105304
0.117907
0.158413
0.138262
0.219108
0.253274
0.253274
0.253274
0.0857107
0.0339222
0.182184
0.205698
0.140698
0.160947
0.191003
0.0843848
0.110691
0.240332
0.240332
0.161479
0.130295
0.0432709
0.114985
0.18702
0.0926056
0.070464
0.143886
0.224944
0.119297
0.141824
0.189808
0.240332
0.240332
0.240332
0.240332
0.100259
0.0782103
0.108352
0.0889953
0.102179
0.111886
0.19125
0.130946
0.197286
0.137305
0.240332
0.16298
0.149341
0.0452547
0.163164
0.226772
0.119309
0.101138
0.195932
0.226772
0.117973
0.0936667
0.112868
0.194682
0.226772
0.10787
0.0964163
0.226772
0.223039
0.161181
0.0994624
0.166389
0.139655
0.226772
0.112284
0.117758
0.159187
0.226772
0.0672823
0.0666423
0.167519
0.155672
0.226772
0.163085
0.188182
0.226772
0.214587
0.0781795
0.0992892
0.12308
0.157547
0.225249
0.111756
0.100082
0.212821
0.182842
0.142242
0.225249
0.225249
0.225249
0.225249
0.11041
0.125826
0.175694
0.225249
0.0778892
0.0913493
0.16277
0.135793
0.225249
0.149705
0.137192
0.204262
0.166163
0.0629446
0.164055
0.194677
0.225249
0.225249
0.134935
0.0633298
0.112476
0.18307
0.11866
0.219122
0.219122
0.219122
0.219122
0.150276
0.116624
0.16334
0.219122
0.138742
0.202605
0.219122
0.219122
0.219122
0.0940649
0.142302
0.139629
0.0890623
0.0744801
0.185539
0.180776
0.219122
0.219122
0.171274
0.0857262
0.1141
0.190805
0.103501
0.178425
0.118588
0.197075
0.164948
0.157657
0.1155
0.0608968
0.0525791
0.130927
0.167505
0.217414
0.217414
0.217414
0.161438
0.196948
0.183714
0.104697
0.215301
0.191849
0.120518
0.108862
0.163182
0.13671
0.165015
0.217414
0.209797
0.0975087
0.193589
0.125856
0.171043
0.155973
0.204897
0.165201
0.114007
0.0968001
0.101118
0.217414
0.139599
0.158239
0.17174
0.0931726
0.10682
0.152107
0.217414
0.160992
0.182459
0.112955
0.130754
0.195524
0.173457
0.216873
0.216873
0.216873
0.216873
0.164872
0.113377
0.130307
0.216873
0.134532
0.0707146
0.1735
0.182034
0.103948
0.177009
0.11423
0.157687
0.186409
0.109893
0.125047
0.216873
0.216873
0.155407
0.136293
0.123249
0.148711
0.193573
0.174382
0.160486
0.192164
0.130075
0.0428261
0.139754
0.234849
0.266366
0.266366
0.104733
0.0279794
0.0183131
0.00898371
0.171169
0.241112
0.168683
0.266366
0.266366
0.266366
0.266366
0.0866742
0.0521408
0.0491501
0.149534
0.185257
0.122725
0.0989489
0.0292121
0.0206208
0.0033911
0.00217954
0.0438882
0.173327
0.261991
0.200972
0.174325
0.171524
0.219835
0.15527
0.0316433
0.12156
0.165123
0.158081
0.233641
0.233641
0.233641
0.233641
0.0860619
0.0594707
0.0948374
0.0691791
0.0800884
0.136131
0.18613
0.163835
0.230466
0.181324
0.225922
0.0403314
0.196953
0.233641
0.139918
0.139471
0.12623
0.169301
0.0821635
0.0240358
0.0889074
0.200758
0.229617
0.0960019
0.187044
0.233641
0.233641
0.150808
0.0584217
0.125875
0.0694907
0.117353
0.13926
0.207143
0.13854
0.217325
0.189385
0.212427
0.0522216
0.0627304
0.111029
0.129644
0.230929
0.137794
0.149101
0.230929
0.189489
0.0961674
0.230929
0.230929
0.0777965
0.163875
0.230929
0.230929
0.178109
0.113334
0.0540504
0.0911591
0.0538165
0.0694651
0.149745
0.186719
0.230929
0.230929
0.230929
0.0754008
0.0983196
0.141075
0.150254
0.223642
0.154993
0.144607
0.210834
0.155751
0.0698375
0.166908
0.202396
0.223642
0.223642
0.166527
0.082685
0.134107
0.191655
0.0621623
0.120546
0.0635895
0.0796875
0.158471
0.18224
0.223642
0.223642
0.223642
0.0606443
0.214867
0.16113
0.168852
0.223642
0.217047
0.223642
0.140766
0.0840172
0.0831985
0.197775
0.216628
0.216628
0.216628
0.216628
0.102554
0.13199
0.197915
0.0933791
0.182132
0.140406
0.216628
0.214699
0.203328
0.133618
0.0947801
0.0478896
0.0586151
0.198843
0.181335
0.176911
0.216628
0.216628
0.216628
0.140067
0.0796275
0.132386
0.216628
0.212794
0.12486
0.190075
0.116871
0.0809719
0.132049
0.0322479
0.0889036
0.199101
0.162691
0.215911
0.17672
0.215911
0.161672
0.106595
0.0674137
0.103637
0.215911
0.145894
0.174028
0.201294
0.108506
0.15817
0.174321
0.162422
0.128751
0.215911
0.215911
0.109383
0.170128
0.144008
0.141843
0.153388
0.0554425
0.136914
0.215911
0.215911
0.1383
0.191633
0.14154
0.131104
0.215911
0.215911
0.102493
0.148143
0.127679
0.189645
0.190911
0.13121
0.171288
0.211004
0.1971
0.161177
0.152354
0.165775
0.175762
0.191746
0.184313
0.179175
0.211004
0.130986
0.128995
0.211004
0.211004
0.115278
0.211004
0.150203
0.166966
0.211004
0.211004
0.0949414
0.152084
0.141663
0.146334
0.211004
0.0704797
0.131519
0.128162
0.130401
0.118626
0.284962
0.284962
0.161055
0.143483
0.0377244
0.0390599
0.0194698
0.00621437
0.124921
0.284962
0.284962
0.284962
0.284962
0.284962
0.240847
0.284962
0.0631497
0.103208
0.211939
0.123427
0.100618
0.109874
0.0770699
0.0611062
0.0421628
0.0190257
0.052905
0.0889678
0.0988168
0.142194
0.147714
0.109844
0.131856
0.0999021
0.0452147
0.0495569
0.221913
0.248476
0.179539
0.130812
0.0989654
0.159901
0.0842202
0.0250518
0.0929734
0.210449
0.248476
0.149821
0.236683
0.248476
0.248476
0.191875
0.0723582
0.0286291
0.0329149
0.0310297
0.0730809
0.104159
0.0428303
0.0620577
0.0842672
0.0753728
0.196453
0.248476
0.152702
0.248476
0.248476
0.0579562
0.154793
0.248476
0.248476
0.0719799
0.160547
0.19204
0.0753083
0.151783
0.231644
0.232017
0.161293
0.0864527
0.0514556
0.0789304
0.0366241
0.0629106
0.123294
0.141454
0.162423
0.232017
0.232017
0.181615
0.183007
0.0924702
0.156998
0.232017
0.037816
0.138946
0.232017
0.232017
0.206682
0.175219
0.0559549
0.185193
0.16014
0.0498489
0.224712
0.232017
0.232017
0.0711727
0.109308
0.0514799
0.0857472
0.172002
0.166529
0.239074
0.23939
0.23939
0.0591062
0.161286
0.133838
0.163076
0.23939
0.198671
0.180568
0.130107
0.0951711
0.23939
0.19075
0.0753715
0.164115
0.217337
0.071622
0.23939
0.23939
0.23939
0.0320451
0.100776
0.118914
0.172156
0.230984
0.13034
0.158329
0.095595
0.0664033
0.0671977
0.207791
0.197669
0.219148
0.220829
0.220829
0.220829
0.145761
0.0990267
0.137048
0.220829
0.220829
0.154089
0.220829
0.123723
0.0778663
0.208434
0.0530847
0.0578245
0.112748
0.15306
0.21388
0.220829
0.193516
0.189043
0.111105
0.0877403
0.161446
0.20161
0.0887236
0.220829
0.220829
0.112816
0.0496839
0.100554
0.082233
0.119106
0.21417
0.21417
0.128907
0.175129
0.139318
0.124167
0.168442
0.0703127
0.137322
0.21417
0.21417
0.144218
0.20306
0.143805
0.19591
0.21417
0.207901
0.165496
0.164416
0.0778171
0.195655
0.183109
0.083032
0.0913648
0.126039
0.196766
0.14184
0.21417
0.148751
0.179738
0.183962
0.138335
0.138456
0.131522
0.21417
0.128599
0.197841
0.189897
0.141807
0.212122
0.161062
0.223071
0.223071
0.223071
0.148389
0.166225
0.144917
0.137837
0.223071
0.0676669
0.138265
0.144091
0.170023
0.149058
0.20194
0.146911
0.164305
0.167613
0.129842
0.198851
0.194845
0.223071
0.107267
0.195648
0.160674
0.138407
0.188701
0.0978828
0.122319
0.110255
0.06552
0.173282
0.221073
0.221073
0.182219
0.221073
0.0905639
0.113913
0.105535
0.0374448
0.110632
0.160814
0.0842365
0.201593
0.221073
0.221073
0.221073
0.142094
0.0645668
0.136333
0.221073
0.20515
0.160285
0.213285
0.143399
0.221073
0.221073
0.0565735
0.125747
0.174327
0.117746
0.198305
0.221073
0.129438
0.109621
0.102094
0.0996012
0.0593313
0.0270324
0.0141141
0.0627622
0.12822
0.047739
0.0705707
0.0659564
0.0906739
0.26553
0.269549
0.178034
0.269549
0.269549
0.0580978
0.136624
0.222102
0.269549
0.106126
0.0819611
0.033649
0.0615009
0.139702
0.0312998
0.0658177
0.112908
0.17004
0.269549
0.269549
0.0462112
0.144338
0.269549
0.00956594
0.124145
0.269549
0.269549
0.19459
0.163271
0.0916304
0.133805
0.228988
0.0289621
0.0968733
0.175804
0.228988
0.171119
0.156615
0.0620661
0.11991
0.153556
0.0537758
0.189638
0.228988
0.228988
0.228988
0.228988
0.0685466
0.0820735
0.228988
0.00672541
0.0925407
0.227084
0.228988
0.141492
0.228988
0.134791
0.0981295
0.134063
0.111393
0.164514
0.228988
0.179843
0.232199
0.173478
0.0929221
0.117327
0.202942
0.0730246
0.220418
0.232199
0.232199
0.0454859
0.0839426
0.100324
0.129078
0.173893
0.106655
0.132555
0.0968051
0.0868012
0.154413
0.232199
0.215829
0.120389
0.160777
0.133911
0.222233
0.232199
0.143048
0.144295
0.0787554
0.126772
0.183468
0.232199
0.143367
0.232199
0.220753
0.135888
0.0690864
0.118109
0.142378
0.173745
0.226075
0.167451
0.14725
0.112731
0.102388
0.119192
0.132071
0.0743969
0.176968
0.226075
0.159456
0.0628587
0.0780555
0.114158
0.163881
0.134872
0.164892
0.208668
0.226075
0.216053
0.226075
0.226075
0.166267
0.118291
0.146562
0.221782
0.217749
0.215927
0.176379
0.185086
0.146186
0.172662
0.135169
0.135772
0.0770654
0.184965
0.210891
0.117182
0.0911469
0.103325
0.197592
0.141409
0.185545
0.118143
0.161063
0.179965
0.143704
0.158767
0.136787
0.21169
0.136285
0.126947
0.183413
0.155885
0.152677
0.128562
0.21089
0.21169
0.21169
0.21169
0.169774
0.135534
0.150205
0.21169
0.21169
0.139791
0.204421
0.196798
0.156643
0.171277
0.142161
0.180249
0.174804
0.143955
0.22076
0.19483
0.222055
0.123884
0.193366
0.159507
0.146963
0.185889
0.12061
0.121937
0.103075
0.0890145
0.222055
0.143756
0.13866
0.165103
0.222055
0.153302
0.157617
0.222055
0.222055
0.129773
0.15558
0.149689
0.222055
0.222055
0.103084
0.116473
0.127121
0.0932683
0.118503
0.2027
0.187705
0.160728
0.209983
0.102916
0.248443
0.192807
0.0452186
0.126668
0.167488
0.105441
0.17818
0.286041
0.136443
0.107503
0.0674766
0.077563
0.108253
0.169045
0.155215
0.137939
0.18789
0.0652714
0.0469898
0.0694043
0.0819118
0.286041
0.286041
0.140917
0.122582
0.280675
0.0508805
0.0844911
0.114417
0.286041
0.126788
0.0817651
0.0339396
0.0564909
0.153857
0.0372882
0.0812467
0.10234
0.182895
0.269626
0.269626
0.0484733
0.142532
0.269626
0.0069552
0.11297
0.244741
0.269626
0.130978
0.106254
0.0426413
0.0366835
0.0917193
0.0101714
0.0824324
0.245285
0.236653
0.247467
0.23155
0.0537866
0.0819361
0.256351
0.0034348
0.124819
0.269626
0.26379
0.249494
0.249494
0.0872493
0.0984707
0.249494
0.00502729
0.106915
0.217526
0.249494
0.192696
0.249494
0.180622
0.116679
0.168427
0.127693
0.220056
0.249494
0.182174
0.147955
0.14822
0.0454335
0.061593
0.167307
0.00187445
0.124264
0.249494
0.238986
0.170733
0.167275
0.139348
0.14716
0.167404
0.0104045
0.0226952
0.0295896
0.0231728
0.155234
0.227058
0.227058
0.135846
0.17117
0.125902
0.227058
0.227058
0.118145
0.157862
0.0870184
0.133327
0.182689
0.227058
0.16359
0.227058
0.227058
0.168431
0.149718
0.227058
0.135633
0.129887
0.142419
0.0240131
0.0610957
0.0386527
0.0157215
0.112894
0.218494
0.0939809
0.194626
0.227058
0.227058
0.201728
0.069815
0.0850341
0.129737
0.112192
0.149992
0.173844
0.233752
0.175551
0.233752
0.233752
0.152877
0.0836339
0.10174
0.182412
0.153463
0.185713
0.232274
0.184571
0.1026
0.168561
0.117037
0.233752
0.100611
0.154865
0.233752
0.233752
0.233752
0.0922189
0.0873756
0.0286974
0.0520026
0.160634
0.15985
0.233752
0.233752
0.110392
0.0290748
0.0666107
0.0985151
0.106977
0.174569
0.129542
0.168676
0.178721
0.217202
0.175471
0.187439
0.191425
0.120764
0.14649
0.139036
0.263959
0.176021
0.10666
0.171935
0.147264
0.0335852
0.0517568
0.173919
0.17464
0.268204
0.268204
0.183725
0.0566132
0.0723337
0.0485415
0.0454726
0.0970102
0.160663
0.268204
0.268204
0.250872
0.0461638
0.0600615
0.179492
0.105614
0.143431
0.137667
0.245871
0.102226
0.102983
0.199155
0.151391
0.137632
0.133953
0.129914
0.156184
0.147711
0.138968
0.101435
0.139172
0.108248
0.0582249
0.066608
0.0796801
0.172453
0.252556
0.252556
0.252556
0.067767
0.0652703
0.172297
0.236731
0.211833
0.125766
0.252556
0.252556
0.213171
0.158495
0.153878
0.0716985
0.105903
0.0992454
0.0984647
0.123798
0.0454616
0.0305772
0.0399606
0.0434606
0.363911
0.283508
0.0880014
0.104134
0.274625
0.0356124
0.0589657
0.0564332
0.363911
0.0590107
0.111728
0.0901873
0.0729574
0.0770214
0.0268037
0.0303214
0.117245
0.136359
0.363911
0.299028
0.0535261
0.0504778
0.253881
0.0138979
0.00324781
0.0377492
0.363911
0.160428
0.143217
0.0540391
0.0514466
0.129682
0.0134757
0.124678
0.251053
0.251053
0.251053
0.251053
0.0998977
0.120627
0.251053
0.00306557
0.173777
0.251053
0.251053
0.251053
0.13756
0.0357492
0.0315711
0.132487
0.0083289
0.0311986
0.138556
0.251053
0.251053
0.214559
0.099318
0.0737084
0.158533
0.0068641
0.049981
0.140002
0.251053
0.237527
0.237527
0.0890584
0.113338
0.230578
0.00116119
0.225881
0.237527
0.237527
0.237527
0.237527
0.227231
0.237527
0.237423
0.00540365
0.0448134
0.0310488
0.0166
0.21149
0.166798
0.081422
0.0852115
0.132645
0.00726959
0.0710786
0.227262
0.237527
0.0439405
0.184177
0.220809
0.223165
0.12761
0.0184096
0.00775881
0.0198777
0.0111662
0.218281
0.23897
0.191485
0.210356
0.210516
0.0222725
0.0987909
0.0503886
0.0155367
0.159384
0.23897
0.141861
0.23897
0.23897
0.23897
0.23897
0.124583
0.165216
0.0698364
0.23897
0.210216
0.19548
0.142606
0.0147424
0.011275
0.0267459
0.0177501
0.102793
0.23897
0.158085
0.129691
0.188968
0.106822
0.100161
0.148502
0.168267
0.136203
0.257124
0.142008
0.211801
0.257124
0.257124
0.257124
0.142446
0.145562
0.039394
0.0554887
0.204043
0.200097
0.257124
0.257124
0.167857
0.0333855
0.0982658
0.124319
0.257124
0.173305
0.128315
0.217359
0.0716444
0.0707526
0.126962
0.146901
0.0269757
0.0508794
0.107105
0.245747
0.198176
0.0868143
0.0723517
0.0366982
0.0359917
0.0392129
0.0592121
0.218855
0.222484
0.281238
0.281238
0.248575
0.0685312
0.088259
0.0444093
0.0506323
0.165304
0.234596
0.281238
0.281238
0.220239
0.0473629
0.0707966
0.0288527
0.0544536
0.134489
0.268027
0.224641
0.0986621
0.069733
0.0482045
0.0385324
0.0185058
0.0396475
0.128458
0.26425
0.281238
0.150748
0.0961852
0.047461
0.00939277
0.0543607
0.074685
0.132364
0.19899
0.246705
0.246705
0.225753
0.0732272
0.0630849
0.196523
0.244563
0.233838
0.135662
0.246705
0.246705
0.246705
0.193167
0.151553
0.0149042
0.0214526
0.133816
0.232275
0.246705
0.152572
0.0846558
0.036604
0.00432251
0.00970409
0.0329357
0.148199
0.246705
0.246705
0.141137
0.0821598
0.0268087
0.0215016
