0.248485
0.058589
0.0339286
0.176449
0.248485
0.110827
0.0476249
0.102574
0.248485
0.0702177
0.0969653
0.0842783
0.145406
0.182151
0.0761639
0.0590991
0.0606305
0.0157154
0.236601
0.128778
0.192323
0.208241
0.248485
0.248485
0.141967
0.248485
0.248485
0.0704742
0.191299
0.199905
0.16595
0.23859
0.18096
0.135828
0.131508
0.102329
0.0952126
0.115482
0.0961794
0.13402
0.167671
0.0746891
0.0693924
0.073735
0.0215636
0.0990754
0.184409
0.0905488
0.168883
0.235875
0.0411111
0.235875
0.235875
0.187749
0.0951941
0.235875
0.184818
0.171034
0.235875
0.230482
0.123935
0.186216
0.0995523
0.104747
0.235875
0.134991
0.235875
0.235875
0.166522
0.173592
0.235875
0.123129
0.141056
0.207538
0.0984674
0.183959
0.245455
0.0601102
0.23983
0.245455
0.17524
0.124302
0.0667318
0.0746729
0.245455
0.245455
0.0511735
0.111252
0.141884
0.123001
0.149416
0.245455
0.148579
0.245455
0.245455
0.210538
0.168339
0.245455
0.130414
0.0328713
0.0762904
0.084818
0.160341
0.245455
0.0985834
0.00502179
0.00756269
0.00228868
0.0862684
0.0732451
0.0723661
0.249083
0.249083
0.0862554
0.100098
0.0677744
0.131718
0.170245
0.0669008
0.123296
0.183651
0.249083
0.152435
0.249083
0.249083
0.249083
0.0458835
0.0595391
0.0728507
0.125544
0.168659
0.0656532
0.0112034
0.110171
0.157531
0.249083
0.249083
0.185446
0.122612
0.218544
0.120139
0.0912696
0.249083
0.249083
0.114825
0.0575842
0.0788501
0.157943
0.264621
0.161362
0.264621
0.264621
0.264621
0.0221668
0.0647611
0.0824986
0.264621
0.264621
0.14631
0.0927714
0.0866861
0.0126756
0.264621
0.209685
0.122354
0.118322
0.169065
0.079671
0.0820695
0.264621
0.264621
0.0367012
0.0558138
0.0610263
0.222841
0.264621
0.0567475
0.0155944
0.0236572
0.0200876
0.0111143
0.0732711
0.0847985
0.308978
0.308978
0.254946
0.0891389
0.0462691
0.00995937
0.16537
0.266741
0.204962
0.308978
0.308978
0.237604
0.0314611
0.0526404
0.0338721
0.0201472
0.0483672
0.066393
0.291033
0.308978
0.0610839
0.0157493
0.0283291
0.0385055
0.0134348
0.00411266
0.0311495
0.0989354
0.181989
0.0371828
0.0555423
0.198824
0.216178
0.122425
0.189902
0.174468
0.285021
0.285021
0.285021
0.0958708
0.104849
0.0470254
0.0450969
0.0668129
0.0547098
0.141248
0.285021
0.226472
0.285021
0.248855
0.100644
0.0102844
0.00486507
0.0435399
0.125209
0.227587
0.0562775
0.0753504
0.221706
0.187739
0.0253793
0.0207524
0.0442273
0.13331
0.175991
0.108695
0.188476
0.2393
0.134241
0.248317
0.134934
0.210521
0.237442
0.248317
0.248317
0.173205
0.248317
0.248317
0.0771814
0.16967
0.220552
0.192654
0.248317
0.194703
0.161018
0.142139
0.100211
0.238148
0.112929
0.0802355
0.105601
0.147423
0.0108579
0.0117398
0.0671199
0.248317
0.120566
0.126166
0.164107
0.0856964
0.1352
0.0543836
0.0457442
0.0456614
0.0344437
0.116625
0.22901
0.214187
0.214415
0.22901
0.22901
0.153756
0.221667
0.129085
0.150117
0.22901
0.178661
0.22901
0.22901
0.167504
0.22901
0.22901
0.178387
0.155805
0.192683
0.179168
0.0968522
0.149785
0.0684705
0.0615365
0.0498125
0.0591556
0.139421
0.22901
0.114314
0.119068
0.160422
0.0429688
0.0356874
0.0212607
0.0547586
0.241469
0.247807
0.211476
0.247807
0.247807
0.207143
0.247807
0.247807
0.233496
0.0374071
0.092335
0.132778
0.233591
0.247807
0.113716
0.00464285
0.00481314
0.0022255
0.17776
0.247807
0.0948331
0.162448
0.199445
0.0498609
0.0496573
0.0218377
0.0896189
0.0907915
0.127185
0.0927586
0.113671
0.15575
0.0171435
0.0286201
0.147104
0.247807
0.054257
0.0678398
0.106007
0.163268
0.195066
0.0679246
0.0164502
0.0946061
0.181045
0.241282
0.241282
0.241282
0.113422
0.231171
0.162314
0.0917731
0.238377
0.241282
0.0712604
0.0879694
0.08032
0.134688
0.142107
0.0456608
0.0579167
0.144923
0.236339
0.1296
0.200976
0.241282
0.241282
0.241282
0.0881315
0.112975
0.169248
0.241282
0.248106
0.20623
0.210195
0.133503
0.201601
0.113091
0.0873171
0.248106
0.248106
0.0367514
0.067554
0.0897527
0.248106
0.248106
0.0742032
0.0297952
0.0425573
0.0261475
0.132121
0.215553
0.248106
0.248106
0.243868
0.099767
0.124776
0.19014
0.248106
0.0288134
0.079409
0.0624513
0.239267
0.248106
0.0557087
0.0189757
0.00850881
0.0255599
0.0187887
0.0736084
0.134397
0.302316
0.302316
0.0928457
0.0391312
0.0687082
0.0656525
0.0243856
0.00252719
0.0443684
0.163186
0.253214
0.0734007
0.0922669
0.302316
0.302316
0.0683123
0.192955
0.0554295
0.302316
0.302316
0.0820714
0.0223713
0.00807528
0.0169627
0.114504
0.0168403
0.0234229
0.105634
0.250906
0.040017
0.0586191
0.253673
0.302316
0.0195375
0.00517347
0.0760027
0.232555
0.273064
0.0854933
0.098467
0.273064
0.273064
0.0364769
0.0255534
0.0766768
0.189586
0.186636
0.152552
0.273064
0.273064
0.194791
0.113859
0.0348069
0.0340758
0.122102
0.273064
0.0511426
0.0690908
0.266467
0.273064
0.118907
0.0410358
0.0108785
0.0747128
0.180884
0.0546832
0.124342
0.138304
0.245901
0.299487
0.13877
0.0799877
0.156545
0.234202
0.00944549
0.00987077
0.0994811
0.299487
0.15646
0.174676
0.21818
0.135157
0.186695
0.057525
0.0618391
0.0686378
0.0484222
0.299487
0.124844
0.0702847
0.170987
0.291719
0.0334563
0.0262372
0.160663
0.299487
0.125629
0.252402
0.191286
0.169988
0.163932
0.0818054
0.03927
0.0683894
0.0947998
0.223552
0.231189
0.231189
0.177262
0.231189
0.0609846
0.0997557
0.0808892
0.136903
0.231189
0.231189
0.231189
0.231189
0.216042
0.0307464
0.0733497
0.0408497
0.13361
0.219768
0.231189
0.230778
0.212594
0.231189
0.0696207
0.0253428
0.067926
0.102947
0.0778359
0.158972
0.193364
0.231189
0.18012
0.0278488
0.0149415
0.029109
0.0466836
0.217871
0.271945
0.155628
0.228157
0.208264
0.0172135
0.0767893
0.0347089
0.172538
0.0925275
0.140087
0.137043
0.171244
0.202292
0.0935833
0.061106
0.193612
0.225056
0.0877376
0.157243
0.149526
0.182033
0.168496
0.00979934
0.00505928
0.0157004
0.0391097
0.152294
0.177853
0.228985
0.271945
0.0899272
0.138721
0.171061
0.271945
0.271945
0.0741755
0.0848721
0.0983059
0.152509
0.166361
0.0659277
0.0527403
0.132179
0.2381
0.126926
0.206268
0.2381
0.2381
0.2381
0.121212
0.0931598
0.128001
0.2381
0.14751
0.104259
0.130369
0.2381
0.160032
0.0816296
0.0890889
0.2381
0.2381
0.135198
0.20213
0.194653
0.2381
0.2381
0.103607
0.0988102
0.121802
0.120719
0.164397
0.245692
0.265115
0.265115
0.265115
0.140167
0.122188
0.171286
0.265115
0.0320584
0.0741563
0.0746748
0.263414
0.265115
0.060655
0.0277587
0.0104655
0.0175501
0.214429
0.232361
0.209575
0.265115
0.265115
0.119361
0.100561
0.0793865
0.108307
0.019838
0.0579865
0.0428494
0.114614
0.253653
0.019553
0.0213725
0.0084655
0.00834794
0.0594292
0.141522
0.0660655
0.334011
0.334011
0.0795648
0.0346287
0.0123673
0.0171509
0.122401
0.0168317
0.0377628
0.125706
0.334011
0.0603123
0.0841302
0.334011
0.334011
0.0444697
0.114807
0.0534858
0.159053
0.334011
0.0259929
0.0255188
0.00991177
0.0297574
0.199778
0.032812
0.110735
0.0697723
0.141963
0.0291938
0.0875124
0.0868027
0.334011
0.121381
0.0339985
0.047422
0.154498
0.325238
0.0707729
0.0916388
0.325238
0.325238
0.158738
0.0470628
0.0175067
0.0759231
0.22504
0.0695331
0.155196
0.171693
0.280444
0.222397
0.0321243
0.079876
0.0700926
0.16658
0.0739202
0.101433
0.106826
0.325238
0.104817
0.0544708
0.212913
0.0724857
0.076981
0.108061
0.147904
0.177149
0.21953
0.291658
0.102455
0.0599795
0.159709
0.276559
0.0266062
0.0201484
0.213769
0.291658
0.127921
0.249192
0.146035
0.138135
0.159645
0.0663881
0.0528532
0.082911
0.0863121
0.247265
0.0924415
0.0654016
0.199708
0.291658
0.033905
0.0484092
0.291658
0.291658
0.101887
0.198631
0.126002
0.116033
0.163745
0.0452788
0.0671084
0.0947571
0.0839149
0.23767
0.23767
0.23767
0.23767
0.23767
0.0676879
0.0484366
0.105255
0.127566
0.0996271
0.192263
0.23767
0.23767
0.175049
0.0359136
0.0235447
0.0451761
0.0715889
0.14702
0.23767
0.23767
0.216143
0.230514
0.064453
0.102237
0.113471
0.132695
0.0707942
0.14017
0.23767
0.23767
0.23767
0.036102
0.0342156
0.0436538
0.0757322
0.0784957
0.1255
0.155347
0.178367
0.110521
0.0103191
0.00482472
0.0206867
0.0503668
0.0991765
0.158547
0.159612
0.264816
0.118755
0.181065
0.15951
0.264816
0.264816
0.0410782
0.0884852
0.172139
0.21406
0.133437
0.027824
0.0367656
0.0190045
0.0760906
0.0879092
0.213863
0.264816
0.264816
0.207151
0.152936
0.228781
0.264816
0.264816
0.135853
0.109271
0.121677
0.201429
0.156864
0.100701
0.0848214
0.235166
0.235166
0.145805
0.235166
0.158363
0.235166
0.235166
0.135629
0.0970916
0.107887
0.0905006
0.0866675
0.176586
0.202086
0.235166
0.215628
0.115087
0.166946
0.235166
0.235166
0.0583123
0.165171
0.148063
0.235166
0.235166
0.0316059
0.0321956
0.0413344
0.0420529
0.285948
0.285948
0.264455
0.285948
0.285948
0.180825
0.123765
0.0930187
0.158136
0.0272476
0.0688597
0.0556229
0.135008
0.285948
0.0259703
0.0369101
0.0133725
0.00113879
0.117148
0.285948
0.226513
0.285948
0.285948
0.0429458
0.0312218
0.031792
0.0484857
0.00763692
0.0172219
0.0438351
0.118561
0.274573
0.0479127
0.00237322
0.000937719
0.000158631
0.0491927
0.0876228
0.0620616
0.189279
0.34748
0.0232971
0.0444991
0.0189457
0.0358272
0.246396
0.0275837
0.0924858
0.083065
0.228597
0.0461907
0.0979607
0.135683
0.34748
0.0253324
0.0275469
0.0744433
0.184673
0.34748
0.0647021
0.00464169
0.0156767
0.0707974
0.305878
0.0223457
0.051015
0.0670425
0.184419
0.128309
0.191247
0.255045
0.34748
0.218961
0.0223262
0.0534824
0.0731713
0.21352
0.0596211
0.0991409
0.128112
0.3203
0.135966
0.0706224
0.143686
0.04889
0.110017
0.115933
0.13735
0.148003
0.207397
0.283578
0.0197666
0.0343087
0.0893047
0.207373
0.110859
0.153346
0.196499
0.3203
0.103555
0.0855283
0.0848541
0.201916
0.309073
0.199633
0.245584
0.193833
0.0167987
0.289796
0.0824635
0.0752263
0.215952
0.31063
0.0310771
0.0392546
0.31063
0.31063
0.132862
0.218963
0.110015
0.107132
0.156508
0.0388134
0.0742394
0.108511
0.0895566
0.228321
0.0704311
0.107041
0.11657
0.224031
0.0365672
0.0530239
0.31063
0.31063
0.0797445
0.112418
0.0506934
0.066038
0.221586
0.0497769
0.031992
0.0725291
0.10589
0.191755
0.245505
0.245505
0.244633
0.245505
0.0638335
0.115195
0.15679
0.141236
0.104534
0.18306
0.245505
0.245505
0.245505
0.0608346
0.0477628
0.0668283
0.0880908
0.11575
0.214517
0.11507
0.14086
0.245505
0.105509
0.0609356
0.0995271
0.107477
0.136376
0.16058
0.164188
0.138097
0.0955428
0.0762377
0.122579
0.217948
0.245505
0.0465945
0.0835233
0.128061
0.175912
0.103852
0.0229631
0.0251582
0.0386787
0.0575956
0.0783199
0.186095
0.242248
0.246117
0.246117
0.114264
0.158271
0.246117
0.246117
0.0409978
0.0825206
0.0865926
0.0603418
0.052823
0.0449242
0.065247
0.157087
0.144456
0.152766
0.246117
0.246117
0.246117
0.246117
0.204937
0.22514
0.246117
0.231875
0.0847566
0.157206
0.165922
0.219174
0.212558
0.08509
0.10903
0.221672
0.221672
0.058418
0.165085
0.129307
0.221672
0.221672
0.0695418
0.0349744
0.0294917
0.0475729
0.0958967
0.211101
0.221672
0.191573
0.221672
0.19224
0.221522
0.221672
0.221672
0.112676
0.221672
0.151292
0.181105
0.221672
0.135236
0.0955834
0.060809
0.0653448
0.1317
0.258303
0.228247
0.258303
0.258303
0.113418
0.0482283
0.0302269
0.0906785
0.00816272
0.0185599
0.0456213
0.139348
0.258303
0.0507584
0.00119429
0.00111055
0.000718611
0.168693
0.258303
0.231967
0.258303
0.258303
0.258303
0.235013
0.143002
0.179841
0.0687965
0.157423
0.12764
0.194318
0.258303
0.0791261
0.0261075
0.0214255
0.00155885
0.020425
0.0256903
0.0739981
0.19941
0.281557
0.0607037
0.0044579
0.0228068
0.0537886
0.2036
0.016696
0.0267157
0.0758414
0.199794
0.149443
0.157351
0.269684
0.281557
0.0544633
0.171282
0.200725
0.281557
0.281557
0.0913804
0.0485691
0.0376755
0.0126938
0.0742652
0.0327283
0.0429306
0.167943
0.251956
0.281557
0.217633
0.174982
0.281557
0.126469
0.0105824
0.0186667
0.0590802
0.137184
0.0725492
0.0909064
0.151456
0.302397
0.0554838
0.0592939
0.0613645
0.0807284
0.177178
0.145495
0.137103
0.101723
0.0235701
0.035876
0.0177413
0.0444782
0.102034
0.211072
0.159949
0.161636
0.260886
0.302397
0.204841
0.188995
0.237719
0.302397
0.302397
0.142997
0.162982
0.219035
0.228834
0.244566
0.0758986
0.0823314
0.126898
0.228546
0.0474968
0.068665
0.3138
0.3138
0.0821203
0.119031
0.0499002
0.0751029
0.207032
0.0539301
0.0277349
0.069687
0.0944308
0.175854
0.117997
0.108325
0.105072
0.197817
0.202506
0.140638
0.3138
0.3138
0.15433
0.165655
0.083967
0.193484
0.224423
0.127545
0.0161622
0.0845428
0.178254
0.085327
0.1634
0.0833915
0.128691
0.28313
0.0844044
0.0378675
0.0755584
0.0728733
0.0932592
0.119404
0.108458
0.128857
0.0656754
0.0616566
0.0956814
0.283678
0.344268
0.175905
0.191573
0.122029
0.276488
0.278237
0.135834
0.0234336
0.0778667
0.203973
0.11007
0.075628
0.0522557
0.0623612
0.0404268
0.0733499
0.0600376
0.344268
0.344268
0.037571
0.0733846
0.0758834
0.0715615
0.0535454
0.0370363
0.0606531
0.174957
0.134412
0.13528
0.223547
0.241308
0.241308
0.241308
0.200877
0.165591
0.241308
0.209772
0.0577286
0.0614047
0.0472256
0.0684294
0.0820986
0.0565992
0.0733527
0.241308
0.241308
0.156913
0.235215
0.241308
0.241308
0.241308
0.22932
0.157655
0.112382
0.149169
0.109146
0.191762
0.230758
0.204174
0.230758
0.197585
0.189875
0.230758
0.230758
0.125747
0.230758
0.176234
0.179813
0.230758
0.173395
0.0888845
0.0559062
0.0831687
0.140251
0.200527
0.201425
0.230758
0.230758
0.220177
0.148349
0.0635319
0.0536293
0.0733809
0.122856
0.12404
0.0965796
0.230758
0.0594917
0.0254616
0.0264073
0.0123925
0.201808
0.264504
0.264504
0.264504
0.264504
0.264504
0.220708
0.138122
0.234844
0.0531927
0.1282
0.116903
0.235767
0.264504
0.0718274
0.0171525
0.0162009
0.00205877
0.128574
0.224676
0.193955
0.205781
0.264504
0.107901
0.0261112
0.052631
0.0235888
0.0846535
0.133199
0.116401
0.139521
0.174833
0.0178392
0.00942429
0.0152947
0.0245631
0.0339656
0.116055
0.137555
0.276295
0.276295
0.0625534
0.0261008
0.0284242
0.0071568
0.0448797
0.027983
0.036019
0.133499
0.202701
0.242128
0.249395
0.276295
0.211029
0.0900406
0.161006
0.127679
0.14687
0.225538
0.0249667
0.0141072
0.0130926
0.0332022
0.199256
0.0246173
0.018767
0.0529529
0.197988
0.258989
0.276295
0.276295
0.276295
0.0226958
0.0153637
0.0361982
0.0853054
0.165289
0.122209
0.151989
0.248013
0.189527
0.122328
0.127649
0.174672
0.248013
0.248013
0.123513
0.151245
0.170007
0.137176
0.0872775
0.0137699
0.0195018
0.041719
0.112337
0.135313
0.248013
0.248013
0.198309
0.191914
0.131508
0.100423
0.190546
0.248013
0.248013
0.248013
0.248013
0.0864374
0.115837
0.0802071
0.0747278
0.0930975
0.145394
0.160032
0.134838
0.26139
0.26139
0.102277
0.126677
0.0852703
0.128568
0.179472
0.109003
0.0259122
0.0570761
0.100269
0.0401797
0.050282
0.26139
0.243058
0.229551
0.180846
0.26139
0.26139
0.26139
0.0715383
0.133331
0.138939
0.234319
0.26139
0.192753
0.118084
0.0816986
0.103998
0.0896841
0.123833
0.0962654
0.159458
0.185473
0.0940473
0.0261987
0.0500555
0.0925028
0.0635507
0.0422117
0.0390176
0.0469919
0.0269767
0.0335244
0.0445629
0.307792
0.307792
0.0758008
0.119271
0.145396
0.266992
0.307792
0.170371
0.100358
0.0953184
0.121719
0.12055
0.266585
0.286085
0.0876882
0.0754564
0.16926
0.122448
0.307792
0.307792
0.0705368
0.0579094
0.0601088
0.0868334
0.0730782
0.0488102
0.0808417
0.242494
0.242494
0.174912
0.234462
0.236237
0.242494
0.242494
0.221503
0.140603
0.110005
0.146179
0.114639
0.13922
0.163405
0.125248
0.10677
0.101144
0.0787602
0.242494
0.242494
0.169399
0.242494
0.206978
0.242494
0.242494
0.114664
0.0615078
0.0371433
0.0275559
0.237158
0.251693
0.251693
0.251693
0.251693
0.251693
0.18897
0.0729789
0.0670513
0.117904
0.161057
0.169544
0.117778
0.251693
0.0726956
0.0311139
0.0362844
0.0186889
0.199707
0.245351
0.219458
0.251693
0.251693
0.160699
0.091921
0.0288553
0.0114535
0.0623939
0.0950166
0.124383
0.155847
0.237298
0.0708486
0.0548382
0.0214591
0.00971212
0.24426
0.284027
0.284027
0.284027
0.284027
0.14245
0.0350476
0.0911006
0.0477555
0.108775
0.186782
0.174135
0.230415
0.244277
0.0175749
0.0119798
0.0176583
0.027225
0.133714
0.15311
0.228046
0.284027
0.284027
0.171343
0.151952
0.0475418
0.0480633
0.0492584
0.0828882
0.107539
0.123723
0.200572
0.043899
0.0469263
0.0344301
0.028968
0.101766
0.194356
0.147613
0.217909
0.267779
0.025181
0.0164373
0.0145616
0.0383468
0.281328
0.0324251
0.0247853
0.0512125
0.254105
0.276803
0.34848
0.34848
0.34848
0.065957
0.0824069
0.0960706
0.120974
0.177475
0.0370576
0.0456511
0.0289871
0.0516831
0.0420973
0.0131931
0.03179
0.0353724
0.120152
0.201781
0.263942
0.0845656
0.098575
0.1371
0.0225034
0.0290978
0.0573314
0.160965
0.168212
0.259644
0.259644
0.259644
0.259644
0.209376
0.127452
0.246133
0.259644
0.259644
0.259644
0.259644
0.0959314
0.0208778
0.00515037
0.0233136
0.0284325
0.0819935
0.137776
0.136309
0.0692238
0.0669415
0.0140687
0.0753264
0.0678909
0.20207
0.259644
0.217923
0.163681
0.0598067
0.0348501
0.0319215
0.0872562
0.259695
0.175021
0.192506
0.176317
0.262185
0.262185
0.24838
0.0637715
0.118911
0.134578
0.150891
0.262185
0.142062
0.0981972
0.0870328
0.094251
0.0578638
0.262185
0.262185
0.0551943
0.0686535
0.0861139
0.262185
0.262185
0.078959
0.0355805
0.0583843
0.0297348
0.0490993
0.118134
0.0521309
0.155
0.262185
0.186371
0.0566935
0.100327
0.126373
0.151472
0.253231
0.0991961
0.0727341
0.0989438
0.105969
0.096583
0.1761
0.219111
0.0727199
0.0710778
0.158896
0.0982538
0.253231
0.253231
0.0503257
0.0256902
0.0255345
0.0493352
0.0958477
0.0503387
0.179998
0.253231
0.253231
0.226697
0.17879
0.224851
0.128811
0.190535
0.253231
0.166876
0.253231
0.253231
0.125059
0.118688
0.170198
0.112305
0.111842
0.107289
0.0879667
0.240859
0.240859
0.175436
0.240859
0.208545
0.240859
0.232768
0.0965822
0.0580714
0.0358835
0.0309998
0.240859
0.178858
0.234876
0.145487
0.137101
0.178248
0.154293
0.240859
0.240859
0.108031
0.162432
0.168973
0.165921
0.239845
0.0835391
0.0401544
0.0500635
0.0445765
0.274373
0.274373
0.274373
0.274373
0.274373
0.179663
0.13712
0.0458329
0.0212399
0.0674251
0.126349
0.147389
0.182529
0.228235
0.0903886
0.0707356
0.0299206
0.0132925
0.239018
0.274373
0.274373
0.274373
0.274373
0.0557406
0.0922763
0.0582422
0.073097
0.0483761
0.0794648
0.0749623
0.103056
0.138674
0.0547421
0.031253
0.0233212
0.0286979
0.161246
0.245714
0.251063
0.251063
0.251063
0.231719
0.201132
0.0713365
0.0814967
0.0936869
0.142871
0.151695
0.191547
0.251063
0.0807246
0.0799122
0.098185
0.0486435
0.136321
0.208122
0.193467
0.250853
0.251063
0.1227
0.0934214
0.0399152
0.0849625
0.0490634
0.0845753
0.145255
0.251063
0.251063
0.132016
0.0648351
0.0685903
0.0295239
0.171963
0.197477
0.175301
0.258405
0.258405
0.0907657
0.109903
0.108842
0.132994
0.0757258
0.0345313
0.059948
0.0625397
0.258405
0.258405
0.258405
0.219776
0.252469
0.0653246
0.145659
0.206894
0.258405
0.258405
0.164643
0.070517
0.0653627
0.0698992
0.0579611
0.0943287
0.118997
0.177554
0.181993
0.193969
0.0951427
0.0826957
0.0534472
0.050189
0.0212412
0.0478046
0.0677316
0.259741
0.294846
0.294846
0.152347
0.194485
0.0314527
0.260014
0.193981
0.294846
0.294846
0.294846
0.294846
0.0899343
0.110252
0.0382729
0.0773988
0.0934206
0.140192
0.151569
0.133814
0.0658142
0.0390359
0.0359313
0.00519877
0.0129777
0.0394786
0.101026
0.243523
0.194931
0.129241
0.0599483
0.0127093
0.0467402
0.316851
0.286418
0.03141
0.052968
0.0843079
0.316851
0.316851
0.0631797
0.0384472
0.053787
0.023625
0.0267455
0.0515813
0.0387332
0.146412
0.316851
0.213114
0.0803789
0.199953
0.103541
0.0193789
0.0518082
0.0900914
0.217657
0.0972354
0.0376051
0.193564
0.0493023
0.0725407
0.0889323
0.0539905
0.101113
0.170498
0.316851
0.316851
0.0403863
0.0277743
0.0187525
0.0239379
0.0411047
0.0312565
0.122185
0.257545
0.257545
0.149069
0.119293
0.184876
0.117267
0.218533
0.257545
0.129136
0.244598
0.257545
0.148401
0.051984
0.0681294
0.062664
0.0510916
0.0674204
0.127787
0.257545
0.257545
0.125216
0.253051
0.251934
0.142766
0.257545
0.104237
0.132947
0.174099
0.16411
0.227616
0.163927
0.237658
0.176056
0.237658
0.2071
0.160312
0.237658
0.237658
0.118031
0.141111
0.207972
0.203514
0.237013
0.0939123
0.0569878
0.0534208
0.0436239
0.148481
0.237658
0.237658
0.177916
0.237658
0.110524
0.159278
0.237658
0.138858
0.0525893
0.100691
0.0877079
0.161037
0.140083
0.0318558
0.0130146
0.0140002
0.0164182
0.290227
0.290227
0.290227
0.290227
0.290227
0.0790192
0.173727
0.0885393
0.104794
0.0529214
0.0903019
0.0818324
0.16883
0.241585
0.089157
0.030102
0.0246859
0.0301428
0.131048
0.198379
0.20298
0.290227
0.290227
0.0620031
0.0135877
0.0061407
0.0321175
0.0107358
0.0571871
0.0959157
0.207622
0.264854
0.101109
0.0272256
0.0237452
0.00681073
0.125849
0.209518
0.187321
0.26737
0.26737
0.161314
0.0530296
0.0336576
0.0785033
0.0974538
0.101552
0.162247
0.26737
0.26737
0.177308
0.0859299
0.141353
0.0540818
0.0210395
0.088255
0.223024
0.26737
0.26737
0.198168
0.0468187
0.0293859
0.0142808
0.0320324
0.129666
0.21301
0.26737
0.26737
0.148622
0.0294466
0.048899
0.0150671
0.120723
0.166465
0.212581
0.269923
0.269923
0.205628
0.0893563
0.118826
0.101393
0.0732917
0.119351
0.13394
0.183158
0.207264
0.219905
0.0878933
0.109647
0.0811265
0.0490248
0.147144
0.269923
0.269923
0.269923
0.187224
0.0386218
0.0354578
0.00980798
0.0254066
0.090432
0.171934
0.269923
0.269923
0.184145
0.0598077
0.0317972
0.0162718
0.0824543
0.15549
0.153424
0.221572
0.259976
0.243105
0.112604
0.0734468
0.0756586
0.00804761
0.034158
0.0799859
0.189578
0.281748
0.281748
0.220333
0.11911
0.0289102
0.0264084
0.0908179
0.150545
0.281748
0.281748
0.237017
0.0867749
0.0336021
0.00821088
0.00147487
0.0196817
0.105306
0.281748
0.281748
0.193005
0.122298
0.0471707
0.00708453
0.0765541
0.254671
0.111914
0.019817
0.053591
0.0987348
0.23559
0.088868
0.0343667
0.177986
0.0476009
0.0801635
0.0767186
0.0579675
0.102885
0.183584
0.365611
0.365611
0.0269843
0.168263
0.221732
0.0111515
0.0332544
0.0316141
0.0808007
0.022972
0.00997281
0.24703
0.0558387
0.0747559
0.0175203
0.0196285
0.0129662
0.22889
0.365611
0.365611
0.126371
0.0572391
0.05293
0.0614346
0.0745784
0.0706853
0.11201
0.274989
0.274989
0.103396
0.198907
0.274989
0.16939
0.274989
0.106441
0.125654
0.186024
0.14148
0.15096
0.0850991
0.107891
0.0586252
0.0681074
0.0448621
0.106037
0.234677
0.274989
0.145366
0.1987
0.274989
0.216004
0.212755
0.0593038
0.103727
0.149856
0.171249
0.145013
0.255558
0.255558
0.255558
0.255558
0.13756
0.152738
0.255558
0.122251
0.0655965
0.105139
0.119909
0.25208
0.167696
0.0386974
0.019179
0.0162942
0.0287304
0.182081
0.255558
0.255558
0.255558
0.255558
0.121829
0.100119
0.188383
0.132595
0.0346876
0.0467513
0.0820306
0.208156
0.206568
0.0339108
0.0125846
0.00902316
0.0320945
0.18211
0.188205
0.269234
0.303172
0.303172
0.0873478
0.0150911
0.00944691
0.0899058
0.0115849
0.0556507
0.10308
0.303172
0.303172
0.158178
0.0168055
0.0134027
0.000188284
0.0907722
0.0937413
0.198779
0.303172
0.303172
0.0513486
0.0171688
0.0159661
0.123381
0.0286051
0.0484753
0.0797165
0.251783
0.303172
0.108223
0.0169174
0.00998773
0.0142615
0.0166549
0.0508672
0.164443
0.328649
0.328649
0.221889
0.0222541
0.012892
0.000181261
0.0257713
0.081544
0.138765
0.268847
0.328649
0.146289
0.0229763
0.0460751
0.0210565
0.0464879
0.0856382
0.119141
0.328649
0.328649
0.136032
0.0197166
0.00796663
0.0213418
0.0138521
0.0392729
0.0753108
0.199498
0.328649
0.233425
0.0435426
0.0438059
0.0135925
0.037481
0.0917443
0.16228
0.321147
0.324989
0.156849
0.0336683
0.0329429
0.0127392
0.027207
0.0746632
0.108427
0.261097
0.312637
0.109239
0.0487327
0.0293745
0.0155523
0.0302611
0.0406494
0.0883388
0.259995
0.324989
0.239369
0.0575201
0.0268577
0.00939504
0.036283
0.0163417
0.0557382
0.295788
0.324989
0.288611
0.0403866
0.0297126
0.00985498
0.0301452
0.0808847
0.097874
0.280551
0.321389
0.142435
0.0705294
0.0278817
0.00628681
0.00146882
0.0215728
0.0840549
0.280537
0.321389
0.139522
0.0839676
0.0378978
0.00626362
0.0546365
0.0156912
0.0649325
0.321389
0.321389
0.321389
0.0714763
0.0318244
0.00971309
0.0108773
0.0143007
0.044355
0.150963
0.321389
0.321389
0.0355786
0.0297524
0.00510982
0.0412323
0.200519
0.209342
0.0148677
0.0446267
0.0499319
0.141154
0.030208
0.0128739
0.310749
0.0680749
0.122636
0.0144439
0.0230868
0.00710244
0.184886
0.387867
0.387867
0.0679756
0.347247
0.277731
0.00701575
0.0282779
0.0687414
0.102651
0.00750202
0.00671256
0.121259
0.0536323
0.0257427
0.00651164
0.0120635
0.00711093
0.0579269
0.21363
0.387867
0.19107
0.0993955
0.123858
0.0779914
0.102558
0.0577389
0.0940097
0.28121
0.28121
0.196299
0.206698
0.28121
0.28121
0.28121
0.0778802
0.0921185
0.182898
0.243573
0.0837858
0.076229
0.0661281
0.0086937
0.0183674
0.0268092
0.0348734
0.160851
0.28121
0.130453
0.181237
0.186135
0.0788111
0.125393
0.0583759
0.0414912
0.101769
0.28121
0.235447
0.269775
0.269775
0.269775
0.269775
0.160522
0.0974395
0.227708
0.192898
0.0407942
0.0608073
0.132174
0.269775
0.255298
0.043691
0.0198693
0.0126731
0.0561512
0.163685
0.269775
0.269775
0.113582
0.185195
0.0986067
0.0512433
0.170969
0.269775
0.0159913
0.0312259
0.0489985
0.0835652
0.126768
0.0363269
0.0195949
0.0126582
0.0164197
0.0997075
0.133485
0.318404
0.318404
0.318404
0.0746314
0.0370056
0.0310276
0.226236
0.0397151
0.0616913
0.109927
0.291869
0.318404
0.14191
0.0182374
0.0109124
0.0168199
0.0218275
0.0783972
0.120192
0.260614
0.318404
0.0786906
0.0359639
0.0343621
0.0648947
0.0660416
0.0451631
0.08503
0.190513
0.318404
0.111388
0.0201917
0.0158643
0.128387
0.0581184
0.0979274
0.137127
0.342232
0.342232
0.166986
0.0204954
0.0110067
0.0225668
0.021618
0.043346
0.0735644
0.259529
0.342232
0.23054
0.0435039
0.0445033
0.0160895
0.10077
0.0886334
0.115274
0.254997
0.342232
0.0971541
0.0433605
0.0283671
0.0926536
0.0784751
0.0864977
0.105823
0.252462
0.342232
0.106775
0.042993
0.0157199
0.0467448
0.0372847
0.0472684
0.0757546
0.301514
0.33437
0.235334
0.054798
0.0311393
0.0131244
0.0373726
0.0345141
0.0611695
0.330349
0.33437
0.22084
0.0385992
0.0297785
0.0268748
0.102502
0.112427
0.117983
0.268291
0.33437
0.0886892
0.073826
0.0255499
0.0209176
0.0163314
0.0438383
0.0486056
0.276587
0.33437
0.135803
0.0130399
0.0219307
0.0453825
0.056074
0.0409818
0.0704054
0.326078
0.326078
0.26024
0.0586003
0.0272563
0.0221664
0.0102831
0.017754
0.0572139
0.148363
0.326078
0.326078
0.0326914
0.0213527
0.00942469
0.0247822
0.0438481
0.0489773
0.316306
0.326078
0.135956
0.0259453
0.0293835
0.0498551
0.0136639
0.0176596
0.0309733
0.326078
0.326078
0.12767
0.0221357
0.0135955
0.01724
0.113782
0.348643
0.348643
0.0116006
0.036861
0.126264
0.214663
0.0125654
0.0115931
0.165855
0.0842447
0.0376217
0.0104743
0.013765
0.0108709
0.0163652
0.300894
0.348643
0.237428
0.348643
0.348643
0.0338198
0.0292089
0.0117687
0.0271692
0.00210708
0.000749559
0.129674
0.15735
0.0242583
0.00773726
0.0243668
0.00296751
0.00294368
0.0680566
0.28553
0.119599
0.0940489
0.0710485
0.0168275
0.0398452
0.0490045
0.036483
0.230973
0.265863
0.182178
0.216848
0.207784
0.129866
0.241701
0.125448
0.0504944
0.146827
0.265863
0.114826
0.117523
0.0277779
0.0133186
0.0417533
0.0516543
0.0882333
0.134566
0.265863
0.0736639
0.162485
0.119324
0.193316
0.265863
0.23935
0.265863
0.228384
0.26417
0.20437
0.265649
0.265649
0.163373
0.265649
0.180968
0.0773083
0.212845
0.265649
0.0215729
0.0515035
0.0749169
0.129854
0.169384
0.0609624
0.029976
0.0147177
0.0235614
0.106563
0.175439
0.137647
0.199427
0.265649
0.265649
0.265649
0.265649
0.265649
0.0201558
0.114562
0.0931422
0.104243
0.130551
0.0321928
0.0231092
0.0101688
0.00866633
0.0319006
0.149974
0.217559
0.274071
0.274071
0.154544
0.0629485
0.0440227
0.103053
0.0811411
0.0717774
0.120453
0.274071
0.274071
0.145839
0.0316004
0.0236379
0.109791
0.0494114
0.274071
0.24808
0.274071
0.274071
0.120771
0.0500552
0.0217593
0.0323348
0.0311834
0.10437
0.192061
0.274071
0.274071
0.127212
0.0149833
0.0325826
0.0526824
0.109482
0.105564
0.154449
0.30728
0.30728
0.120948
0.0495173
0.0369994
0.0740486
0.0827379
0.106079
0.137421
0.30728
0.30728
0.135947
0.0430791
0.0190046
0.0408015
0.0253605
0.0907901
0.21921
0.30728
0.30728
0.13903
0.0232625
0.0346808
0.0364117
0.0266344
0.0510821
0.125413
0.30728
0.30728
0.0951452
0.0407713
0.0360993
0.0629785
0.0932521
0.120424
0.149357
0.311011
0.311011
0.124011
0.0695655
0.0326731
0.0266638
0.0195608
0.0641357
0.0787726
0.311011
0.311011
0.131747
0.0225594
0.0366433
0.0769332
0.0269074
0.0556072
0.113916
0.311011
0.311011
0.082815
0.0515023
0.034636
0.0456552
0.00785837
0.0575693
0.14763
0.311011
0.311011
0.242476
0.0900342
0.0306906
0.0156923
0.029251
0.0620599
0.0752143
0.263503
0.328518
0.126605
0.0297323
0.039452
0.0688684
0.0180447
0.023192
0.057951
0.328518
0.328518
0.108868
0.0307473
0.0164679
0.0261315
0.00438872
0.0531087
0.108304
0.313429
0.328518
0.20619
0.0833216
0.0323837
0.0106621
0.0206011
0.0494617
0.0594173
0.243365
0.328518
0.328518
0.0284472
0.0389797
0.00950134
0.31261
0.343025
0.343025
0.0363552
0.0264046
0.0217509
0.0497082
0.00380571
0.000512525
0.16578
0.200811
0.0218042
0.0110801
0.0242401
0.00156497
0.00256489
0.0877563
0.308473
0.343025
0.343025
0.0417062
0.0183756
0.0846836
0
0
0
0
0.343025
0.301256
0.00284031
0.00942978
0.0661044
0.00454782
0.002865
0.0430578
0.175366
0.14581
0.140793
0.0186081
0.0264442
0.0505941
0.0668265
0.101792
0.157808
0.249387
0.0750564
0.171002
0.133102
0.249387
0.249387
0.249387
0.249387
0.249387
0.249387
0.249387
0.224808
0.00345489
0.0120543
0.056575
0.00630505
0.0234639
0.0886752
0.242558
0.131608
0.0479382
0.0666699
0.176405
0.248047
0.0728692
0.108243
0.219825
0.249387
0.10408
0.160737
0.125014
0.26933
0.26933
0.26933
0.26933
0.26933
0.26933
0.014611
0.0954891
0.102219
0.141533
0.228931
0.0596031
0.0264871
0.00997873
0.00774956
0.194653
0.0349307
0.0594142
0.173818
0.265647
0.0678885
0.12377
0.26933
0.26933
0.0129851
0.0574961
0.0524555
0.158166
0.26933
0.0522371
0.0292416
0.00275932
0.00590313
0.0287902
0.189866
0.205338
0.306606
0.307881
0.151277
0.0527232
0.00995961
0.0216551
0.0177778
0.0840073
0.156725
0.307881
0.307881
0.135346
0.0356866
0.0309418
0.0172385
0.0277932
0.108201
0.102795
0.307881
0.307881
0.119187
0.0538587
0.0101212
0.0169904
0.0110595
0.0279605
0.0699812
0.307881
0.307881
0.182795
0.0578038
0.0244325
0.0265021
0.0090339
0.0652443
0.161254
0.314008
0.314008
0.152602
0.050141
0.0372601
0.0119835
0.0184189
0.0522447
0.108895
0.314008
0.314008
0.17003
0.0375826
0.0371008
0.0407316
0.0134577
0.0284373
0.0635456
0.314008
0.314008
0.175262
0.0608651
0.0373054
0.0171952
0.0598218
0.0325101
0.0873304
0.314008
0.314008
0.218549
0.0288549
0.0205231
0.0530782
0.0127291
0.0581297
0.114006
0.328222
0.328222
0.170462
0.0524918
0.0489831
0.0370559
0.00987415
0.0457374
0.0993602
0.194811
0.328222
0.230798
0.0633567
0.0326018
0.0264592
0.0387802
0.0446451
0.0942834
0.328222
0.328222
0.177768
0.0349036
0.0365998
0.039177
0.0262925
0.0361212
0.0714032
0.328222
0.328222
0.15528
0.0478441
0.019125
0.0526366
0.00653976
0.0453852
0.0853846
0.195861
0.353094
0.226796
0.0623877
0.0369839
0.0166071
0.0241321
0.0468355
0.0644122
0.163908
0.353094
0.224555
0.0330026
0.0396238
0.0130635
0.0164724
0.0408113
0.0664692
0.297506
0.353094
0.169773
0.0518389
0.0227659
0.0289174
0.026915
0.0159402
0.0532083
0.233741
0.353094
0.347572
0.0417102
0.0251323
0.0131742
0.335169
0.335169
0.0569431
0.0165639
0.07172
6.12866e-05
0.000895714
0
0
0.335169
0.303996
0
0.00689072
0.055758
0.00218414
0.00323375
0.045475
0.16826
0.335169
0.335169
0.0433404
0.0674794
0.156671
0.0249535
0.026271
0.00699018
0
0.335169
0.260429
0.0162461
0.062617
0.268438
0.000728046
0.00222874
0.0111334
0.121685
0.270791
0.255233
0.00286195
0.01711
0.0575378
0.00242949
0.0243892
0.0947352
0.270791
0.143653
0.0385346
0.0891113
0.240599
0.270791
0.087035
0.109888
0.231091
0.270791
0.270791
0.236989
0.00802672
0.0500074
0.209953
0.000989458
0.00775884
0.0440351
0.223725
0.13498
0.0071293
0.0235014
0.188229
0.26827
0.0388219
0.0505314
0.188561
0.270791
0.225986
0.0283389
0.079892
0.271487
0.285202
0.0811079
0.133507
0.285202
0.285202
0.0101968
0.0451134
0.0788422
0.17779
0.285202
0.115495
0.0371297
0.00371537
0.00858952
0.19941
0.00943743
0.0158816
0.197035
0.251356
0.0551067
0.0633065
0.248271
0.285202
0.0039944
0.0180721
0.0634371
0.285202
0.285202
0.0654609
0.00542244
0.00295655
0.00218474
0.0149529
0.0582647
0.100421
0.279429
0.337169
0.178976
0.0571736
0.00686985
0.016535
0.00933903
0.0250293
0.0646932
0.305096
0.337169
0.204089
0.0679065
0.0213743
0.024411
0.00962508
0.0384425
0.0777095
0.337169
0.337169
0.131276
0.0107778
0.00686816
0.00463281
0.00400144
0.0309379
0.0188328
0.337169
0.337169
0.131088
0.0407063
0.000542564
0.000924447
0.0129572
0.0307762
0.0579788
0.285995
0.319797
0.229941
0.082678
0.0393123
0.016391
0.0568691
0.0420682
0.0736432
0.238838
0.319797
0.311677
0.0357298
0.0281683
0.0472481
0.0104529
0.0348137
0.0158756
0.319797
0.319797
0.144831
0.0262284
0.00480286
0.00679165
0.0128123
0.0218873
0.0330016
0.319797
0.319797
0.209231
0.0273549
0.00863936
0.00580385
0.0404418
0.055951
0.0909976
0.259999
0.339447
0.308354
0.0488732
0.0541018
0.0386053
0.0263576
0.0333757
0.0472187
0.210726
0.339447
0.188186
0.0234304
0.0182859
0.0543282
0.0203037
0.0259028
0.0388073
0.339447
0.339447
0.213473
0.0235376
0.0148001
0.0133987
0.0160414
0.02859
0.0298698
0.299975
0.339447
0.106552
0.0276725
0.0177999
0.0123629
0.0191296
0.0396104
0.0554227
0.225969
0.364045
0.218847
0.0303598
0.0258284
0.0329061
0.0356788
0.0259131
0.0397809
0.202758
0.364045
0.187074
0.0436984
0.0293218
0.0168113
0.023234
0.0311704
0.036491
0.352383
0.364045
0.0942435
0.0461644
0.0185969
0.0125169
0.026254
0.0659363
0.0421205
0.343224
0.364045
0.128196
0.0262778
0.0118046
0.0124781
0.292179
0.292179
0.0664912
0.0758631
0.170354
0.0148497
0.0225491
0.00827512
0.00263937
0.292179
0.283192
0.0148228
0.0538195
0.267191
0.000117074
0.00276346
0.0180384
0.112553
0.292179
0.265957
0.113018
0.11904
0.292179
0.0147727
0.010168
0.00956966
0.00332019
0.292179
0.292179
0.0312534
0.0795978
0.292179
0.00514319
0.0515238
0.018097
0.0303588
0.296762
0.292564
0.00790071
0.049687
0.255704
0.00130138
0.0122891
0.0615925
0.239998
0.139382
0.00898836
0.0249691
0.203962
0.296762
0.0481616
0.0763657
0.22595
0.296762
0.296762
0.296762
0.0160073
0.0967051
0.296762
0.00213656
0.0352561
0.0567792
0.10913
0.139244
0.065503
0.0266625
0.0851852
0.138441
0.0426299
0.0884155
0.133258
0.177229
0.261164
0.0155136
0.0257548
0.270604
0.292786
0.0911742
0.120406
0.292786
0.292786
0.00581678
0.0262462
0.130669
0.292786
0.292786
0.155399
0.0110607
0.0111516
0.00388632
0.239368
0.0754551
0.0290799
0.125785
0.15738
0.0538468
0.114833
0.243392
0.292786
0.0290086
0.0519609
0.0680597
0.183288
0.222754
0.072211
0.034519
0.0149187
0.0231506
0.0153955
0.0630319
0.172381
0.327852
0.327852
0.290869
0.0213534
0.0174364
0.0137718
0.00763833
0.0617804
0.0394958
0.327852
0.327852
0.214346
0.0475932
0.0109721
0.00908109
0.0325888
0.079106
0.107739
0.293249
0.309261
0.118019
0.0463664
0.0300836
0.0496578
0.00731466
0.03954
0.0823853
0.211085
0.308974
0.129736
0.0864261
0.0613595
0.0148312
0.0205901
0.0756598
0.0385786
0.330771
0.330771
0.281876
0.0430003
0.01848
0.0266909
0.0235105
0.035387
0.0508982
0.330771
0.330771
0.330771
0.0529771
0.0350934
0.0147609
0.00945137
0.0449883
0.0989914
0.247972
0.330771
0.141082
0.0818559
0.0694174
0.0243323
0.0146049
0.0459709
0.0709772
0.184654
0.281146
0.0913056
0.052441
0.0668756
0.0584619
0.0298027
0.0334265
0.0509067
0.347422
0.347422
0.330495
0.0408641
0.0387683
0.0266734
0.0233823
0.0369106
0.0458356
0.309658
0.347422
0.154769
0.0270439
0.0197673
0.0185431
0.0214644
0.0500501
0.0620553
0.210093
0.347422
0.121281
0.0389224
0.0553541
0.0533425
0.0182563
0.03002
0.0665416
0.205688
0.347422
0.132994
0.0514766
0.0263598
0.10664
0.027363
0.0379789
0.0528594
0.365282
0.389569
0.139495
0.0439467
0.0233466
0.0202217
0.0322187
0.0706409
0.0467237
0.389569
0.389569
0.100303
0.0406115
0.0219313
0.0210216
0.0245393
0.049295
0.0670993
0.278387
0.389569
0.176119
0.0596807
0.0327293
0.0914911
0.0559717
0.0975493
0.0391915
0.0812604
0.216756
0.0473623
0.0695382
0.0541398
0.0670958
