0.263484
0.105252
0.0484205
0.0955656
0.169777
0.0555201
0.0425013
0.250922
0.286739
0.264773
0.135712
0.0561052
0.219663
0.286739
0.0254855
0.0258452
0.085781
0.231631
0.286739
0.109071
0.039652
0.0785584
0.136647
0.0243067
0.0106916
0.131214
0.286739
0.189101
0.130179
0.0191884
0.154566
0.286739
0.0139493
0.022184
0.0947451
0.23481
0.221237
0.0839384
0.0399282
0.153276
0.2888
0.0276782
0.026609
0.166828
0.2888
0.121526
0.0908751
0.0493559
0.2888
0.2888
0.0178567
0.0234899
0.0893845
0.2888
0.192682
0.093692
0.0221975
0.0947277
0.26432
0.0166035
0.0215081
0.0870287
0.2888
0.179043
0.0834287
0.0599756
0.227105
0.2888
0.020569
0.0216032
0.0532169
0.199989
0.147474
0.0610543
0.0324268
0.181704
0.274206
0.0141941
0.0377907
0.176871
0.274206
0.24567
0.0680086
0.0119725
0.274206
0.274206
0.0179557
0.0820569
0.15324
0.274206
0.194863
0.0709193
0.0424798
0.109473
0.237292
0.0171588
0.0170728
0.0532048
0.274206
0.113728
0.034729
0.0149615
0.274206
0.274206
0.00662127
0.0259542
0.0599041
0.274206
0.284872
0.0655299
0.0106985
0.177883
0.284872
0.0153237
0.0855625
0.227272
0.284872
0.254226
0.0423687
0.00762344
0.126964
0.232655
0.0134048
0.0259757
0.128284
0.284872
0.22459
0.0425688
0.012717
0.149837
0.284872
0.00465982
0.0156167
0.0778335
0.284872
0.179664
0.0129105
0.00336512
0.10856
0.205226
0.00573647
0.0181924
0.12133
0.284872
0.296734
0.06593
0.00784152
0.15918
0.296734
0.0109309
0.0153983
0.121152
0.296734
0.240295
0.0807085
0.0092378
0.0505415
0.17627
0.00452955
0.0535327
0.192482
0.296734
0.265385
0.019936
0.00418614
0.158418
0.296734
0.0046538
0.0134699
0.10751
0.296734
0.135392
0.0248893
0.00792358
0.109645
0.23614
0.0103211
0.0120068
0.078787
0.296734
0.262988
0.0757423
0.00672089
0.146923
0.286314
0.00245325
0.0344336
0.113028
0.286314
0.225571
0.0206775
0.0118402
0.192061
0.286314
0.0151041
0.0402018
0.0552354
0.286314
0.131157
0.0300676
0.00593792
0.206543
0.286314
0.00504742
0.00724762
0.0380168
0.286314
0.23161
0.0520264
0.0288392
0.142802
0.286314
0.0106312
0.00960006
0.0189324
0.286314
0.147944
0.0254447
0.00556914
0.141302
0.342897
0.00515455
0.0173666
0.0223434
0.335837
0.342897
0.10349
0.0111331
0.0595201
0.12645
0.00693541
0.00514733
0.0194563
0.342897
0.138277
0.0296192
0.0110735
0.122507
0.25299
0.00265249
0.00294536
0.00831059
0.237508
0.342897
0.0318653
0.00161201
0.112932
0.235986
0.00142306
0.000812058
0.00722397
0.342897
0.284724
0.142133
0.0418653
0.0776315
0.139198
0.0329753
0.0148392
0.134105
0.284724
0.17771
0.137851
0.0234277
0.143271
0.284724
0.0167152
0.0353786
0.079751
0.2336
0.239819
0.138021
0.0324241
0.102543
0.252611
0.0211443
0.0495526
0.229313
0.284724
0.210202
0.0705154
0.033729
0.191456
0.284724
0.01097
0.0607819
0.120957
0.284724
0.196539
0.0907799
0.0220156
0.0933455
0.281266
0.0213301
0.0343215
0.0835726
0.282474
0.171354
0.0825551
0.0606294
0.245375
0.282474
0.0276143
0.0317104
0.0482268
0.214965
0.282474
0.0407082
0.0331874
0.118023
0.252243
0.0116854
0.0521409
0.0899357
0.282474
0.273576
0.0693859
0.0310501
0.213237
0.282474
0.0100744
0.0452002
0.144219
0.258045
0.199678
0.0742673
0.0449678
0.128764
0.27125
0.0243668
0.0246671
0.0639336
0.277253
0.173875
0.0350444
0.0144629
0.277253
0.277253
0.00761091
0.0371234
0.073143
0.277253
0.277253
0.0641435
0.0279188
0.106684
0.268536
0.00846225
0.0373627
0.157692
0.277253
0.207092
0.0276984
0.00475205
0.176465
0.277253
0.00442828
0.0422132
0.11134
0.277253
0.258931
0.0497429
0.014976
0.176992
0.299726
0.00626537
0.0253366
0.128608
0.299726
0.187518
0.0273146
0.00757447
0.128973
0.23952
0.00423745
0.0203851
0.186428
0.299726
0.221252
0.0316115
0.00436112
0.126257
0.299726
0.00621332
0.0475071
0.16672
0.299726
0.180265
0.0523827
0.0252735
0.0937336
0.231645
0.0226044
0.0121586
0.0504965
0.299726
0.220513
0.033297
0.00914686
0.185286
0.289291
0.00315816
0.0128768
0.163682
0.289291
0.142983
0.0229008
0.00653061
0.126013
0.285751
0.00852506
0.0113254
0.0848718
0.289291
0.217443
0.0402494
0.0153213
0.158415
0.289291
0.0140974
0.0515666
0.065373
0.289291
0.133043
0.0155
0.00935152
0.133285
0.289291
0.00550356
0.172709
0.173483
0.289291
0.135404
0.0273803
0.00732578
0.234935
0.288652
0.00447709
0.00701674
0.0385452
0.288652
0.251627
0.0535337
0.0349039
0.153045
0.288652
0.0114453
0.00715386
0.0246033
0.288652
0.161601
0.0158383
0.00509336
0.224183
0.288652
0.00159468
0.148758
0.121762
0.288652
0.203772
0.0395823
0.0122117
0.112055
0.277273
0.00053097
0.010816
0.0535032
0.288652
0.152957
0.0324665
0.0141142
0.133242
0.296301
0.00297902
0.00172118
0.0108555
0.281112
0.360598
0.0520788
0.00206524
0.123103
0.236868
0.00181071
0.000695654
0.00760852
0.360598
0.125622
0.0364277
0.0103019
0.103483
0.244011
0.000103936
0.00562509
0.0200603
0.255614
0.360598
0.115821
0.0359382
0.0696747
0.152886
3.46452e-05
0.00373113
0.017374
0.360598
0.224471
0.14153
0.0320638
0.0925418
0.242577
0.020534
0.0358951
0.200454
0.276234
0.203823
0.0724547
0.0367833
0.171431
0.276234
0.00882897
0.052528
0.0892113
0.276234
0.201262
0.0353532
0.0230733
0.158451
0.276234
0.0122657
0.0473728
0.0982107
0.276234
0.159809
0.0625755
0.0262803
0.276234
0.276234
0.0217958
0.0405515
0.0937166
0.276234
0.274332
0.0390708
0.0314838
0.112178
0.252427
0.00929737
0.0449122
0.081672
0.276624
0.231875
0.0689415
0.0285939
0.202389
0.276624
0.0185744
0.0539079
0.115584
0.247732
0.24811
0.0558986
0.0268949
0.164935
0.276624
0.0256818
0.041742
0.114918
0.276624
0.201444
0.116385
0.0124183
0.174842
0.276624
0.0202159
0.0124585
0.0781709
0.276624
0.258899
0.0662076
0.0269168
0.118463
0.273252
0.015282
0.0420149
0.155526
0.273252
0.273252
0.0426433
0.0063998
0.156667
0.273252
0.00503499
0.0335381
0.10676
0.273252
0.21592
0.0816436
0.0123958
0.100651
0.26055
0.0144592
0.0112636
0.145504
0.273252
0.200884
0.0594198
0.00350671
0.197063
0.273252
0.00551937
0.0209113
0.123265
0.273252
0.279276
0.0486516
0.00735707
0.123052
0.279276
0.00545409
0.0341693
0.168319
0.279276
0.257151
0.0665138
0.0359479
0.0955902
0.209445
0.0180498
0.0121945
0.063469
0.279276
0.260614
0.0667313
0.00540871
0.108572
0.274329
0.0039091
0.0264014
0.185293
0.279276
0.272005
0.0720208
0.0205252
0.112724
0.252353
0.0223627
0.0207214
0.0646584
0.279276
0.275254
0.0592948
0.0263701
0.168972
0.282059
0.0116627
0.0471213
0.0766181
0.282059
0.146386
0.028853
0.0112431
0.129383
0.282059
0.00546772
0.173784
0.203207
0.282059
0.282059
0.0678592
0.0162247
0.109331
0.243152
0.0148316
0.0363952
0.0554992
0.282059
0.248467
0.0418259
0.0114064
0.0879994
0.220145
0.020417
0.0616951
0.105258
0.282059
0.149165
0.0231144
0.0071014
0.206799
0.280984
0.00159079
0.125543
0.122073
0.280984
0.199853
0.0381949
0.0131511
0.116539
0.280984
0.000166981
0.0131458
0.0636321
0.280984
0.276492
0.0305451
0.00670877
0.175852
0.280984
0.00519806
0.0496451
0.0495808
0.280984
0.280984
0.0410667
0.0172221
0.126642
0.280984
0.00414419
0.00842681
0.0487892
0.280984
0.119621
0.0364602
0.0125683
0.110731
0.26659
0.000216446
0.00535671
0.0235595
0.274577
0.355381
0.123873
0.0432178
0.078401
0.172387
0.000216446
0.0028031
0.0144893
0.355381
0.213053
0.0317318
0.00976836
0.131044
0.297977
0.00145709
0.00256972
0.0108116
0.260078
0.355381
0.0673091
0.0235802
0.082419
0.184789
0.0060846
0.00392935
0.0108402
0.355381
0.192558
0.0288425
0.015424
0.14534
0.285488
0.0160569
0.0349065
0.100103
0.285488
0.160226
0.0626257
0.0280807
0.262757
0.285488
0.0172296
0.0271355
0.0701063
0.285488
0.269045
0.0161035
0.00753104
0.159058
0.285488
0.0108577
0.02747
0.104837
0.285488
0.133705
0.0513714
0.0138092
0.270094
0.285488
0.0153564
0.0378009
0.0671477
0.208897
0.272628
0.0614466
0.0321078
0.164876
0.272628
0.0227943
0.0328878
0.0954066
0.272628
0.225123
0.105163
0.0139987
0.170391
0.272628
0.0252285
0.0212952
0.0599094
0.272628
0.272628
0.054267
0.0235537
0.151216
0.272628
0.017965
0.0387658
0.0720367
0.272628
0.189051
0.0830413
0.0204176
0.236311
0.272628
0.0126346
0.0146887
0.0388282
0.242002
0.243619
0.0744319
0.013703
0.101532
0.258444
0.0172448
0.0158175
0.120599
0.266497
0.266497
0.0662893
0.0108543
0.172091
0.266497
0.00753578
0.0138012
0.114011
0.266497
0.266497
0.0603906
0.0251789
0.122498
0.266497
0.0188705
0.0224551
0.0445741
0.266497
0.239491
0.0655553
0.0409075
0.248545
0.266497
0.0611775
0.0526995
0.0491439
0.266497
0.279086
0.0731819
0.014189
0.0919304
0.233801
0.00397678
0.014195
0.160669
0.279086
0.268073
0.0789253
0.0328952
0.099623
0.246016
0.025754
0.0225401
0.066595
0.279086
0.279086
0.0508897
0.0388548
0.140436
0.231253
0.0645761
0.0624512
0.066781
0.279086
0.257854
0.0693751
0.0137068
0.170317
0.279086
0.0235834
0.0577518
0.103094
0.279086
0.293138
0.080998
0.0270879
0.092914
0.229439
0.0192842
0.0363672
0.0551404
0.293138
0.260686
0.0498573
0.0104113
0.0680257
0.1806
0.0150458
0.0617792
0.128456
0.293138
0.293138
0.0505838
0.0107361
0.120812
0.293138
0.0166426
0.0405442
0.0963803
0.293138
0.271941
0.0216694
0.0113408
0.0998284
0.269746
0.0104362
0.0140081
0.103851
0.293138
0.274937
0.0348726
0.00501449
0.156639
0.274937
0.00383701
0.0466207
0.0550355
0.274937
0.274937
0.0341422
0.0217722
0.135636
0.274937
0.00252334
0.00540642
0.0545634
0.274937
0.247156
0.0112033
0.00759116
0.202364
0.274937
0.00405874
0.00390681
0.0497919
0.274937
0.228713
0.0158523
0.00859002
0.17398
0.274937
0.00510538
0.0155292
0.0463444
0.274937
0.175834
0.0282047
0.0121663
0.126695
0.28793
0.00134884
0.00128422
0.0111127
0.245509
0.338909
0.0692369
0.029379
0.0701549
0.158279
0.00556647
0.0033056
0.00985874
0.338909
0.134445
0.00914891
0.00355291
0.195751
0.328654
0.0013843
0.00391411
0.00965243
0.26633
0.338909
0.0126684
0.00309314
0.149029
0.235517
0.000241421
0.00334692
0.0130183
0.338909
0.229229
0.0191534
0.0083143
0.15126
0.297127
0.0124888
0.0278749
0.120252
0.297127
0.118297
0.0651002
0.0185724
0.244001
0.297127
0.0162256
0.0292855
0.0621493
0.209483
0.227854
0.0179097
0.00896843
0.171792
0.297127
0.025938
0.0517007
0.0793328
0.297127
0.123406
0.0550316
0.0184792
0.219772
0.297127
0.0241938
0.0361259
0.060229
0.296937
0.266345
0.070216
0.0317253
0.142554
0.26199
0.0211146
0.0358876
0.0700039
0.279405
0.201424
0.0730733
0.0222675
0.247699
0.279405
0.0124814
0.0178388
0.0340578
0.265494
0.250531
0.0736624
0.0410299
0.14461
0.279405
0.0307706
0.0445852
0.0521103
0.279405
0.153165
0.0707576
0.0535905
0.218319
0.279405
0.0215874
0.0104659
0.0568284
0.279405
0.270222
0.0563293
0.0283625
0.13107
0.270222
0.0191742
0.0244759
0.0344753
0.270222
0.270222
0.0872889
0.042565
0.230142
0.270222
0.0495478
0.0413396
0.0435685
0.270222
0.255875
0.0522131
0.0644055
0.135963
0.270222
0.0275615
0.0176173
0.048321
0.270222
0.270222
0.0872181
0.0255612
0.155391
0.270222
0.0348689
0.0331615
0.0320483
0.219189
0.285583
0.0602071
0.0391898
0.114933
0.195765
0.0459272
0.0418215
0.0523993
0.285583
0.205438
0.0633145
0.018795
0.18046
0.285583
0.0287686
0.055028
0.111692
0.285583
0.285583
0.0642759
0.027258
0.0748853
0.18864
0.037348
0.0332475
0.0500059
0.285583
0.250833
0.0302609
0.00449591
0.230628
0.285583
0.000241685
0.0193989
0.142439
0.285583
0.281013
0.0470679
0.0151871
0.113262
0.293655
0.0208355
0.0392113
0.0997706
0.293655
0.267919
0.0178253
0.00967428
0.0892637
0.239656
0.00847097
0.0102705
0.096095
0.293655
0.229361
0.0223594
0.00653446
0.167993
0.293655
2.10255e-05
0.0146631
0.137852
0.293655
0.238064
0.0235136
0.0154641
0.124459
0.228317
0.00614123
0.0179474
0.058236
0.293655
0.282718
0.0125302
0.00705427
0.201458
0.282718
0.00420595
0.00330255
0.0516226
0.282718
0.223247
0.0177319
0.0139014
0.184586
0.282718
0.00318068
0.0112715
0.0509882
0.282718
0.201221
0.0194125
0.0128374
0.232568
0.282718
0.00449509
0.0120612
0.0353604
0.282718
0.150565
0.0306199
0.00868795
0.168279
0.282718
0.0250204
0.0125347
0.0259262
0.282718
0.126151
0.00993797
0.0055306
0.189217
0.313185
0.000704322
0.0027974
0.0105888
0.250243
0.328267
0.0129513
0.00366879
0.141215
0.212375
0.000180024
0.00370642
0.0160142
0.328267
0.0779636
0.00960079
0.00259024
0.183373
0.31259
0.00605288
0.00301683
0.00868017
0.261341
0.328267
0.00254028
0.00120517
0.149815
0.249661
0.00244479
0.00312678
0.00766905
0.328267
0.197673
0.0224276
0.0196953
0.160184
0.291336
0.0218636
0.0542916
0.0836475
0.291336
0.118446
0.0622927
0.0199369
0.205894
0.291336
0.0142734
0.0253402
0.0612813
0.291336
0.241391
0.0420833
0.0459843
0.133568
0.291336
0.0145157
0.0307206
0.0691892
0.291336
0.151129
0.0187068
0.0105558
0.248878
0.291336
0.0109147
0.0211804
0.0888506
0.291336
0.236102
0.0839917
0.0409654
0.140427
0.279028
0.0211646
0.0376924
0.0636074
0.279028
0.185604
0.0654607
0.0539907
0.239705
0.279028
0.0176304
0.0208316
0.0593988
0.279028
0.2414
0.0257084
0.0205431
0.178085
0.279028
0.0178259
0.0385014
0.10564
0.279028
0.109628
0.024437
0.0661032
0.224007
0.279028
0.0204304
0.0431097
0.100923
0.279028
0.269058
0.0489835
0.0643756
0.15962
0.265444
0.0262226
0.0287378
0.0569637
0.269058
0.269058
0.105543
0.0197685
0.172897
0.269058
0.0267492
0.0185491
0.0409114
0.258792
0.206923
0.0310982
0.0808787
0.141516
0.269058
0.0255967
0.0467754
0.0788478
0.269058
0.269058
0.0924517
0.0320317
0.187118
0.269058
0.0134185
0.00937962
0.0763555
0.269058
0.278218
0.0659226
0.0213519
0.0786267
0.182434
0.0275761
0.0163073
0.0544728
0.278218
0.224024
0.0259871
0.00595576
0.250261
0.278218
0.00228776
0.0217376
0.144436
0.278218
0.278218
0.0619055
0.0370592
0.0882142
0.227727
0.0146003
0.00581893
0.0644681
0.278218
0.220628
0.0249278
0.00602688
0.247152
0.278218
0.036084
0.0144913
0.128259
0.278218
0.22362
0.0189541
0.00886151
0.179057
0.292533
0.00209697
0.0185822
0.146146
0.296419
0.249775
0.0200824
0.0160545
0.135554
0.228137
0.00999358
0.0207128
0.0475123
0.296419
0.258099
0.014706
0.00734793
0.166635
0.277543
0.03445
0.0187466
0.124666
0.296419
0.250259
0.0172312
0.0210225
0.139767
0.207911
0.0234552
0.0412362
0.0731795
0.296419
0.227962
0.0226307
0.0135659
0.235513
0.274911
0.00627265
0.0132627
0.0289677
0.274911
0.178066
0.0328974
0.00984978
0.163089
0.274911
0.0201926
0.018575
0.0276705
0.274911
0.274911
0.0317313
0.0154033
0.218384
0.274911
0.0136827
0.0320839
0.0484133
0.274911
0.265646
0.0475718
0.00286187
0.141776
0.272596
0.00931989
0.0147313
0.0718
0.274911
0.0948153
0.0137638
0.00340068
0.186231
0.324558
0.00471782
0.00442157
0.00912224
0.265144
0.331902
0.00443668
0.00122281
0.155421
0.265089
0.00196188
0.00280724
0.00992025
0.331902
0.178565
0.0335315
0.000463015
0.1492
0.282088
0.0019334
0.00355982
0.0189738
0.237286
0.331902
0.0323364
0.000300397
0.106012
0.202148
0.0006691
0.00137636
0.0221919
0.331902
0.209717
0.0351358
0.0462013
0.122107
0.274543
0.024014
0.04303
0.0715881
0.274543
0.213339
0.0215873
0.00809702
0.218944
0.274543
0.00639087
0.0140372
0.0640504
0.274543
0.22754
0.0524116
0.0411936
0.186822
0.274543
0.0160344
0.0172258
0.0785372
0.274543
0.241617
0.0313419
0.0105717
0.256827
0.274543
0.00806381
0.0195061
0.0717713
0.274543
0.274894
0.0327235
0.0171524
0.170633
0.274894
0.013681
0.0336695
0.0942496
0.274894
0.158019
0.0265212
0.0769856
0.23394
0.274894
0.018944
0.049099
0.0926938
0.274894
0.260479
0.0539889
0.0131579
0.195631
0.274894
0.0142082
0.0369279
0.0835386
0.274894
0.112948
0.028447
0.00805185
0.181766
0.274894
0.0127687
0.0590063
0.116001
0.274894
0.227453
0.0330986
0.0909517
0.162084
0.273781
0.026444
0.0559972
0.0858838
0.273781
0.273781
0.0777994
0.0311001
0.234709
0.273781
0.0184183
0.00569224
0.075305
0.273781
0.155018
0.0503961
0.0116712
0.107764
0.273781
0.0191367
0.0608579
0.0872272
0.273781
0.227975
0.0713902
0.0169879
0.220495
0.273781
0.0143601
0.0172942
0.0502862
0.273146
0.271756
0.0533378
0.033933
0.109591
0.242098
0.0191672
0.00252046
0.0621922
0.271756
0.247978
0.0422873
0.00694707
0.240991
0.271756
0.0312443
0.0150401
0.130596
0.271756
0.270249
0.0674367
0.0228621
0.101865
0.263603
0.0155458
0.013384
0.0452072
0.271756
0.200284
0.0612571
0.0283035
0.164739
0.271756
0.00884872
0.0347115
0.176052
0.271756
0.281324
0.0267223
0.00976385
0.170101
0.263037
0.0318646
0.0176288
0.133346
0.288624
0.280317
0.0185783
0.0245328
0.152114
0.208665
0.023754
0.0388953
0.0635547
0.288624
0.272742
0.0369278
0.0311459
0.116199
0.288624
0.0102002
0.0372431
0.170763
0.288624
0.202566
0.0152655
0.00274384
0.0955534
0.236657
0.0202373
0.0525297
0.0593668
0.288624
0.272964
0.0332584
0.019628
0.236503
0.272964
0.0137932
0.0279246
0.0423947
0.272964
0.272964
0.0452434
0.00465306
0.139303
0.272964
0.00884151
0.0283306
0.0739119
0.272964
0.240056
0.00507594
0.00116351
0.19555
0.272964
0.0129394
0.0321107
0.0295365
0.272964
0.188502
0.0139105
0.00234606
0.153034
0.272964
0.0273863
0.0295242
0.0903153
0.272964
0.196001
0.0348074
0.000796659
0.153586
0.308216
0.00203373
0.00711001
0.0202099
0.253138
0.34221
0.0368711
0.00573595
0.114695
0.213602
0.0136561
0.00174254
0.022062
0.34221
0.14291
0.0145167
0.00368732
0.153502
0.29093
0.00803019
0.00741513
0.0275746
0.198792
0.34221
0.0468762
0.0460644
0.115961
0.235873
0.0619973
0.00914696
0.037211
0.34221
0.200905
0.0447891
0.0346857
0.160439
0.272714
0.024325
0.02347
0.0788234
0.272714
0.272714
0.0317358
0.00903797
0.220276
0.272714
0.00632378
0.0107927
0.0533174
0.272714
0.264482
0.0614736
0.0121952
0.0943721
0.254172
0.00597252
0.0249373
0.108494
0.272714
0.251858
0.0209319
0.0025391
0.221397
0.272714
0.0108974
0.0049203
0.0536978
0.272714
0.278019
0.0578629
0.0114788
0.176675
0.278019
0.0119259
0.022507
0.0713848
0.278019
0.142516
0.0279137
0.0123209
0.162079
0.278019
0.00980784
0.0438794
0.101158
0.278019
0.228206
0.0249819
0.00361043
0.176131
0.278019
0.0164812
0.0103918
0.0996073
0.278019
0.278019
0.0516962
0.006084
0.150569
0.278019
0.00174434
0.0253953
0.0823584
0.278019
0.175277
0.0561405
0.0170719
0.106376
0.280455
0.0179421
0.0532589
0.100783
0.280455
0.219184
0.0721242
0.0225326
0.253609
0.280455
0.0146745
0.0205201
0.0594844
0.280455
0.280455
0.0557038
0.00823847
0.0920757
0.222214
0.00928093
0.0301389
0.101342
0.280455
0.280455
0.0576778
0.00507238
0.14653
0.280455
0.0256584
0.029347
0.111479
0.280455
0.262769
0.074714
0.0277373
0.116455
0.262769
0.0173112
0.0198409
0.054609
0.262769
0.262769
0.0891868
0.0262233
0.189824
0.262769
0.0101229
0.0477911
0.191453
0.262769
0.204158
0.0353691
0.00548115
0.0719006
0.262769
0.0303818
0.0328853
0.105688
0.262769
0.215488
0.0326862
0.0371209
0.262769
0.262769
0.0342632
0.0964063
0.111871
0.262769
0.286578
0.0631566
0.0322073
0.13814
0.286578
0.0131501
0.0537894
0.198214
0.286578
0.240453
0.0289122
0.00597412
0.118391
0.252405
0.0151404
0.0493516
0.0643585
0.286578
0.223339
0.029646
0.0279166
0.14304
0.220107
0.0394222
0.106567
0.145295
0.286578
0.180599
0.0331543
0.0189362
0.129838
0.286578
0.0271873
0.0451421
0.0851409
0.286578
0.262673
0.0101123
0.00397591
0.228616
0.284844
0.0109682
0.0290103
0.0326196
0.284844
0.21133
0.0157517
0.00653121
0.160945
0.284844
0.0321277
0.0431266
0.101211
0.284844
0.214989
0.0257366
0.0104722
0.121852
0.284844
0.0194313
0.0268793
0.0632012
0.284844
0.223985
0.00924327
0.00175659
0.105151
0.284844
0.0137758
0.0421776
0.115312
0.284844
0.154738
0.0173013
0.0047711
0.15504
0.30423
0.00919505
0.01119
0.0294151
0.217871
0.352698
0.0587324
0.0519204
0.116902
0.225335
0.0753781
0.00717207
0.0383141
0.352698
0.147749
0.0127474
0.000447792
0.130988
0.302196
0.00388262
0.0110857
0.0339835
0.230462
0.352698
0.0274272
0.00385635
0.101475
0.196489
0.00309467
0.00565904
0.0252046
0.352698
0.270775
0.0554344
0.00956334
0.108438
0.275789
0.00778436
0.0205957
0.0866495
0.275789
0.275789
0.0234166
0.00262708
0.233535
0.275789
0.00889597
0.0043737
0.0440818
0.275789
0.148361
0.0162555
0.00708106
0.130046
0.275789
0.0126601
0.0275253
0.0409135
0.275789
0.220191
0.00423348
0.00131971
0.26302
0.275789
0.00715599
0.0146882
0.0480764
0.275789
0.257378
0.0294405
0.0037987
0.171436
0.27184
0.012478
0.00800774
0.0780536
0.27184
0.27184
0.0418345
0.00750398
0.144064
0.27184
0.000515394
0.0192329
0.0735962
0.27184
0.161436
0.00649229
0.0040457
0.209549
0.27184
0.00889166
0.0269494
0.0833607
0.27184
0.27184
0.0102533
0.00297998
0.214333
0.27184
7.36277e-05
0.0307403
0.0712173
0.27184
0.282716
0.05134
0.0105624
0.0966954
0.239296
0.00586468
0.0263392
0.103678
0.282716
0.279744
0.055772
0.011142
0.171048
0.282716
0.0176627
0.0270341
0.113533
0.282716
0.209542
0.0220412
0.00864671
0.161202
0.282716
0.00510046
0.0500294
0.118374
0.282716
0.148013
0.0287339
0.0247925
0.168462
0.282716
0.0418676
0.0358761
0.115282
0.282716
0.189508
0.0381186
0.00931627
0.0843659
0.276908
0.0232872
0.0341339
0.119346
0.276908
0.241711
0.034237
0.0255288
0.276908
0.276908
0.0365687
0.0870072
0.123668
0.276908
0.131559
0.0279217
0.0234308
0.0774509
0.276908
0.0336259
0.0351573
0.100778
0.276908
0.24762
0.0748368
0.0281932
0.226779
0.276908
0.0454791
0.0390978
0.0709279
0.276908
0.222787
0.0332925
0.0188368
0.142305
0.217216
0.0393534
0.0963475
0.161601
0.286868
0.190399
0.0395027
0.0189997
0.136219
0.286868
0.0227584
0.0461953
0.0962419
0.286868
0.27756
0.0533641
0.0283288
0.116107
0.286868
0.0383685
0.0438162
0.0848997
0.286868
0.19239
0.0283551
0.0055271
0.22285
0.286868
0.00680002
0.0209176
0.0840256
0.286868
0.213732
0.0318256
0.0126976
0.129507
0.295073
0.0185288
0.0319125
0.0745943
0.295073
0.214106
0.0171615
0.00377991
0.105123
0.256848
0.0163993
0.0517518
0.12661
0.295073
0.22543
0.0166159
0.0042018
0.147406
0.295073
0.00228294
0.0156304
0.0696584
0.295073
0.257593
0.0224104
0.00433949
0.1246
0.295073
0.0197295
0.0415728
0.123937
0.295073
0.163325
0.0244877
0.00320227
0.13977
0.293516
0.00541192
0.0169365
0.0378421
0.247693
0.356963
0.0457471
0.00794944
0.102837
0.176902
0.00139531
0.0099539
0.0232866
0.356963
0.190134
0.0539745
0.0104568
0.107982
0.28229
0.00587833
0.0173275
0.0352861
0.294179
0.356963
0.0874245
0.0253341
0.0618821
0.132833
0.00451326
0.0204365
0.0269826
0.356963
0.158131
0.0233924
0.0148259
0.145395
0.275471
0.014295
0.0368404
0.0401006
0.275471
0.262404
0.00742384
0.0024397
0.275471
0.275471
0.00789231
0.0180677
0.039794
0.275471
0.146067
0.0754702
0.0690913
0.203397
0.275471
0.0355487
0.048384
0.101331
0.275471
0.226997
0.0184033
0.00791114
0.237237
0.275471
0.0035588
0.0148397
0.0241056
0.275471
0.171116
0.0121895
0.00428799
0.205217
0.281714
0.00973619
0.0278289
0.0677985
0.281714
0.274599
0.0149861
0.0015356
0.21319
0.281714
0.00137586
0.02539
0.061191
0.281714
0.138013
0.019264
0.0104184
0.173812
0.281714
0.00570121
0.023405
0.0599622
0.281714
0.233748
0.0228378
0.01326
0.225521
0.281714
0.00595311
0.0123699
0.0479572
0.281714
0.218213
0.0312416
0.0068493
0.171247
0.286786
0.00765599
0.0427891
0.110466
0.286786
0.153899
0.0283335
0.0242879
0.188362
0.286786
0.0357906
0.0315246
0.11101
0.286786
0.186479
0.0434235
0.0236777
0.186856
0.286786
0.0126824
0.0214503
0.114079
0.286786
0.187769
0.0254965
0.00792423
0.186443
0.286786
0.0548211
0.0349923
0.118678
0.286786
0.121823
0.0263929
0.0213223
0.0853197
0.279675
0.0276833
0.0285791
0.101455
0.291725
0.225887
0.0571041
0.0193973
0.25051
0.291725
0.0443997
0.0250378
0.0771932
0.291725
0.15566
0.0312467
0.0138869
0.0820159
0.164731
0.0343437
0.0285778
0.0982134
0.291725
0.291725
0.0677361
0.0201238
0.291725
0.291725
0.0118342
0.00607997
0.0612889
0.291725
0.212222
0.0362239
0.0180493
0.113771
0.281166
0.0314422
0.0268707
0.0854103
0.281166
0.170107
0.0215322
0.00365183
0.204705
0.281166
0.00529461
0.0253116
0.0800887
0.281166
0.281166
0.0467444
0.0224867
0.153102
0.281166
0.00661433
0.00695371
0.0647004
0.281166
0.156323
0.020431
0
0.281166
0.281166
0.0014184
0.0132787
0.0836022
0.281166
0.211326
0.015297
0.00380202
0.150801
0.282808
0.00192794
0.0221041
0.0706478
0.294463
0.232622
0.0246276
0.00510239
0.126078
0.251092
0.0207992
0.0421363
0.125082
0.294463
0.231254
0.0140158
0
0.185512
0.294463
0.00150211
0.0123916
0.077356
0.294463
0.265777
0.0142158
0.00495408
0.154169
0.262838
0.00235993
0.00812719
0.0615381
0.294463
0.191215
0.059237
0.0167237
0.125453
0.273227
0.00779881
0.0191874
0.0391005
0.302596
0.34667
0.0959664
0.0375742
0.0666374
0.135192
0.00561052
0.0202713
0.0290702
0.34667
0.186701
0.0812572
0.0220824
0.118698
0.245791
0.00230434
0.00459201
0.0190374
0.323807
0.34667
0.140711
0.0454974
0.0496207
0.118497
0.00410427
0.00781713
0.0157527
0.34667
0.164512
0.0848371
0.0671633
0.170155
0.268787
0.0292792
0.0574393
0.107945
0.268787
0.24829
0.0222719
0.00818733
0.224047
0.268787
0.00202544
0.0156598
0.0241155
0.268787
0.109784
0.0239475
0.00965075
0.174951
0.268787
0.0585918
0.0737358
0.263401
0.268787
0.268787
0.0576765
0.00999558
0.147575
0.268787
0.0156256
0.0308987
0.0708967
0.268787
0.152758
0.0254887
0.0119565
0.183266
0.276747
0.00534018
0.0242322
0.0625976
0.276747
0.276559
0.0338619
0.0120062
0.230338
0.276747
0.00817232
0.00959978
0.0512561
0.276747
0.237729
0.0558802
0.019746
0.116521
0.251666
0.0302701
0.0472986
0.0841531
0.276747
0.276747
0.0354536
0.011489
0.163287
0.276747
0.0111123
0.0463687
0.117998
0.276747
0.210358
0.0542049
0.0204672
0.187148
0.270161
0.0163512
0.0163664
0.116198
0.270161
0.185043
0.025635
0.00711928
0.18222
0.270161
0.0526677
0.0328191
0.121623
0.270161
0.260866
0.0370203
0.0205211
0.151269
0.270161
0.0221539
0.0424906
0.132676
0.270161
0.270161
0.0515911
0.00887629
0.18201
0.270161
0.0102045
0.020755
0.103084
0.270161
0.141083
0.0297191
0.0110714
0.0834167
0.174889
0.0344765
0.026251
0.101261
0.296114
0.295928
0.0634766
0.0148091
0.296114
0.296114
0.0130059
0.00530853
0.0623431
0.296114
0.188007
0.0348114
0.0137139
0.097831
0.18973
0.0144222
0.0120414
0.0790069
0.281376
0.217843
0.0409717
0.0106565
0.296114
0.296114
0.0109777
0.0095163
0.046686
0.296114
0.259623
0.0438829
0.0155901
0.147732
0.277297
0.00826876
0.00587771
0.0585041
0.277297
0.150231
0.0177035
0.000278859
0.269697
0.277297
0.000911585
0.0137216
0.0697049
0.277297
0.241186
0.0312486
0.0149874
0.145554
0.277297
0.0118101
0.00948308
0.0405942
0.277297
0.15921
0.0249538
0.00981681
0.277297
0.277297
0.000976176
0.0181127
0.0594752
0.277297
0.244092
0.013816
0.000332185
0.184974
0.286457
0.00101385
0.0127863
0.0635549
0.293383
0.25001
0.017871
0.00618682
0.153711
0.245494
0.000714782
0.00585459
0.0685763
0.293383
0.293383
0.0288868
0.0117482
0.182611
0.259123
0.000985921
0.0156411
0.045955
0.293383
0.26404
0.0249249
0.0119323
0.142088
0.199748
0.0049922
0.00890815
0.0582572
0.293383
0.190584
0.0674719
0.0255276
0.134709
0.251779
0.00224097
0.00257995
0.0218281
0.332546
0.342749
0.111021
0.0511317
0.0566522
0.136856
0.00629313
0.00560467
0.02288
0.342749
0.208132
0.0550488
0.00626794
0.122742
0.217441
0.00182293
0.00306626
0.0326372
0.338788
0.342749
0.0698085
0.00320254
0.0547485
0.135428
0.00333596
0.00877638
0.0870554
0.342749
0.138088
0.035264
0.00734422
0.163242
0.278046
0.0444377
0.0724711
0.250032
0.278046
0.278046
0.0594492
0.00811551
0.166468
0.278046
0.010491
0.0310925
0.0632567
0.278046
0.135489
0.107346
0.00813904
0.101018
0.239335
0.0160082
0.0392698
0.195093
0.278046
0.234329
0.0387278
0.00243488
0.157881
0.278046
0.00506918
0.0225375
0.0959612
0.278046
0.243494
0.0553976
0.0169624
0.133448
0.227672
0.0261053
0.0470358
0.0770301
0.277781
0.277781
0.038476
0.0114224
0.182628
0.277781
0.0151803
0.047571
0.119889
0.277781
0.185963
0.0324522
0.00624465
0.136812
0.277781
0.0296425
0.0510368
0.121521
0.277781
0.209774
0.0246337
0.00759948
0.236938
0.277781
0.0343384
0.057036
0.108959
0.277781
0.228099
0.034014
0.0185322
0.143958
0.269491
0.0266616
0.037538
0.134835
0.269491
0.269491
0.0484871
0.0103497
0.153864
0.269491
0.00548446
0.0208651
0.10287
0.269491
0.133809
0.0367098
0.0150285
0.17923
0.269491
0.0611263
0.069703
0.139022
0.269491
0.269491
0.0216832
0.00370917
0.224165
0.269491
0.00723046
0.0417983
0.0997692
0.269491
0.171804
0.0366607
0.0142862
0.0848267
0.197772
0.011081
0.0141892
0.0949859
0.295233
0.211617
0.0416755
0.00824027
0.295233
0.295233
0.0111827
0.0110446
0.0478407
0.295233
0.17035
0.0202191
0.00692507
0.119294
0.292105
0.0119053
0.0401278
0.122047
0.295233
0.13081
0.0220762
0.0205961
0.295233
0.295233
0.0239332
0.0188748
0.0471907
0.295233
0.25814
0.035137
0.0121936
0.154785
0.280568
0.0140591
0.0118814
0.0443943
0.280568
0.174366
0.0232175
0.00825821
0.280568
0.280568
0.00391334
0.0201175
0.0557506
0.280568
0.165538
0.0246712
0.0210317
0.201528
0.280568
0.0269445
0.0216043
0.0567469
0.280568
0.113605
0.0257606
0.0130248
0.271005
0.280568
0.0109035
0.0282436
0.033621
0.280568
0.291239
0.0276577
0.00986731
0.193969
0.291239
0.00428938
0.0167861
0.0432751
0.291239
0.285921
0.0283561
0.0152076
0.151955
0.229016
0.00799327
0.0133257
0.0649559
0.291239
0.263013
0.0222691
0.0109831
0.135079
0.286795
0.0125979
0.0274159
0.0302125
0.291239
0.198731
0.0244081
0.00945579
0.101307
0.24343
0.035832
0.0343693
0.057936
0.291239
0.228372
0.0604504
0.00782503
0.125071
0.233035
0.00359761
0.00485797
0.034874
0.350186
0.350186
0.0771977
0.00533343
0.0495764
0.143234
0.00329075
0.00680476
0.0969943
0.350186
0.165428
0.0569035
0.0050466
0.0877733
0.205316
0.0148551
0.0145218
0.031379
0.325771
0.350186
0.0926219
0.00581825
0.0602675
0.141489
0.00518149
0.00870166
0.030853
0.350186
0.17296
0.120715
0.0137614
0.149805
0.285245
0.00995454
0.0609795
0.264127
0.285245
0.275411
0.0474215
0.00224217
0.222033
0.285245
0.00376332
0.0379856
0.121404
0.285245
0.127756
0.0325835
0.0453893
0.118854
0.182069
0.0243642
0.0669439
0.106517
0.267157
0.145729
0.0447319
0.00588123
0.109303
0.285245
0.0149679
0.0637676
0.183001
0.285245
0.175884
0.0340684
0.00661831
0.151082
0.282727
0.0244168
0.0567294
0.113042
0.282727
0.230346
0.0387431
0.0133252
0.245304
0.282727
0.0304452
0.0661513
0.116942
0.282727
0.0999608
0.0458768
0.0071551
0.102996
0.270649
0.0240325
0.0452676
0.110766
0.231397
0.246469
0.0584791
0.0541696
0.282727
0.282727
0.0110413
0.0294387
0.0497047
0.282727
0.129874
0.0428131
0.0191319
0.155938
0.278554
0.0467763
0.0603947
0.122053
0.243679
0.278554
0.0381911
0.00350928
0.191064
0.278554
0.00477135
0.0341558
0.0922679
0.278554
0.159081
0.0572015
0.051866
0.250219
0.278554
0.0148848
0.0351467
0.056467
0.278554
0.226274
0.0808808
0.00534517
0.196647
0.278554
0.00177369
0.0430145
0.106153
0.278554
0.191015
0.0383679
0.00830641
0.113611
0.280222
0.0104666
0.0369965
0.136332
0.284698
0.145427
0.0230697
0.0201872
0.284698
0.284698
0.0347377
0.0195086
0.0469546
0.284698
0.140971
0.0594129
0.00833573
0.122662
0.284698
0.00456292
0.0546355
0.145973
0.284698
0.16345
0.0644075
0.0133194
0.284698
0.284698
0.0245936
0.0364191
0.0501293
0.279022
0.182789
0.0279173
0.0230237
0.220483
0.284556
0.0408707
0.0244422
0.0713297
0.284556
0.116211
0.0308102
0.0125975
0.284556
0.284556
0.0136109
0.0287755
0.0494192
0.284556
0.189706
0.0380135
0.0175642
0.176441
0.284556
0.028522
0.0438442
0.0775634
0.284556
0.134096
0.0377695
0.0183454
0.284556
0.284556
0.0100909
0.0323505
0.0848448
0.238276
0.288159
0.0251688
0.0111905
0.168271
0.290341
0.0164801
0.0285689
0.0546755
0.290341
0.237532
0.0216721
0.0129093
0.12276
0.27424
0.0437129
0.0413935
0.0632784
0.290341
0.283559
0.0255652
0.0166141
0.177994
0.287159
0.0125634
0.0359588
0.102691
0.290341
0.197417
0.0138162
0.0067161
0.117375
0.191411
0.021566
0.057183
0.0807939
0.290341
0.181629
0.0713306
0.0126378
0.095193
0.227274
0.0179569
0.0169118
0.0315734
0.358559
0.369657
0.125603
0.018988
0.062323
0.154506
0.00442017
0.00715315
0.0385183
0.369657
0.212685
0.0543623
0.0110541
0.0501446
0.104785
0.0109802
0.0204857
0.0308425
0.312307
0.369657
0.0854326
0.0182182
0.0342172
0.0930487
0.00763068
0.0107859
0.0194411
0.369657
0.154218
0.0340717
0.0533036
0.143832
0.243951
0.0260183
0.097328
0.13369
0.280356
0.173471
0.0716175
0.0129161
0.140239
0.280356
0.0184717
0.0903797
0.221937
0.280356
0.226297
0.155366
0.085706
0.117162
0.201749
0.0365863
0.0549945
0.0712101
0.280356
0.280356
0.0486295
0.0475578
0.161123
0.280356
0.0165778
0.0087373
0.153236
0.280356
0.108948
0.0609588
0.0142321
0.116872
0.273497
0.0271279
0.0615806
0.127994
0.258352
0.265598
0.070582
0.0446117
0.273497
0.273497
0.0136252
0.0388806
0.0655465
0.273497
0.190175
0.0501451
0.0506106
0.13923
0.273497
0.0300331
0.0164913
0.079353
0.273497
0.272302
0.0469968
0.0174885
0.199338
0.273497
0.0103981
0.0239142
0.125718
0.273497
0.15435
0.0603088
0.0408602
0.230674
0.278278
0.0176759
0.0416658
0.0626681
0.278278
0.278278
0.0888648
0.00868969
0.1954
0.278278
0.00174632
0.0362411
0.103703
0.278278
0.152626
0.0443135
0.0164793
0.154395
0.278278
0.0187343
0.032231
0.0868219
0.242675
0.278278
0.0608627
0.00774437
0.148055
0.278278
0.00313821
0.0242907
0.114183
0.278278
0.195569
0.0765727
0.0126278
0.131723
0.285579
0.00632351
0.0524206
0.154393
0.285579
0.168785
0.0588896
0.0229234
0.285579
0.285579
0.0388571
0.0351982
0.0660194
0.285579
0.202637
0.0472509
0.00687207
0.107647
0.285579
0.0118427
0.0406573
0.133863
0.285579
0.120102
0.0670202
0.0235795
0.285579
0.285579
0.0226889
0.0261861
0.0902332
0.186305
0.188316
0.0381452
0.0255112
0.204575
0.283377
0.0411707
0.0421795
0.103039
0.283377
0.140203
0.0558598
0.0217395
0.283377
0.283377
0.00692005
0.0253592
0.108669
0.277795
0.113749
0.0390964
0.0188628
0.177541
0.283377
0.0281872
0.0323667
0.10287
0.283377
0.13699
0.0492989
0.0144131
0.283377
0.283377
0.0237145
0.0226084
0.0583553
0.257873
0.285645
0.0449716
0.0241854
0.226277
0.285645
0.00924273
0.0320724
0.140922
0.285645
0.217003
0.0160253
0.00909114
0.142686
0.203057
0.021884
0.0559623
0.0871084
0.285645
0.285645
0.0359252
0.0161805
0.133577
0.285645
0.0279789
0.0365905
0.0792502
0.285645
0.208972
0.0623904
0.0293934
0.110207
0.21071
0.0139261
0.0547833
0.127646
0.285645
0.228274
0.0732446
0.0207528
0.060154
0.116389
0.0108766
0.0204633
0.0294734
0.349
0.393433
0.117751
0.0322154
0.0416732
0.105392
0.00811495
0.00927523
0.0168375
0.393433
0.225945
0.0568479
0.0138557
0.0391951
0.0739552
0.0056176
0.0251171
0.0490751
0.270593
0.393433
0.0719384
0.0111311
0.0398792
0.0943394
0.00262881
0.0127816
0.0255549
0.393433
0.210728
0.115642
0.0575542
0.113734
0.196055
0.0317412
0.0619825
0.0685934
0.28262
0.28262
0.0757181
0.0400875
0.152173
0.28262
0.0135043
0.0220589
0.139525
0.28262
0.0847643
0.121101
0.18586
0.160982
0.28262
0.212759
0.0552146
0.0380177
0.190442
0.28262
0.127904
0.0603148
0.0897034
0.188783
0.0194702
0.112806
0.151998
0.28262
0.194883
0.0784596
0.0522904
0.148772
0.266576
0.0328123
0.0304996
0.0921574
0.266576
0.262539
0.0650924
0.0162398
0.194107
0.266576
0.0158957
0.0297284
0.134358
0.266576
0.266576
0.139199
0.0763085
0.101604
0.187204
0.0363964
0.0788283
0.0939288
0.266576
0.266576
0.139868
0.0429143
0.150525
0.266576
0.0206766
0.0434705
0.131637
0.266576
0.152802
0.0616899
0.017915
0.157755
0.277802
0.0303485
0.0439568
0.0992006
0.255209
0.277802
0.115119
0.0167083
0.162805
0.277802
0.00486196
0.0266246
0.12659
0.277802
0.188136
0.140623
0.0541024
0.129265
0.277802
0.0338298
0.041284
0.0863256
0.257016
0.277802
0.0981438
0.0228312
0.161456
0.277802
0.0106035
0.0325471
0.0840665
0.277802
0.215951
0.0905793
0.0141274
0.113153
0.275363
0.0156797
0.0451545
0.131924
0.275363
0.116578
0.0671765
0.0287332
0.275363
0.275363
0.021891
0.0316861
0.0919822
0.208174
0.199845
0.0859454
0.0264936
0.133107
0.275363
0.0179737
0.0507838
0.0977525
0.275363
0.236653
0.145716
0.0136148
0.274125
0.275363
0.0138337
0.0370565
0.0364681
0.275363
0.123637
0.0387703
0.0226118
0.187319
0.289755
0.0270702
0.0379017
0.101707
0.289755
0.143865
0.0563297
0.0190237
0.289755
0.289755
0.0195155
0.0305328
0.0716825
0.269087
0.187787
0.0973265
0.0135906
0.174228
0.280051
0.0149693
0.039581
0.054333
0.289755
0.145438
0.0550711
0.0172531
0.289755
0.289755
0.0222209
0.0403859
0.0773717
0.230777
0.284059
0.0480408
0.0238908
0.159014
0.284059
0.0226487
0.0499097
0.0942877
0.284059
0.199913
0.044835
0.0296654
0.129384
0.228537
0.018836
0.0536394
0.1148
0.284059
0.258249
0.033546
0.0172711
0.155652
0.284059
0.0271323
0.0603769
0.11265
0.284059
0.248458
0.0484379
0.0421419
0.116622
0.259596
0.0488069
0.0466791
0.0778418
0.284059
0.217005
0.0677445
0.0169661
0.0404179
0.0777049
0.00708638
0.0253363
0.0410125
0.293905
0.3923
0.0890716
0.011176
0.0422256
0.10489
0.00253193
0.0103187
0.023873
0.3923
0.242132
0.0568067
0.0164398
0.0445402
0.101036
0.0195383
0.0229766
0.0317113
0.346021
0.3923
0.0713075
0.00904552
0.0374819
0.10303
0.0121905
0.0104144
0.0327947
0.3923
