0.179397
0.0543279
0.0234
0.153935
0.284112
0.0231335
0.0397572
0.0536261
0.212962
0.284112
0.0530581
0.0105437
0.181224
0.284112
0.0119695
0.0528289
0.150531
0.284112
0.201656
0.0349601
0.0298689
0.106965
0.279782
0.0290403
0.093042
0.0876033
0.135456
0.284112
0.0625082
0.0217833
0.0932996
0.275458
0.0315285
0.187487
0.226864
0.284112
0.273039
0.0416649
0.00717683
0.190777
0.273039
0.00806762
0.0407713
0.111099
0.273039
0.273039
0.273039
0.0188242
0.106173
0.234925
0.00618652
0.00595341
0.00451797
0.0188382
0.273039
0.0496651
0.0145547
0.0746663
0.273039
0.0248386
0.16109
0.177391
0.273039
0.219962
0.273039
0.0602144
0.126041
0.273039
0.00900517
0.0122362
0.021987
0.00897237
0.287111
0.287111
0.0398785
0.211275
0.287111
0.0317994
0.0244978
0.0118896
0.0266253
0.213944
0.255305
0.0139525
0.196071
0.287111
0.126531
0.0610909
0.107489
0.104676
0.287111
0.287111
0.116696
0.221924
0.287111
0.0377903
0.0254312
0.0396461
0.0178552
0.0861592
0.11189
0.0159397
0.0626277
0.287111
0.0925128
0.0197046
0.0098514
0.00312428
0.0897538
0.0489537
0.00966089
0.189226
0.297351
0.125648
0.107114
0.184126
0.115918
0.202468
0.0372134
0.0139615
0.297351
0.297351
0.239427
0.235388
0.297351
0.294908
0.0107273
0.00290008
0.0070796
0.033145
0.154088
0.0873508
0.0289451
0.0470061
0.0385465
0.148536
0.0101845
0.0141153
0.03248
0.0872798
0.0192802
0.1941
0.297351
0.297351
0.175718
0.0659877
0.0390898
0.289929
0.294839
0.201228
0.257245
0.294839
0.294839
0.134386
0.0784149
0.0635776
0.119547
0.165415
0.051686
0.0402006
0.0932402
0.181281
0.205009
0.0809582
0.0276701
0.0546478
0.14103
0.021093
0.199801
0.294839
0.294839
0.151417
0.146459
0.0658707
0.082256
0.136843
0.0200488
0.0283149
0.101451
0.154341
0.257753
0.247639
0.189782
0.203855
0.257753
0.0674196
0.0530411
0.171631
0.257753
0.0146182
0.0646785
0.0736151
0.256443
0.257753
0.135287
0.0359571
0.019309
0.00792755
0.257753
0.257753
0.160839
0.216917
0.257753
0.0400792
0.053648
0.168527
0.257753
0.0397368
0.116744
0.153842
0.152963
0.140132
0.0849358
0.0344976
0.016829
0.0278222
0.0125333
0.0789772
0.0919845
0.263063
0.303846
0.188125
0.0985727
0.0462975
0.0344168
0.292651
0.213976
0.0428022
0.0594551
0.127199
0.0824473
0.22523
0.303846
0.303846
0.0518801
0.164821
0.164157
0.153417
0.124548
0.0820106
0.0572045
0.0447992
0.0580221
0.303846
0.0426801
0.0291297
0.0237423
0.0335441
0.0371534
0.0909978
0.264848
0.303846
0.18699
0.0671605
0.0382087
0.11485
0.262198
0.0272554
0.100372
0.0938755
0.148035
0.262198
0.084985
0.0161634
0.0845461
0.262198
0.0400414
0.215728
0.246856
0.262198
0.247863
0.110898
0.0218866
0.198357
0.262198
0.015595
0.0244986
0.053936
0.262198
0.262198
0.111023
0.0226208
0.157648
0.262198
0.0137343
0.0234325
0.0784072
0.262198
0.268697
0.0829728
0.0152555
0.0777092
0.268697
0.0351492
0.197687
0.206259
0.268697
0.268697
0.268697
0.0599412
0.121581
0.268697
0.0159955
0.00909874
0.0233966
0.0223256
0.268697
0.109356
0.01334
0.119207
0.163703
0.0086295
0.0176225
0.0745121
0.268697
0.268697
0.182357
0.0197323
0.258301
0.268697
0.0241427
0.0146215
0.0145868
0.0422886
0.317633
0.317633
0.115011
0.204654
0.317633
0.0442983
0.0197856
0.0388711
0.043908
0.10978
0.117218
0.016058
0.0593907
0.313505
0.0851471
0.0168151
0.00445813
0.0012991
0.317633
0.317633
0.03955
0.317633
0.317633
0.0390877
0.0190283
0.0207225
0.0906899
0.0251248
0.0286041
0.0137309
0.0990556
0.264715
0.0598581
0.0133016
0.00675355
0.00231868
0.0167331
0.00439527
0.010919
0.0394361
0.196152
0.0993624
0.0255038
0.0489695
0.0556615
0.130426
0.0137794
0.0213342
0.0338565
0.0915879
0.0317142
0.301213
0.3943
0.3943
0.0046031
0.00707362
0.0114298
0.0613816
0.201223
0.0668138
0.00618798
0.00243929
0.000949335
0.325698
0.0297552
0.0276627
0.0510522
0.0941898
0.0381041
0.181893
0.3943
0.3943
0.199689
0.0635942
0.0191979
0.0501249
0.141859
0.0304932
0.218805
0.297449
0.297449
0.19313
0.124549
0.0458777
0.0749397
0.175765
0.0251194
0.0439148
0.121312
0.186264
0.212504
0.034512
0.015497
0.0863234
0.172619
0.038005
0.0871626
0.297449
0.297449
0.229758
0.0584929
0.0135387
0.149886
0.297449
0.00358807
0.0324445
0.192905
0.297449
0.313873
0.313873
0.0977506
0.185835
0.313873
0.0394338
0.0614953
0.13846
0.298211
0.0319311
0.114055
0.137114
0.151267
0.126854
0.0762086
0.0327459
0.0224231
0.0253644
0.313873
0.149265
0.0321035
0.313873
0.313873
0.00824827
0.0101164
0.102926
0.313873
0.0200465
0.0477116
0.0594675
0.0607566
0.120089
0.0554318
0.0408586
0.0672129
0.0732666
0.0506123
0.193722
0.197532
0.189608
0.131186
0.0844399
0.0595812
0.0539143
0.0531712
0.333053
0.0389382
0.0400598
0.0254765
0.0390817
0.0511899
0.0890987
0.326723
0.392304
0.0361229
0.10678
0.0904087
0.100286
0.165295
0.0694567
0.0643848
0.0766778
0.0479038
0.392304
0.0922525
0.0301339
0.10849
0.186843
0.0229555
0.0382157
0.150304
0.392304
0.265515
0.208434
0.0251514
0.158408
0.265515
0.0132083
0.0186985
0.0488838
0.265515
0.265515
0.172799
0.0200577
0.126291
0.254779
0.0168326
0.0111966
0.0658251
0.265515
0.265515
0.179067
0.0224719
0.13771
0.200483
0.00516933
0.013367
0.081529
0.265515
0.261069
0.128768
0.0324756
0.115825
0.190051
0.00813776
0.0131473
0.117977
0.265515
0.289594
0.164931
0.0151787
0.115335
0.15209
0.0123474
0.00696783
0.0744777
0.289594
0.289594
0.239378
0.0178926
0.264832
0.289594
0.0332951
0.0167741
0.01468
0.0635309
0.223061
0.0593649
0.0205149
0.0897449
0.160384
0.00535994
0.00638236
0.139081
0.289594
0.289594
0.289594
0.00759891
0.145151
0.284158
0.0176455
0.0109673
0.0133476
0.0236731
0.339269
0.339269
0.0371202
0.339269
0.339269
0.0436625
0.0188979
0.0192011
0.122001
0.0335345
0.0257896
0.0155087
0.107552
0.277172
0.0505856
0.013916
0.00948009
0.00345508
0.339269
0.339269
0.01493
0.258691
0.339269
0.0236753
0.0127318
0.0183073
0.0526691
0.0143417
0.00916724
0.0102798
0.05126
0.081289
0.029905
0.015528
0.0148714
0.0118339
0.00358828
0.00531204
0.0130455
0.072352
0.217163
0.0594965
0.00762212
0.00550294
0.00140162
0.285666
0.0298956
0.0289769
0.0550878
0.0922855
0.0432235
0.250391
0.391998
0.391998
0.0166955
0.0105628
0.0118671
0.0471749
0.0904089
0.0274571
0.012272
0.00968421
0.0138798
0.391998
0.0106502
0.011122
0.0348147
0.0327317
0.0253942
0.026699
0.391998
0.391998
0.187499
0.0364573
0.0129604
0.0827363
0.163942
0.0443631
0.120822
0.280515
0.280515
0.241296
0.0916918
0.00843912
0.133546
0.280515
0.0053206
0.041404
0.224914
0.280515
0.214802
0.0239787
0.00881756
0.0343917
0.0669978
0.020571
0.0134293
0.163874
0.280515
0.278165
0.185236
0.0589148
0.0668154
0.2566
0.0245903
0.0206074
0.194022
0.280515
0.317809
0.202508
0.0228944
0.303815
0.317809
0.00709088
0.0119954
0.121407
0.317809
0.015882
0.0389284
0.054713
0.0566517
0.109729
0.0488654
0.0380864
0.0751296
0.0662442
0.317809
0.317809
0.11592
0.125556
0.317809
0.0289691
0.0261515
0.205451
0.317809
0.0405901
0.0448028
0.0533831
0.0742577
0.122221
0.0552695
0.0336292
0.0537814
0.0579448
0.0402298
0.0983134
0.0966403
0.101123
0.159716
0.0632464
0.0665134
0.0829119
0.04295
0.400441
0.0921958
0.0408549
0.09242
0.160978
0.0197033
0.0334214
0.181368
0.400441
0.0804133
0.0719394
0.100066
0.114451
0.149416
0.0697883
0.0629026
0.0609462
0.0567009
0.300893
0.0913234
0.0249234
0.046833
0.112547
0.0345087
0.132961
0.400441
0.400441
0.266703
0.266703
0.0379075
0.170976
0.242597
0.0086401
0.018532
0.10224
0.266703
0.266703
0.265202
0.0494842
0.150099
0.224152
0.0093677
0.0205469
0.157293
0.266703
0.140322
0.130643
0.062841
0.0945991
0.246883
0.0629208
0.0378245
0.0718217
0.184244
0.116271
0.0933411
0.139009
0.206082
0.266703
0.0843035
0.044849
0.0787643
0.218106
0.286794
0.0644667
0.0236706
0.115605
0.204858
0.00762711
0.0124578
0.149383
0.286794
0.286794
0.286794
0.0103935
0.195636
0.286794
0.0177146
0.0174074
0.0158923
0.0383047
0.113626
0.0910687
0.0927263
0.203483
0.286794
0.0760101
0.0245407
0.0590335
0.241581
0.17388
0.207456
0.0272847
0.286794
0.286794
0.0286642
0.0259642
0.0216976
0.0573017
0.351592
0.351592
0.0153327
0.282102
0.351592
0.020193
0.0163534
0.0174699
0.0702095
0.0132169
0.00750552
0.0172731
0.0481762
0.0594297
0.027768
0.0200525
0.0154557
0.0106052
0.316728
0.351592
0.0421822
0.351592
0.351592
0.0340146
0.0349929
0.0281666
0.123667
0.00255935
0.000800296
0.0165847
0.0636836
0.181192
0.0822435
0.0116858
0.00370102
0.00438314
0.018321
0.0120912
0.0181586
0.0559141
0.0872654
0.0356269
0.02097
0.0151935
0.0152789
0.414008
0.0103092
0.0101143
0.0423666
0.0429907
0.0272827
0.0313173
0.414008
0.414008
0.00594428
0.00172248
0.0111769
0.0754779
0.249362
0.110263
0.0154
0.00496401
0.00778291
0.414008
0.00481941
0.0070568
0.0490969
0.145373
0.095038
0.0658206
0.0786046
0.414008
0.23108
0.0298837
0.00534084
0.0303233
0.065292
0.0189849
0.0137268
0.165226
0.288225
0.288225
0.203126
0.0302451
0.0817053
0.242324
0.0172014
0.0381527
0.237071
0.288225
0.239175
0.00736429
0.00138028
0.031649
0.113337
0.0595835
0.0285852
0.0427011
0.288225
0.288225
0.181222
0.0495039
0.192745
0.288225
0.0244182
0.0551222
0.110592
0.288225
0.303585
0.303585
0.0579132
0.117502
0.303585
0.0197674
0.0385035
0.225785
0.303585
0.0379284
0.044101
0.0540484
0.0778557
0.11888
0.0363071
0.0392938
0.0611321
0.04755
0.303585
0.219954
0.0558331
0.261952
0.303585
0.0471439
0.0691306
0.13984
0.303585
0.0706966
0.0841424
0.0913286
0.136249
0.190904
0.0931975
0.0846078
0.084611
0.0661758
0.0763212
0.0755867
0.100145
0.116867
0.159917
0.053029
0.0692094
0.0632771
0.0506868
0.275373
0.0899427
0.0352744
0.0381079
0.0887542
0.0349262
0.104304
0.312948
0.312948
0.0930805
0.108007
0.123911
0.21517
0.312948
0.153251
0.141213
0.120925
0.0641324
0.194467
0.0830988
0.0842613
0.0764407
0.134678
0.104232
0.312948
0.312948
0.312948
0.160542
0.131807
0.0485698
0.101282
0.203337
0.0393139
0.0392765
0.0789937
0.177691
0.143843
0.118094
0.0988269
0.1445
0.214238
0.0728844
0.0826176
0.131699
0.216216
0.229159
0.229159
0.0528305
0.118374
0.229159
0.0262206
0.114001
0.179086
0.21005
0.229159
0.229159
0.218708
0.182715
0.229159
0.118533
0.229159
0.229159
0.229159
0.126315
0.0963071
0.0927682
0.194698
0.264932
0.0633695
0.0619438
0.118371
0.243289
0.145075
0.132362
0.0238215
0.264932
0.264932
0.0368347
0.0285641
0.023999
0.0665258
0.218787
0.187124
0.197323
0.188644
0.264932
0.087413
0.233983
0.264932
0.264932
0.163033
0.138486
0.10336
0.154158
0.264932
0.0774485
0.03167
0.0384087
0.0330758
0.275401
0.252019
0.0412901
0.350336
0.350336
0.0470502
0.0357057
0.0297642
0.13906
0.0024048
0.000916432
0.0220794
0.0673714
0.208511
0.0849745
0.015559
0.00393161
0.00448325
0.329077
0.285293
0.198061
0.312546
0.350336
0.103937
0.0301169
0.038644
0.0173146
0.00250315
0.00370201
0.00811892
0.0487993
0.250108
0.0758091
0.0097978
0.00582899
0.00347918
0.00517466
0.00171326
0.0139236
0.0796125
0.281867
0.110113
0.0189192
0.00609914
0.00715448
0.397522
0.00537765
0.00655741
0.0550395
0.183383
0.0808566
0.0520825
0.161753
0.397522
0.00211329
0.00349586
0.0163333
0.0644878
0.321952
0.100624
0.0143879
0.00748715
0.00433234
0.375635
0.0143643
0.00560875
0.0678577
0.202549
0.0833431
0.0180041
0.206057
0.397522
0.216544
0.00906021
0.00014468
0.0353439
0.132349
0.052235
0.0232298
0.0749869
0.288165
0.288165
0.136381
0.0344072
0.223266
0.288165
0.0177663
0.0687462
0.154221
0.288165
0.157855
0.00973005
0.0044107
0.0429763
0.136162
0.0611606
0.0174519
0.0864068
0.288165
0.288165
0.21324
0.0438279
0.161439
0.288165
0.0156884
0.0427186
0.173613
0.288165
0.297467
0.174016
0.0361184
0.279837
0.297467
0.0407231
0.0823079
0.173523
0.297467
0.0725383
0.0938713
0.0944668
0.137352
0.1891
0.0639625
0.090753
0.0924028
0.0726923
0.297467
0.265309
0.0575969
0.205263
0.297467
0.0396541
0.0708777
0.16525
0.297467
0.0872918
0.109179
0.102025
0.0845778
0.119006
0.0521451
0.0475396
0.0725325
0.0749943
0.0859674
0.117921
0.115675
0.168279
0.24628
0.0993949
0.125398
0.106265
0.0684412
0.179891
0.0919073
0.0893484
0.0719896
0.121657
0.0958822
0.268683
0.272604
0.272604
0.114988
0.146649
0.144496
0.104109
0.104445
0.0836957
0.0799337
0.0636747
0.144961
0.272604
0.180149
0.19799
0.209399
0.272604
0.0849379
0.179546
0.205617
0.272604
0.231968
0.203475
0.0541537
0.0955643
0.178886
0.0135449
0.0838914
0.131782
0.199813
0.216909
0.21378
0.13566
0.113836
0.206567
0.0869121
0.192395
0.231968
0.231968
0.231968
0.231968
0.113726
0.153647
0.231968
0.0551722
0.0683637
0.0849448
0.231968
0.206555
0.141624
0.11638
0.15669
0.178384
0.0209322
0.0687273
0.137544
0.231968
0.25183
0.201981
0.189788
0.175121
0.260353
0.0771999
0.235723
0.260353
0.260353
0.228611
0.128199
0.0976749
0.144834
0.260353
0.0829892
0.0331191
0.0424045
0.0326485
0.260353
0.155398
0.112796
0.141279
0.213154
0.0189466
0.0815663
0.174394
0.260353
0.148421
0.138597
0.0602335
0.107064
0.231798
0.0151152
0.0166939
0.0183443
0.0146805
0.314064
0.314064
0.258156
0.314064
0.314064
0.145303
0.0425547
0.0568271
0.0189177
0.00440604
0.00745981
0.0109809
0.06112
0.314064
0.0884989
0.0125465
0.0147311
0.00727885
0.314064
0.314064
0.161253
0.269777
0.314064
0.0191297
0.0201235
0.0277811
0.0155623
0.0106491
0.0131437
0.0186431
0.0239025
0.0491442
0.0203444
0.0161241
0.0219517
0.014881
0.00348318
0.00569607
0.0148946
0.0581385
0.319738
0.0809378
0.0133327
0.0126855
0.00570985
0.280592
0.0133736
0.0050895
0.0522984
0.210309
0.0542249
0.0616557
0.389051
0.415687
0.00883336
0.0100533
0.0176847
0.0259441
0.0546881
0.0184981
0.0145702
0.0178428
0.013162
0.261779
0.00858876
0.00532301
0.0194758
0.0399766
0.0149305
0.0936747
0.415687
0.415687
0.147184
0.0110496
0.00464524
0.0443486
0.162277
0.0457453
0.0297887
0.152137
0.273929
0.253174
0.193682
0.0630253
0.186674
0.273929
0.0150088
0.0552871
0.201309
0.273929
0.14183
0.0156479
0.00534928
0.037934
0.0742002
0.0118306
0.0356226
0.273929
0.273929
0.26158
0.188548
0.0992773
0.16414
0.273929
0.0202502
0.0489207
0.204826
0.273929
0.27889
0.27889
0.097724
0.272528
0.27889
0.0505137
0.0815362
0.179111
0.27889
0.093131
0.13947
0.131924
0.107071
0.126518
0.0585561
0.0581788
0.0808534
0.0988745
0.27889
0.27889
0.168416
0.27889
0.27889
0.0302132
0.0444384
0.116434
0.27889
0.0580301
0.0746933
0.0456953
0.0605696
0.0663595
0.060137
0.0296842
0.0642194
0.0788423
0.119701
0.183375
0.175568
0.122116
0.0855374
0.0986793
0.0901724
0.0737498
0.14937
0.287985
0.235693
0.230429
0.206155
0.287985
0.115494
0.237014
0.223569
0.287985
0.0943136
0.102954
0.0686671
0.102457
0.101514
0.0765718
0.0355759
0.0562774
0.0720663
0.287985
0.129546
0.0833469
0.119858
0.193714
0.0369366
0.0382051
0.170606
0.287985
0.252865
0.252865
0.158599
0.215532
0.252865
0.10068
0.093182
0.0995916
0.252865
0.247958
0.196158
0.182971
0.204053
0.252865
0.0773962
0.0986617
0.152493
0.252865
0.0732847
0.0866249
0.0770942
0.142958
0.252865
0.220242
0.0752254
0.0247747
0.0343024
0.0361184
0.0333632
0.112655
0.189232
0.252865
0.130045
0.077736
0.0306323
0.0636405
0.304635
0.2113
0.177533
0.205541
0.304635
0.106368
0.14057
0.238128
0.304635
0.283643
0.188271
0.115824
0.147028
0.303799
0.0208744
0.0220172
0.0281122
0.0167091
0.0295357
0.0367911
0.137219
0.176425
0.304635
0.183892
0.127435
0.0551345
0.122544
0.0339113
0.0647573
0.126219
0.118097
0.146466
0.0192878
0.00590221
0.00215748
0.00217769
0.35886
0.35886
0.322066
0.35886
0.35886
0.0350467
0.0311939
0.0494904
0.0225951
0.016454
0.0253461
0.042184
0.0511366
0.0628717
0.0265824
0.0290904
0.0543595
0.0264558
0.0905247
0.204679
0.35886
0.240045
0.301947
0.042672
0.0151852
0.00902269
0.00290291
0.0328789
0.0511366
0.061258
0.08325
0.116223
0.0478588
0.0359099
0.0151903
0.00463253
0.00794427
0.0111812
0.018916
0.0248824
0.0367672
0.0125827
0.0144469
0.0222218
0.0111883
0.269149
0.0106581
0.00609313
0.0325937
0.0616646
0.00800896
0.139349
0.445945
0.445945
0.0111457
0.0215406
0.0320498
0.0384309
0.0604433
0.0244985
0.0133794
0.00669448
0.00267289
0.290194
0.0250123
0.0091637
0.060317
0.124097
0.0148773
0.00749981
0.437197
0.445945
0.155356
0.0178148
0.00670527
0.0432754
0.0845953
0.00688113
0.0524748
0.286655
0.286655
0.246247
0.215007
0.110835
0.179003
0.286655
0.0203466
0.0667597
0.212346
0.286655
0.173479
0.0273545
0.011341
0.0260386
0.0598975
0.014236
0.00526263
0.223476
0.286655
0.148541
0.161296
0.00925909
0.230619
0.286655
0.00445359
0.0108709
0.108862
0.265973
0.285302
0.285302
0.223522
0.285302
0.285302
0.0351368
0.0577485
0.14414
0.285302
0.0679441
0.100743
0.0826606
0.0732535
0.0654394
0.0755794
0.0436427
0.0803777
0.0976349
0.205414
0.285302
0.0262586
0.285302
0.285302
0.0136529
0.0272502
0.0997755
0.18994
0.14561
0.158957
0.067669
0.101936
0.216731
0.0312568
0.0533069
0.0724617
0.106443
0.134591
0.159628
0.124582
0.149485
0.126297
0.103657
0.0529757
0.0943078
0.0922869
0.30212
0.212482
0.143631
0.149313
0.189226
0.0682395
0.0624308
0.296169
0.30212
0.174668
0.224557
0.0972121
0.0837471
0.167459
0.0467494
0.100652
0.12882
0.151278
0.272088
0.133201
0.0230696
0.0840284
0.144847
0.0356271
0.0938412
0.264545
0.30212
0.149232
0.199001
0.177217
0.321495
0.321495
0.321495
0.193908
0.0583556
0.0154629
0.0659
0.0681277
0.321495
0.321495
0.321495
0.321495
0.229278
0.0624009
0.0248831
0.00256166
0.00492878
0.0489413
0.0529497
0.11084
0.137972
0.0524147
0.0247373
0.0228663
0.0152011
0.0143477
0.030817
0.0757051
0.144956
0.0790418
0.0217391
0.0135368
0.0208218
0.0220124
0.0359806
0.328154
0.328154
0.328154
0.328154
0.328154
0.134545
0.0570808
0.0627749
0.0997644
0.328154
0.29741
0.327918
0.0565032
0.0140731
0.00546263
0.000750618
0.015352
0.0192521
0.0434133
0.106284
0.21001
0.108518
0.0274681
0.021119
0.0350291
0.0194103
0.0423904
0.0518003
0.0636005
0.139554
0.122734
0.0383143
0.0176456
0.011662
0.165553
0.269025
0.296977
0.296977
0.296977
0.132129
0.0358761
0.019832
0.00378445
0.0557551
0.0996013
0.140519
0.23634
0.282118
0.126276
0.059998
0.037391
0.0133913
0.0349751
0.0814263
0.0992041
0.159894
0.296977
0.274739
0.0795123
0.0356583
0.0327146
0.0542033
0.102891
0.115353
0.258194
0.296977
0.148347
0.082899
0.0263467
0.0164148
0.00834432
0.019157
0.0324944
0.0467605
0.0604509
0.0286203
0.0120143
0.0075821
0.00347833
0.317745
0.0262769
0.00849287
0.0872659
0.175596
0.0179202
0.00714892
0.412538
0.412538
0.0111397
0.0159717
0.0238177
0.0533628
0.0790073
0.0355616
0.0163355
0.00614658
0.00697453
0.412538
0.045984
0.0132455
0.137378
0.265657
0.00960043
0.00696274
0.258469
0.412538
0.194092
0.0289997
0.0113162
0.0362498
0.0784215
0.0162368
0.00646719
0.215266
0.299956
0.135167
0.178017
0.00873591
0.238822
0.299956
0.00219564
0.013297
0.106974
0.262221
0.299956
0.0297621
0.0121869
0.0717634
0.127009
0.0106332
0.00582451
0.148886
0.299956
0.292016
0.0519802
0.0132123
0.217026
0.299956
0.00188809
0.00503425
0.0368174
0.29776
0.197641
0.274603
0.0290909
0.274603
0.274603
0.00982357
0.0316368
0.107087
0.199231
0.144274
0.167932
0.0986823
0.108597
0.244725
0.0396705
0.0531999
0.075363
0.116807
0.274603
0.111899
0.0382562
0.274603
0.274603
0.00769734
0.0245714
0.0590843
0.274603
0.188601
0.158301
0.094104
0.151794
0.270429
0.00592801
0.0235307
0.0552352
0.195919
0.154712
0.209302
0.119475
0.0846957
0.193463
0.0452999
0.0873735
0.11331
0.154539
0.249017
0.132851
0.0318377
0.077261
0.144215
0.0351759
0.0809261
0.259358
0.259358
0.259358
0.247781
0.0943373
0.14005
0.259358
0.0123516
0.0474372
0.117985
0.243073
0.259358
0.138561
0.0536509
0.0825898
0.25542
0.0574435
0.13112
0.16793
0.259358
0.0231521
0.0310312
0.146865
0.250002
0.274714
0.274714
0.20143
0.0794365
0.0884157
0.05685
0.0563883
0.122949
0.274714
0.274714
0.274714
0.0993692
0.0523884
0.0865585
0.0301354
0.0528691
0.0875114
0.153414
0.274714
0.274714
0.14039
0.0629816
0.102491
0.0131371
0.0329941
0.101237
0.142992
0.274714
0.274714
0.164699
0.0915514
0.0483418
0.0419046
0.0473725
0.11208
0.280187
0.280187
0.280187
0.0890287
0.0695784
0.107218
0.0528093
0.123889
0.109825
0.226308
0.280187
0.280187
0.0750755
0.0580411
0.0376548
0.013736
0.0329227
0.0806466
0.163377
0.280187
0.280187
0.17197
0.113932
0.0584659
0.0594404
0.0842378
0.0836173
0.198109
0.280187
0.280187
0.137625
0.0565979
0.0366523
0.036363
0.0994778
0.0964046
0.23116
0.289758
0.289758
0.0743252
0.0553302
0.0500636
0.0727496
0.127758
0.13762
0.282002
0.289758
0.15897
0.0746895
0.0431485
0.0361786
0.0346291
0.0859878
0.0713966
0.229708
0.289758
0.289758
0.122808
0.0547878
0.0426669
0.0460299
0.117738
0.14545
0.289758
0.289758
0.162386
0.144458
0.0487252
0.00611251
0.0111482
0.0198575
0.026145
0.0487357
0.0621392
0.0320225
0.0139063
0.0089008
0.00921982
0.365251
0.0415721
0.0140008
0.128869
0.276789
0.0107424
0.0575531
0.32574
0.365251
0.00734045
0.0238833
0.0248138
0.0613534
0.132132
0.0370801
0.0234179
0.0114675
0.00281226
0.200238
0.0256992
0.0142553
0.0885163
0.207096
0.0570189
0.365251
0.365251
0.365251
0.277185
0.032409
0.0131629
0.0705389
0.139905
0.0116102
0.0369813
0.197314
0.277185
0.261924
0.0689331
0.0259531
0.254959
0.277185
0.0014947
0.0117418
0.0460044
0.277185
0.136222
0.032207
0.0308836
0.0544471
0.147716
0.0577027
0.258538
0.277185
0.277185
0.23146
0.185865
0.0654024
0.0761881
0.146492
0.0251286
0.155569
0.158263
0.215561
0.270368
0.150494
0.0609378
0.270368
0.270368
0.0101198
0.0278074
0.0637316
0.270368
0.17394
0.178336
0.10771
0.190877
0.270368
0.0119925
0.0220302
0.0583523
0.208088
0.270368
0.270368
0.187195
0.159134
0.270368
0.0566276
0.154804
0.138545
0.161902
0.163008
0.170439
0.0572293
0.0931022
0.115369
0.0192326
0.0465099
0.0620949
0.079197
0.206986
0.220089
0.0882415
0.15478
0.271958
0.0195259
0.0344347
0.091333
0.236168
0.271958
0.128823
0.0572803
0.101373
0.244507
0.0400569
0.0792725
0.135046
0.271958
0.153021
0.161513
0.0486666
0.191664
0.271958
0.0130238
0.028679
0.071
0.13894
0.196481
0.0489174
0.0238926
0.205555
0.271958
0.0651805
0.0318536
0.220077
0.271958
0.0216123
0.0319681
0.0434832
0.157286
0.330544
0.194221
0.0762159
0.028971
0.0520582
0.00809445
0.0160169
0.0673626
0.151234
0.330544
0.215319
0.0988469
0.0548134
0.0312368
0.011022
0.00953926
0.0185433
0.296197
0.330544
0.330544
0.0346773
0.0208539
0.0124462
0.00431819
0.0147669
0.0441439
0.286731
0.330544
0.330544
0.0616881
0.0555879
0.00509344
0.00874076
0.0131815
0.0517009
0.137569
0.334337
0.180972
0.0841553
0.0612811
0.0340459
0.0356059
0.0448367
0.0492793
0.175689
0.334337
0.19308
0.0514153
0.0311778
0.0190978
0.00659765
0.0156234
0.0405845
0.251086
0.334337
0.334337
0.0585158
0.045038
0.00470471
0.00433524
0.00643071
0.0365917
0.334337
0.334337
0.334337
0.0340863
0.00761328
0.00559179
0.0165896
0.036905
0.0401172
0.147205
0.361787
0.149012
0.0397001
0.0249336
0.0193482
0.0241756
0.0537307
0.0501982
0.196621
0.361787
0.0815955
0.0468487
0.0190352
0.00503266
0.00518567
0.0078047
0.0349864
0.361787
0.361787
0.287837
0.0374831
0.00222145
0.00612052
0.00546649
0.00259253
0.0204937
0.263333
0.361787
0.291378
0.0338068
0.016239
0.0158306
0.0090991
0.0291414
0.0227558
0.0771062
0.209113
0.0478826
0.0192169
0.0121143
0.0037845
0.257321
0.0271855
0.0173202
0.112955
0.242703
0.0671483
0.329697
0.329697
0.329697
0.00263797
0.00212222
0.00963627
0.113929
0.329697
0.142556
0.0190536
0.00748182
0.00470865
0.0188803
0
0.00159539
0.0552997
0.329697
0.329697
0.156035
0.216069
0.205257
0.173065
0.0358381
0.0316019
0.0698499
0.161763
0.0696189
0.25204
0.25204
0.25204
0.250761
0.191989
0.0704232
0.0926017
0.179002
0.0384159
0.154344
0.196626
0.240421
0.0205676
0.00943596
0.015305
0.0477679
0.25204
0.25204
0.117011
0.125989
0.122887
0.133734
0.129917
0.0472462
0.0342107
0.25204
0.24676
0.143624
0.229666
0.25204
0.26921
0.26921
0.139183
0.141245
0.26921
0.0703189
0.158659
0.160715
0.199676
0.115289
0.149479
0.0513313
0.0672839
0.119018
0.033549
0.0286558
0.0532177
0.0786519
0.207402
0.216384
0.128375
0.0659799
0.26921
0.26921
0.26921
0.26921
0.26921
0.0580025
0.0867477
0.0933065
0.101644
0.160788
0.0993822
0.142814
0.112683
0.0878718
0.122312
0.14395
0.0446156
0.156999
0.270498
0.0313282
0.0201253
0.0541356
0.130581
0.196194
0.0466539
0.025922
0.185482
0.270498
0.0496943
0.0299857
0.162002
0.270498
0.172503
0.146005
0.147319
0.16122
0.270093
0.0731246
0.118404
0.12928
0.0919221
0.270498
0.107501
0.0369766
0.0866328
0.270498
0.158709
0.192096
0.270498
0.270498
0.00872825
0.0075104
0.0240977
0.321144
0.321144
0.296049
0.0302634
0.0169784
0.00531679
0.00832681
0.0142907
0.0439612
0.321144
0.321144
0.254428
0.0583357
0.054373
0.00791813
0.00737112
0.0203971
0.0729632
0.279677
0.321144
0.210687
0.0733794
0.0343863
0.01535
0.0265196
0.0244213
0.0617507
0.223291
0.321144
0.145174
0.0421005
0.0673195
0.0262441
0.0103994
0.0168984
0.0469043
0.292266
0.323835
0.277594
0.0538818
0.0412038
0.00686447
0.00413796
0.0104279
0.0405249
0.323835
0.323835
0.323835
0.0422864
0.00976954
0.00677981
0.0187533
0.0343213
0.0561271
0.232239
0.319307
0.143413
0.0456958
0.0620699
0.0301301
0.013494
0.0442036
0.0347319
0.291928
0.323835
0.127376
0.0845981
0.0432722
0.0207997
0.00520463
0.0118164
0.0460028
0.323841
0.347996
0.316239
0.040804
0.00244113
0.00640647
0.0064599
0.00813603
0.0228898
0.293205
0.347996
0.278407
0.0299477
0.0140034
0.0158618
0.00678087
0.049135
0.0340701
0.255398
0.347996
0.129878
0.0696554
0.0409259
0.020041
0.00621831
0.0274355
0.0524478
0.197005
0.311435
0.163156
0.050918
0.0275439
0.0200653
0.00588065
0.00717473
0.0215092
0.230762
0.341574
0.260424
0.0310597
0.0125603
0.00960703
0.0541681
0.00534821
0.00700099
0.146014
0.341574
0.341574
0.203387
0.341574
0.320569
0.00346166
0.0177753
0.0422301
0.158664
0.265663
0.149267
0.0511965
0.0203356
0.0100651
0.00138875
0.0193992
0.0294039
0.0920486
0.251333
0.199762
0.0758548
0.0123003
0.0062056
0.0417493
0.0169096
0.0230391
0.07962
0.308867
0.308867
0.142415
0.185327
0.15017
0.166794
0.144436
0.0655191
0.057059
0.308867
0.294468
0.175949
0.308867
0.308867
0.00106552
0.00926704
0.0125709
0.0461261
0.143221
0.111552
0.0491921
0.0134913
0.00642117
0.156251
0.0404512
0.0321549
0.053475
0.1226
0.0671324
0.0479801
0.279061
0.308867
0.195223
0.174678
0.109744
0.0612168
0.306755
0.306755
0.276612
0.306755
0.306755
0.0487587
0.0804688
0.0759832
0.0799342
0.143849
0.101105
0.0982912
0.0645104
0.0767245
0.160562
0.0594284
0.0467754
0.0614075
0.156796
0.105001
0.0825799
0.287466
0.306755
0.0489288
0.0707524
0.122404
0.154972
0.16531
0.164409
0.0971069
0.107067
0.122269
0.124901
0.113978
0.0979403
0.106145
0.219256
0.0794823
0.0765391
0.068125
0.0598599
0.236773
0.0921044
0.0344896
0.0636083
0.268119
0.134422
0.186583
0.218646
0.268119
0.0580914
0.119474
0.125163
0.196894
0.2318
0.137887
0.100419
0.0838829
0.0348356
0.268119
0.146033
0.0859219
0.169555
0.268119
0.268119
0.255961
0.17328
0.189759
0.00654465
0.0213244
0.0787089
0.322056
0.322056
0.239523
0.0548584
0.0307471
0.0110436
0.0290433
0.0276334
0.0596642
0.290863
0.322056
0.186032
0.0419885
0.0583202
0.0200057
0.00626422
0.0129524
0.0377567
0.204684
0.322056
0.276535
0.0457373
0.0179605
0.0110382
0.0137004
0.0018513
0.0148952
0.322056
0.322056
0.236517
0.0186326
0.00902709
0.0167542
0.0235982
0.0353124
0.0562838
0.305121
0.330596
0.208052
0.0452656
0.0528037
0.023368
0.0135164
0.0404703
0.0293223
0.235571
0.330596
0.230095
0.111367
0.0511802
0.0199567
0.00961292
0.00376309
0.0222061
0.330596
0.330596
0.262927
0.0243484
0.014894
0.0142878
0.0124338
0.020322
0.0289119
0.194084
0.330596
0.250055
0.0818943
0.0317714
0.0138033
0.0076879
0.0457215
0.0335765
0.226304
0.330481
0.2267
0.0924616
0.0507948
0.0182608
0.006499
0.0304456
0.0592294
0.246885
0.289228
0.224073
0.0711545
0.0302341
0.0172991
0.0048077
0.0199504
0.0397861
0.26462
0.330481
0.218047
0.0726264
0.0342297
0.00732087
0.00339815
0.00654046
0.0230277
0.330481
0.330481
0.330481
0.0643862
0.00957132
0.010182
0.00424782
0.0228831
0.0528165
0.210692
0.234123
0.200011
0.0692182
0.0265084
0.0110181
0.000993391
0.0228548
0.0304832
0.12767
0.344265
0.255203
0.0717371
0.0170045
0.00787663
0.000513733
0.00345315
0.0209344
0.344265
0.344265
0.344265
0.0544791
0.00841369
0.00539787
0.000308619
0.00277279
0.00826091
0.212794
0.344265
0.344265
0.0560274
0.0184241
0.0017197
0.00112096
0.0125755
0.0147362
0.0683971
0.224373
0.154976
0.0500997
0.0172387
0.00956068
0.178476
0.0546504
0.0549557
0.0803416
0.202057
0.10759
0.0696968
0.356462
0.356462
0.000152041
0.00109645
0.00268696
0.108425
0.356462
0.266039
0.035746
0.00936141
0.00129358
0.0341415
0.00778696
0.0273849
0.105123
0.356462
0.344159
0.151986
0.148288
0.217669
0.133848
0.0473497
0.0407766
0.0598665
0.152339
0.125478
0.0750422
0.308936
0.368742
0.0383215
0.0628763
0.0905247
0.151279
0.189483
0.180173
0.0996358
0.0741349
0.0926196
0.0260601
0.00693714
0.0144383
0.103499
0.368742
0.313055
0.105631
0.0923618
0.153971
0.012303
0.0177089
0.0178991
0.183926
0.368742
0.311813
0.10187
0.0378488
0.0330171
0.0496998
0.0910237
0.0850298
0.162716
0.203428
0.151161
0.0916884
0.0508176
0.0275244
0.210613
0.13557
0.0670054
0.133494
0.314153
0.314153
0.266282
0.154855
0.162172
0.0255211
0.0379438
0.0402138
0.190419
0.314153
0.300325
0.0813745
0.0200104
0.0210847
0.0562852
0.0518707
0.0791805
0.314153
0.314153
0.16492
0.0463964
0.0272182
0.0036808
0.00424401
0.0162146
0.0664749
0.179522
0.322068
0.320483
0.0303743
0.0160658
0.00707897
0.010881
0.0042175
0.0130476
0.250242
0.322068
0.300861
0.0357111
0.00934129
0.0119196
0.000427736
0.0125455
0.0590156
0.322068
0.322068
0.247304
0.0658987
0.0203611
0.00208923
0.00582104
0.0305421
0.033666
0.273191
0.322068
0.183338
0.0479096
0.04305
0.0385552
0.00829235
0.00538353
0.01564
0.222172
0.331408
0.32798
0.0346486
0.0149342
0.00846519
0.0108766
0.00854601
0.0163598
0.11843
0.331408
0.331408
0.0811165
0.0336915
0.00528879
0.00382173
0.0279502
0.0485638
0.278294
0.331408
0.206614
0.0391158
0.0425006
0.027784
0.0205721
0.0252265
0.0652682
0.255188
0.331408
0.261959
0.017808
0.0520265
0.0190026
0.00434567
0.00747853
0.0235358
0.160693
0.313422
0.310025
0.0690264
0.0365553
0.00258053
0.00236949
0.00201155
0.0185595
0.313422
0.313422
0.313422
0.0633569
0.0100283
0.00705045
0.00969875
0.0229918
0.0826499
0.282006
0.313422
0.223039
0.0184985
0.0304945
0.0164972
0.00758728
0.0262683
0.0572681
0.310349
0.313422
0.191973
0.0350889
0.0193866
0.0182384
0
0.0015786
0.0198434
0.326838
0.341561
0.337601
0.0576032
0.0117414
0.00694056
0
0.000324001
0.00587983
0.190236
0.341561
0.341561
0.0453727
0.0181478
0.00345388
0.00869018
0.0184382
0.0580989
0.246027
0.341561
0.155772
0.0339167
0.0146859
0.0390256
0.0216011
0.0249288
0.0232262
0.18367
0.341561
0.138138
0.0282911
0.0380376
0.0720635
0
0.000399611
0.0030408
0.149312
0.344731
0.344731
0.0406031
0.0128882
0.00416613
0.0350179
0.0135756
0.0522267
0.140466
0.344731
0.344731
0.22877
0.260243
0.202875
0.0253733
0.0185674
0.0175777
0.155608
0.344731
0.105337
0.0245274
0.0303648
0.0610632
0.0201121
0.0171094
0.0147834
0.13479
0.344731
0.118363
0.0438488
0.0264822
0.0126618
0.0252105
0.00499042
0.0214002
0.132525
0.390626
0.390626
0.139231
0.150845
0.140184
0.0123572
0.0236164
0.0133168
0.262698
0.390626
0.390626
0.154171
0.0510098
0.0356045
0.0160582
0.01065
0.0155781
0.125535
0.279622
0.0835114
0.0270069
0.0195964
0.00909742
0.00398726
0.00455397
0.0269521
0.110008
0.299162
0.0701458
0.0229773
0.027115
0.0189248
0.0452689
0.0565192
0.0572544
0.315412
0.378014
0.378014
0.136923
0.0271614
0.0351282
0.0826459
0.0974543
0.125377
0.378014
0.378014
0.162096
0.120086
0.0650157
0.0193258
0.00393937
0.00863678
0.0375251
0.137994
0.296735
0.0696301
0.0228989
0.028146
0.0201445
0.0172015
0.0477701
0.0204415
0.104036
0.284939
0.0721489
0.0692776
0.0403323
0.0234427
0.00763573
0.0465687
0.140692
0.33062
0.33062
0.33062
0.0670174
0.0267297
0.00523963
0.00938398
0.0531252
0.0619098
0.33062
0.33062
0.33062
0.0951806
0.0779476
0.0555782
0.0480735
0.0670176
0.0731975
0.24052
0.228942
0.105953
0.0780208
0.0750326
0.0542061
0.042773
0.0754401
0.0874112
0.183238
0.220576
0.123825
0.0712353
0.100945
0.125003
0.0181681
0.0641912
0.0756567
0.336979
0.343434
0.343434
0.0811489
0.0683944
0.0477842
0.0632251
0.0581524
0.0788709
0.328018
0.343434
0.343434
0.0390571
0.0546574
0.032925
0.0525276
0.0809087
0.102596
0.173794
0.233877
0.146702
0.0606429
0.080291
0.113131
0.0654323
0.0777203
0.132678
0.14124
0.154294
0.106182
0.103905
0.0732809
0.125875
0.0500843
0.0570696
0.0933956
0.324203
0.324203
0.324203
0.039049
0.0383718
0.0437004
0.027724
0.0396076
0.0935739
0.324203
0.324203
0.301059
0.0636295
0.0492852
0.0459998
0.0819555
0.0842953
0.134887
0.147925
0.1755
0.108357
0.0960614
0.0565375
0.124158
0.124604
0.110448
0.0822317
0.118683
0.287026
0.232531
0.107665
0.0942618
0.122308
0.0171714
0.0288481
0.0985405
0.319716
0.319716
0.253493
0.0634557
0.0462822
0.076395
0.0330227
0.0552737
0.0884378
0.319716
0.319716
0.235483
0.0605501
0.0528893
0.0910449
0.0975085
0.102618
0.104911
0.131458
0.2398
0.194995
0.0935324
0.0714661
0.140371
0.08431
0.119379
0.178669
0.158433
0.319716
0.197336
0.055319
0.0581436
0.135856
0.0384271
0.0533965
0.0940042
0.32765
0.32765
0.225222
0.0683207
0.0563674
0.103404
0.0445784
0.0370987
0.055979
0.32765
0.32765
0.238308
0.0825078
0.0641293
0.0368586
0.0643847
0.122824
0.216523
0.200366
0.2909
0.190949
0.0737762
0.066061
0.16075
0.0719766
0.0922474
0.0907873
0.193123
0.219359
0.128426
0.11523
0.0599522
0.0942541
0.0463088
0.0329112
0.0638903
0.341233
0.341233
0.254541
0.081693
0.067206
0.0406571
0.0160574
0.0195373
0.0912476
0.341233
0.341233
0.247249
0.101186
0.116453
0.0709478
0.0700758
0.0858401
0.106899
0.21923
0.201154
0.149573
0.163444
0.0938735
0.0973627
0.046688
0.0573451
0.14651
0.212773
0.200565
0.132597
0.153677
0.0863175
0.0983572
0.0169785
0.0334662
0.0951116
0.324684
0.324684
0.200657
0.0946733
0.0955655
0.0600457
0.0531416
0.166046
0.0913878
0.324684
0.324684
0.221198
0.286192
0.167802
0.121409
0.0378806
0.0527063
0.130507
0.175168
0.158389
0.12805
0.138497
0.0818129
0.0916324
0.0356856
0.0699688
0.0831209
0.187138
0.231297
0.171002
0.163934
0.0754283
0.0483365
0.0755626
0.113602
0.137383
0.259402
0.259402
0.164237
0.084617
0.100324
0.0917259
0.0655254
0.132278
0.138641
0.259402
0.2319
0.191364
0.0850001
0.131232
0.14673
0.0204206
0.0622875
0.105206
0.259402
0.259402
0.237775
0.12665
0.118446
0.129651
0.0895237
0.133555
0.174247
0.259402
0.259402
0.259402
0.0605674
0.0816125
0.0942037
0.0872175
0.14714
0.147805
0.253523
0.253523
0.227911
0.0727824
0.107982
0.152624
0.116812
0.137457
0.166717
0.199482
0.251416
0.144059
0.122195
0.0795489
0.141727
0.0738338
0.122517
0.18999
0.253523
0.253523
0.253523
0.07424
0.0843537
0.0880264
0.0741748
0.0791535
0.095324
0.253523
0.253523
0.233791
0.0436695
0.108831
0.123089
0.131994
0.134867
0.142936
0.188667
0.259578
0.14448
0.117286
0.0687008
0.162362
0.180934
0.115755
0.0945861
0.152253
0.259578
0.259578
0.162864
0.152383
0.184672
0.0565582
0.0653528
0.109103
0.259578
0.259578
0.207362
0.0613916
0.0993745
0.122986
0.0525929
0.0890986
0.126267
0.259578
0.259578
0.245756
0.128856
0.0971434
0.0681499
0.0883985
0.0767741
0.0867949
0.128905
0.228383
0.188038
0.109245
0.0888845
0.146423
0.0826131
0.130541
0.201715
0.176519
0.34385
0.198844
0.0713178
0.0587967
0.11851
0.027308
0.0571727
0.0980701
0.227232
0.34385
0.219107
0.104936
0.0553338
0.0419828
0.00736786
0.0643659
0.101545
0.34385
0.34385
0.220534
0.0699219
0.0597524
0.043188
0.0516211
0.122234
0.21576
0.204657
0.275535
0.176589
0.0823935
0.0564915
0.123821
0.0575468
0.0720733
0.0927403
0.215226
0.223156
0.130171
0.0815327
0.0446314
0.0698908
0.0249184
0.0565906
0.108609
0.313986
0.313986
0.234475
0.207111
0.0687066
0.0489808
0.0437622
0.0623966
0.0788912
0.313986
0.313986
0.151866
0.234519
0.0830228
0.0767894
0.0534097
0.0672609
0.101856
0.255988
0.226399
0.156707
0.130002
0.0631996
0.0738465
0.030654
0.0532556
0.139705
0.219614
0.206775
0.149202
0.143209
0.0916139
0.0932727
0.0750278
0.0696324
0.0891913
0.270806
0.270806
0.215228
0.270806
0.116053
0.10163
0.0248322
0.146728
0.105416
0.270806
0.270806
0.270806
0.186568
0.186288
0.0952671
0.0347536
0.0582868
0.130903
0.216896
0.213947
0.161458
0.164049
0.0912278
0.096793
0.0479383
0.0708567
0.0981457
0.189478
0.237698
0.164505
0.185077
0.0912846
0.0787287
0.0427568
0.09561
0.0851766
0.287368
0.287368
0.287368
0.167566
0.184801
0.0873856
0.0405614
0.0697455
0.0506141
0.287368
0.287368
0.287368
0.184668
0.046725
0.0252864
