0.051491
0.100968
0.17202
0.118166
0.148424
0.127878
0.197501
0.218421
0.218421
0.049775
0.200103
0.190546
0.218421
0.218421
0.132534
0.143723
0.0989307
0.122002
0.0529474
0.123787
0.150559
0.128873
0.149751
0.210235
0.218421
0.156618
0.141641
0.128936
0.218421
0.218421
0.218421
0.218421
0.154345
0.132857
0.172048
0.196989
0.0750281
0.223851
0.223851
0.223851
0.223851
0.17008
0.149099
0.130499
0.123524
0.126148
0.200745
0.127033
0.179624
0.197832
0.138608
0.062078
0.172472
0.186976
0.12278
0.223851
0.223851
0.223851
0.223851
0.16919
0.123802
0.162839
0.192159
0.0689484
0.223851
0.160555
0.126709
0.176898
0.097807
0.087492
0.0752317
0.0720262
0.213967
0.213967
0.208527
0.213967
0.213967
0.179944
0.0739232
0.213967
0.213967
0.0691811
0.196646
0.200357
0.190915
0.187258
0.146502
0.0920795
0.10726
0.0790227
0.0797765
0.187082
0.179549
0.144594
0.213967
0.146898
0.153474
0.125992
0.13278
0.088874
0.209712
0.181612
0.168906
0.213967
0.13811
0.107556
0.104812
0.146458
0.075852
0.208815
0.195625
0.212654
0.211081
0.132339
0.105058
0.123441
0.10563
0.224321
0.202618
0.0647432
0.207823
0.224321
0.0857845
0.0306976
0.123863
0.224321
0.0799124
0.183472
0.172248
0.161576
0.224321
0.168683
0.147458
0.143749
0.209993
0.224321
0.16067
0.0533798
0.224321
0.224321
0.0334978
0.0599924
0.0940365
0.224321
0.224202
0.185182
0.0608555
0.202212
0.230176
0.0830355
0.0455014
0.128156
0.230176
0.086399
0.082982
0.106304
0.158383
0.145319
0.212662
0.19845
0.227742
0.230176
0.230176
0.16118
0.0535727
0.229704
0.230176
0.0345825
0.075127
0.124059
0.230176
0.119922
0.113295
0.0871321
0.0967763
0.14594
0.11688
0.174084
0.230176
0.230176
0.136664
0.114416
0.136936
0.142478
0.184596
0.140303
0.154854
0.225223
0.236517
0.118693
0.147486
0.227276
0.140988
0.236517
0.16757
0.176349
0.195847
0.174001
0.186638
0.126764
0.0972301
0.0971893
0.149317
0.0968566
0.139222
0.236517
0.236517
0.101185
0.11791
0.0862007
0.170169
0.236517
0.139316
0.236517
0.140877
0.0961447
0.144462
0.195418
0.21322
0.126072
0.21322
0.117864
0.144056
0.136565
0.157669
0.121537
0.21322
0.183946
0.189141
0.21322
0.21322
0.21322
0.21322
0.161806
0.125973
0.119312
0.109272
0.186019
0.21322
0.116196
0.16433
0.0957184
0.0708759
0.0966811
0.21322
0.108861
0.1096
0.201823
0.210703
0.20747
0.15178
0.10681
0.0469932
0.122679
0.156932
0.125841
0.148071
0.213433
0.2105
0.160798
0.133945
0.129496
0.205362
0.214317
0.232052
0.232052
0.162291
0.117652
0.151777
0.229335
0.0573187
0.143457
0.169694
0.160572
0.0874434
0.232052
0.232052
0.232052
0.102739
0.103912
0.166551
0.145899
0.162778
0.125376
0.144785
0.186694
0.156096
0.133774
0.113597
0.172223
0.222626
0.222626
0.222626
0.175154
0.120764
0.138075
0.192418
0.0734862
0.184082
0.138319
0.119726
0.188367
0.114176
0.0806656
0.0760861
0.0571844
0.113679
0.178766
0.147736
0.115398
0.107426
0.181689
0.222626
0.180921
0.160864
0.151631
0.222626
0.222626
0.0981479
0.112301
0.222626
0.222626
0.211574
0.222626
0.0787944
0.166353
0.141301
0.112781
0.214005
0.151888
0.133144
0.111642
0.0922082
0.090024
0.162669
0.11779
0.146434
0.197475
0.126099
0.0818249
0.0904298
0.122316
0.222667
0.228139
0.216356
0.147611
0.180454
0.228139
0.228139
0.215264
0.211857
0.10828
0.228139
0.228139
0.198596
0.228139
0.0822527
0.109083
0.138553
0.167276
0.0963721
0.176042
0.14392
0.171234
0.231737
0.162831
0.127923
0.135397
0.196342
0.204223
0.142982
0.0466545
0.235781
0.235781
0.0360228
0.0446887
0.0752198
0.230791
0.141841
0.235781
0.235781
0.235781
0.235781
0.0993438
0.0998356
0.126413
0.180963
0.235781
0.185496
0.0777507
0.187296
0.235781
0.0438154
0.0501827
0.0461099
0.11899
0.23596
0.165125
0.0606412
0.239091
0.239091
0.0398462
0.0630851
0.116222
0.239091
0.129645
0.125385
0.0847346
0.121369
0.125401
0.158278
0.188843
0.239091
0.239091
0.239091
0.183505
0.0512567
0.216885
0.239091
0.0635931
0.0646664
0.0726145
0.216782
0.137246
0.112114
0.115062
0.155258
0.184605
0.138726
0.110458
0.167337
0.239091
0.202053
0.149174
0.0996974
0.105747
0.134958
0.12863
0.151341
0.240502
0.240502
0.113497
0.128653
0.116229
0.166773
0.240502
0.164035
0.240502
0.148
0.129134
0.177803
0.10534
0.0957209
0.151138
0.209132
0.116016
0.125476
0.240502
0.240502
0.0857988
0.105426
0.0973481
0.1564
0.21567
0.133975
0.187054
0.240502
0.132226
0.157348
0.159995
0.156851
0.20209
0.218873
0.139037
0.218272
0.117529
0.121329
0.100372
0.218873
0.153225
0.174281
0.205729
0.218873
0.218873
0.197352
0.165211
0.121519
0.106338
0.0910541
0.155304
0.218873
0.132376
0.19819
0.218873
0.135588
0.101799
0.170418
0.19711
0.133879
0.193483
0.0826466
0.0594954
0.160203
0.159515
0.0783415
0.174465
0.15693
0.171194
0.104369
0.225821
0.225821
0.225821
0.135435
0.149055
0.147855
0.122594
0.202235
0.166139
0.134426
0.169777
0.156683
0.189666
0.146959
0.179394
0.125037
0.166671
0.225821
0.0727175
0.194541
0.225821
0.145945
0.135464
0.141613
0.149423
0.125487
0.15516
0.0825692
0.203109
0.225821
0.170311
0.121025
0.153718
0.113778
0.11557
0.109577
0.152328
0.198994
0.17024
0.175806
0.13923
0.212101
0.195728
0.107327
0.136816
0.183159
0.212101
0.174438
0.211869
0.120954
0.121548
0.125969
0.117451
0.165764
0.0942527
0.174446
0.212101
0.211978
0.183755
0.212101
0.212101
0.110415
0.211964
0.0930333
0.136691
0.212101
0.212101
0.162494
0.218563
0.168785
0.113954
0.151814
0.218563
0.218563
0.170396
0.175242
0.114898
0.211361
0.163783
0.15894
0.208773
0.084247
0.10415
0.107805
0.124762
0.210819
0.218563
0.215551
0.119619
0.218563
0.0982078
0.140735
0.218563
0.218563
0.0974487
0.156163
0.215399
0.104772
0.175605
0.116641
0.100214
0.128647
0.138925
0.171984
0.224302
0.187585
0.224302
0.224302
0.11653
0.143438
0.135602
0.15066
0.224302
0.170533
0.0573796
0.173148
0.224302
0.0441663
0.0524458
0.0431448
0.102077
0.14346
0.224302
0.224302
0.158645
0.224302
0.179383
0.141843
0.221019
0.204233
0.137105
0.15377
0.178999
0.188206
0.224302
0.0934873
0.0508944
0.0720975
0.113187
0.237468
0.17911
0.0542318
0.216419
0.237468
0.0567995
0.0728669
0.0664509
0.199355
0.14031
0.0719886
0.117754
0.17688
0.180808
0.159451
0.119333
0.121692
0.237468
0.191367
0.192998
0.227037
0.231194
0.237468
0.137558
0.0854828
0.143079
0.234847
0.0847746
0.0381174
0.086977
0.161442
0.105259
0.135018
0.152612
0.225203
0.237468
0.193402
0.085031
0.106852
0.179234
0.21147
0.153147
0.14272
0.202767
0.252648
0.0759182
0.096161
0.11803
0.161144
0.183373
0.131878
0.179445
0.252648
0.148814
0.171322
0.0663276
0.097074
0.190612
0.144737
0.151739
0.210059
0.252648
0.252648
0.148752
0.140472
0.102884
0.151249
0.0979834
0.132928
0.163053
0.187608
0.185984
0.098982
0.109656
0.118486
0.158032
0.209547
0.11935
0.171063
0.209547
0.146157
0.0925209
0.137528
0.209547
0.155395
0.209547
0.106566
0.0733568
0.171623
0.145293
0.208608
0.209547
0.157754
0.159762
0.123954
0.123345
0.159025
0.192332
0.152248
0.209547
0.209547
0.209547
0.140464
0.189215
0.179075
0.156574
0.195192
0.209547
0.173105
0.187488
0.126231
0.167383
0.222073
0.0488606
0.162051
0.223774
0.175668
0.153537
0.120781
0.15351
0.162216
0.174715
0.0895414
0.176036
0.223774
0.19493
0.223774
0.178661
0.147158
0.21622
0.223774
0.076686
0.124514
0.223774
0.208929
0.0875911
0.124903
0.123884
0.0907524
0.0686846
0.0692507
0.119505
0.223774
0.223774
0.149919
0.12919
0.150265
0.154622
0.213752
0.119764
0.171834
0.238708
0.238708
0.192519
0.238708
0.238708
0.146817
0.223617
0.0716646
0.142515
0.238708
0.238708
0.107019
0.142749
0.117753
0.0634452
0.066284
0.0770186
0.166362
0.238708
0.238708
0.0783792
0.137989
0.191014
0.164049
0.183448
0.0546819
0.0665768
0.120875
0.0535896
0.227185
0.227185
0.227185
0.166548
0.227185
0.0942884
0.183324
0.227185
0.227185
0.151649
0.143771
0.227185
0.195116
0.220801
0.150583
0.134576
0.153396
0.154911
0.124611
0.18992
0.227185
0.188119
0.225708
0.0599917
0.112916
0.165571
0.065051
0.106639
0.0657353
0.0998301
0.169058
0.120674
0.0677607
0.0677664
0.160275
0.0919648
0.180867
0.176018
0.228031
0.228031
0.228031
0.184314
0.174863
0.228031
0.190035
0.156957
0.161113
0.156584
0.185067
0.228031
0.0759642
0.0666679
0.0845813
0.133237
0.126294
0.122313
0.147142
0.204124
0.214789
0.0937724
0.11151
0.222971
0.134369
0.116502
0.150261
0.0908629
0.223397
0.228031
0.0969269
0.0540211
0.0982641
0.183103
0.181677
0.179259
0.174704
0.189627
0.240576
0.0854756
0.0876345
0.142317
0.228933
0.0865682
0.0171005
0.0933483
0.164282
0.103
0.109933
0.147782
0.198132
0.240576
0.12765
0.171073
0.107506
0.216303
0.240576
0.124309
0.0721354
0.179779
0.240576
0.224808
0.170959
0.05054
0.110498
0.131565
0.127654
0.145513
0.240576
0.240576
0.145814
0.0477763
0.10687
0.180751
0.134537
0.134905
0.19063
0.251404
0.251404
0.101229
0.127534
0.107101
0.143366
0.0839922
0.128622
0.137551
0.146947
0.13956
0.230194
0.155075
0.0601063
0.119503
0.157032
0.167896
0.175427
0.251404
0.251404
0.158691
0.171562
0.0647902
0.0955544
0.235197
0.158338
0.208703
0.237872
0.194307
0.127565
0.200074
0.144329
0.149223
0.0899127
0.12164
0.125213
0.143741
0.101847
0.175531
0.19539
0.206887
0.140701
0.218659
0.184593
0.117592
0.176529
0.154832
0.13801
0.168773
0.0855972
0.0989821
0.177259
0.175852
0.203858
0.231858
0.231858
0.231858
0.231858
0.156487
0.141495
0.198703
0.15809
0.10372
0.116177
0.178157
0.231225
0.184299
0.174571
0.223305
0.231225
0.069376
0.115168
0.215842
0.231225
0.0824652
0.109818
0.154041
0.112297
0.0739311
0.0831183
0.118143
0.231225
0.231225
0.136529
0.198163
0.225293
0.157588
0.171555
0.0958705
0.0992896
0.171119
0.193585
0.131028
0.148108
0.0725541
0.0837889
0.118836
0.0360009
0.222934
0.231225
0.231225
0.106136
0.136806
0.15499
0.0871548
0.0940135
0.102876
0.176096
0.264007
0.264007
0.0619687
0.15582
0.198226
0.189211
0.179076
0.0578149
0.085726
0.110518
0.0394174
0.2031
0.208842
0.0546052
0.0990328
0.179333
0.0320421
0.264007
0.264007
0.264007
0.179782
0.236128
0.0884334
0.134875
0.233029
0.0893476
0.114607
0.172588
0.172022
0.115962
0.227326
0.228929
0.228929
0.228929
0.0708651
0.144679
0.17467
0.0477769
0.146563
0.0596137
0.146033
0.228929
0.157589
0.103597
0.0836381
0.202316
0.105341
0.228929
0.228929
0.121124
0.200321
0.228929
0.100707
0.162461
0.228929
0.228929
0.135329
0.130112
0.124484
0.159048
0.211166
0.166393
0.063028
0.0877646
0.110356
0.151572
0.107126
0.178718
0.251802
0.251802
0.117733
0.10674
0.249207
0.145497
0.120344
0.13034
0.077825
0.251802
0.251802
0.113234
0.07321
0.111753
0.21989
0.162458
0.125172
0.110929
0.170183
0.233589
0.146315
0.0668876
0.118057
0.154607
0.251802
0.226062
0.06815
0.179438
0.251802
0.0641712
0.10103
0.0858837
0.129782
0.119241
0.140864
0.07812
0.23725
0.245688
0.118208
0.0776659
0.194571
0.245688
0.204443
0.143417
0.0560991
0.12918
0.15194
0.129773
0.147112
0.245688
0.245688
0.245688
0.161294
0.0470342
0.147285
0.245688
0.0566501
0.0820338
0.137037
0.233204
0.127334
0.0755962
0.0603514
0.125651
0.140045
0.114877
0.108739
0.245688
0.245688
0.177186
0.115782
0.071558
0.124968
0.153928
0.139957
0.145867
0.241089
0.241089
0.097074
0.146843
0.0621001
0.120507
0.2029
0.138641
0.186306
0.20753
0.123788
0.149192
0.0972997
0.101583
0.1311
0.153435
0.110565
0.103688
0.241089
0.241089
0.105027
0.141459
0.170049
0.20819
0.205413
0.0945164
0.241089
0.241089
0.241089
0.061256
0.117952
0.080419
0.113644
0.140684
0.136416
0.165578
0.224774
0.144797
0.201465
0.224774
0.138623
0.154963
0.195256
0.113525
0.0667349
0.0867501
0.121654
0.112047
0.1652
0.168379
0.19174
0.224774
0.0762129
0.224774
0.224774
0.221749
0.153652
0.224774
0.184995
0.224774
0.224774
0.153943
0.135718
0.159019
0.158724
0.110216
0.195702
0.24858
0.160073
0.162987
0.0855718
0.103077
0.132612
0.219199
0.118493
0.13293
0.0942783
0.0846533
0.137333
0.0455852
0.168822
0.24858
0.24858
0.0212016
0.100463
0.24858
0.24858
0.24858
0.176468
0.140182
0.0596294
0.0311407
0.0345419
0.082453
0.142818
0.146593
0.24858
0.235616
0.24858
0.191533
0.119595
0.16973
0.173206
0.0713923
0.0877617
0.174034
0.0314247
0.176497
0.260986
0.260986
0.169117
0.18858
0.0754644
0.112184
0.190577
0.0935859
0.117863
0.125307
0.14847
0.0514209
0.111893
0.147844
0.143144
0.260986
0.22701
0.260986
0.168637
0.110142
0.10182
0.0916366
0.0531236
0.116211
0.185662
0.260986
0.260986
0.19378
0.146281
0.264631
0.272088
0.0997168
0.17919
0.272088
0.108256
0.15698
0.166109
0.196253
0.0859433
0.0900593
0.104508
0.126512
0.21706
0.135126
0.0695474
0.0827199
0.0898696
0.126667
0.13422
0.0725133
0.176897
0.252311
0.272088
0.272088
0.272088
0.151659
0.0616831
0.111456
0.109259
0.105131
0.18609
0.160327
0.106399
0.119942
0.0721409
0.145556
0.133896
0.140226
0.200544
0.250176
0.15687
0.0737869
0.131882
0.128802
0.250176
0.222831
0.0945798
0.189145
0.250176
0.0753235
0.0872265
0.0930347
0.119694
0.101807
0.189288
0.144914
0.166248
0.250176
0.231243
0.151394
0.203736
0.103194
0.250176
0.232863
0.0570344
0.124128
0.250176
0.0737395
0.0380076
0.0595803
0.155245
0.24945
0.172983
0.0707581
0.164097
0.24945
0.0622284
0.0747678
0.152122
0.220387
0.160583
0.0934225
0.0605557
0.150362
0.187714
0.1429
0.112572
0.24945
0.24945
0.24945
0.189817
0.0442453
0.114994
0.24945
0.0826045
0.0343196
0.0665069
0.24945
0.180202
0.145203
0.0961971
0.17908
0.197842
0.135129
0.0712183
0.0951634
0.24945
0.167049
0.0964194
0.092408
0.155317
0.175583
0.116634
0.110074
0.241817
0.241817
0.0893575
0.124704
0.135904
0.241817
0.213466
0.105155
0.241817
0.241817
0.214081
0.196756
0.09646
0.0820174
0.158503
0.166919
0.103833
0.0512208
0.0922491
0.241817
0.039021
0.0673047
0.130985
0.241817
0.232861
0.137728
0.186515
0.219659
0.103497
0.0771406
0.128373
0.128161
0.198616
0.196151
0.0665845
0.222951
0.253175
0.146061
0.116796
0.253175
0.185059
0.213206
0.253175
0.106514
0.115214
0.148676
0.142893
0.02614
0.0973772
0.188934
0.232473
0.200856
0.111359
0.123013
0.117978
0.0649273
0.0455045
0.108045
0.253175
0.253175
0.253175
0.157962
0.116054
0.131781
0.0850032
0.0222951
0.149428
0.2877
0.2877
0.2877
0.280861
0.22423
0.0890923
0.0395736
0.0528024
0.118804
0.243747
0.24465
0.2877
0.2877
0.2877
0.2877
0.242078
0.0202885
0.0465871
0.104426
0.11876
0.110922
0.0382749
0.0317247
0.00264079
0.00408865
0.00260518
0.0431967
0.0541759
0.0970592
0.0727694
0.0469802
0.0134982
0.00333746
0.00523617
0.0613397
0.118296
0.175401
0.159765
0.281178
0.240017
0.281178
0.178967
0.142937
0.137191
0.0873839
0.063082
0.123279
0.199185
0.275318
0.281178
0.266884
0.221068
0.00396016
0.0245564
0.0323849
0.0698127
0.0613073
0.0280096
0.046819
0.0127492
0.00577008
0.176382
0.0588491
0.0515736
0.0794357
0.0357941
0.0448937
0.281178
0.281178
0.281178
0.150846
0.117287
0.0860791
0.169114
0.223851
0.276006
0.276006
0.27211
0.185276
0.0507594
0.0958469
0.100646
0.110953
0.216965
0.150074
0.109384
0.118706
0.0904469
0.143328
0.057325
0.058
0.0837722
0.0561775
0.0562754
0.276006
0.276006
0.276006
0.0629699
0.125753
0.0838881
0.100629
0.1776
0.131171
0.120458
0.249226
0.217301
0.09581
0.185564
0.166285
0.191619
0.248537
0.217441
0.144361
0.175879
0.105359
0.248537
0.232501
0.0718149
0.132796
0.248537
0.0782094
0.0329242
0.0663951
0.134184
0.0850322
0.161035
0.138405
0.177681
0.248537
0.17988
0.172022
0.241859
0.182727
0.199753
0.157771
0.0606472
0.172031
0.248537
0.0570855
0.0522317
0.0916625
0.127947
0.268523
0.174166
0.0515808
0.108529
0.268523
0.0822207
0.0344184
0.0679223
0.268523
0.164307
0.130071
0.0676519
0.164061
0.206155
0.130818
0.0663795
0.0867857
0.268523
0.219871
0.112749
0.0536591
0.137715
0.268523
0.0532226
0.0740904
0.147313
0.193223
0.11343
0.250901
0.268523
0.0876132
0.0862637
0.0643816
0.0887645
0.194321
0.268523
0.180353
0.090376
0.0659725
0.159124
0.176506
0.112242
0.0593019
0.0887206
0.279488
0.0294655
0.108234
0.254552
0.279488
0.180503
0.13185
0.167459
0.212115
0.0738096
0.146251
0.21866
0.279488
0.0798269
0.0701369
0.0659719
0.110509
0.245145
0.279488
0.0234236
0.210539
0.279488
0.208378
0.0601281
0.0302832
0.107072
0.124619
0.0334217
0.0239614
0.16131
0.290058
0.290058
0.212935
0.143166
0.162766
0.161257
0.0686222
0.058657
0.167761
0.290058
0.290058
0.290058
0.165242
0.157286
0.211103
0.126705
0.0242517
0.244084
0.290058
0.208865
0.0676841
0.0454847
0.122406
0.121522
0.0232004
0.0215649
0.0439947
0.113203
0.138267
0.0912688
0.0873013
0.0870693
0.0508969
0.0112255
0.105914
0.198531
0.241745
0.241745
0.166313
0.120459
0.116464
0.0303735
0.0221813
0.0246228
0.18355
0.226957
0.241745
0.163598
0.11625
0.075592
0.0380854
0.0354602
0.171081
0.241745
0.186405
0.178779
0.101314
0.109639
0.241745
0.197452
0.09124
0.117909
0.0949659
0.121678
0.241745
0.112739
0.13877
0.241745
0.241745
0.234349
0.0100972
0.0338277
0.0448232
0.0920362
0.0486414
0.0229347
0.0329443
0.0169603
0.0108435
0.249607
0.0875943
0.0693812
0.111977
0.0368406
0.0509641
0.351053
0.38981
0.38981
0.0346682
0.0415922
0.0404902
0.0854704
0.0462689
0.0253871
0.0461509
0.0798331
0.04791
0.353689
0.140611
0.0619904
0.0520932
0.0475661
0.0117236
0.0545694
0.362288
0.38981
0.161515
0.0700668
0.0680654
0.0924136
0.0520853
0.0420022
0.294749
0.300434
0.300434
0.0681827
0.133642
0.0982381
0.113121
0.164929
0.165867
0.125552
0.236971
0.288491
0.246232
0.145186
0.0712857
0.0635769
0.0753505
0.0136996
0.0420233
0.213856
0.300434
0.107465
0.0530024
0.034235
0.0786171
0.111619
0.0684585
0.0727315
0.24551
0.300434
0.0864076
0.155312
0.138267
0.173632
0.246345
0.181057
0.148573
0.197559
0.191353
0.214589
0.18251
0.0451434
0.16655
0.246345
0.0746146
0.0564686
0.0732217
0.110521
0.133768
0.0980507
0.0432584
0.137415
0.201799
0.0847588
0.0884819
0.246345
0.246345
0.246345
0.246345
0.0407691
0.197123
0.246345
0.172462
0.100342
0.144171
0.152515
0.223558
0.15008
0.0442377
0.136962
0.260731
0.0730378
0.0785527
0.12948
0.177931
0.0815671
0.24318
0.260731
0.0827492
0.0964784
0.070284
0.0938091
0.181073
0.260731
0.257219
0.260731
0.20029
0.172836
0.260731
0.12138
0.0621497
0.0971567
0.155831
0.0961589
0.260731
0.260731
0.0663578
0.0525282
0.0381055
0.0400438
0.108878
0.150764
0.109199
0.255325
0.307864
0.087207
0.0869284
0.0897284
0.116181
0.241578
0.307864
0.0189434
0.253855
0.307864
0.255393
0.045613
0.0354331
0.0870426
0.109191
0.0804
0.101716
0.307864
0.307864
0.06141
0.0511795
0.0364805
0.0319404
0.109384
0.197659
0.102145
0.034638
0.0685181
0.0170073
0.015542
0.0228919
0.0556188
0.0959594
0.307864
0.0406799
0.381274
0.381274
0.381274
0.0996593
0.0997184
0.165953
0.174837
0.099923
0.0421329
0.090508
0.0976919
0.104396
0.0884392
0.144898
0.127249
0.0744452
0.0295873
0.129714
0.0629165
0.110253
0.14301
0.1322
0.0518762
0.106041
0.178566
0.381274
0.0841362
0.0972707
0.0902801
0.203568
0.198305
0.0290676
0.0269027
0.0577145
0.141478
0.11197
0.237834
0.163414
0.145958
0.0680197
0.101302
0.237834
0.141851
0.0671408
0.0938227
0.0952379
0.097627
0.207023
0.0773197
0.0953639
0.172437
0.237834
0.211712
0.0755955
0.226904
0.16712
0.0501994
0.0866232
0.0906957
0.206315
0.237834
0.137657
0.20269
0.112868
0.105174
0.22535
0.237834
0.0834466
0.237834
0.237834
0.237834
0.0539305
0.0667017
0.054015
0.10047
0.0635359
0.0319038
0.0637326
0.115725
0.0787119
0.39662
0.190559
0.0778704
0.0695192
0.0842741
0.0149294
0.0246857
0.330721
0.39662
0.0797544
0.065786
0.0549093
0.0891894
0.100344
0.0372884
0.0837446
0.163832
0.183963
0.39662
0.155458
0.0501728
0.0907075
0.175248
0.0090427
0.0150079
0.0486037
0.381281
0.29238
0.159447
0.0737124
0.0630535
0.0935473
0.0156423
0.0262892
0.17321
0.297943
0.138831
0.0561534
0.0308256
0.0685286
0.0932889
0.0920519
0.0941376
0.261162
0.297943
0.272827
0.122623
0.0505376
0.05962
0.109381
0.00935222
0.0293257
0.261458
0.297943
0.208606
0.1144
0.051439
0.0991566
0.116719
0.02933
0.115793
0.297943
0.297943
0.0957692
0.0806139
0.0329731
0.0858449
0.139346
0.0748907
0.0799996
0.206768
0.277319
0.215095
0.243354
0.115246
0.128785
0.277319
0.121157
0.073063
0.0879815
0.108608
0.233041
0.105374
0.0918768
0.128111
0.132103
0.0310105
0.128396
0.277319
0.277319
0.220091
0.277319
0.277319
0.215824
0.194474
0.0466648
0.0341058
0.0509763
0.0375103
0.270734
0.270972
0.238836
0.175213
0.270972
0.121881
0.0626524
0.0914056
0.184309
0.0883097
0.270972
0.270972
0.070501
0.0677362
0.0353057
0.0433662
0.113779
0.206169
0.259182
0.270972
0.270972
0.270972
0.260796
0.0491478
0.0542121
0.0686622
0.0402246
0.0303088
0.0476608
0.0838965
0.0392447
0.04301
0.0328246
0.0586145
0.14039
0.0567455
0.154687
0.342726
0.342726
0.105337
0.0978581
0.0587851
0.0457665
0.173332
0.342726
0.144865
0.0506378
0.073935
0.0347207
0.0252645
0.0530703
0.0810955
0.17859
0.342726
0.0247707
0.030319
0.1027
0.0574197
0.0579633
0.0352719
0.116838
0.223432
0.0997219
0.0771566
0.0586473
0.0220455
0.0657564
0.102626
0.0674523
0.141811
0.342726
0.342726
0.139051
0.0910018
0.115761
0.183951
0.163235
0.0921317
0.103192
0.210596
0.265723
0.0913933
0.132551
0.0874994
0.252747
0.243212
0.0520339
0.0581767
0.0643453
0.156054
0.168525
0.146086
0.0412994
0.167504
0.265723
0.0476391
0.152827
0.265723
0.265723
0.163827
0.196023
0.0604026
0.18783
0.265723
0.0708273
0.139172
0.178534
0.158707
0.0439658
0.173347
0.117216
0.0390446
0.0588579
0.0940321
0.118546
0.146151
0.0820736
0.101002
0.106233
0.0689737
0.148931
0.205566
0.10068
0.175813
0.286567
0.270975
0.0173624
0.0141313
0.0373655
0.0867931
0.286567
0.286567
0.122328
0.0771878
0.0866514
0.156062
0.111161
0.091291
0.286567
0.286567
0.175629
0.0674077
0.286567
0.286567
0.090038
0.106266
0.0711331
0.116277
0.146786
0.0813176
0.108633
0.266747
0.22462
0.266947
0.226281
0.0719026
0.111242
0.259884
0.0120752
0.0198907
0.0347796
0.266947
0.11851
0.10103
0.0711277
0.232871
0.266947
0.140475
0.0574442
0.258898
0.266947
0.266947
0.1921
0.0368397
0.150727
0.266947
0.0149687
0.00409719
0.00115441
0.00519547
0.241254
0.105151
0.0444028
0.0472468
0.102222
0.00646781
0.0236802
0.180978
0.269121
0.222835
0.115779
0.0403434
0.0842279
0.144573
0.0259319
0.100307
0.269121
0.269121
0.163079
0.0791701
0.0164026
0.038051
0.0819736
0.00991808
0.0471719
0.0823574
0.146259
0.215871
0.0500387
0.182169
0.269121
0.269121
0.269121
0.220612
0.263767
0.269121
0.187175
0.101535
0.0610537
0.0890137
0.141518
0.0303276
0.106836
0.266549
0.266549
0.172427
0.266549
0.266549
0.137467
0.204031
0.0392442
0.043091
0.0352193
0.0268018
0.180904
0.051658
0.093539
0.26109
0.266549
0.266549
0.2308
0.266549
0.266549
0.0326134
0.0790639
0.0911761
0.154039
0.173856
0.0707922
0.0500654
0.0480262
0.040724
0.294879
0.294879
0.294879
0.294879
0.294879
0.0886815
0.115552
0.0953742
0.0578731
0.0326785
0.0843122
0.130102
0.0515737
0.0628696
0.0486891
0.0989221
0.212585
0.108134
0.0493417
0.217644
0.152269
0.294879
0.294879
0.0696356
0.124624
0.134177
0.0991435
0.0252071
0.0242765
0.0278072
0.044282
0.0583028
0.144273
0.29429
0.123702
0.0749761
0.0251852
0.0188569
0.0397632
0.0674717
0.0744231
0.0387449
0.144628
0.255378
0.129281
0.0928354
0.0840437
0.0341641
0.0835276
0.135222
0.092103
0.208336
0.302427
0.302427
0.0319521
0.024693
0.0267675
0.0609003
0.0876801
0.162259
0.28519
0.177449
0.125639
0.124319
0.0750046
0.00424271
0.213282
0.302427
0.0987848
0.294374
0.302427
0.302427
0.136567
0.136979
0.0409404
0.157852
0.27686
0.0510636
0.160248
0.27686
0.27686
0.12092
0.172045
0.0414071
0.175998
0.27686
0.0752479
0.140979
0.155595
0.131252
0.102521
0.0522822
0.00241691
0.169411
0.27686
0.081898
0.233813
0.27686
0.27686
0.0803048
0.0861037
0.0206367
0.139211
0.27686
0.0465962
0.0487851
0.0674523
0.0672012
0.00887784
0.00925685
0.028439
0.113046
0.273739
0.218664
0.0793043
0.0451352
0.0487494
0.0489647
0.0636161
0.0452337
0.236213
0.273739
0.111111
0.0795567
0.210163
0.204664
0.0112742
0.0326999
0.141664
0.273739
0.273739
0.273739
0.273739
0.0324065
0.00304417
0.108026
0.0673852
0.0915643
0.199858
0.273739
0.175698
0.202466
0.201849
0.18632
0.0728194
0.0860905
0.0542911
0.224887
0.250564
0.146861
0.105949
0.250564
0.250564
0.250564
0.199888
0.0317164
0.127657
0.250564
0.0120041
0.0064365
0.00349056
0.00241327
0.119574
0.0933683
0.128053
0.216537
0.250564
0.222806
0.250564
0.250564
0.219677
0.163845
0.141065
0.115533
0.144085
0.250564
0.0518164
0.0497988
0.0788404
0.0450876
0.172436
0.08662
0.0159099
0.0353647
0.0859613
0.00805677
0.0412138
0.0654485
0.187772
0.269955
0.0806005
0.20565
0.269955
0.269955
0.269955
0.193812
0.247978
0.269955
0.0941124
0.0750129
0.0569497
0.0734492
0.0699703
0.0140329
0.0273114
0.0513339
0.0718407
0.245414
0.145088
0.235016
0.269955
0.136627
0.140072
0.0652127
0.196932
0.269955
0.262947
0.0894165
0.109891
0.262947
0.262947
0.262947
0.224651
0.262947
0.262947
0.0488756
0.070041
0.077674
0.176476
0.244662
0.0953209
0.0877451
0.0502194
0.0356094
0.24062
0.118846
0.150012
0.245143
0.118652
0.109893
0.0770018
0.209705
0.262947
0.050727
0.0380854
0.0811921
0.125264
0.150982
0.129747
0.124926
0.0699905
0.0586831
0.0466045
0.180754
0.0796665
0.249555
0.249555
0.124694
0.164923
0.121833
0.0717591
0.0192035
0.0195648
0.0394027
0.0777249
0.174711
0.219279
0.221475
0.128799
0.0591767
0.103509
0.0516446
0.128899
0.182171
0.23145
0.205683
0.229249
0.152121
0.133201
0.0374787
0.0812449
0.201044
0.249555
0.249555
0.249555
0.249555
0.249555
0.0557755
0.016108
0.0110977
0.0263699
0.0544929
0.121881
0.160105
0.154774
0.119712
0.0666939
0.0879323
0.0708644
0.0337165
0.149035
0.231488
0.10464
0.182297
0.231488
0.231488
0.0345648
0.0330639
0.147621
0.231488
0.223484
0.231488
0.220915
0.224716
0.0990268
0.150993
0.231488
0.199758
0.225076
0.231488
0.15415
0.186642
0.231488
0.220594
0.118452
0.0644229
0.0255802
0.155832
0.255077
0.141918
0.234691
0.255077
0.255077
0.0885323
0.085399
0.0223501
0.117048
0.255077
0.0412152
0.0390819
0.0527346
0.0517292
0.206059
0.255077
0.172171
0.197452
0.255077
0.179988
0.24109
0.255077
0.255077
0.125313
0.222863
0.123804
0.118973
0.157071
0.0321798
0.0126448
0.0200929
0.0199481
0.0113341
0.0350978
0.131757
0.282338
0.282338
0.282338
0.282338
0.0420818
0.0082874
0.0767136
0.0505332
0.063648
0.238467
0.282338
0.21587
0.26866
0.219289
0.199708
0.00759787
0.0127396
0.0645608
0.262344
0.124669
0.120566
0.113028
0.0388255
0.037485
0.0591005
0.0208019
0.0400031
0.130413
0.181407
0.138766
0.101414
0.179701
0.26174
0.107284
0.0800184
0.0902084
0.253529
0.2569
0.2569
0.2569
0.2569
0.245829
0.185574
0.16131
0.116494
0.220054
0.2569
0.0579173
0.0584447
0.0781676
0.0540869
0.0779178
0.0775567
0.0993911
0.157722
0.243368
0.217083
0.136011
0.172316
0.238191
0.0503102
0.0949632
0.0755617
0.163362
0.129184
0.0739071
0.0947369
0.167373
0.140667
0.170782
0.12427
0.08488
0.139302
0.127465
0.0255873
0.0451127
0.0717596
0.131002
0.304705
0.250833
0.304705
0.304705
0.142168
0.18559
0.0922567
0.304705
0.304705
0.0512407
0.11901
0.0974357
0.141442
0.107081
0.0562638
0.066888
0.0850729
0.0770073
0.121644
0.0646254
0.0745378
0.102
0.075237
0.0895008
0.0826421
0.265296
0.304705
0.283943
0.180843
0.242087
0.283943
0.140167
0.155981
0.107715
0.283943
0.283943
0.0950877
0.0509142
0.140008
0.2227
0.259876
0.229849
0.240236
0.104628
0.0836723
0.123478
0.0706653
0.072628
0.0948023
0.0691338
0.0833304
0.0755282
0.241195
0.283943
0.0704391
0.0450169
0.021289
0.0451214
0.0918624
0.059861
0.105964
0.0525522
0.165947
0.114028
0.0338163
0.119931
0.194308
0.24998
0.241853
0.24998
0.151646
0.118586
0.0322416
0.0632118
0.167923
0.24998
0.24998
0.24998
0.24998
0.23592
0.0328644
0.0953408
0.0474632
0.0237523
0.0479244
0.098524
0.0585179
0.126855
0.0930736
0.220498
0.0240292
0.0355387
0.157309
0.24998
0.166974
0.169486
0.24998
0.24998
0.0433682
0.0216981
0.0211363
0.109818
0.231896
0.231896
0.231896
0.181229
0.186403
0.0693721
0.121907
0.231896
0.187701
0.220296
0.231896
0.164593
0.194867
0.231896
0.186217
0.0136093
0.0135616
0.0646217
0.123072
0.0882094
0.105352
0.196908
0.186171
0.0422409
0.0675926
0.231896
0.213336
0.222008
0.231896
0.0798698
0.166403
0.165278
0.107267
0.181407
0.234511
0.158139
0.175443
0.234511
0.219926
0.234511
0.234511
0.234511
0.120992
0.185381
0.107591
0.117218
0.149022
0.0330229
0.0200333
0.0148194
0.0156961
0.0736321
0.234511
0.234511
0.234511
0.234511
0.135867
0.234511
0.234511
0.167491
0.0303517
0.0890281
0.137968
0.166371
0.178227
0.0834029
0.114651
0.0113257
0.0026179
0.00390374
0.00650499
0.0306082
0.19595
0.117514
0.0532677
0.0257171
0.0220278
0.0193877
0.0267511
0.00740583
0.0130771
0.0832806
0.113643
0.103143
0.0623656
0.0769679
0.154251
0.000664199
0.00249856
0.00453092
0.0792634
0.541829
0.338617
0.00634783
0.00264052
0.00539426
0.0144337
0.000153381
0.0011013
0.0335191
0.541829
0.394396
0.0618631
0.0742871
0.0545028
0.0393222
0.0361793
0.0325398
0.0769774
0.154344
0.138983
0.0833018
0.0765632
0.132219
0.0334096
0.0473019
0.036163
0.11065
0.0770723
0.0425797
0.0506868
0.0800301
0.0797462
0.0732549
0.120006
0.0155602
0.0917015
0.495549
0.495549
0.050496
0.0593712
0.0441999
0.136253
0.216077
0.0542957
0.111182
0.495549
0.119719
0.0508567
0.0674681
0.039468
0.0786784
0.142013
0.0998691
0.189596
0.155014
0.0728915
0.0973319
0.105285
0.101612
0.128815
0.0610075
0.0706749
0.103908
0.0865481
0.102299
0.0997125
0.31044
0.31044
0.31044
0.31044
0.105009
0.268391
0.31044
0.203555
0.0932897
0.0967005
0.083468
0.0731005
0.0140342
0.0203412
0.0148504
0.0193568
0.0449669
0.138714
0.218916
0.31044
0.203397
0.10889
0.111028
0.156523
0.133427
0.15014
0.158305
0.289362
0.289362
0.138992
0.0591408
0.0247171
0.0883683
0.162874
0.133124
0.251779
0.112015
0.289362
0.128365
0.0231818
0.0184045
0.0184592
0.0317507
0.0623181
0.229831
0.289362
0.289362
0.256258
0.0461502
0.00951964
0.0702189
0.14788
0.0211528
0.0259566
0.139691
0.289362
0.177896
0.0581843
0.0210633
0.0923202
0.191423
0.124407
0.250423
0.164696
0.254774
0.0699898
0.0680034
0.1672
0.254774
0.254774
0.254774
0.254774
0.254774
0.0996264
0.254774
0.0571761
0.00869982
0.0867264
0.174142
0.0199335
0.0293234
0.145376
0.254774
0.114126
0.0738152
0.0595977
0.145319
0.105639
0.0564271
0.0629601
0.239624
0.254774
0.0315109
0.0261825
0.0626795
0.150231
0.146368
0.166698
0.270586
0.238831
0.0756466
0.13617
0.27422
0.256513
0.27422
0.27422
0.109503
0.27422
0.27422
0.224577
0.0694932
0.0482105
0.037071
0.0790255
0.0721023
0.0372349
0.050117
0.104987
0.115475
0.0913432
0.119698
0.171272
0.159943
0.27422
0.19596
0.110795
0.0929882
0.0595782
0.0980216
0.263754
0.215742
0.24921
0.263754
0.135623
0.263754
0.263754
0.226569
0.0307829
0.109898
0.176446
0.218456
0.229035
0.115037
0.109649
0.010326
0.00367226
0.0913613
0.110536
0.162276
0.154229
0.263754
0.138351
0.0878174
0.0646524
0.0293274
0.0102445
0.0896447
0.162851
0.106859
0.263754
0.263754
0.0802281
0.0155091
0.00105282
0.00494103
0.0165755
0.0164641
0.0825732
0.474766
0.269278
0.0222972
0.00938755
0.0134115
0.020531
0.00579615
0.0156147
0.0342473
0.474766
0.364895
0.070618
0.0587142
0.0726529
0.0180222
0.0863067
0.0636905
0.0661569
0.327873
0.151272
0.0922869
0.0419849
0.0226667
0.0157116
0.0309342
0.0803032
0.0558646
0.320927
0.164707
0.0902855
0.0832286
0.0802402
0.0728014
0.0914195
0.0216915
0.0600505
0.360572
0.353678
0.0521697
0.0421352
0.0440079
0.152648
0.171868
0.0551667
0.0706175
0.360572
0.092257
0.0393421
0.0506808
0.0414571
0.131973
0.109742
0.0699806
0.119754
0.360572
0.159214
0.0493568
0.0510188
0.0401386
0.294996
0.225006
0.0631797
0.177658
0.360572
0.0185651
0.0183481
0.019333
0.0228388
0.30782
0.30782
0.089677
0.15637
0.30782
0.155974
0.0777547
0.0798027
0.0769447
0.0482725
0.0082644
0.0123102
0.0155309
0.0183368
0.0369061
0.105349
0.18351
0.269254
0.30782
0.30782
0.0704464
0.30782
0.30782
0.0178308
0.0151512
0.0229772
0.0166666
0.07757
0.0228339
0.0268812
0.0368725
0.0294624
0.0212734
0.0409738
0.164689
0.30782
0.143773
0.0145327
0.0145123
0.0317416
0.0421283
0.0778731
0.273987
0.302423
0.302423
0.283139
0.0418193
0.00781759
0.10626
0.211564
0.0340884
0.0371445
0.16537
0.302423
0.146865
0.0250444
0.0366037
0.0720132
0.0611503
0.0651406
0.0973165
0.302423
0.302423
0.205854
0.125718
0.0150425
0.0587764
0.185221
0.0243207
0.0481311
0.181836
0.302423
0.293392
0.0576119
0.0119166
0.146245
0.269354
0.0297319
0.0296897
0.161741
0.293392
0.181384
0.0910491
0.0168201
0.113606
0.131955
0.0589086
0.0392521
0.204628
0.293392
0.261592
0.17224
0.0279476
0.0809496
0.250846
0.0263868
0.0494995
0.197526
0.293392
0.218873
0.126376
0.0289054
0.0445921
0.0933643
0.0121744
0.0421648
0.194282
0.293392
0.166414
0.102837
0.0533452
0.12821
0.149258
0.056489
0.0401563
0.132413
0.237649
0.198692
0.216647
0.237649
0.237649
0.237649
0.237649
0.18349
0.205971
0.214032
0.178437
0.125306
0.0522288
0.0525074
0.116983
0.0128356
0.0381937
0.11702
0.237649
0.128137
0.128084
0.141348
0.110252
0.237649
0.154866
0.112689
0.232443
0.237649
0.114597
0.13994
0.203992
0.172075
0.260725
0.133342
0.0825033
0.0987191
0.0715703
0.0246145
0.159014
0.257694
0.145445
0.260725
0.260725
0.0920205
0.0462902
0.0297696
0.0663575
0.0786309
0.128832
0.121799
0.18241
0.0905979
0.0904296
0.158544
0.163385
0.0175142
0.0638108
0.211741
0.260725
0.260725
0.260725
0.260725
0.223013
0.115581
0.0629878
0.232856
0.184068
0.170791
0.232856
0.232856
0.220221
0.123829
0.0917659
0.0876003
0.108929
0.207618
0.131911
0.232856
0.232856
0.232856
0.186667
0.232856
0.103731
0.232856
0.232856
0.10281
0.0986473
0.0797905
0.109335
0.0622214
0.0560473
0.180082
0.0993114
0.142937
0.182671
0.0966852
0.0898371
0.148022
0.108648
0.232856
0.236281
0.16711
0.10784
0.159786
0.263313
0.188329
0.0904294
0.0692413
0.0688508
0.263313
0.263313
0.104328
0.232479
0.263313
0.0266503
0.0221939
0.0217125
0.0409274
0.22159
0.158943
0.0711439
0.177488
0.263313
0.0609789
0.071519
0.0575811
0.098397
0.263313
0.263313
0.088524
0.243986
0.263313
0.0198881
0.0186177
0.00736184
0.0451063
0.305541
0.305541
0.0792826
0.301811
0.305541
0.0160363
0.00859996
0.0194827
0.0163651
0.0702407
0.022266
0.0200894
0.0387956
0.0276615
0.0218653
0.0363745
0.1745
0.283256
0.305541
0.305541
0.0809944
0.305541
0.305541
0.0161226
0.0116325
0.012466
0.00452452
0.0913749
0.0355539
0.0159275
0.0298078
0.0340746
0.0241239
0.11556
0.140607
0.273529
0.150012
0.0294079
0.0301656
0.09008
0.0632061
0.0669514
0.0843625
0.292158
0.292158
0.20115
0.0903089
0.012808
0.0776977
0.209913
0.0170055
0.0365754
0.165609
0.292158
0.197582
0.0673684
0.0320229
0.0911113
0.102426
0.064984
0.19169
0.280329
0.292158
0.292158
0.120609
0.00748513
0.124535
0.268315
0.0148296
0.0458915
0.156726
0.292158
0.26082
0.122712
0.0275911
0.101636
0.265181
0.0181826
0.0361247
0.153645
0.304357
0.186068
0.0939905
0.0274033
0.0639456
0.126341
0.0106797
0.0344061
0.150092
0.304357
0.304357
0.160134
0.0116102
0.162627
0.304357
0.020675
0.0183854
0.12288
0.304357
0.167264
0.109921
0.00979318
0.0586799
0.114466
0.0329014
0.0457836
0.19598
0.304357
0.199661
0.151714
0.0757869
0.0873623
0.176005
0.0157666
0.0469092
0.126346
0.272224
0.16925
0.175291
0.183479
0.136725
0.240984
0.113387
0.13246
0.272224
0.272224
0.166588
0.163021
0.0196934
0.0898214
0.162244
0.0434378
0.0782368
0.180741
0.272224
0.272224
0.148601
0.0355201
0.109094
0.190191
0.0189795
0.0297031
0.164524
0.272224
0.0737896
0.116343
0.175071
0.14933
0.156796
0.0813692
0.102217
0.212054
0.251137
0.0543636
0.127021
0.251137
0.251137
0.251137
0.251137
0.251137
0.251137
0.205492
0.133576
0.0747131
0.0219839
0.0617211
0.0920751
0.0178213
0.0331081
0.162492
0.251137
0.183686
0.114113
0.116351
0.116978
0.0852606
0.102163
0.116195
0.208086
0.251137
