0.199535
0.112491
0.0297056
0.102966
0.245947
0.0675626
0.0905379
0.175728
0.245947
0.211266
0.106454
0.0171587
0.147242
0.245947
0.0463075
0.0797209
0.245947
0.245947
0.197257
0.087497
0.0334462
0.132197
0.237029
0.0706254
0.095126
0.166475
0.245947
0.245947
0.189028
0.0515104
0.0871407
0.228433
0.0602866
0.0543928
0.232802
0.245947
0.212262
0.138287
0.0276547
0.168296
0.249096
0.0500059
0.0761738
0.190607
0.249096
0.169639
0.109056
0.0146038
0.0648344
0.137995
0.0478938
0.128022
0.201042
0.249096
0.249096
0.204081
0.0599584
0.101846
0.249096
0.0667135
0.0667218
0.249096
0.249096
0.249096
0.0904876
0.00905438
0.102991
0.204402
0.0663736
0.0643957
0.216103
0.249096
0.21331
0.151524
0.0249886
0.0903938
0.216671
0.0388269
0.104749
0.141363
0.250128
0.250128
0.137066
0.0229942
0.0635114
0.23356
0.0346798
0.103795
0.224913
0.250128
0.250128
0.138557
0.0194406
0.123157
0.250128
0.0469679
0.0716694
0.213953
0.250128
0.250128
0.154737
0.031093
0.0905859
0.154381
0.0398659
0.0559442
0.229844
0.250128
0.248944
0.153772
0.0156315
0.0825048
0.248944
0.014294
0.050405
0.146929
0.248944
0.248944
0.136143
0.0333127
0.0856069
0.248944
0.0246976
0.124729
0.151109
0.248944
0.248944
0.183103
0.0419031
0.0935258
0.164128
0.0264625
0.0392871
0.145932
0.248944
0.248944
0.217439
0.0560206
0.0506841
0.248944
0.0890867
0.0562075
0.196723
0.248944
0.259954
0.208905
0.0369688
0.121326
0.259954
0.0319012
0.106962
0.140712
0.259954
0.183003
0.168711
0.043024
0.110282
0.259954
0.0779465
0.0605484
0.203305
0.176807
0.259954
0.259954
0.0987352
0.0722271
0.259954
0.0964288
0.0644537
0.198686
0.259954
0.132272
0.129127
0.126526
0.0788445
0.146439
0.041727
0.0717312
0.191747
0.140417
0.180891
0.182504
0.0426356
0.0937225
0.274061
0.0870974
0.0674587
0.161063
0.159924
0.279166
0.279166
0.0284865
0.159862
0.279166
0.0143951
0.0343798
0.071261
0.279166
0.11813
0.135433
0.138775
0.0694637
0.10125
0.0419053
0.0627711
0.122891
0.109695
0.279166
0.178798
0.0859903
0.254298
0.279166
0.0200167
0.00815904
0.0476766
0.279166
0.255774
0.255774
0.0417969
0.142457
0.255774
0.025381
0.0637018
0.108525
0.255774
0.200104
0.149708
0.0798046
0.0782196
0.149374
0.0673523
0.0560633
0.102226
0.255774
0.255774
0.198667
0.109673
0.215759
0.255774
0.0381998
0.00872106
0.0597332
0.255774
0.215171
0.155904
0.0624143
0.0699369
0.128635
0.0659657
0.0623719
0.223568
0.255774
0.2048
0.10488
0.0522573
0.125777
0.253018
0.0777123
0.105045
0.200319
0.253018
0.253018
0.216717
0.0743884
0.0625939
0.22945
0.064415
0.0791764
0.249803
0.253018
0.132732
0.199633
0.152166
0.0808801
0.131173
0.0267431
0.165031
0.182485
0.253018
0.201826
0.175758
0.0447683
0.0750293
0.174189
0.093536
0.082949
0.12024
0.253018
0.26274
0.221768
0.0802357
0.0662126
0.254931
0.0719743
0.0827861
0.249024
0.26274
0.26274
0.10262
0.0168062
0.100649
0.208722
0.0637056
0.0519916
0.235385
0.26274
0.168806
0.163068
0.0340776
0.0800096
0.184882
0.0693519
0.0771238
0.136326
0.26274
0.224193
0.129375
0.0272608
0.0887035
0.165336
0.0269588
0.0177117
0.173002
0.26274
0.257023
0.150254
0.02505
0.11435
0.240149
0.0417673
0.0560476
0.228088
0.257023
0.257023
0.16396
0.0266605
0.078448
0.155156
0.027867
0.028799
0.236566
0.257023
0.234386
0.172014
0.0586296
0.106947
0.239475
0.0167955
0.0261263
0.175793
0.257023
0.183196
0.0965829
0.0240095
0.0727124
0.257023
0.0217055
0.0214675
0.181714
0.257023
0.248652
0.208343
0.0434605
0.0911067
0.168833
0.0179694
0.025776
0.174779
0.248652
0.248652
0.248652
0.0773567
0.0459115
0.248652
0.0794612
0.0469376
0.194905
0.248652
0.204592
0.137037
0.0530468
0.0914707
0.248652
0.0155901
0.0353844
0.163204
0.248652
0.248652
0.17009
0.041373
0.0794
0.213419
0.0558645
0.0236844
0.165425
0.248652
0.247321
0.247321
0.133567
0.0755414
0.247321
0.0923443
0.0653812
0.214997
0.247321
0.153454
0.119109
0.1286
0.0899543
0.181962
0.0486648
0.0788454
0.220785
0.177352
0.247321
0.205352
0.0901695
0.133462
0.247321
0.071656
0.0473253
0.202281
0.247321
0.142223
0.0888248
0.0792768
0.102472
0.224232
0.1037
0.0378354
0.14161
0.247321
0.142484
0.129041
0.141928
0.0865653
0.119258
0.0352328
0.0667966
0.146816
0.141393
0.28049
0.176021
0.109144
0.28049
0.28049
0.0190532
0.00822476
0.0566139
0.28049
0.117099
0.0925895
0.103224
0.127741
0.24797
0.0498485
0.0365729
0.0984882
0.152004
0.28049
0.164304
0.0990901
0.28049
0.28049
0.0622831
0.0857809
0.0507941
0.28049
0.251115
0.173579
0.115017
0.221397
0.251115
0.0246632
0.00429792
0.0586522
0.251115
0.233035
0.1186
0.0469668
0.061821
0.116642
0.0710137
0.0796319
0.195214
0.251115
0.251115
0.177681
0.113406
0.217243
0.251115
0.0272577
0.0613519
0.110658
0.238119
0.251115
0.0703905
0.0415182
0.114853
0.22615
0.0331359
0.0517979
0.14737
0.251115
0.138164
0.222453
0.146165
0.109429
0.148163
0.033629
0.150724
0.199922
0.268277
0.225949
0.184851
0.0555618
0.0610312
0.157409
0.105897
0.0955212
0.161907
0.268277
0.124125
0.199666
0.108299
0.175175
0.0953921
0.0777659
0.0702191
0.18487
0.268277
0.220609
0.21359
0.0843209
0.0885514
0.0820486
0.0947845
0.110402
0.268277
0.268277
0.180554
0.159023
0.0448082
0.0603051
0.16189
0.0763571
0.0786182
0.153277
0.254421
0.252141
0.136404
0.0331376
0.0947424
0.148673
0.0232411
0.0361146
0.211783
0.254421
0.223731
0.197647
0.0997156
0.11877
0.156244
0.0613607
0.0759616
0.254421
0.254421
0.22204
0.111429
0.0571695
0.133413
0.254421
0.0778948
0.1569
0.254421
0.254421
0.243819
0.187989
0.0603039
0.117313
0.231276
0.0187812
0.0340268
0.209029
0.243819
0.197017
0.110593
0.0270245
0.0813484
0.243819
0.0251512
0.0191824
0.210268
0.243819
0.243819
0.179686
0.105265
0.209725
0.243819
0.0624215
0.0885922
0.167076
0.243819
0.107865
0.0988319
0.0533927
0.0647015
0.224111
0.0648045
0.105783
0.219807
0.243819
0.250487
0.182128
0.0661133
0.120506
0.250487
0.0230752
0.0301675
0.212347
0.250487
0.250487
0.193179
0.0511203
0.112776
0.250487
0.0628263
0.0275559
0.166399
0.250487
0.159524
0.152912
0.0778308
0.111176
0.250487
0.0678402
0.0711238
0.175837
0.250487
0.122629
0.110139
0.065973
0.146847
0.234187
0.0378643
0.0517387
0.178324
0.250487
0.234563
0.204743
0.0901374
0.144275
0.234563
0.0761028
0.0460623
0.171979
0.234563
0.140033
0.0992053
0.0926834
0.102316
0.217805
0.101528
0.0404586
0.132581
0.234563
0.146284
0.140514
0.0992028
0.185796
0.234563
0.0714458
0.0705504
0.180091
0.234563
0.234563
0.223945
0.136933
0.142186
0.234563
0.0961587
0.114961
0.1772
0.234563
0.119718
0.097284
0.103329
0.118895
0.21829
0.0533057
0.038183
0.0964873
0.159268
0.253565
0.154916
0.12665
0.253565
0.253565
0.0373121
0.0614727
0.0645199
0.253565
0.253565
0.177864
0.112656
0.12329
0.188158
0.0921503
0.121792
0.18187
0.253565
0.253565
0.172897
0.0724532
0.11504
0.253565
0.0457605
0.118652
0.144405
0.253565
0.263811
0.173704
0.142661
0.224519
0.263811
0.01423
0.0560453
0.113502
0.263811
0.263811
0.0662309
0.0418742
0.124513
0.217316
0.0313468
0.0652343
0.158519
0.263811
0.263811
0.164077
0.0656928
0.0936772
0.201459
0.0290717
0.0858146
0.129131
0.263811
0.185854
0.102482
0.0396037
0.109385
0.193496
0.011881
0.0497869
0.15071
0.263811
0.0827884
0.130901
0.0560179
0.124436
0.0780317
0.065104
0.0366695
0.123984
0.167091
0.118849
0.11067
0.0523301
0.0555144
0.0545555
0.0654515
0.068013
0.261255
0.277333
0.277333
0.19228
0.0614681
0.277333
0.277333
0.196351
0.172045
0.244206
0.277333
0.136032
0.111775
0.0832288
0.121754
0.206898
0.0336336
0.0361688
0.24915
0.277333
0.182239
0.164738
0.0928394
0.110481
0.13999
0.0676948
0.0714381
0.230336
0.230336
0.208008
0.116323
0.0673948
0.13681
0.230336
0.0636017
0.13564
0.230336
0.230336
0.179062
0.150986
0.140196
0.193467
0.197228
0.0481555
0.0641014
0.230336
0.230336
0.173599
0.0849094
0.151214
0.230336
0.20101
0.0656324
0.0801332
0.202317
0.230336
0.227196
0.206403
0.121102
0.227196
0.227196
0.0632675
0.0961298
0.202927
0.227196
0.122818
0.0951818
0.0606824
0.0947424
0.224879
0.044266
0.097908
0.217526
0.227196
0.227196
0.141395
0.192837
0.227196
0.227196
0.0768363
0.077514
0.219018
0.20108
0.0659031
0.106589
0.0697534
0.100017
0.194477
0.111924
0.0833919
0.179277
0.227196
0.222914
0.180861
0.0992519
0.186525
0.239398
0.0654043
0.0785299
0.212089
0.239398
0.159134
0.11736
0.0934984
0.210737
0.239398
0.0444606
0.0534289
0.180765
0.239398
0.116262
0.161525
0.0876819
0.148949
0.239398
0.130379
0.0746068
0.239398
0.239398
0.170481
0.141565
0.0817686
0.120349
0.116358
0.0956954
0.136485
0.166242
0.235184
0.176888
0.148776
0.107847
0.21036
0.227246
0.0833749
0.0634758
0.158688
0.227246
0.227246
0.227246
0.143053
0.117112
0.227246
0.102993
0.119909
0.158192
0.227246
0.194674
0.14938
0.0721854
0.137939
0.128583
0.0702708
0.101782
0.135807
0.225416
0.227246
0.206929
0.0707536
0.0879114
0.207644
0.139049
0.204017
0.109763
0.227246
0.246154
0.174475
0.0916036
0.0798242
0.147147
0.0950794
0.107727
0.136982
0.227571
0.269431
0.153203
0.0859335
0.124135
0.255606
0.0194489
0.090885
0.128519
0.269431
0.258558
0.15304
0.0650228
0.0699088
0.15213
0.0812849
0.117291
0.0822781
0.269431
0.269431
0.172194
0.0461515
0.120693
0.269431
0.0370217
0.0812521
0.0710948
0.269431
0.273865
0.153002
0.0794015
0.114042
0.225775
0.0157829
0.0759701
0.11487
0.273865
0.168923
0.109335
0.0403458
0.107735
0.200511
0.02023
0.0593233
0.148942
0.273865
0.273865
0.182542
0.0642644
0.128865
0.273865
0.0335923
0.0658357
0.102707
0.273865
0.166804
0.121982
0.043461
0.0890548
0.245563
0.0325088
0.0553128
0.234574
0.273865
0.145408
0.0894013
0.0862233
0.169988
0.25179
0.110738
0.0799942
0.102576
0.177342
0.061976
0.0523409
0.0484126
0.0660515
0.126287
0.0665353
0.0357342
0.135127
0.214962
0.148256
0.128916
0.26789
0.26789
0.149693
0.158639
0.0994168
0.169947
0.26789
0.200735
0.166928
0.26789
0.26789
0.248854
0.215703
0.0499658
0.146977
0.163143
0.105498
0.0701107
0.080764
0.0987289
0.158314
0.100771
0.0478511
0.140593
0.179913
0.0943421
0.04945
0.0637152
0.111362
0.0859803
0.0288882
0.0294075
0.0931423
0.119585
0.222821
0.201393
0.263168
0.263168
0.263168
0.262115
0.0802099
0.190591
0.179725
0.107025
0.0735777
0.170319
0.263168
0.263168
0.210907
0.170762
0.263168
0.221658
0.195251
0.115528
0.11801
0.2119
0.14593
0.0477068
0.0506085
0.155976
0.151772
0.0631075
0.0698696
0.0555951
0.0749948
0.113204
0.0533032
0.0417983
0.118635
0.168465
0.113826
0.126167
0.294735
0.294735
0.294735
0.294735
0.294735
0.294735
0.294735
0.0939249
0.0992322
0.104025
0.0852781
0.0877357
0.059068
0.0807326
0.124393
0.178536
0.138532
0.147107
0.0949683
0.183937
0.221297
0.104746
0.0804103
0.221297
0.221297
0.18825
0.117045
0.0976346
0.144809
0.134564
0.0914875
0.12023
0.155957
0.221297
0.172627
0.221291
0.221297
0.133093
0.209082
0.0988905
0.14088
0.201948
0.221297
0.185112
0.154713
0.126004
0.097988
0.179264
0.0982985
0.186718
0.200565
0.221297
0.209047
0.136323
0.0758489
0.160555
0.151239
0.0746507
0.10376
0.138024
0.221868
0.221868
0.221868
0.0668446
0.069753
0.209858
0.142555
0.194429
0.151994
0.221868
0.176574
0.155973
0.131837
0.10217
0.221868
0.100644
0.160667
0.154642
0.221868
0.221868
0.218298
0.0803221
0.0706276
0.221868
0.088142
0.104975
0.221868
0.221868
0.243652
0.166738
0.0474707
0.0488159
0.150719
0.0792485
0.10884
0.0936627
0.275793
0.284033
0.165193
0.0394847
0.116947
0.284033
0.0320918
0.0797189
0.105919
0.284033
0.182427
0.148172
0.0558525
0.0575586
0.183137
0.0687441
0.0506015
0.119205
0.240626
0.284033
0.192415
0.0942859
0.0891729
0.233381
0.0067562
0.0180313
0.186307
0.284033
0.262537
0.160091
0.0475172
0.120162
0.262537
0.027873
0.0590772
0.102869
0.262537
0.156893
0.11111
0.0382035
0.0813775
0.218677
0.0329853
0.0565024
0.194437
0.262537
0.262537
0.197061
0.0951798
0.117986
0.262537
0.00776399
0.0108071
0.0929805
0.262537
0.227338
0.166229
0.037693
0.10291
0.131748
0.0101858
0.0901165
0.262537
0.262537
0.0834652
0.0829758
0.257555
0.257555
0.197651
0.150512
0.116833
0.12225
0.257555
0.135547
0.0968944
0.199002
0.257555
0.242299
0.189469
0.048918
0.117457
0.110795
0.0376625
0.0259911
0.0740692
0.257555
0.257555
0.257555
0.123128
0.0797616
0.0972194
0.0609772
0.068966
0.121633
0.257555
0.257555
0.190851
0.0813413
0.0589737
0.00675255
0.174541
0.115036
0.23994
0.23994
0.23994
0.214267
0.0558316
0.137017
0.127759
0.073298
0.062529
0.140831
0.194421
0.232285
0.104813
0.0741881
0.190378
0.107918
0.0847289
0.110965
0.202942
0.23994
0.23994
0.206251
0.122826
0.0725194
0.0264269
0.0435475
0.190256
0.23994
0.23994
0.23994
0.103506
0.113795
0.182939
0.0829146
0.0581845
0.0641524
0.185836
0.248279
0.248279
0.118191
0.0997522
0.212107
0.123098
0.0541355
0.0510351
0.0469771
0.0654115
0.0704722
0.047609
0.045207
0.0788721
0.0917018
0.0394206
0.176576
0.248279
0.248279
0.248279
0.171409
0.194998
0.201566
0.141221
0.084087
0.185126
0.248279
0.248279
0.248279
0.248279
0.117038
0.0761698
0.248279
0.0642934
0.0727396
0.0652235
0.109187
0.12156
0.0800297
0.0841147
0.100555
0.147345
0.0630163
0.0464339
0.0408902
0.0534646
0.0781089
0.0327565
0.0554015
0.076347
0.108541
0.112439
0.195412
0.283941
0.283941
0.283941
0.283941
0.211978
0.201049
0.283941
0.0415638
0.0905038
0.13945
0.28214
0.283941
0.152159
0.0804878
0.283941
0.191497
0.113998
0.109902
0.0830109
0.109985
0.173409
0.0658734
0.107489
0.124945
0.17305
0.134007
0.1471
0.0746591
0.0463248
0.118572
0.0489485
0.072192
0.176013
0.204046
0.0797897
0.146258
0.116757
0.296805
0.296805
0.296805
0.165463
0.296805
0.296805
0.161018
0.16867
0.0911348
0.080006
0.198698
0.127322
0.135065
0.101819
0.245359
0.158163
0.165685
0.0724144
0.0530975
0.133795
0.0552158
0.0528423
0.128945
0.204062
0.2508
0.226165
0.0773849
0.0769224
0.238566
0.00636246
0.0363159
0.227696
0.2508
0.184108
0.217096
0.112906
0.106802
0.18434
0.100348
0.119364
0.103431
0.2508
0.2508
0.2508
0.0731769
0.108983
0.19669
0.116112
0.0839297
0.237192
0.2508
0.246516
0.244546
0.086169
0.103111
0.246516
0.00807775
0.0214487
0.11471
0.246516
0.215116
0.179284
0.0477191
0.102645
0.131148
0.0157545
0.0838006
0.246516
0.246516
0.246516
0.246516
0.0734897
0.124926
0.213035
0.0923084
0.071187
0.143656
0.246516
0.178284
0.18947
0.0645697
0.0814409
0.185137
0.0468142
0.113068
0.132169
0.246516
0.0620627
0.0366898
0.0971431
0.316902
0.316902
0.316902
0.235487
0.138005
0.122959
0.0967899
0.0830658
0.165739
0.316902
0.316902
0.255052
0.116608
0.0860337
0.0123152
0.033676
0.0617686
0.256389
0.190192
0.0630586
0.0336395
0.0378854
0.0158507
0.00629516
0.0672648
0.037328
0.0950135
0.13794
0.316902
0.0702942
0.0400342
0.0255776
0.0915632
0.117591
0.118735
0.243911
0.264859
0.264859
0.197395
0.117049
0.0686137
0.0206008
0.0527038
0.178863
0.264859
0.264859
0.260232
0.14194
0.118219
0.212645
0.0582639
0.0673376
0.0366796
0.0982192
0.131689
0.258651
0.0752614
0.0460372
0.0374334
0.0788207
0.0524813
0.0745076
0.114838
0.264859
0.264859
0.264859
0.103562
0.116862
0.132153
0.0327245
0.114723
0.24222
0.24222
0.199129
0.142272
0.121576
0.137393
0.0825647
0.0659096
0.10888
0.214446
0.24222
0.24222
0.209274
0.0985631
0.0772692
0.220915
0.0498958
0.0542256
0.103766
0.197618
0.24222
0.226885
0.0844914
0.10024
0.112246
0.0341762
0.0784374
0.192413
0.24222
0.24222
0.24222
0.15511
0.178497
0.0937508
0.0692902
0.0957568
0.178718
0.243199
0.243199
0.243199
0.131668
0.0980611
0.243199
0.0445785
0.0510697
0.0696451
0.168011
0.242315
0.0897472
0.063166
0.10909
0.126515
0.065016
0.106976
0.15635
0.243199
0.243199
0.243199
0.156567
0.188677
0.129069
0.117379
0.150424
0.207586
0.243199
0.243199
0.170709
0.075501
0.0720899
0.148535
0.0567458
0.0698604
0.0621179
0.2452
0.254254
0.122399
0.0814292
0.179527
0.142935
0.0523597
0.0646182
0.0505883
0.0292333
0.0810876
0.0550072
0.052794
0.0475367
0.0876859
0.170981
0.232643
0.241372
0.254254
0.254254
0.169629
0.0932796
0.135375
0.209476
0.15518
0.128853
0.180389
0.254254
0.254254
0.254254
0.123676
0.196579
0.254254
0.0774176
0.115504
0.0771545
0.0487448
0.113469
0.0667785
0.0700445
0.078487
0.106272
0.144681
0.151392
0.0387216
0.0486659
0.0869886
0.0426246
0.0678327
0.127786
0.217716
0.174071
0.222474
0.273826
0.273826
0.273826
0.273826
0.169397
0.273826
0.273826
0.161865
0.116774
0.0709571
0.157936
0.273826
0.113467
0.0738749
0.129096
0.262754
0.222662
0.252943
0.0638212
0.0885875
0.147939
0.0553123
0.0852025
0.132108
0.186794
0.193888
0.185977
0.0551569
0.0564546
0.134838
0.0484315
0.099338
0.108563
0.252943
0.211554
0.213655
0.147712
0.252943
0.252943
0.112052
0.0849029
0.14984
0.194741
0.252943
0.252943
0.0337802
0.115736
0.179863
0.0566919
0.0600623
0.198571
0.252943
0.0856709
0.144499
0.27963
0.27963
0.140129
0.0701164
0.0906236
0.051972
0.0227595
0.124889
0.0827672
0.27963
0.27963
0.27963
0.135988
0.118782
0.0765723
0.158902
0.0361331
0.0434816
0.113046
0.083533
0.176124
0.205408
0.25054
0.115283
0.168618
0.0332348
0.0384719
0.27963
0.27963
0.27963
0.0885274
0.0641667
0.0473851
0.0815359
0.0826114
0.0548692
0.214314
0.251119
0.275274
0.0895948
0.0742204
0.055465
0.0883791
0.0705556
0.0695388
0.15174
0.275274
0.275274
0.275274
0.211214
0.179936
0.147674
0.0201981
0.0395189
0.275274
0.238969
0.171325
0.0654328
0.0406303
0.0368889
0.0511985
0.0250111
0.116715
0.275274
0.275274
0.275274
0.0646316
0.0156091
0.0214907
0.0379058
0.0632354
0.0601887
0.142989
0.24583
0.252489
0.252489
0.141142
0.132304
0.122001
0.0630464
0.103416
0.252489
0.252489
0.252489
0.252489
0.225587
0.231458
0.13997
0.0227716
0.0915098
0.252489
0.252489
0.252489
0.0674771
0.0129875
0.0238139
0.0308763
0.0307649
0.0782166
0.11941
0.135623
0.181955
0.209346
0.086974
0.0675105
0.0529729
0.087684
0.120559
0.194092
0.253622
0.253622
0.253622
0.186472
0.187893
0.137026
0.163282
0.14817
0.253622
0.253622
0.253622
0.253622
0.141978
0.0842099
0.227672
0.034043
0.0784487
0.0903588
0.101339
0.188194
0.165246
0.0792907
0.0598809
0.0404513
0.0672963
0.0886849
0.0756606
0.13702
0.188875
0.253622
0.139031
0.0851402
0.0991722
0.139636
0.14101
0.20088
0.239871
0.239871
0.214445
0.117408
0.0960891
0.163824
0.0896086
0.0863731
0.20385
0.239871
0.239871
0.191064
0.102395
0.157745
0.213828
0.0479177
0.0900995
0.0950444
0.113567
0.176249
0.239871
0.155164
0.0658097
0.0781097
0.0339439
0.0527841
0.227716
0.228911
0.149932
0.239871
0.239871
0.115388
0.0714868
0.076976
0.10722
0.226955
0.241543
0.241543
0.205386
0.126001
0.210401
0.170602
0.104014
0.0744351
0.0680214
0.0906742
0.156526
0.0779039
0.10276
0.121239
0.150144
0.0258896
0.0725613
0.241543
0.241543
0.205791
0.241543
0.241543
0.0824546
0.058347
0.0761289
0.145596
0.231092
0.193096
0.20199
0.109659
0.145777
0.182779
0.241543
0.10896
0.103124
0.087628
0.125205
0.230356
0.0982765
0.116792
0.128646
0.115613
0.159715
0.129124
0.0265373
0.0577854
0.0923994
0.0372995
0.054301
0.105435
0.175888
0.116981
0.140597
0.261989
0.261989
0.261989
0.1366
0.165484
0.151286
0.261989
0.152043
0.14317
0.261989
0.261989
0.261989
0.126901
0.103106
0.261989
0.157687
0.021409
0.0368951
0.0545232
0.0878142
0.274937
0.23722
0.199804
0.0989961
0.0867891
0.0105226
0.0369317
0.309684
0.309684
0.144737
0.0913923
0.0709796
0.0450643
0.0355718
0.0242623
0.0182892
0.0431094
0.177925
0.309684
0.309684
0.197666
0.0820535
0.0654113
0.0219766
0.00927674
0.0122659
0.0688636
0.309684
0.309684
0.284546
0.0985719
0.0563583
0.00813716
0.0548978
0.295743
0.295743
0.161305
0.0967684
0.0702548
0.0568377
0.0344856
0.0260616
0.143797
0.295743
0.295743
0.18851
0.0466573
0.0414501
0.0267959
0.0254065
0.0149445
0.0107092
0.0200021
0.110742
0.295743
0.295743
0.190242
0.10182
0.0543273
0.00655071
0.0336521
0.201116
0.255519
0.295743
0.295743
0.130389
0.0400751
0.0478171
0.0260333
0.135168
0.288131
0.288131
0.174419
0.0601551
0.0382938
0.0354935
0.0241552
0.0554718
0.119881
0.212583
0.159439
0.210455
0.158274
0.115117
0.0707827
0.0861565
0.00608384
0.0434384
0.196424
0.257517
0.288131
0.288131
0.0772086
0.0323931
0.0339559
0.0084473
0.0727504
0.288131
0.288131
0.288131
0.221285
0.0700256
0.0721324
0.00744472
0.0466126
0.103589
0.161927
0.116395
0.184014
0.141457
0.0906208
0.0568704
0.0428009
0.10473
0.0902456
0.105448
0.189353
0.259624
0.272965
0.202118
0.145991
0.150775
0.0102751
0.0674431
0.272965
0.272965
0.272965
0.180534
0.0583387
0.0474619
0.00793458
0.0352768
0.121693
0.272965
0.272965
0.272965
0.233295
0.154316
0.0175555
0.0514948
0.0570755
0.0801451
0.11548
0.139215
0.225979
0.249235
0.205057
0.106346
0.0964328
0.0268142
0.0602682
0.249235
0.249235
0.15745
0.249235
0.249235
0.0985565
0.0350105
0.021741
0.105401
0.249235
0.249235
0.249235
0.191462
0.122394
0.0229919
0.0327833
0.0468518
0.0836001
0.108567
0.216082
0.249235
0.249235
0.185287
0.115722
0.0490829
0.0118195
0.0546656
0.249471
0.233381
0.156378
0.248641
0.249471
0.0710178
0.0284977
0.0709788
0.0969361
0.187897
0.162336
0.191668
0.1119
0.189967
0.18933
0.249471
0.0254319
0.0688971
0.0841002
0.189632
0.249471
0.249471
0.177778
0.0920989
0.0395985
0.10426
0.0502592
0.0946705
0.0872988
0.226337
0.136806
0.196372
0.225843
0.249471
0.0668929
0.0789198
0.201762
0.188088
0.257986
0.121566
0.181663
0.142917
0.23153
0.0955837
0.102768
0.176565
0.219578
0.270168
0.0699224
0.0670341
0.155807
0.0855669
0.0602643
0.0422068
0.174899
0.143467
0.188811
0.159817
0.215285
0.189751
0.270168
0.0539312
0.127541
0.270168
0.270168
0.15939
0.111036
0.0557618
0.112056
0.141803
0.0158594
0.0157431
0.0306262
0.161692
0.3165
0.3165
0.173817
0.0792617
0.0327922
0.0143176
0.0169193
0.0278182
0.0782271
0.3165
0.3165
0.159438
0.0747578
0.0422963
0.00882659
0.02254
0.0352983
0.156482
0.3165
0.3165
0.0784201
0.0257322
0.0221603
0.00667846
0.0152361
0.0365599
0.231402
0.3165
0.3165
0.0578165
0.0211112
0.0267375
0.00895293
0.0166537
0.0303705
0.0942432
0.308275
0.308275
0.121726
0.0793582
0.0371534
0.0262261
0.0336938
0.140773
0.155061
0.308275
0.221559
0.115179
0.0591398
0.0559863
0.00511997
0.00988976
0.0359996
0.275194
0.308275
0.308275
0.0449934
0.0251542
0.0364539
0.04175
0.0073935
0.00871122
0.213799
0.308275
0.308275
0.213325
0.0522463
0.102371
0.0187033
0.0419663
0.152114
0.179959
0.28839
0.223628
0.106878
0.0574333
0.0511298
0.0217357
0.0677639
0.272189
0.28839
0.28839
0.148654
0.0736363
0.062178
0.0207149
0.0333136
0.00482477
0.0134429
0.2235
0.28839
0.28839
0.17809
0.0729993
0.098616
0.0350354
0.0215619
0.0322876
0.146351
0.28839
0.28839
0.177878
0.121121
0.115637
0.0232711
0.0870607
0.270144
0.270144
0.270144
0.165167
0.0735197
0.0594087
0.0216065
0.0500367
0.104006
0.261687
0.270144
0.270144
0.196665
0.132487
0.0279204
0.0341948
0.0294408
0.0145653
0.0422909
0.161283
0.270144
0.270144
0.154323
0.140971
0.135459
0.0136175
0.0290698
0.100023
0.242204
0.270144
0.237076
0.103125
0.049998
0.037996
0.0372675
0.102724
0.24965
0.260442
0.260442
0.188679
0.111904
0.0347629
0.0240173
0.0502215
0.114215
0.118018
0.260442
0.260442
0.260442
0.161364
0.137952
0.0574226
0.0217328
0.038749
0.100997
0.216996
0.24148
0.169773
0.0755243
0.0529058
0.0436725
0.0464662
0.171802
0.2125
0.260442
0.260442
0.237715
0.148865
0.101973
0.0211406
0.0217611
0.0649435
0.0687364
0.192396
0.268173
0.223588
0.135553
0.0893206
0.031276
0.100462
0.035029
0.0742872
0.0635155
0.232224
0.171453
0.268404
0.258631
0.268404
0.0297939
0.0927104
0.114885
0.205654
0.268404
0.156643
0.080022
0.0648065
0.0140463
0.00219885
0.0148195
0.103963
0.248857
0.268404
0.268404
0.220898
0.177399
0.139636
0.0448551
0.030421
0.137354
0.0845077
0.179289
0.15487
0.245845
0.175061
0.271256
0.0671821
0.14185
0.271256
0.271256
0.147468
0.109387
0.0394653
0.0628709
0.0992362
0.021044
0.0185479
0.0787715
0.17862
0.271256
0.271256
0.161584
0.113958
0.0875393
0.130469
0.204661
0.119016
0.253096
0.271256
0.271256
0.0984363
0.0308433
0.0406046
0.00851372
0.0253804
0.0374289
0.233582
0.331874
0.26307
0.0817476
0.0462562
0.0266439
0.00489457
0.0264443
0.0487779
0.241947
0.331874
0.311731
0.0205838
0.0235419
0.0280845
0.00232329
0.0165057
0.0572727
0.263341
0.331874
0.296331
0.0426646
0.0271648
0.0104765
0.00251362
0.0156105
0.029429
0.195665
0.331874
0.238943
0.0300497
0.0453977
0.0243942
0.00327511
0.0198499
0.0502199
0.251576
0.316058
0.301709
0.0342034
0.0307258
0.0372257
0.0644
0.0175186
0.0148423
0.13696
0.316058
0.316058
0.230155
0.12091
0.126234
0.00473043
0.0193146
0.0387617
0.210365
0.316058
0.22676
0.0454884
0.0490672
0.0202683
0.0141752
0.0123965
0.0197621
0.165873
0.316058
0.292307
0.107136
0.0632308
0.0345766
0.048841
0.0122868
0.0182051
0.155627
0.295073
0.295073
0.23312
0.123579
0.122003
0.066961
0.0500405
0.0229873
0.151252
0.295073
0.280585
0.190592
0.14349
0.147735
0.0137927
0.0140715
0.0277194
0.164644
0.295073
0.295073
0.110654
0.0433667
0.0244602
0.0216061
0.0338937
0.00852372
0.0936315
0.295073
0.295073
0.154543
0.0892934
0.0759742
0.0625832
0.0508851
0.0303338
0.191201
0.287999
0.287999
0.202814
0.169836
0.158206
0.0309569
0.0248341
0.0677316
0.287999
0.276985
0.215552
0.10234
0.0676861
0.0478813
0.0218692
0.0407649
0.0141863
0.12674
0.287999
0.287999
0.166829
0.0987828
0.0664221
0.0451851
0.029225
0.019336
0.0654265
0.287999
0.287999
0.175959
0.136796
0.126818
0.0442376
0.0400906
0.0871076
0.265687
0.237245
0.184822
0.083371
0.0720212
0.0489547
0.0531427
0.219926
0.187508
0.265687
0.265687
0.265687
0.227866
0.164554
0.0353045
0.0431237
0.031023
0.0232709
0.0891739
0.265687
0.265687
0.225995
0.128828
0.0976058
0.0322728
0.0155274
0.0712098
0.115136
0.134589
0.265687
0.265687
0.12417
0.104394
0.0370035
0.120258
0.119844
0.256575
0.277073
0.220934
0.119365
0.0967403
0.0225455
0.0556357
0.0494318
0.109983
0.276684
0.277073
0.277073
0.277073
0.277073
0.112218
0.0188172
0.0255051
0.0396721
0.0728473
0.104068
0.192849
0.202011
0.0739248
0.055677
0.119269
0.143166
0.181239
0.253551
0.271273
0.166409
0.0355026
0.0187661
0.0197451
0.0628292
0.0479997
0.0898837
0.196494
0.289984
0.289984
0.261396
0.165619
0.0832483
0.163277
0.269999
0.0542077
0.289984
0.289984
0.289984
0.132953
0.0457066
0.056737
0.0712067
0.0969801
0.144875
0.225229
0.20097
0.110425
0.0268254
0.0182825
0.0363461
0.0402097
0.0541028
0.124962
0.243538
0.220126
0.0954189
0.067062
0.0907126
0.0867791
0.00331716
0.019101
0.057674
0.302841
0.336074
0.304137
0.0393824
0.0318626
0.0123526
0.00539732
0.0227658
0.0205988
0.20861
0.336074
0.293839
0.0313736
0.043583
0.0235312
0.0165404
0.018793
0.0472419
0.265159
0.336074
0.232632
0.0576845
0.030399
0.0109983
0.00860434
0.0252461
0.0228694
0.20642
0.336074
0.212771
0.0406903
0.0160266
0.0250968
0.00589461
0.0217183
0.0329583
0.221603
0.332712
0.299732
0.0665745
0.0562596
0.0199051
0.0217071
0.0190659
0.0338909
0.16367
0.332712
0.283228
0.164908
0.118287
0.0539555
0.00702337
0.0183446
0.019072
0.260232
0.332712
0.205558
0.0722332
0.0185708
0.0249436
0.00356607
0.00406703
0.02032
0.249797
0.332712
0.252174
0.100819
0.0447819
0.00889525
0.0167047
0.0199118
0.0407185
0.143354
0.307861
0.307861
0.173157
0.0680627
0.0313198
0.0417219
0.0664902
0.0196959
0.139848
0.307861
0.307861
0.132661
0.0852688
0.102257
0.00408684
0.0116294
0.0236049
0.241254
0.307861
0.252105
0.112939
0.0401087
0.00574351
0.00727799
0.0272371
0.0670361
0.227281
0.307861
0.307861
0.14747
0.0324511
0.00480908
0.0384939
0.0735348
0.0230059
0.149804
0.301366
0.301366
0.140097
0.0657807
0.0656315
0.0406757
0.0270919
0.0186259
0.0849193
0.301366
0.301366
0.170421
0.106036
0.109053
0.0163834
0.0403968
0.0771082
0.209201
0.301366
0.301366
0.143423
0.0323801
0.0122739
0.0195096
0.00380868
0.0813845
0.234768
0.301366
0.301366
0.109172
0.0530699
0.0541363
0.0336476
0.030557
0.0162518
0.0797403
0.252271
0.284503
0.177253
0.081444
0.0726509
0.0341511
0.0418109
0.0371618
0.0784825
0.161146
0.284503
0.284503
0.127835
0.118986
0.0231318
0.0296243
0.0529815
0.158765
0.284503
0.284503
0.126951
0.0558219
0.0543215
0.0475296
0.154681
0.0905397
0.17489
0.284503
0.284503
0.284503
0.114421
0.200532
0.0326217
0.0654649
0.0392137
0.0863115
0.175684
0.258255
0.258255
0.118257
0.113699
0.211181
0.203209
0.204984
0.258255
0.258255
0.21722
0.0376425
0.0183485
0.0250769
0.0502872
0.129076
0.0542514
0.153918
0.258255
0.258255
0.258255
0.11948
0.197761
0.0259456
0.0410414
0.045858
0.0915064
0.258255
0.258255
0.167428
0.0810314
0.0592333
0.206495
0.223037
0.239019
0.239019
0.239019
0.188793
0.0411806
0.0255436
0.0986024
0.0484365
0.0775486
0.239019
0.239019
0.239019
0.152285
0.134162
0.153116
0.14309
0.0404098
0.0239844
0.0458975
0.147774
0.239019
0.239019
0.184472
0.074883
0.0610172
0.0211503
0.0146471
0.239019
0.212169
0.235095
0.239019
0.0843471
0.0922366
0.0951225
0.0145807
0.0189772
0.0536999
0.266339
0.32348
0.281983
0.0655263
0.0361058
0.0129368
0.0122825
0.0318944
0.030486
0.233558
0.32348
0.311548
0.0615257
0.0208163
0.0256757
0.0101003
0.022575
0.0696235
0.281965
0.32348
0.20638
0.0613676
0.0154577
0.0161809
0.00671444
0.0226892
0.0403695
0.232196
0.32348
0.258323
0.0880318
0.0219551
0.0171923
0.00824362
0.0188366
0.0246314
0.26757
0.316847
0.282743
0.0964572
0.0225505
0.0263176
0.0056194
0.00686744
0.0371382
0.284202
0.316847
0.259229
0.15161
0.0430555
0.0168194
0.00981175
0.0193944
0.0385039
0.253036
0.316847
0.259947
0.0721704
0.0247721
0.0306071
0.00970261
0.00932566
0.0189032
0.186051
0.316847
0.282055
0.0663055
0.0272661
0.0254572
0.00453673
0.016131
0.0326706
0.26232
0.299687
0.237834
0.158683
0.0394258
0.0169257
0.00664599
0.0323265
0.0702206
0.299687
0.299687
0.299687
0.11166
0.0227584
0.0024882
0.0123978
0.0146916
0.0183457
0.189352
0.299687
0.24997
0.0548716
0.026559
0.0314945
0.00558947
0.0162982
0.0687432
0.292153
0.299687
0.239623
0.0750446
0.021915
0.175235
0.0120623
0.0443624
0.0680085
0.253407
0.297101
0.297101
0.0951028
0.0188017
0.0114477
0.00989637
0.000431129
0.0425573
0.216634
0.297101
0.297101
0.112346
0.0394718
0.0323369
0.047877
0.022784
0.0609182
0.272225
0.297101
0.282131
0.0756859
0.0186823
0.100413
0.0600697
0.0173417
0.0498022
0.236577
0.297101
0.257633
0.0642068
0.0244739
0.126488
0.0147015
0.0314902
0.028622
0.151618
0.303976
0.303976
0.132388
0.0463737
0.0466143
0.0504323
0.178464
0.0911929
0.175812
0.303976
0.303976
0.303976
0.13208
0.214034
0.077081
0.0146673
0.0420555
0.185625
0.303976
0.217945
0.0599482
0.02391
0.0735242
0.00190359
0.00695921
0.0189042
0.164224
0.303976
0.18332
0.0813583
0.0437081
0.0219828
0.0642464
0.176231
0.0688656
0.178643
0.286147
0.286147
0.286147
0.157616
0.256192
0.0371489
0.0466994
0.0520211
0.107887
0.286147
0.286147
0.154201
0.0711787
0.0726686
0.00133271
0.0106538
0.0318114
0.180767
0.286147
0.20476
0.0922814
0.0536683
0.0227868
0.013208
0.0274072
0.0391442
0.102591
0.286147
0.286147
0.15947
0.0415437
0.0531635
0.0656378
0.0316432
0.0549284
0.177189
0.269506
0.269506
0.168344
0.0790868
0.097559
0.0217258
0.0190093
0.269506
0.24672
0.269506
0.269506
0.125
0.0937915
0.0761633
0.0168767
0.0405594
0.0557795
0.124132
0.269506
0.269506
0.198403
0.0597479
0.0519705
0.00432127
0.00566647
0.0125814
0.0327905
0.269506
0.269506
0.269506
0.171096
0.0355267
0.0110425
0.0270255
0.0914478
0.29551
0.29854
0.272554
0.092561
0.0311697
0.0186569
0.00755898
0.0269044
0.0744389
0.277159
0.29854
0.29789
0.0879152
0.0387374
0.0200173
0.0113649
0.0323796
0.0685349
0.264892
0.29854
0.235663
0.0717702
0.0309617
0.0167203
0.0172927
0.0242723
0.0518422
0.215455
0.29854
0.29854
0.0612322
0.0194757
0.00727683
0.0120728
0.0273374
0.0642105
0.28525
0.306912
0.288401
0.062585
0.0358775
0.036544
0.0141604
0.0165802
0.0326965
0.246369
0.306912
0.306912
0.0837575
0.0202675
0.0272876
0.0159748
0.0235421
0.0286845
0.236464
0.306912
0.288577
0.0667354
0.0221687
0.0104074
0.0160282
0.0175503
0.0322546
0.175937
0.306912
0.306912
0.0964977
0.0222126
0.00872302
0.0167928
0.0288158
0.0264335
0.244722
0.305152
0.287031
0.062491
0.0191291
0.0364651
0.00646126
0.0248058
0.0613326
0.305152
0.305152
0.256907
0.0618765
0.0192754
0.123588
0.0176253
0.0216343
0.0323932
0.17268
0.305152
0.305152
0.0918911
0.0184589
0.00810215
0.00611495
0.00678255
0.0528491
0.255504
0.305152
0.285937
0.0982036
0.00906838
0.0396184
0.0323735
0.0322598
0.0492458
0.277087
0.292894
0.285513
0.0575867
0.0209852
0.0702223
0.0381373
0.0123589
0.0310852
0.231001
0.292894
0.292894
0.0790451
0.0247885
0.0823353
0.0154943
0.0103656
0.0565273
0.236522
0.292894
0.288096
0.0789339
0.0153556
0.0210215
0.0121478
0.0187255
0.0643663
0.292894
0.292894
0.292894
0.0581771
0.0193438
0.0249826
0.0642144
0.0131677
0.0356184
0.24159
0.2981
0.2981
0.0929818
0.0350402
0.0629597
0.003713
0.0100122
0.0234113
0.231069
0.2981
0.277332
0.134339
0.0561026
0.0204026
0.0212171
0.0181084
0.0503263
0.2981
0.2981
0.2981
0.0540196
0.0306542
0.0190058
0.00522771
0.0111341
0.0495315
0.210673
0.2981
0.2981
0.0603064
0.0238781
0.0041431
0.00531978
0.0118405
0.0398588
0.255269
0.280886
0.280886
0.132079
0.0714688
0.0281225
0.0488047
0.0578344
0.0515709
0.166738
0.280886
0.280886
0.25847
0.0557849
0.083848
0.00762296
0.0132589
0.0491684
0.252633
0.280886
0.280886
0.0582981
0.0262186
0.00495746
0.0279089
0.031751
0.0362022
0.256994
0.280886
0.280886
0.148368
0.0489954
0.0358309
0.0371007
0.053068
0.0570449
0.165449
0.269591
0.269591
0.233588
0.0665865
0.079826
0.0222172
0.0247777
0.0221311
0.0650594
0.269591
0.269591
0.269591
0.168411
0.0700246
0.0174783
0.028244
0.0419056
0.263174
0.269591
0.269591
0.137166
0.0385901
0.031856
0.025752
0.0336424
0.034005
0.23263
0.269591
0.269591
0.212995
0.0868707
0.0563863
0.0117362
0.0345291
0.0785298
0.279414
0.279414
0.279414
0.111128
0.0374978
0.0128381
0.0150813
0.0306737
0.0687697
0.254212
0.279414
0.279414
0.0607886
0.0263916
0.0074418
0.00552362
0.0222909
0.0764916
0.279414
0.279414
0.279414
0.0665364
0.0325376
0.0510419
0.0602078
0.075143
0.103951
0.279414
0.279414
0.279414
0.0580214
0.0167973
0.0813989
0.0144814
0.0301526
0.0399138
0.254
0.292739
0.257122
0.0625513
0.025487
0.00925133
0.0162604
0.0183359
0.0509689
0.278752
0.292739
0.27014
0.0712207
0.0172258
0.00601886
0.0488388
0.0580397
0.0681511
0.28156
0.292739
0.288063
0.0565888
0.0162343
0.0965794
0.0124044
0.0796622
0.0480819
0.292739
0.292739
0.274043
0.0678641
0.00857526
0.0145775
0.0194982
0.0268209
0.0495697
0.273644
0.303742
0.253673
0.0776649
0.0141585
0.00598033
0.00820347
0.00936811
0.0388092
0.259296
0.303742
0.303112
0.0834892
0.00811699
0.00193599
0.014608
0.0804822
0.0405482
0.303742
0.303742
0.265933
0.0660759
0.00748786
0.0238964
0.0225375
0.0154237
0.0329367
0.25845
0.303742
0.254714
0.0646122
0.00896412
0.00516037
0.00821962
0.0152035
0.0482159
0.24061
0.293904
0.293904
0.0768124
0.0226168
0.00208722
0.00190529
0.0203317
0.0586238
0.293904
0.293904
0.293904
0.0604222
0.0274395
0.000556814
0.0213019
0.0226885
0.0397259
0.230144
0.293904
0.287459
0.0443447
0.0107214
0.0132478
0.0153042
0.0372657
0.040063
0.293904
0.293904
0.293904
0.057041
0.00681143
0.0214614
0.00413402
0.0204633
0.0420589
0.293895
0.293895
0.293895
0.0533639
0.0452847
0.00112314
0.0105508
0.0173689
0.0500767
0.200758
0.293895
0.293895
0.0790993
0.02252
0.000286498
0.0152941
0.0355696
0.0325542
0.24771
0.293895
0.293895
0.0447944
0.0113261
0.0265362
0.00593816
0.00667346
0.112444
0.291252
0.293895
0.293895
0.0338196
0.00906217
0.00236538
0.0140673
0.0136133
0.0416751
0.231194
0.285613
0.285613
0.0719302
0.0280174
0.00242747
0.0528981
0.0464751
0.0294983
0.262946
0.285613
0.285613
0.209257
0.0570557
0.0290811
0.00750282
0.00666417
0.0846842
0.255935
0.285613
0.285613
0.0495228
0.0162508
0.00214035
0.000499742
0.00243828
0.0506414
0.282147
0.285613
0.285613
0.0723696
0.00893238
0.00398446
0.0295255
0.0305001
0.0345669
0.270091
0.270091
0.270091
0.18719
0.0520456
0.033308
0.0433879
0.0502152
0.0478091
0.270091
0.270091
0.263601
0.209423
0.0959853
0.0985591
0.00243681
0.0043562
0.0386273
0.266042
0.270091
0.270091
0.092795
0.0138178
0.0033824
0.0027691
0.00231639
0.0478738
0.270091
0.270091
0.270091
0.0741734
0.0204759
0.0189391
