0.127627
0.170725
0.0883565
0.117251
0.0904749
0.042043
0.192635
0.315155
0.216982
0.137745
0.0691388
0.0496772
0.138145
0.0925685
0.0324149
0.315155
0.315155
0.315155
0.0822147
0.0930014
0.0933146
0.0914442
0.123547
0.0819589
0.0668762
0.0690891
0.264804
0.188859
0.0572654
0.0582244
0.056736
0.0461931
0.0350636
0.0954931
0.308971
0.315155
0.159983
0.0676992
0.0725671
0.169379
0.0989868
0.0417976
0.394142
0.394142
0.394142
0.0297485
0.035263
0.0239568
0.0392009
0.0468389
0.0229046
0.0449948
0.104677
0.130282
0.258448
0.0268071
0.0534977
0.0465152
0.0246743
0.0497358
0.117689
0.370698
0.394142
0.046572
0.0599532
0.0546252
0.0359927
0.0642405
0.0223028
0.0434243
0.141378
0.0508601
0.106137
0.134567
0.0994231
0.161378
0.166685
0.102899
0.179437
0.227991
0.227991
0.181135
0.227626
0.133007
0.194828
0.227991
0.0832368
0.0965168
0.188004
0.18961
0.147321
0.173461
0.15875
0.113988
0.165312
0.125015
0.158985
0.227991
0.170505
0.206393
0.227991
0.104648
0.0966442
0.120434
0.0512955
0.162134
0.227991
0.175596
0.0947925
0.144034
0.0820876
0.0784408
0.164185
0.0398305
0.0410736
0.0809689
0.0656679
0.263664
0.289479
0.289479
0.217931
0.289479
0.0286923
0.0613354
0.21877
0.129285
0.103704
0.103282
0.0526954
0.061305
0.0927626
0.0351969
0.0861345
0.110042
0.0689419
0.289479
0.289479
0.189093
0.20881
0.289479
0.133898
0.157428
0.138048
0.155268
0.144723
0.22639
0.178801
0.123807
0.22639
0.0230511
0.0453922
0.138533
0.103028
0.181996
0.22639
0.214076
0.134881
0.164584
0.0824327
0.223607
0.22639
0.17763
0.148992
0.22639
0.167068
0.136499
0.22639
0.0755334
0.0977573
0.0808963
0.093865
0.22639
0.22639
0.13595
0.131601
0.149613
0.0684173
0.109676
0.22639
0.22639
0.148944
0.192137
0.187933
0.140704
0.181291
0.108367
0.208707
0.2201
0.2201
0.0817221
0.122702
0.117302
0.155881
0.132049
0.213128
0.2201
0.2201
0.143367
0.166266
0.191141
0.189952
0.167177
0.205149
0.0733317
0.110828
0.2201
0.2201
0.1497
0.145205
0.0479321
0.104147
0.210626
0.0791765
0.0713418
0.122396
0.2201
0.087137
0.142222
0.130566
0.169861
0.171828
0.221729
0.222282
0.222282
0.197416
0.0879491
0.144111
0.101978
0.148488
0.196804
0.114177
0.222282
0.212963
0.183503
0.140897
0.152282
0.0433563
0.151697
0.222282
0.10735
0.102647
0.174727
0.222282
0.139191
0.0974357
0.124782
0.185898
0.222282
0.115084
0.0939931
0.222282
0.222282
0.103015
0.131845
0.0816938
0.10504
0.149526
0.0845755
0.0755309
0.112168
0.292792
0.16862
0.059299
0.0452651
0.0442665
0.0861437
0.12387
0.247368
0.292792
0.292792
0.0703199
0.0942835
0.0869071
0.0982689
0.178038
0.292792
0.188339
0.0994227
0.124377
0.0353465
0.0292574
0.0351213
0.0164207
0.0710613
0.292792
0.292792
0.292792
0.232959
0.208626
0.0209711
0.0292266
0.0268125
0.0513318
0.132636
0.251919
0.336114
0.336114
0.0351821
0.0484242
0.0493532
0.0483561
0.0962703
0.0894983
0.0720635
0.129223
0.0502003
0.0407579
0.0031182
0.0114854
0.0133248
0.0695527
0.336114
0.336114
0.336114
0.261322
0.0115188
0.00927823
0.00745873
0.0120648
0.157323
0.336114
0.189123
0.0787272
0.0254539
0.0654642
0.084419
0.0867911
0.0947035
0.151262
0.187605
0.111954
0.2404
0.0928925
0.0983978
0.133414
0.0693892
0.0658583
0.0852115
0.0526809
0.119567
0.171381
0.0916937
0.0174926
0.0145597
0.0125253
0.0526132
0.341677
0.341677
0.335825
0.141606
0.0488024
0.0221219
0.0283248
0.0512957
0.341677
0.341677
0.341677
0.087853
0.0430969
0.0210276
0.0821067
0.0849352
0.0446214
0.0592419
0.0971333
0.0341013
0.0807644
0.108037
0.0516428
0.29673
0.302122
0.178102
0.165643
0.302122
0.0939604
0.129005
0.113741
0.160321
0.0123821
0.0136668
0.030027
0.220697
0.302122
0.294173
0.0497856
0.0231542
0.0142792
0.0691107
0.197526
0.302122
0.302122
0.302122
0.0771266
0.0159915
0.0154163
0.0126611
0.146999
0.253274
0.154393
0.117147
0.253274
0.0583653
0.0862749
0.0731557
0.102083
0.234914
0.206762
0.0929365
0.127927
0.141145
0.069776
0.105965
0.253274
0.253274
0.0338901
0.102062
0.209034
0.253274
0.253274
0.0851049
0.0240041
0.0107434
0.0105304
0.117907
0.158413
0.138262
0.219108
0.253274
0.253274
0.253274
0.0857107
0.0339222
0.182184
0.205698
0.140698
0.160947
0.191003
0.0843848
0.110691
0.240332
0.240332
0.161479
0.130295
0.0432709
0.114985
0.18702
0.0926056
0.070464
0.143886
0.224944
0.119297
0.141824
0.189808
0.240332
0.240332
0.240332
0.240332
0.100259
0.0782103
0.108352
0.0889953
0.102179
0.111886
0.19125
0.130946
0.197286
0.137305
0.240332
0.16298
0.149341
0.0452547
0.163164
0.226772
0.119309
0.101138
0.195932
0.226772
0.117973
0.0936667
0.112868
0.194682
0.226772
0.10787
0.0964163
0.226772
0.223039
0.161181
0.0994624
0.166389
0.139655
0.226772
0.112284
0.117758
0.159187
0.226772
0.0672823
0.0666423
0.167519
0.155672
0.226772
0.163085
0.188182
0.226772
0.214587
0.126315
0.184014
0.130172
0.165175
0.262621
0.316359
0.260123
0.19531
0.190812
0.0139859
0.0498416
0.0468659
0.0291684
0.15207
0.316359
0.316359
0.316359
0.224091
0.0110949
0.0509023
0.0436174
0.0334912
0.130222
0.316359
0.207134
0.0486451
0.00818485
0.0141685
0.0224777
0.0407042
0.0578018
0.0331672
0.0935481
0.149281
0.0847518
0.0471764
0.0138111
0.00259543
0.00690301
0.03284
0.158678
0.371328
0.371328
0.371328
0.271216
0.00840288
0.00736557
0.00599509
0.0309852
0.300618
0.371328
0.300033
0.112842
0.0377693
0.017229
0.0198222
0.0451574
0.0428225
0.0334845
0.102564
0.190106
0.115765
0.0667159
0.00585897
0.00740469
0.0384897
0.0770228
0.0820519
0.152865
0.13111
0.131556
0.102139
0.00814125
0.00828317
0.00991862
0.0711458
0.327663
0.327663
0.293932
0.124316
0.0460425
0.0136934
0.0170564
0.0608154
0.276504
0.327663
0.327663
0.0946919
0.059054
0.0197938
0.0125665
0.0123411
0.0572442
0.121081
0.130877
0.160039
0.131321
0.146533
0.101522
0.0143993
0.040665
0.120111
0.327663
0.327663
0.141708
0.0710106
0.0300405
0.0274194
0.0131531
0.0161415
0.0460774
0.247625
0.312533
0.312533
0.0710136
0.0441339
0.0181464
0.0914281
0.22835
0.312533
0.312533
0.312533
0.0955725
0.0204713
0.0255258
0.00977639
0.0185813
0.0332494
0.0834191
0.28578
0.273971
0.0961711
0.0492513
0.0157829
0.00925563
0.0689751
0.228518
0.28593
0.184936
0.13573
0.0256903
0.020968
0.0030079
0.0016805
0.0428261
0.139754
0.234849
0.266366
0.266366
0.104733
0.0279794
0.0183131
0.00898371
0.171169
0.241112
0.168683
0.266366
0.266366
0.266366
0.266366
0.0866742
0.0521408
0.0491501
0.149534
0.185257
0.122725
0.0989489
0.0292121
0.0206208
0.0033911
0.00217954
0.0438882
0.173327
0.261991
0.200972
0.174325
0.171524
0.219835
0.15527
0.0316433
0.12156
0.165123
0.158081
0.233641
0.233641
0.233641
0.233641
0.0860619
0.0594707
0.0948374
0.0691791
0.0800884
0.136131
0.18613
0.163835
0.230466
0.181324
0.225922
0.0403314
0.196953
0.233641
0.139918
0.139471
0.12623
0.169301
0.0821635
0.0240358
0.0889074
0.200758
0.229617
0.0960019
0.187044
0.233641
0.233641
0.150808
0.0584217
0.125875
0.0694907
0.117353
0.13926
0.207143
0.13854
0.217325
0.189385
0.212427
0.0522216
0.0627304
0.111029
0.129644
0.230929
0.137794
0.149101
0.230929
0.189489
0.0961674
0.230929
0.230929
0.0777965
0.163875
0.230929
0.230929
0.178109
0.113334
0.0540504
0.0911591
0.0538165
0.0694651
0.149745
0.186719
0.230929
0.230929
0.230929
0.0231091
0.100039
0.0725865
0.0794472
0.262453
0.293048
0.293048
0.102868
0.011378
0.0304471
0.0591622
0.0834997
0.117294
0.0622779
0.172509
0.264655
0.19605
0.0715686
0.0997822
0.293048
0.233557
0.0906659
0.153732
0.288657
0.293048
0.162701
0.0165282
0.0322484
0.119566
0.180182
0.11202
0.112552
0.151409
0.252241
0.111981
0.0620188
0.0499826
0.0667225
0.101541
0.11487
0.0710433
0.211727
0.240935
0.240935
0.138845
0.0325285
0.0402228
0.0778575
0.13948
0.220312
0.240935
0.240935
0.240935
0.240935
0.0450122
0.0808285
0.240935
0.11759
0.115048
0.152136
0.240935
0.204915
0.0932178
0.0301149
0.0543604
0.155389
0.141473
0.240935
0.240935
0.240935
0.158157
0.0512833
0.036717
0.0324915
0.0745424
0.163032
0.219534
0.237144
0.18149
0.224911
0.168957
0.0215729
0.0793344
0.232734
0.239415
0.239415
0.239415
0.104513
0.0515215
0.0409653
0.0290749
0.0588638
0.170829
0.125383
0.213893
0.206478
0.223246
0.107391
0.0339297
0.000808086
0.0926766
0.239415
0.239415
0.239415
0.239415
0.239415
0.0581819
0.046119
0.0324446
0.0849646
0.200562
0.26977
0.26977
0.225952
0.0917273
0.0364664
0.0170442
0.136251
0.26977
0.26977
0.164228
0.150588
0.03548
0.0327587
0.0138765
0.00401499
0.0136642
0.129392
0.26977
0.26977
0.243226
0.26977
0.233952
0.0450306
0.0479156
0.12932
0.26977
0.181211
0.140127
0.130703
0.0903582
0.081198
0.0342796
0.00991879
0.118626
0.284962
0.284962
0.161055
0.143483
0.0377244
0.0390599
0.0194698
0.00621437
0.124921
0.284962
0.284962
0.284962
0.284962
0.284962
0.240847
0.284962
0.0631497
0.103208
0.211939
0.123427
0.100618
0.109874
0.0770699
0.0611062
0.0421628
0.0190257
0.052905
0.0889678
0.0988168
0.142194
0.147714
0.109844
0.131856
0.0999021
0.0452147
0.0495569
0.221913
0.248476
0.179539
0.130812
0.0989654
0.159901
0.0842202
0.0250518
0.0929734
0.210449
0.248476
0.149821
0.236683
0.248476
0.248476
0.191875
0.0723582
0.0286291
0.0329149
0.0310297
0.0730809
0.104159
0.0428303
0.0620577
0.0842672
0.0753728
0.196453
0.248476
0.152702
0.248476
0.248476
0.0579562
0.154793
0.248476
0.248476
0.0719799
0.160547
0.19204
0.0753083
0.151783
0.231644
0.232017
0.161293
0.0864527
0.0514556
0.0789304
0.0366241
0.0629106
0.123294
0.141454
0.162423
0.232017
0.232017
0.181615
0.183007
0.0924702
0.156998
0.232017
0.037816
0.138946
0.232017
0.232017
0.206682
0.175219
0.0559549
0.185193
0.16014
0.0498489
0.224712
0.232017
0.232017
0.0888808
0.262142
0.135184
0.0647291
0.0894864
0.180219
0.262142
0.113286
0.00767277
0.0241655
0.0899649
0.111733
0.071863
0.0807291
0.099751
0.173645
0.0634577
0.0467592
0.262142
0.262142
0.201279
0.170246
0.262142
0.262142
0.262142
0.235576
0.0897746
0.0416507
0.129303
0.182973
0.143058
0.105384
0.262142
0.262142
0.0445313
0.00948122
0.046979
0.0973786
0.178855
0.108267
0.104783
0.118382
0.261159
0.124689
0.0699503
0.0423394
0.0717789
0.0912925
0.0844824
0.261159
0.261159
0.261159
0.134437
0.0442586
0.0471342
0.116103
0.226201
0.212357
0.187899
0.261159
0.261159
0.0752088
0.0179194
0.0388192
0.130324
0.137044
0.246072
0.261159
0.261159
0.241269
0.0400073
0.0142494
0.0552693
0.0881846
0.148356
0.11154
0.24016
0.24016
0.24016
0.113931
0.03874
0.00124177
0.1144
0.24016
0.24016
0.24016
0.24016
0.24016
0.0571411
0.0302748
0.0501927
0.129326
0.152158
0.24016
0.24016
0.24016
0.219714
0.0330688
0.0228066
0.0608206
0.118432
0.146884
0.1899
0.182037
0.175802
0.192844
0.129641
0.0532739
0.0137361
0.145949
0.239249
0.239249
0.239249
0.239249
0.222145
0.0462688
0.0336614
0.153379
0.239249
0.222024
0.169291
0.161425
0.0630785
0.0856781
0.0570453
0.0159966
0.0836496
0.14095
0.195531
0.219197
0.208185
0.224626
0.205516
0.145895
0.0656195
0.128204
0.239249
0.166277
0.145028
0.182362
0.0751334
0.191705
0.154131
0.0279862
0.173282
0.221073
0.221073
0.182219
0.221073
0.0905639
0.113913
0.105535
0.0374448
0.110632
0.160814
0.0842365
0.201593
0.221073
0.221073
0.221073
0.142094
0.0645668
0.136333
0.221073
0.20515
0.160285
0.213285
0.143399
0.221073
0.221073
0.0565735
0.125747
0.174327
0.117746
0.198305
0.221073
0.129438
0.109621
0.102094
0.0996012
0.0593313
0.0270324
0.0141141
0.0627622
0.12822
0.047739
0.0705707
0.0659564
0.0906739
0.26553
0.269549
0.178034
0.269549
0.269549
0.0580978
0.136624
0.222102
0.269549
0.106126
0.0819611
0.033649
0.0615009
0.139702
0.0312998
0.0658177
0.112908
0.17004
0.269549
0.269549
0.0462112
0.144338
0.269549
0.00956594
0.124145
0.269549
0.269549
0.19459
0.163271
0.0916304
0.133805
0.228988
0.0289621
0.0968733
0.175804
0.228988
0.171119
0.156615
0.0620661
0.11991
0.153556
0.0537758
0.189638
0.228988
0.228988
0.228988
0.228988
0.0685466
0.0820735
0.228988
0.00672541
0.0925407
0.227084
0.228988
0.141492
0.228988
0.134791
0.0981295
0.134063
0.111393
0.164514
0.228988
0.179843
0.250832
0.250832
0.193907
0.110617
0.250832
0.152612
0.250832
0.244049
0.134591
0.0351772
0.105733
0.135624
0.107924
0.0817289
0.155998
0.250832
0.0539103
0.00723707
0.250832
0.250832
0.23413
0.150244
0.250832
0.0591809
0.103462
0.162439
0.250832
0.0267022
0.0730852
0.146816
0.111758
0.0650639
0.0699404
0.148148
0.111914
0.0695443
0.0581852
0.147875
0.237358
0.201623
0.169321
0.24703
0.24703
0.121497
0.0143307
0.0561734
0.137132
0.135216
0.201492
0.240459
0.24703
0.24703
0.0652297
0.0275045
0.0455169
0.114664
0.24703
0.187015
0.11592
0.126944
0.24703
0.211247
0.12227
0.0335299
0.0706865
0.24703
0.219575
0.0629945
0.0967837
0.167467
0.163481
0.0389599
0.0820883
0.173369
0.187694
0.240467
0.240467
0.240467
0.240467
0.074136
0.0395384
0.0530446
0.136814
0.160825
0.240467
0.240467
0.240467
0.208838
0.134954
0.0478652
0.0581416
0.0895305
0.240467
0.240467
0.122276
0.123635
0.235135
0.18208
0.0591969
0.0753784
0.161642
0.156746
0.156138
0.150864
0.0968843
0.169259
0.0991256
0.0634282
0.0806881
0.165028
0.221139
0.221139
0.221139
0.221139
0.221139
0.149894
0.0514043
0.170776
0.221139
0.206994
0.21384
0.221139
0.0815884
0.219229
0.181142
0.0396672
0.104583
0.172653
0.196344
0.209772
0.221139
0.105539
0.202132
0.0883592
0.0796585
0.139201
0.202251
0.139871
0.12358
0.170468
0.0940911
0.0566651
0.0888146
0.0974747
0.118503
0.2027
0.187705
0.160728
0.209983
0.102916
0.248443
0.192807
0.0452186
0.126668
0.167488
0.105441
0.17818
0.286041
0.136443
0.107503
0.0674766
0.077563
0.108253
0.169045
0.155215
0.137939
0.18789
0.0652714
0.0469898
0.0694043
0.0819118
0.286041
0.286041
0.140917
0.122582
0.280675
0.0508805
0.0844911
0.114417
0.286041
0.126788
0.0817651
0.0339396
0.0564909
0.153857
0.0372882
0.0812467
0.10234
0.182895
0.269626
0.269626
0.0484733
0.142532
0.269626
0.0069552
0.11297
0.244741
0.269626
0.130978
0.106254
0.0426413
0.0366835
0.0917193
0.0101714
0.0824324
0.245285
0.236653
0.247467
0.23155
0.0537866
0.0819361
0.256351
0.0034348
0.124819
0.269626
0.26379
0.249494
0.249494
0.0872493
0.0984707
0.249494
0.00502729
0.106915
0.217526
0.249494
0.192696
0.249494
0.180622
0.116679
0.168427
0.127693
0.220056
0.249494
0.182174
0.147955
0.14822
0.0454335
0.061593
0.167307
0.00187445
0.124264
0.249494
0.238986
0.170733
0.167275
0.139348
0.14716
0.167404
0.0104045
0.0226952
0.0295896
0.0231728
0.268897
0.268897
0.268897
0.147225
0.268897
0.00932714
0.121825
0.240134
0.268897
0.0341186
0.0838966
0.152304
0.114503
0.0789259
0.0376004
0.136644
0.125893
0.0631629
0.268897
0.234861
0.268897
0.135055
0.268897
0.051634
0.04411
0.104676
0.268897
0.0338982
0.0528753
0.088202
0.151601
0.166354
0.0592073
0.0608969
0.0422397
0.0630222
0.0701936
0.163937
0.233143
0.214758
0.121844
0.0679553
0.233143
0.233143
0.128492
0.0565906
0.0927161
0.233143
0.221474
0.0639959
0.1003
0.197362
0.196003
0.0618836
0.0288526
0.113204
0.13403
0.233143
0.233143
0.148682
0.190712
0.12126
0.166918
0.020847
0.0729728
0.233143
0.203567
0.170127
0.1618
0.233143
0.233143
0.0756402
0.0786443
0.104415
0.234372
0.234372
0.0968774
0.12914
0.234372
0.197607
0.0745851
0.0807429
0.1764
0.16159
0.128391
0.16349
0.136083
0.20451
0.111854
0.0776022
0.0424699
0.10914
0.234372
0.234372
0.196979
0.207986
0.234372
0.234372
0.0899647
0.140895
0.234372
0.234372
0.148175
0.220609
0.0460309
0.134062
0.0773201
0.107768
0.117573
0.208286
0.194956
0.196289
0.224793
0.165152
0.224793
0.115349
0.101042
0.164531
0.19128
0.162331
0.165262
0.193951
0.121284
0.0660826
0.0919836
0.0867676
0.159586
0.224793
0.224793
0.198856
0.224793
0.0732347
0.187984
0.137404
0.175007
0.155218
0.224793
0.187731
0.15792
0.128425
0.0559703
0.0521352
0.149119
0.195434
0.0716985
0.105903
0.0992454
0.0984647
0.123798
0.0454616
0.0305772
0.0399606
0.0434606
0.363911
0.283508
0.0880014
0.104134
0.274625
0.0356124
0.0589657
0.0564332
0.363911
0.0590107
0.111728
0.0901873
0.0729574
0.0770214
0.0268037
0.0303214
0.117245
0.136359
0.363911
0.299028
0.0535261
0.0504778
0.253881
0.0138979
0.00324781
0.0377492
0.363911
0.160428
0.143217
0.0540391
0.0514466
0.129682
0.0134757
0.124678
0.251053
0.251053
0.251053
0.251053
0.0998977
0.120627
0.251053
0.00306557
0.173777
0.251053
0.251053
0.251053
0.13756
0.0357492
0.0315711
0.132487
0.0083289
0.0311986
0.138556
0.251053
0.251053
0.214559
0.099318
0.0737084
0.158533
0.0068641
0.049981
0.140002
0.251053
0.237527
0.237527
0.0890584
0.113338
0.230578
0.00116119
0.225881
0.237527
0.237527
0.237527
0.237527
0.227231
0.237527
0.237423
0.00540365
0.0448134
0.0310488
0.0166
0.21149
0.166798
0.081422
0.0852115
0.132645
0.00726959
0.0710786
0.227262
0.237527
0.0439405
0.184177
0.220809
0.223165
0.12761
0.0184096
0.00775881
0.0198777
0.0111662
0.260591
0.169463
0.263025
0.139587
0.263025
0.0366471
0.0821921
0.162154
0.263025
0.0270874
0.0380683
0.0692975
0.108098
0.146395
0.0715531
0.080254
0.0589503
0.0578664
0.263025
0.263025
0.0439572
0.114518
0.263025
0.263025
0.263025
0.263025
0.193436
0.0125601
0.0592879
0.0589132
0.080216
0.151405
0.170369
0.194886
0.111313
0.00338736
0.0307501
0.0771463
0.130038
0.20413
0.238188
0.173339
0.2151
0.140046
0.167752
0.0259895
0.122077
0.241849
0.196416
0.129684
0.13191
0.241849
0.227692
0.0707079
0.0154762
0.0940416
0.109506
0.224957
0.241849
0.241849
0.241849
0.181472
0.0047241
0.0821361
0.241849
0.241849
0.140345
0.115632
0.114843
0.180953
0.0885194
0.0291265
0.0528686
0.153216
0.230113
0.230113
0.171423
0.1945
0.230113
0.230113
0.0842819
0.151624
0.230113
0.230113
0.11808
0.188502
0.0744849
0.183583
0.0954297
0.101228
0.0697976
0.230113
0.230113
0.230113
0.182142
0.170921
0.230113
0.0887641
0.0395072
0.0888691
0.197559
0.158673
0.0692591
0.117537
0.0446335
0.0806005
0.134462
0.211739
0.173472
0.218268
0.218268
0.151649
0.218268
0.121215
0.218268
0.160794
0.165467
0.142941
0.218268
0.190509
0.181308
0.141438
0.0768091
0.0924467
0.144952
0.155595
0.110366
0.218268
0.209124
0.123724
0.175868
0.0775286
0.121517
0.19944
0.218268
0.13608
0.218268
0.0996823
0.111311
0.155209
0.0517102
0.17261
0.144353
0.218268
0.0567622
0.102399
0.0859595
0.0820896
0.0881957
0.03636
0.0450588
0.119094
0.114723
0.364807
0.291063
0.0557442
0.0659248
0.280317
0.0130403
0.00769637
0.0630658
0.364807
0.0749578
0.166795
0.0681865
0.0813285
0.110384
0.0226716
0.0789634
0.0853511
0.0798774
0.364807
0.194413
0.0482813
0.120278
0.240032
0.0204688
0.0952607
0.165506
0.364807
0.276078
0.158776
0.0419509
0.0467547
0.16469
0.00723437
0.0302558
0.139795
0.276078
0.276078
0.242395
0.165399
0.0967801
0.162342
0.00901995
0.0480512
0.139289
0.276078
0.173167
0.115989
0.0371033
0.0753491
0.155501
0.0327965
0.0755883
0.205434
0.276078
0.170074
0.121879
0.0927072
0.112193
0.215787
0.0376372
0.0971735
0.276078
0.276078
0.250246
0.171037
0.109035
0.101693
0.123782
0.00882069
0.0602593
0.184613
0.265482
0.0746523
0.175018
0.235321
0.265482
0.192244
0.0348301
0.00981317
0.0190233
0.0158266
0.13332
0.0866521
0.0773083
0.0846041
0.174008
0.0470376
0.0987343
0.265482
0.265482
0.172232
0.265482
0.265482
0.265482
0.265482
0.120824
0.0281911
0.0770006
0.0826636
0.222023
0.221586
0.0331986
0.114037
0.286331
0.141956
0.24542
0.286331
0.279596
0.0077547
0.0330466
0.0459139
0.0512093
0.133518
0.172103
0.151542
0.0938851
0.00439135
0.286331
0.286331
0.0224742
0.121432
0.286331
0.0418913
0.147406
0.286331
0.286331
0.0118557
0.0414729
0.0476957
0.0632268
0.124005
0.0686814
0.0326744
0.0198796
0.0386358
0.012033
0.066169
0.127363
0.19454
0.253797
0.253797
0.253797
0.183923
0.00498052
0.0739125
0.253797
0.253797
0.178743
0.134994
0.138659
0.163721
0.0852038
0.0332079
0.0193138
0.10214
0.112003
0.1917
0.253797
0.253797
0.14844
0.0325805
0.0519092
0.021133
0.112438
0.167471
0.213374
0.164705
0.253797
0.253797
0.124441
0.0514364
0.0737556
0.244853
0.244853
0.244853
0.227232
0.218321
0.244853
0.0865638
0.0464273
0.0827337
0.206359
0.149497
0.0773829
0.115806
0.0616182
0.127107
0.147725
0.209438
0.0238711
0.112527
0.176538
0.244853
0.231571
0.244853
0.244853
0.176989
0.0658302
0.045965
0.0919101
0.117284
0.139592
0.178905
0.0514692
0.181272
0.173045
0.119082
0.127563
0.214226
0.213276
0.134758
0.193833
0.101426
0.184074
0.214226
0.214226
0.149885
0.214226
0.131824
0.146324
0.214226
0.0859989
0.214226
0.141173
0.212027
0.0610583
0.145893
0.172622
0.189359
0.214226
0.0609525
0.214226
0.214226
0.151156
0.0322442
0.0916193
0.109478
0.115313
0.210239
0.077112
0.174581
0.15381
0.188521
0.073104
0.139406
0.0708497
0.0769895
0.122385
0.0265372
0.0678366
0.0721768
0.0619999
0.292891
0.248604
0.0453032
0.157644
0.277522
0.0508121
0.0965424
0.167122
0.292891
0.0857861
0.0994808
0.0823145
0.07225
0.155823
0.028067
0.0519494
0.053651
0.0518923
0.292891
0.292891
0.0419535
0.219605
0.292891
0.064405
0.110274
0.292891
0.292891
0.125547
0.104966
0.0258654
0.0643665
0.126753
0.0252025
0.0644845
0.14132
0.191847
0.119356
0.0759574
0.0767999
0.0868887
0.144431
0.0296837
0.147815
0.268675
0.268675
0.268675
0.220464
0.0400556
0.0942949
0.268675
0.0193345
0.0405682
0.11687
0.163397
0.268675
0.253925
0.238968
0.0985888
0.193773
0.0205203
0.194078
0.268675
0.268675
0.0949745
0.0580424
0.0700673
0.0650183
0.11629
0.0320469
0.135203
0.253442
0.253442
0.125178
0.245788
0.253442
0.253442
0.253442
0.0731805
0.0276134
0.0529446
0.0539692
0.232373
0.181221
0.16655
0.0992144
0.136866
0.0202848
0.142764
0.253442
0.253442
0.0869661
0.235988
0.253442
0.253442
0.212333
0.0356141
0.0463377
0.0475232
0.0409492
0.313195
0.313195
0.0279662
0.126034
0.313195
0.0200574
0.131502
0.313195
0.313195
0.0125181
0.0265501
0.0458111
0.0608395
0.146595
0.122427
0.0426497
0.0240547
0.042775
0.313195
0.313195
0.00237892
0.131477
0.313195
0.00572589
0.0221171
0.0640108
0.313195
0.012628
0.0123947
0.0377407
0.0273183
0.0218437
0.0313339
0.037924
0.0444844
0.0786083
0.024143
0.0960347
0.154709
0.248045
0.259314
0.259314
0.21248
0.0537339
0.0778152
0.0279506
0.157445
0.259314
0.259314
0.259314
0.259314
0.259314
0.185227
0.0773161
0.036131
0.0498585
0.124419
0.0977608
0.0814339
0.114334
0.147424
0.162388
0.244119
0.0620764
0.0681338
0.0623741
0.0748067
0.128041
0.204147
0.209352
0.136845
0.138713
0.0277926
0.147256
0.254162
0.254162
0.254162
0.254162
0.254162
0.233095
0.0938654
0.0466574
0.109877
0.14452
0.175561
0.215274
0.0714308
0.235243
0.220516
0.146039
0.0842831
0.0995277
0.0780598
0.0914901
0.150091
0.230997
0.232405
0.166305
0.103244
0.0420419
0.0632427
0.122924
0.121237
0.131773
0.135842
0.135204
0.19302
0.148631
0.0612542
0.151818
0.184061
0.21079
0.215448
0.088729
0.215448
0.215448
0.192046
0.0405443
0.0953788
0.143857
0.166346
0.215448
0.0965368
0.206434
0.198634
0.208157
0.0655177
0.120243
0.170628
0.181408
0.215448
0.189345
0.158332
0.211175
0.0891457
0.133413
0.14417
0.148667
0.171415
0.215448
0.144802
0.12376
0.209878
0.114728
0.0800094
0.0695285
0.0616997
0.0607802
0.11152
0.0213518
0.0334432
0.0430813
0.0372912
0.304023
0.304023
0.0327336
0.20634
0.304023
0.07287
0.0994621
0.191828
0.304023
0.0977734
0.0712913
0.0433945
0.0834358
0.178221
0.0438317
0.0264225
0.0450184
0.0196459
0.304023
0.258559
0.061134
0.170305
0.304023
0.00632712
0.0413303
0.244385
0.304023
0.261409
0.168636
0.0316474
0.0788386
0.183076
0.0184154
0.0395399
0.068205
0.117948
0.239042
0.147947
0.152834
0.0891984
0.182333
0.0190753
0.181445
0.288028
0.288028
0.27466
0.128916
0.0296083
0.0776222
0.222194
0.00231678
0.0124895
0.0600409
0.210595
0.288028
0.159317
0.0444808
0.0478851
0.153919
1.24684e-05
0.0236345
0.288028
0.288028
0.233995
0.154308
0.164288
0.102539
0.167915
0.022959
0.190153
0.276293
0.276293
0.0725388
0.214545
0.276293
0.267803
0.210906
0.0374184
0.0476812
0.0428864
0.0431689
0.276293
0.189038
0.0491206
0.0459958
0.132598
0
0.0182619
0.247112
0.276293
0.0838886
0.140621
0.229504
0.16382
0.155632
0.0474176
0.014356
0.0446655
0.0908644
0.323058
0.323058
0.00342168
0.202856
0.323058
0.00824903
0.0378227
0.114121
0.323058
0.0191737
0.0115896
0.0516243
0.0346823
0.0244806
0.0568351
0.0670027
0.0679843
0.106066
0.323058
0.323058
0.051048
0.213367
0.323058
0.00967787
0.0389046
0.131954
0.305841
0.0277169
0.0153948
0.0210101
0.0346586
0.0414069
0.0574579
0.0411941
0.0541439
0.110493
0.0558776
0.05253
0.182823
0.12013
0.107703
0.182024
0.230803
0.230803
0.230803
0.0651618
0.0943524
0.105317
0.142554
0.202861
0.230803
0.229005
0.210596
0.164533
0.124843
0.0580248
0.0657062
0.157835
0.153949
0.167422
0.168901
0.230803
0.230803
0.0794904
0.129808
0.128592
0.191846
0.185323
0.204557
0.201234
0.205467
0.0920886
0.0792784
0.126151
0.108426
0.128321
0.219118
0.219118
0.219118
0.219118
0.127546
0.0573249
0.100163
0.157058
0.157556
0.196142
0.186692
0.152913
0.219118
0.183184
0.0975871
0.123759
0.119339
0.218628
0.219118
0.151822
0.201807
0.219118
0.132668
0.0851815
0.092171
0.205695
0.12869
0.134078
0.121737
0.198137
0.219118
0.202975
0.0744573
0.134289
0.161803
0.174801
0.215436
0.198389
0.144058
0.215436
0.106105
0.133675
0.18314
0.165946
0.183172
0.215436
0.150801
0.14758
0.215436
0.143083
0.0949213
0.13342
0.215436
0.142823
0.204291
0.101869
0.174141
0.215436
0.201004
0.128984
0.157199
0.201089
0.192292
0.215436
0.0824272
0.141004
0.139155
0.105284
0.11769
0.0726234
0.0407618
0.0805344
0.161286
0.0393892
0.0266093
0.0489295
0.0245796
0.309463
0.251934
0.0519258
0.169046
0.309463
0.00608676
0.0520511
0.16621
0.309463
0.0754267
0.0868663
0.0385412
0.0853788
0.157964
0.0180549
0.0323042
0.0294762
0.0180014
0.309463
0.192509
0.0188208
0.143263
0.309463
0.00165013
0.196218
0.309463
0.309463
0.285337
0.138492
0.0327193
0.0908781
0.240858
0.00209469
0.0179488
0.056105
0.25187
0.285337
0.150778
0.0309027
0.0831816
0.208138
0.0336139
0.0918568
0.285337
0.285337
0.159546
0.11018
0.0108796
0.0827992
0.235364
0.000240764
0.0556122
0.132656
0.18265
0.250526
0.101661
0.0196308
0.0991706
0.285337
0.0559973
0.105659
0.151426
0.285337
0.289385
0.223956
0.0571166
0.0740058
0.220075
0.0457108
0.0713326
0.275492
0.289385
0.100135
0.181833
0.243803
0.186112
0.244156
0.116939
0.0309424
0.0527997
0.103781
0.281536
0.127945
0.0312741
0.105738
0.289385
0.0716008
0.0710864
0.0919032
0.276269
0.0623472
0.0480728
0.187949
0.109608
0.223642
0.0861821
0.038412
0.0406077
0.128652
0.312486
0.312486
0.056522
0.283321
0.312486
0.0123276
0.0332996
0.174535
0.312486
0.0309999
0.0201755
0.0246896
0.0296876
0.0498753
0.0587553
0.0499485
0.0725982
0.130448
0.312486
0.312486
0.00108277
0.123612
0.312486
0.0171582
0.0520848
0.210674
0.278212
0.0192973
0.0130471
0.0179091
0.0153195
0.0328822
0.0516665
0.0850803
0.0797201
0.095818
0.119152
0.065323
0.0743765
0.119935
0.177479
0.156457
0.178642
0.238814
0.238814
0.0666
0.119387
0.156991
0.190817
0.171746
0.182244
0.217359
0.238814
0.0833465
0.0754395
0.0786806
0.085461
0.0761368
0.141174
0.164336
0.238814
0.233061
0.238814
0.0730804
0.19459
0.101334
0.102017
0.183233
0.16028
0.238814
0.238814
0.168741
0.0827707
0.11607
0.148503
0.196781
0.221787
0.136096
0.20384
0.221787
0.120502
0.102764
0.0886634
0.173634
0.126013
0.141037
0.14405
0.21308
0.221787
0.190038
0.09777
0.213404
0.142817
0.141038
0.197777
0.169213
0.221787
0.221787
0.155759
0.0792714
0.118786
0.150384
0.130536
0.145421
0.183822
0.206943
0.221787
0.131723
0.114969
0.126766
0.203003
0.133734
0.214983
0.125335
0.185342
0.217997
0.206848
0.133735
0.182656
0.182012
0.183063
0.211945
0.0872922
0.14191
0.123248
0.133539
0.107925
0.146258
0.157887
0.136826
0.192249
0.211291
0.193662
0.217997
0.136548
0.157281
0.217997
0.217997
0.202099
0.217997
0.0941877
0.0899641
0.108438
0.0509894
0.103271
0.101944
0.0514461
0.111247
0.214295
0.0224047
0.039446
0.0328523
0.0309812
0.303859
0.211119
0.018371
0.204003
0.303859
0.00517828
0.244997
0.303859
0.303859
0.101955
0.0934782
0.0599909
0.0998976
0.224215
0.0352176
0.0344155
0.02666
0.0113986
0.160074
0.106141
0.0432742
0.113584
0.283201
0.0968561
0.210807
0.284347
0.212633
0.231017
0.136316
0.0122743
0.135111
0.259792
0.00140128
0.0848136
0.187876
0.259792
0.259792
0.182933
0.0159237
0.157777
0.259792
0.133011
0.25144
0.186728
0.259792
0.11333
0.0620363
0.0223315
0.0813124
0.194993
0.0475119
0.0991199
0.151984
0.124433
0.259792
0.180287
0.0217751
0.12786
0.259792
0.0055638
0.0659289
0.120133
0.199223
0.267229
0.229803
0.0366072
0.155657
0.267229
0.178813
0.181437
0.117869
0.267229
0.0918958
0.0719541
0.267229
0.195124
0.267229
0.214122
0.0781215
0.0576449
0.17961
0.267229
0.163976
0.0326467
0.147001
0.267229
0.00478794
0.0399665
0.121905
0.236906
0.146518
0.0480381
0.0160741
0.0625413
0.139292
0.00820189
0.0258924
0.0603591
0.172716
0.361145
0.253305
0.00455537
0.157082
0.361145
0.0171556
0.0429588
0.203334
0.243569
0.0136761
0.0100144
0.0190306
0.0118936
0.0349356
0.0492052
0.0713535
0.0744795
0.0874512
0.125689
0.0816839
0.0166397
0.222635
0.361145
0.284042
0.100065
0.172547
0.161608
0.00451375
0.00680537
0.050753
0.0947734
0.361145
0.170843
0.0419882
0.0364036
0.0333442
0.0267338
0.0303569
0.0369023
0.029662
0.0695362
0.074561
0.117536
0.101715
0.133624
0.0321337
0.0732105
0.0502718
0.0472816
0.085372
0.0663658
0.0997237
0.163895
0.0760124
0.0109764
0.0224383
0.0687837
0.17295
0.557506
0.260705
0.0892872
0.0657954
0.0620046
0.0275499
0.0363425
0.0324617
0.304286
0.557506
0.180144
0.0670611
0.058728
0.0339568
0.0387855
0.0795174
0.06303
0.0575777
0.0877075
0.0673075
0.0846243
0.117892
0.0577269
0.0321232
0.0414739
0.0511656
0.0434497
0.0574672
0.0803866
0.0909779
0.101963
0.0507186
0.0212708
0.0380517
0.0202352
0.371601
0.548894
0.153277
0.0765474
0.0676974
0.0306509
0.0134313
0.0225075
0.01641
0.280621
0.548894
0.218385
0.0404264
0.0417484
0.0372349
0.0367402
0.047781
0.06028
0.0429471
0.0620227
0.0822268
0.0774735
0.077095
0.0482267
0.0604137
0.0842185
0.0771573
0.0806599
0.116535
0.0375897
0.0328193
0.0386893
0.0154776
0.00880818
0.0201801
0.018825
0.335296
0.514325
0.171012
0.0414456
0.0384393
0.0337222
0.057135
0.0657175
0.063212
0.465908
0.514325
0.139538
0.0172786
0.0255771
0.00517147
0.082387
0.0748296
0.0567023
0.103637
0.208873
0.0323989
0.0285268
0.0237064
0.00967499
0.128457
0.0855818
0.0351658
0.118075
0.279596
0.0865389
0.190653
0.272476
0.214906
0.0411661
0.0569112
0.0524876
0.388852
0.42685
0.0983412
0.0143344
0.0165043
0.00325548
0.0472563
0.0644395
0.0264112
0.186639
0.42685
0.261554
0.0241984
0.0262514
0.0317551
0.117369
0.0607464
0.0212964
0.1098
0.260307
0.0538539
0.123151
0.195051
0.153256
0.291885
0.291885
0.0268469
0.128342
0.266635
0.00565091
0.0521888
0.121688
0.253091
0.0510873
0.114094
0.0510178
0.19297
0.291885
0.168564
0.0192771
0.0388103
0.0317199
0.181286
0.291885
0.0917089
0.287348
0.291885
0.109498
0.0276255
0.0473592
0.0342434
0.279246
0.279246
0.0396984
0.181314
0.279246
0.00511429
0.0502795
0.164614
0.279246
0.201664
0.0997264
0.0189766
0.0933802
0.175229
0.00727874
0.0278674
0.0854569
0.23595
0.22836
0.279246
0.166741
0.279246
0.279246
0.178424
0.0404589
0.107603
0.0878398
0.0873512
0.141289
0.0353351
0.104258
0.219903
0.0228277
0.0179092
0.0369201
0.113382
0.170274
0.0697066
0.0283303
0.276565
0.339592
0.27195
0.132296
0.269811
0.234183
0.00653065
0.00833998
0.064836
0.0927182
0.339592
0.176105
0.065903
0.0627438
0.0467292
0.0290863
0.033616
0.0396841
0.0636505
0.24215
0.107508
0.0971601
0.277027
0.266197
0.00643675
0.0132927
0.0309923
0.027337
0.327916
0.123562
0.123238
0.0848337
0.0526764
0.0130609
0.0242862
0.0663238
0.140946
0.422803
0.205996
0.0994336
0.0785631
0.0716055
0.0369517
0.0485618
0.0443501
0.237073
0.422803
0.166507
0.0737813
0.055834
0.0438033
0.00949215
0.0200716
0.0462273
0.0519196
0.422803
0.156475
0.163974
0.0651494
0.043258
0.0285413
0.0507953
0.0367954
0.0905206
0.422803
0.125774
0.0584534
0.0326464
0.0122011
0.0303484
0.0539221
0.0309594
0.292472
0.410033
0.142757
0.0860738
0.0727818
0.0409472
0.0143792
0.0286104
0.0278566
0.194221
0.410033
0.182895
0.0717093
0.0642523
0.0542689
0.0273256
0.0436063
0.0384244
0.12784
0.410033
0.110523
0.0670515
0.0361761
0.0152009
0.0566911
0.0160075
0.0415362
0.116757
0.410033
0.0813003
0.0739965
0.111679
0.187374
0.00786424
0.0295473
0.0394337
0.248682
0.390602
0.150425
0.0753882
0.0647331
0.0515802
0.0767974
0.0770269
0.0791991
0.368979
0.390602
0.109621
0.0319588
0.0412888
0.00653233
0.0342977
0.0330154
0.0604278
0.158042
0.390602
0.0753528
0.0716845
0.0857616
0.106956
0.0423633
0.068449
0.0777397
0.205809
0.390602
0.0440615
0.0346067
0.0230603
0.0461756
0.0414401
0.0603732
0.0571262
0.24953
0.345
0.0663237
0.0196933
0.0213606
0.00365974
0.0934274
0.108136
0.0298328
0.133348
0.345
0.163519
0.0232767
0.0269301
0.0397183
0.0297416
0.0665536
0.0522291
0.137028
0.345
0.031336
0.0197987
0.00544209
0.00292393
0.345
0.345
0.263626
0.200039
0.345
0.0505599
0.00225742
0.00410619
0.0264945
0.0798729
0.168885
0.0788102
0.166942
0.288425
0.142362
0.0270231
0.0535084
0.0437648
0.167477
0.288425
0.119127
0.266027
0.288425
0.0849945
0.0249055
0.0642442
0.050743
0.288425
0.288425
0.205376
0.155459
0.288425
0.0473048
0.00381182
0.00656536
0.0202943
0.184927
0.288425
0.158561
0.12656
0.218764
0.0284297
0.0185779
0.022178
0.0380527
0.222267
0.283013
0.245625
0.283013
0.283013
0.155487
0.0600537
0.169898
0.118681
0.120513
0.232924
0.0463342
0.135019
0.261679
0.0253112
0.02258
0.0550798
0.156497
0.262611
0.283013
0.283013
0.18594
0.283013
0.0533515
0.0283348
0.0444317
0.0659603
0.0814674
0.0871318
0.0659365
0.0457467
0.100771
0.0254619
0.0218458
0.0313689
0.0787656
0.0819773
0.055113
0.0832439
0.0775587
0.130123
0.091433
0.140511
0.304685
0.304685
0.0267117
0.0145495
0.0310374
0.0198787
0.179309
0.147478
0.184217
0.146868
0.10129
0.304685
0.197183
0.246469
0.136622
0.244813
0.176508
0.1479
0.304685
0.304685
0.0704248
0.0450978
0.0473732
0.0740202
0.132067
0.089516
0.107814
0.187728
0.166893
0.0518546
0.045338
0.0788951
0.0834564
0.250881
0.250881
0.250881
0.198807
0.116543
0.0910395
0.146885
0.0996631
0.145156
0.250881
0.250881
0.194086
0.0986693
0.0439467
0.131261
0.0749523
0.0518152
0.118711
0.207346
0.241507
0.250881
0.250881
0.250881
0.0803876
0.187739
0.069108
0.0700544
0.250881
0.138915
0.12992
0.133681
0.076827
0.0638948
0.102065
0.0838072
0.144982
0.277802
0.206367
0.163479
0.0809115
0.0406789
0.118902
0.0494019
0.0918887
0.120724
0.19608
0.102408
0.191901
0.244833
0.277802
0.0514514
0.140381
0.0686534
0.0521923
0.202842
0.126753
0.139238
0.120825
0.065224
0.277802
0.218788
0.115571
0.0590985
0.176091
0.1031
0.277802
0.277802
0.277802
0.074046
0.0823454
0.117256
0.156928
0.234292
0.0887145
0.164586
0.170921
0.199506
0.0789575
0.138303
0.128278
0.227319
0.234292
0.0363395
0.0895584
0.0525554
0.0795031
0.234292
0.231309
0.16445
0.0753555
0.221596
0.0757999
0.234292
0.234292
0.234292
0.234292
0.21948
0.166812
0.177784
0.234292
0.00854541
0.105256
0.0797642
0.167724
0.0305495
0.076336
0.0533956
0.0830719
0.113888
0.0193955
0.0295816
0.00838155
0.00316261
0.343023
0.343023
0.263523
0.193663
0.343023
0.00823788
0.00518101
0.00559891
0.0382724
0.0564105
0.078878
0.0732021
0.0561015
0.104839
0.00448607
0.0338561
0.0334112
0.0169563
0.343023
0.343023
0.0523078
0.343023
0.343023
0.0236442
0.0289981
0.021924
0.0300311
0.290157
0.290157
0.26414
0.16626
0.290157
0.0148792
0.00704508
0.00721914
0.0310624
0.204947
0.290157
0.189505
0.0947316
0.229701
0.00271976
0.019549
0.0337678
0.0549753
0.290157
0.290157
0.0498111
0.290157
0.290157
0.0197894
0.0320794
0.0432151
0.0385514
0.149528
0.140536
0.0202741
0.0689961
0.146746
0.0143841
0.0214279
0.0410064
0.0717375
0.317488
0.317488
0.317488
0.234516
0.317488
0.0159939
0.0482601
0.0971369
0.154941
0.182462
0.146157
0.105624
0.0826323
0.179826
0.0442564
0.0367733
0.0681574
0.171011
0.213751
0.125658
0.040113
0.0876838
0.136685
0.0321119
0.0666117
0.155195
0.270296
0.147977
0.189319
0.0486923
0.0759531
0.239239
0.0186855
0.0291312
0.140129
0.166083
