0.119263
0.148922
0.116458
0.0975146
0.130634
0.0208588
0.0151532
0.0924459
0.0841456
0.263926
0.244515
0.105985
0.114153
0.232875
0.0182893
0.263926
0.263926
0.263926
0.110296
0.110859
0.0647725
0.0800151
0.120354
0.00712629
0.0797987
0.263926
0.263926
0.214107
0.205509
0.0877324
0.123798
0.201683
0.00795876
0.0592017
0.263926
0.263926
0.222714
0.222714
0.146795
0.108086
0.158759
0.02956
0.222714
0.222714
0.222714
0.222714
0.222714
0.12771
0.112455
0.117364
0.0157527
0.109875
0.131497
0.17881
0.184199
0.217946
0.136751
0.160381
0.208443
0.0334871
0.0738736
0.199564
0.222714
0.14288
0.165048
0.143636
0.203524
0.146956
0.167306
0.137649
0.122585
0.17489
0.211104
0.234042
0.130577
0.132831
0.144746
0.0212928
0.0666068
0.0672523
0.138351
0.279956
0.151475
0.0588804
0.17386
0.279956
0.0188913
0.0469144
0.129329
0.279956
0.19807
0.267141
0.159443
0.168334
0.188862
0.181884
0.159038
0.0812186
0.0854453
0.234611
0.279546
0.0838707
0.139716
0.234822
0.0581183
0.0215668
0.0683044
0.0986076
0.232269
0.130634
0.0503978
0.133204
0.232269
0.0283903
0.138944
0.219937
0.232269
0.135411
0.150589
0.232269
0.229915
0.223809
0.121158
0.232269
0.232269
0.223889
0.199738
0.232269
0.0647477
0.0831321
0.185654
0.0283211
0.0237543
0.0631388
0.0737208
0.0972781
0.084126
0.116467
0.112995
0.137629
0.0673663
0.232269
0.232269
0.193005
0.146257
0.183773
0.222483
0.195178
0.223862
0.114131
0.249642
0.249642
0.249642
0.0624387
0.0333526
0.0513744
0.0592597
0.0813701
0.059948
0.0909394
0.133443
0.208721
0.140597
0.118006
0.123106
0.114424
0.17315
0.0649193
0.249642
0.249642
0.249642
0.12422
0.0494611
0.0408331
0.076565
0.10991
0.196659
0.223589
0.211061
0.249642
0.161837
0.0687012
0.0430203
0.0428917
0.0833865
0.0779608
0.0725544
0.218385
0.309503
0.0343319
0.0836415
0.0875112
0.0560525
0.0698527
0.0577516
0.0432279
0.069986
0.0219061
0.297873
0.12528
0.0620376
0.122528
0.184738
0.274031
0.309503
0.309503
0.309503
0.0180519
0.100129
0.173168
0.214997
0.107904
0.293512
0.241026
0.0823601
0.0082425
0.0657377
0.12572
0.0772394
0.0595953
0.0725255
0.0475507
0.0332553
0.0448135
0.0151934
0.25907
0.263215
0.10116
0.157946
0.228665
0.0941917
0.171575
0.263215
0.263215
0.0511156
0.144652
0.150232
0.137623
0.0746409
0.185025
0.189535
0.0757017
0.00612742
0.263215
0.263215
0.180365
0.185015
0.191943
0.0833891
0.191499
0.23901
0.263215
0.0986382
0.0987652
0.0617229
0.0752613
0.10512
0.0183616
0.0699961
0.254735
0.254735
0.213505
0.174703
0.0824844
0.132107
0.208936
0.0117454
0.0418887
0.204493
0.254735
0.0861688
0.0923553
0.249567
0.186921
0.070641
0.060017
0.095496
0.254735
0.254735
0.18473
0.254735
0.101156
0.254735
0.254735
0.0167206
0.0982704
0.125704
0.216617
0.175378
0.181663
0.118038
0.146034
0.185012
0.0280233
0.0514428
0.134945
0.235307
0.1619
0.164484
0.108835
0.127768
0.121588
0.0955736
0.0898597
0.0953143
0.180957
0.208363
0.233081
0.116235
0.235307
0.235307
0.045662
0.102006
0.159039
0.235307
0.195263
0.184316
0.192209
0.235307
0.235307
0.110559
0.0980506
0.149496
0.235307
0.194397
0.23427
0.129541
0.106675
0.151033
0.105716
0.107755
0.0912738
0.116365
0.185703
0.23427
0.0855194
0.119266
0.186036
0.0497121
0.0332373
0.0797127
0.0800021
0.23427
0.223726
0.216567
0.23427
0.23427
0.138129
0.124588
0.228342
0.23427
0.185768
0.15491
0.101726
0.112165
0.133062
0.0701912
0.23427
0.23427
0.181086
0.199961
0.274899
0.0800704
0.0911306
0.189675
0.0349709
0.0303851
0.0747178
0.0802909
0.126699
0.100459
0.0874273
0.102511
0.184244
0.0985496
0.30152
0.239252
0.221758
0.159186
0.189591
0.0979994
0.056169
0.0829047
0.0876456
0.30152
0.186841
0.124928
0.0280506
0.0907966
0.187646
0.0505625
0.102707
0.251372
0.30152
0.299312
0.056777
0.181003
0.118565
0.0809082
0.103251
0.214042
0.0818897
0.295655
0.21061
0.303893
0.153936
0.0472519
0.0344581
0.075342
0.12912
0.142803
0.213595
0.15913
0.303893
0.0406642
0.142893
0.14809
0.0843387
0.115646
0.250651
0.303893
0.263679
0.062303
0.0372743
0.0492396
0.0966553
0.168699
0.145082
0.118782
0.193926
0.118906
0.0677174
0.27213
0.0929924
0.0442349
0.115805
0.183275
0.153437
0.246787
0.24839
0.27213
0.0156284
0.0921628
0.180586
0.222491
0.104333
0.169832
0.152652
0.0729607
0.0202784
0.0795413
0.13414
0.127599
0.27213
0.21254
0.133056
0.201573
0.162608
0.119153
0.128931
0.2176
0.170611
0.27213
0.200362
0.0716059
0.0784072
0.0490802
0.093572
0.0530095
0.137448
0.161362
0.188499
0.0886981
0.122578
0.138017
0.0748427
0.012153
0.246982
0.217616
0.166689
0.177723
0.176861
0.0994915
0.199339
0.185213
0.250924
0.0916847
0.183921
0.187383
0.250924
0.191325
0.0782152
0.0925217
0.072615
0.0780226
0.192444
0.206726
0.121483
0.113293
0.113094
0.105522
0.250924
0.250924
0.250924
0.0505915
0.0599892
0.152593
0.126063
0.0545818
0.0467983
0.0951638
0.243204
0.243204
0.142129
0.147229
0.0766201
0.243204
0.243204
0.0109047
0.0552837
0.0878566
0.184817
0.0652378
0.0953925
0.15898
0.164126
0.134291
0.0744705
0.243204
0.243204
0.218944
0.243204
0.238352
0.241283
0.243204
0.243204
0.0459789
0.0168674
0.0405963
0.243204
0.120233
0.115765
0.0728691
0.190146
0.220243
0.0153258
0.0515517
0.0911429
0.158334
0.121288
0.106943
0.107569
0.202482
0.239473
0.0637992
0.0489363
0.101383
0.159349
0.20083
0.185626
0.164957
0.239473
0.239473
0.0875137
0.0972892
0.0541391
0.193723
0.239473
0.225996
0.239473
0.239473
0.239473
0.239473
0.160128
0.0871219
0.149599
0.148781
0.143443
0.138601
0.170575
0.19256
0.0574501
0.0720235
0.151249
0.225656
0.122
0.102746
0.0715315
0.0683151
0.101437
0.0622902
0.224068
0.163894
0.156003
0.228061
0.192473
0.208751
0.228061
0.228061
0.228061
0.228061
0.157144
0.141355
0.137549
0.0876096
0.0806197
0.134772
0.228061
0.210044
0.190671
0.156586
0.212603
0.132366
0.156139
0.0943411
0.0597147
0.0821395
0.0777195
0.298515
0.139469
0.135207
0.0265713
0.0729365
0.152351
0.150475
0.135986
0.243154
0.298515
0.25064
0.0402206
0.118985
0.0972173
0.012686
0.113794
0.290033
0.188581
0.178952
0.179096
0.227932
0.0166508
0.0207814
0.0833374
0.298515
0.298515
0.21629
0.126933
0.0309689
0.0278535
0.0505158
0.120036
0.164605
0.163333
0.175458
0.257664
0.31843
0.230273
0.0495066
0.047442
0.0493511
0.120213
0.154028
0.168155
0.0953658
0.198459
0.130882
0.113644
0.0197786
0.0361629
0.118715
0.31843
0.31843
0.262077
0.155038
0.0707516
0.102157
0.071148
0.0350324
0.0897437
0.138306
0.150256
0.0464008
0.0419871
0.193495
0.31843
0.103814
0.135006
0.214858
0.26809
0.26809
0.106263
0.198261
0.186771
0.207959
0.0957429
0.183436
0.171346
0.26809
0.225898
0.0455748
0.0754187
0.0469346
0.0970377
0.114834
0.055721
0.180982
0.195971
0.224613
0.088789
0.0825474
0.26809
0.26809
0.117308
0.210836
0.12974
0.118733
0.171629
0.0400642
0.0916216
0.0961478
0.0608968
0.0648709
0.149762
0.16653
0.278959
0.193562
0.0481427
0.073796
0.0584767
0.0612527
0.161892
0.162388
0.116996
0.0957288
0.111455
0.0993773
0.246554
0.278959
0.278959
0.111002
0.144557
0.107993
0.123873
0.19842
0.0346681
0.0714965
0.0746198
0.0528213
0.278959
0.101194
0.0537836
0.158477
0.278959
0.0161553
0.192896
0.278959
0.278959
0.0456813
0.0695901
0.0905304
0.134415
0.10688
0.0411103
0.178963
0.204007
0.154397
0.169304
0.127981
0.155868
0.251542
0.283756
0.0221313
0.00692869
0.0475257
0.283756
0.082644
0.0607731
0.0936334
0.189597
0.283756
0.235735
0.109467
0.0592098
0.10592
0.121377
0.139722
0.254955
0.283756
0.283756
0.0829235
0.0514601
0.0416148
0.264925
0.126299
0.125152
0.129446
0.257976
0.277911
0.0517731
0.0689679
0.0478038
0.173621
0.161554
0.138848
0.277911
0.277911
0.277911
0.193288
0.103652
0.07893
0.14236
0.0697057
0.108363
0.187125
0.277911
0.277911
0.0674952
0.0792504
0.0492496
0.146295
0.0674604
0.063141
0.208455
0.22123
0.242786
0.0640361
0.0607334
0.0319482
0.0827982
0.210399
0.168708
0.249499
0.249499
0.249499
0.249499
0.249499
0.155739
0.181467
0.149478
0.0616901
0.105462
0.132195
0.249499
0.249499
0.198677
0.170109
0.249499
0.0638471
0.0758342
0.179683
0.249499
0.249499
0.107608
0.154378
0.0808168
0.0834763
0.0336882
0.0455368
0.0746767
0.0847599
0.1122
0.0438246
0.039269
0.0326476
0.0179151
0.198024
0.0942093
0.061629
0.186833
0.31509
0.31509
0.25999
0.246597
0.31509
0.0446496
0.0460831
0.158498
0.31509
0.31509
0.31509
0.20523
0.0486508
0.0567493
0.0378411
0.0872628
0.0564884
0.120965
0.149082
0.0702628
0.06461
0.054205
0.034949
0.0195726
0.0277842
0.0361893
0.0606321
0.192915
0.0732728
0.0193365
0.0167914
0.0203899
0.0425427
0.0544546
0.201877
0.331633
0.331633
0.331633
0.187128
0.0736711
0.130296
0.128335
0.0506525
0.15969
0.176337
0.173634
0.0676076
0.0480433
0.257751
0.331633
0.0373827
0.029277
0.0290104
0.0529019
0.145823
0.0604757
0.0162688
0.0272788
0.115393
0.329066
0.0184224
0.00761967
0.0173952
0.033853
0.00872174
0.0137028
0.111876
0.331633
0.18205
0.0753412
0.301164
0.182202
0.236495
0.107134
0.0874093
0.373743
0.373743
0.096763
0.204503
0.135384
0.121881
0.202941
0.0455604
0.0957624
0.0891085
0.0387064
0.373743
0.0295118
0.0182019
0.0330415
0.0484416
0.00724246
0.0205874
0.162152
0.373743
0.0659146
0.0505402
0.0585038
0.033296
0.0401797
0.0473585
0.0719243
0.0580063
0.0450295
0.0954654
0.145111
0.126574
0.108835
0.191986
0.0380492
0.0819172
0.0713884
0.0404663
0.31445
0.123622
0.0838578
0.138878
0.269351
0.0227826
0.241833
0.321373
0.321373
0.0832849
0.0747002
0.0816087
0.0541816
0.0589997
0.0278516
0.0418614
0.0479185
0.030531
0.321373
0.1133
0.0625433
0.147405
0.321373
0.0293383
0.0441669
0.170696
0.321373
0.139638
0.113522
0.146863
0.327142
0.327142
0.272875
0.136216
0.106988
0.163583
0.129184
0.177318
0.327142
0.327142
0.327142
0.105763
0.0831259
0.0855939
0.327142
0.0164616
0.0200762
0.0196429
0.0401911
0.201189
0.0839686
0.0101587
0.00929091
0.0183697
0.0311687
0.0347891
0.0169101
0.0650321
0.191326
0.0444625
0.0267621
0.0310954
0.0380551
0.0773532
0.156902
0.323254
0.342641
0.342641
0.0904012
0.13593
0.102796
0.324286
0.0398424
0.0622009
0.342641
0.342641
0.342641
0.0656596
0.0850634
0.0670728
0.196231
0.0254386
0.0298095
0.0175699
0.0646005
0.232397
0.0463437
0.0237378
0.0360293
0.0320797
0.0309839
0.0348889
0.0416604
0.0374895
0.0541182
0.0268039
0.0230839
0.0257976
0.0166177
0.056053
0.12835
0.353108
0.353108
0.353108
0.183053
0.353108
0.22282
0.329231
0.0351447
0.0767851
0.258044
0.218814
0.241993
0.10625
0.0795967
0.0530851
0.0233479
0.0675049
0.0599169
0.0738111
0.0853631
0.145948
0.0722357
0.0493504
0.067357
0.0341514
0.0307708
0.0583626
0.0734034
0.0835276
0.0753246
0.0525814
0.0444136
0.0628378
0.0482714
0.0775625
0.259563
0.259563
0.259563
0.259563
0.259563
0.1958
0.126028
0.0602711
0.0839303
0.125477
0.184555
0.175188
0.259563
0.259563
0.099379
0.0722811
0.0719921
0.069436
0.125689
0.155852
0.234783
0.170198
0.15653
0.129831
0.182101
0.121254
0.0422974
0.0901658
0.124267
0.158815
0.194486
0.123509
0.116971
0.106747
0.0986692
0.0637735
0.0434892
0.0466927
0.0498051
0.0720608
0.0990032
0.0249342
0.0401162
0.163899
0.462633
0.029318
0.0115062
0.0191425
0.0309096
0.0178058
0.0212637
0.198232
0.462633
0.0638275
0.0266565
0.0263486
0.0394562
0.0461875
0.0311385
0.0290852
0.0370935
0.105578
0.462633
0.0339682
0.0109554
0.0215739
0.0371874
0.0113685
0.0170309
0.14053
0.462633
0.465612
0.0385305
0.0221436
0.0249539
0.0409749
0.0094579
0.0188346
0.202525
0.465612
0.0581384
0.0429722
0.0729357
0.0467518
0.047105
0.0600736
0.0759777
0.0621707
0.0303819
0.465612
0.0398169
0.0141268
0.0216054
0.0367624
0.00959567
0.0140939
0.125878
0.465612
0.0601644
0.142604
0.0408369
0.0333877
0.0705707
0.0270327
0.0349016
0.042597
0.0523581
0.102863
0.0961591
0.12779
0.0701429
0.0619088
0.0406096
0.0547834
0.0602203
0.0329555
0.329091
0.169223
0.104838
0.156982
0.329091
0.072504
0.0723046
0.292741
0.329091
0.0435603
0.100961
0.0574639
0.0398746
0.0700387
0.0434419
0.0406896
0.0406459
0.0195775
0.265236
0.278247
0.0574655
0.0609531
0.217656
0.145606
0.165466
0.27177
0.329091
0.111297
0.148324
0.154277
0.25277
0.25277
0.200456
0.0434221
0.0725334
0.106524
0.100239
0.133751
0.166563
0.204293
0.25277
0.214372
0.168207
0.166443
0.187076
0.109417
0.0950499
0.146363
0.25277
0.25277
0.22055
0.0726393
0.102358
0.112721
0.0621894
0.0963239
0.156076
0.25277
0.25277
0.110933
0.12482
0.110433
0.0663505
0.0840886
0.126162
0.165507
0.221729
0.231716
0.191602
0.126251
0.18289
0.177335
0.105793
0.123761
0.231716
0.228792
0.231716
0.147108
0.121334
0.150368
0.100185
0.0473215
0.108476
0.158813
0.231716
0.231716
0.141614
0.121865
0.0958786
0.0598224
0.055125
0.0607278
0.198645
0.231716
0.231716
0.163947
0.202328
0.231716
0.0678161
0.113541
0.115959
0.187553
0.225773
0.225773
0.160089
0.108512
0.167263
0.116677
0.0642926
0.116162
0.173568
0.224585
0.218762
0.148538
0.158603
0.180677
0.145584
0.0571433
0.0725387
0.193364
0.225773
0.225773
0.218553
0.199195
0.214739
0.0798716
0.0266527
0.0888357
0.15704
0.225773
0.225773
0.108877
0.0914133
0.225773
0.127461
0.0701766
0.118494
0.171668
0.232639
0.209513
0.169642
0.179918
0.212367
0.171854
0.0432248
0.114261
0.188503
0.19306
0.232639
0.136534
0.13738
0.132587
0.122078
0.0344847
0.1058
0.168405
0.232639
0.232639
0.144226
0.113479
0.209702
0.137206
0.0315369
0.107893
0.151222
0.232639
0.232639
0.203744
0.192354
0.176081
0.0847981
0.0558164
0.0246671
0.0336254
0.0400521
0.0473378
0.0288863
0.0291227
0.0332167
0.0967766
0.47953
0.0359849
0.0175121
0.0280218
0.0428228
0.0101602
0.0174257
0.122575
0.47953
0.0143082
0.0218369
0.0359452
0.0728631
0.089795
0.0450854
0.0431919
0.0349071
0.0346103
0.47953
0.0447873
0.0368958
0.0333776
0.0658681
0.00510731
0.016355
0.0944812
0.47953
0.464507
0.0409562
0.0210097
0.0287471
0.0418212
0.0123485
0.0146978
0.109464
0.464507
0.0729849
0.100369
0.0470445
0.0467878
0.0833898
0.0402252
0.0278558
0.0443161
0.0480959
0.437219
0.0430791
0.0673634
0.0316476
0.0657799
0.00907455
0.0167415
0.0924895
0.464507
0.117269
0.15089
0.148538
0.0877881
0.0922105
0.0332797
0.0265286
0.0295198
0.113803
0.0474513
0.0803465
0.0610602
0.0405551
0.0691192
0.0397133
0.0339589
0.041017
0.016849
0.30605
0.238325
0.0712898
0.0567313
0.196459
0.121528
0.0890824
0.233901
0.319198
0.068338
0.132606
0.144446
0.066722
0.0901529
0.033232
0.0369595
0.0351877
0.0346944
0.318305
0.319198
0.0796737
0.145239
0.319198
0.0269727
0.0461835
0.319198
0.319198
0.0839006
0.0727566
0.106229
0.215278
0.301568
0.163926
0.0507025
0.0692895
0.082398
0.0322231
0.0764311
0.134195
0.203336
0.283455
0.125234
0.0662703
0.0731041
0.0313594
0.0225277
0.039197
0.116334
0.301568
0.301568
0.301568
0.037347
0.0424644
0.0821188
0.00952493
0.0388393
0.0901248
0.301568
0.301568
0.301568
0.197637
0.0695399
0.016763
0.0237529
0.0684304
0.122902
0.164895
0.241479
0.116277
0.0552739
0.0549013
0.037498
0.0310325
0.0392244
0.090831
0.243947
0.224215
0.132665
0.100707
0.128566
0.038921
0.0101114
0.0456597
0.0727369
0.293413
0.308198
0.308198
0.116432
0.086152
0.0883273
0.12562
0.12802
0.0865361
0.308198
0.308198
0.308198
0.0754247
0.107795
0.229311
0.0310586
0.0428792
0.0902425
0.223125
0.269528
0.151334
0.095394
0.103051
0.050473
0.0203662
0.0612394
0.092923
0.173739
0.273698
0.129444
0.0614134
0.0955504
0.0569751
0.116326
0.1474
0.0949287
0.301132
0.301132
0.286003
0.0490687
0.14978
0.280982
0.0287966
0.0340026
0.0508788
0.301132
0.301132
0.25991
0.0250163
0.0614352
0.0393231
0.0275804
0.0791001
0.116548
0.205243
0.313944
0.167582
0.0760475
0.0853561
0.0737567
0.0193872
0.0715979
0.100897
0.223722
0.313944
0.194424
0.129324
0.132064
0.0580243
0.0381326
0.0520999
0.0709749
0.313944
0.313944
0.282691
0.0416183
0.0711186
0.0242131
0.0510781
0.0395042
0.0168643
0.313944
0.313944
0.189234
0.108347
0.0946625
0.0281218
0.0110094
0.0184785
0.0318273
0.0720921
0.107742
0.0673598
0.0413649
0.0343086
0.0327539
0.348543
0.0371834
0.0458745
0.0450259
0.0765974
0.0167939
0.0548153
0.204175
0.43434
0.0205717
0.0131048
0.0102463
0.11599
0.255881
0.0657903
0.0356311
0.0260134
0.00933886
0.216697
0.0281316
0.0633664
0.0851724
0.138237
0.0654467
0.247037
0.43434
0.43434
0.314563
0.0351174
0.0549853
0.0479021
0.077888
0.0276007
0.0508541
0.179857
0.370334
0.113807
0.128594
0.132238
0.0938792
0.0914314
0.0419113
0.0250965
0.0474782
0.110068
0.173768
0.0290565
0.0611757
0.106425
0.158573
0.0746704
0.181834
0.370334
0.370334
0.172112
0.213807
0.0915622
0.14398
0.104344
0.01389
0.0674603
0.271553
0.238062
0.067058
0.111258
0.113234
0.0631267
0.0771226
0.0325827
0.0335632
0.0392888
0.0344357
0.303897
0.300022
0.0850403
0.122178
0.266483
0.0165377
0.0579178
0.303897
0.303897
0.115525
0.152745
0.0808556
0.115731
0.0676879
0.0130344
0.0233483
0.0374718
0.0629323
0.249186
0.303897
0.216349
0.116373
0.130116
0.0193077
0.0866111
0.303897
0.303897
0.0190661
0.049266
0.0900957
0.2989
0.2989
0.2989
0.0445462
0.0289323
0.0552275
0.0224115
0.0522087
0.0608284
0.227059
0.2989
0.2989
0.0907135
0.0489312
0.0300569
0.0226918
0.0778303
0.0908559
0.290217
0.2989
0.241381
0.127387
0.0385517
0.0131761
0.0720021
0.0774477
0.0611881
0.151645
0.2989
0.251193
0.0879826
0.0605596
0.0137333
0.0178594
0.0322392
0.0504103
0.206901
0.353377
0.23861
0.0570368
0.0478773
0.0550756
0.0544044
0.0698716
0.0552694
0.300777
0.353377
0.2331
0.036748
0.0422675
0.0819213
0.0492126
0.0551983
0.0540692
0.152406
0.353377
0.221528
0.0556916
0.0510627
0.0314483
0.0391485
0.0325761
0.0194417
0.232893
0.353377
0.268135
0.0240448
0.0504977
0.0557125
0.0439237
0.062089
0.0576837
0.289235
0.354665
0.183446
0.0255157
0.053669
0.089212
0.0137849
0.0280542
0.0310094
0.220272
0.354665
0.209172
0.0246966
0.0287247
0.0152514
0.0357287
0.032751
0.0223086
0.24264
0.354665
0.211582
0.0275634
0.0593548
0.0655086
0.0195898
0.0155695
0.0166214
0.132103
0.354665
0.354665
0.0571598
0.0152451
0.0188788
0.0138362
0.0319325
0.0379656
0.213355
0.360048
0.209095
0.0269141
0.030443
0.00633188
0.0224882
0.0189772
0.00863175
0.209378
0.360048
0.164944
0.0503812
0.0565408
0.0125922
0.0279026
0.0230937
0.0215722
0.136997
0.360048
0.360048
0.0569652
0.0176392
0.0178423
0.0155462
0.0188718
0.0185719
0.141204
0.360048
0.360048
0.0710689
0.0189883
0.00376505
0.0138303
0.00981576
0.00826122
0.114685
0.288606
0.0995001
0.0286456
0.0264606
0.00636603
0.14504
0.0290799
0.0705019
0.0913654
0.138085
0.0726987
0.287082
0.334007
0.334007
0.00955428
0.0111387
0.0102233
0.0751953
0.334007
0.255695
0.0356504
0.0135579
0.00240364
0.0533859
0.00479425
0.0150608
0.0536927
0.311542
0.286249
0.0743808
0.334007
0.200497
0.0933538
0.0262749
0.0469854
0.0891924
0.123216
0.0732427
0.193286
0.258883
0.258883
0.116924
0.147915
0.07198
0.125554
0.105601
0.0236982
0.0901072
0.25375
0.170199
0.0833628
0.0221236
0.0144258
0.038729
0.218031
0.24596
0.176194
0.258883
0.208982
0.258883
0.220624
0.0228251
0.0691072
0.17261
0.0896371
0.258883
0.258883
0.258883
0.0867187
0.116825
0.061102
0.102005
0.0699534
0.0173706
0.0521122
0.0928356
0.0633527
0.24503
0.24503
0.161967
0.105329
0.0856108
0.017549
0.104639
0.24503
0.24503
0.236317
0.178947
0.0194381
0.0599241
0.130384
0.0682695
0.24503
0.24503
0.24503
0.158748
0.24503
0.24503
0.233292
0.183999
0.0583726
0.174045
0.24503
0.164803
0.0192797
0.0600385
0.0591978
0.20447
0.323288
0.292352
0.102343
0.0221871
0.00708527
0.0534474
0.0666661
0.0511737
0.113961
0.323288
0.285955
0.0496401
0.0374679
0.0212207
0.00660096
0.0259779
0.0433132
0.274494
0.323288
0.323288
0.0214114
0.00826054
0
0.0172194
0.0315643
0.0661575
0.187847
0.323288
0.32089
0.00931038
0.0131313
0.000717676
0.0448695
0.0497121
0.0558548
0.162013
0.365916
0.274569
0.0467748
0.039378
0.0316956
0.0141202
0.0147844
0.0281325
0.258434
0.365916
0.233046
0.022149
0.0369069
0.0198209
0.0208959
0.0355043
0.0567483
0.177389
0.365916
0.31165
0.013665
0.0144393
0.000551708
0.0152983
0.0175363
0.0549006
0.19844
0.365916
0.209788
0.0562753
0.0366227
0.0229489
0.015439
0.0132213
0.0340384
0.296638
0.361842
0.209314
0.0319974
0.0455777
0.026399
0.0178596
0.0150411
0.0257918
0.144431
0.361842
0.305475
0.079085
0.0266446
0.0226197
0.0106178
0.0255173
0.0591481
0.177194
0.361842
0.226432
0.0503019
0.0295615
0.0186294
0.0172713
0.019405
0.0763189
0.207211
0.361842
0.269509
0.0543225
0.0213852
0.00905095
0.0229323
0.0197348
0.0282014
0.148136
0.339792
0.284407
0.0681969
0.0273175
0.0210583
0.0145041
0.0181798
0.021311
0.173364
0.339792
0.339792
0.0545867
0.0249858
0.00990558
0.0109088
0.0235864
0.0838894
0.18374
0.339792
0.279755
0.0508188
0.0204335
0.00898655
0.00236792
0.0134073
0.0248553
0.243712
0.339792
0.291544
0.0955198
0.019513
0.00730211
0.0106199
0.0150406
0.0162613
0.131691
0.313836
0.282764
0.0407908
0.0244584
0.00614139
0.0679468
0.00870695
0.0229003
0.123525
0.313836
0.313836
0.104188
0.313836
0.233174
6.06141e-05
0.0154997
0.0255205
0.181196
0.313836
0.210141
0.0610112
0.0188169
0.00758282
0.00348589
0.0140759
0.0254758
0.20086
0.313836
0.313836
0.0298967
0.0227648
0.00376571
0.0623383
0.0238852
0.0157566
0.0647398
0.254295
0.200865
0.168374
0.254295
0.19478
0.238177
0.206554
0.0180642
0.0810231
0.186909
0.0929939
0.254295
0.254295
0.254295
0.0444297
0.0123645
0.0168326
0.133883
0.254295
0.19276
0.0379627
0.108272
0.216464
0.103536
0.032308
0.0218657
0.0794027
0.250956
0.102135
0.0883574
0.254295
0.254295
0.177857
0.149752
0.0146419
0.0592139
0.116921
0.06054
0.236619
0.251706
0.251706
0.166065
0.251706
0.251706
0.251706
0.177559
0.0526602
0.109388
0.153814
0.092002
0.098222
0.0267977
0.0183938
0.0676335
0.135317
0.0695924
0.0722083
0.251706
0.251706
0.130887
0.251706
0.251706
0.251706
0.251706
0.0524886
0.0252179
0.03718
0.0214835
0.00268974
0.010467
0.0263912
0.233062
0.333621
0.333621
0.0225607
0.00285653
0
0.0054479
0.0202879
0.0567863
0.178533
0.333621
0.333621
0.0149585
0.00826167
0.000863168
0.00638707
0.00749178
0.036738
0.243096
0.333621
0.212713
0.0241514
0.00243225
0
0.00181597
0.00184018
0.0182322
0.326659
0.333621
0.163537
0.0225472
0.00493256
0
0.00863017
0.0256736
0.056815
0.180927
0.341627
0.341627
0.0261529
0.0104476
0.000549247
0.0058718
0.0167472
0.0657334
0.202329
0.341627
0.213586
0.0394862
0.023176
0.0145541
0.00287672
0.00294797
0.0169148
0.340535
0.341627
0.192957
0.0376975
0.0091424
0.00170389
0.00352308
0.000598767
0.0177464
0.341627
0.341627
0.107414
0.0373256
0.0208535
0.0073107
0.00420094
0.0261753
0.0761506
0.189969
0.343377
0.240569
0.0369225
0.0191981
0.0139382
0.00770687
0.011721
0.0825708
0.197124
0.343377
0.239967
0.0590956
0.0254809
0.00951881
0.00261837
0.00378335
0.0239572
0.334007
0.343377
0.146301
0.0353891
0.0148017
0.0078346
0.0232132
0.014787
0.12604
0.338441
0.343377
0.219857
0.0215947
0.0102315
0.0557098
0.00445887
0.0143061
0.0827476
0.174674
0.340723
0.234177
0.0493504
0.0236018
0.0110878
0.00121344
0.00606504
0.029926
0.252986
0.340723
0.301162
0.0724609
0.0159924
0.013075
0.0130505
0.0125443
0.0880252
0.247088
0.340723
0.269291
0.0187897
0.00449729
0.0329047
0.0124656
0.00753682
0.0959384
0.205192
0.340723
0.28794
0.0316003
0.0136155
0.00826171
0.000125343
0.00862292
0.0277036
0.21299
0.336076
0.246004
0.0544377
0.0171476
0.0120492
0.00362509
0.0137288
0.0226326
0.261358
0.336076
0.336076
0.0349564
0.0124434
0.00414996
0.00334286
0.0140417
0.0720215
0.172163
0.336076
0.256103
0.0297753
0.0101158
0
0.0093472
0.0267478
0.0172231
0.316585
0.336076
0.220019
0.0498894
0.0252588
0.0157094
0.0450662
0.0135561
0.0168509
0.20185
0.314173
0.234417
0.0456457
0.114877
0.241072
0.107969
0.0361165
0.0249145
0.140999
0.314173
0.185713
0.0792469
0.306385
0.314173
0.00486736
0.0244901
0.0159507
0.200559
0.314173
0.176295
0.0522073
0.0294938
0.0242288
0.00501337
0.00302081
0.0114134
0.211807
0.314173
0.192959
0.0424866
0.0624979
0.0494701
0.112084
0.0291264
0.0184305
0.136287
0.293285
0.140037
0.0728146
0.293285
0.293285
0.188596
0.293285
0.293285
0.293285
0.293285
0.0725873
0.00713129
0.0113224
0.00979002
0.00410898
0.00286423
0.0134147
0.174526
0.293285
0.154058
0.0444441
0.0573087
0.0481944
0.00599334
0.056253
0.0896375
0.249919
0.271373
0.0579714
0.02752
0.00758161
0.00538461
0.00683672
0.00796954
0.0355992
0.276589
0.32132
0.304487
0.0489949
0.00516651
0.00031097
0.00552711
0.0103636
0.0246668
0.32132
0.32132
0.231542
0.0422674
0.0136636
0.000799589
0.000460985
0.0244795
0.0665821
0.262867
0.32132
0.238537
0.0442899
0.0209564
0.013039
0.0141665
0.0300117
0.0634048
0.197621
0.32132
0.273956
0.0373664
0.0123844
0.00602456
0.00262231
0.0060672
0.0246801
0.323073
0.323073
0.211907
0.0632974
0.0176904
0.00182487
0.00124807
0.00298956
0.0363807
0.323073
0.323073
0.14623
0.0403756
0.0193578
0.011822
0.0094
0.024397
0.0490708
0.22346
0.323073
0.280014
0.0418105
0.0168634
0.00725527
0.0054935
0.0220365
0.0566905
0.245347
0.323073
0.317487
0.017698
0.00961489
0.0187974
0.000506754
0.00367567
0.0450698
0.305649
0.322765
0.155756
0.0369858
0.0114033
0.0114214
0.00872966
0.0229002
0.108925
0.301081
0.322765
0.234011
0.0205622
0.0115029
0.0246357
0.00425749
0.0131433
0.0507277
0.28214
0.322765
0.285109
0.0210944
0.0115866
0.0189568
0.0108355
0.0181898
0.030869
0.232419
0.322765
0.284471
0.0389899
0.0149973
0.0146583
0.00560317
0.0187162
0.0819834
0.227049
0.337531
0.259153
0.0219299
0.00746166
0.0148881
0.00551047
0.00319285
0.106913
0.223676
0.337531
0.337531
0.0343712
0.00862059
0.00357606
0.00732439
0.0113638
0.0351073
0.225303
0.337531
0.252396
0.039304
0.0133842
0.00843177
0.00805043
0.00494397
0.0511942
0.194395
0.337531
0.278788
0.0691081
0.0144541
0.0118214
0.00228896
0.00769132
0.0916165
0.21183
0.329679
0.329679
0.0445747
0.00810039
0
0.00868373
0.0215589
0.0217302
0.329679
0.329679
0.30763
0.0574496
0.0263142
0.0116836
0.00498411
0.00702001
0.0492811
0.166044
0.329679
0.257106
0.0581193
0.016581
0.00694841
0.00863461
0.0141224
0.0486343
0.257995
0.329679
0.152277
0.0178625
0.00738613
0.00825295
0.00407438
0.0218696
0.0187837
0.249998
0.357597
0.279698
0.0793835
0.0131289
0.00406638
0.0015771
0.00453243
0.0124692
0.320571
0.357597
0.334854
0.0770807
0.0126236
0.00408006
0.00399543
0.0145698
0.0414928
0.18692
0.357597
0.116465
0.0181238
0.00670329
0.00557193
0.00185022
0.00245262
0.0135372
0.19806
0.357597
0.16931
0.0157209
0.00627961
0.00333751
0.000817846
0.00349765
0.0166415
0.347243
0.347243
0.347243
0.107445
0.0101653
0.00162276
0.00966975
0.0452292
0.0810885
0.347243
0.347243
0.10371
0.0433267
0.0138292
0.0118844
0.00170456
0.0043901
0.0170965
0.184937
0.347243
0.176705
0.0247496
0.00693384
0.00270461
0.00161055
0.00503545
0.0266503
0.184402
0.347243
0.144978
0.0121057
0.00259651
0.00324939
0.000463936
0.0239996
0.0578688
0.276529
0.301479
0.301479
0.0497697
0.0191001
0.0101402
0.0188066
0.0395744
0.0569076
0.21398
0.301479
0.301479
0.0423252
0.0202512
0.00545712
0.0225016
0.0275816
0.116975
0.301479
0.301479
0.258253
0.0998521
0.00643971
0.00188544
0.00373454
0.00992446
0.0598187
0.258644
0.301479
0.250471
0.0468938
0.0067758
0.00542336
0.0124183
0.0306017
0.0526325
0.278401
0.305177
0.305177
0.0587251
0.0286771
0.00829277
0.0068944
0.0279994
0.0799612
0.293526
0.305177
0.29347
0.0346537
0.0167467
0.0325355
0.00833434
0.0117283
0.0465269
0.258447
0.305177
0.27003
0.0441455
0.010449
0.00705666
0.0125799
0.0123458
0.0265941
0.25143
0.305177
0.234932
0.0463876
0.0283527
0.00228365
0.00443948
0.0153331
0.0832536
0.2976
0.2976
0.27856
0.0425651
0.0186776
0.0344347
0.00543629
0.0422451
0.0372519
0.2976
0.2976
0.2976
0.0455763
0.0200571
0.00315636
0.0211229
0.0139333
0.0244646
0.273946
0.2976
0.236884
0.0385289
0.0285468
0.0106975
0.0242558
0.0233613
0.028549
0.2976
0.2976
0.241905
0.0438724
0.0148826
0.0151577
0.00587687
0.0303468
0.0519739
0.296655
0.296655
0.267421
0.0571581
0.0205769
0.00316909
0.00648043
0.00855869
0.0877707
0.296655
0.296655
0.296655
0.10221
0.0218393
0.00807604
0.0256633
0.0177637
0.0309428
0.292978
0.296655
0.229131
0.0355066
0.0140438
0.0206274
0.00415782
0.0304535
0.033574
0.275809
0.296655
0.254496
0.0328317
0.011747
0.00337701
0.00736294
0.00945576
0.0937887
0.292742
0.315566
0.315566
0.108445
0.0289404
0.00808055
0.0129096
0.0191
0.0814462
0.299702
0.315566
0.268757
0.040161
0.015017
0.00614966
0.0029867
0.0220368
0.0437752
0.260146
0.315566
0.230681
0.0318276
0.0173148
0.00703873
0.00166157
0.023729
0.0717344
0.231045
0.315566
0.194516
0.0398223
0.0174292
0.0146586
0.00893098
0.0235414
0.0829565
0.295061
0.325678
0.257204
0.0569517
0.0153953
0.00766105
0.00520302
0.0104959
0.0347748
0.316389
0.325678
0.325678
0.04719
0.0174042
0.0106847
0.00137726
0.0205145
0.0790635
0.200734
0.325678
0.192009
0.0512704
0.0188981
0.0179406
0.00948327
0.0395135
0.0483913
0.175614
0.325678
0.271932
0.072981
0.00620105
0.00433738
0.00530297
0.0164403
0.0389412
0.275805
0.323531
0.323531
0.0647837
0.0170415
0.00951957
0.00275146
0.0154237
0.0603515
0.273678
0.323531
0.30915
0.0280056
0.00633594
0.0092813
0.00618503
0.0351501
0.0580545
0.176242
0.323531
0.241963
0.0701973
0.00623892
0.00362712
0.00186501
0.0334458
0.0382586
0.214842
0.323531
0.261511
0.0504013
0.00158442
0.000156843
0.0260571
0.0256691
0.11503
0.29251
0.29251
0.29251
0.0789341
0.00816059
0.00971321
0.00663185
0.0122551
0.0647837
0.29251
0.29251
0.277924
0.0545373
0.0152724
0.00659914
0.0223355
0.0158772
0.13758
0.261931
0.29251
0.253527
0.0711298
0.0344666
0.0242796
0.00450401
0.0196897
0.0753383
0.236711
0.29251
0.258636
0.0709843
0.0297744
0.0297696
0.0109233
0.0134334
0.0619069
0.298765
0.298765
0.298765
0.0608434
0.0227558
0.00813789
0.0147674
0.0174618
0.048536
0.298765
0.298765
0.218866
0.0601094
0.0240905
0.00245078
0.0048912
0.0220455
0.0715267
0.266464
0.298765
0.298344
0.0760446
0.0305925
0.0198469
0.00355668
0.0318422
0.104954
0.206547
0.298765
0.275066
0.0876075
0.0282607
0.0137464
0.0217953
0.0172635
0.0471174
0.298613
0.298613
0.233238
0.0488543
0.0234567
0.014043
0.0240631
0.037593
0.0404969
0.298613
0.298613
0.261735
0.042136
0.0161685
0.022296
0.00613777
0.0298432
0.0916144
0.235618
0.298613
0.298613
0.0827472
0.0229115
0.00999627
0.021496
0.0414716
0.117541
0.264701
0.298613
0.275136
0.0775452
0.0225778
0.0041387
0.0235444
0.0276533
0.0445171
0.288549
0.288549
0.260508
0.0385801
0.0164347
0.0302969
0.00596528
0.0346657
0.0409573
0.288549
0.288549
0.287864
0.0678101
0.0162566
0.00191755
0.0151854
0.031191
0.118296
0.279095
0.288549
0.283798
0.0732664
0.0203412
0.00237176
0.0113701
0.0427255
0.0818828
0.288549
0.288549
0.24147
0.0756223
0.0239241
0.00309057
0.00526806
0.0294018
0.0547166
0.297357
0.297357
0.276
0.0734245
0.0240302
0.00961492
0.00219552
0.0410379
0.0789076
0.25711
0.297357
0.297357
0.10031
0.026647
0.0163806
0.00871192
0.0286625
0.0989423
0.297357
0.297357
0.250373
0.0778035
0.027341
0.00611415
0.0109316
0.0351336
0.0675543
0.237639
0.297357
0.246984
0.0762961
0.0163379
0.0133624
0.00248061
0.0369517
0.086347
0.23017
0.30471
0.30471
0.109123
0.0277734
0.0227997
0.0120532
0.0551793
0.0766997
0.217466
0.30471
0.30471
0.0953531
0.0158538
0.00991003
0.0128053
0.0213057
0.0770885
0.22116
0.30471
0.253674
0.0689515
0.0124601
0.0159024
0.0011611
0.0217705
0.0900877
0.273445
0.30471
0.272607
0.137543
0.0227419
0.00127831
0.00868868
0.0520456
0.0870156
0.218257
0.30482
0.30482
0.105864
0.0137942
0.0082425
0.0138524
0.0587216
0.0580957
0.264469
0.30482
0.30482
0.0765205
0.00493762
0.000416912
0.000521408
0.0146474
0.0792112
0.24454
0.30482
0.26653
0.0968924
0.0159092
0.000607245
0.0138747
0.0183209
0.0538808
0.20416
0.30482
0.30482
0.0688518
0.0211713
0.00521155
0.028204
0.0234076
0.168943
0.270713
0.270713
0.270713
0.0801571
0.0458278
0.0434158
0.0104617
0.0547096
0.117812
0.270713
0.270713
0.269546
0.0899319
0.0468634
0.0248232
0.0063442
0.0338414
0.132155
0.270713
0.270713
0.270713
0.116345
0.0290772
0.0193028
0.00238414
0.051761
0.0884996
0.231694
0.270713
0.270713
0.16633
0.0233905
0.0222475
0.00950022
0.0509998
0.113012
0.276726
0.276726
0.276726
0.0938694
0.0495801
0.0147536
0.00724924
0.0414508
0.11067
0.276726
0.276726
0.276726
0.105466
0.0179875
0.0128899
0.00416537
0.048143
0.0999237
0.254826
0.276726
0.275099
0.162447
0.0267189
0.0248012
0.0327411
0.0308895
0.0600544
0.258056
0.276726
0.276726
0.0601281
0.0194526
0.0367059
0.00952324
0.0309702
0.081577
0.280339
0.280339
0.280339
0.0891523
0.012583
0.0111489
0.0199523
0.040769
0.0951427
0.262542
0.280339
0.280339
0.072811
0.0240864
0.0125537
0.0303216
0.0231645
0.0853446
0.280339
0.280339
0.280339
0.0705514
0.0262216
0.044374
0.0153466
0.0141345
0.106193
0.280339
0.280339
0.280339
0.0495095
0.0470305
0.0272859
0.0132969
0.0310663
0.0984581
0.273618
0.273618
0.273618
0.0707397
0.0228397
0.00828339
0.0106316
0.0297492
0.0784968
0.273618
0.273618
0.273618
0.108076
0.0217546
0.00397521
0.0112717
0.0161912
0.143111
0.273618
0.273618
0.273618
0.0712941
0.0385297
0.0228765
0.0088841
0.0171258
0.161223
0.273618
0.273618
0.273618
0.0999921
0.0345551
0.0178613
0.00715053
0.0242173
0.0914802
0.278694
0.278694
0.278694
0.107928
0.0225051
0.00441887
0.00968592
0.0428805
0.076286
0.276916
0.278694
0.278694
0.130892
0.0218302
0.0120045
0.00821599
0.0187471
0.148464
0.278694
0.278694
0.278694
0.105689
0.0225574
0.00803458
0.00493513
0.00865205
0.0694255
0.278694
0.278694
0.23852
0.0569719
0.025301
0.00519647
0.0108336
0.0289136
0.0792937
0.259856
0.296441
0.296441
0.109453
0.014363
0.014638
0.00122683
0.0258936
0.121345
0.296441
0.296441
0.246546
0.116449
0.0305554
0.00570032
0.00750628
0.00673633
0.066298
0.296441
0.296441
0.219587
0.0790057
0.0220229
0.00675347
0.023186
0.023262
0.0792083
0.264542
0.296441
0.256074
0.0631086
0.018175
0.0165227
0.00114554
0.0195543
0.107884
0.288113
0.288113
0.272715
0.0994977
0.0222127
0.00442404
0.0287326
0.0371806
0.0863126
0.243021
0.288113
0.288113
0.0788011
0.0217257
0.00523856
0.0212968
0.0149801
0.101058
0.273002
0.288113
0.25677
0.0907467
0.0290728
0.0182874
0.013353
0.0150798
0.109171
0.254125
0.288113
0.288113
0.0806595
0.0501412
0.00346247
0.0199175
0.0474094
0.13836
0.271091
0.271091
0.271091
0.137656
0.0741987
0.0305403
0.00670448
0.0912503
0.118472
0.271091
0.271091
0.246558
0.144053
0.0275614
0.0160434
0.0326249
0.0234321
0.0764465
0.271091
0.271091
0.271091
0.13173
0.0828011
0.0166417
0.00966523
0.0598781
0.053927
0.257258
0.271091
0.271091
0.0897735
0.0133467
0.00286105
0.00635689
0.0764453
0.117734
0.288086
0.288086
0.221871
0.126076
0.028228
0.0172299
0.0222779
0.0352704
0.0458429
0.288086
0.288086
0.288086
0.0596517
0.0182251
0.0328682
0.00387318
0.0391805
0.0623031
0.288086
0.288086
0.288086
0.0764367
0.0127122
0.00755693
0.0182326
0.0449528
0.0465201
0.225386
0.288086
0.288086
0.0824664
0.0372552
0.0171462
0.0231026
0.0215806
0.0571492
0.279314
0.279314
0.279314
0.0638159
0.0257607
0.0415882
0.0361161
0.0202827
0.0709571
0.279314
0.279314
0.279314
0.0582997
0.0347512
0.0394576
0.0116925
0.0266153
0.0761328
0.266143
0.279314
0.279314
0.0857705
0.0358126
0.0206323
0.0685452
0.0481186
0.118934
0.279314
0.279314
0.279314
0.0914872
0.0394063
0.0236116
0.0176564
0.0177786
0.068796
0.25111
0.293914
0.197077
0.0494335
0.0213514
0.0227095
0.0110372
0.0409883
0.108307
0.254573
0.293914
0.276779
0.0816119
0.0411408
0.0150217
0.0301154
0.0457591
0.0964625
0.244549
0.286153
0.245518
0.0712333
0.0281088
0.0149645
0.0266903
0.199325
0.108265
0.277228
0.293914
0.293914
0.152144
0.0841952
0.025405
0.00937632
0.0408749
0.102416
0.26078
0.291096
0.277533
0.0845327
0.0300095
0.0231403
0.00953621
0.0505646
0.0767326
0.22798
0.291096
0.203039
0.0593363
0.0442267
0.051164
0.0184211
0.147485
0.113271
0.286851
0.291096
0.291096
0.165361
0.0668415
0.0473926
0.0261963
0.124149
0.0981102
0.255233
0.291096
0.144919
0.0880258
0.109471
0.13326
0.0128965
0.0442408
0.0931629
0.266723
0.270188
0.23016
0.0781078
0.0419936
0.0632091
0.0137993
0.0434521
0.128491
0.236916
0.270188
0.260525
0.0675962
0.0319102
0.0309712
0.024613
0.101914
0.154211
0.270188
0.270188
0.226511
0.0865825
0.101351
0.142417
0.00698465
0.0820561
0.210188
0.270188
0.270188
0.270188
0.0971646
0.0747575
0.0543382
0.0140742
0.048216
0.149617
0.249435
0.276393
0.276393
0.0907569
0.0348321
0.02141
0.00936696
0.018407
0.119118
0.262781
0.276393
0.263188
0.0629414
0.0310316
0.00813654
0.00821564
0.119576
0.218954
0.259873
0.276393
0.276393
0.0882906
0.0693888
0.0335991
0.00958015
0.0290657
0.0791393
0.236626
0.276393
0.274247
0.0555536
0.0328896
0.0229884
