0.0747753
0.131307
0.150494
0.266197
0.282682
0.154841
0.137642
0.192846
0.125007
0.0788983
0.0629955
0.0843002
0.23815
0.282682
0.215395
0.0876751
0.12953
0.156031
0.100496
0.169357
0.243955
0.193801
0.195234
0.16107
0.233719
0.161537
0.114405
0.0627675
0.128532
0.143021
0.197786
0.177285
0.102614
0.142972
0.129731
0.0767779
0.0932308
0.114307
0.126987
0.25397
0.29023
0.29023
0.0905284
0.185161
0.137852
0.116742
0.182536
0.14585
0.24159
0.29023
0.157002
0.099399
0.0918383
0.119269
0.0601864
0.126285
0.179635
0.215624
0.179423
0.122343
0.175142
0.135651
0.118474
0.168939
0.151281
0.0895121
0.159652
0.251623
0.0850157
0.11119
0.0876466
0.124649
0.0820309
0.190993
0.158088
0.24633
0.315277
0.182993
0.0886506
0.0792559
0.0933622
0.0605745
0.0953472
0.147046
0.315277
0.315277
0.1911
0.15567
0.0624809
0.119726
0.125006
0.110604
0.0867758
0.149871
0.239323
0.0872425
0.122137
0.105263
0.160371
0.100128
0.176971
0.169662
0.126467
0.209816
0.120088
0.144769
0.127454
0.216751
0.0390093
0.0635194
0.101235
0.252334
0.287206
0.197661
0.127564
0.082187
0.137579
0.0959138
0.195956
0.225001
0.264436
0.287206
0.195864
0.115722
0.143882
0.114885
0.0643365
0.11874
0.126329
0.125661
0.167008
0.120436
0.138064
0.115789
0.192876
0.0981265
0.0869729
0.227732
0.205413
0.200263
0.125294
0.164545
0.153361
0.20252
0.0782929
0.122771
0.162399
0.223957
0.24405
0.184015
0.105758
0.16538
0.12491
0.12571
0.217014
0.103887
0.170133
0.24405
0.24405
0.115428
0.211421
0.24405
0.082475
0.096582
0.179517
0.200307
0.20053
0.105144
0.121691
0.10589
0.15551
0.114107
0.197655
0.122
0.123111
0.205075
0.101687
0.10814
0.222204
0.172692
0.14752
0.178995
0.152842
0.242865
0.249401
0.249401
0.158592
0.249401
0.249401
0.0571703
0.138326
0.127772
0.249401
0.249401
0.113794
0.162964
0.103428
0.106779
0.113035
0.210172
0.126078
0.164871
0.249401
0.102637
0.116918
0.221087
0.182545
0.0923054
0.128009
0.0976259
0.0949462
0.116571
0.079621
0.0751243
0.098678
0.133305
0.10402
0.179184
0.214312
0.265588
0.265588
0.181115
0.168322
0.127755
0.101437
0.14627
0.202465
0.137517
0.179434
0.265588
0.215129
0.22783
0.169034
0.15806
0.120936
0.190303
0.146941
0.124872
0.124104
0.0862965
0.0852754
0.110148
0.137961
0.0779203
0.145717
0.198317
0.154605
0.145946
0.138154
0.153112
0.152228
0.140347
0.118234
0.183633
0.212434
0.20099
0.212434
0.170567
0.181048
0.198779
0.107646
0.0583655
0.114058
0.150945
0.199753
0.212278
0.128969
0.133637
0.143278
0.0725156
0.167899
0.212434
0.212434
0.131311
0.203092
0.151235
0.188705
0.212434
0.14276
0.0893872
0.0955545
0.142559
0.074308
0.158008
0.202788
0.175847
0.195452
0.212434
0.0678835
0.11828
0.181775
0.215468
0.215468
0.166653
0.192634
0.176212
0.13104
0.215468
0.199511
0.102604
0.205425
0.215468
0.0863615
0.0945192
0.115542
0.145559
0.101592
0.141667
0.198342
0.119926
0.179874
0.215468
0.202167
0.215468
0.197726
0.0406756
0.215468
0.196478
0.174893
0.208137
0.145504
0.107172
0.141556
0.0592651
0.177718
0.148905
0.0820563
0.172146
0.210579
0.111023
0.11091
0.127109
0.183011
0.129633
0.210537
0.199639
0.200565
0.210579
0.156485
0.182501
0.132522
0.210579
0.0242099
0.210579
0.210579
0.17199
0.210579
0.125112
0.117452
0.19532
0.0346284
0.0586327
0.210579
0.186784
0.210579
0.210579
0.154376
0.13428
0.150836
0.134286
0.073948
0.142179
0.140599
0.15083
0.19113
0.160134
0.16623
0.132881
0.214571
0.110023
0.103742
0.214571
0.214571
0.214571
0.123978
0.173348
0.159213
0.177464
0.0576976
0.193573
0.181028
0.173319
0.214571
0.137268
0.115983
0.153349
0.108906
0.148457
0.178854
0.173708
0.202761
0.214571
0.210003
0.0536051
0.182621
0.214571
0.108983
0.131184
0.212621
0.212621
0.212621
0.113857
0.132087
0.138246
0.178691
0.172535
0.212621
0.165808
0.126372
0.212621
0.135559
0.130559
0.212621
0.212621
0.145935
0.181083
0.136913
0.161194
0.212621
0.168425
0.0639704
0.178837
0.194088
0.0890834
0.0875164
0.0964516
0.098484
0.174662
0.212621
0.194053
0.212621
0.15825
0.174308
0.219586
0.161471
0.150699
0.219586
0.12885
0.127062
0.219586
0.219586
0.115395
0.147029
0.120011
0.116081
0.165847
0.103751
0.0927208
0.0952697
0.155647
0.148545
0.144632
0.135201
0.156324
0.219586
0.218687
0.203949
0.219586
0.144104
0.163747
0.139352
0.13454
0.132427
0.219586
0.0884092
0.21662
0.205985
0.180705
0.131682
0.210468
0.169168
0.146845
0.172557
0.108711
0.100862
0.106041
0.14854
0.0767227
0.136042
0.215736
0.184759
0.155973
0.162695
0.178211
0.1472
0.131589
0.215736
0.215736
0.215736
0.215736
0.215736
0.0859015
0.185567
0.139893
0.155049
0.105808
0.164639
0.166153
0.201989
0.200932
0.184093
0.208524
0.136114
0.124013
0.161382
0.210443
0.210443
0.13085
0.210443
0.149129
0.169427
0.210443
0.140195
0.0896827
0.0904742
0.164471
0.0730107
0.177092
0.210443
0.207122
0.182426
0.192978
0.0999293
0.209316
0.147356
0.19042
0.180047
0.123003
0.183844
0.210443
0.178621
0.0526122
0.114051
0.138114
0.194119
0.18113
0.210443
0.160972
0.0892192
0.136391
0.0980962
0.12266
0.200621
0.102707
0.180127
0.210525
0.210525
0.210525
0.157231
0.0498601
0.210525
0.192679
0.192265
0.186537
0.165407
0.136369
0.130612
0.0471103
0.0769864
0.142438
0.177887
0.210525
0.178866
0.210525
0.177703
0.110521
0.137039
0.136229
0.210525
0.191312
0.200269
0.207758
0.138235
0.125635
0.127855
0.196005
0.04409
0.213496
0.204162
0.174428
0.191468
0.152673
0.132417
0.166431
0.0309462
0.0742324
0.193267
0.168377
0.213496
0.213496
0.176273
0.155072
0.120761
0.100176
0.143391
0.213496
0.182884
0.213496
0.194202
0.125513
0.117665
0.116995
0.204283
0.213496
0.210313
0.114774
0.213496
0.213496
0.143352
0.0878332
0.115078
0.168941
0.0798142
0.170073
0.154493
0.166619
0.225145
0.143178
0.11848
0.129459
0.0942914
0.138516
0.140793
0.17634
0.220898
0.225145
0.182172
0.0493522
0.174757
0.194737
0.170654
0.172394
0.101942
0.215196
0.225145
0.130943
0.0825335
0.0924684
0.158218
0.112519
0.200799
0.211983
0.225145
0.225145
0.225145
0.14681
0.11686
0.139814
0.149317
0.171914
0.156664
0.182875
0.221723
0.157228
0.0635635
0.205488
0.197618
0.102098
0.0868903
0.154698
0.122064
0.178654
0.221723
0.192281
0.209821
0.187742
0.117027
0.221723
0.192335
0.198207
0.221723
0.221723
0.154518
0.109356
0.177689
0.0864212
0.110043
0.142073
0.0817646
0.125783
0.11853
0.123628
0.176652
0.221723
0.15042
0.154032
0.170704
0.164959
0.213542
0.197554
0.184579
0.213542
0.170573
0.161863
0.171628
0.160811
0.149673
0.213542
0.11285
0.20349
0.154694
0.165019
0.129654
0.177965
0.143061
0.0878831
0.170533
0.0970642
0.119454
0.160494
0.213542
0.172231
0.213542
0.151756
0.143868
0.213542
0.13447
0.14927
0.164235
0.12787
0.217108
0.217108
0.217108
0.217108
0.217108
0.0951597
0.187068
0.133044
0.136917
0.103069
0.165904
0.190433
0.21405
0.215922
0.154319
0.185906
0.116112
0.127468
0.20191
0.217108
0.171051
0.18593
0.217108
0.131597
0.128943
0.141631
0.105945
0.157542
0.193081
0.0765346
0.128067
0.144345
0.137943
0.169594
0.0701189
0.0828801
0.096727
0.167408
0.201228
0.214092
0.220154
0.141468
0.220154
0.220154
0.163515
0.0536484
0.112022
0.12923
0.202154
0.220154
0.220154
0.220154
0.108796
0.130668
0.119926
0.163687
0.220154
0.159748
0.157165
0.109654
0.220154
0.165115
0.117104
0.0353293
0.126649
0.104694
0.14507
0.220154
0.167828
0.154006
0.184123
0.109316
0.0745496
0.139776
0.160982
0.204607
0.213348
0.213348
0.213348
0.12369
0.131976
0.139336
0.213348
0.213348
0.190634
0.212919
0.20868
0.213348
0.136906
0.169926
0.0401233
0.129053
0.103402
0.136572
0.213348
0.213348
0.211732
0.167875
0.129487
0.103269
0.10405
0.0864309
0.101527
0.163944
0.213348
0.156736
0.130047
0.165783
0.149035
0.213193
0.186757
0.19825
0.169609
0.177251
0.17787
0.131141
0.165401
0.213193
0.200222
0.119038
0.195196
0.213193
0.145089
0.154246
0.110477
0.138335
0.101858
0.0926658
0.0952612
0.120725
0.171185
0.209447
0.132737
0.100192
0.128657
0.106321
0.203718
0.188033
0.200745
0.213193
0.213193
0.213193
0.152444
0.11952
0.201875
0.183904
0.11111
0.1963
0.213018
0.120948
0.125388
0.102012
0.141415
0.112276
0.202187
0.213018
0.213018
0.213018
0.213018
0.144354
0.162058
0.168479
0.104332
0.164262
0.17261
0.213018
0.213018
0.213018
0.20141
0.12298
0.0977458
0.0788758
0.169537
0.146174
0.136798
0.133513
0.167817
0.17832
0.175195
0.0733162
0.12502
0.22513
0.22513
0.22513
0.22513
0.22513
0.17322
0.187518
0.22513
0.101086
0.135135
0.215811
0.117269
0.131962
0.133808
0.143825
0.19276
0.22513
0.0896233
0.189758
0.187409
0.184337
0.157429
0.167468
0.1692
0.212726
0.106825
0.0504488
0.0981433
0.105333
0.124419
0.10154
0.156586
0.101538
0.153084
0.154466
0.133621
0.218277
0.202958
0.13466
0.188853
0.117718
0.138428
0.185931
0.218277
0.205391
0.218277
0.199296
0.218277
0.218277
0.166353
0.137935
0.192687
0.132817
0.0485932
0.133714
0.119172
0.140157
0.119333
0.149682
0.139439
0.11381
0.126049
0.0722931
0.218277
0.218277
0.16001
0.213683
0.0838233
0.170662
0.196685
0.111063
0.210766
0.212571
0.194604
0.212571
0.212571
0.14505
0.134974
0.193673
0.105044
0.170657
0.212571
0.107667
0.167253
0.212571
0.151927
0.153433
0.0856924
0.131015
0.0892186
0.212571
0.212571
0.170107
0.19912
0.0967642
0.212571
0.155444
0.114277
0.0938216
0.144325
0.0898467
0.11205
0.212571
0.19495
0.160225
0.176821
0.122769
0.136933
0.150417
0.204872
0.144846
0.17361
0.140566
0.216318
0.190572
0.0922496
0.028611
0.136565
0.113014
0.111122
0.216318
0.149918
0.200299
0.191856
0.101422
0.120305
0.216318
0.138429
0.119199
0.209616
0.216318
0.216318
0.199193
0.136378
0.11932
0.216318
0.197536
0.10911
0.186567
0.12938
0.215202
0.193427
0.124132
0.0305627
0.152255
0.132161
0.118244
0.227697
0.212609
0.227697
0.227697
0.134588
0.0933662
0.104259
0.118379
0.0953418
0.142329
0.227697
0.200722
0.149035
0.175969
0.135588
0.227697
0.227697
0.10718
0.153014
0.152757
0.227697
0.227697
0.169207
0.109247
0.122368
0.118911
0.0897068
0.124124
0.207239
0.144487
0.156569
0.227697
0.123845
0.107174
0.132422
0.120884
0.160668
0.221923
0.188112
0.157656
0.155091
0.147779
0.221923
0.221923
0.221923
0.221923
0.221923
0.221923
0.177414
0.129256
0.110235
0.150414
0.150806
0.106173
0.13827
0.17775
0.138812
0.125548
0.221923
0.133954
0.135812
0.139417
0.173613
0.221923
0.168025
0.114284
0.141313
0.126019
0.133523
0.209749
0.205002
0.209749
0.209749
0.202436
0.209749
0.163265
0.105261
0.0864131
0.209749
0.140599
0.142407
0.184698
0.154828
0.196691
0.209749
0.110196
0.112054
0.14487
0.166973
0.173246
0.209749
0.105294
0.0889502
0.0997476
0.10741
0.166733
0.142327
0.135621
0.209749
0.209749
0.121568
0.088914
0.209749
0.209749
0.0874342
0.215212
0.183207
0.186126
0.189045
0.160158
0.181009
0.215212
0.151908
0.0746053
0.133872
0.114566
0.144785
0.119424
0.183508
0.101536
0.149314
0.159836
0.197083
0.20333
0.215212
0.215212
0.215212
0.126603
0.092794
0.193185
0.215212
0.215212
0.151628
0.128622
0.133995
0.190489
0.131532
0.0936322
0.169831
0.167959
0.0624032
0.178488
0.137119
0.17877
0.145386
0.189722
0.142673
0.123532
0.146067
0.0888418
0.21492
0.21492
0.21492
0.21492
0.0814004
0.162268
0.21492
0.133106
0.150425
0.148807
0.169247
0.170149
0.21492
0.138206
0.14843
0.207408
0.21492
0.113777
0.181412
0.132038
0.116438
0.21492
0.124396
0.105096
0.21492
0.187714
0.0912793
0.216213
0.216213
0.216213
0.216213
0.101116
0.216213
0.21444
0.15081
0.123103
0.181001
0.111448
0.141268
0.216213
0.216213
0.171336
0.204636
0.174487
0.0801355
0.171487
0.161875
0.151654
0.216213
0.106101
0.157958
0.216213
0.216213
0.0500878
0.105986
0.0896245
0.131343
0.168882
0.0926525
0.126299
0.186484
0.123154
0.152584
0.2228
0.122134
0.13414
0.191614
0.221109
0.2228
0.222339
0.133798
0.102613
0.2228
0.21311
0.125062
0.153958
0.140938
0.2228
0.169263
0.114468
0.0953265
0.168091
0.164257
0.172243
0.2228
0.168904
0.158776
0.140083
0.112196
0.0902811
0.205758
0.13809
0.176521
0.2228
0.116496
0.119022
0.102753
0.131038
0.110853
0.240313
0.240313
0.126267
0.12675
0.148727
0.240313
0.240313
0.169639
0.0934121
0.111945
0.141785
0.101064
0.108605
0.216842
0.143622
0.157088
0.240313
0.104636
0.22045
0.140633
0.207647
0.240313
0.139846
0.16125
0.146048
0.210071
0.094003
0.114582
0.121906
0.118884
0.157616
0.115171
0.110594
0.176453
0.191613
0.11964
0.160504
0.182274
0.123302
0.126524
0.21169
0.158388
0.16149
0.21169
0.15573
0.182795
0.164701
0.183713
0.21169
0.172735
0.0962931
0.147636
0.158892
0.112566
0.141619
0.151422
0.147616
0.158064
0.129126
0.126354
0.21169
0.21169
0.122363
0.21169
0.21169
0.167874
0.209415
0.159878
0.145161
0.189161
0.146444
0.149772
0.202969
0.175422
0.174498
0.21143
0.133374
0.097341
0.129509
0.15594
0.159247
0.161733
0.171053
0.21143
0.21143
0.174375
0.115364
0.209638
0.21143
0.0989788
0.192472
0.21143
0.18355
0.173138
0.163024
0.111576
0.138852
0.15832
0.0891628
0.149443
0.183008
0.210637
0.130664
0.152324
0.202848
0.129922
0.120482
0.181943
0.211577
0.213288
0.213288
0.213288
0.183125
0.124171
0.206023
0.213288
0.186189
0.167606
0.141894
0.157132
0.196398
0.15505
0.106846
0.165474
0.169446
0.0716529
0.144101
0.213288
0.213288
0.168343
0.176989
0.18939
0.13136
0.159661
0.122521
0.0883229
0.158873
0.110326
0.176846
0.120077
0.108735
0.136469
0.139764
0.157381
0.188384
0.195527
0.215913
0.215913
0.160295
0.157415
0.211303
0.215913
0.12978
0.19913
0.135198
0.161043
0.215913
0.147196
0.119373
0.215913
0.1904
0.0945742
0.103675
0.204337
0.14005
0.215913
0.106149
0.130852
0.16926
0.179521
0.0609427
0.146382
0.172731
0.160058
0.215913
0.0782488
0.132123
0.141252
0.112816
0.1058
0.207815
0.168355
0.21816
0.221229
0.12404
0.170301
0.221229
0.221229
0.0700154
0.143035
0.114937
0.172049
0.206006
0.108791
0.16429
0.221229
0.15242
0.039044
0.132538
0.198519
0.190014
0.221229
0.0670013
0.175068
0.172922
0.149224
0.0342426
0.0939189
0.202996
0.160134
0.221229
0.140413
0.195487
0.0851752
0.187157
0.123448
0.18891
0.181177
0.194446
0.229896
0.17512
0.178657
0.153429
0.126137
0.0954537
0.229896
0.158852
0.19479
0.229896
0.153436
0.150435
0.0737949
0.126769
0.135878
0.135849
0.105679
0.152719
0.229896
0.229896
0.126538
0.129576
0.160626
0.0445551
0.141902
0.229896
0.222239
0.188941
0.115067
0.097969
0.184412
0.158887
0.0924179
0.2261
0.134218
0.193651
0.228529
0.152916
0.185983
0.111162
0.171771
0.0737204
0.129629
0.101565
0.149368
0.173102
0.133234
0.144839
0.170772
0.159925
0.0316716
0.156317
0.228529
0.228529
0.228529
0.0878834
0.125954
0.204973
0.202927
0.0884653
0.145926
0.146853
0.228529
0.228529
0.148803
0.143123
0.12481
0.228529
0.0831825
0.144713
0.117899
0.147073
0.148572
0.132047
0.143973
0.186581
0.193373
0.112282
0.21284
0.183338
0.17807
0.193099
0.182348
0.137256
0.128774
0.169525
0.0776139
0.183227
0.151484
0.21284
0.21284
0.154689
0.167792
0.149553
0.21284
0.0705852
0.174544
0.21284
0.183219
0.21284
0.147921
0.13595
0.167506
0.21284
0.126351
0.209077
0.209077
0.202336
0.186064
0.209077
0.130937
0.126287
0.200261
0.0978445
0.130533
0.202135
0.209077
0.147115
0.124015
0.188846
0.118553
0.104967
0.0870115
0.209077
0.209077
0.162081
0.209077
0.169656
0.16538
0.14754
0.209077
0.125534
0.139903
0.100293
0.209077
0.209077
0.185615
0.106514
0.117771
0.126949
0.109331
0.141196
0.214158
0.214158
0.202238
0.182947
0.214158
0.171644
0.166878
0.0992011
0.0831421
0.181103
0.126352
0.174622
0.146601
0.138048
0.200216
0.170055
0.166931
0.194738
0.156294
0.214158
0.214158
0.214158
0.175376
0.136871
0.123054
0.0963117
0.0891346
0.175277
0.118064
0.190092
0.157134
0.0824998
0.159558
0.214158
0.0890079
0.117708
0.213644
0.173754
0.213644
0.133604
0.149418
0.213644
0.189065
0.0776282
0.162429
0.202369
0.213644
0.213644
0.123618
0.14225
0.124539
0.0861296
0.11456
0.109404
0.197333
0.128724
0.213644
0.213644
0.11325
0.1837
0.213644
0.13923
0.209318
0.14029
0.172347
0.213644
0.166614
0.0765665
0.151137
0.182443
0.0543853
0.134475
0.186389
0.226623
0.226623
0.100484
0.152763
0.121049
0.0879545
0.0555938
0.0836866
0.154266
0.168358
0.226623
0.141958
0.196653
0.118835
0.19046
0.0999297
0.186966
0.169063
0.168197
0.226623
0.196128
0.0884221
0.160352
0.142542
0.131026
0.226623
0.207768
0.226623
0.226623
0.226623
0.133406
0.159268
0.0918906
0.160183
0.182423
0.0865935
0.132344
0.211205
0.211205
0.114802
0.148685
0.20899
0.0609265
0.161373
0.211205
0.181233
0.157185
0.128198
0.109272
0.141155
0.155263
0.140692
0.187892
0.125576
0.198381
0.211205
0.207261
0.173643
0.203039
0.211205
0.114109
0.108469
0.211205
0.206709
0.137127
0.134554
0.0992901
0.162123
0.211205
0.0391005
0.143179
0.184985
0.18884
0.195904
0.0976657
0.127667
0.17266
0.165629
0.0894087
0.133563
0.118611
0.225359
0.225359
0.142157
0.158601
0.113308
0.186942
0.108542
0.109497
0.215187
0.225359
0.225359
0.115309
0.088484
0.16036
0.213969
0.195652
0.167234
0.196946
0.225359
0.225359
0.117267
0.0994846
0.0817825
0.225359
0.0815144
0.156521
0.134245
0.228727
0.228727
0.131417
0.17664
0.141828
0.201734
0.0797987
0.156122
0.186149
0.204827
0.228727
0.148607
0.160531
0.146375
0.195779
0.179971
0.181684
0.177152
0.228727
0.228727
0.088807
0.0762845
0.0704338
0.228727
0.129552
0.119016
0.172305
0.145622
0.179396
0.133445
0.1456
0.176977
0.113559
0.114376
0.210602
0.210602
0.19985
0.210602
0.178501
0.205496
0.173667
0.210602
0.127242
0.133886
0.144434
0.210602
0.210602
0.14586
0.0969952
0.190507
0.137125
0.143874
0.181361
0.210602
0.159969
0.17402
0.153119
0.150314
0.195754
0.135826
0.109627
0.0877879
0.175744
0.174572
0.0916992
0.134058
0.133491
0.184344
0.14127
0.159704
0.174556
0.161103
0.223918
0.223918
0.184793
0.140303
0.201525
0.132833
0.100257
0.0791219
0.166413
0.148544
0.189704
0.136135
0.0878971
0.184953
0.223918
0.100151
0.14499
0.223918
0.205885
0.0954583
0.147241
0.160166
0.200892
0.133998
0.0835365
0.164237
0.131962
0.185278
0.209779
0.105773
0.11632
0.223918
0.223918
0.094708
0.0801191
0.142177
0.130535
0.195165
0.186913
0.0985699
0.153253
0.213249
0.145763
0.162322
0.125709
0.127405
0.20789
0.152669
0.0586873
0.126618
0.147107
0.0766228
0.222503
0.222503
0.192646
0.203948
0.0837436
0.117466
0.222503
0.222503
0.222503
0.222503
0.222503
0.103339
0.215182
0.0380204
0.0380581
0.216917
0.222503
0.114531
0.155413
0.151321
0.143949
0.209261
0.182145
0.085144
0.143525
0.141536
0.117585
0.20041
0.153277
0.211851
0.230426
0.190887
0.129057
0.137297
0.0874079
0.230426
0.230426
0.230426
0.113029
0.22378
0.0517205
0.0607191
0.204859
0.230426
0.120078
0.22503
0.130446
0.156477
0.230426
0.125257
0.170984
0.0872025
0.0588742
0.161202
0.213526
0.110294
0.192883
0.213526
0.160145
0.174553
0.213526
0.213526
0.116856
0.116038
0.167199
0.206188
0.166327
0.130959
0.103413
0.15663
0.213526
0.112538
0.191069
0.135231
0.149797
0.211936
0.131773
0.142115
0.213526
0.145984
0.0838239
0.0486501
0.15886
0.213526
0.213526
0.126791
0.150664
0.140864
0.198033
0.109324
0.11367
0.174964
0.218184
0.225262
0.107141
0.0933483
0.186259
0.22038
0.200465
0.151359
0.181259
0.225262
0.225262
0.119808
0.10689
0.0869182
0.213469
0.0876793
0.0545603
0.167691
0.225262
0.225262
0.143134
0.133019
0.140628
0.225262
0.0819078
0.184754
0.177089
0.225262
0.178788
0.0944695
0.129796
0.174633
0.0788883
0.196426
0.171158
0.185314
0.229249
0.229249
0.0883042
0.0927064
0.0947997
0.221126
0.1627
0.12004
0.179293
0.184471
0.203218
0.113661
0.177625
0.187689
0.122982
0.089471
0.19361
0.184983
0.229249
0.176938
0.0790453
0.113509
0.178477
0.102112
0.128865
0.229249
0.187024
0.151923
0.172167
0.0922243
0.101893
0.190401
0.195537
0.181134
0.173128
0.210812
0.210812
0.194503
0.13405
0.185819
0.210812
0.143797
0.110059
0.103945
0.210812
0.186357
0.104963
0.121129
0.150784
0.210812
0.145353
0.147953
0.210812
0.210812
0.175716
0.210812
0.104652
0.155572
0.187423
0.210812
0.076408
0.160864
0.11916
0.112889
0.129778
0.101367
0.168197
0.210812
0.132207
0.0996911
0.158943
0.223566
0.203993
0.107188
0.140564
0.173712
0.223566
0.140192
0.10518
0.175821
0.137166
0.211856
0.223566
0.117232
0.116084
0.223566
0.223566
0.0690905
0.170981
0.132755
0.132529
0.164536
0.110267
0.223566
0.202008
0.138234
0.0987705
0.182685
0.0681201
0.150358
0.223566
0.215496
0.126939
0.210719
0.116909
0.0757031
0.192698
0.206044
0.15813
0.201226
0.0898722
0.111545
0.215258
0.215258
0.213972
0.215258
0.199683
0.097623
0.203813
0.0816699
0.0809912
0.185702
0.215258
0.0715547
0.165155
0.0759412
0.117554
0.199942
0.175583
0.130273
0.170045
0.103955
0.123918
0.215258
0.215258
0.134549
0.191338
0.126124
0.211128
0.215258
0.0991891
0.206669
0.221452
0.221452
0.106498
0.215381
0.0925383
0.123164
0.194508
0.221452
0.114718
0.209713
0.143207
0.137962
0.221452
0.121865
0.159763
0.0929043
0.0681329
0.139674
0.221452
0.221452
0.132267
0.193913
0.15024
0.221452
0.221452
0.118195
0.116112
0.136627
0.11521
0.162285
0.221452
0.163304
0.0772155
0.141158
0.104067
0.130199
0.211075
0.100314
0.171135
0.219503
0.148045
0.16147
0.219503
0.165486
0.0798744
0.0739968
0.138086
0.219503
0.219503
0.151572
0.171343
0.125616
0.202567
0.112725
0.120981
0.113757
0.102554
0.209906
0.219503
0.114076
0.125914
0.138304
0.0769428
0.184002
0.219503
0.219503
0.219503
0.139838
0.21059
0.13804
0.180709
0.0922672
0.0881193
0.149466
0.221981
0.221981
0.151043
0.150272
0.130669
0.221981
0.0692929
0.1548
0.160764
0.221981
0.221981
0.100327
0.119565
0.132191
0.0940283
0.0579101
0.133819
0.221981
0.221981
0.221981
0.174021
0.221981
0.155194
0.216812
0.045157
0.169588
0.221981
0.198894
0.221981
0.141711
0.135882
0.129294
0.0577524
0.0902904
0.192022
0.182434
0.215574
0.215574
0.0875314
0.122705
0.168313
0.133866
0.157965
0.215574
0.201375
0.215574
0.215574
0.112408
0.122401
0.171061
0.215574
0.0490738
0.135733
0.215574
0.215574
0.215574
0.165356
0.157656
0.115264
0.0508838
0.0650252
0.152411
0.113821
0.214897
0.215574
0.101351
0.182664
0.166983
0.136387
0.163008
0.212871
0.201738
0.212871
0.212871
0.115136
0.150305
0.173965
0.212871
0.0772457
0.161749
0.116241
0.0954529
0.150703
0.130249
0.167855
0.212871
0.127309
0.0888909
0.146754
0.137524
0.205084
0.212871
0.0931675
0.212871
0.198264
0.12274
0.0569219
0.139338
0.184394
0.212871
0.158594
0.135125
0.212871
0.212871
0.145381
0.0790711
0.180593
0.135788
0.101488
0.175735
0.133448
0.20622
0.21971
0.128183
0.107689
0.194679
0.105769
0.125808
0.21971
0.21971
0.107018
0.16179
0.110729
0.105095
0.208662
0.21971
0.168408
0.151346
0.134103
0.21971
0.21971
0.173605
0.1159
0.21971
0.1929
0.21971
0.21971
0.155648
0.0985877
0.141663
0.0725512
0.0810203
0.187718
0.118166
0.095033
0.196686
0.2021
0.117081
0.140381
0.113093
0.102912
0.213433
0.221999
0.180884
0.215014
0.180782
0.211078
0.221999
0.100788
0.114973
0.221999
0.159105
0.15935
0.221999
0.125979
0.0885963
0.139513
0.0862876
0.105847
0.221999
0.172893
0.220613
0.221999
0.162319
0.102362
0.160759
0.155845
0.109783
0.221079
0.221079
0.159048
0.215423
0.185929
0.221079
0.221079
0.111316
0.110372
0.123459
0.120802
0.168338
0.221079
0.171039
0.079803
0.124436
0.0948815
0.116624
0.221079
0.179082
0.221079
0.221079
0.179759
0.121486
0.147803
0.184109
0.0932825
0.105137
0.107034
0.164272
0.221079
0.190906
0.131029
0.0744282
0.181927
0.131051
0.133964
0.100573
0.103473
0.176865
0.213669
0.129437
0.130999
0.169168
0.0784672
0.21326
0.213669
0.213669
0.213669
0.190352
0.204881
0.123409
0.201689
0.128078
0.213669
0.206477
0.213669
0.184152
0.142988
0.169135
0.17505
0.136164
0.0968768
0.202449
0.110287
0.130268
0.213669
0.14315
0.144911
0.160581
0.0833231
0.0662224
0.180868
0.221291
0.221291
0.221291
0.219827
0.217756
0.145224
0.221291
0.0463801
0.180909
0.221291
0.196795
0.221291
0.138431
0.123063
0.100265
0.0907592
0.0724904
0.186856
0.13115
0.148438
0.209934
0.125862
0.208401
0.221291
0.0971451
0.0792404
0.14196
0.0742503
0.110068
0.148279
0.110231
0.201514
0.215144
0.140704
0.0587366
0.152638
0.219441
0.219437
0.219441
0.169976
0.157197
0.099948
0.0975774
0.0612158
0.140522
0.152915
0.219441
0.219441
0.14946
0.219441
0.159447
0.151699
0.0765253
0.155082
0.101785
0.158985
0.180912
0.141957
0.219441
0.219441
0.14997
0.11716
0.103391
0.0963878
0.219441
0.213622
0.219441
0.188733
0.16245
0.136666
0.0837228
0.13116
0.157508
0.211787
0.211787
0.146041
0.211787
0.193731
0.137706
0.0578665
0.167892
0.163519
0.185912
0.176925
0.161094
0.211787
0.211787
0.168997
0.0901721
0.121509
0.119949
0.205731
0.211787
0.211787
0.175116
0.135893
0.12256
0.0486592
0.162851
0.115283
0.211787
0.211787
0.192806
0.171614
0.129936
0.146189
0.0974736
0.218528
0.199778
0.135413
0.178746
0.146303
0.218528
0.218528
0.175432
0.119222
0.218528
0.218528
0.209865
0.218528
0.153204
0.0723968
0.100697
0.072089
0.0432021
0.165748
0.114361
0.214759
0.218528
0.211404
0.218528
0.127641
0.147636
0.0388313
0.10232
0.138248
0.148982
0.218528
0.14072
0.189436
0.130158
0.137066
0.120852
0.227133
0.227133
0.16958
0.227133
0.14714
0.0779079
0.119107
0.0963983
0.113604
0.227133
0.227133
0.227133
0.227133
0.184915
0.13028
0.175003
0.197138
0.0484535
0.12154
0.136691
0.180136
0.227133
0.1696
0.209934
0.114971
0.12646
0.136975
0.227133
0.115874
0.135851
0.176196
0.0967381
0.13614
0.138791
0.0918041
0.106028
0.221507
0.217853
0.221507
0.221507
0.193364
0.140616
0.147045
0.205034
0.0855414
0.0991549
0.0906966
0.221507
0.221507
0.205974
0.173849
0.118613
0.194756
0.110167
0.221507
0.11758
0.197409
0.197281
0.102128
0.124336
0.114419
0.0965303
0.100008
0.155781
0.0642372
0.221507
0.219866
0.133075
0.131071
0.153385
0.172305
0.105545
0.212048
0.212048
0.194499
0.16094
0.144828
0.161684
0.161906
0.130625
0.0995598
0.208163
0.146856
0.123978
0.212048
0.175427
0.139827
0.140942
0.111195
0.114283
0.191514
0.161659
0.212048
0.212048
0.0900641
0.212048
0.212048
0.211726
0.0943209
0.167777
0.121058
0.138599
0.212048
0.169529
0.137892
0.167944
0.163106
0.0833531
0.208653
0.183926
0.152945
0.208653
0.162101
0.189356
0.208653
0.127762
0.0870428
0.19814
0.0973676
0.117374
0.17554
0.0964533
0.208653
0.208653
0.170523
0.114981
0.190928
0.111992
0.154547
0.208653
0.170298
0.187301
0.186639
0.164817
0.208653
0.208653
0.196787
0.0918978
0.131929
0.124994
0.201095
0.168272
0.0930667
0.0801057
0.194351
0.107258
0.155133
0.182947
0.126101
0.214991
0.214991
0.164506
0.0943139
0.118998
0.118019
0.211923
0.199719
0.214991
0.20494
0.160908
0.129618
0.214991
0.214991
0.190852
0.0757095
0.113917
0.125445
0.199381
0.171677
0.0698188
0.095873
0.141903
0.15509
0.160843
0.0613749
0.210332
0.214991
0.214991
0.203847
0.0764832
0.128903
0.133283
0.202836
0.206136
0.211637
0.190182
0.134956
0.123301
0.0499702
0.17878
0.10575
0.167899
0.211637
0.175041
0.171435
0.147152
0.173115
0.110598
0.140832
0.145535
0.16257
0.112083
0.178408
0.205297
0.211637
0.185022
0.104198
0.211637
0.164418
0.181462
0.211637
0.152886
0.211637
0.186436
0.151412
0.0515493
0.187881
0.108794
0.186928
0.218295
0.192643
0.215215
0.150669
0.170306
0.0529803
0.107736
0.160284
0.137687
0.218295
0.141813
0.150137
0.120831
0.144749
0.124922
0.216062
0.151969
0.207481
0.218295
0.160486
0.218295
0.218295
0.178604
0.086082
0.0978934
0.0865929
0.145251
0.218295
0.184741
0.180603
0.184505
0.156471
0.0713076
0.134039
0.175162
0.193823
0.221554
0.192366
0.193848
0.120691
0.151841
0.139326
0.221554
0.168561
0.124754
0.162077
0.112331
0.192702
0.112671
0.12786
0.110579
0.096147
0.0786407
0.155792
0.221554
0.221554
0.208131
0.221554
0.183176
0.156068
0.221554
0.0981235
0.125918
0.20596
0.126149
0.215869
0.121595
0.187535
0.105118
0.217677
0.152298
0.191143
0.207558
0.128722
0.176881
0.116632
0.124525
0.107586
0.162607
0.0770463
0.217677
0.217677
0.15682
0.196689
0.211091
0.207273
0.141378
0.19488
0.08578
0.121093
0.20929
0.154496
0.191026
0.152381
0.174663
0.13034
0.217677
0.067938
0.135369
0.217677
0.12624
0.217677
0.134063
0.135667
0.110492
0.215022
0.188919
0.215022
0.215022
0.134389
0.179998
0.215022
0.215022
0.103963
0.196672
0.162273
0.139532
0.215022
0.200727
0.150018
0.164193
0.205435
0.0881682
0.109177
0.167295
0.176229
0.207991
0.113801
0.132671
0.215022
0.143119
0.11801
0.134101
0.14836
0.122752
0.215022
0.132478
0.135394
0.116488
0.114213
0.105185
0.190652
0.139796
0.132381
0.217364
0.177454
0.170476
0.163809
0.186995
0.178889
0.217364
0.217364
0.131642
0.133952
0.127822
0.217364
0.199138
0.0816994
0.106273
0.147813
0.110266
0.126565
0.217364
0.125006
0.143049
0.147034
0.127461
0.196105
0.217364
0.123722
0.141899
0.178154
0.164861
0.217364
0.217364
0.130981
0.188176
0.215863
0.214568
0.105437
0.116266
0.133072
0.215863
0.186486
0.0596049
0.0984395
0.169313
0.12655
0.139324
0.0831979
0.215863
0.215863
0.212339
0.152775
0.215863
0.215863
0.146764
0.127596
0.164464
0.159524
0.211969
0.214662
0.117087
0.119052
0.146749
0.0940552
0.171025
0.215863
0.137095
0.129174
0.179198
0.16166
0.112969
0.165996
0.121149
0.139315
0.11707
0.20102
0.210128
0.210451
0.174639
0.10184
0.198914
0.156408
0.170739
0.210451
0.156803
0.210451
0.200853
0.156119
0.141195
0.210451
0.165664
0.139979
0.190691
0.142049
0.124366
0.178254
0.17858
0.0725789
0.210451
0.210451
0.210451
0.118701
0.105467
0.158223
0.135762
0.131731
0.125388
0.196264
0.147461
0.199838
0.21234
0.15754
0.21234
0.21234
0.198099
0.103018
0.113547
0.10155
0.115339
0.21234
0.184871
0.179641
0.153239
0.177077
0.0850297
0.21234
0.21234
0.21069
0.128496
0.13523
0.174706
0.188885
0.178941
0.0751542
0.120658
0.0886865
0.130769
0.202149
0.150015
0.199613
0.134903
0.172791
0.133553
0.114313
0.102727
0.142654
0.214023
0.214023
0.195235
0.206693
0.195453
0.143604
0.214023
0.104746
0.124315
0.214023
0.138023
0.192011
0.0941383
0.19962
0.0929976
0.139533
0.126178
0.158293
0.214023
0.154234
0.20329
0.158391
0.18393
0.137427
0.214023
0.214023
0.138084
0.214023
0.101911
0.164001
0.133264
0.122089
0.118828
0.207905
0.0930672
0.11747
0.216589
0.174889
0.185655
0.14137
0.161839
0.127113
0.216589
0.0751166
0.12993
0.216589
0.14754
0.216589
0.167916
0.15569
0.127632
0.216589
0.216589
0.178016
0.172925
0.0823563
0.144422
0.150175
0.101992
0.0894755
0.10333
0.161338
0.213255
0.216589
0.216589
0.14809
0.216589
0.15259
0.103571
0.134415
0.178567
0.222795
0.222795
0.161897
0.132506
0.222795
0.169746
0.11906
0.167603
0.186178
0.149209
0.222795
0.166725
0.140939
0.137541
0.155742
0.150192
0.222795
0.161316
0.191627
0.222795
0.150766
0.084482
0.118546
0.0849554
0.134774
0.125601
0.0831803
0.157965
0.136619
0.148841
0.222795
0.222795
0.191157
0.0986532
0.163582
0.140226
0.146988
0.22262
0.160471
0.152758
0.158505
0.150854
0.191435
0.22262
0.163183
0.178042
0.195367
0.22262
0.22262
0.22262
0.105798
0.086331
0.0968105
0.0910271
0.162111
0.169768
0.149784
0.22262
0.22262
0.174462
0.0623965
0.139121
0.175929
0.0666536
0.133491
0.113424
0.22262
0.187113
0.164425
0.178763
0.215248
0.173291
0.141363
0.177025
0.20902
0.215248
0.215248
0.0973914
0.126263
0.18944
0.132335
0.175038
0.215248
0.174493
0.146656
0.20466
0.139695
0.0742593
0.202783
0.183701
0.0707986
0.169038
0.126105
0.215248
0.167316
0.133595
0.0598574
0.171815
0.176987
0.126389
0.215248
0.203448
0.139849
0.127606
0.0940355
0.122951
0.213515
0.186352
0.139196
0.202123
0.181587
0.148957
0.209204
0.179897
0.0769668
0.213515
0.213515
0.197045
0.129804
0.165716
0.187288
0.122414
0.115488
0.0873374
0.195664
0.188156
0.1669
0.213515
0.192938
0.126499
0.142515
0.0841947
0.0996488
0.213515
0.213515
0.213515
0.197169
0.144506
0.140616
0.0849514
0.0240932
0.0887976
0.214567
0.214567
0.194986
0.137922
0.188645
0.199683
0.176898
0.17817
0.0739141
0.112373
0.109675
0.122283
0.170356
0.136125
0.214567
0.136831
0.181119
0.124388
0.214567
0.214567
0.214567
0.214567
0.149223
0.15375
0.11338
0.0398241
0.0652718
0.116135
0.108216
0.122939
0.214567
0.214567
0.177813
0.200066
0.214567
0.0950607
0.13063
0.145802
0.156718
0.208622
0.126884
0.188541
0.142221
0.178482
0.142151
0.211318
0.211318
0.144348
0.211318
0.0972877
0.120452
0.146
0.116975
0.0946882
0.109239
0.142489
0.138455
0.211318
0.211318
0.200296
0.181262
0.201061
0.129733
0.151657
0.211318
0.211318
0.200538
0.211318
0.150008
0.149711
0.157589
0.122586
0.213562
0.213562
0.163047
0.173972
0.0931438
0.117029
0.146821
0.0856663
0.082139
0.0779701
0.146641
0.157519
0.213562
0.213562
0.163744
0.213562
0.146226
0.140316
0.125577
0.213562
0.203636
0.169215
0.213562
0.154157
0.131416
0.145674
0.046843
0.146069
0.20758
0.131037
0.213562
0.213562
0.19148
0.213562
0.158619
0.131698
0.215235
0.143734
0.208448
0.215235
0.121977
0.0951506
0.0988969
0.0890335
0.114539
0.121312
0.10811
0.198542
0.143454
0.158525
0.191224
0.215235
0.191966
0.147316
0.215235
0.215235
0.215235
0.141408
0.166378
0.128842
0.156095
0.0669504
0.120636
0.172713
0.206839
0.215235
0.215235
0.206962
0.14914
0.165881
0.116803
0.0789572
0.0831016
0.131255
0.212485
0.155096
0.159561
0.212485
0.212485
0.187571
0.0653083
0.11746
0.181545
0.126007
0.107278
0.133937
0.212485
0.19114
0.14409
0.120495
0.146993
0.212485
0.212485
0.166027
0.178437
0.212485
0.162081
0.11417
0.0736951
0.109291
0.167243
0.212485
0.211132
0.183836
0.212485
0.212485
0.145742
0.0682911
0.167092
0.201223
0.125627
0.14137
0.148796
0.216744
0.190682
0.134527
0.06516
0.179024
0.216744
0.134653
0.216744
0.216744
0.151866
0.147343
0.111528
0.0794486
0.0948127
0.170401
0.216744
0.216744
0.198239
0.216744
0.216744
0.155002
0.127621
0.139971
0.201535
0.119841
0.216744
0.111057
0.208015
0.144925
0.0706762
0.0699663
0.176729
0.218763
0.157749
0.212019
0.225648
0.118693
0.147141
0.0942213
0.0810028
0.230366
0.230366
0.212684
0.173718
0.170284
0.132842
0.0740177
0.0258885
0.10319
0.135112
0.175374
0.199819
0.230366
0.121201
0.176731
0.131764
0.0613992
0.116602
0.172268
0.230366
0.230366
0.230366
0.0931637
0.107105
0.230366
0.11972
0.0945508
0.217706
0.227998
0.227998
0.202007
0.170591
0.130368
0.106248
0.0366012
0.0469773
0.0966861
0.11722
0.115302
0.196574
0.179883
0.16403
0.216045
0.165642
0.123891
0.203737
0.227998
0.227998
0.227998
0.118951
0.141638
0.227998
0.113737
0.0974062
0.107574
0.125874
0.117214
0.134946
0.11733
0.227998
0.220647
0.185288
0.0726455
0.0734816
0.124958
0.120802
0.218496
0.179073
0.156737
0.185117
0.149998
0.115273
0.101715
0.218496
0.208542
0.191415
0.168164
0.133375
0.148723
0.154605
0.0973148
0.12039
0.126088
0.106137
0.181812
0.115294
0.218496
0.200091
0.170411
0.0947825
0.204375
0.171311
0.145896
0.218496
0.218496
0.218496
0.218496
0.218496
0.132699
0.0921923
0.211846
0.187882
0.205345
0.194501
0.140906
0.127961
0.144203
0.0387225
0.130183
0.186581
0.102162
0.211846
0.211846
0.196674
0.211846
0.126083
0.115351
0.193249
0.158901
0.158386
0.211846
0.208319
0.150745
0.211846
0.200399
0.0647801
0.183261
0.152187
0.100168
0.170843
0.128137
0.159167
0.174484
0.185468
