0.0828419
0.0967605
0.117346
0.216553
0.216553
0.18666
0.162921
0.182014
0.125092
0.0437101
0.151195
0.173156
0.211193
0.216553
0.165518
0.216553
0.211238
0.216553
0.0812541
0.164429
0.105665
0.128741
0.216553
0.142659
0.147756
0.173847
0.119374
0.095862
0.17834
0.0965477
0.195688
0.216553
0.098858
0.157026
0.216553
0.205506
0.0587823
0.155115
0.165866
0.204597
0.221063
0.109146
0.129974
0.138825
0.139958
0.16519
0.221063
0.186931
0.18269
0.221063
0.165726
0.166174
0.221063
0.206115
0.0949631
0.185247
0.0978631
0.176224
0.206549
0.0738751
0.143905
0.163967
0.175175
0.0905753
0.122374
0.132407
0.102519
0.217423
0.161347
0.182631
0.221063
0.172297
0.198266
0.226499
0.221381
0.212986
0.226499
0.1432
0.185877
0.226499
0.226499
0.127534
0.181227
0.122415
0.148929
0.186979
0.0902706
0.0851737
0.125076
0.143683
0.108071
0.161931
0.174264
0.130865
0.226499
0.174276
0.226499
0.226499
0.166579
0.149116
0.226499
0.159386
0.0451184
0.0973622
0.052584
0.100442
0.0973106
0.0540878
0.119716
0.134698
0.110358
0.116298
0.171682
0.156689
0.1415
0.196012
0.220659
0.143769
0.220659
0.178767
0.199688
0.220659
0.220659
0.178452
0.104062
0.119658
0.118399
0.220659
0.145884
0.0586487
0.162127
0.0672694
0.120769
0.117616
0.0829122
0.107538
0.220659
0.150852
0.220659
0.220659
0.158718
0.1691
0.220659
0.220659
0.121438
0.211294
0.157926
0.159433
0.218341
0.218341
0.111105
0.0812577
0.120386
0.10456
0.177039
0.1485
0.218341
0.218341
0.195813
0.151965
0.0837743
0.09324
0.0917855
0.162699
0.109678
0.184851
0.218341
0.155508
0.114981
0.218341
0.207313
0.133072
0.218341
0.160899
0.218341
0.218341
0.086023
0.169199
0.149161
0.151417
0.118808
0.19352
0.172381
0.203806
0.198895
0.150193
0.115486
0.0806309
0.115909
0.137178
0.153126
0.104535
0.201025
0.23128
0.150405
0.222946
0.23128
0.23128
0.134415
0.183703
0.145579
0.214101
0.23128
0.109622
0.159536
0.141414
0.10151
0.105334
0.0885574
0.0883496
0.154772
0.23128
0.198453
0.0922956
0.129295
0.215584
0.127507
0.172123
0.109196
0.188414
0.228957
0.122217
0.161994
0.218166
0.228957
0.064997
0.183931
0.175385
0.214263
0.228957
0.228957
0.219109
0.196865
0.154284
0.102868
0.0937851
0.0788517
0.138212
0.228957
0.152832
0.105248
0.10192
0.124927
0.0726594
0.178661
0.130293
0.228957
0.228957
0.131726
0.143355
0.102127
0.13431
0.104143
0.183133
0.119848
0.115773
0.217459
0.161712
0.136905
0.175696
0.136003
0.102922
0.153942
0.0666088
0.187301
0.217459
0.115471
0.161861
0.183652
0.191228
0.217459
0.217459
0.112587
0.179724
0.161946
0.204649
0.217459
0.20194
0.0730868
0.0868961
0.205463
0.126513
0.141438
0.217459
0.155527
0.217459
0.187537
0.120797
0.115933
0.184584
0.0868209
0.195719
0.22456
0.110279
0.180506
0.18564
0.223646
0.0928054
0.129202
0.161321
0.147551
0.22456
0.180156
0.204469
0.22456
0.22456
0.0998153
0.176121
0.110236
0.129779
0.22456
0.22456
0.22456
0.212875
0.138336
0.0961126
0.0496748
0.0924494
0.0817069
0.122398
0.151753
0.152027
0.146036
0.182376
0.11718
0.179247
0.209677
0.190512
0.227336
0.212065
0.227336
0.227336
0.227336
0.148491
0.227336
0.193445
0.083046
0.148558
0.0788181
0.116763
0.111356
0.0678792
0.115253
0.0654166
0.0971385
0.118344
0.17337
0.201232
0.169755
0.186784
0.19228
0.175506
0.227336
0.203005
0.227336
0.201145
0.0698323
0.059873
0.0305205
0.0880369
0.110254
0.220491
0.153571
0.07607
0.168902
0.0927167
0.119539
0.113051
0.0761795
0.115371
0.220491
0.177695
0.213352
0.220491
0.200422
0.166591
0.220491
0.220491
0.12656
0.211042
0.172472
0.220491
0.220491
0.0893857
0.0861291
0.0471178
0.0814855
0.0963697
0.0832639
0.13955
0.220491
0.220491
0.183398
0.141686
0.200025
0.220491
0.0953205
0.187559
0.132447
0.161539
0.210245
0.17712
0.114149
0.205939
0.200086
0.15858
0.210245
0.156547
0.210245
0.210245
0.10412
0.133008
0.11276
0.129812
0.0786562
0.0815706
0.13554
0.20246
0.210245
0.142078
0.123796
0.149456
0.165093
0.163241
0.210245
0.178293
0.190195
0.210245
0.183224
0.167558
0.16849
0.161642
0.155692
0.196958
0.160692
0.218108
0.21845
0.120658
0.154078
0.115695
0.0927135
0.0879776
0.080373
0.115055
0.157097
0.21845
0.21845
0.102845
0.115634
0.21845
0.190834
0.21845
0.20237
0.201431
0.21845
0.15131
0.147695
0.166178
0.141771
0.15745
0.153761
0.172357
0.0899367
0.21845
0.194644
0.208217
0.110259
0.0564888
0.0899604
0.0931234
0.10661
0.165677
0.231141
0.208232
0.153108
0.13444
0.161822
0.0957086
0.231141
0.156769
0.231141
0.231141
0.159893
0.187346
0.124304
0.171955
0.159285
0.140081
0.142205
0.0969206
0.21438
0.125121
0.144798
0.130883
0.062182
0.0965574
0.231141
0.231141
0.197975
0.231141
0.231141
0.123103
0.131608
0.0857176
0.188595
0.212246
0.138167
0.163657
0.130554
0.17064
0.212246
0.161992
0.0781356
0.0918953
0.201192
0.139365
0.119869
0.172694
0.114837
0.212246
0.16246
0.135897
0.120779
0.203926
0.212246
0.186526
0.212246
0.111904
0.179349
0.170271
0.0685582
0.065065
0.153643
0.212246
0.189052
0.212246
0.156259
0.212246
0.20763
0.0928685
0.0964688
0.177545
0.138352
0.122738
0.171859
0.187149
0.219943
0.218934
0.173045
0.077926
0.0578818
0.0890094
0.121134
0.11706
0.175281
0.150244
0.139925
0.191071
0.0852216
0.170058
0.219773
0.175523
0.219943
0.204141
0.219943
0.219943
0.107497
0.123499
0.136046
0.144365
0.203313
0.219943
0.131738
0.18734
0.142352
0.219943
0.0873372
0.0777594
0.0995598
0.161353
0.160579
0.21339
0.152596
0.159689
0.190203
0.143044
0.220902
0.161058
0.220902
0.189545
0.0790986
0.0683708
0.0475482
0.11152
0.133434
0.205836
0.175844
0.220902
0.220902
0.161648
0.176447
0.117825
0.171135
0.220902
0.193054
0.142484
0.220902
0.220902
0.220902
0.0872918
0.0650711
0.186554
0.0923045
0.179941
0.129676
0.178395
0.181348
0.0719802
0.0788749
0.0505819
0.0842013
0.0772781
0.0822765
0.127879
0.17667
0.157626
0.143242
0.139574
0.22888
0.22888
0.170022
0.155401
0.132771
0.189046
0.22888
0.17559
0.0832484
0.0680617
0.162181
0.111703
0.198307
0.22888
0.22888
0.22888
0.22888
0.195854
0.224155
0.221674
0.0741506
0.093205
0.139435
0.163352
0.160714
0.122357
0.130105
0.173862
0.163442
0.172495
0.217038
0.13557
0.138597
0.195149
0.18801
0.138774
0.127307
0.129448
0.116626
0.147654
0.210822
0.217038
0.217038
0.217038
0.195162
0.217038
0.217038
0.127385
0.167752
0.125134
0.17967
0.217038
0.217038
0.0997921
0.119158
0.144141
0.220284
0.220284
0.203119
0.203633
0.220284
0.187487
0.137659
0.1358
0.126109
0.165135
0.176881
0.217175
0.101209
0.220284
0.183911
0.206251
0.107783
0.0424567
0.172544
0.197573
0.157919
0.209985
0.220284
0.220284
0.129722
0.169945
0.185572
0.102549
0.0828913
0.0895571
0.125287
0.125867
0.148921
0.12594
0.124403
0.0590337
0.171344
0.184393
0.212608
0.145129
0.233144
0.139398
0.171301
0.16358
0.0667857
0.14305
0.233144
0.233144
0.233144
0.233144
0.233144
0.166431
0.185898
0.110492
0.0927077
0.093595
0.133711
0.192198
0.134688
0.16453
0.134101
0.119683
0.052866
0.100059
0.0867343
0.121532
0.216664
0.233144
0.172489
0.157359
0.0866173
0.145633
0.153512
0.211459
0.211459
0.178763
0.211459
0.129696
0.156731
0.152412
0.106362
0.101192
0.211459
0.211459
0.182949
0.211459
0.150868
0.211459
0.211459
0.120056
0.167243
0.153969
0.158584
0.139083
0.211459
0.122797
0.0847685
0.101609
0.121774
0.156901
0.196039
0.179825
0.192948
0.211459
0.159869
0.124767
0.0947887
0.119175
0.103122
0.213509
0.213509
0.162483
0.211625
0.172696
0.213509
0.213509
0.137353
0.0965171
0.156388
0.135281
0.213509
0.213509
0.179263
0.175723
0.150598
0.213509
0.167943
0.182555
0.135499
0.184509
0.213509
0.171184
0.139919
0.105664
0.147584
0.0983285
0.123987
0.15353
0.162401
0.160806
0.117304
0.208943
0.0937488
0.0649742
0.0860124
0.187153
0.137217
0.224783
0.224783
0.175367
0.153848
0.119172
0.143639
0.156489
0.151361
0.126232
0.183722
0.224783
0.149662
0.0863209
0.11485
0.191704
0.11279
0.150989
0.152566
0.147339
0.176356
0.146443
0.184971
0.110099
0.09739
0.167555
0.16941
0.0902627
0.182252
0.224783
0.224783
0.178636
0.224783
0.224783
0.114269
0.134096
0.108022
0.148052
0.213226
0.102015
0.0732753
0.0943249
0.142215
0.082733
0.176176
0.190125
0.213226
0.213226
0.213226
0.166048
0.213226
0.183823
0.118786
0.173223
0.0670636
0.161657
0.213226
0.213226
0.130272
0.189472
0.205946
0.183454
0.213226
0.0879954
0.20666
0.213226
0.213226
0.0963868
0.168866
0.0921046
0.107672
0.182145
0.19846
0.209005
0.207792
0.21166
0.192671
0.21166
0.21166
0.0959504
0.14964
0.150681
0.134747
0.21166
0.201515
0.092803
0.100806
0.0979514
0.17429
0.21166
0.0900606
0.206683
0.21166
0.194182
0.140564
0.199116
0.0991564
0.0854203
0.183142
0.167014
0.115656
0.187049
0.151064
0.163073
0.134815
0.0937563
0.141015
0.195466
0.206343
0.165758
0.220709
0.220709
0.129912
0.141449
0.134652
0.112479
0.102371
0.0910349
0.121622
0.174535
0.138649
0.0912512
0.109126
0.0520227
0.115604
0.220709
0.220709
0.131377
0.220709
0.18643
0.220709
0.188691
0.156977
0.149722
0.175172
0.220709
0.189475
0.220709
0.195452
0.109691
0.131063
0.162045
0.109172
0.118848
0.135335
0.192765
0.175278
0.156953
0.10813
0.121825
0.0834766
0.105123
0.0992814
0.0862185
0.215291
0.2166
0.151914
0.158603
0.145446
0.129453
0.170693
0.2166
0.2166
0.211669
0.2166
0.2166
0.176064
0.154142
0.2166
0.0503556
0.0856265
0.145013
0.14707
0.2166
0.188127
0.2166
0.180781
0.210158
0.183241
0.195676
0.156933
0.121505
0.216935
0.14837
0.0835486
0.101332
0.141461
0.160843
0.216935
0.193206
0.181153
0.216935
0.164361
0.143444
0.119948
0.120814
0.0511019
0.20389
0.177345
0.216935
0.216935
0.137143
0.133296
0.164124
0.0515095
0.069656
0.19094
0.216935
0.216935
0.216935
0.136138
0.171944
0.213157
0.0612313
0.189733
0.216272
0.150528
0.19613
0.216272
0.194487
0.157833
0.137087
0.162942
0.103371
0.154445
0.155857
0.178557
0.195123
0.129119
0.191931
0.0912115
0.10736
0.0665358
0.202692
0.216272
0.216272
0.216272
0.183753
0.18773
0.184613
0.0875412
0.0970494
0.156955
0.173416
0.203398
0.192871
0.150854
0.0888634
0.106399
0.133615
0.120955
0.158728
0.137978
0.176646
0.214739
0.164487
0.17508
0.108682
0.122621
0.148252
0.190906
0.117062
0.204649
0.221719
0.221719
0.192787
0.221719
0.221719
0.0928607
0.153876
0.166739
0.19647
0.171248
0.175122
0.108242
0.0799106
0.123538
0.0764929
0.221719
0.153302
0.122625
0.221719
0.184978
0.0938251
0.109365
0.204209
0.106648
0.191922
0.0872074
0.180686
0.215091
0.184834
0.150339
0.215091
0.214992
0.182718
0.215091
0.100595
0.203034
0.215091
0.215091
0.155377
0.175421
0.122632
0.0670057
0.156902
0.106881
0.11309
0.185811
0.146794
0.110232
0.11978
0.174921
0.171228
0.215091
0.108038
0.130227
0.212515
0.215091
0.148831
0.137506
0.139137
0.158411
0.211497
0.112582
0.193337
0.211497
0.204487
0.186365
0.20283
0.122039
0.0841543
0.205099
0.210057
0.104793
0.1365
0.137446
0.16087
0.133272
0.102817
0.164174
0.211497
0.118943
0.146121
0.181929
0.211497
0.168872
0.181837
0.166954
0.159596
0.190653
0.123877
0.139031
0.211497
0.13671
0.20644
0.128948
0.114859
0.0981515
0.213212
0.213212
0.103168
0.151902
0.151182
0.197299
0.163602
0.140833
0.135309
0.149127
0.185994
0.17028
0.213212
0.183271
0.100209
0.106245
0.13053
0.177874
0.213212
0.157645
0.187572
0.213212
0.114027
0.188598
0.146185
0.163262
0.0605798
0.0999352
0.186694
0.213212
0.213212
0.188275
0.176293
0.156293
0.16193
0.165195
0.184424
0.203801
0.169196
0.208968
0.187679
0.145643
0.126116
0.208968
0.0522854
0.0972308
0.117347
0.127419
0.177419
0.129855
0.208968
0.208968
0.14105
0.0807706
0.119192
0.197227
0.208968
0.208968
0.187818
0.200741
0.161556
0.183319
0.047462
0.123196
0.155297
0.208968
0.181861
0.135658
0.177931
0.196851
0.147485
0.0683726
0.218473
0.226106
0.226106
0.226106
0.155504
0.128618
0.184169
0.106906
0.0669286
0.226106
0.226106
0.226106
0.226106
0.163839
0.206825
0.226106
0.0601229
0.12911
0.0864295
0.133012
0.156807
0.19519
0.133956
0.111346
0.206531
0.16357
0.116197
0.0922162
0.136013
0.174024
0.226106
0.100923
0.0907829
0.156901
0.0747545
0.0782567
0.229433
0.229433
0.229433
0.229433
0.229433
0.225189
0.229433
0.0899811
0.115073
0.178235
0.1701
0.216218
0.207164
0.160594
0.0854265
0.132763
0.186719
0.126348
0.123458
0.110085
0.192622
0.229433
0.118567
0.131483
0.19539
0.0980479
0.0813859
0.112429
0.126547
0.184697
0.144378
0.116161
0.104354
0.13034
0.161959
0.127116
0.190052
0.163038
0.215481
0.215328
0.203708
0.115146
0.0944516
0.175136
0.0864686
0.215481
0.179055
0.173898
0.215481
0.199008
0.0909968
0.112258
0.215481
0.0977829
0.150295
0.125064
0.188496
0.154376
0.120047
0.155088
0.134994
0.159517
0.0521541
0.215481
0.197194
0.215481
0.215481
0.115335
0.173545
0.143181
0.174139
0.0766103
0.214024
0.147822
0.154086
0.218402
0.172
0.124876
0.140491
0.195593
0.209302
0.218402
0.124017
0.165966
0.218402
0.218402
0.218402
0.193282
0.188023
0.050459
0.197055
0.148166
0.18424
0.197137
0.0945499
0.15698
0.118825
0.131621
0.0847442
0.189408
0.191853
0.210321
0.121371
0.15242
0.136317
0.1274
0.0598367
0.174533
0.214291
0.14399
0.158265
0.176675
0.214291
0.214291
0.214291
0.196657
0.174539
0.214291
0.148775
0.140219
0.214291
0.152692
0.214291
0.132393
0.146662
0.0674034
0.147809
0.163552
0.175564
0.123841
0.16485
0.13312
0.134171
0.0720912
0.116996
0.089389
0.128356
0.214291
0.214291
0.18169
0.205804
0.139025
0.0756801
0.172117
0.215745
0.172957
0.18197
0.205217
0.113833
0.188525
0.132285
0.173792
0.0866201
0.0812942
0.179139
0.215745
0.215745
0.163372
0.211439
0.170627
0.176214
0.0909202
0.0911112
0.170046
0.215745
0.215745
0.211858
0.176699
0.141806
0.101317
0.105741
0.121969
0.0933803
0.187654
0.215745
0.215745
0.133527
0.111635
0.114889
0.104918
0.101295
0.173057
0.22455
0.22455
0.152832
0.193812
0.143341
0.164377
0.0659006
0.127644
0.132386
0.190304
0.171132
0.132835
0.16124
0.22455
0.138163
0.11183
0.125025
0.125091
0.214435
0.22455
0.22455
0.174849
0.101934
0.116749
0.119779
0.22455
0.128259
0.114966
0.22455
0.22455
0.22455
0.0904416
0.153428
0.143897
0.0813128
0.167065
0.176636
0.215639
0.142311
0.129195
0.203532
0.205556
0.100153
0.129147
0.175729
0.189095
0.218467
0.106327
0.116079
0.167254
0.0760858
0.119572
0.168912
0.218467
0.180937
0.218467
0.1787
0.218467
0.218467
0.189727
0.150109
0.206802
0.160099
0.133526
0.218467
0.163746
0.100903
0.0889706
0.105
0.107283
0.163974
0.144461
0.214736
0.214736
0.135239
0.1812
0.214736
0.0930268
0.0978217
0.156612
0.115611
0.181947
0.134824
0.118659
0.116515
0.169291
0.199442
0.130466
0.190304
0.166468
0.14219
0.214736
0.176014
0.164051
0.172613
0.214736
0.182775
0.214736
0.136843
0.163984
0.195544
0.0635609
0.0946222
0.214736
0.210304
0.104835
0.176883
0.114253
0.173707
0.131099
0.118383
0.152032
0.155475
0.168697
0.0724888
0.202853
0.205296
0.217896
0.217896
0.131088
0.158255
0.115614
0.151213
0.157912
0.217896
0.150742
0.151946
0.216315
0.0688695
0.124547
0.217896
0.217896
0.120899
0.145434
0.217896
0.174919
0.217896
0.169352
0.114109
0.200619
0.148591
0.0746668
0.211321
0.195126
0.198131
0.211321
0.131968
0.170994
0.131784
0.136904
0.106276
0.211321
0.161096
0.211321
0.169894
0.17673
0.145798
0.171376
0.0906473
0.108376
0.140624
0.200306
0.161217
0.211321
0.17051
0.146424
0.211321
0.20424
0.110304
0.180069
0.154383
0.17907
0.211321
0.148052
0.0626316
0.151561
0.162415
0.0942007
0.200012
0.138067
0.188878
0.173834
0.191109
0.154422
0.201077
0.113744
0.123587
0.118178
0.128904
0.211312
0.211312
0.174904
0.211312
0.17236
0.0912081
0.111321
0.177458
0.142259
0.173538
0.211312
0.174678
0.092254
0.139422
0.148543
0.16984
0.211312
0.132466
0.136292
0.211312
0.208987
0.211312
0.179611
0.0985664
0.0838277
0.0995238
0.147853
0.221144
0.221144
0.176678
0.194439
0.147253
0.105532
0.126409
0.122636
0.110397
0.210262
0.221144
0.180366
0.154891
0.125505
0.130136
0.144445
0.155092
0.130992
0.18795
0.221144
0.182352
0.174963
0.132204
0.10233
0.129942
0.167598
0.221144
0.221144
0.148857
0.118441
0.221144
0.221144
0.145341
0.118957
0.121647
0.134795
0.217395
0.217395
0.171414
0.162622
0.103183
0.109039
0.0996307
0.197559
0.192277
0.138654
0.217395
0.216472
0.217395
0.0979106
0.150447
0.0979312
0.142606
0.217395
0.217395
0.137512
0.0990182
0.217395
0.217395
0.15546
0.0622437
0.191075
0.217395
0.201013
0.122445
0.140551
0.212904
0.12529
0.0746153
0.114627
0.148324
0.205364
0.139114
0.205364
0.144745
0.205364
0.205364
0.143811
0.111344
0.186137
0.155659
0.123015
0.194457
0.111942
0.115447
0.0892881
0.105366
0.137544
0.201471
0.203423
0.196666
0.205364
0.187964
0.145637
0.128887
0.166637
0.176648
0.205364
0.187673
0.129359
0.149052
0.177698
0.205364
0.158432
0.19225
0.0845353
0.162654
0.173027
0.123809
0.201469
0.13125
0.169214
0.163396
0.180207
0.143438
0.211074
0.10189
0.13044
0.150997
0.0496538
0.0808748
0.202678
0.170166
0.211074
0.211074
0.211074
0.118666
0.181978
0.211074
0.211074
0.186273
0.164158
0.100522
0.211074
0.193332
0.109807
0.177355
0.0837426
0.137965
0.208314
0.211074
0.133516
0.214227
0.131146
0.131595
0.17707
0.0750396
0.116467
0.214227
0.214227
0.119963
0.182093
0.21299
0.115536
0.214227
0.151164
0.116279
0.13148
0.112457
0.117216
0.214227
0.214227
0.11981
0.197982
0.106132
0.138129
0.214227
0.214227
0.127903
0.214227
0.206069
0.209292
0.214227
0.130822
0.122799
0.115516
0.140741
0.112859
0.16651
0.206661
0.11607
0.208887
0.183092
0.15338
0.169947
0.167256
0.112148
0.174111
0.111217
0.146152
0.208887
0.141589
0.066289
0.15287
0.162259
0.176457
0.202008
0.208887
0.208887
0.208887
0.175862
0.156838
0.13347
0.188925
0.168049
0.191298
0.139511
0.208887
0.202638
0.137221
0.172293
0.085593
0.121284
0.129413
0.182152
0.103726
0.154189
0.212008
0.183813
0.10618
0.160433
0.167091
0.143047
0.212008
0.105086
0.175849
0.212008
0.143433
0.212008
0.187676
0.107186
0.190857
0.177251
0.134537
0.212008
0.191413
0.162977
0.212008
0.100288
0.150966
0.0856433
0.154191
0.140005
0.182463
0.190128
0.12765
0.159423
0.212008
0.169171
0.131979
0.183711
0.107135
0.202424
0.217097
0.146249
0.217097
0.146315
0.110953
0.106188
0.200675
0.217097
0.217097
0.147899
0.0982683
0.217097
0.217097
0.145419
0.0813847
0.14001
0.115389
0.19493
0.159321
0.112209
0.181107
0.169754
0.162734
0.112852
0.217097
0.217097
0.217097
0.0807754
0.114608
0.196901
0.141591
0.134322
0.10587
0.203055
0.225521
0.225521
0.162607
0.115438
0.225521
0.225521
0.190661
0.0710903
0.168929
0.225521
0.225521
0.108123
0.153875
0.189391
0.14837
0.110445
0.12103
0.220065
0.225521
0.225521
0.0731504
0.119556
0.225521
0.127211
0.148828
0.0655206
0.128392
0.0954963
0.125645
0.173867
0.10461
0.116181
0.165631
0.160692
0.139936
0.190373
0.196242
0.197685
0.18401
0.164491
0.120181
0.116335
0.153163
0.125152
0.178828
0.184569
0.135425
0.147055
0.134899
0.207937
0.144295
0.16312
0.103433
0.209328
0.209328
0.209328
0.209328
0.114852
0.0957816
0.136209
0.209328
0.165227
0.209328
0.209328
0.209328
0.192399
0.0720583
0.12173
0.164489
0.100739
0.143017
0.21037
0.21037
0.126887
0.192679
0.179276
0.190496
0.174154
0.14733
0.0975176
0.181755
0.12126
0.0907077
0.152811
0.074974
0.106554
0.198509
0.18228
0.149172
0.173343
0.21037
0.21037
0.21037
0.133471
0.186387
0.21037
0.116274
0.207998
0.175919
0.130934
0.0968209
0.120427
0.120944
0.158572
0.21037
0.21037
0.119962
0.212182
0.147782
0.106438
0.188507
0.0986784
0.120908
0.219322
0.208131
0.159448
0.219322
0.190848
0.136952
0.219322
0.0993456
0.126059
0.101431
0.144248
0.166328
0.19624
0.13395
0.113587
0.170957
0.158831
0.219322
0.219322
0.219322
0.219322
0.17375
0.0982388
0.12258
0.219322
0.117295
0.0535991
0.153637
0.188038
0.21327
0.215686
0.205401
0.192014
0.215686
0.157503
0.175882
0.136792
0.215686
0.175467
0.188177
0.14331
0.17882
0.184844
0.148358
0.157134
0.114021
0.104881
0.215686
0.213167
0.145759
0.164554
0.215686
0.165687
0.0860153
0.174993
0.215686
0.119407
0.136456
0.0866338
0.155624
0.215686
0.113165
0.0527783
0.082955
0.0739216
0.185752
0.156718
0.120972
0.209568
0.171897
0.156306
0.171288
0.118357
0.123203
0.128467
0.18505
0.143591
0.212488
0.198395
0.105589
0.171062
0.200848
0.162653
0.106964
0.12711
0.096603
0.167094
0.211283
0.130743
0.141148
0.0872176
0.065255
0.105573
0.223648
0.223648
0.173816
0.223648
0.223648
0.223648
0.223648
0.0833619
0.109887
0.168727
0.117062
0.211438
0.182348
0.110224
0.207832
0.162292
0.159753
0.10392
0.223643
0.223643
0.1905
0.0973566
0.131969
0.220646
0.11395
0.155624
0.0922722
0.223643
0.223643
0.160945
0.223643
0.223643
0.223643
0.186921
0.0751733
0.0624792
0.143293
0.114153
0.0948912
0.139538
0.122876
0.129144
0.166927
0.223643
0.139976
0.224272
0.224272
0.224272
0.126486
0.186977
0.224272
0.132533
0.224272
0.112555
0.155547
0.098326
0.148454
0.187259
0.144314
0.136281
0.193589
0.224272
0.11559
0.183535
0.125811
0.135817
0.224272
0.17217
0.12722
0.156182
0.224272
0.101621
0.16398
0.158525
0.0992678
0.142307
0.101986
0.158276
0.152534
0.162095
0.11866
0.219122
0.219122
0.219122
0.219122
0.150276
0.116624
0.16334
0.219122
0.138742
0.202605
0.219122
0.219122
0.219122
0.0940649
0.142302
0.139629
0.0890623
0.0744801
0.185539
0.180776
0.219122
0.219122
0.171274
0.0857262
0.1141
0.190805
0.103501
0.178425
0.118588
0.197075
0.164948
0.157657
0.1155
0.0608968
0.0525791
0.130927
0.167505
0.217414
0.217414
0.217414
0.161438
0.196948
0.183714
0.104697
0.215301
0.191849
0.120518
0.108862
0.163182
0.13671
0.165015
0.217414
0.209797
0.0975087
0.193589
0.125856
0.171043
0.155973
0.204897
0.165201
0.114007
0.0968001
0.101118
0.217414
0.139599
0.158239
0.17174
0.0931726
0.10682
0.152107
0.217414
0.160992
0.182459
0.112955
0.130754
0.195524
0.173457
0.216873
0.216873
0.216873
0.216873
0.164872
0.113377
0.130307
0.216873
0.134532
0.0707146
0.1735
0.182034
0.103948
0.177009
0.11423
0.157687
0.186409
0.109893
0.125047
0.216873
0.216873
0.155407
0.136293
0.123249
0.148711
0.193573
0.174382
0.160486
0.192164
0.130075
0.189156
0.155792
0.121049
0.149297
0.224467
0.164457
0.0960529
0.16634
0.196241
0.123976
0.155229
0.0920035
0.133233
0.213066
0.0988256
0.106392
0.102396
0.078894
0.179303
0.14653
0.139428
0.180027
0.224467
0.187582
0.167183
0.195777
0.140855
0.0309401
0.198954
0.224467
0.224467
0.224467
0.197434
0.224467
0.183428
0.0970883
0.11362
0.146653
0.100871
0.14755
0.205529
0.111395
0.12196
0.0882915
0.0672913
0.147215
0.223955
0.223955
0.165251
0.223955
0.223955
0.223955
0.211952
0.0915698
0.0352701
0.199563
0.223955
0.223955
0.223955
0.155869
0.222109
0.146791
0.0765916
0.0752365
0.164598
0.170571
0.164443
0.178463
0.191312
0.169117
0.125532
0.0666768
0.142209
0.221254
0.221254
0.195471
0.221254
0.221254
0.221254
0.20492
0.082326
0.0727586
0.153783
0.102738
0.0918814
0.190959
0.178988
0.144555
0.169638
0.221254
0.0864226
0.184202
0.220262
0.189139
0.156624
0.175635
0.197525
0.132375
0.0663506
0.0920989
0.119507
0.0678206
0.0673145
0.157944
0.216387
0.190971
0.166414
0.152071
0.121828
0.194291
0.111155
0.130766
0.217152
0.217152
0.153072
0.182291
0.217152
0.118651
0.189028
0.151716
0.10097
0.158814
0.127463
0.168621
0.146594
0.184006
0.100787
0.20639
0.118251
0.112283
0.20295
0.217152
0.217152
0.178599
0.197227
0.0912748
0.191999
0.181674
0.101344
0.15771
0.167478
0.137979
0.178498
0.183367
0.0831985
0.197775
0.216628
0.216628
0.216628
0.216628
0.102554
0.13199
0.197915
0.0933791
0.182132
0.140406
0.216628
0.214699
0.203328
0.133618
0.0947801
0.0478896
0.0586151
0.198843
0.181335
0.176911
0.216628
0.216628
0.216628
0.140067
0.0796275
0.132386
0.216628
0.212794
0.12486
0.190075
0.116871
0.0809719
0.132049
0.0322479
0.0889036
0.199101
0.162691
0.215911
0.17672
0.215911
0.161672
0.106595
0.0674137
0.103637
0.215911
0.145894
0.174028
0.201294
0.108506
0.15817
0.174321
0.162422
0.128751
0.215911
0.215911
0.109383
0.170128
0.144008
0.141843
0.153388
0.0554425
0.136914
0.215911
0.215911
0.1383
0.191633
0.14154
0.131104
0.215911
0.215911
0.102493
0.148143
0.127679
0.189645
0.190911
0.13121
0.171288
0.211004
0.1971
0.161177
0.152354
0.165775
0.175762
0.191746
0.184313
0.179175
0.211004
0.130986
0.128995
0.211004
0.211004
0.115278
0.211004
0.150203
0.166966
0.211004
0.211004
0.0949414
0.152084
0.141663
0.146334
0.211004
0.0704797
0.131519
0.128162
0.130401
0.16523
0.152585
0.165253
0.209427
0.225624
0.211124
0.190524
0.214812
0.133382
0.0524949
0.22641
0.22641
0.22641
0.22641
0.189018
0.22641
0.22641
0.162201
0.0902008
0.158239
0.0920014
0.140517
0.22641
0.0758896
0.122782
0.124748
0.104902
0.141825
0.111288
0.0770985
0.104788
0.177627
0.123026
0.11147
0.131622
0.155773
0.0587459
0.226074
0.226074
0.226074
0.226074
0.177625
0.226074
0.190947
0.134639
0.106033
0.194188
0.200791
0.21115
0.215423
0.1905
0.19828
0.153031
0.0999529
0.127249
0.126025
0.0881361
0.109944
0.173848
0.12397
0.11231
0.128804
0.158792
0.0871312
0.226074
0.166567
0.10381
0.134615
0.127216
0.141293
0.224654
0.108107
0.120539
0.215702
0.215702
0.215702
0.203796
0.186962
0.188251
0.161889
0.0970478
0.0772842
0.134985
0.0894565
0.103044
0.215702
0.215702
0.202998
0.201196
0.135947
0.107422
0.215702
0.187088
0.138214
0.137297
0.12875
0.163819
0.215702
0.166246
0.144725
0.215702
0.0907057
0.135152
0.153066
0.109539
0.194265
0.185732
0.109856
0.0746547
0.166587
0.121828
0.119081
0.210909
0.210909
0.210909
0.19321
0.138328
0.094049
0.163597
0.17215
0.108365
0.176834
0.169154
0.138114
0.17435
0.189021
0.17831
0.210909
0.0893992
0.167365
0.184242
0.132071
0.209293
0.17916
0.129197
0.133788
0.0947165
0.125151
0.19495
0.210909
0.171374
0.161395
0.210909
0.210909
0.0671977
0.207791
0.197669
0.219148
0.220829
0.220829
0.220829
0.145761
0.0990267
0.137048
0.220829
0.220829
0.154089
0.220829
0.123723
0.0778663
0.208434
0.0530847
0.0578245
0.112748
0.15306
0.21388
0.220829
0.193516
0.189043
0.111105
0.0877403
0.161446
0.20161
0.0887236
0.220829
0.220829
0.112816
0.0496839
0.100554
0.082233
0.119106
0.21417
0.21417
0.128907
0.175129
0.139318
0.124167
0.168442
0.0703127
0.137322
0.21417
0.21417
0.144218
0.20306
0.143805
0.19591
0.21417
0.207901
0.165496
0.164416
0.0778171
0.195655
0.183109
0.083032
0.0913648
0.126039
0.196766
0.14184
0.21417
0.148751
0.179738
0.183962
0.138335
0.138456
0.131522
0.21417
0.128599
0.197841
0.189897
0.141807
0.212122
0.161062
0.223071
0.223071
0.223071
0.148389
0.166225
0.144917
0.137837
0.223071
0.0676669
0.138265
0.144091
0.170023
0.149058
0.20194
0.146911
0.164305
0.167613
0.129842
0.198851
0.194845
0.223071
0.107267
0.195648
0.160674
0.138407
0.188701
0.0978828
0.122319
0.110255
0.06552
0.162523
0.218124
0.146148
0.188212
0.218124
0.0926837
0.159285
0.167419
0.153299
0.185009
0.166118
0.105853
0.150646
0.172684
0.150387
0.149171
0.186073
0.218124
0.112576
0.194984
0.217836
0.210115
0.218124
0.146959
0.148633
0.172457
0.0771274
0.146716
0.185994
0.125144
0.181051
0.218124
0.151649
0.138537
0.112647
0.0852966
0.156628
0.186364
0.101336
0.142188
0.171878
0.154908
0.148779
0.165843
0.201357
0.107703
0.216099
0.190072
0.142893
0.192273
0.135263
0.17087
0.216099
0.136568
0.119073
0.158462
0.114727
0.172809
0.216099
0.216099
0.141532
0.183752
0.10677
0.124993
0.216099
0.148167
0.125609
0.216099
0.1734
0.139317
0.216099
0.134306
0.109188
0.219946
0.172067
0.139856
0.182274
0.14707
0.176547
0.219946
0.155856
0.132105
0.219946
0.105758
0.174734
0.211392
0.112611
0.179003
0.199026
0.106358
0.0934306
0.18209
0.12899
0.1197
0.207815
0.206303
0.161225
0.219946
0.144173
0.0987683
0.0932586
0.219946
0.205373
0.219946
0.15184
0.154797
0.131916
0.0916998
0.148027
0.215403
0.0960517
0.174769
0.215456
0.134358
0.181414
0.180354
0.11613
0.128539
0.0815741
0.126916
0.174545
0.215456
0.173138
0.162334
0.215456
0.204902
0.0964354
0.0933995
0.215456
0.153254
0.215456
0.120392
0.188436
0.174353
0.115816
0.135931
0.100622
0.215456
0.178136
0.154109
0.16017
0.215456
0.215456
0.102202
0.0690864
0.118109
0.142378
0.173745
0.226075
0.167451
0.14725
0.112731
0.102388
0.119192
0.132071
0.0743969
0.176968
0.226075
0.159456
0.0628587
0.0780555
0.114158
0.163881
0.134872
0.164892
0.208668
0.226075
0.216053
0.226075
0.226075
0.166267
0.118291
0.146562
0.221782
0.217749
0.215927
0.176379
0.185086
0.146186
0.172662
0.135169
0.135772
0.0770654
0.184965
0.210891
0.117182
0.0911469
0.103325
0.197592
0.141409
0.185545
0.118143
0.161063
0.179965
0.143704
0.158767
0.136787
0.21169
0.136285
0.126947
0.183413
0.155885
0.152677
0.128562
0.21089
0.21169
0.21169
0.21169
0.169774
0.135534
0.150205
0.21169
0.21169
0.139791
0.204421
0.196798
0.156643
0.171277
0.142161
0.180249
0.174804
0.143955
0.22076
0.19483
0.222055
0.123884
0.193366
0.159507
0.146963
0.185889
0.12061
0.121937
0.103075
0.0890145
0.222055
0.143756
0.13866
0.165103
0.222055
0.153302
0.157617
0.222055
0.222055
0.129773
0.15558
0.149689
0.222055
0.222055
0.103084
0.116473
0.127121
0.0932683
0.134807
0.2034
0.214854
0.214854
0.214854
0.170036
0.134663
0.148014
0.0832833
0.132798
0.178209
0.147963
0.193624
0.214854
0.144099
0.183849
0.149356
0.0915437
0.139467
0.195986
0.208787
0.214854
0.214854
0.0965889
0.138658
0.143078
0.117009
0.0949587
0.0964902
0.147778
0.190967
0.214854
0.0908421
0.153315
0.214854
0.169337
0.0977299
0.15167
0.117165
0.156895
0.211565
0.190424
0.161111
0.18057
0.0789914
0.147565
0.207312
0.119662
0.149653
0.19102
0.184281
0.156668
0.212937
0.113919
0.0974689
0.124447
0.130527
0.142226
0.168368
0.1309
0.130056
0.188373
0.137985
0.212937
0.212931
0.212937
0.212937
0.212937
0.148673
0.153524
0.212937
0.177763
0.0973717
0.176376
0.099788
0.11978
0.176028
0.203321
0.156968
0.211192
0.113216
0.118241
0.104731
0.186552
0.152039
0.211192
0.147609
0.13301
0.126629
0.0944166
0.192286
0.202507
0.189095
0.202382
0.211192
0.199944
0.142233
0.211192
0.181888
0.180302
0.180417
0.211192
0.196599
0.211192
0.0865993
0.104974
0.127903
0.154391
0.0960838
0.100772
0.176671
0.116294
0.200403
0.114139
0.145553
0.146538
0.106679
0.11522
0.0836077
0.203279
0.133234
0.131204
0.153636
0.229208
0.228034
0.101513
0.171746
0.149263
0.168594
0.204171
0.229208
0.109867
0.120016
0.137343
0.206195
0.129074
0.132846
0.187364
0.143083
0.229208
0.229208
0.229208
0.229208
0.17703
0.129737
0.112192
0.149992
0.173844
0.233752
0.175551
0.233752
0.233752
0.152877
0.0836339
0.10174
0.182412
0.153463
0.185713
0.232274
0.184571
0.1026
0.168561
0.117037
0.233752
0.100611
0.154865
0.233752
0.233752
0.233752
0.0922189
0.0873756
0.0286974
0.0520026
0.160634
0.15985
0.233752
0.233752
0.110392
0.0290748
0.0666107
0.0985151
0.106977
0.174569
0.129542
0.168676
0.178721
0.217202
0.175471
0.187439
0.191425
0.120764
0.14649
0.139036
0.263959
0.176021
0.10666
0.171935
0.147264
0.0335852
0.0517568
0.173919
0.17464
0.268204
0.268204
0.183725
0.0566132
0.0723337
0.0485415
0.0454726
0.0970102
0.160663
0.268204
0.268204
0.250872
0.0461638
0.0600615
0.179492
0.105614
0.143431
0.137667
0.245871
0.102226
0.102983
0.199155
0.151391
0.137632
0.133953
0.129914
0.156184
0.147711
0.138968
0.101435
0.139172
0.108248
0.0582249
0.066608
0.0796801
0.172453
0.252556
0.252556
0.252556
0.067767
0.0652703
0.172297
0.236731
0.211833
0.125766
0.252556
0.252556
0.213171
0.158495
0.153878
0.152132
0.18717
0.195269
0.21935
0.19398
0.137924
0.105833
0.146568
0.112867
0.0772332
0.0793596
0.144409
0.133336
0.148629
0.0779407
0.160681
0.214082
0.135111
0.200456
0.229104
0.229104
0.179557
0.229104
0.229104
0.229104
0.166147
0.192382
0.0881778
0.092888
0.130852
0.12683
0.216158
0.110606
0.123059
0.176939
0.173316
0.0897238
0.138075
0.154082
0.133299
0.155895
0.113698
0.143701
0.190929
0.115152
0.216909
0.216909
0.216909
0.216909
0.216909
0.203667
0.182926
0.216909
0.136281
0.103784
0.122385
0.142036
0.120657
0.212944
0.113518
0.10096
0.168896
0.195216
0.216909
0.126864
0.133329
0.127345
0.216909
0.0991511
0.216909
0.127841
0.187131
0.178171
0.207631
0.191516
0.174779
0.209453
0.208323
0.153818
0.209453
0.154234
0.182831
0.166583
0.19305
0.154286
0.209453
0.0978614
0.0894443
0.141404
0.159511
0.192887
0.172364
0.127679
0.101021
0.209453
0.107111
0.209453
0.118719
0.126459
0.0786864
0.187203
0.172621
0.14831
0.209453
0.162645
0.136878
0.166288
0.133159
0.15932
0.13481
0.159812
0.155833
0.21708
0.109944
0.110967
0.148419
0.192301
0.121424
0.118104
0.186325
0.107259
0.21708
0.21708
0.21708
0.21708
0.176886
0.0841454
0.21708
0.179684
0.152211
0.21708
0.195727
0.148364
0.16094
0.12014
0.130131
0.0498819
0.174643
0.176297
0.135613
0.15319
0.21708
0.153834
0.174071
0.136203
0.257124
0.142008
0.211801
0.257124
0.257124
0.257124
0.142446
0.145562
0.039394
0.0554887
0.204043
0.200097
0.257124
0.257124
0.167857
0.0333855
0.0982658
0.124319
0.257124
0.173305
0.128315
0.217359
0.0716444
0.0707526
0.126962
0.146901
0.0269757
0.0508794
0.107105
0.245747
0.198176
0.0868143
0.0723517
0.0366982
0.0359917
0.0392129
0.0592121
0.218855
0.222484
0.281238
0.281238
0.248575
0.0685312
0.088259
0.0444093
0.0506323
0.165304
0.234596
0.281238
0.281238
0.220239
0.0473629
0.0707966
0.0288527
0.0544536
0.134489
0.268027
0.224641
0.0986621
0.069733
0.0482045
0.0385324
0.0185058
0.0396475
0.128458
0.26425
0.281238
0.150748
0.0961852
0.047461
0.00939277
0.0543607
0.074685
0.132364
0.19899
0.246705
0.246705
0.225753
0.0732272
0.0630849
0.196523
0.244563
0.233838
0.135662
0.246705
0.246705
0.246705
0.193167
0.151553
0.0149042
0.0214526
0.133816
0.232275
0.246705
0.152572
0.0846558
0.036604
0.00432251
0.00970409
0.0329357
0.148199
0.246705
0.246705
0.141137
0.0821598
0.0268087
0.0215016
0.188368
0.243109
0.243109
0.143537
0.243109
0.243109
0.219594
0.154392
0.152128
0.0722455
0.0839551
0.0901492
0.111664
0.243109
0.234657
0.155345
0.142746
0.115651
0.00715132
0.0276329
0.175036
0.243109
0.243109
0.203296
0.0739396
0.0183303
0.0151069
0.00565823
0.0290718
0.143834
0.243109
0.243109
0.243109
0.102781
0.0261693
0.0159428
0.086175
0.120413
0.111345
0.111237
0.254748
0.254748
0.116041
0.1205
0.146217
0.141758
0.148385
0.165591
0.11192
0.254748
0.174041
0.194292
0.102798
0.161212
0.0085176
0.0437925
0.199477
0.252677
0.254748
0.254748
0.0872347
0.026272
0.0132586
0.0430692
0.0850169
0.18212
0.229972
0.254748
0.254748
0.204677
0.0803066
0.0736521
0.126668
0.187221
0.1659
0.0966232
0.241228
0.15576
0.196784
0.0967506
0.120824
0.0658989
0.169966
0.175661
0.13946
0.241228
0.163053
0.153051
0.161464
0.154311
0.0376179
0.0891912
0.195709
0.197859
0.241228
0.241228
0.17265
0.0660138
0.0404418
0.0291769
0.11834
0.131679
0.241228
0.241228
0.241228
0.241228
0.106889
0.0994901
0.0701195
0.198884
0.176283
0.143677
0.244428
0.185621
0.181043
0.153926
0.115384
0.123442
0.0617707
0.156836
0.17997
0.118957
0.156043
0.188217
0.1574
0.13493
0.0384443
0.0939071
0.118107
0.201871
0.244428
0.244428
0.244428
0.127897
0.10329
0.0683881
0.100209
0.109747
0.186725
0.244428
0.244428
0.244428
0.139397
0.123788
