0.0900697
0.104571
0.165037
0.273626
0.273626
0.178021
0.13882
0.1495
0.0710834
0.073233
0.170014
0.171531
0.234427
0.273626
0.273626
0.143736
0.22412
0.102256
0.0630277
0.0908165
0.105389
0.166256
0.198492
0.1206
0.14884
0.102804
0.0630632
0.0592122
0.0937272
0.249651
0.231577
0.201938
0.0511463
0.162675
0.180901
0.0585963
0.0857051
0.140044
0.134577
0.207384
0.277693
0.277693
0.155211
0.205779
0.114306
0.0358472
0.08771
0.128228
0.25321
0.277693
0.277693
0.191974
0.13376
0.114907
0.0821748
0.114457
0.193896
0.203645
0.212129
0.0742865
0.179714
0.194125
0.0605244
0.0962204
0.0935348
0.137101
0.14392
0.146084
0.163535
0.142053
0.108855
0.0759816
0.0589436
0.0869857
0.127726
0.273057
0.273057
0.273057
0.170874
0.120792
0.138709
0.0617048
0.110104
0.117837
0.273057
0.273057
0.225401
0.10578
0.0728895
0.0916173
0.126123
0.111247
0.122079
0.152631
0.191537
0.186087
0.149636
0.140163
0.0879726
0.0837932
0.110708
0.11133
0.210458
0.232794
0.0914711
0.0985016
0.20293
0.233059
0.0685792
0.109066
0.124234
0.282732
0.282732
0.206875
0.0848186
0.0700565
0.102159
0.0737362
0.123722
0.0798413
0.128471
0.282732
0.282732
0.159089
0.127046
0.042205
0.0760328
0.132272
0.115755
0.221024
0.262007
0.121109
0.121821
0.192365
0.183699
0.0663901
0.172845
0.251345
0.16994
0.13617
0.143648
0.168915
0.155469
0.152902
0.0663584
0.104808
0.0827192
0.155638
0.293007
0.225838
0.145511
0.145598
0.0606189
0.148971
0.147329
0.19503
0.25844
0.293007
0.215356
0.116369
0.178077
0.0949954
0.062813
0.195371
0.237022
0.178777
0.16461
0.178125
0.163002
0.137512
0.105016
0.09035
0.118162
0.100879
0.1637
0.222272
0.155208
0.0940543
0.125155
0.180878
0.144422
0.121144
0.163947
0.270116
0.270116
0.161965
0.126384
0.194085
0.107704
0.0852088
0.104746
0.103751
0.140798
0.270116
0.270116
0.0818911
0.161675
0.154047
0.101162
0.175281
0.133845
0.165249
0.244731
0.145198
0.0997925
0.147658
0.167357
0.0954028
0.210537
0.116083
0.108472
0.258792
0.0850904
0.125251
0.167943
0.158638
0.108428
0.110478
0.114074
0.210729
0.256738
0.220061
0.0954386
0.196808
0.1405
0.121647
0.151522
0.149975
0.256738
0.256738
0.202509
0.0821831
0.140735
0.0703137
0.107371
0.256738
0.18761
0.126575
0.23906
0.104884
0.149168
0.203111
0.134568
0.0454732
0.147193
0.153699
0.168157
0.159349
0.112688
0.14685
0.204616
0.128531
0.102616
0.118839
0.162034
0.200572
0.218419
0.151565
0.201117
0.148446
0.0816984
0.0956109
0.11592
0.218419
0.218419
0.218419
0.0919434
0.203031
0.218419
0.0885529
0.102084
0.218419
0.156672
0.191314
0.218419
0.150859
0.124004
0.161131
0.0928929
0.143147
0.177844
0.194569
0.178306
0.218419
0.088819
0.169689
0.218419
0.0672864
0.0997921
0.123789
0.215713
0.215713
0.215713
0.120449
0.215713
0.215713
0.105853
0.138861
0.144209
0.16613
0.17439
0.171163
0.193754
0.174714
0.139662
0.07487
0.198234
0.215713
0.181138
0.161829
0.179748
0.122174
0.199647
0.215713
0.107443
0.109919
0.156545
0.207835
0.0950578
0.113267
0.189142
0.215713
0.0993209
0.109363
0.153743
0.158551
0.139388
0.179723
0.188421
0.197577
0.181728
0.198342
0.0955492
0.103004
0.131968
0.182969
0.214161
0.214161
0.108605
0.183421
0.214161
0.214161
0.124814
0.165864
0.210037
0.111187
0.141388
0.189276
0.214161
0.121232
0.125311
0.046369
0.142979
0.153573
0.153279
0.214161
0.0650236
0.18244
0.161019
0.205999
0.0866894
0.154778
0.170947
0.213763
0.213763
0.134966
0.189048
0.213763
0.201407
0.0735608
0.164727
0.213763
0.184064
0.204542
0.162269
0.195972
0.146417
0.171964
0.0557026
0.155478
0.154442
0.177123
0.213763
0.070477
0.183077
0.143782
0.155994
0.0980155
0.146179
0.168957
0.15237
0.213763
0.144578
0.191956
0.137153
0.146012
0.067622
0.182585
0.211198
0.194969
0.211198
0.19511
0.196434
0.132445
0.118076
0.100742
0.119246
0.116075
0.197488
0.211198
0.191716
0.134083
0.118517
0.195223
0.0920704
0.140777
0.138567
0.150194
0.211198
0.154536
0.189097
0.15554
0.153251
0.106642
0.198528
0.211198
0.211198
0.183107
0.184625
0.170861
0.144795
0.136548
0.111506
0.175992
0.172262
0.203684
0.207058
0.179932
0.130857
0.130421
0.174377
0.117861
0.207058
0.133136
0.152076
0.207058
0.11719
0.14032
0.194685
0.141893
0.0998675
0.179887
0.199507
0.188744
0.181269
0.171938
0.165457
0.171349
0.207058
0.150276
0.149239
0.184927
0.191643
0.193349
0.066811
0.11274
0.198412
0.155557
0.129445
0.214633
0.207839
0.166628
0.214633
0.123957
0.145235
0.214633
0.112439
0.0585744
0.169705
0.150091
0.204167
0.188941
0.131848
0.15265
0.214633
0.106563
0.17781
0.173004
0.149023
0.178964
0.203356
0.0676555
0.11034
0.185774
0.188306
0.133432
0.131612
0.0681846
0.21461
0.214633
0.214633
0.214633
0.137388
0.0892148
0.108721
0.209557
0.147423
0.179306
0.217852
0.144427
0.110409
0.15024
0.0928474
0.136366
0.161637
0.197473
0.175877
0.197652
0.115439
0.190916
0.217852
0.0790218
0.136687
0.179347
0.128516
0.217852
0.217852
0.0905231
0.174669
0.209632
0.112297
0.101594
0.160683
0.217852
0.175442
0.130706
0.151842
0.217852
0.215585
0.124436
0.160406
0.214449
0.201007
0.17618
0.166127
0.157479
0.214475
0.214475
0.11421
0.101464
0.162451
0.187469
0.109015
0.100402
0.168506
0.201765
0.155563
0.0844806
0.141167
0.191786
0.214475
0.189143
0.114819
0.174466
0.214475
0.187498
0.149322
0.0711644
0.214475
0.20216
0.165452
0.129598
0.0942152
0.159916
0.172074
0.139434
0.112214
0.202219
0.203849
0.136573
0.126719
0.181974
0.213041
0.189834
0.113757
0.0525454
0.138419
0.165615
0.175789
0.213041
0.0997069
0.186821
0.152527
0.162585
0.0941329
0.213041
0.183245
0.171627
0.166063
0.110961
0.184078
0.192393
0.154311
0.119753
0.213041
0.157281
0.148968
0.109631
0.164461
0.185637
0.213041
0.212463
0.0613785
0.163594
0.161132
0.193186
0.213192
0.0988843
0.188038
0.148085
0.138772
0.113058
0.15706
0.141558
0.156677
0.213192
0.13672
0.183074
0.137308
0.154927
0.106579
0.213192
0.161217
0.192281
0.137421
0.163276
0.152926
0.213192
0.192575
0.0788721
0.213192
0.213192
0.213192
0.207087
0.115857
0.167348
0.201835
0.114007
0.0874707
0.125349
0.10192
0.141262
0.210395
0.124678
0.154626
0.14257
0.14445
0.0819904
0.119507
0.215575
0.215575
0.215575
0.179547
0.167979
0.178717
0.144722
0.0663968
0.215575
0.215575
0.215575
0.202056
0.10618
0.13335
0.141468
0.125617
0.0635741
0.0970262
0.215575
0.215575
0.215575
0.197402
0.13098
0.206516
0.215575
0.080903
0.125663
0.162386
0.209323
0.20706
0.168869
0.143707
0.164771
0.178498
0.135105
0.130014
0.180643
0.200524
0.164651
0.102694
0.103469
0.190932
0.118281
0.0777906
0.0851183
0.2141
0.2141
0.2141
0.207013
0.12403
0.16189
0.2141
0.121395
0.0573698
0.211283
0.190765
0.122409
0.164741
0.2141
0.2141
0.188837
0.181984
0.177951
0.170171
0.206243
0.189764
0.105497
0.100632
0.175036
0.149318
0.188107
0.129966
0.079267
0.200726
0.20725
0.20725
0.20725
0.205944
0.107184
0.132737
0.0937337
0.191979
0.16486
0.134216
0.160066
0.20725
0.188507
0.20725
0.117745
0.132414
0.139245
0.158416
0.20725
0.202304
0.138312
0.141012
0.13275
0.128644
0.193947
0.129169
0.187822
0.213598
0.101419
0.184938
0.181038
0.102772
0.0987762
0.172748
0.213598
0.15913
0.106663
0.178453
0.213598
0.213598
0.122597
0.127538
0.149262
0.213598
0.213598
0.213598
0.182563
0.15422
0.177704
0.14568
0.114146
0.145033
0.213598
0.124908
0.204178
0.170907
0.160572
0.10309
0.111574
0.128648
0.214401
0.214401
0.174221
0.0932581
0.190998
0.214401
0.207774
0.130852
0.0552926
0.21187
0.192759
0.147612
0.0955726
0.102507
0.169286
0.214401
0.145592
0.118058
0.152259
0.214401
0.120482
0.214005
0.179838
0.214401
0.133677
0.116487
0.133474
0.192389
0.214401
0.174887
0.185565
0.0779309
0.133843
0.148444
0.149593
0.0712196
0.217676
0.176897
0.15271
0.132728
0.110958
0.175217
0.200666
0.13688
0.121337
0.217676
0.14322
0.134507
0.104381
0.205427
0.175774
0.217676
0.174595
0.13896
0.16171
0.204363
0.169035
0.200787
0.0886107
0.175744
0.182494
0.141947
0.12969
0.217676
0.217676
0.146877
0.217676
0.144548
0.16598
0.162557
0.0837782
0.105668
0.223924
0.135097
0.173254
0.12878
0.175071
0.140378
0.189331
0.145333
0.0692372
0.223924
0.182851
0.169486
0.134612
0.114942
0.142246
0.164406
0.143665
0.117086
0.223924
0.163799
0.133345
0.223924
0.126261
0.18115
0.181867
0.07488
0.0700942
0.171427
0.135629
0.106619
0.207723
0.215651
0.223924
0.223924
0.223924
0.0662061
0.200678
0.191356
0.213512
0.161522
0.112946
0.125436
0.127009
0.11547
0.0530205
0.0748354
0.208018
0.220485
0.220485
0.193178
0.135044
0.205887
0.220485
0.0894096
0.161959
0.104826
0.124533
0.210636
0.17451
0.220485
0.210627
0.220485
0.0868663
0.114222
0.158619
0.220485
0.220485
0.0851937
0.107621
0.113391
0.204492
0.0686641
0.075017
0.219741
0.219741
0.219741
0.219741
0.140966
0.166089
0.219741
0.121213
0.0569168
0.211118
0.204687
0.153159
0.196915
0.219741
0.219741
0.201972
0.135777
0.155178
0.180959
0.219741
0.219741
0.106091
0.0900806
0.10468
0.136007
0.108102
0.0749765
0.162737
0.117441
0.128032
0.139592
0.152739
0.125556
0.208701
0.119156
0.0909377
0.20357
0.180151
0.156856
0.201976
0.20357
0.192919
0.20357
0.167963
0.135893
0.150169
0.146687
0.20357
0.161701
0.147205
0.194787
0.132741
0.140177
0.122779
0.20357
0.152447
0.158323
0.149958
0.140437
0.130289
0.20357
0.109602
0.201478
0.194081
0.20357
0.20357
0.161893
0.177109
0.118818
0.112362
0.158692
0.203438
0.206793
0.19388
0.205952
0.206793
0.184793
0.194525
0.131027
0.159038
0.206793
0.206793
0.126124
0.19577
0.194079
0.155278
0.145091
0.135004
0.136296
0.133518
0.125461
0.16968
0.206793
0.110028
0.206793
0.154714
0.206793
0.130499
0.113582
0.121617
0.18184
0.206793
0.104751
0.150051
0.0962267
0.0637585
0.163476
0.206795
0.206795
0.115961
0.203621
0.206661
0.198919
0.19697
0.14938
0.147033
0.206795
0.206795
0.156053
0.139642
0.103512
0.125601
0.161079
0.168318
0.146817
0.109235
0.155576
0.205937
0.206795
0.140666
0.135856
0.11765
0.132407
0.0753999
0.141003
0.206795
0.206795
0.17471
0.13076
0.143124
0.206795
0.152428
0.132288
0.16873
0.175151
0.142248
0.152651
0.115219
0.171976
0.163487
0.154907
0.151901
0.209631
0.209631
0.162431
0.209631
0.166774
0.157161
0.151244
0.100014
0.0966536
0.14369
0.185102
0.206432
0.138186
0.173367
0.142189
0.205828
0.19767
0.146448
0.131752
0.209631
0.209631
0.154077
0.168257
0.209631
0.11957
0.157778
0.132541
0.218946
0.161764
0.160165
0.218946
0.137379
0.182587
0.149355
0.0862311
0.0757454
0.150778
0.130516
0.106206
0.188405
0.211401
0.218946
0.218946
0.218946
0.164493
0.174764
0.191685
0.193568
0.142543
0.155129
0.18561
0.111007
0.153023
0.109312
0.21604
0.0853525
0.139236
0.121067
0.218946
0.175022
0.138737
0.166865
0.110116
0.150315
0.106743
0.132491
0.21782
0.203733
0.21782
0.194757
0.21782
0.115609
0.157486
0.187761
0.21782
0.21782
0.114749
0.125367
0.0891519
0.208757
0.0864347
0.21782
0.0949465
0.158776
0.19096
0.183864
0.184491
0.163434
0.150181
0.0628667
0.12218
0.1264
0.21782
0.21782
0.147278
0.192366
0.13176
0.131581
0.177151
0.206217
0.220296
0.22765
0.22765
0.172525
0.131869
0.0899964
0.133422
0.140253
0.0927138
0.166781
0.133042
0.178906
0.194337
0.151682
0.130356
0.22765
0.0622955
0.144252
0.154144
0.22765
0.22765
0.15242
0.22765
0.177445
0.12217
0.112317
0.116237
0.12225
0.149579
0.193746
0.169337
0.100999
0.096583
0.206694
0.143849
0.11943
0.193034
0.152762
0.193884
0.194709
0.138098
0.13144
0.209801
0.122269
0.206642
0.175181
0.208227
0.209801
0.202689
0.209801
0.144746
0.104563
0.112328
0.116857
0.120218
0.156658
0.199983
0.137668
0.103598
0.132911
0.187504
0.16033
0.209801
0.209801
0.143226
0.200308
0.153278
0.209801
0.128764
0.0982179
0.128868
0.151881
0.136469
0.146453
0.21137
0.120334
0.199219
0.136913
0.131721
0.144344
0.161712
0.0976078
0.155969
0.221257
0.124495
0.134969
0.093585
0.0969621
0.159325
0.19499
0.174714
0.221257
0.221257
0.184546
0.135208
0.135042
0.207434
0.0618452
0.117806
0.172506
0.205644
0.221257
0.221257
0.221257
0.221257
0.112376
0.14838
0.124492
0.101775
0.16288
0.2152
0.183626
0.131003
0.137813
0.186087
0.105107
0.181959
0.193238
0.189363
0.136323
0.137499
0.146432
0.145383
0.150569
0.0519052
0.141603
0.2152
0.2152
0.2152
0.2152
0.2152
0.2152
0.14486
0.0996082
0.206372
0.176801
0.138236
0.153142
0.188926
0.20324
0.123359
0.120605
0.111583
0.160696
0.154838
0.170801
0.118762
0.169428
0.137683
0.155048
0.192538
0.150878
0.148213
0.156527
0.213114
0.178037
0.151492
0.185014
0.136576
0.185567
0.083747
0.213114
0.186333
0.151181
0.174306
0.1971
0.188271
0.106602
0.144889
0.0905101
0.154964
0.121418
0.213114
0.213114
0.189383
0.132519
0.213114
0.213114
0.165564
0.171204
0.137894
0.206362
0.192771
0.144686
0.170001
0.121122
0.174399
0.0976449
0.143428
0.0816484
0.160876
0.152714
0.17264
0.135895
0.118021
0.163047
0.0970681
0.191302
0.139952
0.219627
0.219627
0.206375
0.145247
0.219627
0.219627
0.120256
0.114201
0.160529
0.219627
0.219627
0.157388
0.19219
0.133479
0.152747
0.0874581
0.159429
0.101912
0.192216
0.223827
0.154855
0.147925
0.130453
0.166968
0.0733689
0.125584
0.142013
0.223827
0.223827
0.148084
0.158945
0.13239
0.11103
0.127136
0.140328
0.196423
0.223827
0.223827
0.215884
0.19256
0.172531
0.181738
0.0913442
0.151517
0.145521
0.158113
0.223827
0.223827
0.19259
0.120272
0.0991462
0.0638225
0.114335
0.165437
0.240417
0.240417
0.160883
0.187162
0.158667
0.115199
0.108826
0.120749
0.135076
0.156884
0.213894
0.14319
0.090987
0.0859953
0.194092
0.0860097
0.151453
0.167386
0.198713
0.240417
0.240417
0.178462
0.113377
0.110302
0.0515501
0.127941
0.240417
0.220793
0.240417
0.154634
0.206516
0.113552
0.136026
0.104043
0.112636
0.130212
0.158255
0.202353
0.134351
0.108177
0.144515
0.196253
0.14696
0.222868
0.195063
0.0990237
0.189034
0.171658
0.221853
0.163035
0.0995276
0.0501596
0.0990958
0.222868
0.222868
0.222868
0.188546
0.204098
0.143126
0.158842
0.103792
0.222868
0.15981
0.113651
0.222868
0.157641
0.140986
0.222868
0.0844169
0.147374
0.179012
0.203569
0.225172
0.225172
0.203286
0.108257
0.130017
0.158481
0.0575604
0.132547
0.158838
0.195854
0.225172
0.225172
0.202935
0.175324
0.128754
0.0838711
0.135315
0.124792
0.183512
0.225172
0.225172
0.131844
0.133485
0.0916809
0.0523535
0.0888734
0.105607
0.162545
0.225172
0.225172
0.225172
0.0978724
0.0666825
0.0443648
0.130783
0.178572
0.198871
0.229653
0.229653
0.227081
0.21558
0.175465
0.0982549
0.200722
0.132025
0.114033
0.164906
0.159573
0.195886
0.102424
0.134019
0.0475312
0.076733
0.132608
0.181786
0.222263
0.229653
0.229653
0.112706
0.0793299
0.017355
0.0734902
0.229653
0.177108
0.229653
0.229653
0.17785
0.115066
0.050037
0.0853565
0.216016
0.14484
0.143349
0.191712
0.155659
0.181018
0.112168
0.150355
0.0705893
0.150566
0.0904848
0.21942
0.21942
0.213512
0.1508
0.21942
0.21942
0.0147258
0.0750092
0.21942
0.191659
0.21942
0.21942
0.173762
0.136713
0.0480342
0.0267553
0.113992
0.192845
0.208683
0.195765
0.21942
0.171189
0.146339
0.0948437
0.081766
0.184502
0.11435
0.217828
0.223654
0.223654
0.14981
0.223654
0.223654
0.153676
0.107073
0.164961
0.223654
0.223654
0.144603
0.161441
0.11537
0.147641
0.0370881
0.135224
0.21553
0.223654
0.171533
0.219884
0.179376
0.138841
0.0756043
0.0697831
0.106322
0.161121
0.223654
0.210135
0.150306
0.0995895
0.0563425
0.0934496
0.159349
0.129056
0.229682
0.229682
0.229682
0.201099
0.160595
0.139912
0.189899
0.0966343
0.142577
0.195592
0.205017
0.229682
0.229682
0.184654
0.119418
0.0773112
0.0670348
0.125768
0.228004
0.229682
0.229682
0.134646
0.0980864
0.0538755
0.0870995
0.0505579
0.0739873
0.141696
0.229682
0.229682
0.1912
0.0798629
0.0579677
0.109868
0.0791285
0.124793
0.235237
0.229172
0.235237
0.235237
0.169693
0.114703
0.104627
0.0609099
0.130362
0.235237
0.210797
0.235237
0.159058
0.18034
0.130103
0.142564
0.0524086
0.0752381
0.156057
0.235237
0.235237
0.193666
0.0694141
0.0749939
0.141795
0.067407
0.0994603
0.183859
0.211049
0.235237
0.110736
0.0869946
0.133096
0.196714
0.0559988
0.101461
0.223385
0.205898
0.223385
0.197019
0.201607
0.178086
0.171758
0.0992351
0.21907
0.13631
0.08943
0.223385
0.174037
0.15303
0.223385
0.099326
0.0897994
0.107303
0.183068
0.181167
0.223385
0.106803
0.0896747
0.156026
0.20161
0.137008
0.141607
0.0931756
0.104139
0.223385
0.152279
0.13373
0.190859
0.223385
0.121501
0.130628
0.163342
0.185883
0.217461
0.232411
0.148392
0.184301
0.102782
0.0581899
0.103694
0.17396
0.232411
0.232411
0.232411
0.232411
0.0978948
0.0872111
0.0348128
0.115336
0.232411
0.232411
0.161727
0.166582
0.149027
0.13323
0.0534875
0.0225417
0.0659528
0.232411
0.232411
0.232411
0.170001
0.150725
0.0881193
0.126018
0.0447815
0.0861175
0.181313
0.22325
0.226015
0.226015
0.193951
0.108516
0.0849747
0.0270425
0.102938
0.208694
0.167397
0.226015
0.22195
0.205133
0.148089
0.0751019
0.0233482
0.0659638
0.226015
0.226015
0.226015
0.171339
0.119685
0.0869586
0.131397
0.153456
0.151222
0.226015
0.103267
0.226015
0.193756
0.195076
0.144406
0.117629
0.0223723
0.104932
0.196038
0.189656
0.218769
0.218769
0.211728
0.183282
0.0746339
0.0210138
0.0832192
0.148539
0.193188
0.218769
0.218769
0.202115
0.127435
0.0831458
0.191568
0.163908
0.218769
0.126745
0.218769
0.185995
0.178731
0.138718
0.111793
0.0946134
0.167957
0.138284
0.120165
0.218769
0.218769
0.18707
0.169896
0.0630124
0.0353731
0.11615
0.214865
0.222093
0.222093
0.222093
0.222093
0.135693
0.0794452
0.112742
0.120137
0.211495
0.222093
0.222093
0.187691
0.152871
0.0722825
0.0890364
0.166395
0.20783
0.154854
0.175443
0.222093
0.222093
0.165297
0.168839
0.0616356
0.0368803
0.147307
0.0971444
0.191106
0.222093
0.123244
0.197496
0.123113
0.0563791
0.0972162
0.151488
0.237627
0.237627
0.237627
0.162229
0.134201
0.0659423
0.0917011
0.0696055
0.0981982
0.210964
0.237627
0.237627
0.224224
0.0928521
0.0840528
0.119808
0.0759291
0.160775
0.0929823
0.227313
0.237627
0.124436
0.166257
0.132688
0.0796414
0.0766965
0.149062
0.19436
0.237627
0.237627
0.196197
0.121123
0.125232
0.160445
0.0527845
0.099177
0.224386
0.224386
0.224386
0.187815
0.0891315
0.0971766
0.13556
0.0723371
0.099381
0.202202
0.21597
0.224386
0.143936
0.118433
0.166944
0.20798
0.0981781
0.145246
0.148615
0.224386
0.224386
0.180586
0.138567
0.146006
0.181781
0.110541
0.161434
0.107229
0.115139
0.218906
0.209849
0.224386
0.115656
0.167406
0.0877474
0.114214
0.2149
0.163465
0.2149
0.128929
0.144125
0.18078
0.194551
0.117717
0.127361
0.0821616
0.120395
0.2149
0.182398
0.128299
0.182496
0.2149
0.13521
0.164207
0.114987
0.122476
0.2149
0.208242
0.2149
0.132636
0.208845
0.0796493
0.120964
0.147035
0.182958
0.2149
0.141535
0.21418
0.189768
0.17592
0.0606164
0.138812
0.233755
0.210075
0.207509
0.203271
0.208649
0.179415
0.0737764
0.0259385
0.0822424
0.233755
0.233755
0.233755
0.145995
0.123253
0.118744
0.129441
0.0675622
0.151773
0.0908061
0.176489
0.233755
0.233755
0.165149
0.233755
0.143913
0.0828236
0.148473
0.14048
0.169019
0.233755
0.173484
0.113894
0.0961273
0.10468
0.028051
0.0858657
0.226855
0.226855
0.226855
0.143995
0.0940808
0.0911484
0.119643
0.17837
0.195326
0.204908
0.125165
0.226855
0.183361
0.226855
0.158785
0.106568
0.0618777
0.102574
0.0974111
0.142278
0.218265
0.21873
0.118921
0.123474
0.134946
0.215342
0.147595
0.162195
0.226855
0.226855
0.204476
0.066935
0.212439
0.0923575
0.168777
0.17054
0.214102
0.126809
0.214102
0.160866
0.173835
0.125827
0.0998998
0.0979387
0.154267
0.103752
0.152511
0.214102
0.214102
0.150478
0.160156
0.0843369
0.156636
0.140578
0.130386
0.214102
0.214102
0.211429
0.0753236
0.212271
0.133662
0.0932304
0.206175
0.124663
0.193871
0.214102
0.214102
0.13141
0.196542
0.141715
0.155486
0.192819
0.134709
0.204774
0.225931
0.222955
0.135523
0.159205
0.1051
0.0344225
0.118092
0.0956376
0.167253
0.225931
0.105284
0.213632
0.144179
0.0559183
0.0918554
0.225931
0.120766
0.225931
0.225931
0.225931
0.157611
0.225931
0.206942
0.00932833
0.121768
0.110078
0.225931
0.225931
0.0946759
0.134391
0.0960073
0.166866
0.0700774
0.141666
0.0978959
0.194748
0.226896
0.10906
0.172024
0.14032
0.0817095
0.078998
0.152561
0.169697
0.226896
0.226896
0.192399
0.114178
0.142638
0.159531
0.0320185
0.158657
0.11119
0.226896
0.226896
0.113717
0.143025
0.0869711
0.175959
0.0962091
0.14594
0.166804
0.204935
0.216849
0.226896
0.226896
0.226896
0.18912
0.0897183
0.155447
0.126552
0.209179
0.209179
0.157982
0.125438
0.140854
0.148947
0.0989698
0.139246
0.0797106
0.122971
0.208356
0.135568
0.209179
0.124351
0.156531
0.130299
0.18556
0.196609
0.209179
0.209179
0.205993
0.209179
0.167638
0.128866
0.162855
0.209179
0.207975
0.209179
0.164481
0.110037
0.194019
0.156245
0.135605
0.109218
0.132752
0.081316
0.120789
0.211346
0.130964
0.214405
0.118826
0.162894
0.0761306
0.105633
0.110386
0.168542
0.209119
0.155181
0.155814
0.157943
0.154263
0.164754
0.214405
0.214405
0.214405
0.17189
0.12437
0.134025
0.120515
0.145164
0.151207
0.214405
0.153011
0.137878
0.214405
0.214405
0.214405
0.214405
0.208962
0.0955889
0.181584
0.0625134
0.142196
0.221758
0.221758
0.175217
0.218108
0.17064
0.0752396
0.180386
0.144035
0.148302
0.221758
0.19532
0.0906602
0.141716
0.117081
0.112865
0.0808372
0.221758
0.214701
0.221758
0.137308
0.0887185
0.182336
0.174209
0.113203
0.176446
0.165215
0.149094
0.221758
0.206927
0.14642
0.221758
0.0872698
0.0711812
0.145193
0.112659
0.130541
0.214265
0.214265
0.0996656
0.139047
0.13879
0.214265
0.186681
0.136986
0.214265
0.214265
0.213269
0.0794256
0.208959
0.108764
0.101515
0.189409
0.161715
0.141521
0.214265
0.214265
0.17695
0.201443
0.0771148
0.137211
0.146898
0.130343
0.158241
0.214265
0.20005
0.183059
0.149498
0.137477
0.156499
0.158495
0.106583
0.179085
0.210903
0.210903
0.0773427
0.178191
0.130321
0.0908931
0.210903
0.167241
0.210903
0.210903
0.210903
0.170517
0.20955
0.159569
0.149256
0.166361
0.130967
0.122939
0.210903
0.207016
0.150035
0.107529
0.101025
0.158305
0.163008
0.0916996
0.151869
0.210903
0.210903
0.210903
0.103939
0.0974343
0.0787216
0.217796
0.159905
0.217796
0.217796
0.217796
0.172088
0.197626
0.192032
0.040622
0.0940981
0.109987
0.188134
0.19281
0.110661
0.147527
0.126963
0.13763
0.206772
0.194223
0.1316
0.144107
0.217796
0.217796
0.211966
0.107038
0.106519
0.145285
0.14605
0.134569
0.145947
0.217796
0.132535
0.176272
0.165479
0.149109
0.0447719
0.1188
0.0983448
0.204974
0.213718
0.12131
0.127559
0.0948128
0.13257
0.0701504
0.111377
0.152268
0.193043
0.154474
0.213718
0.213718
0.208614
0.148113
0.145785
0.168473
0.145757
0.163999
0.213718
0.136443
0.148588
0.130726
0.11243
0.169167
0.171777
0.204293
0.213718
0.213718
0.199864
0.192784
0.206511
0.213718
0.104595
0.147485
0.162183
0.188679
0.173433
0.193615
0.179736
0.138291
0.0971458
0.142738
0.205285
0.171298
0.214273
0.177395
0.0849608
0.102368
0.15555
0.114353
0.146048
0.150408
0.190585
0.214273
0.214273
0.201828
0.172685
0.196442
0.214273
0.0688986
0.169689
0.214273
0.214273
0.195076
0.10183
0.0783699
0.142193
0.159537
0.163587
0.190541
0.171759
0.215605
0.199279
0.12102
0.108115
0.126681
0.112946
0.121051
0.215605
0.162827
0.134238
0.215605
0.215605
0.215605
0.198133
0.207417
0.0696667
0.133152
0.191249
0.215605
0.215605
0.138425
0.0990389
0.163489
0.178974
0.0925773
0.135574
0.147863
0.118666
0.215605
0.215605
0.10387
0.0796593
0.160709
0.139539
0.105304
0.191276
0.204236
0.225253
0.170118
0.094015
0.17106
0.19543
0.0942778
0.187174
0.177056
0.170811
0.225253
0.225253
0.127214
0.225253
0.113413
0.0983209
0.179822
0.145587
0.225253
0.200893
0.0626047
0.128261
0.116629
0.131879
0.0682413
0.165836
0.107586
0.225253
0.225253
0.225253
0.0772247
0.192342
0.0699237
0.084778
0.193884
0.17306
0.165092
0.216888
0.216888
0.148233
0.216888
0.0841293
0.128612
0.172506
0.12793
0.140882
0.216888
0.216888
0.186432
0.136448
0.144675
0.0645825
0.188096
0.0980247
0.216888
0.216888
0.207501
0.132632
0.143549
0.0633383
0.122856
0.16321
0.153266
0.216888
0.198069
0.143264
0.216888
0.163762
0.0506187
0.157484
0.19991
0.140428
0.127571
0.216323
0.216323
0.181539
0.106429
0.103246
0.152648
0.216323
0.152036
0.187764
0.191449
0.216323
0.216323
0.144869
0.0996596
0.112798
0.201587
0.113647
0.183806
0.145512
0.0977384
0.216323
0.143128
0.0572903
0.161078
0.171476
0.149242
0.146714
0.192817
0.174419
0.207836
0.216323
0.0546377
0.16507
0.207625
0.166137
0.154383
0.204796
0.207625
0.207625
0.119461
0.0826219
0.146734
0.138724
0.159998
0.150318
0.207625
0.175535
0.207625
0.19167
0.121233
0.13458
0.177623
0.175554
0.152015
0.147756
0.14991
0.187676
0.169544
0.0555094
0.150375
0.144983
0.207625
0.176475
0.169664
0.1765
0.207625
0.104109
0.157506
0.127018
0.144642
0.166003
0.168487
0.210356
0.167251
0.162038
0.146112
0.1035
0.109999
0.178885
0.210356
0.210356
0.210356
0.173734
0.174181
0.183358
0.210356
0.110247
0.119934
0.210356
0.210356
0.164822
0.184241
0.176477
0.0884335
0.113361
0.137339
0.210356
0.156011
0.203977
0.210356
0.117787
0.153688
0.104523
0.107376
0.102052
0.162468
0.21513
0.21513
0.21513
0.200683
0.173415
0.189215
0.21513
0.0551989
0.177944
0.21513
0.21513
0.21513
0.133971
0.0933481
0.159181
0.15924
0.0950492
0.155887
0.144101
0.21513
0.21513
0.147891
0.148717
0.158922
0.144339
0.0422931
0.0828369
0.152504
0.130533
0.124968
0.101151
0.157138
0.196203
0.21513
0.0798948
0.160184
0.189187
0.225077
0.225077
0.201542
0.162398
0.213803
0.202099
0.0902506
0.127105
0.223755
0.159057
0.225077
0.225077
0.132912
0.0826099
0.186202
0.0330328
0.0910551
0.177268
0.157838
0.133805
0.144918
0.199614
0.225077
0.225077
0.0305425
0.112563
0.107889
0.186279
0.225077
0.189878
0.115719
0.0881172
0.059604
0.0973926
0.18262
0.114422
0.211845
0.210563
0.0990128
0.11196
0.109376
0.13205
0.0609179
0.143662
0.0922801
0.211845
0.211845
0.192277
0.0900012
0.192399
0.109727
0.157865
0.205548
0.19875
0.211845
0.177946
0.211845
0.190584
0.156632
0.173483
0.0954861
0.19121
0.0703624
0.190826
0.211845
0.184365
0.192245
0.211845
0.139897
0.0681636
0.181117
0.0870393
0.215867
0.215867
0.172397
0.142444
0.18399
0.107528
0.141615
0.15236
0.149131
0.215867
0.211653
0.130122
0.215867
0.14553
0.0697809
0.171305
0.215867
0.0764959
0.189691
0.215867
0.16156
0.18714
0.215867
0.170633
0.125159
0.136003
0.184589
0.132365
0.215867
0.176629
0.185924
0.0942662
0.10794
0.143219
0.203208
0.119566
0.215796
0.180423
0.126361
0.215796
0.138369
0.0679997
0.177116
0.20271
0.143951
0.17583
0.215796
0.191361
0.215796
0.215796
0.0631567
0.155151
0.151704
0.168867
0.134685
0.215796
0.13953
0.188393
0.0953354
0.121001
0.181768
0.150226
0.148617
0.100092
0.215796
0.181642
0.166099
0.148368
0.134851
0.150784
0.201181
0.156205
0.158623
0.190298
0.165333
0.216011
0.191116
0.057322
0.146956
0.163412
0.216213
0.216213
0.200726
0.207856
0.216213
0.12109
0.138385
0.145241
0.15096
0.122934
0.0910905
0.216213
0.145885
0.153958
0.151784
0.115882
0.155364
0.134952
0.216213
0.216213
0.216213
0.103518
0.14368
0.123583
0.0814536
0.118258
0.133536
0.215879
0.215879
0.17843
0.206751
0.187487
0.115413
0.13482
0.109195
0.215879
0.215879
0.215879
0.215879
0.142638
0.168855
0.120744
0.129875
0.125926
0.134265
0.180217
0.215879
0.211228
0.113429
0.166387
0.156868
0.0936379
0.109616
0.0917845
0.145777
0.215879
0.215879
0.215841
0.111429
0.138259
0.102836
0.0828797
0.203583
0.210107
0.210107
0.210107
0.169563
0.18966
0.192444
0.186407
0.046726
0.126778
0.142988
0.112331
0.165242
0.151216
0.210107
0.210107
0.210107
0.116175
0.0915047
0.135701
0.192018
0.210107
0.210107
0.14748
0.164219
0.14159
0.0465301
0.117343
0.112397
0.208369
0.210107
0.210107
0.173331
0.129345
0.0869402
0.0404305
0.126642
0.160621
0.160927
0.182213
0.204834
0.217144
0.217144
0.217144
0.0512963
0.108338
0.143592
0.214087
0.217144
0.180271
0.198623
0.122973
0.0863223
0.0637055
0.150201
0.149825
0.202897
0.217144
0.203298
0.164217
0.1518
0.138205
0.0987918
0.161759
0.14187
0.20337
0.217144
0.17874
0.212552
0.126447
0.0775614
0.148424
0.172256
0.187375
0.212602
0.201903
0.212602
0.165055
0.131108
0.155361
0.085923
0.154905
0.0889547
0.187652
0.212602
0.142813
0.212602
0.212602
0.147134
0.118208
0.150159
0.0737388
0.153598
0.212602
0.125549
0.105603
0.212602
0.176333
0.0625945
0.0972767
0.184203
0.212602
0.212602
0.127131
0.212602
0.196921
0.097462
0.143968
0.184139
0.0808072
0.172084
0.211043
0.144182
0.199187
0.211043
0.160494
0.125852
0.111366
0.163879
0.130451
0.211043
0.105453
0.130895
0.0923594
0.115257
0.088832
0.136132
0.175661
0.200085
0.211043
0.143774
0.211043
0.165599
0.0956175
0.182173
0.211043
0.174793
0.200665
0.211043
0.211043
0.211043
0.156721
0.129795
0.15512
0.127716
0.149266
0.132525
0.212535
0.126755
0.124066
0.0939051
0.11705
0.151911
0.118174
0.140221
0.104028
0.212535
0.191708
0.138581
0.145074
0.153124
0.212535
0.212535
0.181527
0.161052
0.212535
0.212535
0.212535
0.139402
0.157363
0.14527
0.125248
0.191874
0.132452
0.157065
0.164971
0.212535
0.212535
0.212535
0.152326
0.14342
0.118749
0.0899348
0.216869
0.197958
0.145287
0.15305
0.123274
0.151865
0.134571
0.215736
0.216869
0.216869
0.11838
0.144508
0.13045
0.0880488
0.184303
0.172617
0.201439
0.0995956
0.145701
0.170384
0.205171
0.168824
0.216869
0.132279
0.216869
0.181074
0.129174
0.173001
0.0821797
0.180169
0.216869
0.185245
0.169247
0.175324
0.185479
0.213959
0.213959
0.134565
0.208707
0.180189
0.123983
0.117295
0.121724
0.193848
0.213959
0.213959
0.213959
0.125423
0.156559
0.147004
0.159016
0.213959
0.17867
0.134284
0.202046
0.115487
0.144949
0.213959
0.164879
0.089282
0.213941
0.0805015
0.153647
0.185761
0.126449
0.146067
0.105546
0.0620978
0.130942
0.128567
0.173652
0.178199
0.214887
0.213139
0.155451
0.181466
0.181313
0.0693848
0.166672
0.124516
0.214887
0.214887
0.214887
0.211397
0.155882
0.0814295
0.149677
0.214887
0.0807046
0.175639
0.18988
0.134356
0.111248
0.0669036
0.0589147
0.174383
0.142202
0.0763166
0.214887
0.214887
0.207814
0.168726
0.214887
0.116552
0.0586726
0.15954
0.139582
0.187398
0.219738
0.191635
0.148128
0.133529
0.0878711
0.0860364
0.140943
0.106453
0.181448
0.191273
0.169317
0.219738
0.127443
0.0889734
0.16385
0.176939
0.101782
0.219738
0.219738
0.181925
0.145094
0.219738
0.152405
0.0942247
0.219738
0.219738
0.219738
0.219738
0.119002
0.0983816
0.187044
0.152292
0.165692
0.143479
0.0886727
0.22007
0.22007
0.147878
0.138985
0.22007
0.181479
0.0579127
0.0882545
0.22007
0.22007
0.22007
0.155139
0.22007
0.22007
0.110095
0.217822
0.145781
0.212512
0.147621
0.169559
0.103139
0.22007
0.187353
0.212628
0.0748888
0.101958
0.0762277
0.134506
0.22007
0.0926492
0.107413
0.125767
0.0845062
0.0861244
0.129829
0.205129
0.22288
0.22288
0.173618
0.22288
0.177908
0.100888
0.176453
0.218404
0.189262
0.218819
0.22288
0.171534
0.222301
0.171911
0.116626
0.0719578
0.0968368
0.074231
0.115917
0.185333
0.1039
0.144334
0.134881
0.0665764
0.169629
0.22288
0.076763
0.188287
0.22288
0.150829
0.22288
0.0902536
0.0793525
0.199156
0.212941
0.160875
0.148717
0.189319
0.168407
0.172647
0.137929
0.137082
0.111918
0.113547
0.193491
0.142387
0.156846
0.144451
0.190935
0.210349
0.212941
0.131628
0.200245
0.0624505
0.153596
0.212941
0.130526
0.165011
0.145682
0.113797
0.144385
0.176802
0.147415
0.212941
0.212941
0.101187
0.203834
0.150481
0.181303
0.138207
0.156444
0.209783
0.116354
0.150728
0.180262
0.18021
0.172671
0.209783
0.121416
0.209783
0.151204
0.0959908
0.171717
0.103576
0.1941
0.209783
0.193114
0.123868
0.158531
0.135112
0.209783
0.209783
0.113539
0.171612
0.185975
0.194059
0.126672
0.209783
0.116468
0.129099
0.209783
0.141776
0.117078
0.117891
0.209783
0.154857
0.221625
0.174226
0.120505
0.221625
0.141063
0.172607
0.191996
0.178898
0.0931958
0.215446
0.0995111
0.142219
0.221625
0.141455
0.155057
0.106411
0.0680689
0.136473
0.221625
0.109576
0.145582
0.221625
0.18829
0.147668
0.107491
0.221625
0.142897
0.183794
0.182069
0.200964
0.221625
0.221625
0.120742
0.0660044
0.0842138
0.128717
0.210733
0.106847
0.165177
0.227572
0.125324
0.100408
0.0607423
0.050017
0.126399
0.120016
0.109317
0.208397
0.227572
0.206233
0.181942
0.227572
0.136237
0.131778
0.166962
0.142047
0.179759
0.227572
0.227572
0.159319
0.0525925
0.0633809
0.156302
0.156938
0.132642
0.163073
0.227572
0.227572
0.227572
0.163947
0.155088
0.113441
0.157038
0.131362
0.218056
0.218753
0.1578
0.142085
0.218753
0.133663
0.079121
0.218753
0.218753
0.218753
0.218753
0.120762
0.105327
0.175284
0.152711
0.106255
0.13631
0.102637
0.148865
0.218753
0.218753
0.218753
0.131729
0.12466
0.0511927
0.177977
0.19644
0.177954
0.175852
0.129642
0.14225
0.167844
0.148002
0.212354
0.126886
0.199463
0.200237
0.225808
0.172005
0.225808
0.181752
0.222451
0.0632749
0.0844682
0.0761921
0.143493
0.225808
0.112352
0.0871622
0.105458
0.112165
0.0698436
0.0828139
0.148654
0.223097
0.225808
0.225808
0.214397
0.156657
0.15182
0.0659949
0.117352
0.115446
0.225808
0.225808
0.176291
0.112638
0.205419
0.117721
0.0709033
0.106288
0.0800772
0.131023
0.23239
0.127425
0.120192
0.131865
0.104289
0.161853
0.23239
0.0856516
0.191911
0.23239
0.173399
0.192007
0.0714941
0.082287
0.0883265
0.171336
0.153471
0.224435
0.23239
0.212152
0.158194
0.204008
0.127934
0.178861
0.23239
0.156585
0.225683
0.23239
0.112212
0.193005
0.101876
0.145504
0.12275
0.191359
0.0663317
0.145901
0.218006
0.130996
0.133647
0.121288
0.105801
0.144425
0.179017
0.139298
0.218006
0.218006
0.0957796
0.19931
0.177333
0.157975
0.14859
0.173643
0.11633
0.170231
0.218006
0.13236
0.139308
0.145852
0.150725
0.193732
0.218006
0.0780925
0.148333
0.218006
0.211048
0.188743
0.218006
0.173049
0.11057
0.149724
0.122101
0.194404
0.214734
0.113945
0.178074
0.204324
0.173695
0.144332
0.188904
0.106676
0.105575
0.214734
0.151462
0.113782
0.100744
0.214734
0.192539
0.214734
0.0845986
0.191451
0.214734
0.209423
0.167406
0.214734
0.202095
0.132356
0.191058
0.0992192
0.161185
0.178058
0.0943689
0.153613
0.141102
0.163489
0.131669
0.192762
0.0982299
0.1123
0.220518
0.183524
0.130703
0.0864039
0.216399
0.111721
0.152104
0.1814
0.193594
0.220518
0.220518
0.122295
0.0954496
0.101396
0.165838
0.220518
0.120282
0.186147
0.220518
0.0987515
0.136135
0.137219
0.163252
0.0544299
0.155669
0.142184
0.116126
0.220518
0.220518
0.210887
0.220518
0.18181
0.108554
0.164461
0.162012
0.182816
0.222374
0.222374
0.142994
0.0802211
0.0652257
0.107918
0.134927
0.133515
0.164692
0.222374
0.222374
0.222374
0.174385
0.168349
0.0818363
0.177199
0.151398
0.0972981
0.222374
0.222374
0.142152
0.166399
0.121199
0.128678
0.222374
0.222374
0.141768
0.181483
0.194466
0.0846429
0.158962
0.137274
0.0953593
0.144607
0.12936
0.17022
0.2124
0.2124
0.2124
0.15537
0.143705
0.0772523
0.2124
0.173348
0.201746
0.179253
0.136115
0.13902
0.196819
0.164734
0.146665
0.2124
0.2124
0.136964
0.191793
0.170427
0.0622596
0.113786
0.130819
0.126793
0.2124
0.2124
0.158638
0.123276
0.0688673
0.148863
0.2124
0.193687
