0.0182449
0.0446299
0.0838703
0.185863
0.262692
0.264412
0.0852975
0.108191
0.0490676
0.0635369
0.0423847
0.0861945
0.187048
0.287563
0.287563
0.077483
0.0484212
0.0450377
0.000156536
0.00969012
0.160001
0.287563
0.287563
0.287563
0.0664596
0.0913253
0.0401768
0.00165749
0.0178142
0.122928
0.287563
0.287563
0.287563
0.140981
0.0157016
0.00019074
0.0560514
0.0459745
0.0746712
0.165632
0.297133
0.286041
0.0715451
0.0645798
0.0660995
0.0286279
0.0238423
0.0662657
0.124222
0.297133
0.200947
0.143054
0.108806
0.0571171
0.00240306
0.029108
0.106252
0.297133
0.297133
0.297133
0.153636
0.0344072
0.0083676
0.00659902
0.0355642
0.10081
0.297133
0.297133
0.297133
0.0812508
0.0820862
0.0314259
0.013295
0.0149807
0.0333912
0.0646119
0.184681
0.125923
0.0664912
0.0652351
0.0294491
0.264408
0.0114704
0.0137864
0.0337716
0.0925057
0.166503
0.0660276
0.348519
0.348519
0.00310989
0.0250808
0.0512725
0.163688
0.348519
0.225727
0.0516361
0.0503837
0.0162091
0.0437635
0.0242361
0.0411792
0.223338
0.348519
0.178391
0.0775473
0.192523
0.348519
0.135259
0.034368
0.0319522
0.0545171
0.116869
0.144617
0.0530941
0.238778
0.26821
0.214778
0.20455
0.139945
0.136368
0.193659
0.0237636
0.0104018
0.180673
0.26821
0.0702298
0.0282047
0.0387649
0.158212
0.257748
0.119139
0.120963
0.26821
0.26821
0.132869
0.184484
0.0678544
0.103654
0.223172
0.0279293
0.0916018
0.26821
0.26821
0.119263
0.148922
0.116458
0.0975146
0.130634
0.0208588
0.0151532
0.0924459
0.0841456
0.263926
0.244515
0.105985
0.114153
0.232875
0.0182893
0.263926
0.263926
0.263926
0.110296
0.110859
0.0647725
0.0800151
0.120354
0.00712629
0.0797987
0.263926
0.263926
0.214107
0.205509
0.0877324
0.123798
0.201683
0.00795876
0.0592017
0.263926
0.263926
0.222714
0.222714
0.146795
0.108086
0.158759
0.02956
0.222714
0.222714
0.222714
0.222714
0.222714
0.12771
0.112455
0.117364
0.0157527
0.109875
0.131497
0.17881
0.184199
0.217946
0.136751
0.160381
0.208443
0.0334871
0.0738736
0.199564
0.222714
0.14288
0.165048
0.143636
0.203524
0.146956
0.167306
0.137649
0.122585
0.17489
0.211104
0.234042
0.130577
0.132831
0.144746
0.0212928
0.0666068
0.0672523
0.138351
0.279956
0.151475
0.0588804
0.17386
0.279956
0.0188913
0.0469144
0.129329
0.279956
0.19807
0.267141
0.159443
0.168334
0.188862
0.181884
0.159038
0.0812186
0.0854453
0.234611
0.279546
0.0838707
0.139716
0.234822
0.0581183
0.0215668
0.0683044
0.0986076
0
0.00575716
0.0617929
0.224012
0.320774
0.244841
0.021205
0.0310161
0.0202022
0
0.0132974
0.0647907
0.207207
0.320774
0.280545
0.0407524
0.00504203
0
0.00421944
0.0308626
0.0425081
0.320774
0.320774
0.264159
0.0826364
0.0244575
0
0.0130968
0.158093
0.11964
0.276617
0.320774
0.179124
0.106573
0.0508373
0.00348177
0.000226063
0.0208295
0.0534986
0.180064
0.338938
0.288254
0.0485884
0.00935054
0.00117103
0.00347395
0.0181428
0.0474098
0.149026
0.338938
0.249021
0.0443452
0.0321927
0.0120249
0.0171533
0.17413
0.152884
0.266836
0.338938
0.172753
0.15537
0.0617732
0.00341263
0.00318217
0.0176797
0.0343608
0.2742
0.338938
0.262233
0.0272336
0.00827783
0.00142212
0.00255759
0.0224366
0.040939
0.128224
0.294445
0.236753
0.0459123
0.0281538
0.00773605
0.0340834
0.0236268
0.0313675
0.181381
0.294445
0.236591
0.0647698
0.14069
0.294445
0.00737452
0.0112751
0.0398067
0.277496
0.294445
0.251018
0.0255073
0.0101036
0.00505122
0.0489569
0.0391089
0.0322018
0.256428
0.294445
0.253199
0.0511247
0.0812891
0.294445
0.0493672
0.0244614
0.0290564
0.124973
0.216036
0.158791
0.0840951
0.252728
0.254148
0.0977362
0.123823
0.0544949
0.0781082
0.173185
0.0441282
0.077915
0.254148
0.254148
0.0579696
0.0261972
0.0308638
0.191487
0.254148
0.202472
0.0627174
0.209822
0.254148
0.0817131
0.146361
0.254148
0.254148
0.0956736
0.0788334
0.101483
0.254148
0.254148
0.0986382
0.0987652
0.0617229
0.0752613
0.10512
0.0183616
0.0699961
0.254735
0.254735
0.213505
0.174703
0.0824844
0.132107
0.208936
0.0117454
0.0418887
0.204493
0.254735
0.0861688
0.0923553
0.249567
0.186921
0.070641
0.060017
0.095496
0.254735
0.254735
0.18473
0.254735
0.101156
0.254735
0.254735
0.0167206
0.0982704
0.125704
0.216617
0.175378
0.181663
0.118038
0.146034
0.185012
0.0280233
0.0514428
0.134945
0.235307
0.1619
0.164484
0.108835
0.127768
0.121588
0.0955736
0.0898597
0.0953143
0.180957
0.208363
0.233081
0.116235
0.235307
0.235307
0.045662
0.102006
0.159039
0.235307
0.195263
0.184316
0.192209
0.235307
0.235307
0.110559
0.0980506
0.149496
0.235307
0.194397
0.23427
0.129541
0.106675
0.151033
0.105716
0.107755
0.0912738
0.116365
0.185703
0.23427
0.0855194
0.119266
0.186036
0.0497121
0.0332373
0.0797127
0.0800021
0.23427
0.223726
0.216567
0.23427
0.23427
0.138129
0.124588
0.228342
0.23427
0.185768
0.15491
0.101726
0.112165
0.133062
0.0701912
0.23427
0.23427
0.181086
0.003675
0.0324261
0.037941
0.338691
0.338691
0.266151
0.0729704
0.0225167
0.00498097
0.00676546
0.133518
0.080834
0.296084
0.338691
0.228447
0.0686005
0.0344809
0.00217669
0.014524
0.0360241
0.047133
0.162741
0.338691
0.192074
0.0642165
0.036253
0.0104368
0.0245308
0.0418136
0.0424661
0.090415
0.338691
0.292438
0.0777716
0.0225608
0.00485663
0.00800974
0.137302
0.0948327
0.278939
0.358271
0.240425
0.101283
0.0420079
0.00182945
0.00237129
0.0124772
0.023428
0.241073
0.358271
0.280763
0.0469395
0.0115773
0.00382372
0.0241749
0.03563
0.049462
0.0863685
0.358271
0.270376
0.0807049
0.0231403
0.00654492
0.00211318
0.00635773
0.0363168
0.131558
0.358271
0.242113
0.0379049
0.0176626
0.00452512
0.00581868
0.0100646
0.0319717
0.263979
0.321918
0.301351
0.0406818
0.012308
0.00633704
0.0387513
0.0351162
0.0357123
0.30173
0.321918
0.304417
0.0598526
0.0932177
0.239059
0.000783894
0.00487434
0.0360842
0.122833
0.321918
0.239556
0.0389777
0.0188876
0.00357217
0.00846945
0.0167858
0.0352599
0.0967728
0.321918
0.270133
0.0202875
0.0408168
0.055936
0.0422194
0.0205942
0.0288936
0.188112
0.244118
0.199314
0.0670172
0.186697
0.244118
0.0567682
0.095315
0.244118
0.206572
0.0866895
0.0792072
0.122383
0.244118
0.244118
0.0240254
0.0201059
0.0295058
0.0517623
0.244118
0.170349
0.0855543
0.110029
0.147487
0.0825378
0.141831
0.244118
0.244118
0.178006
0.106913
0.244118
0.244118
0.240927
0.0505915
0.0599892
0.152593
0.126063
0.0545818
0.0467983
0.0951638
0.243204
0.243204
0.142129
0.147229
0.0766201
0.243204
0.243204
0.0109047
0.0552837
0.0878566
0.184817
0.0652378
0.0953925
0.15898
0.164126
0.134291
0.0744705
0.243204
0.243204
0.218944
0.243204
0.238352
0.241283
0.243204
0.243204
0.0459789
0.0168674
0.0405963
0.243204
0.120233
0.115765
0.0728691
0.190146
0.220243
0.0153258
0.0515517
0.0911429
0.158334
0.121288
0.106943
0.107569
0.202482
0.239473
0.0637992
0.0489363
0.101383
0.159349
0.20083
0.185626
0.164957
0.239473
0.239473
0.0875137
0.0972892
0.0541391
0.193723
0.239473
0.225996
0.239473
0.239473
0.239473
0.239473
0.160128
0.0871219
0.149599
0.148781
0.143443
0.138601
0.170575
0.19256
0.0574501
0.0720235
0.151249
0.225656
0.122
0.102746
0.0715315
0.0683151
0.101437
0.0622902
0.224068
0.163894
0.156003
0.228061
0.192473
0.208751
0.228061
0.228061
0.228061
0.228061
0.157144
0.141355
0.137549
0.0876096
0.0806197
0.134772
0.228061
0.210044
0.190671
0.156586
0.212603
0.00918756
0.0293735
0.0498772
0.147959
0.37936
0.159896
0.0473397
0.0308796
0.0128013
0.0119666
0.0150773
0.0168634
0.106579
0.37936
0.228812
0.0495956
0.0139511
0.00339426
0.00312335
0.0167266
0.0261898
0.22118
0.37936
0.275858
0.00763267
0.00693264
0.0248217
0.00503136
0.00382211
0.0101516
0.177398
0.37936
0.37936
0.0269335
0.00686263
0.00626323
0.0122406
0.0111424
0.0217844
0.114377
0.342583
0.237322
0.0517812
0.0154833
0.00508219
0.00149617
0.00337778
0.029651
0.10598
0.342583
0.17371
0.0527431
0.0344637
0.0086931
0.00678709
0.00400641
0.00776692
0.236063
0.342583
0.342583
0.0239248
0.00456124
0.00186179
0.00180068
0.00297838
0.0101493
0.342583
0.342583
0.335817
0.0761836
0.0345883
0.00656931
0.000803059
0.00410996
0.0330979
0.104619
0.36302
0.199002
0.0595887
0.0325262
0.00685649
0.00418125
0.0161056
0.0400148
0.110378
0.343366
0.20278
0.0444541
0.0571798
0.017475
0.00298771
0.00488666
0.0129834
0.36302
0.36302
0.36302
0.0776485
0.02232
0.0054469
0.00410872
0.00730761
0.00684214
0.187004
0.36302
0.243164
0.0627751
0.0336222
0.0093648
0.0143738
0.0221533
0.0301978
0.0486246
0.171784
0.101802
0.0809971
0.0973868
0.106385
0.0772273
0.102572
0.183745
0.26143
0.138157
0.0679686
0.271582
0.301184
0.186701
0.0156524
0.0247163
0.0246589
0.121327
0.303715
0.136675
0.0280208
0.0243176
0.0228993
0.164738
0.0759789
0.169614
0.27013
0.303715
0.303715
0.2741
0.105906
0.22951
0.0456813
0.0695901
0.0905304
0.134415
0.10688
0.0411103
0.178963
0.204007
0.154397
0.169304
0.127981
0.155868
0.251542
0.283756
0.0221313
0.00692869
0.0475257
0.283756
0.082644
0.0607731
0.0936334
0.189597
0.283756
0.235735
0.109467
0.0592098
0.10592
0.121377
0.139722
0.254955
0.283756
0.283756
0.0829235
0.0514601
0.0416148
0.264925
0.126299
0.125152
0.129446
0.257976
0.277911
0.0517731
0.0689679
0.0478038
0.173621
0.161554
0.138848
0.277911
0.277911
0.277911
0.193288
0.103652
0.07893
0.14236
0.0697057
0.108363
0.187125
0.277911
0.277911
0.0674952
0.0792504
0.0492496
0.146295
0.0674604
0.063141
0.208455
0.22123
0.242786
0.0640361
0.0607334
0.0319482
0.0827982
0.210399
0.168708
0.249499
0.249499
0.249499
0.249499
0.249499
0.155739
0.181467
0.149478
0.0616901
0.105462
0.132195
0.249499
0.249499
0.198677
0.170109
0.249499
0.0638471
0.0758342
0.179683
0.249499
0.249499
0.107608
0.154378
0.0808168
0.0834763
0.0336882
0.0455368
0.0746767
0.0847599
0.1122
0.0438246
0.039269
0.0326476
0.0179151
0.00293682
0.0121576
0.0317061
0.291743
0.410717
0.336334
0.0173134
0.00481699
0.0197505
0.00682758
0.00660396
0.0118685
0.181853
0.410717
0.410717
0.0258334
0.0109786
0.00564278
0.0338833
0.0630099
0.053326
0.13781
0.286065
0.148757
0.0846189
0.0470482
0.0598664
0.0490357
0.0544878
0.0490895
0.0762399
0.301992
0.0702513
0.0513585
0.0244131
0.0535476
0.00927655
0.00883268
0.0144609
0.253287
0.365128
0.365128
0.0295027
0.009561
0.00438786
0.00689974
0.00912502
0.0296969
0.260733
0.365128
0.365128
0.115446
0.061611
0.018681
0.0694445
0.0726814
0.0638643
0.115608
0.34655
0.071082
0.0509807
0.0239175
0.0667518
0.0372694
0.0921312
0.11624
0.161322
0.288972
0.122839
0.0498682
0.0323239
0.0537118
0.00957443
0.0144688
0.0355809
0.304454
0.350014
0.350014
0.129623
0.0440257
0.0176519
0.00824561
0.0302141
0.0282053
0.174879
0.350014
0.285751
0.123746
0.055658
0.0187188
0.0496212
0.115927
0.134908
0.180956
0.311773
0.139393
0.0475004
0.036364
0.0583437
0.0318915
0.059427
0.113987
0.107056
0.350014
0.170657
0.103294
0.0330721
0.0593495
0.0260094
0.0573562
0.0530787
0.129373
0.308143
0.169382
0.0508273
0.0401214
0.0363451
0.262507
0.130522
0.22509
0.308143
0.308143
0.308143
0.308143
0.181849
0.308143
0.0153566
0.0306259
0.0586515
0.0537692
0.245249
0.093252
0.0419716
0.0176437
0.0307468
0.0333677
0.0269057
0.0288856
0.0666466
0.308143
0.140121
0.023398
0.0110393
0.0338764
0.139638
0.113522
0.146863
0.327142
0.327142
0.272875
0.136216
0.106988
0.163583
0.129184
0.177318
0.327142
0.327142
0.327142
0.105763
0.0831259
0.0855939
0.327142
0.0164616
0.0200762
0.0196429
0.0401911
0.201189
0.0839686
0.0101587
0.00929091
0.0183697
0.0311687
0.0347891
0.0169101
0.0650321
0.191326
0.0444625
0.0267621
0.0310954
0.0380551
0.0773532
0.156902
0.323254
0.342641
0.342641
0.0904012
0.13593
0.102796
0.324286
0.0398424
0.0622009
0.342641
0.342641
0.342641
0.0656596
0.0850634
0.0670728
0.196231
0.0254386
0.0298095
0.0175699
0.0646005
0.232397
0.0463437
0.0237378
0.0360293
0.0320797
0.0309839
0.0348889
0.0416604
0.0374895
0.0541182
0.0268039
0.0230839
0.0257976
0.0166177
0.056053
0.12835
0.353108
0.353108
0.353108
0.183053
0.353108
0.22282
0.329231
0.0351447
0.0767851
0.258044
0.218814
0.241993
0.10625
0.0795967
0.0530851
0.0233479
0.0675049
0.0599169
0.0738111
0.0853631
0.145948
0.0722357
0.0493504
0.067357
0.0341514
0.0307708
0.0583626
0.0734034
0.0835276
0.0753246
0.0525814
0.0444136
0.0628378
0.0482714
0.0834641
0.129698
0.115546
0.270538
0.270538
0.270538
0.180347
0.0804589
0.106178
0.0918079
0.104371
0.119523
0.16599
0.270538
0.186069
0.106792
0.0580737
0.0977062
0.0739491
0.115955
0.152189
0.239639
0.218677
0.234882
0.183532
0.111564
0.0699303
0.0539765
0.0733325
0.163101
0.25407
0.270538
0.156549
0.145749
0.111822
0.123761
0.114197
0.131016
0.15222
0.18678
0.255407
0.182294
0.104616
0.0574683
0.113625
0.0825696
0.135354
0.252712
0.167656
0.255407
0.255407
0.126255
0.0719327
0.114582
0.0655175
0.103805
0.188081
0.238402
0.255407
0.161901
0.160257
0.134149
0.104039
0.0688747
0.0749513
0.0960032
0.222214
0.255407
0.224623
0.152899
0.177745
0.10701
0.0909389
0.153373
0.234562
0.141826
0.234562
0.234562
0.119894
0.0730692
0.108807
0.0471449
0.122013
0.185667
0.18032
0.234562
0.232444
0.198486
0.108338
0.166467
0.0709749
0.0945418
0.108917
0.193891
0.234562
0.234562
0.158257
0.158618
0.073972
0.0956833
0.0889879
0.184955
0.234562
0.234562
0.159824
0.170235
0.125262
0.137143
0.0592513
0.130753
0.196135
0.156069
0.253338
0.253338
0.182132
0.111917
0.143562
0.108422
0.115809
0.114589
0.253338
0.253338
0.183437
0.0706269
0.0503287
0.110871
0.116549
0.103096
0.162145
0.253338
0.253338
0.19343
0.146739
0.10937
0.103159
0.106966
0.0766309
0.154117
0.253338
0.253338
0.182293
0.0898551
0.104689
0.140259
0.111297
0.148324
0.154277
0.25277
0.25277
0.200456
0.0434221
0.0725334
0.106524
0.100239
0.133751
0.166563
0.204293
0.25277
0.214372
0.168207
0.166443
0.187076
0.109417
0.0950499
0.146363
0.25277
0.25277
0.22055
0.0726393
0.102358
0.112721
0.0621894
0.0963239
0.156076
0.25277
0.25277
0.110933
0.12482
0.110433
0.0663505
0.0840886
0.126162
0.165507
0.221729
0.231716
0.191602
0.126251
0.18289
0.177335
0.105793
0.123761
0.231716
0.228792
0.231716
0.147108
0.121334
0.150368
0.100185
0.0473215
0.108476
0.158813
0.231716
0.231716
0.141614
0.121865
0.0958786
0.0598224
0.055125
0.0607278
0.198645
0.231716
0.231716
0.163947
0.202328
0.231716
0.0678161
0.113541
0.115959
0.187553
0.225773
0.225773
0.160089
0.108512
0.167263
0.116677
0.0642926
0.116162
0.173568
0.224585
0.218762
0.148538
0.158603
0.180677
0.145584
0.0571433
0.0725387
0.193364
0.225773
0.225773
0.218553
0.199195
0.214739
0.0798716
0.0266527
0.0888357
0.15704
0.225773
0.225773
0.108877
0.0914133
0.225773
0.127461
0.0509835
0.0707797
0.0924201
0.184965
0.2195
0.183953
0.120597
0.069195
0.0348675
0.0324652
0.0579349
0.095865
0.169021
0.301212
0.101623
0.0760215
0.0691017
0.0721034
0.0160049
0.0502511
0.0709997
0.342994
0.342994
0.266436
0.0694804
0.0365165
0.0491771
0.0160017
0.0581193
0.0712152
0.342994
0.342994
0.342994
0.0361465
0.0345282
0.0357256
0.035983
0.0694245
0.113948
0.156839
0.321572
0.10623
0.08022
0.074287
0.0583854
0.045301
0.0588486
0.0691269
0.195772
0.258474
0.145028
0.100915
0.0957444
0.0407818
0.0143801
0.0709971
0.0880137
0.321572
0.321572
0.321572
0.0638984
0.0352537
0.0295604
0.00933383
0.0597949
0.0449851
0.321572
0.321572
0.321572
0.126691
0.0792797
0.0332062
0.0488683
0.0582291
0.0785223
0.188447
0.236774
0.169314
0.113629
0.0996189
0.0332661
0.0552832
0.0467232
0.110588
0.271426
0.2541
0.0973771
0.116843
0.128333
0.133962
0.0097771
0.0561517
0.044981
0.319919
0.319919
0.319919
0.127478
0.0755169
0.0310835
0.0398863
0.0701161
0.0961992
0.319919
0.319919
0.25765
0.0348775
0.0799388
0.0305297
0.0732262
0.0530972
0.0967751
0.25046
0.275046
0.130281
0.110204
0.114445
0.106461
0.0731011
0.060981
0.0955622
0.213561
0.311298
0.137189
0.0633347
0.073499
0.0934364
0.0361076
0.0529701
0.092409
0.311298
0.311298
0.311298
0.0239067
0.0610879
0.0590445
0.0216263
0.0525161
0.120407
0.311298
0.311298
0.252185
0.0283256
0.0539465
0.0533384
0.0839006
0.0727566
0.106229
0.215278
0.301568
0.163926
0.0507025
0.0692895
0.082398
0.0322231
0.0764311
0.134195
0.203336
0.283455
0.125234
0.0662703
0.0731041
0.0313594
0.0225277
0.039197
0.116334
0.301568
0.301568
0.301568
0.037347
0.0424644
0.0821188
0.00952493
0.0388393
0.0901248
0.301568
0.301568
0.301568
0.197637
0.0695399
0.016763
0.0237529
0.0684304
0.122902
0.164895
0.241479
0.116277
0.0552739
0.0549013
0.037498
0.0310325
0.0392244
0.090831
0.243947
0.224215
0.132665
0.100707
0.128566
0.038921
0.0101114
0.0456597
0.0727369
0.293413
0.308198
0.308198
0.116432
0.086152
0.0883273
0.12562
0.12802
0.0865361
0.308198
0.308198
0.308198
0.0754247
0.107795
0.229311
0.0310586
0.0428792
0.0902425
0.223125
0.269528
0.151334
0.095394
0.103051
0.050473
0.0203662
0.0612394
0.092923
0.173739
0.273698
0.129444
0.0614134
0.0955504
0.0569751
0.116326
0.1474
0.0949287
0.301132
0.301132
0.286003
0.0490687
0.14978
0.280982
0.0287966
0.0340026
0.0508788
0.301132
0.301132
0.25991
0.0250163
0.0614352
0.0393231
0.0180722
0.0467868
0.054471
0.317981
0.317981
0.22602
0.0895712
0.0513545
0.0490093
0.0232218
0.0716172
0.0563414
0.251878
0.317981
0.240376
0.0193824
0.0390412
0.0357331
0.0178491
0.0372349
0.0512328
0.290021
0.317981
0.252201
0.045204
0.0398658
0.0189267
0.0138038
0.0428611
0.06183
0.274801
0.317981
0.222449
0.0198553
0.0557756
0.0342872
0.0225771
0.0771561
0.0645989
0.257675
0.316339
0.242854
0.0322756
0.0325435
0.0305066
0.00679211
0.0804713
0.0496923
0.316339
0.316339
0.296527
0.0805282
0.0547429
0.00909677
0.0144194
0.0479023
0.0628199
0.260916
0.316339
0.217962
0.0206183
0.0487421
0.03085
0.0114442
0.0189783
0.0434793
0.179803
0.316339
0.282978
0.0551343
0.0984136
0.0287343
0.0075401
0.0693398
0.0453639
0.309365
0.321291
0.306171
0.0717793
0.0539456
0.0115206
0.0185737
0.0392498
0.0660035
0.306567
0.321291
0.21708
0.0329264
0.0602524
0.0324468
0.0107374
0.0212109
0.0372151
0.208977
0.321291
0.240089
0.0498458
0.0868942
0.021572
0.0342257
0.0247393
0.0651301
0.232467
0.321291
0.216208
0.0720107
0.0541619
0.0266593
0.0194786
0.0323723
0.0678378
0.30117
0.30117
0.282212
0.0269866
0.048236
0.0546517
0.0176667
0.0623991
0.0831023
0.30117
0.30117
0.260649
0.0358715
0.0387482
0.0280349
0.0309125
0.0431485
0.0714537
0.275679
0.30117
0.205797
0.0778163
0.0597267
0.031467
0.0227929
0.0601
0.0686028
0.30117
0.30117
0.171689
0.117582
0.0405316
0.0082849
0.0190661
0.049266
0.0900957
0.2989
0.2989
0.2989
0.0445462
0.0289323
0.0552275
0.0224115
0.0522087
0.0608284
0.227059
0.2989
0.2989
0.0907135
0.0489312
0.0300569
0.0226918
0.0778303
0.0908559
0.290217
0.2989
0.241381
0.127387
0.0385517
0.0131761
0.0720021
0.0774477
0.0611881
0.151645
0.2989
0.251193
0.0879826
0.0605596
0.0137333
0.0178594
0.0322392
0.0504103
0.206901
0.353377
0.23861
0.0570368
0.0478773
0.0550756
0.0544044
0.0698716
0.0552694
0.300777
0.353377
0.2331
0.036748
0.0422675
0.0819213
0.0492126
0.0551983
0.0540692
0.152406
0.353377
0.221528
0.0556916
0.0510627
0.0314483
0.0391485
0.0325761
0.0194417
0.232893
0.353377
0.268135
0.0240448
0.0504977
0.0557125
0.0439237
0.062089
0.0576837
0.289235
0.354665
0.183446
0.0255157
0.053669
0.089212
0.0137849
0.0280542
0.0310094
0.220272
0.354665
0.209172
0.0246966
0.0287247
0.0152514
0.0357287
0.032751
0.0223086
0.24264
0.354665
0.211582
0.0275634
0.0593548
0.0655086
0.0195898
0.0155695
0.0166214
0.132103
0.354665
0.354665
0.0571598
0.0152451
0.0188788
0.0249705
0.0454612
0.052514
0.239281
0.317508
0.261774
0.0701546
0.052276
0.0247801
0.0182066
0.049958
0.0645216
0.233805
0.317508
0.200534
0.0229583
0.0638688
0.0391278
0.028108
0.0424285
0.0755117
0.212243
0.317508
0.277392
0.0562566
0.00719597
0.00236049
0.0446311
0.0160375
0.0349775
0.316149
0.317508
0.317508
0.0595906
0.0310095
0.0836556
0.0191381
0.046587
0.0495485
0.195275
0.332622
0.181831
0.0204502
0.0464448
0.0305766
0.0155537
0.0307014
0.0425006
0.178551
0.332622
0.262052
0.0383184
0.0526419
0.011805
0.0349642
0.0216291
0.04503
0.290272
0.332622
0.332622
0.0542091
0.0261475
0.0682868
0.0693699
0.0599538
0.126008
0.269605
0.332622
0.249931
0.0265215
0.0147309
0.0507558
0.0175441
0.0358921
0.0334899
0.196138
0.331873
0.214299
0.0321487
0.0463982
0.00965193
0.0160124
0.0115861
0.0497652
0.220462
0.331873
0.228646
0.0624215
0.0279992
0.0202342
0.0721408
0.0624481
0.121748
0.262394
0.331873
0.280778
0.0356918
0.0116703
0.0570407
0.0186223
0.015474
0.0279031
0.262928
0.331873
0.331873
0.0568025
0.00813549
0.00218289
0.0163011
0.0272097
0.0511387
0.245927
0.314054
0.235289
0.0648286
0.0324963
0.0230108
0.0204856
0.0547219
0.0459469
0.213055
0.314054
0.259975
0.0953792
0.0226322
0.00292862
0.0200966
0.0170917
0.0252728
0.290022
0.314054
0.314054
0.053368
0.00837469
0.00166629
0.0010597
0.0222071
0.040329
0.252393
0.314054
0.314054
0.0251107
0.00487043
0
0.0192797
0.0600385
0.0591978
0.20447
0.323288
0.292352
0.102343
0.0221871
0.00708527
0.0534474
0.0666661
0.0511737
0.113961
0.323288
0.285955
0.0496401
0.0374679
0.0212207
0.00660096
0.0259779
0.0433132
0.274494
0.323288
0.323288
0.0214114
0.00826054
0
0.0172194
0.0315643
0.0661575
0.187847
0.323288
0.32089
0.00931038
0.0131313
0.000717676
0.0448695
0.0497121
0.0558548
0.162013
0.365916
0.274569
0.0467748
0.039378
0.0316956
0.0141202
0.0147844
0.0281325
0.258434
0.365916
0.233046
0.022149
0.0369069
0.0198209
0.0208959
0.0355043
0.0567483
0.177389
0.365916
0.31165
0.013665
0.0144393
0.000551708
0.0152983
0.0175363
0.0549006
0.19844
0.365916
0.209788
0.0562753
0.0366227
0.0229489
0.015439
0.0132213
0.0340384
0.296638
0.361842
0.209314
0.0319974
0.0455777
0.026399
0.0178596
0.0150411
0.0257918
0.144431
0.361842
0.305475
0.079085
0.0266446
0.0226197
0.0106178
0.0255173
0.0591481
0.177194
0.361842
0.226432
0.0503019
0.0295615
0.0186294
0.0172713
0.019405
0.0763189
0.207211
0.361842
0.269509
0.0543225
0.0213852
0.00905095
0.0201002
0.0334325
0.0518745
0.184961
0.345429
0.283742
0.0625482
0.00835328
0.00233236
0.0376766
0.0193037
0.0376396
0.263283
0.345429
0.30163
0.0568018
0.0283888
0.0755337
0.00450935
0.015683
0.0180504
0.222813
0.345429
0.199188
0.019732
0.00469265
0.00455891
0.0015039
0.0199227
0.0265102
0.229324
0.345429
0.286031
0.0250785
0.00757067
0.00347592
0.03473
0.0272097
0.035
0.267797
0.359046
0.290517
0.0574466
0.0256372
0.0647084
0.0612457
0.0557287
0.102522
0.26711
0.359046
0.252718
0.0193839
0.00113922
0.0423766
0.00157678
0.0201643
0.0204073
0.17899
0.359046
0.276916
0.0237851
0.00574858
0.00243234
0.00666125
0.0126163
0.0189289
0.103349
0.359046
0.197823
0.0353964
0.0155318
0.0116992
0.0699612
0.0627734
0.100052
0.26808
0.351212
0.290284
0.0276904
0.000446239
0.0525056
0.00639072
0.00715076
0.0243121
0.26572
0.351212
0.351212
0.0497312
0.00210173
0.000424533
0.00771017
0.0118279
0.0135555
0.0858875
0.351212
0.218382
0.0410461
0.0151468
0.0107022
0.00588613
0.0229708
0.0323994
0.118644
0.351212
0.236787
0.0374568
0.0160635
0.00928625
0.00722048
0.00652003
0.0181691
0.282988
0.337826
0.337826
0.0465577
0.00111381
0.000697011
0
0.0107911
0.0273265
0.230491
0.337826
0.337826
0.0216264
0.00055105
2.71853e-05
0.00947612
0.0202303
0.0354866
0.151403
0.337826
0.241035
0.0407342
0.0174213
0.0114708
0.00352301
0.00847063
0.0310154
0.226301
0.337826
0.201811
0.0157045
0.000820888
0.000190297
0.00268974
0.010467
0.0263912
0.233062
0.333621
0.333621
0.0225607
0.00285653
0
0.0054479
0.0202879
0.0567863
0.178533
0.333621
0.333621
0.0149585
0.00826167
0.000863168
0.00638707
0.00749178
0.036738
0.243096
0.333621
0.212713
0.0241514
0.00243225
0
0.00181597
0.00184018
0.0182322
0.326659
0.333621
0.163537
0.0225472
0.00493256
0
0.00863017
0.0256736
0.056815
0.180927
0.341627
0.341627
0.0261529
0.0104476
0.000549247
0.0058718
0.0167472
0.0657334
0.202329
0.341627
0.213586
0.0394862
0.023176
0.0145541
0.00287672
0.00294797
0.0169148
0.340535
0.341627
0.192957
0.0376975
0.0091424
0.00170389
0.00352308
0.000598767
0.0177464
0.341627
0.341627
0.107414
0.0373256
0.0208535
0.0073107
0.00420094
0.0261753
0.0761506
0.189969
0.343377
0.240569
0.0369225
0.0191981
0.0139382
0.00770687
0.011721
0.0825708
0.197124
0.343377
0.239967
0.0590956
0.0254809
0.00951881
0.00261837
0.00378335
0.0239572
0.334007
0.343377
0.146301
0.0353891
0.0148017
0.0078346
0.0232132
0.014787
0.12604
0.338441
0.343377
0.219857
0.0215947
0.0102315
0.0557098
0.000684112
0.0141147
0.0172049
0.2288
0.323444
0.278849
0.0394974
0.0194107
0.00477837
0.000808071
0.0288825
0.0642173
0.222376
0.323444
0.314124
0.0490544
0.0170556
0.00315372
0.00449319
0.0225643
0.0467299
0.25783
0.323444
0.323444
0.0601765
0.0381059
0.00154887
0.000981766
0.026923
0.0728126
0.226264
0.323444
0.225264
0.0763788
0.0223408
0.00146485
0.00269281
0.0363037
0.0567609
0.237239
0.349005
0.34085
0.0459265
0.0131221
0.00275698
0.00972122
0.0168352
0.0257256
0.147257
0.349005
0.255738
0.0352716
0.0157812
0.00831816
0.00178054
0.0285173
0.0798302
0.256597
0.349005
0.24721
0.0783739
0.0242406
0.0024343
0.00913219
0.0173098
0.0529134
0.238157
0.349005
0.183281
0.0846244
0.0474322
0.00353263
0.0104729
0.0178002
0.0157305
0.142312
0.338345
0.286119
0.0439581
0.0153475
0.00978962
0.00212724
0.0187948
0.0311087
0.218299
0.338345
0.338345
0.0497902
0.0159942
0.00939223
0.0115672
0.0265848
0.0479646
0.25387
0.338345
0.198862
0.0943775
0.037353
0.00257834
0.00918191
0.0493342
0.042237
0.283438
0.338345
0.253569
0.0583371
0.0306302
0.00557425
0.00469032
0.0175587
0.0363504
0.223363
0.312078
0.312078
0.0535145
0.0138783
0.0113137
0.00438356
0.00745162
0.0313612
0.272682
0.312078
0.312078
0.0303175
0.00160639
0.000486413
0.00995949
0.0519133
0.0504692
0.284651
0.312078
0.253698
0.062457
0.0255923
0.00662358
0.000485514
0.0222535
0.063373
0.258215
0.312078
0.236863
0.0382377
0.0190248
0.0117666
0.00683672
0.00796954
0.0355992
0.276589
0.32132
0.304487
0.0489949
0.00516651
0.00031097
0.00552711
0.0103636
0.0246668
0.32132
0.32132
0.231542
0.0422674
0.0136636
0.000799589
0.000460985
0.0244795
0.0665821
0.262867
0.32132
0.238537
0.0442899
0.0209564
0.013039
0.0141665
0.0300117
0.0634048
0.197621
0.32132
0.273956
0.0373664
0.0123844
0.00602456
0.00262231
0.0060672
0.0246801
0.323073
0.323073
0.211907
0.0632974
0.0176904
0.00182487
0.00124807
0.00298956
0.0363807
0.323073
0.323073
0.14623
0.0403756
0.0193578
0.011822
0.0094
0.024397
0.0490708
0.22346
0.323073
0.280014
0.0418105
0.0168634
0.00725527
0.0054935
0.0220365
0.0566905
0.245347
0.323073
0.317487
0.017698
0.00961489
0.0187974
0.000506754
0.00367567
0.0450698
0.305649
0.322765
0.155756
0.0369858
0.0114033
0.0114214
0.00872966
0.0229002
0.108925
0.301081
0.322765
0.234011
0.0205622
0.0115029
0.0246357
0.00425749
0.0131433
0.0507277
0.28214
0.322765
0.285109
0.0210944
0.0115866
0.0189568
0.0108355
0.0181898
0.030869
0.232419
0.322765
0.284471
0.0389899
0.0149973
0.0146583
0.00610281
0.0235747
0.0620034
0.28374
0.290051
0.290051
0.0729793
0.0603962
0.00597185
0.000832002
0.0302204
0.100667
0.283826
0.290051
0.235517
0.0883556
0.0322531
0.00296651
0.00243549
0.00696705
0.0488723
0.290051
0.290051
0.290051
0.0306958
0.0121951
0.00516544
0.0091182
0.0224399
0.0277158
0.290051
0.290051
0.260246
0.0525786
0.0404876
0.00558005
0.000969837
0.030589
0.114437
0.298404
0.298404
0.252808
0.0782699
0.0322157
0.00504692
0.0173449
0.021651
0.05225
0.263535
0.298404
0.250417
0.0798128
0.0359647
4.59555e-05
0.00467952
0.0193536
0.0347074
0.298404
0.298404
0.286397
0.0693958
0.0424598
0.00769101
0.0114348
0.0415818
0.0429413
0.197977
0.298404
0.298404
0.114598
0.0379539
0.0213652
0.0114734
0.0192247
0.0326819
0.192608
0.349332
0.179306
0.0564989
0.0188425
3.47423e-05
0.0042917
0.0246209
0.028922
0.25451
0.349332
0.215925
0.0401626
0.0166978
0.00327879
0.00514877
0.0284292
0.0305358
0.156673
0.349332
0.215818
0.0625761
0.0762926
0.0323766
0.082905
0.134789
0.0385806
0.349332
0.349332
0.248942
0.0337908
0.161941
0.0341092
0.00397031
0.0273263
0.035538
0.232829
0.337809
0.227943
0.0391923
0.0121884
0.00311845
0.000212997
0.0158024
0.0457164
0.194713
0.337809
0.232572
0.0295931
0.0110386
0.00645893
0.0690638
0.10821
0.0527249
0.337809
0.337809
0.220808
0.03438
0.210692
0.0535027
0.0158433
0.0315075
0.0873674
0.245606
0.337809
0.183612
0.0691303
0.00346558
0.00115114
0.000463936
0.0239996
0.0578688
0.276529
0.301479
0.301479
0.0497697
0.0191001
0.0101402
0.0188066
0.0395744
0.0569076
0.21398
0.301479
0.301479
0.0423252
0.0202512
0.00545712
0.0225016
0.0275816
0.116975
0.301479
0.301479
0.258253
0.0998521
0.00643971
0.00188544
0.00373454
0.00992446
0.0598187
0.258644
0.301479
0.250471
0.0468938
0.0067758
0.00542336
0.0124183
0.0306017
0.0526325
0.278401
0.305177
0.305177
0.0587251
0.0286771
0.00829277
0.0068944
0.0279994
0.0799612
0.293526
0.305177
0.29347
0.0346537
0.0167467
0.0325355
0.00833434
0.0117283
0.0465269
0.258447
0.305177
0.27003
0.0441455
0.010449
0.00705666
0.0125799
0.0123458
0.0265941
0.25143
0.305177
0.234932
0.0463876
0.0283527
0.00228365
0.00443948
0.0153331
0.0832536
0.2976
0.2976
0.27856
0.0425651
0.0186776
0.0344347
0.00543629
0.0422451
0.0372519
0.2976
0.2976
0.2976
0.0455763
0.0200571
0.00315636
0.0211229
0.0139333
0.0244646
0.273946
0.2976
0.236884
0.0385289
0.0285468
0.0106975
0.0242558
0.0233613
0.028549
0.2976
0.2976
0.241905
0.0438724
0.0148826
0.0151577
0.00655995
0.0112818
0.07203
0.285819
0.285819
0.285819
0.0241132
0.0256115
0.0117131
0.00802184
0.0205349
0.0541832
0.285819
0.285819
0.282437
0.0425532
0.0281571
0.0164114
0.0374508
0.0357231
0.0646747
0.235281
0.285819
0.285819
0.085471
0.0326815
0.00845735
0.0202682
0.0429833
0.134089
0.243989
0.285819
0.285819
0.123343
0.0609166
0.051095
0.00702463
0.0189334
0.0644632
0.291998
0.291998
0.291998
0.0434157
0.0267551
0.0208292
0.00963733
0.0270699
0.0295021
0.232013
0.291998
0.291998
0.102455
0.0220741
0.0182573
0.0293733
0.0602853
0.13723
0.291998
0.291998
0.291998
0.0883186
0.0473327
0.0564228
0.0211262
0.0484506
0.0651251
0.223771
0.291998
0.233275
0.0911845
0.0323277
0.0274347
0.00589035
0.0194409
0.0248473
0.190482
0.346952
0.272191
0.0551696
0.0627027
0.0315198
0.0714235
0.112275
0.0375848
0.329103
0.346952
0.31333
0.0345058
0.139699
0.0289398
0.012076
0.0334984
0.0443301
0.209349
0.326985
0.161958
0.058599
0.0296822
0.0262012
0.0155968
0.0220822
0.0352435
0.253285
0.346952
0.128961
0.0562348
0.0344446
0.0060686
0.0612099
0.0911538
0.0524347
0.330196
0.333912
0.290256
0.0336099
0.18384
0.0462326
0.0196612
0.0294374
0.0826909
0.262048
0.333912
0.262798
0.0486798
0.00347092
0.00901678
0.0156712
0.0172429
0.0487204
0.244152
0.333912
0.159611
0.0641722
0.0437709
0.00930576
0.0149941
0.0109666
0.0910813
0.198115
0.324331
0.147817
0.0473546
0.0214637
0.0178229
0.0260571
0.0256691
0.11503
0.29251
0.29251
0.29251
0.0789341
0.00816059
0.00971321
0.00663185
0.0122551
0.0647837
0.29251
0.29251
0.277924
0.0545373
0.0152724
0.00659914
0.0223355
0.0158772
0.13758
0.261931
0.29251
0.253527
0.0711298
0.0344666
0.0242796
0.00450401
0.0196897
0.0753383
0.236711
0.29251
0.258636
0.0709843
0.0297744
0.0297696
0.0109233
0.0134334
0.0619069
0.298765
0.298765
0.298765
0.0608434
0.0227558
0.00813789
0.0147674
0.0174618
0.048536
0.298765
0.298765
0.218866
0.0601094
0.0240905
0.00245078
0.0048912
0.0220455
0.0715267
0.266464
0.298765
0.298344
0.0760446
0.0305925
0.0198469
0.00355668
0.0318422
0.104954
0.206547
0.298765
0.275066
0.0876075
0.0282607
0.0137464
0.0217953
0.0172635
0.0471174
0.298613
0.298613
0.233238
0.0488543
0.0234567
0.014043
0.0240631
0.037593
0.0404969
0.298613
0.298613
0.261735
0.042136
0.0161685
0.022296
0.00613777
0.0298432
0.0916144
0.235618
0.298613
0.298613
0.0827472
0.0229115
0.00999627
0.021496
0.0414716
0.117541
0.264701
0.298613
0.275136
0.0775452
0.0225778
0.0041387
0.0429448
0.0459513
0.111446
0.266867
0.266867
0.266867
0.0886282
0.0472387
0.013322
0.0245268
0.0581239
0.174917
0.266867
0.266867
0.266867
0.158283
0.0745946
0.071695
0.0119208
0.0172921
0.0830462
0.266867
0.266867
0.266867
0.129528
0.031482
0.0203088
0.0131031
0.036022
0.100892
0.256698
0.266867
0.266867
0.122504
0.0380338
0.0106221
0.0402954
0.0850229
0.192415
0.279235
0.279235
0.279235
0.114929
0.0537977
0.081077
0.0300175
0.0487671
0.074594
0.252541
0.279235
0.264774
0.0998737
0.0400986
0.041786
0.0208458
0.042063
0.101763
0.279235
0.279235
0.279235
0.118271
0.0271049
0.0160724
0.0186708
0.0531974
0.0960601
0.238522
0.279235
0.228381
0.0313344
0.0275711
0.0295707
0.0297901
0.054622
0.0841499
0.284277
0.284277
0.279828
0.0886721
0.0384513
0.0507381
0.0124121
0.00982639
0.0576822
0.284277
0.284277
0.284277
0.099168
0.0308138
0.00479637
0.0186967
0.0410876
0.126347
0.277846
0.284277
0.227225
0.0396985
0.0247967
0.0303399
0.0222691
0.023969
0.107033
0.284277
0.284277
0.257833
0.0784268
0.0369215
0.0383864
0.0149862
0.00944279
0.0764388
0.27702
0.27702
0.27702
0.106973
0.0294123
0.00475084
0.0297278
0.0195624
0.141124
0.27305
0.27702
0.27702
0.0707569
0.0396716
0.0459883
0.0102838
0.0139793
0.102852
0.27702
0.27702
0.27702
0.0894939
0.0339022
0.0287296
0.011045
0.0316205
0.127979
0.27702
0.27702
0.24136
0.10837
0.0274964
0.023643
0.028204
0.0234076
0.168943
0.270713
0.270713
0.270713
0.0801571
0.0458278
0.0434158
0.0104617
0.0547096
0.117812
0.270713
0.270713
0.269546
0.0899319
0.0468634
0.0248232
0.0063442
0.0338414
0.132155
0.270713
0.270713
0.270713
0.116345
0.0290772
0.0193028
0.00238414
0.051761
0.0884996
0.231694
0.270713
0.270713
0.16633
0.0233905
0.0222475
0.00950022
0.0509998
0.113012
0.276726
0.276726
0.276726
0.0938694
0.0495801
0.0147536
0.00724924
0.0414508
0.11067
0.276726
0.276726
0.276726
0.105466
0.0179875
0.0128899
0.00416537
0.048143
0.0999237
0.254826
0.276726
0.275099
0.162447
0.0267189
0.0248012
0.0327411
0.0308895
0.0600544
0.258056
0.276726
0.276726
0.0601281
0.0194526
0.0367059
0.00952324
0.0309702
0.081577
0.280339
0.280339
0.280339
0.0891523
0.012583
0.0111489
0.0199523
0.040769
0.0951427
0.262542
0.280339
0.280339
0.072811
0.0240864
0.0125537
0.0303216
0.0231645
0.0853446
0.280339
0.280339
0.280339
0.0705514
0.0262216
0.044374
0.0153466
0.0141345
0.106193
0.280339
0.280339
0.280339
0.0495095
0.0470305
0.0272859
0.0122646
0.0266594
0.117068
0.27641
0.27641
0.27641
0.0857105
0.0319691
0.0155722
0.00944878
0.0409573
0.079441
0.27641
0.27641
0.27641
0.131076
0.0446843
0.006693
0.0107002
0.0327089
0.141297
0.260255
0.27641
0.27641
0.0458907
0.0257342
0.0261458
0.021424
0.0183801
0.0823902
0.27641
0.27641
0.27641
0.0833473
0.0462804
0.00942584
0.0161337
0.04776
0.083279
0.287482
0.287482
0.287482
0.141747
0.0334851
0.0136474
0.0222897
0.0410087
0.0798271
0.199858
0.287482
0.273991
0.0461278
0.0341401
0.0381509
0.020137
0.0147927
0.0777359
0.287482
0.287482
0.287482
0.107547
0.0586856
0.0148942
0.0173526
0.0326135
0.0828907
0.287482
0.287482
0.237933
0.0920345
0.041439
0.00773031
0.0222233
0.0335147
0.109724
0.220556
0.28203
0.254935
0.0521891
0.0322118
0.0328121
0.0182005
0.0168633
0.11519
0.28203
0.28203
0.28203
0.0874535
0.0381358
0.0312335
0.0115146
0.01993
0.104086
0.28203
0.28203
0.242474
0.124121
0.0545964
0.0102187
0.0255621
0.0603152
0.171033
0.28203
0.28203
0.28203
0.0671111
0.0331912
0.0154403
0.0162943
0.0144555
0.119972
0.269698
0.269698
0.269698
0.0994341
0.0486553
0.0238136
0.019721
0.0399872
0.122945
0.269698
0.269698
0.263276
0.126131
0.0658865
0.0345969
0.0271135
0.0455915
0.168251
0.269698
0.269698
0.269698
0.108577
0.0579037
0.0150259
0.0309909
0.0273363
0.0783719
0.269698
0.269698
0.257228
0.108854
0.0669433
0.0154369
0.0199175
0.0474094
0.13836
0.271091
0.271091
0.271091
0.137656
0.0741987
0.0305403
0.00670448
0.0912503
0.118472
0.271091
0.271091
0.246558
0.144053
0.0275614
0.0160434
0.0326249
0.0234321
0.0764465
0.271091
0.271091
0.271091
0.13173
0.0828011
0.0166417
0.00966523
0.0598781
0.053927
0.257258
0.271091
0.271091
0.0897735
0.0133467
0.00286105
0.00635689
0.0764453
0.117734
0.288086
0.288086
0.221871
0.126076
0.028228
0.0172299
0.0222779
0.0352704
0.0458429
0.288086
0.288086
0.288086
0.0596517
0.0182251
0.0328682
0.00387318
0.0391805
0.0623031
0.288086
0.288086
0.288086
0.0764367
0.0127122
0.00755693
0.0182326
0.0449528
0.0465201
0.225386
0.288086
0.288086
0.0824664
0.0372552
0.0171462
0.0231026
0.0215806
0.0571492
0.279314
0.279314
0.279314
0.0638159
0.0257607
0.0415882
0.0361161
0.0202827
0.0709571
0.279314
0.279314
0.279314
0.0582997
0.0347512
0.0394576
0.0116925
0.0266153
0.0761328
0.266143
0.279314
0.279314
0.0857705
0.0358126
0.0206323
0.0685452
0.0481186
0.118934
0.279314
0.279314
0.279314
0.0914872
0.0394063
0.0236116
