0.105355
0.210912
0.223694
0.11532
0.164554
0.19483
0.185846
0.167002
0.223694
0.141443
0.218303
0.123301
0.223694
0.223694
0.15203
0.111147
0.196155
0.138273
0.104622
0.215619
0.207083
0.0891227
0.16141
0.095814
0.162777
0.170051
0.223694
0.0951829
0.20056
0.119421
0.185343
0.209262
0.110234
0.100911
0.0726615
0.0965164
0.185404
0.223169
0.124945
0.223169
0.223169
0.195518
0.114665
0.200078
0.165471
0.111594
0.223169
0.140586
0.202844
0.223169
0.109332
0.192068
0.135043
0.134804
0.111965
0.189627
0.0915497
0.150773
0.223169
0.15527
0.107551
0.0910732
0.118389
0.0972453
0.145015
0.158497
0.223169
0.223169
0.215592
0.10629
0.0831826
0.127579
0.126927
0.223582
0.139208
0.194241
0.223582
0.121798
0.196184
0.134638
0.139124
0.0685216
0.11732
0.126809
0.153533
0.218781
0.0688998
0.12582
0.223582
0.223582
0.130365
0.161449
0.122231
0.214095
0.223582
0.223582
0.0893907
0.110313
0.183242
0.146704
0.0996086
0.117023
0.109369
0.223582
0.154618
0.148602
0.221005
0.223582
0.0668307
0.124263
0.146275
0.155249
0.228195
0.0915317
0.123745
0.228195
0.176025
0.0467564
0.0691708
0.173112
0.186263
0.228195
0.215192
0.131543
0.175632
0.192295
0.152395
0.12382
0.108909
0.107574
0.228195
0.206999
0.141356
0.180135
0.226458
0.131556
0.148785
0.162696
0.228195
0.228195
0.180078
0.169337
0.14224
0.0927998
0.0614938
0.0939034
0.165724
0.17631
0.227792
0.221902
0.118629
0.108909
0.117152
0.069279
0.132754
0.124077
0.160122
0.21881
0.182683
0.0777588
0.0964937
0.224721
0.113997
0.130167
0.154694
0.227792
0.227792
0.200789
0.200341
0.123795
0.0992524
0.0942077
0.137508
0.1842
0.227792
0.227792
0.217491
0.149027
0.214516
0.182209
0.104277
0.201791
0.135307
0.187945
0.223827
0.191042
0.0670074
0.0703877
0.169911
0.129423
0.223827
0.130852
0.186921
0.215294
0.125147
0.132587
0.0873685
0.0867165
0.0869038
0.137783
0.210836
0.223827
0.223827
0.192013
0.162718
0.209882
0.223827
0.0462237
0.0984904
0.0982705
0.149043
0.223827
0.194539
0.149456
0.199202
0.184008
0.141528
0.220834
0.19142
0.220834
0.220834
0.12095
0.152945
0.109409
0.0735459
0.118569
0.129158
0.112725
0.138438
0.193821
0.122465
0.220834
0.190255
0.162097
0.0580783
0.143837
0.153107
0.208318
0.220834
0.148319
0.169091
0.205218
0.183523
0.137341
0.18502
0.220834
0.15869
0.220834
0.194475
0.0809731
0.128084
0.112071
0.134567
0.215151
0.18707
0.0961801
0.179461
0.0952241
0.185092
0.197021
0.215151
0.127161
0.194944
0.137074
0.204955
0.186687
0.106241
0.0883049
0.121649
0.122121
0.09653
0.19494
0.087867
0.119379
0.17926
0.107151
0.192618
0.215151
0.215151
0.192021
0.215151
0.199307
0.215151
0.20304
0.146615
0.196143
0.121488
0.0661916
0.128708
0.177156
0.116269
0.166934
0.209396
0.151538
0.101616
0.153101
0.140655
0.113203
0.152575
0.153711
0.20082
0.210345
0.161021
0.114457
0.105002
0.182154
0.18052
0.203143
0.188583
0.210345
0.197001
0.167774
0.199567
0.191001
0.149056
0.11446
0.133808
0.0950076
0.159507
0.201425
0.156195
0.157148
0.210345
0.210345
0.127569
0.158518
0.127062
0.178721
0.218106
0.169143
0.0948743
0.130076
0.187848
0.146044
0.111593
0.138186
0.0977826
0.218106
0.140762
0.170324
0.180281
0.218106
0.119188
0.119297
0.0888332
0.13918
0.206998
0.123746
0.104173
0.218106
0.218106
0.139702
0.140663
0.14721
0.173903
0.218106
0.195407
0.205565
0.218106
0.218106
0.135554
0.119496
0.137243
0.0938954
0.218148
0.173331
0.155113
0.151871
0.200357
0.114699
0.172363
0.155134
0.218148
0.218148
0.184414
0.212157
0.106193
0.090121
0.173801
0.176991
0.160357
0.218148
0.218148
0.1725
0.137979
0.164321
0.167338
0.144262
0.203914
0.156487
0.176952
0.218148
0.116283
0.137502
0.131977
0.111438
0.106703
0.150259
0.165626
0.221976
0.221976
0.195964
0.221976
0.104005
0.0816717
0.0970037
0.117048
0.150641
0.220129
0.221976
0.200157
0.160717
0.17089
0.162909
0.146756
0.221976
0.167436
0.217764
0.221976
0.129714
0.111931
0.0797355
0.0798164
0.0482753
0.114922
0.0871071
0.221976
0.221976
0.179832
0.133756
0.197215
0.145981
0.116573
0.138818
0.208487
0.22499
0.22499
0.190097
0.171311
0.176369
0.21284
0.077826
0.0987868
0.0933078
0.174942
0.22499
0.168848
0.144318
0.190613
0.178729
0.05024
0.134822
0.119285
0.22499
0.22499
0.183208
0.158356
0.163666
0.147832
0.0972557
0.138675
0.126707
0.20551
0.22499
0.209404
0.128376
0.0877252
0.0900057
0.0888796
0.14831
0.145268
0.212014
0.215131
0.13598
0.144292
0.164894
0.16111
0.16469
0.161437
0.200243
0.179916
0.215131
0.163119
0.0655547
0.114242
0.131503
0.10385
0.125572
0.132577
0.195806
0.215131
0.215131
0.170546
0.0886592
0.124559
0.160476
0.215131
0.159021
0.190059
0.215131
0.208987
0.195812
0.169105
0.11957
0.099699
0.189866
0.0807233
0.143124
0.180624
0.109942
0.161298
0.208237
0.208237
0.195257
0.208237
0.171962
0.208237
0.208237
0.12583
0.189564
0.15819
0.090458
0.203358
0.171826
0.140313
0.158808
0.204803
0.171773
0.173441
0.142118
0.122807
0.134547
0.159327
0.175793
0.161062
0.208237
0.159788
0.191539
0.140857
0.0918967
0.16306
0.175481
0.157492
0.198344
0.174332
0.152203
0.193538
0.196194
0.156169
0.107457
0.106117
0.0805087
0.113296
0.201218
0.134701
0.135277
0.202728
0.202728
0.143516
0.166554
0.179112
0.156275
0.202728
0.164544
0.202728
0.202728
0.158073
0.188836
0.202728
0.181776
0.092962
0.133434
0.121489
0.142187
0.175508
0.202728
0.119387
0.106475
0.0938027
0.12026
0.21307
0.124249
0.116554
0.206528
0.217721
0.115328
0.120544
0.1436
0.172211
0.217721
0.17348
0.217721
0.217721
0.177752
0.19393
0.185619
0.137676
0.108642
0.131005
0.152524
0.18512
0.217721
0.217721
0.0849692
0.1864
0.193635
0.112662
0.179013
0.149587
0.151197
0.217721
0.124514
0.155969
0.160213
0.162953
0.204553
0.210191
0.145503
0.148204
0.163206
0.14314
0.144743
0.210191
0.165157
0.18897
0.210191
0.13856
0.186005
0.139122
0.11004
0.102395
0.178848
0.197504
0.146656
0.175939
0.102636
0.124821
0.210191
0.0996844
0.0871036
0.188708
0.210191
0.210191
0.210191
0.13714
0.210191
0.169242
0.0898314
0.130849
0.215026
0.184741
0.197033
0.215026
0.130306
0.13225
0.0820358
0.0797891
0.0520287
0.0946456
0.102536
0.215026
0.215026
0.164486
0.143274
0.194915
0.131361
0.0933751
0.159686
0.20473
0.215026
0.204992
0.102321
0.186275
0.154018
0.0732538
0.0507303
0.215026
0.215026
0.215026
0.215026
0.175636
0.186197
0.215026
0.120363
0.0568796
0.123495
0.150629
0.229145
0.229145
0.190968
0.15868
0.149855
0.120372
0.141388
0.140497
0.111595
0.170427
0.229145
0.183913
0.111964
0.0825544
0.0818067
0.0572785
0.229145
0.229145
0.229145
0.229145
0.21371
0.209113
0.229145
0.108179
0.120032
0.166146
0.123762
0.179871
0.229145
0.138086
0.0938781
0.106582
0.115151
0.143006
0.148466
0.124236
0.167802
0.214456
0.214456
0.146212
0.0688089
0.109718
0.165337
0.178847
0.149883
0.214456
0.214456
0.183971
0.15744
0.163879
0.156081
0.100512
0.170709
0.156367
0.214456
0.214456
0.167621
0.145811
0.166954
0.116672
0.127396
0.132888
0.144289
0.198891
0.214456
0.186503
0.194346
0.118291
0.163815
0.176861
0.138485
0.118372
0.161387
0.208959
0.172372
0.14447
0.132073
0.144737
0.116201
0.144022
0.154035
0.149936
0.208959
0.147572
0.208959
0.121971
0.110595
0.208959
0.208959
0.162252
0.198823
0.208959
0.106055
0.162986
0.171833
0.208959
0.0900562
0.153466
0.16937
0.146429
0.158247
0.120433
0.208959
0.208959
0.208959
0.137506
0.17005
0.183616
0.159568
0.205873
0.164922
0.205873
0.158524
0.185584
0.123435
0.175511
0.155401
0.11564
0.162898
0.126671
0.153606
0.144175
0.192223
0.10307
0.175581
0.205873
0.199064
0.205873
0.142334
0.205873
0.205873
0.205873
0.122842
0.178938
0.192541
0.144409
0.205873
0.118046
0.12705
0.0993623
0.115592
0.146312
0.165181
0.134707
0.134179
0.169385
0.157005
0.185846
0.212289
0.212289
0.0677686
0.166188
0.199672
0.135582
0.209628
0.142642
0.118124
0.212289
0.0955201
0.136799
0.212289
0.212289
0.182958
0.212289
0.148071
0.101478
0.126395
0.16046
0.0533663
0.205779
0.158693
0.212289
0.212289
0.148117
0.106652
0.208478
0.125008
0.0920073
0.158706
0.193306
0.14383
0.209702
0.0985377
0.0943888
0.20511
0.0978609
0.0986069
0.206753
0.194933
0.209199
0.204308
0.160893
0.209702
0.181165
0.0819521
0.0595442
0.209702
0.145246
0.209702
0.209702
0.157133
0.0989243
0.209702
0.120013
0.0902675
0.146106
0.177453
0.209702
0.209702
0.195999
0.151915
0.209702
0.0696618
0.0994758
0.175673
0.1877
0.203386
0.213311
0.130473
0.196913
0.16958
0.0809163
0.0617919
0.215015
0.215015
0.215015
0.215015
0.210373
0.215015
0.215015
0.136805
0.0881542
0.114231
0.170569
0.215015
0.215015
0.175745
0.113477
0.215015
0.0716436
0.0781982
0.139943
0.127036
0.156774
0.215015
0.0894421
0.13235
0.151029
0.0581824
0.0659564
0.232042
0.232042
0.232042
0.232042
0.232042
0.231811
0.232042
0.121522
0.127837
0.174201
0.137025
0.198469
0.232042
0.137348
0.0942622
0.122571
0.133209
0.0783778
0.154529
0.152255
0.165587
0.232042
0.10791
0.149251
0.206409
0.0828811
0.0446191
0.0849155
0.111212
0.232042
0.232042
0.132245
0.0551267
0.0956579
0.0898568
0.110315
0.188472
0.146671
0.226633
0.226633
0.153512
0.13227
0.148147
0.117471
0.113448
0.131296
0.15062
0.205224
0.226633
0.190822
0.187879
0.134158
0.180479
0.0614508
0.110416
0.140256
0.226633
0.226633
0.118681
0.0815418
0.108745
0.0917269
0.0950825
0.169352
0.0997997
0.199695
0.226633
0.205755
0.13923
0.226633
0.226633
0.212611
0.208202
0.164643
0.196974
0.212611
0.134993
0.174927
0.186405
0.212611
0.0890433
0.177841
0.199495
0.152154
0.172204
0.121168
0.212611
0.212611
0.212611
0.0612368
0.129357
0.149808
0.18009
0.0931023
0.174484
0.184216
0.0953672
0.0737591
0.101386
0.200243
0.147786
0.127403
0.160181
0.13325
0.163342
0.188498
0.179162
0.102899
0.203283
0.215268
0.194112
0.215268
0.132783
0.215268
0.189407
0.215268
0.101629
0.194608
0.166466
0.165762
0.215268
0.120734
0.1215
0.0897298
0.121408
0.0775164
0.136983
0.128459
0.161328
0.215268
0.186908
0.208233
0.162305
0.210855
0.183071
0.215268
0.147481
0.0994936
0.215268
0.157818
0.0993353
0.0715812
0.0959064
0.124095
0.214985
0.18521
0.185103
0.214985
0.14083
0.090602
0.118149
0.193349
0.0632038
0.214985
0.185593
0.209638
0.214985
0.175363
0.114731
0.203541
0.129891
0.141102
0.214985
0.205666
0.153222
0.214985
0.214985
0.110457
0.0781613
0.122414
0.0916546
0.176787
0.154046
0.120371
0.173562
0.191353
0.143357
0.185449
0.0999001
0.0777806
0.208196
0.164111
0.201205
0.208196
0.173818
0.11042
0.208196
0.133457
0.143457
0.208196
0.138355
0.208196
0.208196
0.207287
0.130208
0.208196
0.097958
0.0802708
0.196115
0.202385
0.143641
0.163185
0.180318
0.136465
0.172471
0.103798
0.196035
0.138456
0.100278
0.148371
0.133697
0.147122
0.208196
0.143073
0.189398
0.158034
0.179852
0.156539
0.212371
0.212371
0.208561
0.117763
0.212371
0.105635
0.108014
0.148322
0.174696
0.180655
0.212371
0.130089
0.14587
0.186123
0.0985679
0.212371
0.185675
0.123713
0.177082
0.16066
0.179118
0.212371
0.113536
0.14204
0.14058
0.160326
0.142242
0.083498
0.212371
0.212371
0.161715
0.0918048
0.173512
0.105782
0.146819
0.185303
0.177196
0.221808
0.137648
0.159268
0.221808
0.134255
0.0608989
0.119078
0.15087
0.221808
0.221808
0.136739
0.0832813
0.199348
0.129974
0.154928
0.169993
0.171946
0.128625
0.221808
0.201785
0.188654
0.0977164
0.132077
0.0676269
0.144729
0.164311
0.203419
0.221808
0.221808
0.12026
0.221808
0.109562
0.0830701
0.135872
0.157733
0.223658
0.223658
0.116063
0.100165
0.165202
0.120385
0.109749
0.182652
0.115487
0.181015
0.223658
0.184792
0.140681
0.223658
0.223658
0.0856243
0.166585
0.16007
0.210346
0.223658
0.191745
0.119197
0.167343
0.0909689
0.167809
0.18178
0.117727
0.187641
0.159178
0.181579
0.223658
0.157882
0.0561262
0.0889834
0.1576
0.180909
0.181732
0.130274
0.203599
0.216811
0.120472
0.109563
0.119685
0.216811
0.205656
0.172663
0.216811
0.126627
0.205119
0.216811
0.216811
0.148776
0.216811
0.182321
0.129119
0.216811
0.216811
0.216811
0.154585
0.0793615
0.0791872
0.135888
0.0802765
0.125315
0.216811
0.136446
0.0719139
0.129335
0.110882
0.0863377
0.174862
0.179093
0.169021
0.221385
0.167404
0.221385
0.204051
0.221385
0.161927
0.221385
0.187335
0.127918
0.221385
0.152923
0.100774
0.092004
0.104876
0.0818911
0.138659
0.0750213
0.126282
0.221385
0.145567
0.0986635
0.178823
0.123044
0.19239
0.221385
0.133266
0.215595
0.221385
0.090996
0.0971502
0.165451
0.192339
0.124978
0.216104
0.192198
0.134135
0.216104
0.180941
0.104381
0.0943237
0.11785
0.112387
0.202774
0.165799
0.123753
0.152789
0.216104
0.142609
0.138865
0.122824
0.198341
0.216104
0.116365
0.186755
0.216104
0.0888118
0.133571
0.210713
0.16562
0.104891
0.107851
0.174146
0.216104
0.216104
0.181291
0.155046
0.140115
0.216104
0.125538
0.197619
0.19708
0.134341
0.14533
0.204786
0.14681
0.150316
0.11337
0.20118
0.13503
0.0695012
0.125509
0.170356
0.168123
0.206886
0.122676
0.168607
0.146306
0.0908757
0.186013
0.206886
0.206886
0.153693
0.185069
0.151446
0.201071
0.183812
0.138836
0.166431
0.13054
0.192414
0.206886
0.206886
0.15664
0.17121
0.210034
0.175221
0.0913936
0.161447
0.189982
0.183982
0.210034
0.0999805
0.131865
0.148584
0.198556
0.175062
0.111446
0.210034
0.210034
0.165156
0.0929523
0.174602
0.210034
0.168657
0.210034
0.172294
0.210034
0.210034
0.210034
0.164593
0.153138
0.0987877
0.163857
0.135866
0.129698
0.210034
0.167896
0.0652154
0.0566016
0.096086
0.161587
0.206936
0.199065
0.149055
0.221973
0.189426
0.163809
0.102496
0.153084
0.0786305
0.147482
0.184785
0.202741
0.221973
0.221973
0.143733
0.221973
0.0897984
0.0892293
0.187177
0.158802
0.180519
0.221973
0.129287
0.110106
0.0777345
0.0648884
0.0752434
0.167447
0.187239
0.221973
0.221973
0.187346
0.168488
0.137061
0.0695178
0.0952425
0.156814
0.175536
0.186218
0.215909
0.174563
0.12731
0.209472
0.0841297
0.155316
0.169285
0.106389
0.181378
0.214191
0.128042
0.167936
0.161394
0.107943
0.0804975
0.159717
0.157593
0.215909
0.215909
0.160544
0.212287
0.148244
0.0642747
0.115623
0.215909
0.113149
0.134127
0.215909
0.146758
0.200389
0.196751
0.215909
0.0865707
0.15467
0.132498
0.120115
0.214416
0.217912
0.219318
0.104156
0.0611996
0.0687507
0.146336
0.101615
0.155992
0.220291
0.113773
0.0527525
0.100946
0.0896903
0.136572
0.172085
0.153031
0.220291
0.17658
0.145567
0.220291
0.220291
0.164444
0.140862
0.220291
0.220291
0.220291
0.220291
0.205499
0.200838
0.155133
0.141027
0.072244
0.140145
0.0993522
0.146827
0.211272
0.12677
0.0711185
0.146998
0.100428
0.132241
0.179591
0.168618
0.193976
0.211272
0.0723564
0.0825034
0.139061
0.124696
0.135937
0.211272
0.211272
0.211272
0.211272
0.211272
0.211272
0.203978
0.211272
0.0639291
0.139228
0.211272
0.139112
0.199141
0.0943505
0.211272
0.203773
0.21018
0.178104
0.194783
0.159188
0.190392
0.215255
0.102476
0.134345
0.215255
0.156111
0.11923
0.116238
0.154942
0.215255
0.215255
0.193364
0.120704
0.0986069
0.215255
0.0740034
0.159827
0.215255
0.141843
0.19674
0.143243
0.215255
0.215255
0.215255
0.0616927
0.101244
0.14798
0.11485
0.126278
0.215255
0.215255
0.0983759
0.0871331
0.172364
0.0943559
0.137436
0.208665
0.214881
0.1826
0.152013
0.121113
0.214109
0.174119
0.131657
0.125805
0.16419
0.214881
0.214881
0.214881
0.163132
0.129548
0.0905981
0.144777
0.155421
0.130529
0.159852
0.214881
0.214881
0.0662124
0.0776236
0.133854
0.145164
0.214881
0.187971
0.214881
0.161607
0.0972046
0.199895
0.150349
0.188587
0.139633
0.131609
0.181675
0.216721
0.208197
0.216721
0.154945
0.107929
0.0972242
0.156862
0.146606
0.151773
0.216721
0.178096
0.0946727
0.0771881
0.0769288
0.142637
0.148333
0.193437
0.216721
0.216721
0.154225
0.0805032
0.160344
0.120273
0.133142
0.216721
0.110816
0.216721
0.216721
0.216721
0.15289
0.216721
0.1058
0.100758
0.182333
0.158512
0.180662
0.211158
0.131932
0.0989778
0.0911271
0.0676934
0.0840689
0.157133
0.187928
0.208101
0.220205
0.161959
0.145941
0.111997
0.057653
0.137192
0.19454
0.106642
0.220205
0.220205
0.220205
0.179379
0.220205
0.106189
0.160667
0.220205
0.120289
0.218067
0.220205
0.220205
0.168652
0.12694
0.0925901
0.10643
0.155019
0.183901
0.212088
0.217249
0.173012
0.187372
0.140608
0.0753275
0.115075
0.217249
0.0866001
0.137356
0.217249
0.139768
0.161958
0.217249
0.217249
0.170949
0.217249
0.114109
0.213418
0.217249
0.217249
0.186505
0.149591
0.121072
0.129022
0.146813
0.0456163
0.145252
0.217249
0.128695
0.140846
0.107213
0.127745
0.106216
0.14111
0.134484
0.214558
0.177363
0.1582
0.214558
0.214558
0.144426
0.142229
0.214558
0.200242
0.214558
0.214558
0.185048
0.15621
0.136351
0.128747
0.106452
0.132825
0.128839
0.20275
0.214558
0.188998
0.0801069
0.175659
0.115394
0.13497
0.212835
0.190684
0.135809
0.214558
0.106121
0.149664
0.0771302
0.141554
0.144763
0.212385
0.180743
0.212385
0.212385
0.212385
0.183634
0.192562
0.185235
0.0566195
0.132243
0.212385
0.146433
0.161368
0.115262
0.211379
0.159886
0.163742
0.167022
0.207344
0.156244
0.167792
0.212385
0.143208
0.196099
0.0952274
0.180786
0.102047
0.149236
0.111353
0.127691
0.154287
0.113338
0.11973
0.163515
0.169765
0.0664424
0.146966
0.214941
0.152197
0.160122
0.171775
0.214941
0.214941
0.214941
0.0536269
0.105918
0.136296
0.11712
0.113703
0.198831
0.214941
0.108103
0.0836794
0.122805
0.169712
0.128219
0.173837
0.214941
0.180786
0.189181
0.214941
0.214941
0.0601479
0.214941
0.214941
0.161853
0.214941
0.123969
0.153011
0.151565
0.139144
0.0965637
0.137558
0.137894
0.127631
0.157054
0.190433
0.200987
0.0901766
0.0952185
0.138249
0.142468
0.198238
0.216686
0.216686
0.165797
0.155637
0.216686
0.169832
0.0809012
0.216686
0.172935
0.148292
0.216686
0.156452
0.15568
0.144558
0.192854
0.130518
0.194058
0.146584
0.146006
0.211256
0.153859
0.145983
0.183223
0.194858
0.155428
0.147234
0.169701
0.22541
0.22541
0.136762
0.0960798
0.167731
0.129982
0.132571
0.191947
0.135104
0.22541
0.22541
0.22541
0.158012
0.215863
0.109212
0.135077
0.148511
0.113264
0.148111
0.18451
0.167627
0.127832
0.156166
0.21823
0.0276942
0.197328
0.160755
0.22541
0.22541
0.132961
0.0975766
0.106494
0.104505
0.153495
0.171119
0.130964
0.223474
0.223474
0.223474
0.155994
0.221514
0.112896
0.172573
0.223474
0.133259
0.168211
0.223474
0.223474
0.138352
0.11105
0.11266
0.0644989
0.181683
0.158205
0.223474
0.223474
0.174357
0.122335
0.112813
0.149298
0.0727929
0.14344
0.0891837
0.17955
0.206845
0.100857
0.131131
0.174528
0.122774
0.2
0.229162
0.139663
0.177628
0.229162
0.229162
0.15913
0.137445
0.156819
0.125936
0.148094
0.0472842
0.137515
0.229162
0.13807
0.155592
0.123546
0.136926
0.11326
0.150006
0.0719663
0.153715
0.229162
0.14735
0.15709
0.189018
0.163828
0.0474616
0.177372
0.126522
0.223717
0.229162
0.204705
0.225889
0.114021
0.100138
0.132496
0.13633
0.153343
0.234799
0.234799
0.230103
0.0888999
0.200421
0.139606
0.157823
0.189647
0.163725
0.178278
0.234799
0.144941
0.134734
0.131544
0.133492
0.0701124
0.149584
0.14442
0.161828
0.234799
0.234799
0.234799
0.0818491
0.0985405
0.116232
0.193317
0.130278
0.151711
0.216119
0.150093
0.12889
0.130408
0.104093
0.198251
0.214127
0.1542
0.212276
0.214127
0.214127
0.189703
0.154184
0.161262
0.10715
0.167907
0.121505
0.140286
0.213043
0.155314
0.138092
0.184868
0.181266
0.138873
0.207948
0.110136
0.203849
0.214127
0.177022
0.160614
0.176459
0.15532
0.0690014
0.146431
0.139061
0.0859825
0.166049
0.150603
0.1232
0.173032
0.126676
0.108632
0.17584
0.132583
0.157089
0.206831
0.190054
0.18695
0.206831
0.204078
0.0721063
0.206831
0.190533
0.191994
0.206831
0.13797
0.192233
0.165657
0.133124
0.0926528
0.180092
0.134427
0.118102
0.206831
0.176333
0.128574
0.142677
0.109402
0.16736
0.13528
0.0781607
0.178628
0.206831
0.206831
0.176912
0.133682
0.191972
0.0905833
0.208044
0.154789
0.15655
0.208044
0.140686
0.171541
0.143173
0.15394
0.124869
0.160112
0.136959
0.174789
0.208044
0.17453
0.188106
0.132084
0.187244
0.1268
0.13239
0.0807373
0.175626
0.208044
0.208044
0.150409
0.106122
0.152435
0.107304
0.208044
0.208044
0.208044
0.208044
0.196491
0.168687
0.130592
0.166617
0.147142
0.159329
0.133301
0.182884
0.216432
0.180566
0.149572
0.128796
0.212815
0.0448428
0.211013
0.161393
0.216432
0.216432
0.116918
0.0808112
0.126057
0.106637
0.0665993
0.181066
0.203464
0.184711
0.216432
0.193987
0.178479
0.179888
0.167296
0.121782
0.216432
0.124748
0.216432
0.216432
0.105605
0.0727788
0.169108
0.13761
0.0850707
0.224596
0.184601
0.224596
0.224596
0.154201
0.0995333
0.1495
0.161467
0.0896865
0.174186
0.0790388
0.159764
0.224596
0.130898
0.126241
0.183516
0.157247
0.144574
0.224596
0.146106
0.224596
0.204916
0.123826
0.109208
0.204889
0.173567
0.120172
0.165553
0.146831
0.157033
0.217327
0.0997631
0.068337
0.224596
0.168283
0.120195
0.166729
0.05973
0.135959
0.23099
0.184618
0.151339
0.176225
0.189392
0.0522728
0.222598
0.136297
0.23099
0.23099
0.195864
0.216936
0.12197
0.107176
0.159819
0.211267
0.151075
0.14873
0.200107
0.169961
0.0843758
0.23099
0.173611
0.0936201
0.192123
0.128887
0.135656
0.23099
0.154205
0.129224
0.116529
0.0794092
0.0737571
0.159174
0.166736
0.171113
0.254733
0.254733
0.200485
0.0985851
0.116795
0.11103
0.190605
0.11612
0.208534
0.254733
0.254733
0.173197
0.188138
0.0904071
0.0111925
0.0182964
0.130424
0.249525
0.254733
0.241062
0.085517
0.00886647
0.00660157
0.0159764
0.0215902
0.101209
0.232696
0.254733
0.24443
0.0970762
0.0142639
0.0172325
0.116773
0.198086
0.0975764
0.25225
0.252829
0.252829
0.197507
0.217576
0.124285
0.058284
0.157812
0.125712
0.111112
0.242381
0.196139
0.130846
0.186553
0.104077
0.0196698
0.0217331
0.11205
0.236146
0.252829
0.235643
0.128813
0.0170921
0.0165016
0.0181516
0.034843
0.0608455
0.23327
0.252829
0.224024
0.216022
0.0391053
0.01261
0.0814701
0.200602
0.122772
0.132014
0.243673
0.209267
0.143864
0.152402
0.0862762
0.180741
0.135841
0.0703839
0.175648
0.210568
0.243673
0.243673
0.152564
0.19164
0.0171232
0.0458116
0.0765298
0.243673
0.243673
0.224459
0.222796
0.03644
0.00695172
0.0424086
0.0657118
0.0991915
0.158585
0.243673
0.243673
0.243673
0.0712688
0.057915
0.138975
0.139479
0.0821357
0.159928
0.204311
0.237612
0.195088
0.102758
0.147976
0.112193
0.208627
0.19085
0.214323
0.237612
0.237612
0.19004
0.0961111
0.141129
0.0335887
0.0570961
0.0929034
0.164342
0.237612
0.237612
0.237612
0.0689001
0.0553917
0.0393585
0.100084
0.146058
0.0936604
0.237612
0.237612
0.237612
0.0784036
0.0954652
0.0734492
0.199132
0.186611
0.193804
0.23421
0.23421
0.181397
0.138354
0.129545
0.124972
0.23421
0.0980129
0.197236
0.23421
0.122066
0.0916524
0.198545
0.132803
0.0324311
0.106958
0.143497
0.118518
0.23421
0.23421
0.23421
0.108007
0.109622
0.0528134
0.102082
0.139035
0.144281
0.211339
0.196372
0.23421
0.120259
0.0925436
0.129305
0.215003
0.114957
0.208294
0.215003
0.122154
0.124467
0.215003
0.145203
0.0927357
0.136813
0.12503
0.159919
0.215003
0.0924341
0.0909488
0.215003
0.155011
0.0620438
0.153435
0.177632
0.172908
0.215003
0.215003
0.215003
0.177902
0.121317
0.118131
0.215003
0.158666
0.194827
0.204766
0.175664
0.215003
0.1189
0.0657964
0.132724
0.183395
0.149033
0.169589
0.214604
0.172682
0.118982
0.201684
0.159128
0.0913038
0.190858
0.131168
0.130729
0.214604
0.133811
0.130906
0.128409
0.068335
0.110619
0.214604
0.178142
0.198617
0.214604
0.214604
0.214604
0.185501
0.0768047
0.123738
0.163032
0.132929
0.156532
0.214604
0.214604
0.190234
0.107858
0.168805
0.00281688
0.0127381
0.169755
0.292977
0.292977
0.260765
0.0863863
0.0054517
0.00217422
0.00281688
0.00596192
0.110664
0.292977
0.292977
0.292977
0.201886
0.0123635
0.013936
0.0255662
0.0882646
0.109361
0.202884
0.18433
0.134645
0.0950693
0.0855106
0.113488
0.0268926
0.127157
0.239578
0.292977
0.292977
0.0862729
0.0872265
0.0516732
0.0797578
0.00494915
0.00459016
0.098696
0.272659
0.279445
0.279445
0.2137
0.0141579
0.00899098
0.0233124
0.0500531
0.0926748
0.249361
0.279445
0.279445
0.267478
0.0486952
0.0012528
0.0346334
0.0671892
0.180325
0.279445
0.279445
0.0816992
0.0652285
0.0579879
0.119082
0.0473811
0.0210064
0.164966
0.279445
0.249019
0.119262
0.0368973
0.025791
0.0263574
0.0211499
0.0643735
0.0980071
0.271185
0.271185
0.271185
0.271185
0.0536497
0.00193613
0.048524
0.0989537
0.162723
0.211861
0.271185
0.271185
0.271185
0.102962
0.0671664
0.0412892
0.00272584
0.136045
0.271185
0.271185
0.125345
0.0463249
0.0261349
0.0519401
0.00858722
0.000626502
0.130082
0.271185
0.271185
0.114883
0.0589616
0.00759399
0.0125248
0.0512932
0.110072
0.167657
0.257357
0.262601
0.262601
0.262601
0.101826
0.0855982
0.0463604
0.14222
0.178034
0.139606
0.262601
0.262601
0.262601
0.107093
0.123519
0.00204811
0.000711513
0.0989777
0.262601
0.262601
0.103167
0.0595076
0.00771853
0.00776546
0.00404457
0.00278401
0.126628
0.262601
0.262601
0.195466
0.069731
0.00952039
0.00350374
0.0449079
0.152735
0.178487
0.179475
0.259577
0.259577
0.228493
0.123423
0.132605
0.0418684
0.106496
0.14684
0.18481
0.259577
0.259577
0.259577
0.136041
0.114879
0.00224834
0.00469363
0.110805
0.259577
0.259577
0.174499
0.0694709
0.0120536
0.00208758
0.00952623
0.0164214
0.116838
0.245211
0.259577
0.223325
0.113817
0.0356256
0.00579442
0.0458672
0.140534
0.153304
0.185319
0.248585
0.248585
0.248585
0.150621
0.112532
0.0962902
0.207351
0.150165
0.204034
0.248585
0.248585
0.248585
0.0775614
0.0773566
0.00829527
0.0170769
0.103119
0.236978
0.248585
0.204583
0.0987101
0.0357414
0.00738124
0.0312051
0.0325179
0.0693508
0.202174
0.248585
0.248585
0.179794
0.0141016
0.00589324
0.0852621
0.216943
0.158279
0.194637
0.251642
0.251642
0.251642
0.11859
0.0672031
0.0954744
0.18393
0.139613
0.168064
0.251642
0.216562
0.189232
0.12342
0.129182
0.0289208
0.035287
0.0863729
0.204872
0.251642
0.251642
0.161253
0.025274
0.00893748
0.0526099
0.0879375
0.0490852
0.117351
0.251642
0.251642
0.150572
0.110863
0.111217
0.0408963
0.115316
0.168974
0.253542
0.248899
0.184986
0.130334
0.107799
0.162894
0.0537959
0.215193
0.253542
0.253542
0.253542
0.131762
0.114265
0.0643937
0.129368
0.0653107
0.0940331
0.0538932
0.0329359
0.0537977
0.0567804
0.105432
0.127691
0.235844
0.148468
0.253542
0.189898
0.197051
0.253542
0.0916576
0.181226
0.101199
0.253542
0.0553264
0.124647
0.221027
0.248551
0.248551
0.116174
0.0848538
0.0659375
0.186205
0.0635185
0.0728795
0.247711
0.248551
0.248551
0.169918
0.0631088
0.0576675
0.0859085
0.14357
0.240732
0.14269
0.141651
0.212929
0.0831432
0.183031
0.11577
0.248551
0.248551
0.194969
0.0518328
0.113308
0.151007
0.065844
0.0778997
0.145714
0.248551
0.0656714
0.0509609
0.223445
0.264017
0.264017
0.169018
0.0662453
0.0590858
0.110391
0.0286342
0.0314755
0.264017
0.264017
0.264017
0.152941
0.0637578
0.017705
0.0368137
0.264017
0.174115
0.0905574
0.140125
0.138469
0.0674572
0.0702406
0.10759
0.264017
0.243248
0.18366
0.125325
0.203955
0.264017
0.0537572
0.101746
0.0696142
0.198188
0.0122306
0.0214465
0.244333
0.27517
0.27517
0.129738
0.0725999
0.02103
0.0262139
0.00676362
0.00724894
0.220089
0.27517
0.27517
0.130908
0.0361849
0.0206021
0.0143513
0.200066
0.154031
0.156443
0.215975
0.258549
0.0554009
0.111826
0.0680278
0.229182
0.096545
0.0389075
0.0921299
0.27517
0.199528
0.144215
0.136478
0.208129
0.232231
0.00112742
0.00259336
0.16244
0.286551
0.286551
0.137584
0.0523341
0.0269201
0.0150349
0
0.00272855
0.119802
0.286551
0.286551
0.286551
0.151115
0.0408393
0
0.0925413
0.0336974
0.0918
0.286551
0.127961
0.11486
0.14218
0.192246
0.284
0.0223397
0.0515147
0.2015
0.286551
0.278503
0.109397
0.0471567
0.0615518
0.111884
0.00276189
0.00495583
0.0850681
0.291552
0.291552
0.291552
0.149507
0.0293131
0.00328419
0.0383577
0.022714
0.0451311
0.220729
0.291552
0.291552
0.25898
0.0128642
0.0150036
0.0214433
0.0667864
0.180082
0.291552
0.249085
0.0967675
0.0502927
0.0505819
0.0881221
0.00296289
0.0273887
0.184015
0.291552
0.291552
0.108178
0.0328832
0.0135963
0.00895089
0.0412609
0.0311735
0.0767846
0.213431
0.285971
0.285971
0.261809
0.0144174
0.0175848
0.0579147
0.134837
0.0987978
0.192921
0.285971
0.285971
0.201695
0.158589
0.127955
0.00236207
0.0387611
0.193233
0.285971
0.285971
0.121436
0.0353127
0.0125586
0.00796554
0.0030137
0.00668985
0.137515
0.285971
0.263104
0.100181
0.0169756
0.00724029
0.0037206
0.14162
0.114834
0.07263
0.0455981
0.0734693
0.0641956
0.112212
0.207143
0.270872
0.240045
0.270872
0.229164
0.263119
0.270872
0.145736
0.221039
0.164933
0.270872
0.169042
0.0866775
0.0300681
0.0373396
0.124231
0.00547752
0.0408871
0.10711
0.256054
0.168105
0.0825708
0.0377001
0.0856469
0.270872
0.0160849
0.0913145
0.10499
0.234192
0.212526
0.262834
0.153864
0.152357
0.258592
0.108989
0.187824
0.17041
0.262834
0.262834
0.262834
0.05398
0.0740012
0.178621
0.0994006
0.124389
0.215841
0.262834
0.136729
0.0674089
0.0300599
0.060334
0.202858
0.0129331
0.0753227
0.100287
0.222159
0.233071
0.0943265
0.0207769
0.0620152
0.155537
0.00344867
0.0150829
0.109728
0.262834
0.256643
0.255035
0.119752
0.106971
0.133605
0.0754128
0.0919632
0.168948
0.256643
0.256643
0.249546
0.200964
0.23415
0.256643
0.0768435
0.126319
0.082636
0.256643
0.185762
0.106823
0.0334161
0.0715141
0.153748
0.0060873
0.0166929
0.0908369
0.256643
0.172626
0.0541745
0.010724
0.185664
0.256643
0.00303578
0.00662778
0.0511165
0.216934
0.229053
0.198529
0.242137
0.242137
0.242137
0.078358
0.151222
0.0887111
0.242137
0.119942
0.0447803
0.161218
0.242137
0.242137
0.178258
0.196078
0.227078
0.242137
0.19089
0.0587779
0.0223182
0.12764
0.242137
0.00954943
0.0150113
0.0378387
0.242137
0.0913276
0.0318757
0.0211491
0.0740414
0.130596
0.102799
0.109167
0.0866697
0.242137
0.132312
0.0353611
0.156877
0.280649
0.176264
0.184202
0.232313
0.251942
0.280649
0.0397037
0.0696871
0.25112
0.280649
0.280649
0.159957
0.0754965
0.0779394
0.146216
0.172402
0.0569032
0.0350219
0.0501505
0.0700141
0.0836064
0.100043
0.0822364
0.280649
0.112102
0.100278
0.0972827
0.132776
0.173506
0.0790249
0.101565
0.107825
0.280649
0.0526107
0.0994022
0.245926
0.278242
0.278242
0.155624
0.0819769
0.087166
0.144137
0.0261114
0.030443
0.215233
0.278242
0.278242
0.124783
0.0572307
0.0579477
0.0467906
0.181347
0.182583
0.100535
0.128703
0.203395
0.059508
0.0835665
0.118734
0.278242
0.129586
0.127466
0.074753
0.118008
0.182806
0.0880538
0.103579
0.263615
0.274416
0.0300603
0.0481595
0.245794
0.262407
0.262407
0.131856
0.0613601
0.0624315
0.044211
0.0112038
0.0235811
0.262274
0.262407
0.262407
0.135054
0.0345984
0.0257743
0.0209302
0.210572
0.225853
0.098181
0.11931
0.254831
0.0884977
0.0877157
0.23555
0.235468
0.101751
0.0945662
0.125267
0.202798
0.242613
0.145147
0.162229
0.154718
0.164329
0.255057
0.106779
0.0375727
0.066557
0.218296
0.0130831
0.0484784
0.17619
0.255057
0.239902
0.100364
0.0258594
0.133378
0.255057
0.0205823
0.097751
0.177939
0.255057
0.224238
0.0278195
0.0182833
0.144211
0.255057
0.021425
0.0839722
0.0851223
0.255057
0.255057
0.137634
0.0268859
0.112764
0.255057
0.0159996
0.104486
0.240479
0.255057
0.212305
0.100852
0.0264837
0.0973398
0.268066
0.017039
0.0747443
0.194416
0.268066
0.268066
0.146985
0.0332913
0.103376
0.268066
0.00749305
0.0182763
0.184831
0.268066
0.243933
0.0808973
0.0149293
0.105425
0.268066
0.00596205
0.0640644
0.186356
0.268066
0.268066
0.0641202
0.0158609
0.0843405
0.203875
0.0144826
0.0272489
0.0772863
0.268066
0.277887
0.149581
0.0480113
0.1013
0.239827
0.00750632
0.0173842
0.152212
0.284273
0.246724
0.0678159
0.0123354
0.262208
0.284273
0.00396873
0.00812035
0.0555823
0.284273
0.202843
0.0534655
0.0171711
0.0878838
0.202485
0.0180296
0.0191337
0.0570892
0.284273
0.209771
0.0339168
0.013479
0.202162
0.284273
0.0100186
0.0091601
0.0318733
0.284273
0.270101
0.0760954
0.0268503
0.191611
0.270101
0.0146388
0.0246714
0.0463149
0.270101
0.15287
0.0370529
0.0264954
0.106421
0.237309
0.161452
0.209869
0.137178
0.270101
0.256853
0.0415613
0.0136221
0.158732
0.270101
0.0227567
0.04712
0.0997915
0.270101
0.091132
0.0216069
0.0382595
0.110111
0.222744
0.0488721
0.0895253
0.270101
0.270101
0.264294
0.0773173
0.0428738
0.0717191
0.130222
0.142229
0.178662
0.126648
0.264294
0.196801
0.150471
0.105185
0.141569
0.264133
0.147106
0.159728
0.179873
0.264294
0.147542
0.0338927
0.0348405
0.0928111
0.183568
0.0521121
0.115748
0.264294
0.264294
0.0991899
0.0476203
0.0333817
0.141932
0.264294
0.0378378
0.115345
0.204598
0.261755
0.252451
0.239289
0.0973971
0.146033
0.252451
0.103292
0.111624
0.178496
0.252451
0.196682
0.140229
0.0539612
0.17202
0.252451
0.0980772
0.137728
0.252451
0.252451
0.14406
0.0778708
0.0276126
0.182048
0.252451
0.0332951
0.0919633
0.133591
0.252451
0.168003
0.0722618
0.0204452
0.0619814
0.111072
0.017722
0.0387273
0.154688
0.252451
0.237161
0.237161
0.0943202
0.164652
0.237161
0.0841203
0.113191
0.237161
0.237161
0.127006
0.130932
0.198103
0.237161
0.237161
0.161958
0.210045
0.195129
0.205638
0.237161
0.112973
0.0203624
0.100555
0.195988
0.00788853
0.0208408
0.0815188
0.237161
0.196183
0.073522
0.0441576
0.0774421
0.17269
0.0353563
0.0865049
0.119108
0.203084
0.214097
0.0218226
0.0207249
0.161282
0.248023
0.0345244
0.0939654
0.100141
0.248023
0.248023
0.141318
0.0309828
0.148784
0.248023
0.0130525
0.0779242
0.248023
0.248023
0.234889
0.0568649
0.0177073
0.119769
0.23219
0.0514587
0.05189
0.122448
0.248023
0.184155
0.0991288
0.0347337
0.181017
0.248023
0.0844938
0.155796
0.218654
0.248023
0.253018
0.0939174
0.0199669
0.152386
0.269033
0.00541562
0.0515491
0.237024
0.269033
0.269033
0.0743952
0.0167514
0.100914
0.249281
0.0208836
0.0319758
0.080735
0.269033
0.196817
0.085372
0.0212966
0.165112
0.269033
0.0907545
0.106784
0.170859
0.269033
0.269033
0.14861
0.0158095
0.0708882
0.144206
0.00556255
0.0551449
0.0756771
0.269033
0.267944
0.0634901
0.0205164
0.108574
0.252873
0.0211704
0.025965
0.0645313
0.283798
0.242242
0.037007
0.0114139
0.265323
0.283798
0.0104262
0.0151866
0.0323419
0.283798
0.235045
0.123036
0.0166615
0.0682543
0.160599
0.00983045
0.0382364
0.0649416
0.283798
0.209818
0.067387
0.0458323
0.255466
0.283798
0.00624742
0.0247704
0.0636842
0.283798
0.276332
0.0474954
0.0154031
0.212193
0.276332
0.0237482
0.0424095
0.111598
0.276332
0.123921
0.0273339
0.0490792
0.142977
0.276332
0.0573792
0.0833346
0.276332
0.276332
0.161416
0.0589882
0.0485677
0.194387
0.276332
0.0356962
0.133417
0.165459
0.276332
0.0954132
0.0300997
0.0444802
0.0668375
0.122811
0.0672632
0.182556
0.187335
0.238714
0.210006
0.0497901
0.0494951
0.127125
0.248905
0.0704181
0.112159
0.266455
0.266455
0.145782
0.0603265
0.0338549
0.18737
0.266455
0.0629087
0.148314
0.266455
0.266455
0.0955502
0.0539325
0.0576537
0.054302
0.117056
0.0943871
0.266455
0.266455
0.266455
0.11187
0.0692696
0.0283745
0.102159
0.227537
0.0149139
0.0614725
0.0631009
0.266455
0.220867
0.0998464
0.0316942
0.268945
0.268945
0.0636549
0.135042
0.209198
0.268945
0.234229
0.0812195
0.0295595
0.111986
0.200598
0.0215759
0.0440063
0.268945
0.268945
0.149636
0.0992879
0.0356914
0.191589
0.268945
0.0157865
0.0809775
0.0604992
0.268945
0.126922
0.0637353
0.0145758
0.103395
0.217285
0.0132795
0.0292198
0.13421
0.268945
0.256102
0.139032
0.0301352
0.179605
0.256102
0.00854636
0.0213424
0.157707
0.256102
0.256102
0.118633
0.0866912
0.145147
0.234004
0.0479641
0.148123
0.186412
0.256102
0.220413
0.0654477
0.00948082
0.156897
0.256102
0.00752003
0.0217705
0.126243
0.256102
0.179156
0.0420329
0.00662134
0.204826
0.256102
0.0106945
0.0384168
0.0625574
0.256102
