0.272523
0.272523
0.272523
0.272523
0.272523
0.0734641
0.122684
0.104408
0.134033
0.0209201
0.0942633
0.272523
0.130188
0.0935993
0.0445402
0.100045
0.264371
0.0783152
0.272523
0.272523
0.127596
0.272523
0.272523
0.0260353
0.0904301
0.0606081
0.115447
0.0325988
0.0914088
0.0832804
0.0681586
0.0686927
0.0578295
0.0822493
0.0602674
0.0578786
0.0455241
0.2219
0.257654
0.257654
0.164904
0.122519
0.192906
0.257654
0.180654
0.0493572
0.148311
0.207725
0.257654
0.257654
0.110459
0.116817
0.177324
0.144323
0.0441975
0.179563
0.219377
0.177741
0.155098
0.115782
0.138414
0.128542
0.085732
0.0638562
0.190296
0.197997
0.244423
0.147751
0.041038
0.0370953
0.018923
0.0106369
0.0704506
0.214272
0.205568
0.269024
0.269024
0.125892
0.150465
0.161558
0.210252
0.0881092
0.116662
0.097683
0.269024
0.269024
0.185168
0.0378142
0.0328322
0.0133319
0.0676956
0.223429
0.261888
0.269024
0.167055
0.0568688
0.0513618
0.0239397
0.00495559
0.0256025
0.0391575
0.0848384
0.269024
0.269024
0.224048
0.0701045
0.0400081
0.00146479
0.0626224
0.145087
0.115425
0.306251
0.306251
0.16709
0.0276458
0.026589
0.0118103
0.0552134
0.0606999
0.0638785
0.306251
0.306251
0.119516
0.0251253
0.0349082
0.0144975
0.0176225
0.0478242
0.0788513
0.306251
0.306251
0.220044
0.0771695
0.0606166
0.0121888
0.0452428
0.0405891
0.0235556
0.306251
0.306251
0.268048
0.0920869
0.052558
0.0185944
0.0377601
0.0575857
0.07708
0.314483
0.314483
0.128944
0.0268715
0.0306856
0.017049
0.0208551
0.0249981
0.0548766
0.296978
0.314483
0.269546
0.0461275
0.0428171
0.0418725
0.0460679
0.047241
0.0274065
0.314483
0.314483
0.252623
0.0604398
0.0760792
0.0311546
0.0110225
0.0540382
0.0634876
0.177615
0.314483
0.293802
0.0297552
0.0305953
0.0246402
0.0164156
0.0245578
0.0712997
0.314105
0.316636
0.256138
0.0507064
0.0381003
0.043644
0.018485
0.0373932
0.0741427
0.285197
0.316636
0.2315
0.0692799
0.102871
0.0375737
0.0116028
0.050892
0.0675282
0.222365
0.316636
0.28556
0.0170908
0.0306085
0.022587
0.00779751
0.017427
0.025808
0.143818
0.316636
0.304753
0.0464524
0.0789474
0.029325
0.0149381
0.0101029
0.0145597
0.0586756
0.204711
0.053884
0.0167375
0.030467
0.0625823
0.268364
0.0277649
0.0129475
0.0554931
0.16306
0.0245475
0.0458301
0.426995
0.426995
0.00423184
0.00336107
0.00634699
0.0388511
0.127615
0.0574626
0.00899626
0.0123821
0.0099726
0.426995
0.00521697
0.00602305
0.109177
0.257162
0.0276441
0.0174655
0.103792
0.426995
0.284428
0.284428
0.172189
0.264366
0.284428
0.0424031
0.122432
0.0883367
0.149164
0.0589419
0.103572
0.0711744
0.0671053
0.0827221
0.0742323
0.0941679
0.0643685
0.0637137
0.284428
0.257795
0.0659417
0.243247
0.284428
0.0469993
0.0732673
0.23505
0.284428
0.125524
0.0779791
0.0419753
0.0956804
0.284428
0.0463128
0.053551
0.040728
0.0436478
0.133609
0.237657
0.237657
0.22684
0.221793
0.178959
0.194667
0.174655
0.117212
0.12513
0.237657
0.237657
0.237657
0.200351
0.0680328
0.0676438
0.0186287
0.0113177
0.213035
0.153372
0.129355
0.22712
0.237657
0.171869
0.162124
0.0787506
0.0479457
0.0998892
0.139827
0.161837
0.174482
0.237657
0.099147
0.0896249
0.0292706
0.00780074
0.120566
0.284965
0.284965
0.284965
0.219413
0.081377
0.0742791
0.0119898
0.000219588
0.0640348
0.0657543
0.095259
0.284965
0.284965
0.237507
0.0819812
0.0629904
0.00339944
0.0485108
0.153096
0.19737
0.199805
0.203226
0.118841
0.0947527
0.0289854
0.00482713
0.0515453
0.15136
0.24719
0.284965
0.284965
0.114142
0.0325205
0.0342314
0.0115111
0.0360055
0.0537736
0.0666911
0.307633
0.307633
0.176786
0.061969
0.0686458
0.0130696
0.047559
0.040237
0.0200971
0.307633
0.307633
0.241543
0.0571692
0.0572974
0.0189045
0.0541917
0.148006
0.213254
0.307633
0.307633
0.0957624
0.0232311
0.0301736
0.00801384
0.0203498
0.0283067
0.0675828
0.262888
0.307633
0.247576
0.0303159
0.0295217
0.0200516
0.0455719
0.0468839
0.0249595
0.331198
0.331198
0.2214
0.0360945
0.0824024
0.0318055
0.0191292
0.0352418
0.0416736
0.160931
0.331198
0.300972
0.0237067
0.0368575
0.0415732
0.0248851
0.0293495
0.0569203
0.267132
0.331198
0.260782
0.0273488
0.0409673
0.0226051
0.0525896
0.0308102
0.0162448
0.217069
0.331198
0.249121
0.0548709
0.0238709
0.0357812
0.0170801
0.0401673
0.0518718
0.208982
0.327793
0.278778
0.0173027
0.0381542
0.0359516
0.0136639
0.0188131
0.0092055
0.191339
0.327793
0.285697
0.0488529
0.0720567
0.0379755
0.0328001
0.0215338
0.0173406
0.250134
0.327793
0.292048
0.0481261
0.0298717
0.036269
0.0107223
0.0075692
0.0274763
0.226123
0.327793
0.303823
0.11684
0.0309763
0.00956225
0.00402147
0.00499064
0.0047533
0.0460363
0.132076
0.0489008
0.0107385
0.0105259
0.00756086
0.399888
0.00819304
0.0100246
0.101692
0.243556
0.0320286
0.0827492
0.183742
0.399888
0.000136079
0.00524718
0.00875171
0.0491506
0.14483
0.0613063
0.0218764
0.00711748
0.00185964
0.384293
0.0296133
0.0126458
0.0624847
0.12481
0.0356699
0.171273
0.399888
0.399888
0.276501
0.276501
0.0835781
0.204904
0.276501
0.0430641
0.068278
0.241802
0.276501
0.160127
0.0994877
0.0265396
0.0788393
0.255059
0.0440912
0.0478682
0.0396433
0.0408967
0.276501
0.107854
0.0311061
0.266273
0.276501
0.0150439
0.0820286
0.168566
0.210573
0.256472
0.114429
0.0425642
0.0955456
0.235091
0.0301796
0.0378286
0.0341805
0.0230881
0.263307
0.218258
0.0932391
0.211774
0.263307
0.178889
0.158236
0.0928803
0.0704598
0.137074
0.171389
0.185865
0.204253
0.263307
0.119974
0.0966517
0.025704
0.0116714
0.263307
0.263307
0.146461
0.263307
0.263307
0.127861
0.135075
0.117703
0.053019
0.166053
0.128064
0.0629115
0.115187
0.214813
0.0707072
0.0504484
0.0410267
0.0680608
0.0829145
0.203035
0.253567
0.28782
0.322135
0.174412
0.12243
0.0314338
0.0136808
0.0727971
0.202169
0.2793
0.323291
0.323291
0.150207
0.0389104
0.0531451
0.023004
0.0665374
0.106421
0.08587
0.130145
0.171811
0.11049
0.08289
0.0576604
0.0610502
0.0508486
0.111848
0.107632
0.196449
0.323291
0.118734
0.100268
0.0454269
0.0452526
0.0805222
0.198121
0.246969
0.360094
0.360094
0.115896
0.0251861
0.0466159
0.0153725
0.0236559
0.0450026
0.0844361
0.357865
0.360094
0.330118
0.0480723
0.0515009
0.025158
0.035911
0.0795995
0.0814466
0.154868
0.265976
0.110077
0.0878202
0.045909
0.0263463
0.0215005
0.0626044
0.0773142
0.131278
0.224132
0.115805
0.0800679
0.0737071
0.0271337
0.0337233
0.0517116
0.0776027
0.378114
0.378114
0.340463
0.0432701
0.0632119
0.0293201
0.0906207
0.0573135
0.0280937
0.31048
0.378114
0.332585
0.0816154
0.0459043
0.061111
0.0329681
0.0623215
0.0804636
0.132508
0.230866
0.136723
0.0730948
0.0743229
0.0409299
0.048415
0.101214
0.0739722
0.1043
0.201198
0.11689
0.0775082
0.0444501
0.0470024
0.0570281
0.0468057
0.0321616
0.349402
0.367788
0.349768
0.0680194
0.0457081
0.0586323
0.0280092
0.013767
0.0343684
0.367788
0.367788
0.367788
0.130041
0.0361675
0.0180796
0.0535108
0.114595
0.0867383
0.11404
0.185786
0.120943
0.0593474
0.043809
0.0515133
0.0267199
0.0603133
0.0664285
0.132827
0.166564
0.139558
0.0815029
0.0517075
0.0216828
0.0010526
0.00526721
0.009358
0.0626577
0.172475
0.056263
0.020435
0.00673899
0.00219809
0.384212
0.0263041
0.0155073
0.0738312
0.158317
0.0423317
0.232375
0.384212
0.384212
0.00717141
0.011715
0.0129445
0.0200825
0.022922
0.01943
0.0127006
0.0102604
0.00839051
0.384212
0.00789302
0.00674636
0.117963
0.245702
0.00573736
0.0220653
0.245624
0.384212
0.275508
0.126872
0.0237291
0.294683
0.299677
0.0196841
0.0751652
0.170517
0.235478
0.266019
0.14001
0.0404177
0.0948669
0.237789
0.0261288
0.0336469
0.0368519
0.0271474
0.171922
0.0731396
0.022125
0.299677
0.299677
0.0234562
0.0435078
0.0928543
0.299677
0.188748
0.125913
0.0495567
0.112385
0.299677
0.0350344
0.0261347
0.0399559
0.0549063
0.288709
0.288709
0.133925
0.244349
0.288709
0.0935853
0.0965501
0.116566
0.0740507
0.171675
0.132454
0.0576343
0.117814
0.196433
0.0755194
0.0484487
0.0370668
0.0740395
0.288709
0.288709
0.188215
0.280506
0.288709
0.151508
0.0833042
0.12358
0.137333
0.0698659
0.093177
0.103108
0.0792169
0.203601
0.0828626
0.0642675
0.0422817
0.0673505
0.123688
0.144587
0.102271
0.174669
0.230809
0.152564
0.106484
0.0690539
0.103647
0.142003
0.154626
0.131343
0.266595
0.266595
0.175502
0.130093
0.0654442
0.107141
0.0793086
0.12797
0.191182
0.147946
0.239742
0.183915
0.120881
0.0716916
0.0922178
0.236747
0.266595
0.266595
0.266595
0.266595
0.0620859
0.0374019
0.0168086
0.077011
0.0956961
0.104766
0.0996704
0.210233
0.268502
0.158191
0.113695
0.065359
0.0729904
0.0294207
0.0830263
0.107105
0.211943
0.268502
0.17824
0.15223
0.109961
0.030084
0.173125
0.268502
0.268502
0.268502
0.268502
0.0982632
0.0573773
0.0175432
0.0686329
0.0310725
0.0833362
0.160661
0.268502
0.268502
0.268502
0.109229
0.0584756
0.015562
0.0343003
0.0868321
0.118735
0.214336
0.295955
0.187232
0.125668
0.0933674
0.036253
0.0536705
0.14692
0.125832
0.15957
0.206134
0.115896
0.109361
0.0861453
0.0752566
0.0190077
0.0547148
0.138009
0.307013
0.307013
0.307013
0.120321
0.0400917
0.0149855
0.0115922
0.0557846
0.1044
0.307013
0.307013
0.291924
0.129713
0.0763404
0.0634915
0.0601239
0.16815
0.137593
0.193207
0.241106
0.12313
0.0828615
0.0622717
0.0646909
0.0470482
0.0839101
0.0836419
0.204318
0.222025
0.183461
0.108139
0.0725232
0.0401654
0.0129635
0.0696452
0.0783492
0.345897
0.345897
0.301234
0.0989249
0.0411276
0.0386749
0.00304616
0.046995
0.0520154
0.242238
0.345897
0.345897
0.0786095
0.0255361
0.0150201
0.00728283
0.0125561
0.0121508
0.0291398
0.0318122
0.0198586
0.0129419
0.0112516
0.00922286
0.428325
0.00777593
0.00606236
0.129056
0.264795
0.00640142
0.0173653
0.310751
0.428325
0.00736882
0.00885174
0.00624921
0.032452
0.139569
0.0646174
0.00699993
0.00724923
0.0211573
0.428325
0.0189023
0.0163341
0.0691191
0.183865
0.0144989
0.00843914
0.120252
0.428325
0.201429
0.130595
0.0370982
0.296493
0.296493
0.0353293
0.0579457
0.0935382
0.296493
0.198719
0.148755
0.054873
0.106147
0.296493
0.0547226
0.0403741
0.0345297
0.0452366
0.169994
0.296493
0.0557474
0.273684
0.296493
0.164315
0.0902334
0.0926945
0.10647
0.0795298
0.12284
0.0822862
0.0960531
0.296493
0.163135
0.0438011
0.0216329
0.0116913
0.284022
0.284022
0.137501
0.184403
0.284022
0.134111
0.0826173
0.0679973
0.0762145
0.0528365
0.0616943
0.0591927
0.083737
0.284022
0.0814093
0.0467044
0.0238115
0.0452296
0.165368
0.257316
0.191911
0.204844
0.284022
0.284022
0.0888437
0.0485035
0.0346073
0.00461786
0.0382407
0.0520042
0.28337
0.284022
0.216578
0.0280491
0.0463629
0.022523
0.0446835
0.0564132
0.0740255
0.107065
0.313412
0.107902
0.0521357
0.024708
0.0446505
0.133505
0.19396
0.163915
0.313412
0.313412
0.0622324
0.0138978
0.00692286
0.0530938
0.00101169
0.0325066
0.0419348
0.313412
0.313412
0.259642
0.0495208
0.0557456
0.0275394
0.00964267
0.0385671
0.0784458
0.313412
0.313412
0.313412
0.0372165
0.0113037
0.00750194
0.105052
0.131606
0.130362
0.269227
0.302072
0.0785864
0.0265133
0.0074133
0.051219
0.0166712
0.0422096
0.0813379
0.291155
0.302072
0.181287
0.0522849
0.0308002
0.0065998
0.00541494
0.0211937
0.0564678
0.302072
0.302072
0.302072
0.0662283
0.00933257
0.00587877
0.00228331
0.0204415
0.0529672
0.302072
0.302072
0.300862
0.0427195
0.00970347
0.000529669
0.00685527
0.0313775
0.0782375
0.272919
0.32146
0.180244
0.0572179
0.0177095
0.00389502
0.00110129
0.0267687
0.0506141
0.235439
0.32146
0.191095
0.0538137
0.0467015
0.0375833
0.000618344
0.016465
0.0517545
0.32146
0.32146
0.279526
0.0662392
0.0102389
0.000659804
0.0011341
0.00498536
0.0398884
0.252207
0.32146
0.32146
0.0986516
0.000606557
0
0.00110898
0.0340137
0.039075
0.241745
0.325759
0.202698
0.0417428
0.0228805
0.0191824
0.000674566
0.0260541
0.0295177
0.159864
0.325759
0.289584
0.044412
0.0136734
0.00911998
0.00284342
0.00594593
0.0576729
0.251999
0.325759
0.325759
0.0916059
0.00581038
0.00196718
0.00557016
0.0180551
0.0543917
0.256698
0.325759
0.325759
0.0213606
0.0157781
0.00379258
0.00640098
0.0112945
0.0073468
0.0560085
0.176315
0.0731318
0.00854381
0.00701219
0.0259865
0.453512
0.0264307
0.0173898
0.089857
0.1836
0.0187506
0.0122966
0.166913
0.453512
0.0182198
0.00595261
0.0208344
0.0822236
0.218978
0.0833032
0.0047017
0.00622164
0.0441918
0.424579
0.0151203
0.0113867
0.048413
0.121734
0.0290082
0.00901499
0.0897959
0.453512
0.129945
0.22154
0.0472072
0.23807
0.266165
0.0700237
0.0722163
0.111761
0.102773
0.0383829
0.102687
0.0574833
0.103363
0.199725
0.0701873
0.0278297
0.00903294
0.00298382
0.266165
0.266165
0.132094
0.266165
0.266165
0.192551
0.154245
0.266165
0.266165
0.0814717
0.266165
0.163089
0.136607
0.261169
0.0685093
0.0134298
0.0129579
0.00750798
0.0984766
0.280587
0.155107
0.23188
0.34474
0.134214
0.0612625
0.0183551
0.0117036
0.00317052
0.0167547
0.0254024
0.124608
0.34474
0.108755
0.0158762
0.0120569
0.00620535
0.221404
0.34474
0.34474
0.34474
0.34474
0.0648675
0.0333458
0.0323307
0.0105266
0.00927107
0.0202029
0.0477622
0.0575406
0.0758037
0.0388594
0.0176109
0.0193324
0.0135184
0.00490486
0.0361644
0.0493404
0.337141
0.359729
0.291289
0.0516083
0.0398188
0.0205015
0.0120184
0.0268528
0.0753299
0.359729
0.359729
0.359729
0.0442496
0.0149873
0.00547774
0.0374135
0.0572319
0.109711
0.143064
0.226862
0.121103
0.069869
0.0521857
0.0330192
0.0715461
0.0438491
0.0491078
0.150835
0.288963
0.16805
0.0807608
0.0518605
0.0389437
0.00764831
0.0223022
0.064936
0.355262
0.355262
0.355262
0.0810152
0.0158737
0.0049974
0.0147671
0.0433259
0.0815933
0.355262
0.355262
0.320015
0.0571286
0.0300116
0.0116243
0.0723881
0.0438867
0.0502021
0.157872
0.317308
0.157211
0.0946
0.0449454
0.0386936
0.0378551
0.0588264
0.056168
0.120159
0.160383
0.0922683
0.08982
0.0586298
0.0341332
0.0106383
0.0448584
0.0902126
0.375671
0.375671
0.327973
0.0900912
0.0261309
0.00870446
0.0112654
0.0136682
0.044336
0.305816
0.375671
0.375671
0.130845
0.0188451
0.0164356
0.0331411
0.083005
0.0746547
0.139759
0.186973
0.085052
0.0618994
0.0430208
0.0307977
0.0353035
0.0583072
0.0453166
0.106225
0.197721
0.184731
0.0998628
0.0792666
0.0765155
0.0171539
0.0219424
0.0635308
0.307287
0.354562
0.354562
0.115993
0.0224396
0.0165886
0.0121067
0.041514
0.0736877
0.315379
0.354562
0.354562
0.0340494
0.0378245
0.0184402
0.0393623
0.0813956
0.0579527
0.131719
0.190092
0.184478
0.0757176
0.0789877
0.0834653
0.0164037
0.0674938
0.0866469
0.179591
0.252377
0.18328
0.0728282
0.0851999
0.0394627
0.0207931
0.0130394
0.0210802
0.0899562
0.228757
0.0813816
0.00717595
0.0102815
0.0512984
0.383819
0.0233752
0.0107632
0.0589961
0.127539
0.0285767
0.0386449
0.181638
0.409865
0.00789098
0.0178056
0.0221946
0.0503914
0.0634779
0.0419902
0.0167986
0.0219521
0.0206696
0.182969
0.0147149
0.00996653
0.0272342
0.0833396
0.0475301
0.409865
0.409865
0.409865
0.260573
0.260573
0.132741
0.260573
0.260573
0.177249
0.15232
0.260573
0.260573
0.0813085
0.260573
0.158178
0.184553
0.260573
0.0599899
0.0128376
0.00890418
0.00534769
0.058633
0.0583229
0.0750935
0.165022
0.260573
0.0949373
0.114963
0.138525
0.176909
0.120493
0.148057
0.149197
0.209744
0.176654
0.0271444
0.00725994
0.0012247
0.000760531
0.205424
0.329476
0.329476
0.329476
0.329476
0.0535714
0.0280515
0.0205184
0.00689654
0.0137198
0.0236005
0.0352709
0.0372835
0.0424922
0.0309148
0.013134
0.0133167
0.0109488
0.257462
0.329476
0.329476
0.329476
0.320821
0.0741292
0.0162964
0.0035704
0.00171512
0.0168149
0.0433219
0.0399345
0.06418
0.0521671
0.0237802
0.0189619
0.0253125
0.00578387
0.0988458
0.143047
0.183651
0.1838
0.234457
0.198076
0.104611
0.0987334
0.0773055
0.161424
0.151417
0.117334
0.193018
0.234457
0.221204
0.148238
0.136971
0.104657
0.0734051
0.234457
0.19081
0.234457
0.234457
0.185035
0.107005
0.140303
0.0462836
0.0817898
0.180973
0.147228
0.234457
0.234457
0.191868
0.074091
0.17575
0.0855386
0.172699
0.154474
0.127655
0.221575
0.236506
0.21794
0.176867
0.146417
0.118179
0.0994196
0.138571
0.147303
0.161837
0.180108
0.101153
0.188329
0.139747
0.0901704
0.077037
0.197781
0.185145
0.236506
0.236506
0.181738
0.0730102
0.1649
0.103482
0.0546267
0.123376
0.155073
0.236506
0.236506
0.236506
0.169502
0.0888828
0.117797
0.0922172
0.181197
0.187199
0.216898
0.22058
0.110998
0.15175
0.108126
0.0787086
0.0989283
0.111558
0.0763182
0.150247
0.229988
0.224323
0.229988
0.180205
0.181091
0.0639689
0.113948
0.204355
0.229988
0.229988
0.202234
0.185884
0.0895384
0.122562
0.0668696
0.105585
0.0874116
0.174203
0.229988
0.229988
0.210591
0.128936
0.138534
0.0997929
0.145711
0.0864155
0.190601
0.228358
0.223451
0.183364
0.151851
0.165785
0.0411849
0.148366
0.167942
0.228358
0.228358
0.225374
0.149755
0.185372
0.120066
0.0682461
0.0857002
0.0729769
0.159226
0.228358
0.228358
0.227268
0.103796
0.113736
0.0676859
0.0616218
0.0681589
0.184446
0.228358
0.228358
0.228358
0.168621
0.0794162
0.0162781
0.0360309
0.0345839
0.0699959
0.0617476
0.0458276
0.0277778
0.0376115
0.0387998
0.23368
0.0262232
0.0167905
0.0448487
0.131988
0.0712377
0.410733
0.410733
0.410733
0.0122439
0.0102994
0.010546
0.0361222
0.0601509
0.0749452
0.0655193
0.0376787
0.0240007
0.0407103
0.00228162
0.00577698
0.0225156
0.0416718
0.104903
0.275787
0.345905
0.410733
0.109788
0.0697897
0.215666
0.281477
0.281477
0.204463
0.247238
0.281477
0.281477
0.281477
0.281477
0.281477
0.281477
0.281477
0.0716948
0.0195888
0
0.000103675
0.0107901
0.0218197
0.0340126
0.140422
0.239069
0.0771911
0.0454352
0.00856956
0.0173846
0.0315716
0.0459896
0.0702375
0.098977
0.0833001
0.0486353
0.0207765
0.0139921
0.0158074
0.3828
0.3828
0.3828
0.3828
0.3828
0.186718
0.0388935
0.00146087
0.00269157
0.0535884
0.11194
0.0788069
0.138402
0.119503
0.0483561
0.030917
0.0473023
0.0148836
0.0580584
0.0837473
0.144124
0.230646
0.175759
0.0799996
0.0356773
0.0245216
0.0308184
0.0330205
0.0696565
0.0737945
0.0937651
0.152588
0.0326869
0.0200305
0.0141965
0.0230358
0.10252
0.245263
0.198272
0.245263
0.245263
0.191357
0.0871807
0.147869
0.0697351
0.122495
0.245263
0.151355
0.224835
0.245263
0.174582
0.0736112
0.193795
0.131093
0.067792
0.147721
0.206012
0.245263
0.245263
0.109618
0.0553131
0.0566085
0.0724863
0.049888
0.162383
0.150613
0.194913
0.245263
0.0908829
0.108386
0.123935
0.0400446
0.101921
0.209137
0.164427
0.199094
0.23141
0.169026
0.0787609
0.188853
0.140497
0.0606451
0.119799
0.144984
0.228979
0.23141
0.186566
0.155331
0.101243
0.128723
0.0513203
0.135332
0.15205
0.192416
0.23141
0.126693
0.103921
0.152464
0.0502871
0.0601769
0.215536
0.23141
0.23141
0.23141
0.187166
0.136947
0.223481
0.0544027
0.0615056
0.0978956
0.17739
0.231078
0.231078
0.164938
0.162617
0.0877026
0.116653
0.053793
0.0696117
0.0907125
0.163916
0.231078
0.231078
0.198135
0.121409
0.113863
0.0687474
0.21848
0.231078
0.231078
0.231078
0.217169
0.141511
0.1921
0.0701052
0.0395569
0.0640634
0.0988834
0.231078
0.231078
0.231078
0.169116
0.14971
0.0923162
0.0573085
0.0687348
0.104978
0.164569
0.248509
0.254647
0.210117
0.106175
0.113003
0.0423706
0.0494174
0.0760031
0.208385
0.249338
0.254647
0.254647
0.172121
0.101777
0.0293607
0.0567231
0.114943
0.247551
0.254647
0.254647
0.176223
0.135821
0.105352
0.028698
0.043246
0.0759724
0.118802
0.254647
0.254647
0.167528
0.144405
0.0613205
0.0264075
0.0277742
0.0384338
0.104732
0.145866
0.189538
0.15209
0.106704
0.0784596
0.0940757
0.00387786
0.0259358
0.0768021
0.122418
0.324793
0.39216
0.39216
0.39216
0.0175035
0.0181311
0.051318
0.0767609
0.26982
0.269258
0.0842822
0.0745058
0.0551289
0.023679
0.0317774
0.035355
0.0755657
0.185831
0.207731
0.145061
0.105304
0.0492304
0.0385696
0.0881674
0.124933
0.249905
0.249905
0.205225
0.110815
0.0346791
0.0854531
0.124873
0.194077
0.174778
0.242702
0.249905
0.173037
0.0726516
0.0497058
0.0549566
0.0183775
0.0687762
0.0785986
0.249905
0.249905
0.249905
0.0764242
0.0474771
0.0281254
0.0397879
0.0478431
0.0516712
0.1771
0.23363
0.249905
0.249905
0.241713
0.241121
0.136991
0.223268
0.240472
0.240472
0.240472
0.190836
0.0738553
0.04591
0.0568505
0.0907347
0.166041
0.170307
0.221732
0.240472
0.0705626
0.0493412
0.0443881
0.0522651
0.0621796
0.0884395
0.0787297
0.240472
0.240472
0.240472
0.240472
0.240472
0.193775
0.0540542
0.125803
0.0867494
0.137546
0.231395
0.171317
0.128294
0.152758
0.119709
0.0878919
0.158762
0.238053
0.238053
0.238053
0.133446
0.0721357
0.0773041
0.0732423
0.0816357
0.203984
0.176829
0.223782
0.238053
0.12085
0.118884
0.133165
0.06193
0.0821625
0.171364
0.134363
0.206116
0.238053
0.223826
0.153243
0.166302
0.107235
0.0492724
0.220323
0.172093
0.174087
0.238053
0.0955895
0.173596
0.196597
0.120698
0.0723251
0.136388
0.162321
0.201437
0.23785
0.159638
0.103709
0.147972
0.0633061
0.0545368
0.228566
0.23785
0.23785
0.23785
0.168467
0.119143
0.198997
0.0759207
0.0645481
0.15789
0.201492
0.180954
0.23785
0.0976673
0.116577
0.162783
0.122142
0.105705
0.23785
0.23785
0.23785
0.23785
0.0799376
0.0556413
0.0788667
0.0303789
0.0496022
0.179597
0.215889
0.239041
0.253554
0.170291
0.0999607
0.136555
0.0709308
0.0352368
0.0659064
0.0990476
0.217343
0.253554
0.223868
0.148535
0.158968
0.0918677
0.0917294
0.214071
0.253554
0.253554
0.253554
0.0968614
0.0328661
0.0626693
0.0266423
0.0159186
0.0528625
0.121569
0.253554
0.253554
0.253554
0.15774
0.0623183
0.00955787
0.0245912
0.0595763
0.119109
0.202207
0.259981
0.259981
0.143441
0.14184
0.105091
0.0209794
0.0468847
0.0713988
0.0982843
0.259981
0.259981
0.118944
0.136266
0.0654464
0.013717
0.0432087
0.13985
0.259981
0.259981
0.259981
0.149058
0.0699297
0.01595
0.0287007
0.0191317
0.10979
0.259981
0.259981
0.259981
0.125733
0.114531
0.259981
0.0283142
0.0408176
0.0897701
0.112302
0.264543
0.264543
0.117712
0.148817
0.106995
0.0404246
0.0462305
0.0700467
0.114757
0.264543
0.264543
0.240708
0.113754
0.0738954
0.0260605
0.0186572
0.180985
0.264543
0.264543
0.264543
0.152496
0.110111
0.189961
0.0464088
0.0248727
0.109795
0.213276
0.264543
0.264543
0.127168
0.089199
0.108114
0.0115506
0.0469354
0.060457
0.267706
0.267706
0.267706
0.100175
0.0535098
0.0226096
0.0313799
0.0328598
0.0386282
0.170846
0.237894
0.262515
0.237551
0.20466
0.193704
0.00489172
0.0159076
0.063109
0.267706
0.267706
0.267706
0.135506
0.028504
0.0302936
0.0304912
0.0148172
0.0214895
0.197
0.267706
0.267706
0.134299
0.0980454
0.144069
0.0503963
0.0696095
0.0672873
0.261012
0.261012
0.261012
0.261012
0.221504
0.177532
0.0561048
0.100035
0.0713364
0.125502
0.207094
0.143139
0.136317
0.156992
0.116963
0.032609
0.0251169
0.0348531
0.261012
0.261012
0.261012
0.176441
0.133026
0.15825
0.0355245
0.0591937
0.0924718
0.185957
0.221056
0.236264
0.136033
0.129855
0.107725
0.0975174
0.15386
0.123638
0.191192
0.224169
0.199968
0.195708
0.1765
0.127969
0.0864449
0.224169
0.176061
0.149573
0.224169
0.0925487
0.160826
0.173412
0.123061
0.0410137
0.0836637
0.124517
0.224169
0.224169
0.224169
0.210345
0.204165
0.163073
0.0581262
0.0753804
0.132939
0.224169
0.224169
0.200347
0.150052
0.117096
0.0827636
0.101096
0.176233
0.215218
0.175672
0.217367
0.0926143
0.115174
0.140559
0.115341
0.108653
0.254331
0.254331
0.254331
0.254331
0.0842336
0.0379946
0.0477346
0.0349332
0.0440509
0.077583
0.140759
0.254331
0.253333
0.199189
0.160008
0.0989288
0.0696583
0.0765346
0.159111
0.254331
0.254331
0.254331
0.124275
0.130095
0.0379417
0.0349598
0.0689304
0.179917
0.276511
0.270408
0.261774
0.0802276
0.0187787
0.0387276
0.0218538
0.0220425
0.0541329
0.0912293
0.264082
0.276511
0.276511
0.137538
0.0626291
0.014151
0.0401283
0.0993965
0.215462
0.276511
0.276511
0.142139
0.0897777
0.026508
0.0223278
0.0100207
0.0359048
0.0575571
0.276511
0.276511
0.259242
0.103446
0.0519921
0.00695365
0.0123513
0.0303512
0.0769105
0.228602
0.296131
0.283852
0.11668
0.0532735
0.0148022
0.0181881
0.0201873
0.0757915
0.2185
0.296131
0.246732
0.100455
0.0576324
0.0976805
0.00361699
0.013518
0.0277023
0.296131
0.296131
0.225654
0.0929263
0.0485568
0.00587481
0.00577351
0.0133809
0.114384
0.296131
0.296131
0.296131
0.0719361
0.0719661
0.0709609
0.0145448
0.0145101
0.0911627
0.191927
0.318185
0.20858
0.112327
0.0557425
0.064113
0.0161063
0.0111653
0.0658731
0.139708
0.324332
0.243504
0.0860128
0.0490327
0.0424596
0.00357265
0.0197403
0.105847
0.324332
0.324332
0.279534
0.090336
0.0576735
0.0396791
0.00714368
0.0241555
0.0760674
0.310987
0.324332
0.253475
0.0527883
0.0277411
0.0140326
0.0079345
0.0175003
0.0420891
0.237126
0.312493
0.312493
0.131381
0.0325125
0.0354297
0.0280124
0.0141924
0.0221226
0.136906
0.312493
0.312493
0.141983
0.0976252
0.122552
0.0160957
0.041478
0.0447797
0.312493
0.312493
0.168234
0.0687503
0.0269833
0.0181825
0.0102814
0.0196931
0.0341679
0.312493
0.312493
0.179858
0.0512707
0.0270386
0.0217571
0.0337515
0.020686
0.0397726
0.200187
0.313037
0.313037
0.194982
0.129335
0.155934
0.0374787
0.0556939
0.0796634
0.154806
0.165419
0.17424
0.14302
0.10643
0.102903
0.0120531
0.0165949
0.0426112
0.313037
0.313037
0.265416
0.0907471
0.0687338
0.0501578
0.0358183
0.0553852
0.0554298
0.171812
0.28395
0.313037
0.131319
0.124107
0.120292
0.0582209
0.0873583
0.115065
0.218741
0.237387
0.230783
0.237387
0.162394
0.174379
0.0727015
0.0901292
0.126134
0.237387
0.224359
0.147626
0.150836
0.115478
0.0885016
0.0483672
0.0591534
0.0938537
0.237387
0.237387
0.237387
0.237387
0.23445
0.210934
0.0469376
0.14581
0.16284
0.155909
0.17007
0.187702
0.138455
0.0745441
0.0271284
0.0716484
0.100642
0.16378
0.253788
0.241367
0.187592
0.192249
0.111872
0.0793754
0.10758
0.194255
0.253788
0.253788
0.253788
0.154698
0.153946
0.0450377
0.045314
0.0421062
0.11909
0.199524
0.179368
0.246699
0.20264
0.154352
0.079559
0.0342395
0.0984549
0.118012
0.187815
0.253788
0.253788
0.127292
0.0972178
0.0752363
0.0990922
0.0436007
0.100961
0.219534
0.287292
0.277986
0.149683
0.0958512
0.031086
0.0211622
0.015049
0.0290129
0.0706133
0.287292
0.287292
0.244045
0.109219
0.0602285
0.00982862
0.0705577
0.076258
0.157166
0.251721
0.226044
0.0967618
0.0591395
0.0387913
0.040746
0.0569861
0.0861053
0.287292
0.287292
0.287292
0.264839
0.0770179
0.0111619
0.0101993
0.00331555
0.00753049
0.0344796
0.299432
0.299432
0.179505
0.085038
0.0457061
0.00539299
0.00112364
0.00590451
0.0863821
0.299432
0.299432
0.293489
0.0787914
0.0355571
0.00885405
0.0473174
0.0675968
0.216008
0.298502
0.299432
0.157347
0.0597947
0.0121979
5.13088e-05
0.00132756
0.0272789
0.13095
0.299432
0.299432
0.19031
0.0540778
0.0159023
0.00517006
0.000727445
0.00835708
0.0801824
0.321339
0.321339
0.244559
0.0984138
0.0355313
0.00570938
0.0113619
0.0103234
0.0658928
0.320725
0.321339
0.216842
0.0601693
0.0272085
0.0078331
0.00165526
0.0284834
0.0778458
0.321339
0.321339
0.173938
0.0666864
0.0265682
0.00415722
0.0378936
0.0256609
0.110629
0.236672
0.321339
0.156772
0.0640431
0.048902
0.0236383
0.021264
0.0526797
0.0436403
0.245802
0.348075
0.146357
0.0815551
0.0340177
0.0232071
0.0185522
0.028238
0.0359605
0.273878
0.348075
0.157968
0.0717165
0.0387984
0.0223132
0.00667998
0.0361027
0.0430618
0.180783
0.348075
0.348075
0.0420126
0.0128038
0
0.0217577
0.0156062
0.0475498
0.129001
0.348075
0.348075
0.0884569
0.0497005
0.021769
0.0226195
0.0244139
0.0436963
0.311392
0.311392
0.213803
0.0975021
0.0664235
0.044114
0.0449004
0.0466499
0.0523497
0.15245
0.229389
0.240564
0.108438
0.1043
0.0911048
0.0351269
0.0201155
0.0578461
0.148766
0.311392
0.311392
0.131579
0.0770069
0.072789
0.126061
0.0400326
0.0888999
0.07535
0.311392
0.302588
0.185855
0.177991
0.185653
0.0640078
0.0539338
0.0841736
0.211902
0.25257
0.25257
0.187622
0.186919
0.173256
0.0476604
0.108474
0.130545
0.154215
0.154371
0.129654
0.121578
0.0808666
0.0325431
0.185806
0.0453965
0.116399
0.092643
0.25257
0.25257
0.25257
0.25257
0.25257
0.0708824
0.117999
0.120437
0.205678
0.213728
0.173193
0.198837
0.143162
0.079027
0.050557
0.113255
0.197246
0.1927
0.225046
0.173986
0.155846
0.101522
0.058424
0.0931573
0.146364
0.171873
0.225046
0.225046
0.169831
0.0916216
0.0690204
0.112537
0.0765426
0.121426
0.168814
0.225046
0.225046
0.225046
0.225046
0.186243
0.139144
0.0717894
0.137989
0.148405
0.2177
0.225046
0.192405
0.217028
0.164683
0.113249
0.0770793
0.104525
0.172942
0.251013
0.250692
0.135747
0.0603736
0.0387008
0.0574754
0.0718107
0.139458
0.272524
0.272524
0.272524
0.272524
0.0956385
0.0209808
0.0144102
0.0615169
0.0921034
0.105135
0.175785
0.169603
0.135956
0.110806
0.0912596
0.0861615
0.076441
0.156287
0.272524
0.272524
0.272524
0.272524
0.088652
0.0637026
0.0160556
0.0582639
0.0993878
0.252978
0.29627
0.29627
0.170491
0.067289
0.0153934
0.00134589
0.000387872
0.0232887
0.130474
0.29627
0.29627
0.292319
0.0800523
0.00619827
0.000613681
0.052281
0.100718
0.155494
0.200551
0.29627
0.20018
0.0363415
0.0347227
0.0109611
0.00502142
0.0230446
0.125328
0.157811
0.29627
0.29627
0.0597368
0.0157488
0.00464777
0.00107839
0.0210506
0.087887
0.303157
0.303157
0.254836
0.085271
0.0216016
0.00123784
0.0569636
0.0250979
0.101479
0.303157
0.303157
0.189486
0.0662191
0.0647617
0.0358903
0.00489727
0.0161962
0.0665409
0.135414
0.303157
0.303157
0.0580002
0.0298627
0.0100275
0.00355496
0.0247479
0.0702173
0.290384
0.303157
0.303157
0.0720883
0.0375392
0.00901715
0.0104708
0.0477341
0.0452854
0.121506
0.338719
0.276201
0.0518534
0.0185909
0.00429785
0.0355147
0.0357206
0.0503375
0.0773751
0.338719
0.236983
0.0915634
0.0820235
0.0539752
0.00483607
0.0207956
0.0715696
0.296438
0.338719
0.318897
0.050942
0.0503678
0.0221514
0.0263531
0.0341254
0.0612782
0.269194
0.338719
0.255273
0.0498732
0.0509759
0.090496
0.0563464
0.0404193
0.0588382
0.0889264
0.319722
0.285582
0.117843
0.100652
0.101492
0.159577
0.0605721
0.0614164
0.0856571
0.319722
0.218706
0.140757
0.156649
0.223054
0.0382008
0.0362713
0.0743855
0.291849
0.319722
0.304894
0.0645214
0.0666567
0.0841402
0.0703604
0.0628258
0.0750756
0.150683
0.319722
0.118023
0.0662177
0.0774356
0.11488
0.215141
0.0638897
0.0797996
0.103323
0.260979
0.260979
0.239946
0.246593
0.260979
0.0769759
0.107122
0.0963021
0.173671
0.224782
0.14136
0.132731
0.126242
0.0991538
0.0904754
0.0728283
0.102219
0.226816
0.260979
0.190911
0.118058
0.113394
0.153174
0.0542712
0.0890743
0.179469
0.260979
0.260979
0.116176
0.083948
0.0543004
0.078386
0.0786847
0.11127
0.140889
0.227248
0.227248
0.21155
0.195084
0.177755
0.170636
0.0614182
0.143395
0.155245
0.156179
0.227248
0.18859
0.15255
0.120547
0.126758
0.0737102
0.12386
0.227248
0.227248
0.227248
0.211599
0.142668
0.0853962
0.12567
0.0426598
0.0923292
0.162532
0.227248
0.227248
0.227248
0.148423
0.0841264
0.127123
0.0570698
0.101671
0.110627
0.131036
0.184515
0.13718
0.0861548
0.0750808
0.0912964
0.0805995
0.191166
0.270066
0.304926
0.304926
0.292751
0.050326
0.0402878
0.0147125
0.0331496
0.0771935
0.118848
0.190774
0.30184
0.213121
0.120118
0.0739741
0.083384
0.0286964
0.0744204
0.182832
0.304926
0.304926
0.205404
0.0301677
0.0255896
0.0161978
0.0552104
0.118431
0.137714
0.207413
0.325784
0.171633
0.0222769
0.0219632
0.00755114
0.00621935
0.0398608
0.123167
0.161185
0.325784
0.325784
0.0701094
0.0150566
0.00530502
0.0156451
0.0490383
0.113485
0.325784
0.325784
0.121363
0.0245357
0.0257327
0.0128923
0.00798225
0.0421982
0.161979
0.266614
0.325784
0.268909
0.0413827
0.0277191
0.0063621
0.00478938
0.0226497
0.0698842
0.156732
0.328181
0.314475
0.0598907
0.0221921
0.00858936
0.00581029
0.0184111
0.0400565
0.265979
0.328181
0.292786
0.0647802
0.0242881
0.0178565
0.00427806
0.0252868
0.137786
0.267899
0.328181
0.225879
0.0398906
0.030697
0.0112163
0.0129589
0.0363983
0.0500442
0.313716
0.328181
0.150903
0.0332579
0.0220393
0.0270761
0.00891185
0.0412512
0.0832068
0.296746
0.316318
0.199178
0.0543555
0.046864
0.0239858
0.0416636
0.0601967
0.101867
0.316318
0.316318
0.210476
0.057089
0.0896535
0.128815
0.0144505
0.0311946
0.0723246
0.316318
0.316318
0.150461
0.0732458
0.0499926
0.016186
0.0208945
0.0215698
0.0792158
0.272584
0.316318
0.194876
0.0701261
0.0557482
0.0700718
0.0650054
0.0672219
0.112507
0.314603
0.314603
0.245281
0.0695054
0.0962536
0.124887
0.114475
0.0939986
0.0703348
0.189589
0.314603
0.137891
0.0865124
0.0891562
0.187943
0.0196879
0.0271745
0.0749742
0.314603
0.314603
0.263052
0.0875946
0.09861
0.0889846
0.0186537
0.00717613
0.0412557
0.105228
0.197222
0.137004
0.160216
0.196627
0.15759
0.142133
0.10706
0.117373
0.258626
0.258626
0.215803
0.136814
0.112661
0.245679
0.0640733
0.107938
0.197091
0.258626
0.258626
0.129661
0.090447
0.0669416
0.110024
0.0284936
0.015128
0.039454
0.145792
0.258626
0.202453
0.258626
0.258626
0.250644
0.0238399
0.0477864
0.180417
0.140325
0.157339
0.110727
0.097546
0.109003
0.103251
0.0744714
0.143759
0.239398
0.239398
0.239398
0.231827
0.137509
0.103101
0.151562
0.0573692
0.101744
0.184918
0.239398
0.239398
0.239398
0.142247
0.0946791
0.171105
0.0429345
0.0896956
0.187265
0.188369
0.218838
0.14623
0.155194
0.160271
0.133252
0.0238602
0.122715
0.153088
0.184595
0.239398
0.178061
0.143375
0.100521
0.0854098
0.0517181
0.0919197
0.154473
0.20292
0.321437
0.24457
0.122587
0.0926694
0.109116
0.0726409
0.11611
0.181701
0.321437
0.321437
0.248853
0.0337952
0.0203167
0.0220279
0.0437448
0.130405
0.108208
0.1378
0.167204
0.116798
0.111739
0.0811067
0.0468607
0.200246
0.234004
0.216087
0.252021
0.282985
0.0383118
0.0486633
0.0112616
0.0347895
0.0469484
0.0874157
0.139528
0.347667
0.347667
0.160495
0.0378494
0.0319386
0.0160057
0.022432
0.0959237
0.185282
0.347667
0.347667
0.347667
0.0720008
0.0525794
0.015614
0.13842
0.178815
0.166298
0.163309
0.197208
0.0210996
0.0282131
0.0117805
0.0177721
0.0582605
0.10461
0.178063
0.149562
0.241949
0.0626437
0.0197595
0.0586389
0.0698368
0.0127862
0.0616881
0.157268
0.362453
0.362453
0.325474
0.072479
0.0547536
0.0275589
0.0263127
0.0420199
0.0746386
0.362453
0.362453
0.234544
0.0609874
0.0318432
0.0678992
0.0418394
0.0915838
0.170963
0.157721
0.223686
0.0571259
0.0152249
0.0532976
0.0666334
0.0460645
0.0933587
0.150512
0.156193
0.231762
0.0908963
0.0208272
0.082678
0.0793447
0.0241366
0.0771843
0.14227
0.352934
0.352934
0.206214
0.131669
0.0884452
0.0333843
0.034266
0.0468683
0.230601
0.352934
0.352934
0.352934
0.10239
0.123143
0.152585
0.0594916
0.14037
0.112921
0.0946069
0.132042
0.0666994
0.0970068
0.0700407
0.0552868
0.0787714
0.0592882
0.0930116
0.103187
0.126287
0.142328
0.0823382
0.100458
0.0991765
0.0317525
0.0531762
0.17533
0.285086
0.285086
0.285086
0.111188
0.135388
0.146412
0.036069
0.00990078
0.0611672
0.190527
0.237199
0.214477
0.251808
0.265631
0.27257
0.0949455
0.0712257
0.0691142
0.0846279
0.10803
0.133993
0.10935
0.150769
0.114948
0.113987
0.0120505
0.0144062
0.0266466
0.0291902
0.0409947
0.186598
0.285086
0.285086
0.0471048
0.0153507
0.0609578
0.235216
0.256933
0.256933
0.256933
0.256933
0.256933
0.0251026
0.0551297
0.211863
0.200273
0.20112
0.112998
0.137723
0.157302
0.127186
0.112654
0.017428
0.0115481
0.0296212
0.0612181
0.0686782
0.256933
0.256933
0.256933
0.0780814
0.0563469
0.100589
0.192011
0.195616
0.083443
0.0676695
0.215814
0.183039
0.0419394
0.0960669
0.217463
0.217463
0.217463
0.152573
0.198655
0.195971
0.147619
0.0557578
0.160506
0.181469
0.217463
0.217463
0.217463
0.163075
0.134899
0.102751
0.0842701
0.113037
0.117587
0.190448
0.217463
0.170116
0.109153
0.217463
0.138528
0.135525
0.168401
0.169941
0.154829
0.188305
0.153287
0.0859802
0.217463
0.165421
0.0887155
0.187196
0.164316
0.200017
0.234117
0.199277
0.156121
0.112742
0.0717293
0.234117
0.234117
0.234117
0.234117
0.234117
0.0592422
0.0943892
0.0259325
0.0616107
0.0922417
0.171863
0.146123
0.105518
0.145946
0.185558
0.108867
0.174028
0.113709
0.191182
0.234117
0.234117
0.234117
0.234117
0.0916824
0.095578
0.0699446
0.0531846
0.228351
0.239262
0.239262
0.218601
0.239262
0.0292782
0.0588438
0.0236339
0.0324249
0.11388
0.180954
0.239262
0.233843
0.235717
0.125262
0.0478532
0.0980207
0.120378
0.109204
0.239262
0.211263
0.178816
0.151788
0.112538
0.0871297
0.0516242
0.0404467
0.129079
0.230216
0.234972
0.239262
0.239262
0.124356
0.0968733
0.0711014
0.0668753
0.0783827
0.169089
0.217025
0.215979
0.218778
0.101321
0.0426655
0.0886219
0.0985102
0.0695876
0.131086
0.223048
0.198085
0.218374
0.171043
0.0786642
0.152461
0.149611
0.0944053
0.242339
0.227311
0.246085
0.246085
0.148909
0.085881
0.0756852
0.0453569
0.0373489
0.12779
0.177909
0.246085
0.246085
0.246085
0.195329
0.0708034
0.0475386
