0.238268
0.101795
0.0615958
0.228885
0.282614
0.00848761
0.0325938
0.186068
0.282614
0.048639
0.040067
0.0276399
0.0107721
0.0301829
0.013688
0.023808
0.117779
0.160362
0.276515
0.282614
0.282614
0.282614
0.282614
0.0537624
0.106828
0.282614
0.282614
0.0583988
0.0645956
0.0250183
0.0429319
0.0211894
0.0689094
0.0572104
0.129049
0.172965
0.126555
0.135433
0.0641017
0.0346976
0.095145
0.0354654
0.0850435
0.240292
0.240292
0.240292
0.212896
0.0647431
0.136982
0.218069
0.0487196
0.0959605
0.240292
0.240292
0.146138
0.161977
0.0602303
0.110773
0.0805294
0.218733
0.176117
0.240292
0.240292
0.231227
0.232736
0.0772142
0.0946532
0.163141
0.042237
0.0793179
0.217961
0.240001
0.17686
0.123329
0.0417872
0.0748022
0.112428
0.0415244
0.0862419
0.238509
0.238509
0.212498
0.135383
0.128665
0.181664
0.235746
0.120623
0.183164
0.210484
0.238509
0.143734
0.107904
0.0501705
0.0830837
0.132662
0.0286152
0.069638
0.191168
0.238509
0.238509
0.229358
0.184401
0.0899829
0.122805
0.208932
0.217455
0.140592
0.238509
0.110322
0.0763426
0.0996748
0.110824
0.167779
0.085563
0.139071
0.237539
0.237539
0.0495958
0.0633976
0.186322
0.237539
0.237539
0.11944
0.237539
0.231803
0.0773759
0.152252
0.110717
0.11398
0.0771079
0.147534
0.150387
0.148584
0.150206
0.237539
0.0957403
0.118143
0.20468
0.212082
0.237539
0.237539
0.203298
0.187257
0.0927568
0.0287596
0.0463718
0.157347
0.18924
0.19924
0.0945617
0.208445
0.170574
0.0791238
0.082679
0.0597107
0.247043
0.233477
0.174801
0.079745
0.154257
0.244581
0.247043
0.0505911
0.0624967
0.12783
0.142104
0.247043
0.200703
0.138944
0.122611
0.0915108
0.233831
0.0794587
0.161604
0.166737
0.204973
0.107703
0.154596
0.247043
0.247043
0.0970066
0.0915358
0.254875
0.254875
0.16803
0.0982083
0.153926
0.254875
0.254875
0.135553
0.210728
0.171929
0.129632
0.150166
0.051599
0.057033
0.0262245
0.0224832
0.195531
0.0828451
0.171923
0.179627
0.191417
0.167487
0.189422
0.254875
0.254875
0.148452
0.254875
0.0544601
0.120568
0.239003
0.103411
0.0957674
0.0382419
0.0402973
0.105315
0.174767
0.131568
0.104766
0.121018
0.0440255
0.065156
0.0429704
0.0117894
0.0718919
0.224014
0.150027
0.0361134
0.0918454
0.0752002
0.276855
0.276855
0.191355
0.133392
0.230261
0.090199
0.119927
0.248961
0.0754221
0.0563718
0.0299859
0.00413851
0.276855
0.276855
0.276855
0.149927
0.257326
0.0597652
0.0570343
0.23851
0.276855
0.223142
0.194982
0.255211
0.255211
0.255211
0.0499205
0.0667537
0.231097
0.255211
0.0393578
0.0458116
0.0312095
0.0577988
0.0375024
0.0440653
0.0610441
0.105192
0.13544
0.0656169
0.0987515
0.194489
0.255211
0.255211
0.16864
0.108251
0.123344
0.197829
0.0537093
0.0736803
0.19845
0.255211
0.170127
0.157009
0.152587
0.188278
0.212245
0.0590572
0.0711826
0.0386818
0.0944452
0.0738026
0.0728944
0.104923
0.17803
0.185749
0.0813524
0.105552
0.0393215
0.040548
0.0879481
0.0333657
0.0364365
0.0911205
0.0969908
0.0542476
0.144672
0.251453
0.251453
0.251453
0.23534
0.251453
0.251453
0.251453
0.0857225
0.229516
0.251453
0.244617
0.237342
0.17216
0.251453
0.21848
0.074646
0.100099
0.0908727
0.0397948
0.0627499
0.115782
0.0384531
0.0578544
0.145772
0.253924
0.218854
0.159262
0.138988
0.0681047
0.121718
0.134753
0.151177
0.108043
0.255089
0.0864671
0.255089
0.255089
0.255089
0.255089
0.22106
0.255089
0.255089
0.136004
0.102438
0.196783
0.0957612
0.0907456
0.146498
0.0703051
0.123594
0.13045
0.227753
0.223234
0.11909
0.13318
0.0940491
0.203378
0.157818
0.183504
0.19218
0.248625
0.153626
0.1546
0.225547
0.248625
0.248625
0.248625
0.222835
0.187293
0.13374
0.14526
0.212033
0.0924137
0.108333
0.180111
0.0928847
0.0641046
0.186366
0.248625
0.110985
0.154836
0.13704
0.141238
0.101401
0.0508355
0.0457724
0.0443786
0.0652986
0.0580776
0.0656697
0.117171
0.156693
0.277281
0.203283
0.15344
0.1179
0.0883191
0.233102
0.0514565
0.158101
0.177044
0.287445
0.133429
0.224604
0.287445
0.287445
0.0858285
0.07872
0.0609835
0.0856721
0.0587483
0.0325042
0.0388332
0.0325617
0.0850392
0.287445
0.197612
0.0142613
0.0675236
0.0663908
0.0491127
0.153927
0.287445
0.287445
0.169656
0.0569549
0.134467
0.15277
0.228796
0.162744
0.236007
0.268914
0.268914
0.152184
0.251389
0.0521492
0.097954
0.219424
0.0958573
0.104153
0.0393005
0.0308044
0.268914
0.155144
0.0218717
0.0706116
0.0815132
0.0348594
0.113759
0.268914
0.268914
0.247624
0.263274
0.0545027
0.119379
0.230468
0.01565
0.0356783
0.0829236
0.037455
0.108102
0.175361
0.0603454
0.0739583
0.175152
0.0539011
0.0494918
0.0309635
0.00385015
0.242917
0.293012
0.293012
0.0946306
0.200309
0.0469117
0.0618015
0.257902
0.293012
0.179108
0.203938
0.0511908
0.0764207
0.197022
0.0239378
0.0361659
0.0343933
0.0074965
0.293012
0.163035
0.0380509
0.0752278
0.192667
0.0648047
0.128892
0.293012
0.293012
0.0997326
0.0959833
0.249579
0.249579
0.249579
0.206325
0.124566
0.112841
0.249579
0.0593412
0.0824448
0.206618
0.249579
0.249579
0.189187
0.215198
0.249579
0.249579
0.0075408
0.0180323
0.034989
0.0365046
0.0975436
0.224001
0.143959
0.0260442
0.0134656
0.0183202
0.0417295
0.19109
0.113991
0.249579
0.180764
0.0924491
0.10539
0.161781
0.0398168
0.104484
0.197077
0.227804
0.227804
0.187939
0.227804
0.227804
0.227804
0.0819189
0.185849
0.180486
0.169862
0.199468
0.132743
0.227804
0.143052
0.0565768
0.0266416
0.0624364
0.188969
0.152135
0.227804
0.170535
0.0792095
0.0875528
0.138287
0.0445384
0.115
0.177593
0.212304
0.227804
0.227804
0.188432
0.0942802
0.026655
0.0928163
0.232816
0.232816
0.232816
0.232816
0.173856
0.232816
0.216976
0.102237
0.101205
0.123443
0.0531851
0.0688692
0.0929187
0.0285212
0.0747613
0.110507
0.183817
0.0896623
0.162423
0.232816
0.232816
0.232816
0.232816
0.232816
0.170205
0.120405
0.115731
0.0815601
0.0599385
0.0541355
0.0427685
0.0917636
0.210697
0.232816
0.232816
0.212626
0.190643
0.0831141
0.120178
0.168266
0.0488166
0.130036
0.273171
0.288775
0.164426
0.198506
0.133009
0.131868
0.0908199
0.0417473
0.0436497
0.0436356
0.0758947
0.233896
0.153945
0.144372
0.0947832
0.0701591
0.140018
0.288775
0.288775
0.288775
0.155134
0.18518
0.172301
0.152462
0.229004
0.0928538
0.0556713
0.0810178
0.0737648
0.104392
0.0933118
0.0600936
0.077903
0.0594099
0.0195666
0.0431482
0.0422516
0.0955518
0.344793
0.184994
0.0300346
0.0957781
0.11333
0.0497577
0.188942
0.344793
0.344793
0.104192
0.103113
0.122842
0.106823
0.112107
0.0452161
0.0291357
0.0247428
0.0901281
0.344793
0.290157
0.142336
0.147408
0.150846
0.0571299
0.0195053
0.198829
0.344793
0.298642
0.137674
0.0355736
0.0815331
0.101846
0.022822
0.120923
0.263824
0.298642
0.241842
0.265446
0.0706486
0.11076
0.192998
0.0116708
0.0375529
0.0739374
0.0327509
0.298642
0.210965
0.191143
0.124095
0.0920564
0.027977
0.0351561
0.136804
0.298642
0.194733
0.298642
0.163793
0.0975802
0.136891
0.0517629
0.0962595
0.0915698
0.0393394
0.169583
0.208543
0.056944
0.0727225
0.176072
0.0174519
0.0279791
0.0323246
0.0118845
0.271059
0.167106
0.0242824
0.0680695
0.195886
0.0544994
0.129506
0.326526
0.326526
0.112453
0.155705
0.15096
0.0690727
0.104998
0.0355652
0.0793062
0.0662696
0.012951
0.326526
0.114885
0.0561214
0.0766044
0.279425
0.0108844
0.010606
0.326526
0.326526
0.0155527
0.0395524
0.0576114
0.0922229
0.138205
0.280638
0.239489
0.0401429
0.0152073
0.0406274
0.0534626
0.195652
0.134033
0.280638
0.280638
0.254617
0.280638
0.280638
0.00248699
0.00295622
0.0107791
0.0889221
0.280638
0.280638
0.137256
0.0198903
0.00980318
0.0168393
0.0116641
0.0598852
0.0694857
0.230718
0.273401
0.193544
0.0952115
0.143098
0.0489571
0.0878495
0.201673
0.176988
0.264931
0.264931
0.17592
0.163
0.262851
0.106167
0.222759
0.264931
0.264931
0.264931
0.264931
0.199761
0.147534
0.047739
0.00751895
0.0112755
0.0531402
0.0891559
0.188053
0.223509
0.163089
0.0868745
0.0779975
0.0152927
0.0497531
0.179469
0.208699
0.124347
0.0689326
0.0410508
0.0692798
0.0602472
0.133716
0.227805
0.254802
0.254802
0.254802
0.254802
0.226083
0.186426
0.135553
0.137585
0.0845645
0.0624492
0.0733455
0.0398841
0.0940852
0.195256
0.254802
0.254802
0.027291
0.0488092
0.16289
0.16303
0.130047
0.0513665
0.044198
0.107111
0.192625
0.0775791
0.110509
0.205121
0.133875
0.13208
0.0539098
0.0689531
0.240687
0.254802
0.178946
0.102389
0.0944746
0.0735498
0.037732
0.0838226
0.285026
0.285026
0.285026
0.138284
0.151625
0.150526
0.109605
0.135437
0.060018
0.0636583
0.0513055
0.0373715
0.115527
0.117813
0.207948
0.136797
0.219912
0.0663432
0.121496
0.285026
0.285026
0.106278
0.244711
0.203668
0.190047
0.242602
0.087037
0.168027
0.140725
0.0418183
0.0991275
0.0970095
0.112772
0.097639
0.0932935
0.0397435
0.0460326
0.0257698
0.0782822
0.314111
0.302831
0.136009
0.124679
0.150969
0.0329963
0.0534485
0.202764
0.314111
0.0842881
0.15449
0.154858
0.145986
0.191373
0.0668409
0.139929
0.10425
0.0550329
0.238276
0.238173
0.126451
0.0523822
0.108553
0.125018
0.20143
0.314111
0.314111
0.284626
0.233308
0.170744
0.123013
0.116086
0.0221836
0.0486013
0.137171
0.284626
0.182306
0.277851
0.184222
0.107871
0.133099
0.0443047
0.0892219
0.0725877
0.0433791
0.212455
0.242827
0.153656
0.0576084
0.11697
0.117223
0.165745
0.284626
0.284626
0.0507302
0.132431
0.251813
0.148133
0.11186
0.0798555
0.138589
0.13248
0.0651962
0.102582
0.164798
0.160161
0.0739922
0.100647
0.0344554
0.0679659
0.0433754
0.0163773
0.303434
0.14146
0.0979592
0.0729752
0.259579
0.0102687
0.0248055
0.303434
0.303434
0.0389039
0.115063
0.212658
0.112174
0.090843
0.0798712
0.10336
0.0570964
0.0209532
0.187787
0.222464
0.284321
0.121627
0.209863
0.048529
0.146126
0.303434
0.303434
0.00261989
0.00521791
0.0169197
0.13299
0.307561
0.307561
0.198905
0.0342454
0.0168596
0.0205884
0.00251451
0.00574884
0.0699626
0.307561
0.307561
0.307561
0.161813
0.191423
0.00529207
0.00407709
0.00840007
0.0876747
0.307561
0.307561
0.0400045
0.00656587
0.00248547
0.00490658
0.0111376
0.0190555
0.0815587
0.307561
0.307561
0.0641488
0.0149277
0.022208
0.0132852
0.00785735
0.0610635
0.154089
0.290573
0.290573
0.290573
0.191346
0.138206
0.0293779
0.0964538
0.290573
0.290573
0.243709
0.127317
0.0738239
0.120239
0.0895907
0.0063015
0.0161406
0.0288432
0.100333
0.290573
0.290573
0.0515205
0.0159161
0.0209581
0.00998
0.00678768
0.0139274
0.0967934
0.290573
0.290573
0.0945788
0.0773077
0.0616536
0.0369935
0.0753666
0.264442
0.263674
0.171109
0.0669589
0.044801
0.132434
0.257007
0.122448
0.136313
0.195311
0.150203
0.191687
0.108039
0.0829078
0.264442
0.264442
0.0146356
0.00546958
0.0221209
0.0800751
0.264442
0.240438
0.0644376
0.0647301
0.0776121
0.113444
0.107073
0.177451
0.264442
0.178725
0.10973
0.0749603
0.223987
0.264442
0.118555
0.117242
0.148302
0.114699
0.206452
0.0797369
0.0909434
0.26738
0.26738
0.115762
0.207116
0.237459
0.18712
0.204911
0.0867298
0.158255
0.105921
0.024946
0.0951209
0.0998061
0.16352
0.200502
0.139584
0.0968684
0.0765269
0.221777
0.26738
0.0638195
0.229538
0.227113
0.26738
0.252761
0.0518548
0.0845654
0.083181
0.0298248
0.0734142
0.123797
0.154366
0.148772
0.162673
0.0589758
0.128894
0.074831
0.0420835
0.202701
0.196509
0.107856
0.0486526
0.110953
0.107087
0.265223
0.265223
0.265223
0.158949
0.216402
0.142433
0.176686
0.18316
0.0249077
0.0674239
0.0907245
0.159518
0.265223
0.211163
0.0595472
0.126233
0.245072
0.0483515
0.131905
0.265223
0.265223
0.189049
0.188868
0.117439
0.0714269
0.13383
0.106293
0.223847
0.267321
0.267321
0.057546
0.123196
0.202693
0.143724
0.128524
0.0813737
0.146166
0.116171
0.0468595
0.267321
0.25628
0.0517693
0.115074
0.244975
0.0500174
0.132174
0.267321
0.267321
0.134595
0.240375
0.155589
0.137889
0.150391
0.108675
0.0985246
0.0722293
0.0509525
0.0466815
0.119314
0.183129
0.113983
0.106162
0.0634356
0.0955635
0.0398128
0.0125079
0.181466
0.222698
0.269015
0.119274
0.218025
0.0305172
0.127093
0.291633
0.291633
0.120723
0.170945
0.157849
0.0953142
0.097596
0.0750872
0.0565034
0.0381126
0.0476259
0.291633
0.261681
0.198415
0.0955872
0.182665
0.0150065
0.081958
0.282462
0.291633
0.00817827
0.00628638
0.0167534
0.151876
0.349379
0.349379
0.0625859
0.0125775
0.00641508
0.00560588
0.0133885
0.0300573
0.129715
0.349379
0.349379
0.0951604
0.0287648
0.0248627
0.00554841
0.0280453
0.0299085
0.0945052
0.349379
0.308077
0.079851
0.0333323
0.0267455
0.00488249
0.0142028
0.0736663
0.154447
0.349379
0.222962
0.116352
0.0526919
0.0480154
0.0112255
0.0218764
0.0413245
0.151747
0.348243
0.348243
0.0908339
0.0323328
0.0324378
0.0106847
0.00839787
0.0175319
0.117566
0.348243
0.348243
0.152089
0.114255
0.081229
0.013261
0.0317858
0.0790758
0.166841
0.348243
0.222239
0.107966
0.067471
0.0511921
0.0434436
0.0228093
0.0258879
0.103333
0.348243
0.202925
0.110241
0.0767033
0.0557859
0.0162039
0.00837379
0.0190722
0.0815212
0.28416
0.28416
0.0942034
0.0806416
0.089028
0.182009
0.139411
0.154911
0.24207
0.270623
0.150223
0.126762
0.28416
0.28416
0.0310492
0.0275863
0.0251499
0.0615513
0.282385
0.110472
0.0571209
0.0395191
0.0398087
0.205207
0.126285
0.13899
0.128818
0.152535
0.0272331
0.123955
0.28416
0.28416
0.118867
0.122291
0.152335
0.159639
0.184065
0.112061
0.106873
0.253987
0.253987
0.126858
0.243498
0.253987
0.253987
0.253987
0.0783144
0.0831199
0.0652894
0.025093
0.146961
0.0941884
0.105433
0.0904397
0.123948
0.0303316
0.0868241
0.213611
0.253987
0.253987
0.253987
0.253987
0.175172
0.150313
0.0698536
0.0861764
0.0426268
0.0620203
0.146622
0.20018
0.166666
0.163367
0.166335
0.0299138
0.0580477
0.0724993
0.130236
0.26918
0.185741
0.0594351
0.115368
0.210173
0.0539831
0.182005
0.26918
0.26918
0.219696
0.172591
0.122967
0.0923637
0.108874
0.0382698
0.0506516
0.0709589
0.159807
0.26918
0.26918
0.093981
0.0856647
0.144448
0.00395994
0.0764167
0.26918
0.26918
0.29244
0.227561
0.0416456
0.112602
0.21517
0.0514968
0.176266
0.29244
0.29244
0.145974
0.259544
0.128073
0.118671
0.131181
0.0986305
0.107526
0.0768833
0.0338085
0.29244
0.283984
0.0483184
0.0729817
0.138579
0.00841289
0.0831305
0.29244
0.29244
0.0885764
0.143429
0.0777294
0.0960294
0.112557
0.0491673
0.0277401
0.019649
0.0391109
0.151223
0.205414
0.158323
0.11699
0.127191
0.076513
0.0733607
0.0497198
0.040854
0.336062
0.262107
0.178035
0.129458
0.298278
0.00775659
0.0599841
0.290126
0.336062
0.0668631
0.112676
0.0618264
0.0794458
0.116828
0.040967
0.0263264
0.0270121
0.0598334
0.23724
0.154389
0.039509
0.079197
0.163851
0.00322894
0.0561714
0.257419
0.336062
0.0170878
0.0446825
0.0652002
0.224526
0.322227
0.322227
0.118459
0.073646
0.0630221
0.0135278
0.0299042
0.0962184
0.29526
0.322227
0.322227
0.158894
0.112407
0.0878826
0.0429152
0.0332697
0.0547503
0.175668
0.216201
0.233828
0.112632
0.146626
0.0965777
0.0444159
0.0686882
0.164417
0.184046
0.188288
0.208061
0.145966
0.0910801
0.059181
0.0199254
0.0540069
0.0920385
0.261485
0.321498
0.321498
0.138936
0.131009
0.0751225
0.0409041
0.0409335
0.0282991
0.15508
0.321498
0.306753
0.153211
0.118071
0.0698551
0.0399403
0.0653136
0.126509
0.181956
0.208474
0.225506
0.132566
0.104771
0.0559436
0.0339177
0.0463965
0.0591898
0.151361
0.321498
0.207676
0.180656
0.100057
0.0568676
0.0242086
0.0361107
0.0204147
0.0727276
0.354141
0.151833
0.0756745
0.0585515
0.0340126
0.29282
0.16275
0.157761
0.119653
0.207773
0.0341874
0.161909
0.354141
0.354141
0.0178202
0.0201263
0.0233636
0.0584176
0.210005
0.109084
0.0802264
0.0574057
0.0395902
0.141905
0.0417925
0.0460331
0.0397151
0.0686165
0.0293012
0.0827228
0.354141
0.354141
0.189568
0.11466
0.130893
0.0958003
0.181337
0.0382215
0.123111
0.27802
0.27802
0.27802
0.27802
0.27802
0.25389
0.19697
0.0863567
0.109376
0.0643132
0.0628962
0.115935
0.0487667
0.0576823
0.0491908
0.0798907
0.0341279
0.0529388
0.255959
0.27802
0.177851
0.142213
0.171967
0.139264
0.197974
0.0666308
0.0300057
0.09027
0.172132
0.188118
0.152968
0.135869
0.0885827
0.10396
0.0329151
0.0424934
0.0649034
0.132187
0.283572
0.283572
0.0721821
0.0755062
0.130451
0.00515767
0.0643405
0.283572
0.283572
0.136948
0.107637
0.0727047
0.0696762
0.0968811
0.0259993
0.00934006
0.0194355
0.031139
0.283572
0.283572
0.113381
0.176709
0.283572
0.000960996
0.166277
0.283572
0.283572
0.301292
0.295641
0.0357233
0.0666604
0.137873
0.00884578
0.0736387
0.301292
0.301292
0.0976008
0.164133
0.0750382
0.0825955
0.0863693
0.0322084
0.0339301
0.0217061
0.0304119
0.301292
0.301292
0.0835473
0.12034
0.245899
0.00410132
0.177864
0.301292
0.301292
0.084655
0.10216
0.0533573
0.116001
0.179387
0.0141641
0.0340224
0.0654925
0.0406667
0.0844078
0.153063
0.0829155
0.0993121
0.13678
0.0390277
0.0475385
0.0394855
0.0637003
0.326792
0.173328
0.0375049
0.102118
0.239881
0.00337257
0.0589407
0.314589
0.361856
0.0979535
0.113845
0.0497536
0.0823462
0.166748
0.0212269
0.0506755
0.0451674
0.0357158
0.263936
0.0912825
0.0324056
0.124163
0.311419
0.00174005
0.0240172
0.309971
0.361856
0.075212
0.0544109
0.105646
0.236723
0.236723
0.236723
0.140503
0.204739
0.150127
0.0889037
0.0958362
0.183889
0.236723
0.236723
0.236723
0.157347
0.151301
0.107579
0.019953
0.059304
0.115772
0.221864
0.236723
0.236723
0.154939
0.168173
0.0666821
0.0751706
0.0894947
0.121524
0.212466
0.236723
0.236723
0.14371
0.0745417
0.0496282
0.077997
0.0968001
0.141123
0.252101
0.252101
0.252101
0.155582
0.172605
0.0931799
0.0494086
0.0700688
0.0716474
0.211773
0.252101
0.252101
0.21761
0.167077
0.10084
0.0623994
0.0797081
0.105937
0.175862
0.252101
0.252101
0.119352
0.098711
0.0797172
0.0251509
0.0289744
0.0996485
0.163356
0.252101
0.234475
0.232737
0.128763
0.064716
0.0196869
0.0235295
0.0213931
0.0696617
0.209811
0.122893
0.0880437
0.0808987
0.0449894
0.196323
0.0491716
0.0371431
0.0454351
0.0670835
0.0528526
0.101687
0.418941
0.418941
0.00831067
0.0104474
0.0345466
0.0631071
0.20119
0.101121
0.0643994
0.0562051
0.031785
0.244571
0.00493246
0.0169743
0.0306806
0.091036
0.130558
0.0586884
0.418941
0.418941
0.153387
0.0580313
0.0638363
0.0622967
0.092999
0.0581335
0.0773363
0.279893
0.279893
0.222203
0.192865
0.227265
0.184057
0.247257
0.0735125
0.0433276
0.13826
0.212649
0.149967
0.0289896
0.0346116
0.0595526
0.133383
0.125427
0.0413813
0.227452
0.279893
0.233912
0.231277
0.148671
0.136236
0.191358
0.0154439
0.00348084
0.167781
0.279893
0.169899
0.137913
0.100406
0.0884761
0.132959
0.0315983
0.0142218
0.0300514
0.0383054
0.299917
0.299917
0.117943
0.207477
0.299917
0.00273412
0.228453
0.299917
0.299917
0.086041
0.0993537
0.0791439
0.0660331
0.0936513
0.0106051
0.00451526
0.0366221
0.0586846
0.159594
0.187586
0.0814589
0.0828289
0.14566
0.00864894
0.192651
0.299917
0.299917
0.293078
0.293078
0.0971165
0.146559
0.293078
0.00616541
0.242695
0.293078
0.293078
0.141119
0.155555
0.0717174
0.129541
0.197236
0.00898752
0.0571013
0.0818558
0.0622823
0.15393
0.190921
0.102229
0.0786271
0.103121
0.0161119
0.149413
0.276112
0.27958
0.130722
0.151195
0.0873048
0.104268
0.10744
0.0126801
0.0714839
0.0995875
0.110649
0.130356
0.149793
0.0797853
0.0955442
0.173869
0.014665
0.0742001
0.057202
0.0476731
0.33785
0.100068
0.0490794
0.137291
0.33785
0.00319011
0.0466994
0.33785
0.33785
0.14199
0.169883
0.0950092
0.118013
0.11645
0.0175224
0.0499775
0.0500736
0.0918393
0.335716
0.122185
0.0471484
0.121821
0.218516
0.0137116
0.0278617
0.0819107
0.33785
0.0182449
0.0446299
0.0838703
0.185863
0.262692
0.264412
0.0852975
0.108191
0.0490676
0.0635369
0.0423847
0.0861945
0.187048
0.287563
0.287563
0.077483
0.0484212
0.0450377
0.000156536
0.00969012
0.160001
0.287563
0.287563
0.287563
0.0664596
0.0913253
0.0401768
0.00165749
0.0178142
0.122928
0.287563
0.287563
0.287563
0.140981
0.0157016
0.00019074
0.0560514
0.0459745
0.0746712
0.165632
0.297133
0.286041
0.0715451
0.0645798
0.0660995
0.0286279
0.0238423
0.0662657
0.124222
0.297133
0.200947
0.143054
0.108806
0.0571171
0.00240306
0.029108
0.106252
0.297133
0.297133
0.297133
0.153636
0.0344072
0.0083676
0.00659902
0.0355642
0.10081
0.297133
0.297133
0.297133
0.0812508
0.0820862
0.0314259
0.013295
0.0149807
0.0333912
0.0646119
0.184681
0.125923
0.0664912
0.0652351
0.0294491
0.264408
0.0114704
0.0137864
0.0337716
0.0925057
0.166503
0.0660276
0.348519
0.348519
0.00310989
0.0250808
0.0512725
0.163688
0.348519
0.225727
0.0516361
0.0503837
0.0162091
0.0437635
0.0242361
0.0411792
0.223338
0.348519
0.178391
0.0775473
0.192523
0.348519
0.135259
0.034368
0.0319522
0.0545171
0.116869
0.144617
0.0530941
0.238778
0.26821
0.214778
0.20455
0.139945
0.136368
0.193659
0.0237636
0.0104018
0.180673
0.26821
0.0702298
0.0282047
0.0387649
0.158212
0.257748
0.119139
0.120963
0.26821
0.26821
0.132869
0.184484
0.0678544
0.103654
0.223172
0.0279293
0.0916018
0.26821
0.26821
0.119263
0.148922
0.116458
0.0975146
0.130634
0.0208588
0.0151532
0.0924459
0.0841456
0.263926
0.244515
0.105985
0.114153
0.232875
0.0182893
0.263926
0.263926
0.263926
0.110296
0.110859
0.0647725
0.0800151
0.120354
0.00712629
0.0797987
0.263926
0.263926
0.214107
0.205509
0.0877324
0.123798
0.201683
0.00795876
0.0592017
0.263926
0.263926
0.222714
0.222714
0.146795
0.108086
0.158759
0.02956
0.222714
0.222714
0.222714
0.222714
0.222714
0.12771
0.112455
0.117364
0.0157527
0.109875
0.131497
0.17881
0.184199
0.217946
0.136751
0.160381
0.208443
0.0334871
0.0738736
0.199564
0.222714
0.14288
0.165048
0.143636
0.203524
0.146956
0.167306
0.137649
0.122585
0.17489
0.211104
0.234042
0.130577
0.132831
0.144746
0.0212928
0.0666068
0.0672523
0.138351
0.279956
0.151475
0.0588804
0.17386
0.279956
0.0188913
0.0469144
0.129329
0.279956
0.19807
0.267141
0.159443
0.168334
0.188862
0.181884
0.159038
0.0812186
0.0854453
0.234611
0.279546
0.0838707
0.139716
0.234822
0.0581183
0.0215668
0.0683044
0.0986076
0
0.00575716
0.0617929
0.224012
0.320774
0.244841
0.021205
0.0310161
0.0202022
0
0.0132974
0.0647907
0.207207
0.320774
0.280545
0.0407524
0.00504203
0
0.00421944
0.0308626
0.0425081
0.320774
0.320774
0.264159
0.0826364
0.0244575
0
0.0130968
0.158093
0.11964
0.276617
0.320774
0.179124
0.106573
0.0508373
0.00348177
0.000226063
0.0208295
0.0534986
0.180064
0.338938
0.288254
0.0485884
0.00935054
0.00117103
0.00347395
0.0181428
0.0474098
0.149026
0.338938
0.249021
0.0443452
0.0321927
0.0120249
0.0171533
0.17413
0.152884
0.266836
0.338938
0.172753
0.15537
0.0617732
0.00341263
0.00318217
0.0176797
0.0343608
0.2742
0.338938
0.262233
0.0272336
0.00827783
0.00142212
0.00255759
0.0224366
0.040939
0.128224
0.294445
0.236753
0.0459123
0.0281538
0.00773605
0.0340834
0.0236268
0.0313675
0.181381
0.294445
0.236591
0.0647698
0.14069
0.294445
0.00737452
0.0112751
0.0398067
0.277496
0.294445
0.251018
0.0255073
0.0101036
0.00505122
0.0489569
0.0391089
0.0322018
0.256428
0.294445
0.253199
0.0511247
0.0812891
0.294445
0.0493672
0.0244614
0.0290564
0.124973
0.216036
0.158791
0.0840951
0.252728
0.254148
0.0977362
0.123823
0.0544949
0.0781082
0.173185
0.0441282
0.077915
0.254148
0.254148
0.0579696
0.0261972
0.0308638
0.191487
0.254148
0.202472
0.0627174
0.209822
0.254148
0.0817131
0.146361
0.254148
0.254148
0.0956736
0.0788334
0.101483
0.254148
0.254148
0.0986382
0.0987652
0.0617229
0.0752613
0.10512
0.0183616
0.0699961
0.254735
0.254735
0.213505
0.174703
0.0824844
0.132107
0.208936
0.0117454
0.0418887
0.204493
0.254735
0.0861688
0.0923553
0.249567
0.186921
0.070641
0.060017
0.095496
0.254735
0.254735
0.18473
0.254735
0.101156
0.254735
0.254735
0.0167206
0.0982704
0.125704
0.216617
0.175378
0.181663
0.118038
0.146034
0.185012
0.0280233
0.0514428
0.134945
0.235307
0.1619
0.164484
0.108835
0.127768
0.121588
0.0955736
0.0898597
0.0953143
0.180957
0.208363
0.233081
0.116235
0.235307
0.235307
0.045662
0.102006
0.159039
0.235307
0.195263
0.184316
0.192209
0.235307
0.235307
0.110559
0.0980506
0.149496
0.235307
0.194397
0.23427
0.129541
0.106675
0.151033
0.105716
0.107755
0.0912738
0.116365
0.185703
0.23427
0.0855194
0.119266
0.186036
0.0497121
0.0332373
0.0797127
0.0800021
0.23427
0.223726
0.216567
0.23427
0.23427
0.138129
0.124588
0.228342
0.23427
0.185768
0.15491
0.101726
0.112165
0.133062
0.0701912
0.23427
0.23427
0.181086
0.003675
0.0324261
0.037941
0.338691
0.338691
0.266151
0.0729704
0.0225167
0.00498097
0.00676546
0.133518
0.080834
0.296084
0.338691
0.228447
0.0686005
0.0344809
0.00217669
0.014524
0.0360241
0.047133
0.162741
0.338691
0.192074
0.0642165
0.036253
0.0104368
0.0245308
0.0418136
0.0424661
0.090415
0.338691
0.292438
0.0777716
0.0225608
0.00485663
0.00800974
0.137302
0.0948327
0.278939
0.358271
0.240425
0.101283
0.0420079
0.00182945
0.00237129
0.0124772
0.023428
0.241073
0.358271
0.280763
0.0469395
0.0115773
0.00382372
0.0241749
0.03563
0.049462
0.0863685
0.358271
0.270376
0.0807049
0.0231403
0.00654492
0.00211318
0.00635773
0.0363168
0.131558
0.358271
0.242113
0.0379049
0.0176626
0.00452512
0.00581868
0.0100646
0.0319717
0.263979
0.321918
0.301351
0.0406818
0.012308
0.00633704
0.0387513
0.0351162
0.0357123
0.30173
0.321918
0.304417
0.0598526
0.0932177
0.239059
0.000783894
0.00487434
0.0360842
0.122833
0.321918
0.239556
0.0389777
0.0188876
0.00357217
0.00846945
0.0167858
0.0352599
0.0967728
0.321918
0.270133
0.0202875
0.0408168
0.055936
0.0422194
0.0205942
0.0288936
0.188112
0.244118
0.199314
0.0670172
0.186697
0.244118
0.0567682
0.095315
0.244118
0.206572
0.0866895
0.0792072
0.122383
0.244118
0.244118
0.0240254
0.0201059
0.0295058
0.0517623
0.244118
0.170349
0.0855543
0.110029
0.147487
0.0825378
0.141831
0.244118
0.244118
0.178006
0.106913
0.244118
0.244118
0.240927
0.0505915
0.0599892
0.152593
0.126063
0.0545818
0.0467983
0.0951638
0.243204
0.243204
0.142129
0.147229
0.0766201
0.243204
0.243204
0.0109047
0.0552837
0.0878566
0.184817
0.0652378
0.0953925
0.15898
0.164126
0.134291
0.0744705
0.243204
0.243204
0.218944
0.243204
0.238352
0.241283
0.243204
0.243204
0.0459789
0.0168674
0.0405963
0.243204
0.120233
0.115765
0.0728691
0.190146
0.220243
0.0153258
0.0515517
0.0911429
0.158334
0.121288
0.106943
0.107569
0.202482
0.239473
0.0637992
0.0489363
0.101383
0.159349
0.20083
0.185626
0.164957
0.239473
0.239473
0.0875137
0.0972892
0.0541391
0.193723
0.239473
0.225996
0.239473
0.239473
0.239473
0.239473
0.160128
0.0871219
0.149599
0.148781
0.143443
0.138601
0.170575
0.19256
0.0574501
0.0720235
0.151249
0.225656
0.122
0.102746
0.0715315
0.0683151
0.101437
0.0622902
0.224068
0.163894
0.156003
0.228061
0.192473
0.208751
0.228061
0.228061
0.228061
0.228061
0.157144
0.141355
0.137549
0.0876096
0.0806197
0.134772
0.228061
0.210044
0.190671
0.156586
0.212603
0.00918756
0.0293735
0.0498772
0.147959
0.37936
0.159896
0.0473397
0.0308796
0.0128013
0.0119666
0.0150773
0.0168634
0.106579
0.37936
0.228812
0.0495956
0.0139511
0.00339426
0.00312335
0.0167266
0.0261898
0.22118
0.37936
0.275858
0.00763267
0.00693264
0.0248217
0.00503136
0.00382211
0.0101516
0.177398
0.37936
0.37936
0.0269335
0.00686263
0.00626323
0.0122406
0.0111424
0.0217844
0.114377
0.342583
0.237322
0.0517812
0.0154833
0.00508219
0.00149617
0.00337778
0.029651
0.10598
0.342583
0.17371
0.0527431
0.0344637
0.0086931
0.00678709
0.00400641
0.00776692
0.236063
0.342583
0.342583
0.0239248
0.00456124
0.00186179
0.00180068
0.00297838
0.0101493
0.342583
0.342583
0.335817
0.0761836
0.0345883
0.00656931
0.000803059
0.00410996
0.0330979
0.104619
0.36302
0.199002
0.0595887
0.0325262
0.00685649
0.00418125
0.0161056
0.0400148
0.110378
0.343366
0.20278
0.0444541
0.0571798
0.017475
0.00298771
0.00488666
0.0129834
0.36302
0.36302
0.36302
0.0776485
0.02232
0.0054469
0.00410872
0.00730761
0.00684214
0.187004
0.36302
0.243164
0.0627751
0.0336222
0.0093648
0.0143738
0.0221533
0.0301978
0.0486246
0.171784
0.101802
0.0809971
0.0973868
0.106385
0.0772273
0.102572
0.183745
0.26143
0.138157
0.0679686
0.271582
0.301184
0.186701
0.0156524
0.0247163
0.0246589
0.121327
0.303715
0.136675
0.0280208
0.0243176
0.0228993
0.164738
0.0759789
0.169614
0.27013
0.303715
0.303715
0.2741
0.105906
0.22951
0.0456813
0.0695901
0.0905304
0.134415
0.10688
0.0411103
0.178963
0.204007
0.154397
0.169304
0.127981
0.155868
0.251542
0.283756
0.0221313
0.00692869
0.0475257
0.283756
0.082644
0.0607731
0.0936334
0.189597
0.283756
0.235735
0.109467
0.0592098
0.10592
0.121377
0.139722
0.254955
0.283756
0.283756
0.0829235
0.0514601
0.0416148
0.264925
0.126299
0.125152
0.129446
0.257976
0.277911
0.0517731
0.0689679
0.0478038
0.173621
0.161554
0.138848
0.277911
0.277911
0.277911
0.193288
0.103652
0.07893
0.14236
0.0697057
0.108363
0.187125
0.277911
0.277911
0.0674952
0.0792504
0.0492496
0.146295
0.0674604
0.063141
0.208455
0.22123
0.242786
0.0640361
0.0607334
0.0319482
0.0827982
0.210399
0.168708
0.249499
0.249499
0.249499
0.249499
0.249499
0.155739
0.181467
0.149478
0.0616901
0.105462
0.132195
0.249499
0.249499
0.198677
0.170109
0.249499
0.0638471
0.0758342
0.179683
0.249499
0.249499
0.107608
0.154378
0.0808168
0.0834763
0.0336882
0.0455368
0.0746767
0.0847599
0.1122
0.0438246
0.039269
0.0326476
0.0179151
0.00293682
0.0121576
0.0317061
0.291743
0.410717
0.336334
0.0173134
0.00481699
0.0197505
0.00682758
0.00660396
0.0118685
0.181853
0.410717
0.410717
0.0258334
0.0109786
0.00564278
0.0338833
0.0630099
0.053326
0.13781
0.286065
0.148757
0.0846189
0.0470482
0.0598664
0.0490357
0.0544878
0.0490895
0.0762399
0.301992
0.0702513
0.0513585
0.0244131
0.0535476
0.00927655
0.00883268
0.0144609
0.253287
0.365128
0.365128
0.0295027
0.009561
0.00438786
0.00689974
0.00912502
0.0296969
0.260733
0.365128
0.365128
0.115446
0.061611
0.018681
0.0694445
0.0726814
0.0638643
0.115608
0.34655
0.071082
0.0509807
0.0239175
0.0667518
0.0372694
0.0921312
0.11624
0.161322
0.288972
0.122839
0.0498682
0.0323239
0.0537118
0.00957443
0.0144688
0.0355809
0.304454
0.350014
0.350014
0.129623
0.0440257
0.0176519
0.00824561
0.0302141
0.0282053
0.174879
0.350014
0.285751
0.123746
0.055658
0.0187188
0.0496212
0.115927
0.134908
0.180956
0.311773
0.139393
0.0475004
0.036364
0.0583437
0.0318915
0.059427
0.113987
0.107056
0.350014
0.170657
0.103294
0.0330721
0.0593495
0.0260094
0.0573562
0.0530787
0.129373
0.308143
0.169382
0.0508273
0.0401214
0.0363451
0.262507
0.130522
0.22509
0.308143
0.308143
0.308143
0.308143
0.181849
0.308143
0.0153566
0.0306259
0.0586515
0.0537692
0.245249
0.093252
0.0419716
0.0176437
0.0307468
0.0333677
0.0269057
0.0288856
0.0666466
0.308143
0.140121
0.023398
0.0110393
0.0338764
0.139638
0.113522
0.146863
0.327142
0.327142
0.272875
0.136216
0.106988
0.163583
0.129184
0.177318
0.327142
0.327142
0.327142
0.105763
0.0831259
0.0855939
0.327142
0.0164616
0.0200762
0.0196429
0.0401911
0.201189
0.0839686
0.0101587
0.00929091
0.0183697
0.0311687
0.0347891
0.0169101
0.0650321
0.191326
0.0444625
0.0267621
0.0310954
0.0380551
0.0773532
0.156902
0.323254
0.342641
0.342641
0.0904012
0.13593
0.102796
0.324286
0.0398424
0.0622009
0.342641
0.342641
0.342641
0.0656596
0.0850634
0.0670728
0.196231
0.0254386
0.0298095
0.0175699
0.0646005
0.232397
0.0463437
0.0237378
0.0360293
0.0320797
0.0309839
0.0348889
0.0416604
0.0374895
0.0541182
0.0268039
0.0230839
0.0257976
0.0166177
0.056053
0.12835
0.353108
0.353108
0.353108
0.183053
0.353108
0.22282
0.329231
0.0351447
0.0767851
0.258044
0.218814
0.241993
0.10625
0.0795967
0.0530851
0.0233479
0.0675049
0.0599169
0.0738111
0.0853631
0.145948
0.0722357
0.0493504
0.067357
0.0341514
0.0307708
0.0583626
0.0734034
0.0835276
0.0753246
0.0525814
0.0444136
0.0628378
0.0482714
0.0834641
0.129698
0.115546
0.270538
0.270538
0.270538
0.180347
0.0804589
0.106178
0.0918079
0.104371
0.119523
0.16599
0.270538
0.186069
0.106792
0.0580737
0.0977062
0.0739491
0.115955
0.152189
0.239639
0.218677
0.234882
0.183532
0.111564
0.0699303
0.0539765
0.0733325
0.163101
0.25407
0.270538
0.156549
0.145749
0.111822
0.123761
0.114197
0.131016
0.15222
0.18678
0.255407
0.182294
0.104616
0.0574683
0.113625
0.0825696
0.135354
0.252712
0.167656
0.255407
0.255407
0.126255
0.0719327
0.114582
0.0655175
0.103805
0.188081
0.238402
0.255407
0.161901
0.160257
0.134149
0.104039
0.0688747
0.0749513
0.0960032
0.222214
0.255407
0.224623
0.152899
0.177745
0.10701
0.0909389
0.153373
0.234562
0.141826
0.234562
0.234562
0.119894
0.0730692
0.108807
0.0471449
0.122013
0.185667
0.18032
0.234562
0.232444
0.198486
0.108338
0.166467
0.0709749
0.0945418
0.108917
0.193891
0.234562
0.234562
0.158257
0.158618
0.073972
0.0956833
0.0889879
0.184955
0.234562
0.234562
0.159824
0.170235
0.125262
0.137143
0.0592513
0.130753
0.196135
0.156069
0.253338
0.253338
0.182132
0.111917
0.143562
0.108422
0.115809
0.114589
0.253338
0.253338
0.183437
0.0706269
0.0503287
0.110871
0.116549
0.103096
0.162145
0.253338
0.253338
0.19343
0.146739
0.10937
0.103159
0.106966
0.0766309
0.154117
0.253338
0.253338
0.182293
0.0898551
0.104689
0.140259
0.111297
0.148324
0.154277
0.25277
0.25277
0.200456
0.0434221
0.0725334
0.106524
0.100239
0.133751
0.166563
0.204293
0.25277
0.214372
0.168207
0.166443
0.187076
0.109417
0.0950499
0.146363
0.25277
0.25277
0.22055
0.0726393
0.102358
0.112721
0.0621894
0.0963239
0.156076
0.25277
0.25277
0.110933
0.12482
0.110433
0.0663505
0.0840886
0.126162
0.165507
0.221729
0.231716
0.191602
0.126251
0.18289
0.177335
0.105793
0.123761
0.231716
0.228792
0.231716
0.147108
0.121334
0.150368
0.100185
0.0473215
0.108476
0.158813
0.231716
0.231716
0.141614
0.121865
0.0958786
0.0598224
0.055125
0.0607278
0.198645
0.231716
0.231716
0.163947
0.202328
0.231716
0.0678161
0.113541
0.115959
0.187553
0.225773
0.225773
0.160089
0.108512
0.167263
0.116677
0.0642926
0.116162
0.173568
0.224585
0.218762
0.148538
0.158603
0.180677
0.145584
0.0571433
0.0725387
0.193364
0.225773
0.225773
0.218553
0.199195
0.214739
0.0798716
0.0266527
0.0888357
0.15704
0.225773
0.225773
0.108877
0.0914133
0.225773
0.127461
0.0509835
0.0707797
0.0924201
0.184965
0.2195
0.183953
0.120597
0.069195
0.0348675
0.0324652
0.0579349
0.095865
0.169021
0.301212
0.101623
0.0760215
0.0691017
0.0721034
0.0160049
0.0502511
0.0709997
0.342994
0.342994
0.266436
0.0694804
0.0365165
0.0491771
0.0160017
0.0581193
0.0712152
0.342994
0.342994
0.342994
0.0361465
0.0345282
0.0357256
0.035983
0.0694245
0.113948
0.156839
0.321572
0.10623
0.08022
0.074287
0.0583854
0.045301
0.0588486
0.0691269
0.195772
0.258474
0.145028
0.100915
0.0957444
0.0407818
0.0143801
0.0709971
0.0880137
0.321572
0.321572
0.321572
0.0638984
0.0352537
0.0295604
0.00933383
0.0597949
0.0449851
0.321572
0.321572
0.321572
0.126691
0.0792797
0.0332062
0.0488683
0.0582291
0.0785223
0.188447
0.236774
0.169314
0.113629
0.0996189
0.0332661
0.0552832
0.0467232
0.110588
0.271426
0.2541
0.0973771
0.116843
0.128333
0.133962
0.0097771
0.0561517
0.044981
0.319919
0.319919
0.319919
0.127478
0.0755169
0.0310835
0.0398863
0.0701161
0.0961992
0.319919
0.319919
0.25765
0.0348775
0.0799388
0.0305297
0.0732262
0.0530972
0.0967751
0.25046
0.275046
0.130281
0.110204
0.114445
0.106461
0.0731011
0.060981
0.0955622
0.213561
0.311298
0.137189
0.0633347
0.073499
0.0934364
0.0361076
0.0529701
0.092409
0.311298
0.311298
0.311298
0.0239067
0.0610879
0.0590445
0.0216263
0.0525161
0.120407
0.311298
0.311298
0.252185
0.0283256
0.0539465
0.0533384
0.0839006
0.0727566
0.106229
0.215278
0.301568
0.163926
0.0507025
0.0692895
0.082398
0.0322231
0.0764311
0.134195
0.203336
0.283455
0.125234
0.0662703
0.0731041
0.0313594
0.0225277
0.039197
0.116334
0.301568
0.301568
0.301568
0.037347
0.0424644
0.0821188
0.00952493
0.0388393
0.0901248
0.301568
0.301568
0.301568
0.197637
0.0695399
0.016763
0.0237529
0.0684304
0.122902
0.164895
0.241479
0.116277
0.0552739
0.0549013
0.037498
0.0310325
0.0392244
0.090831
0.243947
0.224215
0.132665
0.100707
0.128566
0.038921
0.0101114
0.0456597
0.0727369
0.293413
0.308198
0.308198
0.116432
0.086152
0.0883273
0.12562
0.12802
0.0865361
0.308198
0.308198
0.308198
0.0754247
0.107795
0.229311
0.0310586
0.0428792
0.0902425
0.223125
0.269528
0.151334
0.095394
0.103051
0.050473
0.0203662
0.0612394
0.092923
0.173739
0.273698
0.129444
0.0614134
0.0955504
0.0569751
0.116326
0.1474
0.0949287
0.301132
0.301132
0.286003
0.0490687
0.14978
0.280982
0.0287966
0.0340026
0.0508788
0.301132
0.301132
0.25991
0.0250163
0.0614352
0.0393231
