0.144942
0.170414
0.205859
0.230103
0.230103
0.218554
0.102372
0.101798
0.14222
0.122109
0.138892
0.123595
0.230103
0.230103
0.202725
0.166647
0.185013
0.17416
0.05844
0.133394
0.124651
0.230103
0.230103
0.0450654
0.121297
0.125215
0.111041
0.0639702
0.0674338
0.134837
0.14231
0.225644
0.11121
0.230103
0.222281
0.154702
0.111848
0.122016
0.0903295
0.221252
0.221252
0.221252
0.159071
0.179679
0.122425
0.0855413
0.163404
0.173914
0.197208
0.221252
0.221252
0.221252
0.221252
0.221252
0.0523874
0.0567057
0.123782
0.105951
0.167999
0.0927678
0.219861
0.221252
0.102573
0.102901
0.221252
0.114347
0.168321
0.168326
0.173324
0.199902
0.130006
0.0612957
0.0772258
0.145062
0.154628
0.188089
0.214041
0.214041
0.178007
0.169799
0.188939
0.0568961
0.1108
0.207269
0.135917
0.116346
0.172754
0.214041
0.159251
0.101034
0.112519
0.214041
0.137471
0.15503
0.148042
0.133259
0.177505
0.127293
0.0608466
0.214041
0.214041
0.214041
0.214041
0.214041
0.214041
0.120055
0.130367
0.15927
0.0582264
0.121257
0.186166
0.1455
0.143148
0.14605
0.184853
0.121665
0.0787429
0.0598177
0.12519
0.20312
0.14511
0.163078
0.200799
0.216664
0.198996
0.0771124
0.216664
0.216664
0.216664
0.203819
0.216664
0.216664
0.140966
0.176479
0.180664
0.0905259
0.144942
0.100919
0.19508
0.216664
0.174294
0.131136
0.20428
0.12044
0.0606164
0.138812
0.233755
0.210075
0.207509
0.203271
0.208649
0.179415
0.0737764
0.0259385
0.0822424
0.233755
0.233755
0.233755
0.145995
0.123253
0.118744
0.129441
0.0675622
0.151773
0.0908061
0.176489
0.233755
0.233755
0.165149
0.233755
0.143913
0.0828236
0.148473
0.14048
0.169019
0.233755
0.173484
0.113894
0.0961273
0.10468
0.028051
0.0858657
0.226855
0.226855
0.226855
0.143995
0.0940808
0.0911484
0.119643
0.17837
0.195326
0.204908
0.125165
0.226855
0.183361
0.226855
0.158785
0.106568
0.0618777
0.102574
0.0974111
0.142278
0.218265
0.21873
0.118921
0.123474
0.134946
0.215342
0.147595
0.162195
0.226855
0.226855
0.204476
0.066935
0.212439
0.0923575
0.168777
0.17054
0.214102
0.126809
0.214102
0.160866
0.173835
0.125827
0.0998998
0.0979387
0.154267
0.103752
0.152511
0.214102
0.214102
0.150478
0.160156
0.0843369
0.156636
0.140578
0.130386
0.214102
0.214102
0.211429
0.0753236
0.212271
0.133662
0.0932304
0.206175
0.124663
0.193871
0.214102
0.214102
0.13141
0.196542
0.141715
0.0750525
0.10428
0.107775
0.224726
0.224726
0.0391445
0.1145
0.0901243
0.0851589
0.0659738
0.0702567
0.109075
0.123791
0.224726
0.142613
0.204777
0.195848
0.169824
0.219156
0.149774
0.181298
0.17529
0.224726
0.145771
0.120505
0.192041
0.107412
0.18553
0.224726
0.224726
0.135792
0.224726
0.224726
0.176821
0.224726
0.137821
0.0440771
0.0669757
0.110013
0.100359
0.179493
0.112659
0.197054
0.217538
0.12982
0.0830861
0.217538
0.101639
0.161164
0.203173
0.135498
0.180214
0.121919
0.0740899
0.135354
0.217538
0.19864
0.121374
0.217538
0.217538
0.176754
0.217538
0.161914
0.095817
0.217538
0.217538
0.217538
0.17517
0.197618
0.148381
0.187136
0.15264
0.0832603
0.208823
0.121955
0.150915
0.180924
0.106895
0.164195
0.125114
0.0686062
0.169897
0.208823
0.208823
0.208823
0.206838
0.178336
0.0840018
0.111695
0.14083
0.0979228
0.208823
0.162571
0.208823
0.189692
0.168367
0.130518
0.191387
0.161812
0.160859
0.16442
0.193081
0.203719
0.208823
0.157897
0.101713
0.208823
0.158439
0.176722
0.213657
0.213657
0.213657
0.213657
0.21125
0.110042
0.142264
0.164535
0.093665
0.147668
0.0742439
0.157079
0.213657
0.197311
0.133887
0.185068
0.13733
0.174071
0.164122
0.210354
0.193248
0.213657
0.174928
0.0963842
0.213657
0.170108
0.123646
0.0745177
0.162206
0.18665
0.177845
0.0759843
0.0637753
0.155788
0.138056
0.0955889
0.181584
0.0625134
0.142196
0.221758
0.221758
0.175217
0.218108
0.17064
0.0752396
0.180386
0.144035
0.148302
0.221758
0.19532
0.0906602
0.141716
0.117081
0.112865
0.0808372
0.221758
0.214701
0.221758
0.137308
0.0887185
0.182336
0.174209
0.113203
0.176446
0.165215
0.149094
0.221758
0.206927
0.14642
0.221758
0.0872698
0.0711812
0.145193
0.112659
0.130541
0.214265
0.214265
0.0996656
0.139047
0.13879
0.214265
0.186681
0.136986
0.214265
0.214265
0.213269
0.0794256
0.208959
0.108764
0.101515
0.189409
0.161715
0.141521
0.214265
0.214265
0.17695
0.201443
0.0771148
0.137211
0.146898
0.130343
0.158241
0.214265
0.20005
0.183059
0.149498
0.137477
0.156499
0.158495
0.106583
0.179085
0.210903
0.210903
0.0773427
0.178191
0.130321
0.0908931
0.210903
0.167241
0.210903
0.210903
0.210903
0.170517
0.20955
0.159569
0.149256
0.166361
0.130967
0.122939
0.210903
0.207016
0.150035
0.107529
0.101025
0.158305
0.163008
0.0916996
0.151869
0.210903
0.210903
0.210903
0.103939
0.0974343
0.157519
0.107116
0.130148
0.159846
0.198572
0.112225
0.120379
0.150483
0.0762734
0.142657
0.211415
0.165562
0.114165
0.199383
0.211415
0.132763
0.211415
0.110597
0.131275
0.126556
0.211415
0.211415
0.18243
0.206912
0.211415
0.211415
0.0812029
0.0839603
0.172782
0.207646
0.174937
0.203293
0.211415
0.186287
0.170193
0.0819245
0.119887
0.211114
0.16583
0.141924
0.211114
0.211114
0.137912
0.211114
0.146478
0.10549
0.202808
0.16966
0.211114
0.196416
0.182254
0.150952
0.152285
0.109181
0.131114
0.20771
0.20219
0.211114
0.211114
0.20262
0.15087
0.148182
0.0618497
0.114413
0.123759
0.114285
0.106608
0.185186
0.112128
0.124971
0.211114
0.155199
0.11612
0.206564
0.148034
0.20827
0.20827
0.158653
0.138625
0.17582
0.147126
0.165614
0.191342
0.20827
0.20827
0.20827
0.125467
0.0893559
0.20827
0.205404
0.125268
0.1351
0.135792
0.163434
0.20827
0.0984038
0.115683
0.20827
0.11492
0.160511
0.131173
0.162129
0.127001
0.196071
0.0904159
0.191098
0.19865
0.157062
0.195571
0.197207
0.211586
0.211586
0.211586
0.148484
0.0928355
0.211586
0.211586
0.150227
0.101063
0.142523
0.181969
0.205124
0.115383
0.0842315
0.15231
0.161811
0.185223
0.156726
0.200466
0.194479
0.211586
0.0995426
0.211586
0.208045
0.134452
0.083996
0.130434
0.130882
0.211586
0.194831
0.0588266
0.122321
0.106274
0.137663
0.139539
0.105304
0.191276
0.204236
0.225253
0.170118
0.094015
0.17106
0.19543
0.0942778
0.187174
0.177056
0.170811
0.225253
0.225253
0.127214
0.225253
0.113413
0.0983209
0.179822
0.145587
0.225253
0.200893
0.0626047
0.128261
0.116629
0.131879
0.0682413
0.165836
0.107586
0.225253
0.225253
0.225253
0.0772247
0.192342
0.0699237
0.084778
0.193884
0.17306
0.165092
0.216888
0.216888
0.148233
0.216888
0.0841293
0.128612
0.172506
0.12793
0.140882
0.216888
0.216888
0.186432
0.136448
0.144675
0.0645825
0.188096
0.0980247
0.216888
0.216888
0.207501
0.132632
0.143549
0.0633383
0.122856
0.16321
0.153266
0.216888
0.198069
0.143264
0.216888
0.163762
0.0506187
0.157484
0.19991
0.140428
0.127571
0.216323
0.216323
0.181539
0.106429
0.103246
0.152648
0.216323
0.152036
0.187764
0.191449
0.216323
0.216323
0.144869
0.0996596
0.112798
0.201587
0.113647
0.183806
0.145512
0.0977384
0.216323
0.143128
0.0572903
0.161078
0.171476
0.149242
0.146714
0.192817
0.174419
0.207836
0.216323
0.0546377
0.12757
0.142164
0.212905
0.212905
0.212905
0.199907
0.212905
0.212905
0.0973084
0.0918303
0.203658
0.212905
0.197978
0.209367
0.173277
0.212905
0.212905
0.0837095
0.107144
0.104747
0.200642
0.212905
0.197177
0.161994
0.117248
0.124967
0.0945717
0.103072
0.111143
0.185089
0.212905
0.183103
0.0757666
0.070862
0.0876032
0.12446
0.148194
0.218816
0.218816
0.218816
0.218816
0.188928
0.188025
0.214345
0.061249
0.141781
0.149758
0.11972
0.125576
0.218816
0.15443
0.169172
0.218816
0.146002
0.10882
0.154229
0.218816
0.218816
0.193567
0.117236
0.0997356
0.127976
0.0974813
0.119341
0.121173
0.0955696
0.138658
0.218816
0.155664
0.131774
0.188869
0.150781
0.150927
0.15569
0.143383
0.191544
0.213202
0.147299
0.151705
0.213202
0.109617
0.168189
0.190116
0.213202
0.168441
0.213202
0.103033
0.210687
0.213202
0.210115
0.0893364
0.0976572
0.102675
0.153958
0.213202
0.152671
0.129871
0.189488
0.154185
0.112848
0.173323
0.157697
0.213202
0.207262
0.0973658
0.111903
0.168459
0.127529
0.167414
0.183721
0.205312
0.185736
0.211554
0.106033
0.198578
0.196907
0.162958
0.0889606
0.157487
0.136986
0.211554
0.211554
0.110004
0.142393
0.109817
0.14904
0.0906798
0.128314
0.157815
0.211554
0.174361
0.145984
0.139892
0.171002
0.169816
0.126852
0.163847
0.211554
0.211554
0.177052
0.200477
0.166341
0.136697
0.138262
0.0973926
0.18262
0.114422
0.211845
0.210563
0.0990128
0.11196
0.109376
0.13205
0.0609179
0.143662
0.0922801
0.211845
0.211845
0.192277
0.0900012
0.192399
0.109727
0.157865
0.205548
0.19875
0.211845
0.177946
0.211845
0.190584
0.156632
0.173483
0.0954861
0.19121
0.0703624
0.190826
0.211845
0.184365
0.192245
0.211845
0.139897
0.0681636
0.181117
0.0870393
0.215867
0.215867
0.172397
0.142444
0.18399
0.107528
0.141615
0.15236
0.149131
0.215867
0.211653
0.130122
0.215867
0.14553
0.0697809
0.171305
0.215867
0.0764959
0.189691
0.215867
0.16156
0.18714
0.215867
0.170633
0.125159
0.136003
0.184589
0.132365
0.215867
0.176629
0.185924
0.0942662
0.10794
0.143219
0.203208
0.119566
0.215796
0.180423
0.126361
0.215796
0.138369
0.0679997
0.177116
0.20271
0.143951
0.17583
0.215796
0.191361
0.215796
0.215796
0.0631567
0.155151
0.151704
0.168867
0.134685
0.215796
0.13953
0.188393
0.0953354
0.121001
0.181768
0.150226
0.148617
0.100092
0.215796
0.181642
0.166099
0.148368
0.134851
0.120273
0.140417
0.213696
0.213696
0.213696
0.178268
0.142622
0.129396
0.120596
0.137505
0.166559
0.213696
0.213696
0.188889
0.0521372
0.106314
0.115069
0.153635
0.0797961
0.187815
0.213696
0.192629
0.169379
0.14911
0.191088
0.165436
0.0538249
0.0793758
0.213696
0.113034
0.15545
0.207995
0.204601
0.131139
0.213696
0.204631
0.11742
0.203624
0.218528
0.218528
0.169721
0.0934626
0.123995
0.149275
0.103292
0.10017
0.177815
0.152657
0.149267
0.19007
0.158348
0.146506
0.218528
0.150993
0.101468
0.218528
0.115286
0.17916
0.214238
0.176496
0.112626
0.218528
0.18798
0.0645554
0.127356
0.14407
0.218528
0.218528
0.114747
0.126006
0.215771
0.185477
0.0773951
0.162891
0.14251
0.147883
0.216611
0.180198
0.142657
0.226574
0.150808
0.0753408
0.197735
0.165137
0.226574
0.226574
0.0931679
0.0981046
0.212544
0.150021
0.0776733
0.170471
0.143395
0.226574
0.226574
0.124919
0.107775
0.226574
0.151985
0.0472323
0.168988
0.156504
0.226574
0.226574
0.104832
0.099042
0.193341
0.121071
0.0727242
0.1524
0.151747
0.219149
0.219149
0.142159
0.113333
0.182892
0.170838
0.120202
0.153399
0.219149
0.219149
0.219149
0.195135
0.161543
0.144318
0.148801
0.0629771
0.170118
0.112928
0.219149
0.219149
0.118043
0.114026
0.183565
0.120636
0.121941
0.142009
0.100151
0.214309
0.219149
0.0995349
0.0750713
0.219149
0.219149
0.148424
0.172256
0.187375
0.212602
0.201903
0.212602
0.165055
0.131108
0.155361
0.085923
0.154905
0.0889547
0.187652
0.212602
0.142813
0.212602
0.212602
0.147134
0.118208
0.150159
0.0737388
0.153598
0.212602
0.125549
0.105603
0.212602
0.176333
0.0625945
0.0972767
0.184203
0.212602
0.212602
0.127131
0.212602
0.196921
0.097462
0.143968
0.184139
0.0808072
0.172084
0.211043
0.144182
0.199187
0.211043
0.160494
0.125852
0.111366
0.163879
0.130451
0.211043
0.105453
0.130895
0.0923594
0.115257
0.088832
0.136132
0.175661
0.200085
0.211043
0.143774
0.211043
0.165599
0.0956175
0.182173
0.211043
0.174793
0.200665
0.211043
0.211043
0.211043
0.156721
0.129795
0.15512
0.127716
0.149266
0.132525
0.212535
0.126755
0.124066
0.0939051
0.11705
0.151911
0.118174
0.140221
0.104028
0.212535
0.191708
0.138581
0.145074
0.153124
0.212535
0.212535
0.181527
0.161052
0.212535
0.212535
0.212535
0.139402
0.157363
0.14527
0.125248
0.191874
0.132452
0.157065
0.164971
0.212535
0.212535
0.212535
0.0564639
0.162776
0.19296
0.182684
0.19987
0.12254
0.17588
0.1311
0.0686107
0.0709703
0.205402
0.135647
0.123326
0.18855
0.156748
0.159722
0.205565
0.180051
0.166011
0.174595
0.120447
0.207957
0.207957
0.207957
0.124884
0.198424
0.207957
0.1065
0.207957
0.13343
0.126993
0.122195
0.207957
0.163417
0.207957
0.183362
0.0877322
0.213049
0.130459
0.139279
0.21193
0.15411
0.148691
0.213049
0.165378
0.055883
0.171591
0.172221
0.213049
0.213049
0.116765
0.0943017
0.213049
0.19198
0.137323
0.203552
0.136542
0.142759
0.177178
0.213049
0.174195
0.15755
0.162446
0.127687
0.0576728
0.0978791
0.213049
0.213049
0.16865
0.107077
0.166526
0.209573
0.0844098
0.231883
0.175828
0.231883
0.231883
0.14778
0.103447
0.231883
0.155465
0.0535628
0.210962
0.174139
0.231883
0.231883
0.0944622
0.100329
0.231883
0.163137
0.167056
0.0833588
0.132867
0.231883
0.231883
0.182568
0.111062
0.13901
0.177093
0.128286
0.145551
0.163796
0.179912
0.157037
0.131749
0.0423077
0.0376264
0.0842372
0.0912908
0.204532
0.123145
0.223721
0.223721
0.110581
0.122826
0.205135
0.129142
0.152432
0.127761
0.113778
0.223721
0.223721
0.0988188
0.0972723
0.223721
0.223721
0.139218
0.155345
0.223721
0.139018
0.121913
0.115343
0.0562764
0.0414954
0.0704926
0.22246
0.152013
0.172635
0.183936
0.205256
0.09958
0.215054
0.202642
0.223721
0.165692
0.143479
0.0886727
0.22007
0.22007
0.147878
0.138985
0.22007
0.181479
0.0579127
0.0882545
0.22007
0.22007
0.22007
0.155139
0.22007
0.22007
0.110095
0.217822
0.145781
0.212512
0.147621
0.169559
0.103139
0.22007
0.187353
0.212628
0.0748888
0.101958
0.0762277
0.134506
0.22007
0.0926492
0.107413
0.125767
0.0845062
0.0861244
0.129829
0.205129
0.22288
0.22288
0.173618
0.22288
0.177908
0.100888
0.176453
0.218404
0.189262
0.218819
0.22288
0.171534
0.222301
0.171911
0.116626
0.0719578
0.0968368
0.074231
0.115917
0.185333
0.1039
0.144334
0.134881
0.0665764
0.169629
0.22288
0.076763
0.188287
0.22288
0.150829
0.22288
0.0902536
0.0793525
0.199156
0.212941
0.160875
0.148717
0.189319
0.168407
0.172647
0.137929
0.137082
0.111918
0.113547
0.193491
0.142387
0.156846
0.144451
0.190935
0.210349
0.212941
0.131628
0.200245
0.0624505
0.153596
0.212941
0.130526
0.165011
0.145682
0.113797
0.144385
0.176802
0.147415
0.212941
0.212941
0.101187
0.203834
0.150481
0.181303
0.136283
0.162377
0.0810766
0.173297
0.210882
0.15526
0.137009
0.151744
0.199968
0.0895502
0.163705
0.138856
0.0879665
0.0983196
0.15493
0.180469
0.155919
0.131601
0.210882
0.210882
0.210882
0.179398
0.210882
0.157514
0.168621
0.210882
0.107592
0.12373
0.131698
0.210882
0.210882
0.192917
0.210882
0.210882
0.138718
0.109686
0.103604
0.166032
0.152423
0.114102
0.184047
0.192625
0.201715
0.145436
0.138874
0.107001
0.0818037
0.109629
0.173404
0.215298
0.142319
0.105008
0.147323
0.184219
0.113233
0.141493
0.215298
0.215298
0.215298
0.215298
0.199596
0.211848
0.121334
0.120831
0.145385
0.20553
0.171477
0.215298
0.215298
0.134118
0.124975
0.168669
0.142564
0.109204
0.1612
0.214844
0.230504
0.173607
0.122232
0.139468
0.162067
0.118215
0.167552
0.195945
0.193164
0.175246
0.133794
0.0610281
0.0437374
0.0766903
0.121422
0.148982
0.200414
0.182468
0.230504
0.230504
0.164829
0.16455
0.230504
0.0609561
0.185934
0.151719
0.198635
0.230504
0.222605
0.205948
0.0316239
0.0537614
0.12771
0.157432
0.223599
0.15646
0.155143
0.134699
0.0847754
0.0470585
0.0563457
0.214972
0.124865
0.166973
0.223599
0.223599
0.148877
0.223599
0.172949
0.223599
0.0373957
0.110234
0.114356
0.194747
0.223599
0.223599
0.223599
0.0476331
0.0568682
0.0799546
0.0844304
0.126895
0.217445
0.223599
0.223599
0.186293
0.162834
0.172425
0.212354
0.126886
0.199463
0.200237
0.225808
0.172005
0.225808
0.181752
0.222451
0.0632749
0.0844682
0.0761921
0.143493
0.225808
0.112352
0.0871622
0.105458
0.112165
0.0698436
0.0828139
0.148654
0.223097
0.225808
0.225808
0.214397
0.156657
0.15182
0.0659949
0.117352
0.115446
0.225808
0.225808
0.176291
0.112638
0.205419
0.117721
0.0709033
0.106288
0.0800772
0.131023
0.23239
0.127425
0.120192
0.131865
0.104289
0.161853
0.23239
0.0856516
0.191911
0.23239
0.173399
0.192007
0.0714941
0.082287
0.0883265
0.171336
0.153471
0.224435
0.23239
0.212152
0.158194
0.204008
0.127934
0.178861
0.23239
0.156585
0.225683
0.23239
0.112212
0.193005
0.101876
0.145504
0.12275
0.191359
0.0663317
0.145901
0.218006
0.130996
0.133647
0.121288
0.105801
0.144425
0.179017
0.139298
0.218006
0.218006
0.0957796
0.19931
0.177333
0.157975
0.14859
0.173643
0.11633
0.170231
0.218006
0.13236
0.139308
0.145852
0.150725
0.193732
0.218006
0.0780925
0.148333
0.218006
0.211048
0.188743
0.218006
0.173049
0.204486
0.186996
0.184571
0.144527
0.211773
0.156455
0.152872
0.140858
0.0957073
0.108661
0.110248
0.196315
0.192191
0.178902
0.211773
0.171878
0.114592
0.0879522
0.154799
0.180844
0.128808
0.157669
0.211773
0.211773
0.182642
0.125674
0.211773
0.0687322
0.161415
0.165157
0.211773
0.210164
0.202863
0.0618914
0.143779
0.159133
0.101153
0.129228
0.216259
0.178287
0.216259
0.216259
0.16489
0.168392
0.0999282
0.0893884
0.13639
0.180592
0.169908
0.216259
0.182777
0.162375
0.110137
0.128553
0.0776885
0.156146
0.200548
0.216259
0.216259
0.216259
0.0797209
0.167656
0.172386
0.0988739
0.210874
0.113687
0.149134
0.216259
0.216259
0.150016
0.103795
0.144327
0.0760371
0.137956
0.182167
0.154855
0.22635
0.202666
0.169441
0.131457
0.154757
0.0631103
0.193882
0.121732
0.140847
0.22635
0.178777
0.150064
0.0495165
0.0789905
0.111733
0.22635
0.119493
0.153566
0.22635
0.210094
0.147463
0.111562
0.160992
0.132162
0.21023
0.129345
0.193724
0.22635
0.22635
0.22635
0.145015
0.131979
0.0477503
0.15265
0.111042
0.164092
0.230443
0.211766
0.185147
0.0833968
0.100563
0.0790822
0.103535
0.126552
0.22299
0.230443
0.230443
0.176049
0.152211
0.174195
0.129976
0.217873
0.106737
0.209148
0.230443
0.230443
0.207238
0.182186
0.172889
0.0440226
0.159795
0.105092
0.165956
0.230443
0.124264
0.108159
0.142581
0.118617
0.065853
0.112791
0.145755
0.224218
0.224218
0.224218
0.197515
0.172594
0.180067
0.0681288
0.119785
0.118611
0.223814
0.224218
0.167377
0.105201
0.182238
0.149358
0.055521
0.160441
0.125997
0.174151
0.224218
0.112079
0.154711
0.183703
0.141354
0.0888788
0.0636819
0.157414
0.223799
0.224218
0.115271
0.221239
0.224218
0.128441
0.0710771
0.152581
0.129465
0.174953
0.222504
0.164769
0.117234
0.16382
0.127954
0.13292
0.222504
0.143783
0.151554
0.222504
0.122248
0.117581
0.0496168
0.0859644
0.0850211
0.0758878
0.191082
0.213158
0.222504
0.116927
0.222504
0.201574
0.114447
0.140613
0.168464
0.222504
0.180348
0.222504
0.222504
0.13317
0.222504
0.184233
0.134493
0.19142
0.123075
0.157118
0.217122
0.125202
0.125188
0.130942
0.110057
0.177497
0.217122
0.0900588
0.14183
0.206253
0.156441
0.194915
0.217122
0.148156
0.114592
0.179771
0.217122
0.174274
0.217122
0.217122
0.113218
0.212576
0.150956
0.0951995
0.164518
0.107344
0.217122
0.151943
0.188312
0.129469
0.178802
0.128849
0.186289
0.18896
0.131591
0.151207
0.215019
0.215019
0.152316
0.13687
0.215019
0.0827856
0.165291
0.195342
0.215019
0.215019
0.215019
0.0668839
0.168767
0.188124
0.0880529
0.169559
0.152862
0.200237
0.187304
0.16715
0.166328
0.15362
0.175088
0.0770695
0.130029
0.0963784
0.18579
0.164674
0.215019
0.112177
0.115543
0.136204
0.0884298
0.172202
0.215516
0.215516
0.215516
0.215516
0.0838102
0.160372
0.184299
0.0871413
0.194295
0.124123
0.200945
0.215516
0.171147
0.189677
0.101417
0.155572
0.0808934
0.116411
0.0943602
0.210104
0.215516
0.215516
0.143031
0.141722
0.131858
0.0853575
0.181855
0.135519
0.162614
0.151438
0.18778
0.21117
0.20211
0.0996346
0.100914
0.22408
0.129957
0.189107
0.22408
0.154768
0.174153
0.101956
0.152245
0.125411
0.22408
0.104552
0.167368
0.22408
0.22408
0.22408
0.17597
0.172593
0.0696958
0.179623
0.139872
0.18536
0.216529
0.184303
0.219619
0.177892
0.065466
0.0995011
0.138435
0.0852626
0.177291
0.191171
0.163519
0.157047
0.133631
0.0545952
0.140875
0.226497
0.100678
0.187121
0.226497
0.226497
0.198365
0.218525
0.224179
0.0684953
0.203698
0.128083
0.164096
0.226497
0.112771
0.114055
0.194637
0.162558
0.0926987
0.139535
0.100169
0.200849
0.226497
0.177616
0.122639
0.113621
0.0507007
0.10191
0.192789
0.0631209
0.149391
0.226497
0.126825
0.138722
0.209309
0.129569
0.0852336
0.211718
0.144502
0.180205
0.211718
0.0932101
0.139336
0.211718
0.181154
0.0783321
0.0766196
0.15623
0.211718
0.211718
0.150048
0.197732
0.211718
0.119142
0.101596
0.185995
0.0913461
0.1286
0.211718
0.140864
0.177143
0.211718
0.125997
0.138166
0.126262
0.211718
0.211718
0.191721
0.117268
0.211718
0.211718
0.0768846
0.0761587
0.0931873
0.177751
0.210336
0.210336
0.143418
0.199037
0.190513
0.0979503
0.13141
0.210336
0.210336
0.150433
0.210336
0.210336
0.106834
0.210336
0.197209
0.135487
0.116376
0.183641
0.167462
0.13807
0.111877
0.210336
0.203076
0.0741545
0.184463
0.168808
0.107059
0.122684
0.210336
0.16582
0.141627
0.165952
0.152827
0.112666
0.209806
0.209806
0.15025
0.209806
0.201889
0.120388
0.193608
0.185811
0.10337
0.174846
0.123438
0.209806
0.164149
0.155321
0.150021
0.207658
0.119661
0.155109
0.192296
0.117432
0.112084
0.209806
0.17585
0.155162
0.161485
0.138259
0.155696
0.17246
0.181311
0.209806
0.209806
0.0990989
0.134025
0.194049
0.0441963
0.128356
0.177739
0.164882
0.184691
0.205104
0.182184
0.132724
0.187625
0.198675
0.0967206
0.132234
0.123658
0.157749
0.172137
0.205104
0.17213
0.162311
0.177498
0.0805981
0.110189
0.11009
0.113441
0.176732
0.17727
0.170877
0.168753
0.188357
0.17537
0.205104
0.205104
0.156461
0.195726
0.112523
0.205104
0.205104
0.151582
0.0875474
0.145381
0.117817
0.191872
0.209155
0.209155
0.18327
0.187814
0.158934
0.103422
0.181383
0.138775
0.197509
0.206691
0.154343
0.209155
0.209155
0.13793
0.174183
0.206098
0.172687
0.14657
0.209155
0.146168
0.209155
0.209155
0.178238
0.135544
0.150868
0.0875324
0.114485
0.139073
0.125681
0.158338
0.157502
0.0925182
0.104071
0.213208
0.158408
0.213208
0.213208
0.158651
0.213208
0.210033
0.105427
0.112693
0.201641
0.111191
0.189763
0.213208
0.213208
0.213208
0.21024
0.079543
0.104461
0.184814
0.0955013
0.162649
0.211995
0.160873
0.177558
0.169651
0.0907849
0.0798007
0.181414
0.137283
0.18471
0.180851
0.120678
0.151417
0.132399
0.115014
0.100442
0.19587
0.126976
0.205524
0.213812
0.208351
0.171465
0.138107
0.065121
0.124958
0.213812
0.105089
0.179259
0.213812
0.145701
0.171033
0.213812
0.143162
0.045119
0.198593
0.194642
0.206043
0.1961
0.113826
0.158667
0.124646
0.121061
0.0620454
0.11459
0.202227
0.123659
0.200056
0.213812
0.213812
0.182889
0.133282
0.11346
0.211
0.105087
0.152156
0.211
0.145369
0.184734
0.199558
0.12439
0.118711
0.112013
0.165222
0.187858
0.177529
0.175931
0.202253
0.186233
0.0764302
0.0621555
0.163133
0.211
0.122897
0.156563
0.201431
0.211
0.1508
0.115647
0.157093
0.104409
0.184511
0.138233
0.204914
0.194151
0.164099
0.211
0.211
0.123021
0.115656
0.141468
0.153872
0.141058
0.175301
0.209489
0.184471
0.0721559
0.148514
0.183556
0.155087
0.139016
0.209489
0.15802
0.138596
0.128345
0.201758
0.141543
0.148359
0.209489
0.160283
0.209054
0.170734
0.141398
0.183104
0.197263
0.187297
0.160292
0.209489
0.209489
0.209489
0.187164
0.147657
0.129947
0.0813737
0.132696
0.204399
0.154275
0.125723
0.212417
0.150641
0.157765
0.127899
0.172804
0.169091
0.17088
0.212417
0.181867
0.212417
0.105027
0.130953
0.133123
0.0590015
0.166564
0.17656
0.212417
0.196948
0.201204
0.188063
0.154623
0.117005
0.0699101
0.212417
0.212417
0.178235
0.168608
0.182472
0.204482
0.13813
0.109028
0.117964
0.0887174
0.107577
0.124808
0.123819
0.21053
0.175595
0.155987
0.171058
0.21053
0.147857
0.21053
0.21053
0.158545
0.179732
0.13761
0.21053
0.21053
0.193528
0.0721476
0.124076
0.186941
0.180836
0.201929
0.165253
0.161547
0.138848
0.0877099
0.0846279
0.21053
0.21053
0.119344
0.208522
0.11333
0.131146
0.21053
0.162154
0.134683
0.21047
0.191646
0.158719
0.206549
0.137086
0.21047
0.21047
0.186269
0.148909
0.16123
0.0907658
0.135969
0.15897
0.107524
0.177488
0.153417
0.125008
0.0818052
0.21047
0.21047
0.157136
0.21047
0.155974
0.152926
0.202759
0.147841
0.0588572
0.126809
0.146158
0.126554
0.196766
0.21047
0.20731
0.154064
0.163989
0.137139
0.213055
0.120716
0.194103
0.213055
0.125608
0.20714
0.161576
0.121437
0.0856023
0.201238
0.134864
0.189214
0.188678
0.113903
0.173837
0.146995
0.13143
0.0726111
0.181845
0.199013
0.208208
0.213055
0.213055
0.213055
0.13665
0.137995
0.0637545
0.0978811
0.213055
0.213055
0.213055
0.0950955
0.10479
0.141373
0.184688
0.0474444
0.209477
0.187577
0.207846
0.179879
0.118111
0.168457
0.127833
0.133794
0.0611946
0.108848
0.174214
0.134558
0.1992
0.204033
0.211317
0.163005
0.10057
0.0963495
0.175172
0.208209
0.211317
0.189184
0.113099
0.124409
0.137617
0.139123
0.128049
0.211317
0.14785
0.149497
0.211317
0.189623
0.211317
0.211317
0.185339
0.0668348
0.14721
0.207356
0.139027
0.168218
0.178892
0.215279
0.133076
0.104077
0.184395
0.0879316
0.14103
0.125964
0.206681
0.166844
0.181012
0.215279
0.215279
0.14185
0.215279
0.156398
0.163608
0.21256
0.203399
0.215279
0.215279
0.14767
0.115107
0.0449654
0.107757
0.130851
0.144968
0.0890168
0.13592
0.215279
0.215279
0.16611
0.115835
0.164429
0.148581
0.199835
0.147015
0.168154
0.158358
0.204326
0.116411
0.138861
0.21513
0.21513
0.21513
0.202395
0.143009
0.135412
0.0748331
0.123366
0.0720898
0.0972244
0.156597
0.178742
0.0986232
0.127843
0.21513
0.21513
0.21513
0.21513
0.189136
0.21513
0.21513
0.0713101
0.127478
0.171817
0.139541
0.110606
0.156895
0.212619
0.212619
0.196754
0.178408
0.155424
0.113741
0.0618161
0.212619
0.212619
0.200995
0.159193
0.186312
0.147479
0.107808
0.128758
0.118668
0.212619
0.212619
0.212619
0.206432
0.212619
0.0793703
0.111052
0.145632
0.113144
0.0862743
0.169058
0.177176
0.155245
0.165712
0.0711872
0.180805
0.212619
0.168387
0.0705019
0.136291
0.195579
0.216042
0.216042
0.176097
0.15857
0.1628
0.106003
0.083899
0.216042
0.216042
0.142745
0.216042
0.143605
0.163008
0.216042
0.199723
0.125716
0.183044
0.162244
0.162895
0.216042
0.197605
0.11574
0.119138
0.0865532
0.135203
0.163031
0.160332
0.216042
0.188545
0.11521
0.0957357
0.141033
0.177979
0.0823258
0.210467
0.210467
0.17346
0.210467
0.180912
0.177575
0.210467
0.170913
0.0562701
0.128279
0.171737
0.173889
0.210467
0.207642
0.210467
0.174025
0.18074
0.147407
0.186646
0.172959
0.205451
0.153519
0.141886
0.126733
0.157153
0.154038
0.10593
0.133763
0.128966
0.118679
0.14837
0.191579
0.171231
0.129731
0.129962
0.0792485
0.187069
0.212327
0.212327
0.212327
0.212327
0.212327
0.145684
0.164409
0.0716384
0.116743
0.204509
0.212327
0.212327
0.100027
0.14494
0.156176
0.212228
0.133561
0.133385
0.132881
0.122377
0.162368
0.212327
0.212327
0.197866
0.153987
0.191854
0.172989
0.119371
0.133836
0.176486
0.11608
0.0920325
0.137661
0.123576
0.102523
0.196
0.178512
0.210423
0.202244
0.13035
0.145458
0.131091
0.160853
0.110941
0.210423
0.132222
0.150843
0.210423
0.210423
0.210423
0.210423
0.15077
0.149887
0.142373
0.105264
0.152506
0.170934
0.119021
0.0730704
0.15841
0.117679
0.194657
0.210423
0.141537
0.189388
0.202522
0.210423
0.0920001
0.193807
0.148411
0.128642
0.222322
0.121726
0.158768
0.222322
0.222322
0.216265
0.210419
0.119253
0.1369
0.080374
0.123849
0.119426
0.139744
0.07645
0.164176
0.222322
0.222322
0.133581
0.185538
0.135249
0.21944
0.195402
0.222322
0.0954844
0.198791
0.135739
0.136356
0.160284
0.106078
0.105095
0.114677
0.103659
0.145525
0.222322
0.222322
0.131681
0.096336
0.0891096
0.130612
0.169196
0.0819954
0.144302
0.191037
0.219061
0.219061
0.219061
0.157941
0.200019
0.219061
0.0715993
0.108557
0.146245
0.166806
0.113602
0.210859
0.106443
0.154908
0.199725
0.103439
0.139618
0.219061
0.219061
0.153967
0.219061
0.120062
0.129645
0.219061
0.118075
0.202131
0.142272
0.219061
0.201906
0.226901
0.179367
0.192747
0.226901
0.0856593
0.108796
0.136037
0.136029
0.0923885
0.141382
0.152718
0.169878
0.19614
0.0493239
0.155731
0.226901
0.149795
0.170648
0.226901
0.178353
0.175899
0.226901
0.123597
0.197298
0.141633
0.226901
0.104876
0.178964
0.151267
0.18057
0.194319
0.0619019
0.1192
0.153706
0.111573
0.134772
0.208956
0.147742
0.161199
0.216156
0.168104
0.118519
0.145378
0.115533
0.122354
0.190562
0.162903
0.216156
0.211589
0.110562
0.0981914
0.14513
0.199355
0.0984192
0.167878
0.183563
0.120548
0.20914
0.177856
0.157667
0.16185
0.199112
0.141951
0.216156
0.216156
0.216156
0.210101
0.0467273
0.0651128
0.109032
0.199802
0.13862
0.211232
0.177659
0.211232
0.185794
0.13709
0.111494
0.142203
0.179448
0.101454
0.113182
0.12519
0.143898
0.151717
0.188395
0.174896
0.125585
0.127508
0.154959
0.211232
0.211232
0.211232
0.188115
0.0493251
0.0578043
0.113658
0.207988
0.211232
0.211232
0.211232
0.138557
0.138894
0.168458
0.186906
0.160372
0.211232
0.123711
0.117542
0.128703
0.132524
0.181002
0.20672
0.20672
0.167962
0.152407
0.159532
0.196654
0.149747
0.153418
0.183845
0.125585
0.144792
0.111749
0.136188
0.20672
0.20672
0.200143
0.119136
0.169835
0.196967
0.20672
0.190805
0.20672
0.120043
0.152263
0.118603
0.195556
0.1677
0.176849
0.20672
0.159523
0.0933621
0.13358
0.174906
0.14356
0.153542
0.210532
0.143642
0.124335
0.142522
0.14178
0.173184
0.214791
0.182078
0.214791
0.214791
0.214791
0.0927178
0.214791
0.117633
0.112392
0.120612
0.101115
0.165371
0.17246
0.170468
0.214791
0.164744
0.0903618
0.0671204
0.0844325
0.126586
0.214791
0.214791
0.214791
0.214791
0.214791
0.0834676
0.113006
0.217279
0.152564
0.220193
0.202546
0.220193
0.100994
0.220193
0.116576
0.173198
0.190718
0.130214
0.0989621
0.103786
0.119689
0.190656
0.220193
0.220193
0.059486
0.0638859
0.109428
0.196876
0.182625
0.163023
0.185846
0.159732
0.0834843
0.18037
0.136611
0.220193
0.220193
0.13814
0.128143
0.205582
0.120566
0.17077
0.132199
0.221045
0.134812
0.141225
0.169825
0.116544
0.187298
0.221045
0.221045
0.165792
0.221045
0.103689
0.112867
0.221045
0.117809
0.195101
0.171915
0.221045
0.120937
0.115752
0.208535
0.206245
0.143465
0.123242
0.196947
0.106406
0.116477
0.109067
0.221045
0.200037
0.120699
0.143188
0.0659534
0.150841
0.209962
0.143997
0.192685
0.223468
0.14916
0.164517
0.223468
0.130805
0.198547
0.173341
0.223468
0.142903
0.171116
0.147314
0.187734
0.223468
0.0787933
0.136724
0.152772
0.107317
0.0780056
0.202914
0.223468
0.150586
0.18715
0.0818067
0.181656
0.221945
0.116975
0.0726843
0.132357
0.191015
0.170163
0.197466
0.12284
0.16793
0.155345
0.0929143
0.103357
0.186385
0.174432
0.136451
0.219594
0.163537
0.166341
0.162317
0.203397
0.136073
0.208688
0.219594
0.219594
0.219594
0.0553168
0.0889832
0.132784
0.198112
0.133197
0.146809
0.119715
0.165734
0.211099
0.118184
0.100749
0.12935
0.147152
0.111117
0.207358
0.219594
0.108979
0.17427
0.133256
0.202865
0.219594
0.139597
0.129538
0.20304
0.208444
0.208444
0.197993
0.057879
0.0810619
0.117569
0.185272
0.158469
0.16255
0.193706
0.157389
0.161953
0.193502
0.208444
0.136923
0.150547
0.101991
0.20557
0.208444
0.126447
0.137043
0.11586
0.16823
0.208444
0.126896
0.0974923
0.204449
0.208444
0.207828
0.151364
0.121876
0.20572
0.131045
0.16765
0.164241
0.192948
0.201121
0.148858
0.199871
0.207815
0.207815
0.138179
0.156818
0.083765
0.134924
0.155183
0.198683
0.169775
0.19182
0.207815
0.131631
0.110082
0.121091
0.207815
0.207815
0.207815
0.143711
0.142297
0.207815
0.135366
0.172513
0.0935147
0.128435
0.169251
0.109049
0.126422
0.15756
0.191273
0.194546
0.136875
0.0949831
0.124629
0.170423
0.165766
0.175426
0.182094
0.218064
0.14115
0.113092
0.0755005
0.101256
0.126862
0.218064
0.218064
0.218064
0.218064
0.218064
0.0958566
0.0933258
0.138198
0.192506
0.13061
0.107933
0.170205
0.16729
0.14491
0.129721
0.15727
0.196667
0.14974
0.218064
0.218064
0.206564
0.218064
0.12245
0.145679
0.0736731
0.0848956
0.114544
0.202381
0.201711
0.178071
0.204346
0.174175
0.0983495
0.207897
0.156036
0.207897
0.207897
0.14365
0.133914
0.207897
0.112268
0.186017
0.134386
0.189178
0.118875
0.194218
0.207897
0.182537
0.204129
0.0702452
0.138205
0.180766
0.207897
0.124927
0.190756
0.160289
0.144703
0.207897
0.114648
0.131466
0.166543
0.157217
0.213502
0.213502
0.13951
0.151038
0.213502
0.112665
0.152118
0.133835
0.213502
0.213502
0.12915
0.195824
0.0897221
0.202095
0.213502
0.126893
0.158998
0.213502
0.115076
0.13766
0.145791
0.131263
0.168282
0.118614
0.142052
0.142039
0.159803
0.156883
0.105557
0.194173
0.0813106
0.213502
0.213502
0.192226
0.101258
0.210679
0.210679
0.152068
0.204517
0.109481
0.210679
0.210679
0.129937
0.0952066
0.127176
0.210679
0.210679
0.190835
0.130714
0.181287
0.180307
0.135078
0.111807
0.17944
0.158506
0.124316
0.207895
0.107819
0.187425
0.210679
0.188769
0.117652
0.163865
0.0918798
0.198377
0.184207
0.198819
0.128365
0.106361
0.149114
0.135876
0.166079
0.152055
0.192018
0.224441
0.127347
0.131573
0.170106
0.182883
0.110554
0.194756
0.224441
0.111218
0.220802
0.170957
0.224441
0.224441
0.126853
0.0883742
0.131429
0.121966
0.0925403
0.132615
0.106641
0.224441
0.224441
0.221932
0.0872876
0.173149
0.134401
0.202825
0.177906
0.178613
0.13097
0.173566
0.0696366
0.0951196
0.178741
0.217112
0.131982
0.164889
0.148062
0.213548
0.217112
0.117453
0.0788619
0.198946
0.217112
0.217112
0.217112
0.160955
0.217112
0.14442
0.100827
0.0660604
0.188827
0.110739
0.123087
0.155784
0.156016
0.133839
0.172353
0.0835738
0.0282939
0.12424
0.217112
0.18732
0.217112
0.156817
0.182606
0.217112
0.161869
0.088901
0.200062
0.207826
0.209564
0.19041
0.152507
0.209564
0.116039
0.100966
0.0749637
0.126408
0.18703
0.111008
0.120473
0.159086
0.150707
0.176671
0.139984
0.040759
0.159628
0.186999
0.163091
0.209564
0.16844
0.175246
0.209564
0.186503
0.103449
0.186388
0.207848
0.209564
0.209564
0.195096
0.133553
0.14847
0.175493
0.0816734
0.125621
0.198059
0.115015
0.105607
0.148425
0.124984
0.124972
0.129095
0.127982
0.160896
0.193203
0.207105
0.214897
0.175472
0.214897
0.135464
0.166533
0.0993466
0.19022
0.188364
0.214897
0.214897
0.186074
0.133975
0.154385
0.168185
0.0694845
0.198384
0.187009
0.0984565
0.214897
0.214897
0.202714
0.165991
0.154386
0.141374
0.19638
0.184518
0.193736
0.210429
0.182141
0.210429
0.103963
0.184118
0.188596
0.210429
0.120769
0.18977
0.157313
0.155531
0.210429
0.121089
0.141785
0.0712721
0.206617
0.195707
0.0940617
0.210429
0.210429
0.210429
0.206851
0.169886
0.0775454
0.0951247
0.148339
0.129642
0.196864
0.120775
0.142784
0.110099
0.0765593
0.202399
0.220984
0.122089
0.165466
0.167247
0.169807
0.213549
0.133671
0.177153
0.168185
0.159424
0.169593
0.146606
0.220984
0.146339
0.220984
0.220984
0.215395
0.0755272
0.109534
0.179651
0.156056
0.207476
0.121235
0.134274
0.102197
0.0728686
0.143133
0.111306
0.0937523
0.180482
0.20335
0.143171
0.155168
0.152083
0.220984
0.125899
0.193802
0.165849
0.155278
0.212374
0.164487
0.212374
0.212374
0.212374
0.117168
0.170164
0.101121
0.212374
0.212374
0.212374
0.144664
0.114661
0.162039
0.156362
0.201718
0.117439
0.177925
0.212374
0.130897
0.107457
0.106045
0.18869
0.158835
0.203539
0.10308
0.111618
0.197505
0.100561
0.111196
0.106806
0.212374
