0.146257
0.183773
0.222483
0.195178
0.223862
0.114131
0.249642
0.249642
0.249642
0.0624387
0.0333526
0.0513744
0.0592597
0.0813701
0.059948
0.0909394
0.133443
0.208721
0.140597
0.118006
0.123106
0.114424
0.17315
0.0649193
0.249642
0.249642
0.249642
0.12422
0.0494611
0.0408331
0.076565
0.10991
0.196659
0.223589
0.211061
0.249642
0.161837
0.0687012
0.0430203
0.0428917
0.0833865
0.0779608
0.0725544
0.218385
0.309503
0.0343319
0.0836415
0.0875112
0.0560525
0.0698527
0.0577516
0.0432279
0.069986
0.0219061
0.297873
0.12528
0.0620376
0.122528
0.184738
0.274031
0.309503
0.309503
0.309503
0.0180519
0.100129
0.173168
0.214997
0.107904
0.293512
0.241026
0.0823601
0.0082425
0.0657377
0.12572
0.0772394
0.0595953
0.0725255
0.0475507
0.0332553
0.0448135
0.0151934
0.25907
0.263215
0.10116
0.157946
0.228665
0.0941917
0.171575
0.263215
0.263215
0.0511156
0.144652
0.150232
0.137623
0.0746409
0.185025
0.189535
0.0757017
0.00612742
0.263215
0.263215
0.180365
0.185015
0.191943
0.0833891
0.191499
0.23901
0.263215
0.269477
0.269477
0.140824
0.173428
0.2399
0.0948132
0.174464
0.269477
0.269477
0.155438
0.129661
0.0306089
0.0576733
0.0957957
0.0264741
0.040088
0.053151
0.0684966
0.269477
0.269477
0.245892
0.193732
0.201114
0.0823597
0.180342
0.232288
0.269477
0.113388
0.108753
0.0260003
0.0416806
0.112255
0.0266809
0.0344338
0.0396637
0.0753311
0.08274
0.0781898
0.0339678
0.0367603
0.0505451
0.0160624
0.0278602
0.0199928
0.0432669
0.315503
0.186324
0.0686524
0.381292
0.381292
0.00900073
0.0301972
0.0575257
0.248313
0.0518591
0.0727466
0.0245488
0.0283629
0.0846033
0.0266186
0.016125
0.0235517
0.0202502
0.296588
0.169829
0.0732917
0.381292
0.381292
0.0356721
0.17857
0.107616
0.0825033
0.256647
0.146342
0.050317
0.331658
0.331658
0.0125107
0.0241226
0.0594255
0.238005
0.0615066
0.0720526
0.0543019
0.0803646
0.143947
0.0314094
0.0212414
0.0625209
0.0613114
0.238851
0.14016
0.0692027
0.331658
0.331658
0.0357797
0.105055
0.0839634
0.0861314
0.149505
0.10715
0.160255
0.291277
0.261429
0.0457641
0.091502
0.157403
0.0697095
0.1217
0.114591
0.072452
0.0865138
0.175924
0.0778306
0.0505389
0.170041
0.172247
0.13637
0.0984108
0.0309341
0.0821656
0.179815
0.0651239
0.04501
0.0851429
0.127138
0.248014
0.201027
0.248014
0.248014
0.248014
0.149032
0.143499
0.248014
0.233227
0.196519
0.198284
0.0906492
0.207697
0.248014
0.18232
0.107644
0.234151
0.165995
0.181003
0.118565
0.0809082
0.103251
0.214042
0.0818897
0.295655
0.21061
0.303893
0.153936
0.0472519
0.0344581
0.075342
0.12912
0.142803
0.213595
0.15913
0.303893
0.0406642
0.142893
0.14809
0.0843387
0.115646
0.250651
0.303893
0.263679
0.062303
0.0372743
0.0492396
0.0966553
0.168699
0.145082
0.118782
0.193926
0.118906
0.0677174
0.27213
0.0929924
0.0442349
0.115805
0.183275
0.153437
0.246787
0.24839
0.27213
0.0156284
0.0921628
0.180586
0.222491
0.104333
0.169832
0.152652
0.0729607
0.0202784
0.0795413
0.13414
0.127599
0.27213
0.21254
0.133056
0.201573
0.162608
0.119153
0.128931
0.2176
0.170611
0.27213
0.200362
0.0716059
0.0784072
0.0490802
0.093572
0.0530095
0.137448
0.161362
0.188499
0.0886981
0.122578
0.138017
0.0748427
0.012153
0.246982
0.217616
0.166689
0.177723
0.176861
0.0994915
0.199339
0.185213
0.250924
0.0916847
0.183921
0.187383
0.250924
0.191325
0.0782152
0.0925217
0.072615
0.0780226
0.192444
0.206726
0.121483
0.113293
0.113094
0.105522
0.250924
0.250924
0.250924
0.263231
0.263231
0.233933
0.210143
0.213148
0.120746
0.216035
0.207724
0.263231
0.100934
0.114223
0.0276616
0.0414197
0.103999
0.0297372
0.0410525
0.040715
0.0861962
0.215203
0.25386
0.204367
0.199
0.166406
0.175913
0.263231
0.263231
0.263231
0.0568306
0.0881944
0.0497822
0.0676325
0.0594068
0.0452244
0.0822638
0.0599821
0.050911
0.0500492
0.0837986
0.0250466
0.0373836
0.0893608
0.0311726
0.0223939
0.0360444
0.0226708
0.271253
0.167299
0.105631
0.386562
0.386562
0.0305468
0.116594
0.0689012
0.0604238
0.0328428
0.0827106
0.0446215
0.0818626
0.0945219
0.0511178
0.0857589
0.0491742
0.0295222
0.310138
0.3171
0.0501103
0.376171
0.386562
0.0543829
0.0918192
0.0447898
0.016876
0.193633
0.120555
0.0766243
0.328277
0.328277
0.0385483
0.0759631
0.0796579
0.064725
0.134083
0.108694
0.157248
0.259189
0.258814
0.0808349
0.101164
0.193718
0.0653548
0.257496
0.281189
0.0439881
0.326715
0.328277
0.0434356
0.0704248
0.0402916
0.0173771
0.0453008
0.0466862
0.0640886
0.111672
0.120669
0.108241
0.195184
0.0692322
0.0310873
0.153809
0.132751
0.209204
0.229202
0.229202
0.159842
0.135473
0.229202
0.157112
0.137222
0.180562
0.109297
0.151485
0.149339
0.0779403
0.0856874
0.149233
0.137807
0.111791
0.0713574
0.0912908
0.163523
0.171636
0.155822
0.229202
0.145677
0.183956
0.1724
0.229202
0.229202
0.191168
0.206154
0.103898
0.127172
0.13464
0.229202
0.0505158
0.120036
0.164605
0.163333
0.175458
0.257664
0.31843
0.230273
0.0495066
0.047442
0.0493511
0.120213
0.154028
0.168155
0.0953658
0.198459
0.130882
0.113644
0.0197786
0.0361629
0.118715
0.31843
0.31843
0.262077
0.155038
0.0707516
0.102157
0.071148
0.0350324
0.0897437
0.138306
0.150256
0.0464008
0.0419871
0.193495
0.31843
0.103814
0.135006
0.214858
0.26809
0.26809
0.106263
0.198261
0.186771
0.207959
0.0957429
0.183436
0.171346
0.26809
0.225898
0.0455748
0.0754187
0.0469346
0.0970377
0.114834
0.055721
0.180982
0.195971
0.224613
0.088789
0.0825474
0.26809
0.26809
0.117308
0.210836
0.12974
0.118733
0.171629
0.0400642
0.0916216
0.0961478
0.0608968
0.0648709
0.149762
0.16653
0.278959
0.193562
0.0481427
0.073796
0.0584767
0.0612527
0.161892
0.162388
0.116996
0.0957288
0.111455
0.0993773
0.246554
0.278959
0.278959
0.111002
0.144557
0.107993
0.123873
0.19842
0.0346681
0.0714965
0.0746198
0.0528213
0.278959
0.101194
0.0537836
0.158477
0.278959
0.0161553
0.192896
0.278959
0.278959
0.170633
0.206188
0.186023
0.146948
0.162315
0.154028
0.281142
0.281142
0.281142
0.0586308
0.0875314
0.0442904
0.0448135
0.0436101
0.0423784
0.0646817
0.0522288
0.0463401
0.281142
0.12814
0.0962688
0.212825
0.281142
0.0328961
0.221515
0.281142
0.281142
0.17113
0.0775804
0.0525443
0.0963554
0.199787
0.0561865
0.0569135
0.0910636
0.133799
0.0543101
0.0968805
0.0420517
0.0615826
0.0796627
0.0550882
0.0785357
0.0522742
0.0318051
0.322901
0.308499
0.0472335
0.322901
0.322901
0.0393525
0.0664836
0.0403552
0.0265107
0.215298
0.202026
0.0932499
0.0759853
0.155297
0.0584988
0.0652325
0.0952142
0.107716
0.322901
0.322901
0.146591
0.172556
0.322901
0.0399769
0.0315648
0.0827771
0.129246
0.307161
0.295696
0.0373125
0.307699
0.31109
0.0469247
0.0787621
0.0517516
0.0284857
0.0319552
0.0542503
0.0612536
0.110577
0.131607
0.138057
0.225853
0.0908121
0.0258881
0.31109
0.31109
0.189887
0.154847
0.31109
0.0298918
0.0428225
0.110768
0.201244
0.00970787
0.0308943
0.121496
0.189375
0.179151
0.065476
0.0411243
0.0212696
0.0340932
0.0649705
0.0557347
0.0668384
0.129814
0.157106
0.170123
0.251615
0.159168
0.138091
0.139053
0.241738
0.259914
0.259914
0.259914
0.115841
0.148861
0.132211
0.259914
0.024386
0.0326689
0.162629
0.245775
0.259914
0.0672982
0.0623281
0.0560621
0.0658177
0.0292914
0.0550318
0.0636447
0.259914
0.259914
0.254651
0.109368
0.0820898
0.102025
0.0425427
0.0544546
0.201877
0.331633
0.331633
0.331633
0.187128
0.0736711
0.130296
0.128335
0.0506525
0.15969
0.176337
0.173634
0.0676076
0.0480433
0.257751
0.331633
0.0373827
0.029277
0.0290104
0.0529019
0.145823
0.0604757
0.0162688
0.0272788
0.115393
0.329066
0.0184224
0.00761967
0.0173952
0.033853
0.00872174
0.0137028
0.111876
0.331633
0.18205
0.0753412
0.301164
0.182202
0.236495
0.107134
0.0874093
0.373743
0.373743
0.096763
0.204503
0.135384
0.121881
0.202941
0.0455604
0.0957624
0.0891085
0.0387064
0.373743
0.0295118
0.0182019
0.0330415
0.0484416
0.00724246
0.0205874
0.162152
0.373743
0.0659146
0.0505402
0.0585038
0.033296
0.0401797
0.0473585
0.0719243
0.0580063
0.0450295
0.0954654
0.145111
0.126574
0.108835
0.191986
0.0380492
0.0819172
0.0713884
0.0404663
0.31445
0.123622
0.0838578
0.138878
0.269351
0.0227826
0.241833
0.321373
0.321373
0.0832849
0.0747002
0.0816087
0.0541816
0.0589997
0.0278516
0.0418614
0.0479185
0.030531
0.321373
0.1133
0.0625433
0.147405
0.321373
0.0293383
0.0441669
0.170696
0.321373
0.237159
0.119741
0.106665
0.129516
0.261025
0.0275675
0.193963
0.269145
0.269145
0.11611
0.0709368
0.0391807
0.069872
0.149951
0.0387009
0.0442253
0.0701856
0.10775
0.269145
0.125204
0.0802703
0.141911
0.269145
0.0220052
0.0366558
0.104713
0.269145
0.269145
0.269145
0.142788
0.128384
0.269145
0.00764481
0.00629891
0.0435717
0.232194
0.213928
0.20085
0.127145
0.0871184
0.16697
0.0594257
0.0707737
0.0863856
0.0984372
0.274575
0.274575
0.173909
0.18987
0.274575
0.0454657
0.0444546
0.0710316
0.121611
0.274575
0.274575
0.199838
0.169767
0.274575
0.0268626
0.0171902
0.0364946
0.123231
0.115246
0.274575
0.180023
0.0883705
0.16483
0.164457
0.139733
0.0534538
0.0475972
0.298819
0.298819
0.298819
0.232238
0.298819
0.0554118
0.0805639
0.128785
0.23236
0.00878191
0.0520819
0.171016
0.257897
0.26715
0.0926194
0.0610682
0.0365675
0.0386184
0.100356
0.297557
0.28306
0.12825
0.120778
0.192646
0.142912
0.0700644
0.0721792
0.00736871
0.00907647
0.125682
0.0878994
0.0806962
0.109159
0.0611362
0.0185745
0.010486
0.0225629
0.046768
0.206339
0.337499
0.349396
0.108736
0.107938
0.113065
0.100937
0.0293727
0.0618906
0.0867016
0.349396
0.349396
0.349396
0.198465
0.159251
0.177388
0.00890573
0.0168479
0.157254
0.122015
0.11185
0.113504
0.0495686
0.0275153
0.013867
0.0537215
0.148612
0.157044
0.222663
0.166706
0.0385878
0.0138774
0.011953
0.00576997
0.0637735
0.0434892
0.0466927
0.0498051
0.0720608
0.0990032
0.0249342
0.0401162
0.163899
0.462633
0.029318
0.0115062
0.0191425
0.0309096
0.0178058
0.0212637
0.198232
0.462633
0.0638275
0.0266565
0.0263486
0.0394562
0.0461875
0.0311385
0.0290852
0.0370935
0.105578
0.462633
0.0339682
0.0109554
0.0215739
0.0371874
0.0113685
0.0170309
0.14053
0.462633
0.465612
0.0385305
0.0221436
0.0249539
0.0409749
0.0094579
0.0188346
0.202525
0.465612
0.0581384
0.0429722
0.0729357
0.0467518
0.047105
0.0600736
0.0759777
0.0621707
0.0303819
0.465612
0.0398169
0.0141268
0.0216054
0.0367624
0.00959567
0.0140939
0.125878
0.465612
0.0601644
0.142604
0.0408369
0.0333877
0.0705707
0.0270327
0.0349016
0.042597
0.0523581
0.102863
0.0961591
0.12779
0.0701429
0.0619088
0.0406096
0.0547834
0.0602203
0.0329555
0.329091
0.169223
0.104838
0.156982
0.329091
0.072504
0.0723046
0.292741
0.329091
0.0435603
0.100961
0.0574639
0.0398746
0.0700387
0.0434419
0.0406896
0.0406459
0.0195775
0.265236
0.278247
0.0574655
0.0609531
0.217656
0.145606
0.165466
0.27177
0.329091
0.279843
0.140202
0.0996164
0.113848
0.224426
0.0381604
0.0473609
0.125263
0.279843
0.279843
0.279843
0.129848
0.144409
0.279843
0.00684061
0.00607403
0.0518154
0.211309
0.132311
0.171929
0.0518269
0.0484815
0.140042
0.099633
0.0861901
0.115493
0.208594
0.279843
0.153728
0.00664955
0.25348
0.279843
0.0187389
0.0298275
0.0558561
0.127183
0.305655
0.305655
0.248991
0.213515
0.305655
0.0226803
0.0181634
0.0350241
0.103621
0.0941551
0.277234
0.240994
0.120418
0.170636
0.134295
0.104427
0.0442643
0.0517721
0.305655
0.187435
0.0171875
0.305655
0.305655
0.0407557
0.0302569
0.0428838
0.0640216
0.0797051
0.0624871
0.0330337
0.0720421
0.166098
0.0581871
0.0574441
0.0460545
0.0343865
0.130535
0.284082
0.284082
0.284082
0.248263
0.284082
0.237604
0.131747
0.105788
0.0115215
0.0173863
0.284082
0.19461
0.178259
0.220164
0.129267
0.0840335
0.0295911
0.0352656
0.0982242
0.0800131
0.0957671
0.126055
0.151587
0.133953
0.113667
0.0774323
0.00998885
0.00308156
0.0177297
0.0923475
0.234038
0.213205
0.132611
0.208263
0.131425
0.0132033
0.0327865
0.244986
0.244575
0.214425
0.2441
0.125065
0.129837
0.0408363
0.110109
0.215492
0.244986
0.244986
0.244986
0.0824205
0.0537294
0.0578956
0.0601868
0.011573
0.00454991
0.0222462
0.123414
0.244986
0.244986
0.144593
0.244986
0.166945
0.0487753
0.0710365
0.0549553
0.128244
0.244986
0.244986
0.164762
0.22481
0.120796
0.0558164
0.0246671
0.0336254
0.0400521
0.0473378
0.0288863
0.0291227
0.0332167
0.0967766
0.47953
0.0359849
0.0175121
0.0280218
0.0428228
0.0101602
0.0174257
0.122575
0.47953
0.0143082
0.0218369
0.0359452
0.0728631
0.089795
0.0450854
0.0431919
0.0349071
0.0346103
0.47953
0.0447873
0.0368958
0.0333776
0.0658681
0.00510731
0.016355
0.0944812
0.47953
0.464507
0.0409562
0.0210097
0.0287471
0.0418212
0.0123485
0.0146978
0.109464
0.464507
0.0729849
0.100369
0.0470445
0.0467878
0.0833898
0.0402252
0.0278558
0.0443161
0.0480959
0.437219
0.0430791
0.0673634
0.0316476
0.0657799
0.00907455
0.0167415
0.0924895
0.464507
0.117269
0.15089
0.148538
0.0877881
0.0922105
0.0332797
0.0265286
0.0295198
0.113803
0.0474513
0.0803465
0.0610602
0.0405551
0.0691192
0.0397133
0.0339589
0.041017
0.016849
0.30605
0.238325
0.0712898
0.0567313
0.196459
0.121528
0.0890824
0.233901
0.319198
0.068338
0.132606
0.144446
0.066722
0.0901529
0.033232
0.0369595
0.0351877
0.0346944
0.318305
0.319198
0.0796737
0.145239
0.319198
0.0269727
0.0461835
0.319198
0.319198
0.163025
0.167695
0.0685946
0.0441474
0.133519
0.0822573
0.0596307
0.109286
0.254159
0.29691
0.0928034
0.0121469
0.267592
0.29691
0.018542
0.0217929
0.0545852
0.117649
0.175127
0.242733
0.0690637
0.0954481
0.25303
0.0260795
0.0376026
0.186778
0.29691
0.19935
0.117149
0.138253
0.281619
0.29691
0.0323325
0.0256182
0.0743386
0.140504
0.357875
0.134567
0.032362
0.357875
0.357875
0.0346313
0.0312421
0.0437158
0.0414379
0.0689121
0.0490861
0.0290199
0.0800208
0.176964
0.0309843
0.0283657
0.0454404
0.0403994
0.284602
0.203376
0.249002
0.357875
0.357875
0.0489021
0.0340736
0.0547949
0.0600157
0.0181515
0.0165077
0.0159947
0.111368
0.245345
0.119177
0.025999
0.0222677
0.0116871
0.0482994
0.136275
0.092328
0.112032
0.163337
0.127797
0.116667
0.162414
0.102603
0.0141904
0.0163416
0.0202673
0.113187
0.288307
0.288307
0.196702
0.288307
0.151496
0.0275317
0.0554519
0.0600379
0.281906
0.288307
0.288307
0.0643534
0.0690116
0.0392099
0.00916496
0.038734
0.0753562
0.288307
0.288307
0.288307
0.109162
0.0831227
0.0274446
0.0111617
0.0136132
0.0158316
0.10089
0.263783
0.270803
0.159568
0.267728
0.117146
0.0427783
0.0239015
0.0332752
0.0656315
0.275452
0.248947
0.171921
0.213632
0.147322
0.00841185
0.0331899
0.0640848
0.275452
0.275452
0.275452
0.0827766
0.0565977
0.0305073
0.0197444
0.0493801
0.0478875
0.275452
0.275452
0.275452
0.0757664
0.0781473
0.0666276
0.0110094
0.0184785
0.0318273
0.0720921
0.107742
0.0673598
0.0413649
0.0343086
0.0327539
0.348543
0.0371834
0.0458745
0.0450259
0.0765974
0.0167939
0.0548153
0.204175
0.43434
0.0205717
0.0131048
0.0102463
0.11599
0.255881
0.0657903
0.0356311
0.0260134
0.00933886
0.216697
0.0281316
0.0633664
0.0851724
0.138237
0.0654467
0.247037
0.43434
0.43434
0.314563
0.0351174
0.0549853
0.0479021
0.077888
0.0276007
0.0508541
0.179857
0.370334
0.113807
0.128594
0.132238
0.0938792
0.0914314
0.0419113
0.0250965
0.0474782
0.110068
0.173768
0.0290565
0.0611757
0.106425
0.158573
0.0746704
0.181834
0.370334
0.370334
0.172112
0.213807
0.0915622
0.14398
0.104344
0.01389
0.0674603
0.271553
0.238062
0.067058
0.111258
0.113234
0.0631267
0.0771226
0.0325827
0.0335632
0.0392888
0.0344357
0.303897
0.300022
0.0850403
0.122178
0.266483
0.0165377
0.0579178
0.303897
0.303897
0.115525
0.152745
0.0808556
0.115731
0.0676879
0.0130344
0.0233483
0.0374718
0.0629323
0.249186
0.303897
0.216349
0.116373
0.130116
0.0193077
0.0866111
0.303897
0.303897
0.201758
0.23316
0.0790006
0.0855119
0.191255
0.0151
0.0441588
0.16785
0.258378
0.160429
0.12455
0.0929958
0.258378
0.258378
0.0210841
0.0239644
0.0702186
0.129884
0.215858
0.255205
0.142568
0.10323
0.122716
0.0156867
0.0476354
0.243979
0.258378
0.243837
0.258378
0.104417
0.127514
0.258378
0.0314001
0.0318232
0.148054
0.144322
0.258587
0.234312
0.178345
0.336402
0.336402
0.0333142
0.0329914
0.0576566
0.0533744
0.0106794
0.0161031
0.0174545
0.0957283
0.217284
0.075502
0.0233961
0.0245478
0.0135588
0.336402
0.336402
0.172863
0.231485
0.336402
0.0500823
0.0513097
0.151016
0.213975
0.00654502
0.0166811
0.0634341
0.080438
0.176914
0.0811864
0.0366484
0.0264596
0.0136432
0.0278022
0.0475874
0.0548611
0.232541
0.284465
0.23477
0.0669051
0.0765798
0.0396378
0.0142001
0.0469035
0.0745506
0.284465
0.284465
0.253043
0.129858
0.0893396
0.0168121
0.0193983
0.0395147
0.199687
0.264087
0.284465
0.264948
0.0964969
0.0764538
0.043151
0.0451651
0.0438342
0.0897689
0.263357
0.284465
0.284465
0.0843264
0.0479741
0.0254595
0.013576
0.0438567
0.0731695
0.281119
0.291666
0.263382
0.109808
0.0655079
0.0221286
0.0232599
0.0613732
0.0667789
0.223226
0.291666
0.291666
0.101014
0.111845
0.0971252
0.0314727
0.0276898
0.0753316
0.272234
0.291666
0.252174
0.057184
0.0532279
0.0261467
0.0126772
0.0582676
0.0638533
0.210523
0.291666
0.291666
0.112071
0.0897655
0.040635
0.0138303
0.00981576
0.00826122
0.114685
0.288606
0.0995001
0.0286456
0.0264606
0.00636603
0.14504
0.0290799
0.0705019
0.0913654
0.138085
0.0726987
0.287082
0.334007
0.334007
0.00955428
0.0111387
0.0102233
0.0751953
0.334007
0.255695
0.0356504
0.0135579
0.00240364
0.0533859
0.00479425
0.0150608
0.0536927
0.311542
0.286249
0.0743808
0.334007
0.200497
0.0933538
0.0262749
0.0469854
0.0891924
0.123216
0.0732427
0.193286
0.258883
0.258883
0.116924
0.147915
0.07198
0.125554
0.105601
0.0236982
0.0901072
0.25375
0.170199
0.0833628
0.0221236
0.0144258
0.038729
0.218031
0.24596
0.176194
0.258883
0.208982
0.258883
0.220624
0.0228251
0.0691072
0.17261
0.0896371
0.258883
0.258883
0.258883
0.0867187
0.116825
0.061102
0.102005
0.0699534
0.0173706
0.0521122
0.0928356
0.0633527
0.24503
0.24503
0.161967
0.105329
0.0856108
0.017549
0.104639
0.24503
0.24503
0.236317
0.178947
0.0194381
0.0599241
0.130384
0.0682695
0.24503
0.24503
0.24503
0.158748
0.24503
0.24503
0.233292
0.183999
0.0583726
0.174045
0.24503
0.164803
0.225692
0.225692
0.134341
0.115574
0.113952
0.0162553
0.0588635
0.225692
0.225692
0.225692
0.225692
0.118578
0.131746
0.225692
0.0272539
0.0350242
0.142553
0.15361
0.178449
0.225692
0.17274
0.216655
0.225692
0.0560317
0.123096
0.221669
0.170422
0.169445
0.225692
0.161645
0.195421
0.225692
0.0566646
0.037638
0.0685962
0.0825387
0.296121
0.296121
0.187289
0.230632
0.296121
0.0466646
0.0327254
0.149158
0.236513
0.00640533
0.0147564
0.056321
0.0833739
0.197627
0.0709342
0.0402517
0.0249867
0.0169126
0.296121
0.296121
0.156577
0.296121
0.296121
0.100708
0.0401054
0.119907
0.199192
0.00806982
0.0143781
0.0404083
0.089492
0.215463
0.10806
0.031765
0.0084814
0.00806162
0.017267
0.0378195
0.143848
0.246141
0.318793
0.215402
0.101536
0.069502
0.0539533
0.0312925
0.03509
0.0734093
0.207551
0.318793
0.219419
0.105058
0.0580271
0.030099
0.0301153
0.0480663
0.102638
0.25606
0.318793
0.318793
0.0725786
0.031153
0.0368262
0.0189941
0.0403345
0.0736896
0.28595
0.318793
0.211838
0.08274
0.0422852
0.0256806
0.0257399
0.0341818
0.0732455
0.217502
0.344234
0.215429
0.0851344
0.0644916
0.0316132
0.0275262
0.0634328
0.0825716
0.170592
0.344234
0.225739
0.0761408
0.0855297
0.052348
0.0251906
0.0537306
0.0825391
0.292293
0.344234
0.202839
0.103213
0.0530877
0.0335569
0.0356427
0.0344317
0.0763745
0.29557
0.344234
0.220268
0.0612833
0.0518769
0.0552619
0.0106199
0.0150406
0.0162613
0.131691
0.313836
0.282764
0.0407908
0.0244584
0.00614139
0.0679468
0.00870695
0.0229003
0.123525
0.313836
0.313836
0.104188
0.313836
0.233174
6.06141e-05
0.0154997
0.0255205
0.181196
0.313836
0.210141
0.0610112
0.0188169
0.00758282
0.00348589
0.0140759
0.0254758
0.20086
0.313836
0.313836
0.0298967
0.0227648
0.00376571
0.0623383
0.0238852
0.0157566
0.0647398
0.254295
0.200865
0.168374
0.254295
0.19478
0.238177
0.206554
0.0180642
0.0810231
0.186909
0.0929939
0.254295
0.254295
0.254295
0.0444297
0.0123645
0.0168326
0.133883
0.254295
0.19276
0.0379627
0.108272
0.216464
0.103536
0.032308
0.0218657
0.0794027
0.250956
0.102135
0.0883574
0.254295
0.254295
0.177857
0.149752
0.0146419
0.0592139
0.116921
0.06054
0.236619
0.251706
0.251706
0.166065
0.251706
0.251706
0.251706
0.177559
0.0526602
0.109388
0.153814
0.092002
0.098222
0.0267977
0.0183938
0.0676335
0.135317
0.0695924
0.0722083
0.251706
0.251706
0.130887
0.251706
0.251706
0.251706
0.251706
0.0524886
0.0252179
0.03718
0.0214835
0.218363
0.235844
0.235844
0.235844
0.235844
0.06805
0.106557
0.205094
0.181946
0.201724
0.235844
0.223973
0.235844
0.235844
0.0747988
0.0484294
0.080575
0.119188
0.12845
0.235844
0.235844
0.235844
0.235844
0.06804
0.0329952
0.0421645
0.0235477
0.043846
0.0786478
0.0819471
0.170496
0.235844
0.0717138
0.0235607
0.00615369
0.00491049
0.289029
0.289029
0.289029
0.289029
0.289029
0.150073
0.0566214
0.210098
0.289029
0.00692826
0.0134442
0.0368129
0.138414
0.289029
0.149293
0.0455329
0.0139889
0.0162738
0.0629297
0.0822061
0.0741165
0.20015
0.289029
0.152101
0.0538904
0.0105849
0.00923023
0.00472933
0.0117272
0.0440337
0.187079
0.289029
0.0988773
0.0527462
0.0218266
0.00935242
0.016359
0.0379023
0.0666423
0.248235
0.308887
0.290195
0.0680528
0.0297451
0.0469058
0.0102507
0.0315635
0.0629161
0.270639
0.308887
0.210366
0.111998
0.0466481
0.0224461
0.0090507
0.0318614
0.09661
0.282217
0.308887
0.232232
0.0910586
0.0337969
0.0214896
0.0132738
0.0350458
0.0964756
0.234335
0.308887
0.308887
0.0732337
0.0161306
0.0176824
0.0195879
0.0499763
0.0743864
0.267748
0.331439
0.215356
0.121762
0.0533729
0.0292331
0.0476232
0.0366081
0.0786638
0.267181
0.331439
0.152572
0.045749
0.0426627
0.0503571
0.0150671
0.0278047
0.10731
0.253191
0.331439
0.325986
0.0648245
0.0202435
0.0295152
0.0143104
0.0329811
0.0733176
0.263467
0.331439
0.194568
0.043567
0.0159192
0.0145071
0.000125343
0.00862292
0.0277036
0.21299
0.336076
0.246004
0.0544377
0.0171476
0.0120492
0.00362509
0.0137288
0.0226326
0.261358
0.336076
0.336076
0.0349564
0.0124434
0.00414996
0.00334286
0.0140417
0.0720215
0.172163
0.336076
0.256103
0.0297753
0.0101158
0
0.0093472
0.0267478
0.0172231
0.316585
0.336076
0.220019
0.0498894
0.0252588
0.0157094
0.0450662
0.0135561
0.0168509
0.20185
0.314173
0.234417
0.0456457
0.114877
0.241072
0.107969
0.0361165
0.0249145
0.140999
0.314173
0.185713
0.0792469
0.306385
0.314173
0.00486736
0.0244901
0.0159507
0.200559
0.314173
0.176295
0.0522073
0.0294938
0.0242288
0.00501337
0.00302081
0.0114134
0.211807
0.314173
0.192959
0.0424866
0.0624979
0.0494701
0.112084
0.0291264
0.0184305
0.136287
0.293285
0.140037
0.0728146
0.293285
0.293285
0.188596
0.293285
0.293285
0.293285
0.293285
0.0725873
0.00713129
0.0113224
0.00979002
0.00410898
0.00286423
0.0134147
0.174526
0.293285
0.154058
0.0444441
0.0573087
0.0481944
0.00599334
0.056253
0.0896375
0.249919
0.271373
0.0579714
0.02752
0.00758161
0.00538461
0.209234
0.303038
0.303038
0.303038
0.303038
0.111217
0.021236
0.0216506
0.0118803
0.0492959
0.0953551
0.125267
0.303038
0.303038
0.140005
0.0410689
0.00726402
0.00926908
0.00578387
0.0665522
0.1191
0.303038
0.303038
0.0900849
0.0349076
0.00798563
0.00606778
0.00508007
0.0135614
0.0162021
0.168078
0.303038
0.101153
0.0244522
0.00415295
0.00342127
0.026535
0.0645096
0.166505
0.31517
0.31517
0.276179
0.0914905
0.0223419
0.0220773
0.00624332
0.0135985
0.0642892
0.315087
0.31517
0.187909
0.0874167
0.0484645
0.0149089
0.0171729
0.0100923
0.0228953
0.299295
0.31517
0.181907
0.049254
0.00811627
0.005829
0.0146341
0.0117093
0.074777
0.249713
0.31517
0.180179
0.0454567
0.0549436
0.0631962
0.00711035
0.0219244
0.0952092
0.293844
0.324036
0.2469
0.0887826
0.0416555
0.0186642
0.0150641
0.0397525
0.0884116
0.226663
0.324036
0.324036
0.0922081
0.0151463
0.00949778
0.0268392
0.0137611
0.0776635
0.25849
0.324036
0.208121
0.0637698
0.0484831
0.0455875
0.0237483
0.0321349
0.0231373
0.241024
0.324036
0.221811
0.0439741
0.0143992
0.0343735
0.016094
0.0266993
0.0972
0.247025
0.328531
0.328531
0.0771919
0.0186794
0.0199548
0.019259
0.0407154
0.0621092
0.252464
0.328531
0.197138
0.0678487
0.0307588
0.0203952
0.0191003
0.0354765
0.0306857
0.220566
0.328531
0.245721
0.057946
0.0116861
0.0278168
0.0151758
0.0856328
0.0707267
0.263041
0.328531
0.241925
0.0780349
0.0600185
0.0436033
0.00228896
0.00769132
0.0916165
0.21183
0.329679
0.329679
0.0445747
0.00810039
0
0.00868373
0.0215589
0.0217302
0.329679
0.329679
0.30763
0.0574496
0.0263142
0.0116836
0.00498411
0.00702001
0.0492811
0.166044
0.329679
0.257106
0.0581193
0.016581
0.00694841
0.00863461
0.0141224
0.0486343
0.257995
0.329679
0.152277
0.0178625
0.00738613
0.00825295
0.00407438
0.0218696
0.0187837
0.249998
0.357597
0.279698
0.0793835
0.0131289
0.00406638
0.0015771
0.00453243
0.0124692
0.320571
0.357597
0.334854
0.0770807
0.0126236
0.00408006
0.00399543
0.0145698
0.0414928
0.18692
0.357597
0.116465
0.0181238
0.00670329
0.00557193
0.00185022
0.00245262
0.0135372
0.19806
0.357597
0.16931
0.0157209
0.00627961
0.00333751
0.000817846
0.00349765
0.0166415
0.347243
0.347243
0.347243
0.107445
0.0101653
0.00162276
0.00966975
0.0452292
0.0810885
0.347243
0.347243
0.10371
0.0433267
0.0138292
0.0118844
0.00170456
0.0043901
0.0170965
0.184937
0.347243
0.176705
0.0247496
0.00693384
0.00270461
0.00161055
0.00503545
0.0266503
0.184402
0.347243
0.144978
0.0121057
0.00259651
0.00324939
0.00866468
0.0427362
0.0935776
0.363965
0.363965
0.148238
0.0473179
0.0147046
0.0143953
0.00982729
0.015905
0.0201273
0.247586
0.363965
0.159562
0.0298044
0.00929363
0.0121701
0.0026371
0.00798568
0.0343405
0.258216
0.363965
0.216044
0.0137461
0.00414997
0.00537116
0.00014282
0.00125314
0.00785598
0.202787
0.363965
0.239018
0.0191926
0.00870776
0.0109634
0.0191633
0.00859826
0.0233832
0.312045
0.336067
0.177449
0.0351942
0.0126972
0.0167151
0.0134516
0.0167503
0.0892925
0.230822
0.336067
0.223065
0.0484081
0.0492936
0.0446208
0.000738707
0.00203594
0.00655187
0.25875
0.336067
0.302859
0.0185302
0.0118515
0.0144135
0.00110336
0.00848908
0.0243747
0.276611
0.336067
0.24529
0.0267531
0.0292883
0.0117147
0.0239783
0.0169674
0.0876445
0.243062
0.345651
0.226493
0.0588046
0.0421643
0.0311682
0.0205967
0.030703
0.0147667
0.243255
0.345651
0.229555
0.0295879
0.0135901
0.0263625
0.00425339
0.0148296
0.0249526
0.264044
0.345651
0.292978
0.0317073
0.0279256
0.00822954
0.0132148
0.0309302
0.0334437
0.275134
0.345651
0.208767
0.0326134
0.0169639
0.0246821
0.0157724
0.0284716
0.0210039
0.223218
0.344064
0.252768
0.0408348
0.0113798
0.0217377
0.0162245
0.0784306
0.081954
0.214293
0.344064
0.271176
0.0906031
0.116854
0.0847359
0.0109063
0.0343045
0.0276916
0.244231
0.344064
0.231256
0.0339749
0.0151413
0.015182
0.0212174
0.0472813
0.060156
0.227151
0.344064
0.203459
0.0586555
0.118604
0.117255
0.00736294
0.00945576
0.0937887
0.292742
0.315566
0.315566
0.108445
0.0289404
0.00808055
0.0129096
0.0191
0.0814462
0.299702
0.315566
0.268757
0.040161
0.015017
0.00614966
0.0029867
0.0220368
0.0437752
0.260146
0.315566
0.230681
0.0318276
0.0173148
0.00703873
0.00166157
0.023729
0.0717344
0.231045
0.315566
0.194516
0.0398223
0.0174292
0.0146586
0.00893098
0.0235414
0.0829565
0.295061
0.325678
0.257204
0.0569517
0.0153953
0.00766105
0.00520302
0.0104959
0.0347748
0.316389
0.325678
0.325678
0.04719
0.0174042
0.0106847
0.00137726
0.0205145
0.0790635
0.200734
0.325678
0.192009
0.0512704
0.0188981
0.0179406
0.00948327
0.0395135
0.0483913
0.175614
0.325678
0.271932
0.072981
0.00620105
0.00433738
0.00530297
0.0164403
0.0389412
0.275805
0.323531
0.323531
0.0647837
0.0170415
0.00951957
0.00275146
0.0154237
0.0603515
0.273678
0.323531
0.30915
0.0280056
0.00633594
0.0092813
0.00618503
0.0351501
0.0580545
0.176242
0.323531
0.241963
0.0701973
0.00623892
0.00362712
0.00186501
0.0334458
0.0382586
0.214842
0.323531
0.261511
0.0504013
0.00158442
0.000156843
0.00420858
0.0190637
0.0562202
0.280096
0.331031
0.331031
0.0212571
0.00789838
0.0124981
0.000695023
0.00445225
0.0211645
0.242641
0.331031
0.270422
0.020563
0.0163067
0.0204086
0.00559484
0.0292532
0.053087
0.282364
0.331031
0.232622
0.0473995
0.00376796
0.00566787
0.0113401
0.0221413
0.0145413
0.18472
0.331031
0.232172
0.07709
0.0305407
0.0166624
0.000459027
0.00591679
0.0212259
0.27885
0.331263
0.311422
0.0171871
0.0197424
0.0261517
0.000204675
0.0181657
0.0571042
0.299134
0.331263
0.29829
0.0254435
0.0171817
0.00309489
0.0138865
0.0229236
0.032002
0.229623
0.331263
0.243414
0.072943
0.0346673
0.0205027
0.00167916
0.0125321
0.0639389
0.204487
0.331263
0.168354
0.0778311
0.0179921
0.00363622
0.00123711
0.0202384
0.0564867
0.292386
0.335231
0.314716
0.0243965
0.0154759
0.00239049
0.00723009
0.0139202
0.0252577
0.302626
0.335231
0.242811
0.0271227
0.012398
0.0155998
0.000936015
0.0159463
0.070629
0.211496
0.335231
0.185624
0.0586346
0.0179547
0.00201892
0.00915198
0.0322509
0.0442971
0.25849
0.335231
0.21881
0.0525998
0.0121159
0.00749323
0.00655716
0.0159192
0.0236339
0.289203
0.327664
0.264625
0.0286957
0.0110031
0.0103554
0.0189205
0.0348245
0.0919244
0.253024
0.327664
0.259693
0.0718808
0.183342
0.175744
0.00954643
0.0339389
0.0461273
0.23508
0.327664
0.234547
0.0461686
0.0136862
0.00626811
0.0123735
0.0187931
0.0297825
0.248929
0.327664
0.148469
0.0370191
0.0254163
0.0200721
0.00526806
0.0294018
0.0547166
0.297357
0.297357
0.276
0.0734245
0.0240302
0.00961492
0.00219552
0.0410379
0.0789076
0.25711
0.297357
0.297357
0.10031
0.026647
0.0163806
0.00871192
0.0286625
0.0989423
0.297357
0.297357
0.250373
0.0778035
0.027341
0.00611415
0.0109316
0.0351336
0.0675543
0.237639
0.297357
0.246984
0.0762961
0.0163379
0.0133624
0.00248061
0.0369517
0.086347
0.23017
0.30471
0.30471
0.109123
0.0277734
0.0227997
0.0120532
0.0551793
0.0766997
0.217466
0.30471
0.30471
0.0953531
0.0158538
0.00991003
0.0128053
0.0213057
0.0770885
0.22116
0.30471
0.253674
0.0689515
0.0124601
0.0159024
0.0011611
0.0217705
0.0900877
0.273445
0.30471
0.272607
0.137543
0.0227419
0.00127831
0.00868868
0.0520456
0.0870156
0.218257
0.30482
0.30482
0.105864
0.0137942
0.0082425
0.0138524
0.0587216
0.0580957
0.264469
0.30482
0.30482
0.0765205
0.00493762
0.000416912
0.000521408
0.0146474
0.0792112
0.24454
0.30482
0.26653
0.0968924
0.0159092
0.000607245
0.0138747
0.0183209
0.0538808
0.20416
0.30482
0.30482
0.0688518
0.0211713
0.00521155
0.0164278
0.0483883
0.0742251
0.28647
0.28647
0.28647
0.0805553
0.00542454
0.00397111
0.014356
0.0366074
0.0373343
0.284774
0.28647
0.28647
0.0884411
0.0380948
0.0189658
0.0119333
0.0180074
0.0759228
0.237252
0.28647
0.28647
0.0572541
0.019676
0.00688393
0.00413765
0.0184959
0.090063
0.28647
0.28647
0.267514
0.0802944
0.0183414
0.00647538
0.0148617
0.0316686
0.0615295
0.296677
0.296677
0.2965
0.0837662
0.0413014
0.0196293
0.00648998
0.0159089
0.0823027
0.24106
0.296677
0.231816
0.0857386
0.0163018
0.00461172
0.00267563
0.0203027
0.117426
0.296677
0.296677
0.27028
0.0642438
0.0213022
0.00856912
0.0198285
0.0144306
0.0891234
0.224021
0.296677
0.296677
0.0641035
0.0227384
0.00500647
0.00559557
0.0169566
0.0961121
0.285132
0.310501
0.242543
0.0694741
0.0196206
0.00289615
0.0165183
0.0253547
0.0540572
0.310501
0.310501
0.269704
0.0782248
0.0172017
0.00980308
0.0227687
0.017393
0.0876107
0.22619
0.310501
0.310501
0.0676343
0.0273268
0.0189885
0.049118
0.0536015
0.0714102
0.224792
0.310501
0.223528
0.0551144
0.0406057
0.0513118
0.0191386
0.0298086
0.0630081
0.294119
0.294119
0.294119
0.0770903
0.0189487
0.00974145
0.0132659
0.014516
0.0620857
0.294119
0.294119
0.267639
0.0774923
0.0415673
0.0246827
0.042297
0.0450157
0.0588844
0.272809
0.294119
0.212353
0.0719134
0.0420072
0.0625836
0.0118077
0.0222455
0.065469
0.260774
0.294119
0.290914
0.0371244
0.044447
0.00766301
0.00715053
0.0242173
0.0914802
0.278694
0.278694
0.278694
0.107928
0.0225051
0.00441887
0.00968592
0.0428805
0.076286
0.276916
0.278694
0.278694
0.130892
0.0218302
0.0120045
0.00821599
0.0187471
0.148464
0.278694
0.278694
0.278694
0.105689
0.0225574
0.00803458
0.00493513
0.00865205
0.0694255
0.278694
0.278694
0.23852
0.0569719
0.025301
0.00519647
0.0108336
0.0289136
0.0792937
0.259856
0.296441
0.296441
0.109453
0.014363
0.014638
0.00122683
0.0258936
0.121345
0.296441
0.296441
0.246546
0.116449
0.0305554
0.00570032
0.00750628
0.00673633
0.066298
0.296441
0.296441
0.219587
0.0790057
0.0220229
0.00675347
0.023186
0.023262
0.0792083
0.264542
0.296441
0.256074
0.0631086
0.018175
0.0165227
0.00114554
0.0195543
0.107884
0.288113
0.288113
0.272715
0.0994977
0.0222127
0.00442404
0.0287326
0.0371806
0.0863126
0.243021
0.288113
0.288113
0.0788011
0.0217257
0.00523856
0.0212968
0.0149801
0.101058
0.273002
0.288113
0.25677
0.0907467
0.0290728
0.0182874
0.013353
0.0150798
0.109171
0.254125
0.288113
0.288113
0.0806595
0.0501412
0.00346247
0.0245804
0.0309094
0.101412
0.272922
0.276854
0.276854
0.081923
0.0179941
0.00434985
0.0044395
0.0225467
0.107632
0.276854
0.276854
0.276854
0.0741801
0.0172617
0.00626395
0.00867992
0.0117365
0.1445
0.233262
0.276854
0.276854
0.0893546
0.0645454
0.00328304
0.0100223
0.0263377
0.159337
0.276854
0.276854
0.276854
0.0669515
0.0617092
0.00668038
0.00223771
0.021084
0.11871
0.287342
0.287342
0.287342
0.0609167
0.0169061
0.00642068
0.0208642
0.0139554
0.073524
0.222774
0.287342
0.287342
0.0687425
0.0234075
0.0064896
0.0109247
0.0279989
0.155289
0.287342
0.287342
0.287342
0.0675331
0.0603842
0.00801725
0.00464385
0.00932622
0.0465973
0.287342
0.287342
0.238882
0.0434607
0.0146421
0.00720599
0.0267418
0.0188075
0.0686334
0.247825
0.307805
0.307805
0.084095
0.0298433
0.018422
0.0606535
0.0539109
0.0805388
0.232293
0.307805
0.265031
0.0841874
0.0462448
0.0541468
0.0065037
0.0181675
0.0521285
0.307805
0.307805
0.273791
0.063429
0.0207561
0.0130097
0.00484065
0.0324396
0.0454962
0.216693
0.307805
0.26613
0.0484781
0.0247033
0.00665569
0.0555567
0.0471261
0.0640685
0.2876
0.292976
0.269943
0.110936
0.0492182
0.0638171
0.0135381
0.0344064
0.094049
0.265215
0.292976
0.292976
0.0732138
0.0588479
0.0073739
0.00380668
0.0328171
0.0617066
0.254733
0.292976
0.283421
0.0645209
0.0310617
0.0104506
0.00507486
0.0277958
0.0708579
0.240997
0.292976
0.276419
0.0321026
0.0241429
0.0180491
0.00937632
0.0408749
0.102416
0.26078
0.291096
0.277533
0.0845327
0.0300095
0.0231403
0.00953621
0.0505646
0.0767326
0.22798
0.291096
0.203039
0.0593363
0.0442267
0.051164
0.0184211
0.147485
0.113271
0.286851
0.291096
0.291096
0.165361
0.0668415
0.0473926
0.0261963
0.124149
0.0981102
0.255233
0.291096
0.144919
0.0880258
0.109471
0.13326
0.0128965
0.0442408
0.0931629
0.266723
0.270188
0.23016
0.0781078
0.0419936
0.0632091
0.0137993
0.0434521
0.128491
0.236916
0.270188
0.260525
0.0675962
0.0319102
0.0309712
0.024613
0.101914
0.154211
0.270188
0.270188
0.226511
0.0865825
0.101351
0.142417
0.00698465
0.0820561
0.210188
0.270188
0.270188
0.270188
0.0971646
0.0747575
0.0543382
0.0140742
0.048216
0.149617
0.249435
0.276393
0.276393
0.0907569
0.0348321
0.02141
0.00936696
0.018407
0.119118
0.262781
0.276393
0.263188
0.0629414
0.0310316
0.00813654
0.00821564
0.119576
0.218954
0.259873
0.276393
0.276393
0.0882906
0.0693888
0.0335991
0.00958015
0.0290657
0.0791393
0.236626
0.276393
0.274247
0.0555536
0.0328896
0.0229884
0.010342
0.0226974
0.139128
0.253571
0.284825
0.284825
0.0783915
0.0451543
0.00723346
0.0100529
0.0154043
0.101799
0.284825
0.284825
0.273558
0.0481364
0.0421244
0.00873268
0.0125956
0.0501583
0.0537758
0.230507
0.284825
0.278456
0.0714826
0.0468758
0.0225692
0.0427034
0.0054553
0.0483657
0.284825
0.284825
0.284825
0.0939076
0.0350456
0.102412
0.0145125
0.0201674
0.111143
0.274813
0.290395
0.290395
0.0616587
0.0415243
0.0106253
0.00474053
0.0102899
0.0342925
0.264934
0.290395
0.246605
0.0512439
0.0148471
0.0109981
0.0288768
0.0112347
0.0607683
0.290395
0.290395
0.290395
0.0970623
0.0445383
0.0637297
0.0183829
0.0341552
0.120618
0.290395
0.290395
0.235078
0.0367747
0.0314502
0.0467237
0.00838881
0.0177803
0.0393697
0.271008
0.295051
0.273031
0.0707596
0.0153689
0.0144871
0.00490944
0.0245873
0.0464949
0.215255
0.295051
0.295051
0.0638474
0.0144976
0.00334003
0.0155866
0.0466532
0.129144
0.253311
0.295051
0.295051
0.0325281
0.0326732
0.0200322
0.00613083
0.059852
0.0426862
0.295051
0.295051
0.295051
0.0552273
0.0210225
0.00559393
0.00479392
0.0224695
0.050902
0.253445
0.294554
0.294554
0.0803336
0.0197441
0.00366563
0.0055688
0.0357065
0.0651568
0.233186
0.294554
0.270705
0.0524064
0.0227628
0.0155886
0.0099434
0.0476929
0.026911
0.281023
0.294554
0.294554
0.0501692
0.0227845
0.0020797
0.00158235
0.0451271
0.0661249
0.294554
0.294554
0.294554
0.0579121
0.00980787
0.00133102
