0.142401
0.194999
0.251897
0.11558
0.251897
0.0938622
0.0262548
0.113256
0.251897
0.0718579
0.043441
0.0782727
0.163712
0.251897
0.127311
0.0692158
0.0989317
0.180274
0.251897
0.251897
0.251897
0.131695
0.251897
0.0641342
0.195032
0.204297
0.251897
0.130973
0.0554396
0.0517824
0.0970645
0.207878
0.0428474
0.018079
0.0662115
0.219904
0.0792756
0.0538411
0.0771045
0.237915
0.279079
0.175574
0.0742745
0.126271
0.256193
0.0627631
0.0840824
0.0962072
0.097444
0.135379
0.205485
0.279079
0.279079
0.279079
0.169246
0.0782226
0.0629936
0.1337
0.264981
0.0398251
0.0230171
0.0858346
0.279079
0.279079
0.0887676
0.0178632
0.0497248
0.122861
0.0244363
0.0337623
0.105025
0.279079
0.0404184
0.058378
0.0652477
0.129831
0.171574
0.148125
0.161793
0.16538
0.184067
0.0879293
0.118561
0.236598
0.200895
0.242774
0.205162
0.220362
0.232114
0.228651
0.173471
0.0633717
0.00925264
0.0713409
0.237568
0.037145
0.0274591
0.0498192
0.242774
0.242774
0.0489991
0.012105
0.0917337
0.242774
0.167623
0.164596
0.242774
0.242774
0.0835038
0.112927
0.21438
0.231174
0.231174
0.167587
0.175764
0.10569
0.190638
0.0844298
0.0970488
0.231174
0.231174
0.159534
0.147874
0.182944
0.229033
0.231174
0.203002
0.0610886
0.0183945
0.174827
0.231174
0.121067
0.0939003
0.11644
0.231174
0.147939
0.115472
0.101539
0.190332
0.191866
0.106544
0.0826047
0.149413
0.178887
0.101891
0.136003
0.24944
0.24944
0.238358
0.190464
0.203444
0.222567
0.24944
0.0660108
0.163931
0.24944
0.24944
0.24944
0.148787
0.127804
0.0843004
0.0434753
0.193134
0.139473
0.0951385
0.24944
0.24944
0.0965732
0.0759439
0.102671
0.144535
0.0897166
0.167279
0.109444
0.0882094
0.119199
0.0445295
0.109064
0.0912741
0.0781257
0.0757341
0.164388
0.288055
0.288055
0.288055
0.213902
0.11584
0.0757192
0.052432
0.0173893
0.090806
0.288055
0.288055
0.288055
0.212558
0.083092
0.0858456
0.0760997
0.112937
0.153729
0.0859285
0.101475
0.1907
0.0509593
0.107242
0.0978349
0.139035
0.173715
0.16774
0.13343
0.0992302
0.0782241
0.0513616
0.0743857
0.162325
0.260578
0.0192601
0.0531447
0.290172
0.290172
0.290172
0.204503
0.0652393
0.0722195
0.0771917
0.00975539
0.0390123
0.290172
0.290172
0.290172
0.261153
0.117972
0.0167238
0.0280736
0.110701
0.0962272
0.101377
0.0986046
0.0579035
0.0512303
0.0858216
0.183332
0.248528
0.0468358
0.107276
0.280999
0.234971
0.099939
0.0574193
0.120899
0.126482
0.0868455
0.213153
0.293166
0.258514
0.105379
0.259794
0.0492739
0.111621
0.166521
0.326473
0.103396
0.0339794
0.0344544
0.0707158
0.172854
0.0270117
0.0181864
0.0547896
0.165383
0.171323
0.326473
0.326473
0.326473
0.288902
0.0970037
0.0429074
0.0394084
0.114787
0.0698262
0.0495423
0.0248316
0.0407006
0.055213
0.00312531
0.00726513
0.0516179
0.14401
0.251353
0.0955976
0.0809691
0.188062
0.32195
0.053366
0.0476243
0.121189
0.32195
0.32195
0.128737
0.0124715
0.0812044
0.20684
0.0383887
0.0399274
0.128507
0.32195
0.131741
0.126567
0.0543663
0.0832878
0.13373
0.0101774
0.0252048
0.134892
0.275727
0.232795
0.112365
0.0298095
0.0381128
0.126829
0.0240481
0.0525134
0.131596
0.32195
0.167276
0.067581
0.00552267
0.0722017
0.238639
0.0389821
0.0256909
0.043925
0.265964
0.31347
0.063025
0.0100598
0.0921834
0.277443
0.218426
0.184052
0.200722
0.342843
0.0849099
0.0461414
0.0190854
0.0211046
0.0745818
0.0112475
0.0169454
0.0500849
0.106075
0.342843
0.159886
0.0309586
0.0733069
0.12478
0.0399772
0.0396274
0.295953
0.342843
0.236646
0.082057
0.0284422
0.176421
0.273019
0.155635
0.11156
0.103727
0.273019
0.169925
0.122504
0.0958839
0.182009
0.196177
0.140616
0.0930977
0.113455
0.175144
0.273019
0.117167
0.0526633
0.0990605
0.233294
0.0216692
0.0248707
0.157425
0.273019
0.270241
0.135262
0.124464
0.160299
0.273019
0.0406815
0.0385747
0.0871129
0.196666
0.265913
0.222434
0.148379
0.265913
0.265913
0.172831
0.117158
0.116969
0.197563
0.157921
0.265913
0.141775
0.105736
0.142456
0.0693577
0.128183
0.149879
0.127894
0.265913
0.244248
0.183849
0.265913
0.265913
0.0453854
0.0430961
0.0558252
0.078694
0.155889
0.119891
0.0636182
0.0932652
0.147757
0.00792233
0.0344248
0.100881
0.096399
0.234463
0.234463
0.119215
0.134291
0.234463
0.0890629
0.165531
0.206901
0.234463
0.234463
0.234463
0.234463
0.135687
0.144877
0.0897061
0.145473
0.234463
0.234463
0.234463
0.166644
0.0438281
0.110512
0.2196
0.00813367
0.0342141
0.125917
0.190101
0.173259
0.109075
0.0684888
0.0691448
0.0887261
0.0346746
0.0356738
0.105862
0.234463
0.184644
0.186924
0.202609
0.157333
0.123058
0.0995281
0.192923
0.2505
0.2505
0.103643
0.2505
0.2505
0.2505
0.192623
0.104928
0.237692
0.225781
0.222657
0.174112
0.0854982
0.0399617
0.051951
0.0850422
0.0304194
0.0274037
0.127516
0.2505
0.149631
0.1363
0.0518237
0.0642658
0.12252
0.0388178
0.0755425
0.159024
0.219319
0.261907
0.370435
0.370435
0.370435
0.370435
0.151505
0.051345
0.0585751
0.135861
0.0980674
0.0632069
0.0415612
0.0596296
0.0758096
0.00173441
0.0152838
0.0735095
0.192327
0.147496
0.162643
0.221495
0.233711
0.211567
0.0152888
0.0156568
0.0453274
0.133238
0.100841
0.110158
0.0385909
0.0365554
0.0856932
0.017281
0.0386026
0.0732006
0.105882
0.199227
0.176951
0.105861
0.140503
0.211713
0.0171999
0.0545052
0.211574
0.237242
0.237242
0.164536
0.0468545
0.0854325
0.237242
0.0597676
0.0934343
0.196883
0.237242
0.221193
0.225359
0.0893586
0.100407
0.237242
0.0482132
0.135636
0.201617
0.237242
0.111802
0.14473
0.0996205
0.107487
0.205947
0.0933442
0.203754
0.153892
0.171649
0.0936091
0.0487829
0.0208496
0.0342357
0.100115
0.0188922
0.0274089
0.0572482
0.120537
0.425705
0.162736
0.0450592
0.0950408
0.146024
0.0768851
0.0728759
0.308659
0.425705
0.0353153
0.0380115
0.0307878
0.0390164
0.0587362
0.0246149
0.0571454
0.0433498
0.0627835
0.425705
0.16202
0.0844971
0.04366
0.0754991
0.00611436
0.0191581
0.0913547
0.425705
0.292781
0.122984
0.0643428
0.106177
0.22414
0.0317179
0.0378653
0.150368
0.292781
0.292781
0.145662
0.119595
0.172065
0.292781
0.0374609
0.044105
0.0851951
0.200746
0.292781
0.0842523
0.0476052
0.112172
0.243113
0.0043468
0.0157532
0.0558433
0.292781
0.180268
0.0982319
0.0485887
0.142395
0.292781
0.015834
0.0362546
0.0287824
0.162726
0.303895
0.298655
0.206876
0.303895
0.303895
0.0381473
0.051836
0.0804461
0.0877875
0.210518
0.136122
0.0623018
0.117954
0.173505
0.00709723
0.0267294
0.115189
0.132814
0.28184
0.124694
0.0664112
0.303895
0.303895
0.0268665
0.0615762
0.0374764
0.0448147
0.180817
0.135894
0.0417628
0.0736153
0.121814
0.00276981
0.0196768
0.0758941
0.242633
0.248814
0.226012
0.0492971
0.169861
0.248814
0.012842
0.0385287
0.198283
0.248814
0.245777
0.163024
0.120517
0.0894068
0.132341
0.0657042
0.0618525
0.157175
0.248814
0.248814
0.218175
0.0741215
0.105862
0.175597
0.00504304
0.0358527
0.121889
0.248814
0.248814
0.153446
0.0227077
0.0697399
0.162558
0.0201966
0.0994822
0.211143
0.248814
0.260917
0.131135
0.0612731
0.071746
0.12852
0.0564062
0.0477132
0.177823
0.260917
0.247197
0.206424
0.0599465
0.093663
0.183372
0.0614796
0.0995328
0.220678
0.260917
0.237758
0.143888
0.0224773
0.0631698
0.161018
0.0203885
0.096141
0.214213
0.260917
0.260917
0.151407
0.00432824
0.0816778
0.260917
0.000865583
0.0102508
0.19684
0.260917
0.243147
0.243147
0.0940618
0.190177
0.243147
0.0297916
0.0308334
0.0859378
0.243147
0.229586
0.224344
0.0806783
0.0853142
0.175619
0.0277318
0.0907155
0.133435
0.228496
0.243147
0.243147
0.101655
0.146222
0.243147
0.0438445
0.0559628
0.11343
0.243147
0.229629
0.148457
0.0374194
0.109544
0.229495
0.067575
0.0697797
0.0966598
0.192001
0.228831
0.228831
0.0996169
0.117554
0.228831
0.0412578
0.144493
0.186412
0.228831
0.102558
0.135056
0.101367
0.105012
0.228831
0.107941
0.215576
0.203513
0.187645
0.228831
0.185166
0.0721845
0.127205
0.228831
0.0845898
0.0918628
0.1517
0.214091
0.108118
0.0497894
0.0828343
0.111769
0.228831
0.13797
0.133418
0.228831
0.228831
0.0380819
0.0437867
0.0376648
0.0456697
0.0758067
0.0345019
0.0690858
0.0629384
0.079503
0.438173
0.198332
0.130211
0.0490659
0.0843198
0.011629
0.0199642
0.118817
0.438173
0.0475095
0.0304921
0.0468157
0.0401181
0.105567
0.0463618
0.0301734
0.0758917
0.126106
0.438173
0.170951
0.11932
0.151762
0.0796321
0.0105804
0.018605
0.0809181
0.438173
0.283948
0.0986988
0.0606912
0.127148
0.258965
0.00745154
0.014626
0.0653851
0.283948
0.223238
0.120344
0.050137
0.151436
0.283948
0.0101517
0.0316675
0.0449206
0.197819
0.283948
0.108335
0.0589885
0.145986
0.231757
0.0084087
0.0120566
0.0441682
0.283948
0.212429
0.161675
0.083478
0.185121
0.275082
0.00359247
0.0450284
0.0638636
0.277399
0.290299
0.129671
0.04985
0.290299
0.290299
0.0163659
0.0516968
0.057739
0.0737798
0.218921
0.118149
0.0313585
0.0731641
0.124965
0.00395753
0.0104907
0.0751859
0.255356
0.278848
0.231981
0.069519
0.290299
0.290299
0.0042981
0.0514659
0.0897205
0.224416
0.280757
0.144213
0.0292146
0.0576977
0.125448
0.000561004
0.022524
0.0744671
0.264035
0.257499
0.174893
0.0540091
0.110414
0.174045
0.0104468
0.0355141
0.118379
0.257499
0.257499
0.153165
0.0117155
0.0516776
0.149037
0.0226
0.115869
0.232666
0.257499
0.257499
0.257499
0.0308106
0.0828531
0.234388
0.00916179
0.0300336
0.106764
0.257499
0.257499
0.12832
0.0112014
0.100126
0.257499
0.0111943
0.0264796
0.162608
0.257499
0.258959
0.152379
0.0114434
0.0543771
0.154708
0.0243941
0.119892
0.215445
0.258959
0.258959
0.16984
0.0048083
0.083673
0.258959
0
0.0152652
0.193364
0.258959
0.258959
0.128244
0.0151901
0.0925632
0.258959
0.0190442
0.0353868
0.148584
0.258959
0.258959
0.122417
0
0.0716157
0.217867
0.0267639
0.0108188
0.164105
0.258959
0.255524
0.255524
0.0880134
0.146554
0.255524
0.0311453
0.0517107
0.125443
0.255524
0.234476
0.140516
0.0377678
0.118515
0.24002
0.062682
0.0844499
0.0956954
0.2046
0.255524
0.255524
0.0282366
0.126953
0.255524
0.0451302
0.0687083
0.116139
0.255524
0.255524
0.209909
0.0683192
0.0500874
0.148368
0.0648813
0.0217362
0.0794887
0.180189
0.240956
0.176255
0.0740423
0.145451
0.240956
0.077276
0.108292
0.167127
0.237897
0.115749
0.0457519
0.0799374
0.120567
0.240956
0.107164
0.122819
0.240956
0.240956
0.240956
0.240956
0.0930791
0.0792505
0.187681
0.110975
0.0425543
0.128933
0.164532
0.240909
0.088664
0.0440432
0.227171
0.240956
0.0973661
0.0323144
0.128796
0.240956
0.045367
0.0279067
0.0409896
0.0414342
0.0979763
0.0380648
0.0276827
0.0823473
0.121222
0.366739
0.147131
0.106518
0.139757
0.109214
0.0142115
0.0161542
0.0929164
0.366739
0.0842733
0.0316616
0.0142216
0.0746186
0.10196
0.0336936
0.0151974
0.0478461
0.175547
0.321178
0.170424
0.0506048
0.124332
0.366739
0.0150968
0.0724443
0.366739
0.366739
0.265533
0.0930615
0.0532496
0.161558
0.265533
0.0133292
0.0117802
0.0522901
0.265533
0.217521
0.176336
0.093963
0.198546
0.265533
0.00431296
0.0298592
0.0648631
0.265533
0.240309
0.11601
0.0385814
0.100615
0.264066
0.0476399
0.0720184
0.225952
0.265533
0.116123
0.224383
0.120582
0.123532
0.265533
0.0530016
0.0914265
0.107982
0.0806379
0.264191
0.215402
0.0846183
0.275047
0.275047
0.00653574
0.0377553
0.0956863
0.256619
0.275047
0.143986
0.0373644
0.0665038
0.14727
0.00175363
0.0150435
0.0732691
0.275047
0.177661
0.275047
0.172972
0.202762
0.275047
0.139065
0.176877
0.114035
0.0606995
0.130288
0.105512
0.0356526
0.0522799
0.126981
0.0101176
0.0259336
0.10933
0.248101
0.259483
0.226002
0.0425747
0.118772
0.259483
0.0164433
0.0346281
0.118318
0.259483
0.259483
0.153211
0.0155236
0.103914
0.259483
0.0149441
0.0453558
0.216319
0.259483
0.18558
0.137361
0.0371506
0.0956062
0.19801
0.0200872
0.0445479
0.133596
0.259483
0.182617
0.134981
0.0175296
0.0835157
0.252611
0.040271
0.0884843
0.199772
0.259483
0.263471
0.173142
0.0189806
0.116707
0.263471
0.0301025
0.0661596
0.21495
0.263471
0.263471
0.161541
0.00196084
0.0905206
0.239973
0.0220252
0.0378932
0.191428
0.263471
0.191916
0.145204
0.0167988
0.126814
0.263471
0.0289631
0.074026
0.175558
0.263471
0.115694
0.108664
0.033305
0.0590708
0.184751
0.0728012
0.0665414
0.183573
0.263471
0.274766
0.274766
0.0173872
0.170623
0.274766
0.0388462
0.0776505
0.139766
0.274766
0.274766
0.207358
0.05632
0.0665686
0.170914
0.0563868
0.0284843
0.0937429
0.193147
0.274766
0.199786
0.0227696
0.18535
0.274766
0.0381969
0.0209772
0.104761
0.274766
0.154451
0.199146
0.0693903
0.097232
0.121543
0.0316658
0.0390738
0.0835112
0.141158
0.249163
0.249163
0.0905404
0.105537
0.249163
0.0904868
0.0533406
0.167329
0.212731
0.249163
0.0979137
0.0542099
0.249163
0.249163
0.0815168
0.0294454
0.13303
0.249163
0.249163
0.249163
0.128027
0.122597
0.138226
0.0447902
0.050964
0.117697
0.223297
0.227847
0.102998
0.0725864
0.115511
0.124258
0.0527854
0.0389915
0.134526
0.249163
0.146265
0.0497686
0.0194921
0.118038
0.165605
0.0433636
0.0267618
0.0712808
0.282133
0.327541
0.257855
0.0598861
0.151737
0.327541
0.0303389
0.086391
0.327541
0.327541
0.130899
0.0662472
0.0409544
0.0637327
0.0901774
0.0287034
0.0205272
0.0932085
0.234655
0.188088
0.0948605
0.0408015
0.125474
0.280158
0.0388323
0.0492022
0.16097
0.214468
0.280067
0.163607
0.0441211
0.155108
0.280067
0.0628092
0.100558
0.280067
0.280067
0.191918
0.280067
0.186907
0.200272
0.280067
0.0843723
0.135127
0.165118
0.14572
0.176078
0.0849257
0.0477884
0.0987007
0.190461
0.0602227
0.0611491
0.138656
0.221464
0.134378
0.16747
0.110397
0.0755308
0.103362
0.100188
0.106714
0.120711
0.0629603
0.235926
0.257348
0.216749
0.257348
0.257348
0.164229
0.230775
0.169614
0.108036
0.199198
0.149367
0.0715102
0.0809688
0.17931
0.0138272
0.0231376
0.13303
0.257348
0.147415
0.205487
0.162574
0.087192
0.0833635
0.186897
0.176241
0.174365
0.153626
0.169613
0.126631
0.109763
0.0771725
0.0985673
0.0454594
0.0251317
0.145461
0.257348
0.210476
0.138765
0.0646497
0.136865
0.223876
0.0237037
0.0369061
0.148282
0.265524
0.234828
0.163818
0.0309417
0.113945
0.265524
0.031683
0.0881185
0.265524
0.265524
0.209662
0.135816
0.125472
0.114595
0.165464
0.076317
0.0377873
0.184524
0.265524
0.237208
0.125499
0.0128173
0.0726413
0.200663
0.0225738
0.0615704
0.172655
0.265524
0.246421
0.173206
0.0270259
0.169005
0.258751
0.0257572
0.0755908
0.241365
0.258751
0.16166
0.125901
0.0413593
0.0705734
0.196778
0.0660622
0.109921
0.211239
0.258751
0.258751
0.14996
0.0155508
0.111421
0.246818
0.0114115
0.0449677
0.165954
0.258751
0.208137
0.158958
0.0394013
0.0636305
0.0804332
0.0201767
0.0852775
0.225993
0.258751
0.277043
0.182448
0.0781555
0.277043
0.277043
0.0433803
0.0358098
0.13104
0.277043
0.165151
0.200907
0.0677236
0.124205
0.155624
0.0236904
0.0519324
0.113939
0.149803
0.224903
0.14354
0.139645
0.277043
0.277043
0.072108
0.0352307
0.0775454
0.277043
0.135489
0.159842
0.130988
0.189698
0.191373
0.0392004
0.049778
0.0823397
0.06956
0.234959
0.234959
0.11793
0.151242
0.20434
0.032467
0.0655717
0.154583
0.234959
0.234959
0.144565
0.0872677
0.117286
0.147248
0.0514065
0.042169
0.140952
0.234959
0.234959
0.234959
0.141076
0.234959
0.234959
0.0536466
0.0722796
0.157357
0.0867715
0.174876
0.217196
0.109515
0.14216
0.112682
0.100906
0.0598178
0.234959
0.234959
0.25396
0.156517
0.0704893
0.104546
0.163593
0.05442
0.0459054
0.136783
0.25396
0.25396
0.171514
0.0774129
0.205266
0.25396
0.0954113
0.0842923
0.102588
0.25396
0.203873
0.176461
0.0629086
0.112607
0.18777
0.112202
0.0562933
0.183124
0.25396
0.187331
0.152048
0.0390557
0.15235
0.25396
0.0920125
0.0835866
0.128575
0.25396
0.245246
0.145948
0.0660324
0.157115
0.243651
0.10307
0.111681
0.116926
0.245246
0.245246
0.245246
0.167726
0.124382
0.0793692
0.16994
0.182681
0.164418
0.145695
0.205126
0.14112
0.0276572
0.11227
0.245246
0.0817674
0.0823392
0.114104
0.245246
0.156479
0.199316
0.0466802
0.0753614
0.129816
0.0264261
0.143084
0.245246
0.245246
0.198409
0.223278
0.159182
0.0999063
0.063804
0.199615
0.212574
0.18345
0.20992
0.225351
0.1386
0.129248
0.100267
0.105669
0.0487632
0.0253522
0.170495
0.246594
0.199627
0.203648
0.0904357
0.0908105
0.167552
0.0306959
0.0978997
0.246594
0.246594
0.246594
0.0720458
0.0674095
0.186091
0.246594
0.036944
0.0391447
0.142009
0.246594
0.242327
0.138511
0.12287
0.123919
0.152229
0.0663205
0.031979
0.17634
0.264647
0.264647
0.108758
0.0257236
0.0802835
0.211866
0.0204611
0.0690936
0.194156
0.264647
0.253241
0.0755979
0.123393
0.220274
0.264647
0.0429766
0.016468
0.120962
0.264647
0.127508
0.0710207
0.0487511
0.0828022
0.238225
0.0965026
0.096239
0.22092
0.264647
0.259497
0.140919
0.0261797
0.125185
0.259497
0.0128656
0.0503553
0.192445
0.259497
0.23008
0.151149
0.0383988
0.0748807
0.117663
0.0222863
0.119463
0.231887
0.259497
0.134915
0.0803563
0.0807755
0.106361
0.259497
0.0657166
0.0605818
0.210829
0.259497
0.151145
0.0468626
0.0417542
0.135549
0.259497
0.0785387
0.0805561
0.259497
0.259497
0.182935
0.140535
0.188322
0.238846
0.238846
0.077232
0.0539643
0.0995508
0.238846
0.13024
0.160199
0.129419
0.201252
0.185226
0.0428562
0.0571701
0.118826
0.096864
0.238846
0.196795
0.110353
0.163699
0.219159
0.0792216
0.129143
0.194345
0.238846
0.19642
0.140952
0.126796
0.203755
0.238846
0.0914053
0.0337696
0.135694
0.238846
0.200399
0.205845
0.114976
0.220177
0.228781
0.0500117
0.0716058
0.161547
0.111423
0.151956
0.191395
0.0994855
0.124335
0.131996
0.0578839
0.0691437
0.173686
0.228781
0.228781
0.228781
0.214766
0.228781
0.228781
0.0941761
0.0413276
0.126255
0.228781
0.137764
0.133359
0.0975103
0.128138
0.228781
0.175952
0.144129
0.156478
0.196352
0.222058
0.211515
0.0662201
0.114869
0.193116
0.078424
0.078907
0.152973
0.231349
0.207043
0.152969
0.0453174
0.155861
0.231349
0.114606
0.104991
0.0942892
0.231349
0.17635
0.146759
0.110731
0.148529
0.231349
0.164214
0.115755
0.159933
0.21546
0.231349
0.159263
0.068731
0.209818
0.231349
0.12213
0.0916589
0.135012
0.231349
0.251283
0.175203
0.0288822
0.133817
0.251283
0.111598
0.116626
0.0873496
0.251283
0.157001
0.199146
0.0500455
0.0885431
0.123512
0.0456186
0.13615
0.251283
0.251283
0.251283
0.168917
0.0628814
0.172381
0.251283
0.113412
0.0768002
0.137816
0.251283
0.173477
0.134169
0.0315405
0.0909152
0.120757
0.0573369
0.093273
0.232773
0.251283
0.194299
0.183884
0.080238
0.0970368
0.162474
0.0386808
0.09617
0.23841
0.249147
0.249147
0.0688399
0.0568032
0.194229
0.249147
0.0429303
0.0412496
0.164645
0.249147
0.230857
0.14106
0.0334219
0.112027
0.214579
0.0388623
0.0690165
0.186276
0.249147
0.164241
0.09651
0.0134819
0.164046
0.249147
0.0332928
0.0853992
0.249147
0.249147
0.254375
0.0797429
0.109203
0.236127
0.254375
0.0446568
0.0286667
0.14806
0.254375
0.149883
0.074944
0.0565819
0.095689
0.21881
0.10741
0.138623
0.226868
0.254375
0.180277
0.128989
0.0299346
0.21507
0.254375
0.0364753
0.0798493
0.190724
0.254375
0.135642
0.088944
0.0144339
0.0826665
0.168774
0.0409289
0.140755
0.232468
0.254375
0.152052
0.087256
0.0765236
0.123257
0.251408
0.0740284
0.0901225
0.211138
0.251408
0.149988
0.0401994
0.029595
0.135809
0.251408
0.0814798
0.1015
0.251408
0.251408
0.180315
0.123154
0.0297831
0.111998
0.251408
0.0379231
0.113712
0.152727
0.251408
0.230534
0.132995
0.0388097
0.0773823
0.24914
0.0663375
0.152555
0.239034
0.251408
0.220729
0.165355
0.0881866
0.142733
0.189842
0.0810651
0.117271
0.177252
0.212913
0.199492
0.135317
0.112992
0.206735
0.220729
0.0907872
0.0405302
0.1463
0.220729
0.220729
0.215202
0.0962255
0.179813
0.220729
0.066431
0.161716
0.156959
0.220729
0.160303
0.183209
0.0933874
0.183857
0.220729
0.0508174
0.0977485
0.220729
0.14033
0.228185
0.221916
0.190858
0.228185
0.228185
0.101789
0.0629983
0.142789
0.228185
0.12676
0.138064
0.106268
0.123044
0.228185
0.13295
0.143617
0.140941
0.193564
0.228185
0.228185
0.158793
0.228185
0.228185
0.0524311
0.14072
0.194477
0.110192
0.0705246
0.141805
0.174529
0.096409
0.204996
0.0871551
0.0943799
0.159737
0.0847701
0.177272
0.167912
0.12902
0.139097
0.220688
0.132449
0.123154
0.15989
0.220688
0.220688
0.148519
0.084859
0.204008
0.216846
0.14565
0.0851085
0.137952
0.220688
0.0956056
0.132673
0.179308
0.11172
0.220688
0.0835333
0.102397
0.178668
0.157573
0.153353
0.220688
0.220688
0.173775
0.207918
0.0981057
0.083781
0.178662
0.220688
0.237993
0.155092
0.0726651
0.186588
0.237993
0.133579
0.0714018
0.140005
0.237993
0.146489
0.106449
0.035642
0.0875237
0.145685
0.0874663
0.107724
0.210684
0.237993
0.197515
0.237993
0.177495
0.180727
0.237993
0.0755221
0.0653555
0.2273
0.237993
0.175011
0.128882
0.0563887
0.140186
0.194346
0.07585
0.111231
0.151024
0.237993
0.199535
0.112491
0.0297056
0.102966
0.245947
0.0675626
0.0905379
0.175728
0.245947
0.211266
0.106454
0.0171587
0.147242
0.245947
0.0463075
0.0797209
0.245947
0.245947
0.197257
0.087497
0.0334462
0.132197
0.237029
0.0706254
0.095126
0.166475
0.245947
0.245947
0.189028
0.0515104
0.0871407
0.228433
0.0602866
0.0543928
0.232802
0.245947
0.212262
0.138287
0.0276547
0.168296
0.249096
0.0500059
0.0761738
0.190607
0.249096
0.169639
0.109056
0.0146038
0.0648344
0.137995
0.0478938
0.128022
0.201042
0.249096
0.249096
0.204081
0.0599584
0.101846
0.249096
0.0667135
0.0667218
0.249096
0.249096
0.249096
0.0904876
0.00905438
0.102991
0.204402
0.0663736
0.0643957
0.216103
0.249096
0.21331
0.151524
0.0249886
0.0903938
0.216671
0.0388269
0.104749
0.141363
0.250128
0.250128
0.137066
0.0229942
0.0635114
0.23356
0.0346798
0.103795
0.224913
0.250128
0.250128
0.138557
0.0194406
0.123157
0.250128
0.0469679
0.0716694
0.213953
0.250128
0.250128
0.154737
0.031093
0.0905859
0.154381
0.0398659
0.0559442
0.229844
0.250128
0.159697
0.110152
0.0605442
0.128866
0.169459
0.0702111
0.0930299
0.12278
0.18021
0.101133
0.0930825
0.0479163
0.0939119
0.124611
0.0337366
0.0470663
0.117778
0.0705271
0.162656
0.252977
0.252977
0.252977
0.252977
0.203224
0.197416
0.251646
0.233687
0.140978
0.135627
0.100313
0.249174
0.252977
0.252977
0.131406
0.162292
0.147754
0.209231
0.162766
0.105956
0.155753
0.25234
0.0499274
0.0876632
0.134762
0.0783145
0.0741683
0.0995639
0.118557
0.07169
0.159078
0.0514628
0.0657571
0.108147
0.0924902
0.231611
0.257725
0.146579
0.257725
0.257725
0.257725
0.257725
0.257725
0.224362
0.257725
0.0817516
0.115285
0.119394
0.208902
0.04631
0.0858479
0.0552476
0.167631
0.121883
0.135913
0.186204
0.0979277
0.217748
0.0672444
0.0964683
0.161204
0.202466
0.14868
0.217748
0.217748
0.172771
0.217748
0.143294
0.104211
0.146547
0.212438
0.217748
0.149127
0.168949
0.125154
0.217748
0.0742637
0.151768
0.0961945
0.217748
0.158245
0.206983
0.203176
0.189245
0.217748
0.130824
0.151631
0.100017
0.114009
0.186716
0.222279
0.183057
0.182267
0.222279
0.121918
0.0934761
0.207475
0.222279
0.170339
0.127835
0.0737418
0.128685
0.214243
0.0718403
0.111531
0.167654
0.222279
0.104883
0.185117
0.16411
0.162519
0.210532
0.142638
0.184167
0.123643
0.142183
0.174849
0.222279
0.214792
0.0783951
0.112333
0.0308333
0.176435
0.168058
0.193022
0.2048
0.10488
0.0522573
0.125777
0.253018
0.0777123
0.105045
0.200319
0.253018
0.253018
0.216717
0.0743884
0.0625939
0.22945
0.064415
0.0791764
0.249803
0.253018
0.132732
0.199633
0.152166
0.0808801
0.131173
0.0267431
0.165031
0.182485
0.253018
0.201826
0.175758
0.0447683
0.0750293
0.174189
0.093536
0.082949
0.12024
0.253018
0.26274
0.221768
0.0802357
0.0662126
0.254931
0.0719743
0.0827861
0.249024
0.26274
0.26274
0.10262
0.0168062
0.100649
0.208722
0.0637056
0.0519916
0.235385
0.26274
0.168806
0.163068
0.0340776
0.0800096
0.184882
0.0693519
0.0771238
0.136326
0.26274
0.224193
0.129375
0.0272608
0.0887035
0.165336
0.0269588
0.0177117
0.173002
0.26274
0.257023
0.150254
0.02505
0.11435
0.240149
0.0417673
0.0560476
0.228088
0.257023
0.257023
0.16396
0.0266605
0.078448
0.155156
0.027867
0.028799
0.236566
0.257023
0.234386
0.172014
0.0586296
0.106947
0.239475
0.0167955
0.0261263
0.175793
0.257023
0.183196
0.0965829
0.0240095
0.0727124
0.257023
0.0217055
0.0214675
0.181714
0.257023
0.0917455
0.205158
0.228218
0.228218
0.228218
0.143555
0.147722
0.162493
0.160201
0.0814079
0.0967783
0.089328
0.179464
0.183284
0.0943613
0.088414
0.131599
0.0965896
0.031214
0.185898
0.21976
0.228218
0.228218
0.164006
0.215524
0.121691
0.0520872
0.06192
0.228218
0.203679
0.228218
0.158644
0.192287
0.204648
0.168073
0.0705874
0.109382
0.151304
0.103957
0.221073
0.227652
0.119685
0.127002
0.138003
0.115713
0.100197
0.0488188
0.0515939
0.0646012
0.126197
0.0347934
0.0483151
0.0492655
0.090778
0.112812
0.241464
0.241464
0.241464
0.241464
0.241464
0.241464
0.188676
0.116321
0.127108
0.241464
0.100112
0.241464
0.241464
0.221829
0.0863703
0.148536
0.223258
0.165369
0.0998553
0.0871533
0.0709696
0.179923
0.0615099
0.0859238
0.0622432
0.155362
0.0691439
0.0962195
0.0991061
0.101456
0.121928
0.0889103
0.0838706
0.0479537
0.0567237
0.225394
0.30088
0.169993
0.30088
0.30088
0.30088
0.100341
0.211304
0.30088
0.0660701
0.119716
0.0626452
0.169504
0.30088
0.129864
0.058144
0.138727
0.201461
0.0980511
0.169653
0.151021
0.170013
0.212193
0.168033
0.186709
0.103034
0.128208
0.164847
0.230378
0.166844
0.107664
0.125539
0.0316963
0.136104
0.162959
0.181156
0.0984692
0.159107
0.12472
0.251141
0.251141
0.251141
0.0840125
0.251141
0.251141
0.113551
0.196642
0.10933
0.203684
0.0915968
0.058566
0.0501809
0.131407
0.225357
0.138164
0.222453
0.146165
0.109429
0.148163
0.033629
0.150724
0.199922
0.268277
0.225949
0.184851
0.0555618
0.0610312
0.157409
0.105897
0.0955212
0.161907
0.268277
0.124125
0.199666
0.108299
0.175175
0.0953921
0.0777659
0.0702191
0.18487
0.268277
0.220609
0.21359
0.0843209
0.0885514
0.0820486
0.0947845
0.110402
0.268277
0.268277
0.180554
0.159023
0.0448082
0.0603051
0.16189
0.0763571
0.0786182
0.153277
0.254421
0.252141
0.136404
0.0331376
0.0947424
0.148673
0.0232411
0.0361146
0.211783
0.254421
0.223731
0.197647
0.0997156
0.11877
0.156244
0.0613607
0.0759616
0.254421
0.254421
0.22204
0.111429
0.0571695
0.133413
0.254421
0.0778948
0.1569
0.254421
0.254421
0.243819
0.187989
0.0603039
0.117313
0.231276
0.0187812
0.0340268
0.209029
0.243819
0.197017
0.110593
0.0270245
0.0813484
0.243819
0.0251512
0.0191824
0.210268
0.243819
0.243819
0.179686
0.105265
0.209725
0.243819
0.0624215
0.0885922
0.167076
0.243819
0.107865
0.0988319
0.0533927
0.0647015
0.224111
0.0648045
0.105783
0.219807
0.243819
0.0293151
0.247289
0.247289
0.247289
0.247289
0.1831
0.247289
0.126749
0.0673945
0.0661755
0.247289
0.247289
0.247289
0.247289
0.179586
0.247289
0.247289
0.0852846
0.041215
0.0449346
0.0536195
0.16308
0.155483
0.0740523
0.0622023
0.0275809
0.0167289
0.00976682
0.0847716
0.11417
0.10989
0.17704
0.234572
0.156072
0.131275
0.0180964
0.0961467
0.220636
0.233354
0.233354
0.233354
0.199259
0.217875
0.224206
0.111134
0.094904
0.192738
0.105691
0.233354
0.233354
0.197443
0.0891268
0.144526
0.18634
0.00800208
0.0709242
0.0946132
0.105573
0.166528
0.220871
0.158051
0.0995873
0.0200818
0.0250324
0.135829
0.144743
0.185097
0.16953
0.233354
0.233354
0.0894051
0.056673
0.125678
0.179356
0.118835
0.238478
0.238478
0.223337
0.0766009
0.104662
0.238478
0.0345878
0.0941188
0.0743763
0.124153
0.174428
0.118086
0.0699544
0.0876638
0.117372
0.031333
0.138084
0.173678
0.224126
0.227668
0.238478
0.238478
0.0870592
0.0646156
0.119825
0.182867
0.231201
0.238478
0.238478
0.219695
0.141224
0.0843312
0.175444
0.0441782
0.121726
0.104431
0.199135
0.227469
0.160633
0.0840127
0.10311
0.169358
0.0571328
0.0897828
0.0420882
0.0971019
0.0627359
0.037197
0.0228232
0.0714755
0.100052
0.15272
0.215349
0.24934
0.24934
0.24934
0.24934
0.198177
0.132545
0.24934
0.24934
0.162208
0.0643389
0.24934
0.24934
0.122429
0.0947854
0.157388
0.24934
0.0827884
0.130901
0.0560179
0.124436
0.0780317
0.065104
0.0366695
0.123984
0.167091
0.118849
0.11067
0.0523301
0.0555144
0.0545555
0.0654515
0.068013
0.261255
0.277333
0.277333
0.19228
0.0614681
0.277333
0.277333
0.196351
0.172045
0.244206
0.277333
0.136032
0.111775
0.0832288
0.121754
0.206898
0.0336336
0.0361688
0.24915
0.277333
0.182239
0.164738
0.0928394
0.110481
0.13999
0.0676948
0.0714381
0.230336
0.230336
0.208008
0.116323
0.0673948
0.13681
0.230336
0.0636017
0.13564
0.230336
0.230336
0.179062
0.150986
0.140196
0.193467
0.197228
0.0481555
0.0641014
0.230336
0.230336
0.173599
0.0849094
0.151214
0.230336
0.20101
0.0656324
0.0801332
0.202317
0.230336
0.227196
0.206403
0.121102
0.227196
0.227196
0.0632675
0.0961298
0.202927
0.227196
0.122818
0.0951818
0.0606824
0.0947424
0.224879
0.044266
0.097908
0.217526
0.227196
0.227196
0.141395
0.192837
0.227196
0.227196
0.0768363
0.077514
0.219018
0.20108
0.0659031
0.106589
0.0697534
0.100017
0.194477
0.111924
0.0833919
0.179277
0.227196
0.121205
0.153527
0.168831
0.257031
0.257031
0.113491
0.078644
0.0437373
0.0255066
0.0118486
0.0978117
0.182161
0.17093
0.257031
0.257031
0.257031
0.257031
0.0275919
0.060936
0.148241
0.246535
0.257031
0.257031
0.131783
0.0596814
0.0543336
0.0329017
0.024298
0.159425
0.257031
0.257031
0.177839
0.0748098
0.0460493
0.0339683
0.0122805
0.00614037
0.0825551
0.130858
0.153959
0.243564
0.243564
0.240825
0.213487
0.0264584
0.0370872
0.208758
0.243564
0.243564
0.243564
0.243564
0.243564
0.120526
0.0639094
0.0171739
0.110442
0.243564
0.243564
0.146672
0.0661274
0.0381503
0.0327524
0.0157577
0.0240138
0.0604598
0.0693011
0.107353
0.243564
0.224327
0.235772
0.150494
0.0311746
0.029981
0.162913
0.211722
0.225376
0.225376
0.225376
0.225376
0.0742144
0.0357651
0.127773
0.218138
0.225376
0.225376
0.225376
0.225376
0.223249
0.163192
0.185538
0.0331115
0.0515303
0.0544506
0.117528
0.225376
0.133564
0.142031
0.0987043
0.0235761
0.0869958
0.123658
0.0925639
0.131818
0.191463
0.213583
0.225376
0.148867
0.126958
0.0939332
0.175058
0.223133
0.236658
0.245268
0.202837
0.187739
0.141863
0.155431
0.129293
0.112219
0.0935997
0.194243
0.246091
0.0874585
0.0674727
0.089908
0.171878
0.107563
0.092899
0.097361
0.140132
0.159225
0.129822
0.184463
0.145717
0.246091
0.0842061
0.157377
0.246091
0.246091
0.127767
0.149286
0.104575
0.131484
0.246091
0.145408
0.0894013
0.0862233
0.169988
0.25179
0.110738
0.0799942
0.102576
0.177342
0.061976
0.0523409
0.0484126
0.0660515
0.126287
0.0665353
0.0357342
0.135127
0.214962
0.148256
0.128916
0.26789
0.26789
0.149693
0.158639
0.0994168
0.169947
0.26789
0.200735
0.166928
0.26789
0.26789
0.248854
0.215703
0.0499658
0.146977
0.163143
0.105498
0.0701107
0.080764
0.0987289
0.158314
0.100771
0.0478511
0.140593
0.179913
0.0943421
0.04945
0.0637152
0.111362
0.0859803
0.0288882
0.0294075
0.0931423
0.119585
0.222821
0.201393
0.263168
0.263168
0.263168
0.262115
0.0802099
0.190591
0.179725
0.107025
0.0735777
0.170319
0.263168
0.263168
0.210907
0.170762
0.263168
0.221658
0.195251
0.115528
0.11801
0.2119
0.14593
0.0477068
0.0506085
0.155976
0.151772
0.0631075
0.0698696
0.0555951
0.0749948
0.113204
0.0533032
0.0417983
0.118635
0.168465
0.113826
0.126167
0.294735
0.294735
0.294735
0.294735
0.294735
0.294735
0.294735
0.0939249
0.0992322
0.104025
0.0852781
0.0877357
0.059068
0.0807326
0.124393
0.178536
0.117373
0.243386
0.258823
0.258823
0.258823
0.147165
0.0599765
0.0789758
0.0552188
0.0278415
0.140732
0.258823
0.258823
0.216471
0.0807603
0.0564588
0.0412593
0.0226164
0.0197055
0.00344929
0.025429
0.258823
0.258823
0.258823
0.211008
0.148703
0.134043
0.00560781
0.028532
0.21663
0.130949
0.196106
0.220848
0.16496
0.106667
0.027775
0.0274866
0.138827
0.253333
0.253333
0.221417
0.106276
0.0624249
0.0485093
0.0311629
0.0413081
0.112806
0.154747
0.209651
0.253333
0.253333
0.253333
0.168108
0.0481966
0.0110527
0.0310036
0.241499
0.175661
0.184008
0.246387
0.160392
0.0730303
0.034591
0.0395431
0.0654248
0.253333
0.253333
0.253333
0.213648
0.115308
0.0554556
0.0339373
0.0432733
0.0749324
0.109633
0.196512
0.243135
0.150125
0.14605
0.106524
0.0296879
0.103889
0.154218
0.126119
0.174542
0.234267
0.243135
0.243135
0.243135
0.141203
0.0286536
0.0562767
0.243135
0.220749
0.243135
0.140688
0.0569172
0.0213392
0.017635
0.0262674
0.0478692
0.203983
0.243135
0.243135
0.243135
0.192445
0.166808
0.109594
0.0832667
0.0790686
0.0855441
0.132142
0.142594
0.1292
0.224785
0.189704
0.207744
0.0385503
0.126971
0.275026
0.275026
0.215218
0.186355
0.1383
0.11661
0.250619
0.0227094
0.0321828
0.15831
0.168743
0.275026
0.183118
0.107639
0.0836096
0.078974
0.0198345
0.0121266
0.0712875
0.275026
0.275026
0.275026
0.127113
0.0773576
0.0781829
0.0834652
0.0829758
0.257555
0.257555
0.197651
0.150512
0.116833
0.12225
0.257555
0.135547
0.0968944
0.199002
0.257555
0.242299
0.189469
0.048918
0.117457
0.110795
0.0376625
0.0259911
0.0740692
0.257555
0.257555
0.257555
0.123128
0.0797616
0.0972194
0.0609772
0.068966
0.121633
0.257555
0.257555
0.190851
0.0813413
0.0589737
0.00675255
0.174541
0.115036
0.23994
0.23994
0.23994
0.214267
0.0558316
0.137017
0.127759
0.073298
0.062529
0.140831
0.194421
0.232285
0.104813
0.0741881
0.190378
0.107918
0.0847289
0.110965
0.202942
0.23994
0.23994
0.206251
0.122826
0.0725194
0.0264269
0.0435475
0.190256
0.23994
0.23994
0.23994
0.103506
0.113795
0.182939
0.0829146
0.0581845
0.0641524
0.185836
0.248279
0.248279
0.118191
0.0997522
0.212107
0.123098
0.0541355
0.0510351
0.0469771
0.0654115
0.0704722
0.047609
0.045207
0.0788721
0.0917018
0.0394206
0.176576
0.248279
0.248279
0.248279
0.171409
0.194998
0.201566
0.141221
0.084087
0.185126
0.248279
0.248279
0.248279
0.248279
0.117038
0.0761698
0.248279
0.0271413
0.012717
0.0413798
0.214661
0.260922
0.260922
0.148319
0.138565
0.152793
0.00831281
0.0212905
0.197617
0.147897
0.195722
0.260922
0.191279
0.105599
0.0295134
0.0288072
0.026907
0.0962546
0.260922
0.260922
0.258997
0.135418
0.0741909
0.0494619
0.0356068
0.0563865
0.0665584
0.225756
0.260922
0.260922
0.260922
0.16551
0.0483277
0.0140418
0.0243177
0.203729
0.17395
0.174863
0.250031
0.166444
0.0783015
0.0304288
0.026461
0.0466669
0.269717
0.273769
0.273769
0.191986
0.0930298
0.0356866
0.0336522
0.0526481
0.0574755
0.0486695
0.197977
0.273769
0.273769
0.226766
0.149788
0.0649785
0.00920018
0.00932641
0.0163166
0.07922
0.273769
0.273769
0.239279
0.160818
0.103933
0.0259441
0.0520237
0.25804
0.25804
0.25804
0.158551
0.0623417
0.0188746
0.0227489
0.0265352
0.0571825
0.226064
0.25804
0.25804
0.25804
0.25804
0.246482
0.145223
0.0094185
0.0104259
0.0285735
0.0681727
0.25804
0.25804
0.143506
0.141656
0.112409
0.0459611
0.0524982
0.199758
0.198733
0.214975
0.164821
0.0702639
0.0555263
0.0769074
0.0297918
0.0443161
0.174535
0.243708
0.332672
0.265935
0.1922
0.147157
0.106543
0.0257077
0.00753765
0.0679123
0.332672
0.332672
0.332672
0.229835
0.128621
0.101364
0.0248447
0.0358251
0.142465
0.142599
0.124531
0.0932504
0.0412198
0.0313867
0.0475557
0.0401423
0.0765423
0.330611
0.206528
0.0712033
0.0359424
0.0334897
0.016373
0.0104215
0.0620627
0.0366898
0.0971431
0.316902
0.316902
0.316902
0.235487
0.138005
0.122959
0.0967899
0.0830658
0.165739
0.316902
0.316902
0.255052
0.116608
0.0860337
0.0123152
0.033676
0.0617686
0.256389
0.190192
0.0630586
0.0336395
0.0378854
0.0158507
0.00629516
0.0672648
0.037328
0.0950135
0.13794
0.316902
0.0702942
0.0400342
0.0255776
0.0915632
0.117591
0.118735
0.243911
0.264859
0.264859
0.197395
0.117049
0.0686137
0.0206008
0.0527038
0.178863
0.264859
0.264859
0.260232
0.14194
0.118219
0.212645
0.0582639
0.0673376
0.0366796
0.0982192
0.131689
0.258651
0.0752614
0.0460372
0.0374334
0.0788207
0.0524813
0.0745076
0.114838
0.264859
0.264859
0.264859
0.103562
0.116862
0.132153
0.0327245
0.114723
0.24222
0.24222
0.199129
0.142272
0.121576
0.137393
0.0825647
0.0659096
0.10888
0.214446
0.24222
0.24222
0.209274
0.0985631
0.0772692
0.220915
0.0498958
0.0542256
0.103766
0.197618
0.24222
0.226885
0.0844914
0.10024
0.112246
0.0341762
0.0784374
0.192413
0.24222
0.24222
0.24222
0.15511
0.178497
0.0937508
