0.0842737
0.122763
0.153604
0.202729
0.231748
0.175759
0.167068
0.100321
0.121255
0.137953
0.209225
0.227761
0.152621
0.231748
0.231748
0.10133
0.113837
0.0849323
0.0674753
0.181629
0.222118
0.117859
0.231748
0.188914
0.0455035
0.134245
0.150856
0.0700908
0.204027
0.16508
0.0656886
0.208522
0.156981
0.115629
0.231748
0.231748
0.110828
0.145353
0.185754
0.157679
0.223775
0.223775
0.0901818
0.090359
0.0618672
0.0988751
0.223775
0.138264
0.157031
0.223775
0.203995
0.147324
0.214875
0.130671
0.0783607
0.21598
0.134203
0.091961
0.223775
0.161417
0.0828326
0.223775
0.160013
0.110868
0.223775
0.223775
0.159646
0.223775
0.110542
0.0855881
0.16662
0.182869
0.0932973
0.185079
0.127979
0.174495
0.210559
0.172392
0.17551
0.210559
0.130561
0.158903
0.210559
0.163344
0.146845
0.183977
0.167534
0.182659
0.180604
0.0901342
0.120383
0.210559
0.210559
0.179689
0.210559
0.146288
0.0919984
0.157852
0.136788
0.169146
0.19412
0.16726
0.144145
0.210559
0.158308
0.0975011
0.182702
0.0975444
0.176516
0.212972
0.212972
0.212972
0.212972
0.155688
0.176437
0.175887
0.0990755
0.0916416
0.169363
0.0843448
0.117455
0.212972
0.142519
0.212972
0.153567
0.118032
0.195683
0.198842
0.198726
0.184076
0.212972
0.212972
0.131951
0.212972
0.118923
0.0730641
0.0863432
0.0586607
0.101811
0.198463
0.123237
0.119813
0.186716
0.18851
0.115976
0.21907
0.158401
0.217506
0.21907
0.150123
0.205639
0.153586
0.176701
0.0597504
0.0963413
0.138557
0.150405
0.21907
0.136831
0.192235
0.184845
0.14831
0.0945758
0.130994
0.110033
0.172485
0.21907
0.15796
0.142435
0.21907
0.21907
0.0518788
0.111563
0.137094
0.202013
0.21907
0.11129
0.21907
0.186565
0.0945119
0.076444
0.0864597
0.158379
0.178493
0.215725
0.124062
0.169602
0.164834
0.142001
0.150181
0.215725
0.159625
0.215725
0.215725
0.114395
0.128952
0.13797
0.155766
0.113136
0.156435
0.184169
0.202332
0.215725
0.0956286
0.215725
0.160079
0.0646393
0.170924
0.215725
0.215725
0.205018
0.215725
0.114502
0.150183
0.111637
0.167068
0.120269
0.213281
0.164814
0.188882
0.213281
0.0970891
0.109185
0.123709
0.122879
0.17853
0.213281
0.116695
0.114547
0.195242
0.195299
0.160032
0.163262
0.213281
0.193305
0.208126
0.207546
0.171951
0.213281
0.097932
0.108648
0.0848688
0.143993
0.145425
0.213281
0.150197
0.213281
0.213281
0.155763
0.0795389
0.0927904
0.185292
0.087208
0.181171
0.18779
0.111062
0.22277
0.168515
0.0469308
0.137953
0.146991
0.082422
0.18921
0.144101
0.0733933
0.22277
0.195477
0.130224
0.22277
0.22277
0.0850182
0.22277
0.22277
0.198131
0.218144
0.178287
0.103925
0.156934
0.102434
0.0697276
0.15107
0.181014
0.22277
0.181624
0.112439
0.136329
0.171915
0.208412
0.0856033
0.201591
0.116918
0.0808618
0.22121
0.181224
0.0849891
0.22121
0.155224
0.101854
0.22121
0.22121
0.184025
0.22121
0.145749
0.0771287
0.164367
0.177651
0.0539725
0.106885
0.139292
0.22121
0.204468
0.129438
0.158732
0.156937
0.142542
0.190352
0.22121
0.22121
0.190417
0.22121
0.119843
0.104589
0.142504
0.129261
0.100438
0.213818
0.200272
0.191562
0.213818
0.18408
0.0861409
0.192985
0.143525
0.185524
0.213481
0.166776
0.160292
0.213818
0.194643
0.0719442
0.140339
0.104693
0.148313
0.174269
0.213818
0.196893
0.213818
0.127806
0.150855
0.18621
0.115582
0.152648
0.178973
0.147622
0.137248
0.213818
0.092671
0.0394522
0.147108
0.16256
0.178901
0.183753
0.170954
0.193046
0.207738
0.207738
0.110481
0.207738
0.123404
0.0737702
0.104605
0.0735952
0.101607
0.164337
0.137883
0.11154
0.194184
0.195493
0.159333
0.194489
0.139507
0.161142
0.207738
0.131795
0.0659358
0.207738
0.194146
0.171348
0.174065
0.204366
0.164388
0.202406
0.207738
0.108292
0.164219
0.196725
0.0817435
0.128457
0.115121
0.162176
0.175127
0.152212
0.129234
0.213779
0.213779
0.0669724
0.146557
0.128333
0.165674
0.213779
0.100247
0.213779
0.188154
0.108499
0.149997
0.164193
0.185169
0.145509
0.213779
0.213779
0.174184
0.213779
0.213779
0.166868
0.170286
0.213779
0.213779
0.178013
0.156045
0.127768
0.0945911
0.0958666
0.117153
0.199906
0.174425
0.184571
0.206533
0.0918065
0.206533
0.175131
0.091101
0.146433
0.206533
0.206533
0.151264
0.206533
0.123824
0.157841
0.145757
0.116274
0.159053
0.146883
0.206533
0.175966
0.186348
0.159876
0.160239
0.139804
0.125696
0.158045
0.164589
0.206533
0.206533
0.17252
0.158994
0.122215
0.127694
0.190648
0.168847
0.211295
0.211295
0.142728
0.211295
0.119231
0.119927
0.105562
0.113483
0.186856
0.211295
0.110173
0.204355
0.211295
0.211295
0.102162
0.114975
0.176752
0.14214
0.137058
0.196048
0.186308
0.206051
0.179869
0.134479
0.139472
0.170582
0.0604072
0.107964
0.199766
0.211295
0.211295
0.181672
0.0686327
0.149611
0.169508
0.095817
0.209125
0.209125
0.188056
0.209125
0.157223
0.112292
0.132867
0.071858
0.0683432
0.124294
0.153932
0.209125
0.185327
0.136562
0.158222
0.196484
0.180569
0.0906973
0.125901
0.15942
0.205572
0.209125
0.209125
0.155918
0.144628
0.152529
0.139794
0.160817
0.198183
0.187947
0.198132
0.138823
0.170755
0.209125
0.167888
0.0640165
0.108794
0.142709
0.210694
0.210694
0.131858
0.145099
0.189691
0.162042
0.210694
0.210694
0.210694
0.210694
0.210694
0.12111
0.0894883
0.159875
0.106039
0.129723
0.195229
0.209478
0.192267
0.199079
0.114358
0.127076
0.162888
0.150943
0.163504
0.210694
0.138649
0.116085
0.10817
0.188127
0.190624
0.210694
0.0847623
0.148334
0.193213
0.203607
0.218752
0.218752
0.121721
0.110813
0.207487
0.116922
0.137227
0.205163
0.164589
0.160819
0.218752
0.144567
0.0504146
0.108763
0.16117
0.125493
0.218752
0.139814
0.13028
0.151377
0.129693
0.168719
0.20807
0.0830888
0.134504
0.218752
0.172297
0.163511
0.218752
0.218752
0.172716
0.15506
0.0790388
0.115861
0.197003
0.142002
0.182082
0.221519
0.162704
0.064616
0.156849
0.16898
0.134197
0.164589
0.205036
0.151225
0.177875
0.205469
0.118012
0.14863
0.177127
0.119485
0.221519
0.192812
0.190374
0.221519
0.221519
0.168805
0.18005
0.0741906
0.124521
0.172511
0.149876
0.175723
0.221519
0.153429
0.0640481
0.106916
0.149139
0.130464
0.162738
0.197171
0.147635
0.205852
0.212348
0.170389
0.212348
0.208956
0.150209
0.158644
0.212348
0.201802
0.191807
0.17694
0.0997956
0.0917254
0.0908402
0.137384
0.179576
0.154746
0.177681
0.212348
0.152385
0.0834466
0.165087
0.192342
0.136907
0.131599
0.212348
0.212348
0.201648
0.0971835
0.0950377
0.0795548
0.156279
0.152212
0.150425
0.20817
0.170346
0.200951
0.190426
0.1414
0.138853
0.127821
0.132408
0.145646
0.187894
0.20817
0.187226
0.171953
0.126552
0.143093
0.154248
0.134762
0.155248
0.20817
0.20817
0.20817
0.137928
0.120265
0.106219
0.160657
0.119872
0.205218
0.121523
0.199546
0.20817
0.171004
0.20817
0.093644
0.169437
0.124522
0.127755
0.187202
0.195553
0.208343
0.207264
0.148763
0.149901
0.148292
0.0901929
0.120772
0.137451
0.208343
0.208343
0.208343
0.118275
0.196359
0.147466
0.113911
0.16278
0.128718
0.146274
0.208343
0.202049
0.208343
0.122254
0.182742
0.127639
0.208343
0.183004
0.147838
0.190801
0.149247
0.206656
0.109826
0.117884
0.103539
0.103666
0.169846
0.210032
0.210032
0.210032
0.193067
0.153101
0.120653
0.141397
0.173966
0.203053
0.200078
0.209419
0.172595
0.18056
0.210032
0.144256
0.0567734
0.107467
0.177144
0.182426
0.210032
0.206829
0.132826
0.137192
0.0940052
0.0835395
0.161324
0.202134
0.171419
0.210032
0.0913426
0.130701
0.205549
0.112787
0.135007
0.196988
0.209556
0.196897
0.19932
0.134339
0.105558
0.199408
0.139854
0.180336
0.209556
0.160039
0.129459
0.141601
0.178089
0.178351
0.209556
0.0881972
0.106186
0.175535
0.204957
0.157803
0.209556
0.143479
0.0853325
0.144185
0.102419
0.119813
0.187971
0.209556
0.209556
0.209556
0.175089
0.141172
0.17414
0.0597961
0.130638
0.217381
0.137315
0.142766
0.201771
0.138181
0.137631
0.209462
0.0993402
0.107246
0.217381
0.131503
0.178781
0.217381
0.217381
0.158954
0.140304
0.0971771
0.118604
0.144162
0.202713
0.191416
0.217381
0.217381
0.136918
0.177802
0.114731
0.0759111
0.150331
0.145377
0.217381
0.217381
0.142505
0.156954
0.150638
0.157425
0.0929241
0.223983
0.140965
0.223983
0.223983
0.198514
0.145034
0.156563
0.0772927
0.105664
0.165517
0.166274
0.163065
0.219088
0.122708
0.0933468
0.117617
0.158505
0.082924
0.116415
0.126645
0.223983
0.223983
0.196595
0.153868
0.171779
0.196572
0.140938
0.223936
0.189487
0.14663
0.219121
0.135939
0.221099
0.106324
0.0718139
0.124078
0.190166
0.213645
0.195577
0.213645
0.113294
0.103291
0.168558
0.189575
0.123947
0.141342
0.213645
0.21204
0.213645
0.112819
0.0748466
0.0949799
0.151022
0.129272
0.201856
0.213645
0.188283
0.213645
0.213645
0.213645
0.139138
0.0975222
0.0866978
0.129738
0.159036
0.196643
0.213645
0.1236
0.127517
0.12243
0.156412
0.116449
0.162158
0.219693
0.219693
0.219693
0.152356
0.0918525
0.121371
0.170588
0.101488
0.177178
0.107309
0.209607
0.21788
0.137715
0.175152
0.0934378
0.155781
0.0612631
0.109777
0.196352
0.219693
0.219693
0.188896
0.152023
0.168773
0.19772
0.0464014
0.219693
0.15415
0.219693
0.219693
0.101603
0.165188
0.136271
0.0920115
0.0969377
0.157753
0.129448
0.17402
0.217984
0.188878
0.196593
0.123116
0.198175
0.146372
0.217984
0.200649
0.194732
0.186562
0.190619
0.212348
0.132442
0.105896
0.0426184
0.193264
0.170138
0.217984
0.217984
0.133753
0.17089
0.165798
0.116828
0.0932391
0.194612
0.185344
0.217984
0.217984
0.100069
0.0633354
0.0696224
0.0639511
0.0974523
0.132665
0.156632
0.187061
0.185553
0.221776
0.132163
0.129436
0.0867281
0.104757
0.177548
0.165461
0.223015
0.223015
0.103389
0.0988865
0.184072
0.089999
0.1309
0.220557
0.0884832
0.223015
0.223015
0.212301
0.171277
0.146882
0.195713
0.173375
0.202816
0.075646
0.223015
0.223015
0.13056
0.145468
0.0736088
0.169845
0.112508
0.174145
0.168289
0.184184
0.214287
0.163863
0.0763695
0.148333
0.0934754
0.110399
0.151188
0.214287
0.203991
0.214287
0.198868
0.195676
0.168365
0.0712534
0.0967986
0.136524
0.0783184
0.195177
0.214287
0.152573
0.190498
0.118285
0.181867
0.137026
0.214287
0.214287
0.187871
0.214287
0.0917457
0.146011
0.207034
0.128273
0.112829
0.116674
0.213728
0.181849
0.213728
0.213728
0.17607
0.186004
0.123272
0.0905191
0.121388
0.126625
0.213728
0.213728
0.130559
0.149791
0.143912
0.169487
0.10394
0.204257
0.209209
0.151609
0.20502
0.143576
0.173433
0.211844
0.143124
0.144806
0.207679
0.131967
0.149101
0.174997
0.197546
0.0804166
0.117859
0.179986
0.0960792
0.113921
0.116584
0.219442
0.219442
0.178866
0.134142
0.159759
0.196368
0.138904
0.184163
0.215872
0.167105
0.212889
0.105393
0.219442
0.147894
0.110739
0.123291
0.172996
0.131134
0.191046
0.219442
0.219442
0.101024
0.146468
0.19268
0.121294
0.148825
0.0774894
0.185633
0.202803
0.133244
0.103816
0.219442
0.168242
0.113574
0.184343
0.218753
0.218753
0.218753
0.168267
0.217778
0.173499
0.120146
0.101896
0.162458
0.17202
0.193349
0.198094
0.119221
0.112796
0.131345
0.155671
0.120123
0.13139
0.0975154
0.218753
0.218753
0.159266
0.118889
0.218753
0.196227
0.194269
0.164616
0.158563
0.218753
0.218753
0.0934214
0.0830365
0.10477
0.0530824
0.0822342
0.168025
0.216405
0.216405
0.216405
0.185019
0.129431
0.185524
0.215322
0.0484928
0.216405
0.145465
0.216405
0.216405
0.0835712
0.18094
0.152062
0.098008
0.216405
0.191067
0.205373
0.216405
0.216405
0.112519
0.0825997
0.0993704
0.101255
0.12529
0.136433
0.106364
0.216405
0.171959
0.158769
0.15984
0.138306
0.0747555
0.0509068
0.189889
0.171163
0.23184
0.23184
0.122207
0.169569
0.185876
0.139442
0.136723
0.23184
0.225008
0.23184
0.23184
0.141513
0.0744129
0.0852327
0.071807
0.108059
0.135648
0.143146
0.222635
0.198956
0.172992
0.157909
0.156514
0.123544
0.157117
0.192177
0.104958
0.23184
0.23184
0.086962
0.126519
0.107042
0.0938981
0.169495
0.228821
0.120516
0.228821
0.228821
0.208035
0.143051
0.154618
0.18934
0.203416
0.225174
0.0909524
0.228821
0.228821
0.141787
0.109119
0.0861494
0.169273
0.0894244
0.11718
0.0855608
0.228821
0.19801
0.147886
0.168522
0.17979
0.13008
0.080771
0.169403
0.118354
0.14815
0.205179
0.180172
0.115913
0.140557
0.0628844
0.115821
0.168097
0.0998793
0.217072
0.217072
0.172248
0.170529
0.141445
0.194647
0.13169
0.217072
0.217072
0.217072
0.217072
0.142304
0.217072
0.209275
0.134723
0.0548093
0.12345
0.105399
0.121476
0.162253
0.181688
0.126071
0.153736
0.0808802
0.136454
0.217072
0.121753
0.182722
0.195571
0.183214
0.118264
0.16304
0.162716
0.0778392
0.167567
0.205567
0.173112
0.194888
0.157698
0.206644
0.191488
0.132035
0.138334
0.188195
0.146298
0.181279
0.18329
0.176211
0.095925
0.10526
0.168009
0.114622
0.206644
0.146124
0.143824
0.148536
0.181724
0.13715
0.135388
0.142022
0.132565
0.206081
0.195538
0.206644
0.206644
0.173292
0.162988
0.206644
0.136965
0.107218
0.178462
0.142049
0.208143
0.214801
0.207912
0.104707
0.123604
0.171007
0.108622
0.103451
0.0882126
0.174343
0.183745
0.105162
0.101819
0.214801
0.167574
0.157577
0.214801
0.214801
0.214801
0.214801
0.214801
0.182994
0.214801
0.151052
0.126824
0.214801
0.0647354
0.116319
0.138988
0.197683
0.184633
0.151874
0.0689162
0.119091
0.139588
0.11721
0.221183
0.221183
0.145425
0.126562
0.221183
0.211605
0.161289
0.192137
0.208607
0.221183
0.221183
0.108969
0.0824209
0.085584
0.0587371
0.171437
0.221183
0.099328
0.153086
0.189682
0.221183
0.204992
0.212259
0.0986646
0.101141
0.221183
0.180205
0.174051
0.143715
0.134593
0.0704421
0.167275
0.0565458
0.215065
0.217515
0.217515
0.217515
0.217515
0.13067
0.0758053
0.0931959
0.102193
0.118647
0.128902
0.138289
0.217515
0.200546
0.155095
0.21578
0.155893
0.0924935
0.124652
0.217515
0.198092
0.168549
0.168163
0.161853
0.123046
0.19809
0.0828023
0.198844
0.169894
0.190882
0.193815
0.217515
0.0963453
0.132598
0.110333
0.0822237
0.11782
0.134157
0.142714
0.22381
0.214578
0.150347
0.180602
0.173
0.120416
0.192324
0.22381
0.0930693
0.22381
0.22381
0.106202
0.14309
0.11203
0.0878797
0.156011
0.137283
0.134414
0.144343
0.179325
0.122819
0.217651
0.141296
0.1003
0.217798
0.22381
0.121839
0.180628
0.22381
0.0426992
0.22381
0.176538
0.138285
0.0868299
0.132034
0.149875
0.228595
0.228595
0.131905
0.153884
0.212829
0.179245
0.0912957
0.166224
0.150379
0.167296
0.228595
0.171579
0.123662
0.162648
0.124955
0.0589719
0.131195
0.19828
0.228595
0.228595
0.154287
0.182888
0.195988
0.125686
0.0916182
0.163397
0.182872
0.120577
0.228595
0.157544
0.13303
0.157618
0.158938
0.0714638
0.139321
0.135085
0.14863
0.223157
0.16316
0.119497
0.166976
0.144623
0.171749
0.223157
0.1475
0.223157
0.221937
0.21604
0.145943
0.15785
0.184166
0.0726143
0.10599
0.130953
0.129069
0.223157
0.150027
0.164556
0.163459
0.180838
0.172636
0.223157
0.121506
0.188821
0.208018
0.16017
0.187351
0.0727059
0.142402
0.118861
0.208369
0.13517
0.169513
0.15378
0.180412
0.139989
0.120498
0.145556
0.147579
0.208369
0.181245
0.204807
0.208369
0.191597
0.172409
0.200519
0.156714
0.102228
0.208369
0.115312
0.148855
0.136978
0.123121
0.16661
0.0852009
0.126592
0.149785
0.208369
0.189239
0.208369
0.182629
0.197643
0.13633
0.12468
0.208369
0.155417
0.211558
0.209633
0.198418
0.211558
0.211558
0.18292
0.211558
0.157084
0.104936
0.211558
0.0748774
0.111952
0.156843
0.150034
0.152163
0.131163
0.0729771
0.155392
0.211558
0.211558
0.211558
0.189852
0.196479
0.1278
0.147326
0.172903
0.100301
0.127618
0.082209
0.167204
0.199903
0.140766
0.102414
0.211558
0.107636
0.148107
0.21561
0.0961287
0.135502
0.207441
0.188062
0.166554
0.17699
0.100927
0.0737624
0.21561
0.181229
0.1241
0.167263
0.146356
0.103184
0.134911
0.0564031
0.150969
0.201198
0.13906
0.21561
0.212125
0.169799
0.153644
0.21561
0.100291
0.136961
0.176886
0.191162
0.21561
0.21561
0.21561
0.197335
0.159063
0.0367577
0.0879068
0.213862
0.158457
0.122822
0.160446
0.152641
0.142247
0.165695
0.0720138
0.141239
0.178426
0.190462
0.17729
0.191865
0.0875947
0.108878
0.0869456
0.0618362
0.103325
0.176942
0.219704
0.219704
0.190514
0.219704
0.219704
0.190361
0.0281544
0.193938
0.193231
0.178099
0.199278
0.219704
0.219704
0.164557
0.14112
0.137492
0.13435
0.151051
0.139185
0.16907
0.160216
0.117357
0.193008
0.150074
0.0845882
0.210335
0.210335
0.098866
0.186078
0.210335
0.050143
0.186481
0.164901
0.129952
0.161152
0.17767
0.210335
0.210335
0.210335
0.175332
0.210335
0.169294
0.158673
0.094698
0.188799
0.1569
0.178391
0.210335
0.121432
0.1208
0.162756
0.1616
0.0300757
0.0880397
0.169461
0.240457
0.251029
0.112014
0.141796
0.197481
0.152398
0.0591207
0.112031
0.167882
0.109631
0.251029
0.0915836
0.103561
0.122958
0.154849
0.196909
0.124152
0.175843
0.251029
0.251029
0.17501
0.225665
0.251029
0.251029
0.0606529
0.0974555
0.182004
0.164384
0.159549
0.131827
0.106521
0.132521
0.0751813
0.0726148
0.105119
0.161754
0.148214
0.222755
0.126164
0.158279
0.186801
0.222755
0.188427
0.222755
0.128112
0.190125
0.205568
0.159716
0.141411
0.103454
0.153162
0.0881355
0.1195
0.165589
0.222755
0.222755
0.147866
0.142314
0.168847
0.120074
0.0935545
0.222755
0.181008
0.222755
0.178455
0.13201
0.198105
0.121346
0.151921
0.123789
0.215748
0.12868
0.152172
0.13997
0.123632
0.131519
0.117697
0.149617
0.179367
0.215748
0.203173
0.207251
0.202754
0.215748
0.183897
0.118681
0.215748
0.100354
0.215748
0.134721
0.215748
0.1516
0.130309
0.171203
0.115885
0.134509
0.0816027
0.215748
0.169842
0.215748
0.215748
0.215748
0.0993864
0.0728406
0.0771781
0.178316
0.211835
0.211835
0.211835
0.203072
0.19435
0.159151
0.139331
0.200161
0.110915
0.150481
0.109418
0.151453
0.211835
0.148014
0.0979252
0.211835
0.128212
0.0963563
0.211835
0.163404
0.211835
0.210797
0.211835
0.11169
0.126859
0.101519
0.0603806
0.0799804
0.115587
0.120909
0.181185
0.111055
0.188084
0.211835
0.211835
0.144566
0.207445
0.137438
0.196152
0.215231
0.156002
0.141387
0.217553
0.10262
0.101515
0.156447
0.173889
0.19965
0.191482
0.217553
0.21037
0.132245
0.0487958
0.0566423
0.102432
0.161714
0.142118
0.189291
0.0945206
0.197565
0.217553
0.217553
0.061
0.217553
0.185597
0.217553
0.217553
0.122735
0.150942
0.0975184
0.105712
0.0775024
0.153452
0.215557
0.215557
0.141985
0.215557
0.215557
0.170857
0.0437396
0.146945
0.190617
0.174935
0.168991
0.208754
0.175189
0.111551
0.125921
0.0906266
0.0750997
0.215557
0.215557
0.215557
0.215557
0.142084
0.133786
0.105311
0.0982236
0.131207
0.209093
0.107849
0.16413
0.215557
0.16005
0.0878289
0.17135
0.215557
0.154672
0.200827
0.209295
0.207649
0.203479
0.167687
0.175355
0.185597
0.136309
0.0814663
0.18225
0.153666
0.149409
0.209295
0.114261
0.0910074
0.166566
0.149368
0.190002
0.209295
0.165372
0.203421
0.209295
0.163844
0.0924411
0.197411
0.209295
0.0500407
0.184794
0.208334
0.181499
0.175622
0.137935
0.0858801
0.0984412
0.0632614
0.150517
0.106801
0.168605
0.226574
0.256167
0.140877
0.19295
0.256167
0.256167
0.0393462
0.0826196
0.206696
0.15212
0.125097
0.0987767
0.101546
0.11534
0.0694751
0.1888
0.187013
0.230591
0.211579
0.184677
0.174691
0.134363
0.177317
0.256167
0.0210581
0.0976666
0.194628
0.178129
0.118799
0.1026
0.140315
0.122415
0.130179
0.0706499
0.110627
0.21239
0.202928
0.166733
0.134075
0.153523
0.180637
0.136002
0.0973979
0.21239
0.186472
0.21239
0.139663
0.12964
0.161816
0.152283
0.162555
0.0263238
0.127927
0.21239
0.21239
0.160967
0.137694
0.21239
0.176785
0.186457
0.0867829
0.163742
0.15678
0.164531
0.175097
0.129055
0.206442
0.21239
0.21239
0.114539
0.211626
0.170073
0.211626
0.124722
0.137754
0.159385
0.15736
0.166557
0.0874544
0.211626
0.208854
0.211626
0.211626
0.211626
0.128308
0.113521
0.108133
0.0928814
0.164028
0.161491
0.164964
0.174517
0.134878
0.175371
0.194917
0.167308
0.163354
0.210963
0.181568
0.211626
0.211626
0.151712
0.110919
0.125678
0.0737418
0.106093
0.214395
0.214395
0.214395
0.214395
0.211346
0.135712
0.139259
0.119748
0.0576963
0.0867105
0.144326
0.125185
0.1675
0.147588
0.210065
0.214395
0.214395
0.165602
0.21359
0.157628
0.214395
0.201515
0.169103
0.112677
0.118508
0.0706502
0.0578047
0.108557
0.115372
0.0906093
0.137033
0.214164
0.214395
0.214395
0.191854
0.051491
0.100968
0.17202
0.118166
0.148424
0.127878
0.197501
0.218421
0.218421
0.049775
0.200103
0.190546
0.218421
0.218421
0.132534
0.143723
0.0989307
0.122002
0.0529474
0.123787
0.150559
0.128873
0.149751
0.210235
0.218421
0.156618
0.141641
0.128936
0.218421
0.218421
0.218421
0.218421
0.154345
0.132857
0.172048
0.196989
0.0750281
0.223851
0.223851
0.223851
0.223851
0.17008
0.149099
0.130499
0.123524
0.126148
0.200745
0.127033
0.179624
0.197832
0.138608
0.062078
0.172472
0.186976
0.12278
0.223851
0.223851
0.223851
0.223851
0.16919
0.123802
0.162839
0.192159
0.0689484
0.223851
0.160555
0.126709
0.176898
0.097807
0.087492
0.0752317
0.0720262
0.213967
0.213967
0.208527
0.213967
0.213967
0.179944
0.0739232
0.213967
0.213967
0.0691811
0.196646
0.200357
0.190915
0.187258
0.146502
0.0920795
0.10726
0.0790227
0.0797765
0.187082
0.179549
0.144594
0.213967
0.146898
0.153474
0.125992
0.13278
0.088874
0.209712
0.181612
0.168906
0.213967
0.13811
0.107556
0.104812
0.146458
0.204916
0.226636
0.236601
0.196276
0.181503
0.133837
0.136193
0.210455
0.236601
0.0164131
0.109797
0.236601
0.213097
0.106187
0.0783827
0.160341
0.116042
0.117604
0.0864311
0.161957
0.200739
0.181027
0.235763
0.231348
0.125811
0.223619
0.190385
0.129695
0.0998066
0.123315
0.172913
0.174188
0.137997
0.0973624
0.0857041
0.0476831
0.0228605
0.131277
0.219404
0.219404
0.139735
0.0995573
0.219404
0.144738
0.153641
0.0847442
0.149214
0.174288
0.161201
0.170576
0.135879
0.219404
0.174994
0.185743
0.117684
0.15162
0.152385
0.219404
0.219404
0.140876
0.163056
0.127471
0.0452804
0.100362
0.215035
0.219404
0.164101
0.219404
0.133111
0.219404
0.219404
0.051241
0.0831446
0.135361
0.173035
0.155646
0.174599
0.131568
0.191772
0.162759
0.140898
0.120843
0.183334
0.187455
0.217152
0.217152
0.156049
0.135518
0.144205
0.078881
0.0795784
0.217152
0.217152
0.15554
0.217152
0.104615
0.217152
0.217152
0.0626289
0.0752598
0.215971
0.217152
0.217152
0.217152
0.153227
0.152176
0.130149
0.0614137
0.122441
0.183314
0.175603
0.220267
0.195979
0.160458
0.120049
0.131654
0.0794351
0.0390922
0.0948848
0.108938
0.101016
0.139584
0.19723
0.220267
0.213628
0.175917
0.0668364
0.182537
0.220267
0.220267
0.220267
0.170591
0.199395
0.197045
0.0805549
0.0752838
0.177748
0.138668
0.194596
0.107213
0.220267
0.220267
0.220267
0.0695276
0.0469932
0.122679
0.156932
0.125841
0.148071
0.213433
0.2105
0.160798
0.133945
0.129496
0.205362
0.214317
0.232052
0.232052
0.162291
0.117652
0.151777
0.229335
0.0573187
0.143457
0.169694
0.160572
0.0874434
0.232052
0.232052
0.232052
0.102739
0.103912
0.166551
0.145899
0.162778
0.125376
0.144785
0.186694
0.156096
0.133774
0.113597
0.172223
0.222626
0.222626
0.222626
0.175154
0.120764
0.138075
0.192418
0.0734862
0.184082
0.138319
0.119726
0.188367
0.114176
0.0806656
0.0760861
0.0571844
0.113679
0.178766
0.147736
0.115398
0.107426
0.181689
0.222626
0.180921
0.160864
0.151631
0.222626
0.222626
0.0981479
0.112301
0.222626
0.222626
0.211574
0.222626
0.0787944
0.166353
0.141301
0.112781
0.214005
0.151888
0.133144
0.111642
0.0922082
0.090024
0.162669
0.11779
0.146434
0.197475
0.126099
0.0818249
0.0904298
0.122316
0.222667
0.228139
0.216356
0.147611
0.180454
0.228139
0.228139
0.215264
0.211857
0.10828
0.228139
0.228139
0.198596
0.228139
0.0822527
0.109083
0.138553
0.167276
0.103355
0.180908
0.197183
0.163286
0.22167
0.22167
0.147666
0.22167
0.217725
0.142049
0.148699
0.131543
0.18695
0.178806
0.139791
0.11285
0.0941016
0.0556319
0.154256
0.14671
0.22167
0.104104
0.172529
0.172161
0.11548
0.190336
0.22167
0.177616
0.22167
0.22167
0.177398
0.22167
0.0767544
0.099257
0.0606714
0.102121
0.102783
0.167647
0.12713
0.197194
0.214256
0.110084
0.126052
0.107874
0.0472536
0.0951718
0.18742
0.222736
0.169418
0.210327
0.149774
0.222736
0.179602
0.0522558
0.11226
0.21272
0.222736
0.222736
0.222736
0.0605684
0.116607
0.114266
0.122078
0.18146
0.203816
0.128526
0.163842
0.121427
0.113905
0.219197
0.222736
0.222736
0.0883362
0.194721
0.221339
0.183217
0.221339
0.125709
0.221339
0.207063
0.0659958
0.0693309
0.168694
0.221339
0.221339
0.221339
0.169671
0.16293
0.110628
0.0711287
0.165016
0.221339
0.1627
0.207268
0.122774
0.082306
0.205634
0.221339
0.221339
0.123736
0.221339
0.181416
0.0763703
0.0867696
0.0493414
0.0845374
0.112242
0.131589
0.0744213
0.162525
0.217462
0.229379
0.229379
0.17371
0.189879
0.19609
0.10042
0.0841625
0.188751
0.136486
0.218645
0.128249
0.229379
0.229379
0.229379
0.10805
0.146404
0.229379
0.198688
0.0878347
0.11402
0.0462466
0.0987636
0.110886
0.135849
0.13873
0.162646
0.0942388
0.150558
0.175688
0.0453438
0.203966
0.229379
0.156139
0.0783415
0.174465
0.15693
0.171194
0.104369
0.225821
0.225821
0.225821
0.135435
0.149055
0.147855
0.122594
0.202235
0.166139
0.134426
0.169777
0.156683
0.189666
0.146959
0.179394
0.125037
0.166671
0.225821
0.0727175
0.194541
0.225821
0.145945
0.135464
0.141613
0.149423
0.125487
0.15516
0.0825692
0.203109
0.225821
0.170311
0.121025
0.153718
0.113778
0.11557
0.109577
0.152328
0.198994
0.17024
0.175806
0.13923
0.212101
0.195728
0.107327
0.136816
0.183159
0.212101
0.174438
0.211869
0.120954
0.121548
0.125969
0.117451
0.165764
0.0942527
0.174446
0.212101
0.211978
0.183755
0.212101
0.212101
0.110415
0.211964
0.0930333
0.136691
0.212101
0.212101
0.162494
0.218563
0.168785
0.113954
0.151814
0.218563
0.218563
0.170396
0.175242
0.114898
0.211361
0.163783
0.15894
0.208773
0.084247
0.10415
0.107805
0.124762
0.210819
0.218563
0.215551
0.119619
0.218563
0.0982078
0.140735
0.218563
0.218563
0.0974487
0.156163
0.215399
0.104772
0.175605
0.116641
0.100214
0.128647
0.138925
0.145727
0.140052
0.165742
0.0944857
0.171574
0.179049
0.103211
0.187495
0.232027
0.181051
0.232027
0.232027
0.154894
0.217949
0.0828259
0.0952018
0.0616273
0.108188
0.121073
0.112774
0.159051
0.18119
0.143854
0.124235
0.133879
0.232027
0.232027
0.232027
0.232027
0.232027
0.166952
0.190343
0.0473907
0.0604135
0.107897
0.166914
0.120248
0.228275
0.228275
0.215896
0.21351
0.0670038
0.0923103
0.111517
0.120539
0.155457
0.203924
0.110537
0.150071
0.12785
0.128206
0.203688
0.228275
0.228275
0.228275
0.228275
0.224789
0.141432
0.169581
0.0653757
0.0736343
0.103111
0.197215
0.114239
0.138937
0.100021
0.05998
0.161578
0.0510115
0.168973
0.228275
0.228275
0.174954
0.2264
0.153101
0.2264
0.161424
0.117646
0.208726
0.2264
0.2264
0.14107
0.216172
0.203315
0.111986
0.12103
0.0590867
0.0835076
0.121522
0.145742
0.121085
0.125309
0.0882024
0.0760987
0.188746
0.0693411
0.170573
0.2264
0.2264
0.191292
0.2264
0.166708
0.180332
0.215392
0.0484396
0.116046
0.140578
0.172393
0.172184
0.226345
0.196073
0.113647
0.143186
0.047545
0.0840442
0.1188
0.146673
0.17669
0.178623
0.11604
0.178167
0.183802
0.0240966
0.208987
0.226345
0.181579
0.197958
0.224192
0.149094
0.188264
0.226345
0.0607745
0.119059
0.129512
0.19819
0.226345
0.203225
0.170652
0.226345
0.226345
0.0752431
0.072589
0.103019
0.117452
0.173105
0.187488
0.126231
0.167383
0.222073
0.0488606
0.162051
0.223774
0.175668
0.153537
0.120781
0.15351
0.162216
0.174715
0.0895414
0.176036
0.223774
0.19493
0.223774
0.178661
0.147158
0.21622
0.223774
0.076686
0.124514
0.223774
0.208929
0.0875911
0.124903
0.123884
0.0907524
0.0686846
0.0692507
0.119505
0.223774
0.223774
0.149919
0.12919
0.150265
0.154622
0.213752
0.119764
0.171834
0.238708
0.238708
0.192519
0.238708
0.238708
0.146817
0.223617
0.0716646
0.142515
0.238708
0.238708
0.107019
0.142749
0.117753
0.0634452
0.066284
0.0770186
0.166362
0.238708
0.238708
0.0783792
0.137989
0.191014
0.164049
0.183448
0.0546819
0.0665768
0.120875
0.0535896
0.227185
0.227185
0.227185
0.166548
0.227185
0.0942884
0.183324
0.227185
0.227185
0.151649
0.143771
0.227185
0.195116
0.220801
0.150583
0.134576
0.153396
0.154911
0.124611
0.18992
0.227185
0.188119
0.225708
0.0599917
0.112916
0.165571
0.065051
0.106639
0.0657353
0.0998301
0.169058
0.120674
0.0677607
0.0677664
0.160275
0.0919648
0.103161
0.0976422
0.125074
0.153513
0.154846
0.124071
0.127816
0.206566
0.226922
0.226922
0.226922
0.226922
0.170098
0.226922
0.0674885
0.0700576
0.0928396
0.150074
0.0836118
0.199575
0.0873848
0.157358
0.155839
0.0847848
0.167804
0.184737
0.211139
0.203848
0.226922
0.226922
0.166145
0.226922
0.048184
0.0457959
0.134619
0.226922
0.216272
0.234642
0.224254
0.155816
0.215633
0.0935419
0.0790823
0.102707
0.16917
0.0856263
0.145032
0.131164
0.0732954
0.144361
0.0505497
0.159155
0.234642
0.234642
0.211455
0.234642
0.234642
0.211748
0.234642
0.0520732
0.0888182
0.110507
0.206698
0.136696
0.201955
0.099243
0.0933279
0.0916263
0.0943474
0.234642
0.154101
0.136969
0.0953664
0.124958
0.121673
0.0867033
0.169014
0.0745729
0.164556
0.226918
0.226918
0.165156
0.199578
0.189868
0.186429
0.226918
0.0623505
0.106424
0.160821
0.156812
0.13826
0.226918
0.166489
0.120764
0.12524
0.147845
0.226918
0.215074
0.10824
0.143073
0.144638
0.169638
0.124494
0.226918
0.226918
0.143413
0.226918
0.114382
0.167396
0.183781
0.164251
0.194936
0.21934
0.0579804
0.105363
0.143727
0.192364
0.21934
0.203099
0.19629
0.21934
0.21934
0.0705265
0.0695429
0.0760544
0.127933
0.0969203
0.129312
0.17992
0.111234
0.21934
0.21934
0.131965
0.21934
0.158109
0.142144
0.216073
0.21934
0.191683
0.201035
0.129942
0.0755829
0.121035
0.099552
0.231225
0.184299
0.174571
0.223305
0.231225
0.069376
0.115168
0.215842
0.231225
0.0824652
0.109818
0.154041
0.112297
0.0739311
0.0831183
0.118143
0.231225
0.231225
0.136529
0.198163
0.225293
0.157588
0.171555
0.0958705
0.0992896
0.171119
0.193585
0.131028
0.148108
0.0725541
0.0837889
0.118836
0.0360009
0.222934
0.231225
0.231225
0.106136
0.136806
0.15499
0.0871548
0.0940135
0.102876
0.176096
0.264007
0.264007
0.0619687
0.15582
0.198226
0.189211
0.179076
0.0578149
0.085726
0.110518
0.0394174
0.2031
0.208842
0.0546052
0.0990328
0.179333
0.0320421
0.264007
0.264007
0.264007
0.179782
0.236128
0.0884334
0.134875
0.233029
0.0893476
0.114607
0.172588
0.172022
0.115962
0.227326
0.228929
0.228929
0.228929
0.0708651
0.144679
0.17467
0.0477769
0.146563
0.0596137
0.146033
0.228929
0.157589
0.103597
0.0836381
0.202316
0.105341
0.228929
0.228929
0.121124
0.200321
0.228929
0.100707
0.162461
0.228929
0.228929
0.135329
0.130112
0.124484
0.159048
0.211166
0.166393
0.063028
0.0877646
0.110356
0.0806976
0.146583
0.103316
0.13243
0.156855
0.0790177
0.136401
0.160331
0.169192
0.162406
0.230554
0.21262
0.186842
0.264819
0.0656239
0.0530471
0.112224
0.264819
0.0696192
0.264819
0.264819
0.264819
0.182534
0.0557858
0.0422471
0.0544612
0.0536159
0.0583272
0.0987012
0.264819
0.264819
0.264819
0.16814
0.0715691
0.0220192
0.0606883
0.173586
0.258071
0.258071
0.246154
0.258071
0.075764
0.0817553
0.102876
0.186467
0.0924221
0.194195
0.11088
0.110201
0.117049
0.109954
0.237568
0.156353
0.11741
0.0668431
0.0757957
0.258071
0.258071
0.258071
0.172929
0.0756227
0.0188845
0.0377439
0.0264069
0.0429515
0.0108405
0.0904465
0.258071
0.258071
0.24418
0.0916416
0.0325931
0.0910398
0.237397
0.167763
0.136351
0.125768
0.146936
0.249851
0.202177
0.081802
0.141211
0.136425
0.158891
0.110222
0.258865
0.251402
0.135452
0.190281
0.106131
0.0303436
0.0566865
0.0250183
0.106838
0.275718
0.275718
0.241857
0.0887002
0.0210317
0.0537747
0.0950844
0.15462
0.181628
0.275718
0.275718
0.0995818
0.0564724
0.0155859
0.100381
0.124812
0.184353
0.117776
0.215647
0.209297
0.135911
0.238212
0.170562
0.10995
0.196366
0.266889
0.176483
0.183939
0.129062
0.0895855
0.0910865
0.0938827
0.0516014
0.0801761
0.135664
0.171564
0.266889
0.266889
0.0956472
0.0588562
0.0155933
0.0191271
0.0915035
0.266889
0.266889
0.266889
0.209971
0.144664
0.0517287
0.0292583
0.110216
0.195702
0.24858
0.160073
0.162987
0.0855718
0.103077
0.132612
0.219199
0.118493
0.13293
0.0942783
0.0846533
0.137333
0.0455852
0.168822
0.24858
0.24858
0.0212016
0.100463
0.24858
0.24858
0.24858
0.176468
0.140182
0.0596294
0.0311407
0.0345419
0.082453
0.142818
0.146593
0.24858
0.235616
0.24858
0.191533
0.119595
0.16973
0.173206
0.0713923
0.0877617
0.174034
0.0314247
0.176497
0.260986
0.260986
0.169117
0.18858
0.0754644
0.112184
0.190577
0.0935859
0.117863
0.125307
0.14847
0.0514209
0.111893
0.147844
0.143144
0.260986
0.22701
0.260986
0.168637
0.110142
0.10182
0.0916366
0.0531236
0.116211
0.185662
0.260986
0.260986
0.19378
0.146281
0.264631
0.272088
0.0997168
0.17919
0.272088
0.108256
0.15698
0.166109
0.196253
0.0859433
0.0900593
0.104508
0.126512
0.21706
0.135126
0.0695474
0.0827199
0.0898696
0.126667
0.13422
0.0725133
0.176897
0.252311
0.272088
0.272088
0.272088
0.151659
0.0616831
0.111456
0.109259
0.105131
0.18609
0.160327
0.106399
0.119942
0.0721409
0.116426
0.297222
0.297222
0.297222
0.200457
0.0694661
0.0298183
0.0848151
0.0590542
0.0855627
0.0944758
0.288751
0.297222
0.297222
0.20511
0.0815525
0.0190587
0.0850079
0.132434
0.287487
0.297222
0.191953
0.297222
0.0275415
0.0436028
0.0513113
0.0443307
0.00713945
0.0392004
0.0422151
0.0276052
0.0381214
0.0660211
0.0288635
0.0186665
0.011296
0.141281
0.0912856
0.349304
0.349304
0.349304
0.298672
0.11573
0.0280623
0.0784547
0.0263615
0.0912314
0.0170656
0.166486
0.349304
0.349304
0.349304
0.200629
0.0682628
0.00839242
0.0453417
0.043085
0.0293741
0.052261
0.100015
0.043133
0.0273347
0.0179492
0.00284137
0.0107846
0.0120553
0.0283312
0.118619
0.107726
0.0253512
0.0144992
0.00597499
0.0371254
0.107166
0.0423817
0.198626
0.345683
0.345683
0.345683
0.171995
0.0385106
0.101166
0.193117
0.253136
0.246697
0.345683
0.345683
0.180456
0.050958
0.0281307
0.00285962
0.00453132
0.0126627
0.0320805
0.133822
0.112132
0.0240261
0.00835169
0.0088225
0.014465
0.00861725
0.027171
0.0935842
0.229808
0.11428
0.0222634
0.0118143
0.0145243
0.102127
0.15463
0.236767
0.259443
0.318991
0.318991
0.156703
0.0392695
0.0249469
0.0131188
0.12726
0.318991
0.318991
0.318991
0.318991
0.259321
0.0784382
0.0371786
0.0111945
0.00927936
0.028423
0.0809809
0.227874
0.126803
0.0308215
0.00951424
0.0164648
0.0241982
0.0524827
0.108844
0.114278
0.0862211
0.0296875
0.020375
0.00137172
0.00381156
0.0222951
0.149428
0.2877
0.2877
0.2877
0.280861
0.22423
0.0890923
0.0395736
0.0528024
0.118804
0.243747
0.24465
0.2877
0.2877
0.2877
0.2877
0.242078
0.0202885
0.0465871
0.104426
0.11876
0.110922
0.0382749
0.0317247
0.00264079
0.00408865
0.00260518
0.0431967
0.0541759
0.0970592
0.0727694
0.0469802
0.0134982
0.00333746
0.00523617
0.0613397
0.118296
0.175401
0.159765
0.281178
0.240017
0.281178
0.178967
0.142937
0.137191
0.0873839
0.063082
0.123279
0.199185
0.275318
0.281178
0.266884
0.221068
0.00396016
0.0245564
0.0323849
0.0698127
0.0613073
0.0280096
0.046819
0.0127492
0.00577008
0.176382
0.0588491
0.0515736
0.0794357
0.0357941
0.0448937
0.281178
0.281178
0.281178
0.150846
0.117287
0.0860791
0.169114
0.223851
0.276006
0.276006
0.27211
0.185276
0.0507594
0.0958469
0.100646
0.110953
0.216965
0.150074
0.109384
0.118706
0.0904469
0.143328
0.057325
0.058
0.0837722
0.0561775
0.0562754
0.276006
0.276006
0.276006
0.0629699
0.125753
0.0838881
0.100629
0.1776
0.131171
0.120458
0.249226
0.217301
