0.11197
0.237834
0.163414
0.145958
0.0680197
0.101302
0.237834
0.141851
0.0671408
0.0938227
0.0952379
0.097627
0.207023
0.0773197
0.0953639
0.172437
0.237834
0.211712
0.0755955
0.226904
0.16712
0.0501994
0.0866232
0.0906957
0.206315
0.237834
0.137657
0.20269
0.112868
0.105174
0.22535
0.237834
0.0834466
0.237834
0.237834
0.237834
0.0539305
0.0667017
0.054015
0.10047
0.0635359
0.0319038
0.0637326
0.115725
0.0787119
0.39662
0.190559
0.0778704
0.0695192
0.0842741
0.0149294
0.0246857
0.330721
0.39662
0.0797544
0.065786
0.0549093
0.0891894
0.100344
0.0372884
0.0837446
0.163832
0.183963
0.39662
0.155458
0.0501728
0.0907075
0.175248
0.0090427
0.0150079
0.0486037
0.381281
0.29238
0.159447
0.0737124
0.0630535
0.0935473
0.0156423
0.0262892
0.17321
0.297943
0.138831
0.0561534
0.0308256
0.0685286
0.0932889
0.0920519
0.0941376
0.261162
0.297943
0.272827
0.122623
0.0505376
0.05962
0.109381
0.00935222
0.0293257
0.261458
0.297943
0.208606
0.1144
0.051439
0.0991566
0.116719
0.02933
0.115793
0.297943
0.297943
0.0957692
0.0806139
0.0329731
0.0858449
0.139346
0.0748907
0.0799996
0.206768
0.277319
0.215095
0.243354
0.115246
0.128785
0.277319
0.121157
0.073063
0.0879815
0.108608
0.233041
0.105374
0.0918768
0.128111
0.132103
0.0310105
0.128396
0.277319
0.277319
0.220091
0.277319
0.277319
0.215824
0.194474
0.0466648
0.0341058
0.0509763
0.0375103
0.270734
0.270972
0.238836
0.175213
0.270972
0.121881
0.0626524
0.0914056
0.184309
0.0883097
0.270972
0.270972
0.070501
0.0677362
0.0353057
0.0433662
0.113779
0.206169
0.259182
0.270972
0.270972
0.270972
0.260796
0.0491478
0.0542121
0.0686622
0.0402246
0.0303088
0.0476608
0.0838965
0.0392447
0.04301
0.0328246
0.0586145
0.14039
0.0567455
0.154687
0.342726
0.342726
0.105337
0.0978581
0.0587851
0.0457665
0.173332
0.342726
0.144865
0.0506378
0.073935
0.0347207
0.0252645
0.0530703
0.0810955
0.17859
0.342726
0.0247707
0.030319
0.1027
0.0574197
0.0579633
0.0352719
0.116838
0.223432
0.0997219
0.0771566
0.0586473
0.0220455
0.0657564
0.102626
0.0674523
0.141811
0.342726
0.342726
0.139051
0.0910018
0.115761
0.183951
0.163235
0.0921317
0.103192
0.210596
0.265723
0.0913933
0.132551
0.0874994
0.252747
0.243212
0.0520339
0.0581767
0.0643453
0.156054
0.168525
0.146086
0.0412994
0.167504
0.265723
0.0476391
0.152827
0.265723
0.265723
0.163827
0.196023
0.0604026
0.18783
0.265723
0.0708273
0.139172
0.178534
0.158707
0.0439658
0.173347
0.117216
0.0390446
0.0588579
0.0940321
0.118546
0.146151
0.0820736
0.101002
0.106233
0.0689737
0.148931
0.205566
0.10068
0.175813
0.286567
0.270975
0.0173624
0.0141313
0.0373655
0.0867931
0.286567
0.286567
0.122328
0.0771878
0.0866514
0.156062
0.111161
0.091291
0.286567
0.286567
0.175629
0.0674077
0.286567
0.286567
0.090038
0.106266
0.0711331
0.116277
0.146786
0.0813176
0.108633
0.266747
0.22462
0.266947
0.226281
0.0719026
0.111242
0.259884
0.0120752
0.0198907
0.0347796
0.266947
0.11851
0.10103
0.0711277
0.232871
0.266947
0.140475
0.0574442
0.258898
0.266947
0.266947
0.1921
0.0368397
0.150727
0.266947
0.0149687
0.00409719
0.00115441
0.00519547
0.241254
0.105151
0.0444028
0.0472468
0.102222
0.00646781
0.0236802
0.180978
0.269121
0.222835
0.115779
0.0403434
0.0842279
0.144573
0.0259319
0.100307
0.269121
0.269121
0.163079
0.0791701
0.0164026
0.038051
0.0819736
0.00991808
0.0471719
0.0823574
0.146259
0.215871
0.0500387
0.182169
0.269121
0.269121
0.269121
0.220612
0.263767
0.269121
0.187175
0.101535
0.0610537
0.0890137
0.141518
0.0303276
0.106836
0.266549
0.266549
0.172427
0.266549
0.266549
0.137467
0.204031
0.0392442
0.043091
0.0352193
0.0268018
0.180904
0.051658
0.093539
0.26109
0.266549
0.266549
0.2308
0.266549
0.266549
0.0326134
0.0790639
0.0911761
0.154039
0.173856
0.0707922
0.0500654
0.0480262
0.040724
0.294879
0.294879
0.294879
0.294879
0.294879
0.0886815
0.115552
0.0953742
0.0578731
0.0326785
0.0843122
0.130102
0.0515737
0.0628696
0.0486891
0.0989221
0.212585
0.108134
0.0493417
0.217644
0.152269
0.294879
0.294879
0.0696356
0.124624
0.134177
0.0991435
0.0252071
0.0242765
0.0278072
0.044282
0.0583028
0.144273
0.29429
0.123702
0.0749761
0.0251852
0.0188569
0.0397632
0.0674717
0.0744231
0.0387449
0.144628
0.255378
0.129281
0.0928354
0.0840437
0.0341641
0.0835276
0.135222
0.092103
0.208336
0.302427
0.302427
0.0319521
0.024693
0.0267675
0.0609003
0.0876801
0.162259
0.28519
0.177449
0.125639
0.124319
0.0750046
0.00424271
0.213282
0.302427
0.0987848
0.294374
0.302427
0.302427
0.136567
0.136979
0.0409404
0.157852
0.27686
0.0510636
0.160248
0.27686
0.27686
0.12092
0.172045
0.0414071
0.175998
0.27686
0.0752479
0.140979
0.155595
0.131252
0.102521
0.0522822
0.00241691
0.169411
0.27686
0.081898
0.233813
0.27686
0.27686
0.0803048
0.0861037
0.0206367
0.139211
0.27686
0.0465962
0.0487851
0.0674523
0.0672012
0.00887784
0.00925685
0.028439
0.113046
0.273739
0.218664
0.0793043
0.0451352
0.0487494
0.0489647
0.0636161
0.0452337
0.236213
0.273739
0.111111
0.0795567
0.210163
0.204664
0.0112742
0.0326999
0.141664
0.273739
0.273739
0.273739
0.273739
0.0324065
0.00304417
0.108026
0.0673852
0.0915643
0.199858
0.273739
0.175698
0.202466
0.201849
0.18632
0.0728194
0.0860905
0.0542911
0.224887
0.250564
0.146861
0.105949
0.250564
0.250564
0.250564
0.199888
0.0317164
0.127657
0.250564
0.0120041
0.0064365
0.00349056
0.00241327
0.119574
0.0933683
0.128053
0.216537
0.250564
0.222806
0.250564
0.250564
0.219677
0.163845
0.141065
0.115533
0.144085
0.250564
0.0518164
0.0497988
0.0788404
0.0450876
0.172436
0.08662
0.0159099
0.0353647
0.0859613
0.00805677
0.0412138
0.0654485
0.187772
0.269955
0.0806005
0.20565
0.269955
0.269955
0.269955
0.193812
0.247978
0.269955
0.0941124
0.0750129
0.0569497
0.0734492
0.0699703
0.0140329
0.0273114
0.0513339
0.0718407
0.245414
0.145088
0.235016
0.269955
0.136627
0.140072
0.0652127
0.196932
0.269955
0.262947
0.0894165
0.109891
0.262947
0.262947
0.262947
0.224651
0.262947
0.262947
0.0488756
0.070041
0.077674
0.176476
0.244662
0.0953209
0.0877451
0.0502194
0.0356094
0.24062
0.118846
0.150012
0.245143
0.118652
0.109893
0.0770018
0.209705
0.262947
0.050727
0.0380854
0.0811921
0.125264
0.150982
0.129747
0.124926
0.0699905
0.0586831
0.0466045
0.180754
0.0796665
0.249555
0.249555
0.124694
0.164923
0.121833
0.0717591
0.0192035
0.0195648
0.0394027
0.0777249
0.174711
0.219279
0.221475
0.128799
0.0591767
0.103509
0.0516446
0.128899
0.182171
0.23145
0.205683
0.229249
0.152121
0.133201
0.0374787
0.0812449
0.201044
0.249555
0.249555
0.249555
0.249555
0.249555
0.0557755
0.016108
0.0110977
0.0263699
0.0544929
0.121881
0.160105
0.154774
0.119712
0.0666939
0.0879323
0.0708644
0.0337165
0.149035
0.231488
0.10464
0.182297
0.231488
0.231488
0.0345648
0.0330639
0.147621
0.231488
0.223484
0.231488
0.220915
0.224716
0.0990268
0.150993
0.231488
0.199758
0.225076
0.231488
0.15415
0.186642
0.231488
0.220594
0.118452
0.0644229
0.0255802
0.155832
0.255077
0.141918
0.234691
0.255077
0.255077
0.0885323
0.085399
0.0223501
0.117048
0.255077
0.0412152
0.0390819
0.0527346
0.0517292
0.206059
0.255077
0.172171
0.197452
0.255077
0.179988
0.24109
0.255077
0.255077
0.125313
0.222863
0.123804
0.118973
0.157071
0.0321798
0.0126448
0.0200929
0.0199481
0.0113341
0.0350978
0.131757
0.282338
0.282338
0.282338
0.282338
0.0420818
0.0082874
0.0767136
0.0505332
0.063648
0.238467
0.282338
0.21587
0.26866
0.219289
0.199708
0.00759787
0.0127396
0.0645608
0.262344
0.124669
0.120566
0.113028
0.0388255
0.037485
0.0591005
0.0208019
0.0400031
0.130413
0.181407
0.138766
0.101414
0.179701
0.26174
0.107284
0.0800184
0.0902084
0.253529
0.2569
0.2569
0.2569
0.2569
0.245829
0.185574
0.16131
0.116494
0.220054
0.2569
0.0579173
0.0584447
0.0781676
0.0540869
0.0779178
0.0775567
0.0993911
0.157722
0.243368
0.217083
0.136011
0.172316
0.238191
0.0503102
0.0949632
0.0755617
0.163362
0.129184
0.0739071
0.0947369
0.167373
0.140667
0.170782
0.12427
0.08488
0.139302
0.127465
0.0255873
0.0451127
0.0717596
0.131002
0.304705
0.250833
0.304705
0.304705
0.142168
0.18559
0.0922567
0.304705
0.304705
0.0512407
0.11901
0.0974357
0.141442
0.107081
0.0562638
0.066888
0.0850729
0.0770073
0.121644
0.0646254
0.0745378
0.102
0.075237
0.0895008
0.0826421
0.265296
0.304705
0.283943
0.180843
0.242087
0.283943
0.140167
0.155981
0.107715
0.283943
0.283943
0.0950877
0.0509142
0.140008
0.2227
0.259876
0.229849
0.240236
0.104628
0.0836723
0.123478
0.0706653
0.072628
0.0948023
0.0691338
0.0833304
0.0755282
0.241195
0.283943
0.0704391
0.0450169
0.021289
0.0451214
0.0918624
0.059861
0.105964
0.0525522
0.165947
0.114028
0.0338163
0.119931
0.194308
0.24998
0.241853
0.24998
0.151646
0.118586
0.0322416
0.0632118
0.167923
0.24998
0.24998
0.24998
0.24998
0.23592
0.0328644
0.0953408
0.0474632
0.0237523
0.0479244
0.098524
0.0585179
0.126855
0.0930736
0.220498
0.0240292
0.0355387
0.157309
0.24998
0.166974
0.169486
0.24998
0.24998
0.0433682
0.0216981
0.0211363
0.109818
0.231896
0.231896
0.231896
0.181229
0.186403
0.0693721
0.121907
0.231896
0.187701
0.220296
0.231896
0.164593
0.194867
0.231896
0.186217
0.0136093
0.0135616
0.0646217
0.123072
0.0882094
0.105352
0.196908
0.186171
0.0422409
0.0675926
0.231896
0.213336
0.222008
0.231896
0.0798698
0.166403
0.165278
0.107267
0.181407
0.234511
0.158139
0.175443
0.234511
0.219926
0.234511
0.234511
0.234511
0.120992
0.185381
0.107591
0.117218
0.149022
0.0330229
0.0200333
0.0148194
0.0156961
0.0736321
0.234511
0.234511
0.234511
0.234511
0.135867
0.234511
0.234511
0.167491
0.0303517
0.0890281
0.137968
0.166371
0.178227
0.0834029
0.114651
0.0113257
0.0026179
0.00390374
0.00650499
0.0306082
0.19595
0.117514
0.0532677
0.0257171
0.0220278
0.0193877
0.0267511
0.00740583
0.0130771
0.0832806
0.113643
0.103143
0.0623656
0.0769679
0.154251
0.000664199
0.00249856
0.00453092
0.0792634
0.541829
0.338617
0.00634783
0.00264052
0.00539426
0.0144337
0.000153381
0.0011013
0.0335191
0.541829
0.394396
0.0618631
0.0742871
0.0545028
0.0393222
0.0361793
0.0325398
0.0769774
0.154344
0.138983
0.0833018
0.0765632
0.132219
0.0334096
0.0473019
0.036163
0.11065
0.0770723
0.0425797
0.0506868
0.0800301
0.0797462
0.0732549
0.120006
0.0155602
0.0917015
0.495549
0.495549
0.050496
0.0593712
0.0441999
0.136253
0.216077
0.0542957
0.111182
0.495549
0.119719
0.0508567
0.0674681
0.039468
0.0786784
0.142013
0.0998691
0.189596
0.155014
0.0728915
0.0973319
0.105285
0.101612
0.128815
0.0610075
0.0706749
0.103908
0.0865481
0.102299
0.0997125
0.31044
0.31044
0.31044
0.31044
0.105009
0.268391
0.31044
0.203555
0.0932897
0.0967005
0.083468
0.0731005
0.0140342
0.0203412
0.0148504
0.0193568
0.0449669
0.138714
0.218916
0.31044
0.203397
0.10889
0.111028
0.156523
0.133427
0.15014
0.158305
0.289362
0.289362
0.138992
0.0591408
0.0247171
0.0883683
0.162874
0.133124
0.251779
0.112015
0.289362
0.128365
0.0231818
0.0184045
0.0184592
0.0317507
0.0623181
0.229831
0.289362
0.289362
0.256258
0.0461502
0.00951964
0.0702189
0.14788
0.0211528
0.0259566
0.139691
0.289362
0.177896
0.0581843
0.0210633
0.0923202
0.191423
0.124407
0.250423
0.164696
0.254774
0.0699898
0.0680034
0.1672
0.254774
0.254774
0.254774
0.254774
0.254774
0.0996264
0.254774
0.0571761
0.00869982
0.0867264
0.174142
0.0199335
0.0293234
0.145376
0.254774
0.114126
0.0738152
0.0595977
0.145319
0.105639
0.0564271
0.0629601
0.239624
0.254774
0.0315109
0.0261825
0.0626795
0.150231
0.146368
0.166698
0.270586
0.238831
0.0756466
0.13617
0.27422
0.256513
0.27422
0.27422
0.109503
0.27422
0.27422
0.224577
0.0694932
0.0482105
0.037071
0.0790255
0.0721023
0.0372349
0.050117
0.104987
0.115475
0.0913432
0.119698
0.171272
0.159943
0.27422
0.19596
0.110795
0.0929882
0.0595782
0.0980216
0.263754
0.215742
0.24921
0.263754
0.135623
0.263754
0.263754
0.226569
0.0307829
0.109898
0.176446
0.218456
0.229035
0.115037
0.109649
0.010326
0.00367226
0.0913613
0.110536
0.162276
0.154229
0.263754
0.138351
0.0878174
0.0646524
0.0293274
0.0102445
0.0896447
0.162851
0.106859
0.263754
0.263754
0.0802281
0.0155091
0.00105282
0.00494103
0.0165755
0.0164641
0.0825732
0.474766
0.269278
0.0222972
0.00938755
0.0134115
0.020531
0.00579615
0.0156147
0.0342473
0.474766
0.364895
0.070618
0.0587142
0.0726529
0.0180222
0.0863067
0.0636905
0.0661569
0.327873
0.151272
0.0922869
0.0419849
0.0226667
0.0157116
0.0309342
0.0803032
0.0558646
0.320927
0.164707
0.0902855
0.0832286
0.0802402
0.0728014
0.0914195
0.0216915
0.0600505
0.360572
0.353678
0.0521697
0.0421352
0.0440079
0.152648
0.171868
0.0551667
0.0706175
0.360572
0.092257
0.0393421
0.0506808
0.0414571
0.131973
0.109742
0.0699806
0.119754
0.360572
0.159214
0.0493568
0.0510188
0.0401386
0.294996
0.225006
0.0631797
0.177658
0.360572
0.0185651
0.0183481
0.019333
0.0228388
0.30782
0.30782
0.089677
0.15637
0.30782
0.155974
0.0777547
0.0798027
0.0769447
0.0482725
0.0082644
0.0123102
0.0155309
0.0183368
0.0369061
0.105349
0.18351
0.269254
0.30782
0.30782
0.0704464
0.30782
0.30782
0.0178308
0.0151512
0.0229772
0.0166666
0.07757
0.0228339
0.0268812
0.0368725
0.0294624
0.0212734
0.0409738
0.164689
0.30782
0.143773
0.0145327
0.0145123
0.0317416
0.0421283
0.0778731
0.273987
0.302423
0.302423
0.283139
0.0418193
0.00781759
0.10626
0.211564
0.0340884
0.0371445
0.16537
0.302423
0.146865
0.0250444
0.0366037
0.0720132
0.0611503
0.0651406
0.0973165
0.302423
0.302423
0.205854
0.125718
0.0150425
0.0587764
0.185221
0.0243207
0.0481311
0.181836
0.302423
0.293392
0.0576119
0.0119166
0.146245
0.269354
0.0297319
0.0296897
0.161741
0.293392
0.181384
0.0910491
0.0168201
0.113606
0.131955
0.0589086
0.0392521
0.204628
0.293392
0.261592
0.17224
0.0279476
0.0809496
0.250846
0.0263868
0.0494995
0.197526
0.293392
0.218873
0.126376
0.0289054
0.0445921
0.0933643
0.0121744
0.0421648
0.194282
0.293392
0.166414
0.102837
0.0533452
0.12821
0.149258
0.056489
0.0401563
0.132413
0.237649
0.198692
0.216647
0.237649
0.237649
0.237649
0.237649
0.18349
0.205971
0.214032
0.178437
0.125306
0.0522288
0.0525074
0.116983
0.0128356
0.0381937
0.11702
0.237649
0.128137
0.128084
0.141348
0.110252
0.237649
0.154866
0.112689
0.232443
0.237649
0.114597
0.13994
0.203992
0.172075
0.260725
0.133342
0.0825033
0.0987191
0.0715703
0.0246145
0.159014
0.257694
0.145445
0.260725
0.260725
0.0920205
0.0462902
0.0297696
0.0663575
0.0786309
0.128832
0.121799
0.18241
0.0905979
0.0904296
0.158544
0.163385
0.0175142
0.0638108
0.211741
0.260725
0.260725
0.260725
0.260725
0.223013
0.115581
0.0629878
0.232856
0.184068
0.170791
0.232856
0.232856
0.220221
0.123829
0.0917659
0.0876003
0.108929
0.207618
0.131911
0.232856
0.232856
0.232856
0.186667
0.232856
0.103731
0.232856
0.232856
0.10281
0.0986473
0.0797905
0.109335
0.0622214
0.0560473
0.180082
0.0993114
0.142937
0.182671
0.0966852
0.0898371
0.148022
0.108648
0.232856
0.236281
0.16711
0.10784
0.159786
0.263313
0.188329
0.0904294
0.0692413
0.0688508
0.263313
0.263313
0.104328
0.232479
0.263313
0.0266503
0.0221939
0.0217125
0.0409274
0.22159
0.158943
0.0711439
0.177488
0.263313
0.0609789
0.071519
0.0575811
0.098397
0.263313
0.263313
0.088524
0.243986
0.263313
0.0198881
0.0186177
0.00736184
0.0451063
0.305541
0.305541
0.0792826
0.301811
0.305541
0.0160363
0.00859996
0.0194827
0.0163651
0.0702407
0.022266
0.0200894
0.0387956
0.0276615
0.0218653
0.0363745
0.1745
0.283256
0.305541
0.305541
0.0809944
0.305541
0.305541
0.0161226
0.0116325
0.012466
0.00452452
0.0913749
0.0355539
0.0159275
0.0298078
0.0340746
0.0241239
0.11556
0.140607
0.273529
0.150012
0.0294079
0.0301656
0.09008
0.0632061
0.0669514
0.0843625
0.292158
0.292158
0.20115
0.0903089
0.012808
0.0776977
0.209913
0.0170055
0.0365754
0.165609
0.292158
0.197582
0.0673684
0.0320229
0.0911113
0.102426
0.064984
0.19169
0.280329
0.292158
0.292158
0.120609
0.00748513
0.124535
0.268315
0.0148296
0.0458915
0.156726
0.292158
0.26082
0.122712
0.0275911
0.101636
0.265181
0.0181826
0.0361247
0.153645
0.304357
0.186068
0.0939905
0.0274033
0.0639456
0.126341
0.0106797
0.0344061
0.150092
0.304357
0.304357
0.160134
0.0116102
0.162627
0.304357
0.020675
0.0183854
0.12288
0.304357
0.167264
0.109921
0.00979318
0.0586799
0.114466
0.0329014
0.0457836
0.19598
0.304357
0.199661
0.151714
0.0757869
0.0873623
0.176005
0.0157666
0.0469092
0.126346
0.272224
0.16925
0.175291
0.183479
0.136725
0.240984
0.113387
0.13246
0.272224
0.272224
0.166588
0.163021
0.0196934
0.0898214
0.162244
0.0434378
0.0782368
0.180741
0.272224
0.272224
0.148601
0.0355201
0.109094
0.190191
0.0189795
0.0297031
0.164524
0.272224
0.0737896
0.116343
0.175071
0.14933
0.156796
0.0813692
0.102217
0.212054
0.251137
0.0543636
0.127021
0.251137
0.251137
0.251137
0.251137
0.251137
0.251137
0.205492
0.133576
0.0747131
0.0219839
0.0617211
0.0920751
0.0178213
0.0331081
0.162492
0.251137
0.183686
0.114113
0.116351
0.116978
0.0852606
0.102163
0.116195
0.208086
0.251137
0.118777
0.26478
0.232788
0.113107
0.114091
0.0629885
0.0761715
0.068867
0.067292
0.224378
0.173885
0.126177
0.14943
0.126151
0.0736385
0.104322
0.153588
0.26478
0.13525
0.26478
0.152051
0.174155
0.26478
0.0333787
0.0331931
0.0285272
0.0169169
0.26478
0.26478
0.1405
0.196005
0.225043
0.0814534
0.072488
0.264013
0.161574
0.240376
0.153929
0.0723353
0.146431
0.258409
0.0475889
0.0553679
0.0654052
0.112226
0.258409
0.217848
0.163135
0.258409
0.258409
0.0262892
0.021047
0.00944773
0.0553348
0.18152
0.258409
0.0933414
0.0884605
0.154842
0.0551283
0.0883483
0.140922
0.102641
0.172686
0.258409
0.258409
0.258409
0.258409
0.0917739
0.166534
0.0738202
0.064697
0.265414
0.254953
0.153974
0.265414
0.265414
0.0339178
0.0198803
0.0106807
0.0173577
0.0827553
0.0442914
0.0191898
0.044538
0.0868053
0.0979397
0.0780127
0.108172
0.216701
0.184578
0.265414
0.265414
0.265414
0.265414
0.131438
0.210166
0.0670037
0.0799494
0.0466641
0.164306
0.123389
0.157613
0.265414
0.261652
0.0740664
0.0199975
0.0524876
0.11597
0.0554215
0.0273965
0.077766
0.154282
0.152841
0.0899222
0.163644
0.250722
0.172681
0.0509102
0.00422069
0.0837745
0.179206
0.016884
0.0256086
0.1006
0.250722
0.114054
0.250722
0.227119
0.2245
0.250722
0.250722
0.111523
0.0954978
0.250722
0.224338
0.150523
0.0831892
0.250722
0.250722
0.0386851
0.037279
0.16412
0.250722
0.254997
0.0809648
0.00788834
0.125664
0.267181
0.00994135
0.0184614
0.12418
0.290544
0.0947353
0.0684673
0.0107286
0.0437828
0.0934632
0.0167867
0.0274404
0.134636
0.290544
0.290544
0.233099
0.129215
0.290544
0.290544
0.0160788
0.0485998
0.290544
0.290544
0.0720233
0.0639838
0.0526893
0.0210722
0.0366552
0.0220167
0.0447397
0.184913
0.258157
0.145692
0.175879
0.0293815
0.0915749
0.172681
0.0351642
0.0738229
0.19473
0.263633
0.263633
0.178909
0.0384532
0.124795
0.191248
0.0241328
0.0441424
0.188386
0.263633
0.122008
0.138916
0.0740056
0.0437894
0.0758937
0.0428521
0.107234
0.263633
0.263633
0.263633
0.200602
0.0748398
0.166185
0.20234
0.037345
0.106452
0.257276
0.263633
0.165589
0.116731
0.0279778
0.0792371
0.111401
0.0234951
0.0478758
0.236489
0.243046
0.219272
0.163073
0.147547
0.129652
0.149947
0.121655
0.10502
0.243046
0.243046
0.204308
0.115153
0.0497032
0.0856082
0.0978678
0.0366747
0.0886403
0.243046
0.243046
0.22069
0.1473
0.135849
0.188184
0.203141
0.172171
0.22441
0.18867
0.243046
0.158872
0.257882
0.0923353
0.118941
0.18553
0.0271221
0.0148659
0.0203123
0.012494
0.301611
0.301611
0.156086
0.113315
0.212366
0.0500976
0.0358109
0.205695
0.135239
0.229432
0.301611
0.0980671
0.0789289
0.158532
0.0326291
0.00913982
0.0145053
0.0131688
0.301611
0.301611
0.213865
0.0909285
0.301611
0.0423079
0.0230555
0.0341657
0.0669461
0.193727
0.254832
0.110986
0.0792099
0.154415
0.0588124
0.0730629
0.122691
0.103458
0.15225
0.254832
0.254832
0.254832
0.254832
0.14005
0.150947
0.0696372
0.0684814
0.254832
0.254832
0.135249
0.0680647
0.235897
0.0397142
0.0311829
0.0313011
0.0374216
0.103217
0.176187
0.187423
0.210443
0.254832
0.254832
0.0764777
0.105195
0.0661934
0.161851
0.231738
0.231738
0.231738
0.231738
0.170715
0.179952
0.0589232
0.0776217
0.0456453
0.15392
0.100196
0.142235
0.231738
0.231738
0.075512
0.0304314
0.0505025
0.097342
0.13382
0.166526
0.182286
0.210784
0.222154
0.130008
0.141834
0.0792867
0.0415573
0.204442
0.185852
0.231738
0.175772
0.231738
0.231738
0.131263
0.0511319
0.0740194
0.147452
0.117508
0.125533
0.219956
0.219956
0.0682955
0.0681633
0.170576
0.121796
0.0637901
0.0350468
0.133706
0.203134
0.0259052
0.0257262
0.0799864
0.217188
0.0965456
0.219956
0.206722
0.218525
0.183172
0.219956
0.219956
0.219956
0.219956
0.129608
0.197583
0.219956
0.219956
0.219956
0.0547451
0.100214
0.193487
0.217142
0.238268
0.101795
0.0615958
0.228885
0.282614
0.00848761
0.0325938
0.186068
0.282614
0.048639
0.040067
0.0276399
0.0107721
0.0301829
0.013688
0.023808
0.117779
0.160362
0.276515
0.282614
0.282614
0.282614
0.282614
0.0537624
0.106828
0.282614
0.282614
0.0583988
0.0645956
0.0250183
0.0429319
0.0211894
0.0689094
0.0572104
0.129049
0.172965
0.126555
0.135433
0.0641017
0.0346976
0.095145
0.0354654
0.0850435
0.240292
0.240292
0.240292
0.212896
0.0647431
0.136982
0.218069
0.0487196
0.0959605
0.240292
0.240292
0.146138
0.161977
0.0602303
0.110773
0.0805294
0.218733
0.176117
0.240292
0.240292
0.231227
0.232736
0.0772142
0.0946532
0.163141
0.042237
0.0793179
0.217961
0.240001
0.17686
0.123329
0.0417872
0.0748022
0.112428
0.0415244
0.0862419
0.238509
0.238509
0.212498
0.135383
0.128665
0.181664
0.235746
0.120623
0.183164
0.210484
0.238509
0.143734
0.107904
0.0501705
0.0830837
0.132662
0.0286152
0.069638
0.191168
0.238509
0.238509
0.229358
0.184401
0.0899829
0.122805
0.208932
0.217455
0.140592
0.238509
0.224491
0.253593
0.0755554
0.0656107
0.123196
0.0256499
0.00497638
0.0141471
0.0225876
0.29773
0.29773
0.204498
0.116895
0.29773
0.0408949
0.0524951
0.041037
0.0392934
0.173784
0.182586
0.0704094
0.116035
0.249748
0.0149337
0.0353247
0.0110246
0.0478164
0.29773
0.29773
0.0333406
0.291956
0.29773
0.0747442
0.113609
0.0325645
0.0979486
0.262827
0.262827
0.14954
0.10738
0.262827
0.0537328
0.0486309
0.0331537
0.0342089
0.0797531
0.167874
0.175263
0.226459
0.227682
0.262827
0.125882
0.105473
0.0738128
0.262827
0.262827
0.0582551
0.262827
0.262827
0.0508867
0.0535255
0.0206121
0.0542008
0.0681009
0.121176
0.0878713
0.177877
0.21685
0.118579
0.160552
0.0672113
0.207092
0.083492
0.172073
0.220512
0.226142
0.226142
0.226142
0.193965
0.165059
0.107197
0.0678043
0.226142
0.226142
0.226142
0.226142
0.226142
0.226142
0.170495
0.0908961
0.0504992
0.129131
0.135013
0.192748
0.226142
0.141123
0.152038
0.0679769
0.144481
0.0262064
0.0616625
0.0563573
0.1415
0.191637
0.220768
0.129689
0.0426557
0.100909
0.126759
0.228975
0.208719
0.228975
0.228975
0.228975
0.207134
0.228975
0.228975
0.136043
0.167095
0.228975
0.228975
0.228975
0.0632072
0.0843818
0.140455
0.228975
0.0294631
0.0508321
0.0708558
0.108247
0.183517
0.173611
0.101096
0.0537702
0.0976333
0.0432993
0.0847994
0.165909
0.228975
0.228975
0.151074
0.0909249
0.0553421
0.116784
0.223142
0.194982
0.255211
0.255211
0.255211
0.0499205
0.0667537
0.231097
0.255211
0.0393578
0.0458116
0.0312095
0.0577988
0.0375024
0.0440653
0.0610441
0.105192
0.13544
0.0656169
0.0987515
0.194489
0.255211
0.255211
0.16864
0.108251
0.123344
0.197829
0.0537093
0.0736803
0.19845
0.255211
0.170127
0.157009
0.152587
0.188278
0.212245
0.0590572
0.0711826
0.0386818
0.0944452
0.0738026
0.0728944
0.104923
0.17803
0.185749
0.0813524
0.105552
0.0393215
0.040548
0.0879481
0.0333657
0.0364365
0.0911205
0.0969908
0.0542476
0.144672
0.251453
0.251453
0.251453
0.23534
0.251453
0.251453
0.251453
0.0857225
0.229516
0.251453
0.244617
0.237342
0.17216
0.251453
0.21848
0.074646
0.100099
0.0908727
0.0397948
0.0627499
0.115782
0.0384531
0.0578544
0.145772
0.253924
0.218854
0.159262
0.138988
0.0681047
0.121718
0.134753
0.151177
0.108043
0.255089
0.0864671
0.255089
0.255089
0.255089
0.255089
0.22106
0.255089
0.255089
0.136004
0.102438
0.196783
0.0957612
0.0907456
0.146498
0.0703051
0.123594
0.13045
0.227753
0.173321
0.162465
0.0868461
0.125255
0.241736
0.0188233
0.0305521
0.0149497
0.0545729
0.275127
0.275127
0.036438
0.275127
0.275127
0.0850573
0.140705
0.0531701
0.0900515
0.239737
0.262839
0.128112
0.167454
0.192856
0.0648049
0.027616
0.0405163
0.017047
0.275127
0.275127
0.129491
0.221599
0.275127
0.0676725
0.042541
0.0249182
0.0162548
0.284676
0.284676
0.0792941
0.284676
0.284676
0.0644977
0.0813584
0.032656
0.0515012
0.0548237
0.13813
0.13885
0.216479
0.191369
0.118598
0.222176
0.082261
0.23411
0.284676
0.284676
0.168946
0.252225
0.284676
0.0530332
0.038528
0.0253316
0.0171142
0.00876656
0.0703012
0.0947003
0.100519
0.146468
0.0995116
0.0829514
0.0359233
0.0327135
0.0526807
0.246876
0.246876
0.246876
0.246876
0.226068
0.246876
0.107205
0.240173
0.0491154
0.113771
0.10679
0.219704
0.246876
0.246876
0.169701
0.0647481
0.22055
0.00666667
0.103877
0.139284
0.186804
0.246876
0.15376
0.155525
0.0683817
0.0594286
0.00246875
0.0151037
0.020136
0.0886074
0.229199
0.180551
0.132525
0.0156732
0.00988707
0.0747572
0.113033
0.130955
0.204602
0.277066
0.277066
0.140122
0.07102
0.255675
0.0966211
0.147311
0.277066
0.277066
0.277066
0.277066
0.162039
0.0596826
0.277066
0.00169639
0.00222781
0.013949
0.0659904
0.195848
0.173764
0.110514
0.0164201
0.00682615
0.00700844
0.0164171
0.0408518
0.0591249
0.12742
0.277066
0.222485
0.021295
0.0170046
0.0997326
0.0959833
0.249579
0.249579
0.249579
0.206325
0.124566
0.112841
0.249579
0.0593412
0.0824448
0.206618
0.249579
0.249579
0.189187
0.215198
0.249579
0.249579
0.0075408
0.0180323
0.034989
0.0365046
0.0975436
0.224001
0.143959
0.0260442
0.0134656
0.0183202
0.0417295
0.19109
0.113991
0.249579
0.180764
0.0924491
0.10539
0.161781
0.0398168
0.104484
0.197077
0.227804
0.227804
0.187939
0.227804
0.227804
0.227804
0.0819189
0.185849
0.180486
0.169862
0.199468
0.132743
0.227804
0.143052
0.0565768
0.0266416
0.0624364
0.188969
0.152135
0.227804
0.170535
0.0792095
0.0875528
0.138287
0.0445384
0.115
0.177593
0.212304
0.227804
0.227804
0.188432
0.0942802
0.026655
0.0928163
0.232816
0.232816
0.232816
0.232816
0.173856
0.232816
0.216976
0.102237
0.101205
0.123443
0.0531851
0.0688692
0.0929187
0.0285212
0.0747613
0.110507
0.183817
0.0896623
0.162423
0.232816
0.232816
0.232816
0.232816
0.232816
0.170205
0.120405
0.115731
0.0815601
0.0599385
0.0541355
0.0427685
0.0917636
0.210697
0.232816
0.232816
0.237541
0.24543
0.124347
0.152616
0.23152
0.0572419
0.0319363
0.0388974
0.0144362
0.25721
0.25721
0.116948
0.214507
0.25721
0.0688494
0.0468489
0.0330256
0.0236408
0.241416
0.25721
0.176797
0.173728
0.25721
0.130427
0.056443
0.0448526
0.0223612
0.25721
0.25721
0.0870415
0.189857
0.25721
0.0311471
0.0117635
0.00679852
0.0150902
0.313334
0.313334
0.187815
0.313334
0.313334
0.0644689
0.0596084
0.0404325
0.0250615
0.00798829
0.10691
0.173212
0.124724
0.1505
0.108672
0.122986
0.055972
0.0388778
0.313334
0.313334
0.0644813
0.23207
0.313334
0.0386798
0.0141385
0.00877049
0.0168528
0.00660727
0.0052693
0.0161662
0.115463
0.281914
0.0454309
0.0271659
0.0128784
0.00680715
0.0145205
0.212517
0.273157
0.273157
0.273157
0.224249
0.273157
0.141963
0.0847976
0.00336565
0.0294409
0.0499678
0.10422
0.265089
0.273157
0.262821
0.0358246
0.0223514
0.0155545
0.0134113
0.042248
0.273157
0.273157
0.111646
0.0574162
0.0278791
0.016063
0.00339609
0.0265377
0.0273014
0.153332
0.273157
0.273157
0.0590487
0.0437576
0.0267897
0.00427392
0.00708133
0.0260535
0.101855
0.288458
0.305133
0.278171
0.0459848
0.0207185
0.0205276
0.0469122
0.0944872
0.156418
0.188189
0.305133
0.305133
0.0369974
0.0212436
0.00329311
0.0251361
0.036815
0.175918
0.305133
0.302316
0.0520367
0.0432338
0.027069
0.00327029
0.00802378
0.0130939
0.101719
0.305133
0.305133
0.229981
0.0101171
0.0249449
0.0155527
0.0395524
0.0576114
0.0922229
0.138205
0.280638
0.239489
0.0401429
0.0152073
0.0406274
0.0534626
0.195652
0.134033
0.280638
0.280638
0.254617
0.280638
0.280638
0.00248699
0.00295622
0.0107791
0.0889221
0.280638
0.280638
0.137256
0.0198903
0.00980318
0.0168393
0.0116641
0.0598852
0.0694857
0.230718
0.273401
0.193544
0.0952115
0.143098
0.0489571
0.0878495
0.201673
0.176988
0.264931
0.264931
0.17592
0.163
0.262851
0.106167
0.222759
0.264931
0.264931
0.264931
0.264931
0.199761
0.147534
0.047739
0.00751895
0.0112755
0.0531402
0.0891559
0.188053
0.223509
0.163089
0.0868745
0.0779975
0.0152927
0.0497531
0.179469
0.208699
0.124347
0.0689326
0.0410508
0.0692798
0.0602472
0.133716
0.227805
0.254802
0.254802
0.254802
0.254802
0.226083
0.186426
0.135553
0.137585
0.0845645
0.0624492
0.0733455
0.0398841
0.0940852
0.195256
0.254802
0.254802
0.027291
0.0488092
0.16289
0.16303
0.130047
0.0513665
0.044198
0.107111
0.192625
0.0775791
0.110509
0.205121
0.133875
0.13208
0.0539098
0.0689531
0.240687
0.254802
0.263301
0.269964
0.178257
0.189859
0.269964
0.121762
0.0778693
0.0727861
0.0353604
0.269964
0.269964
0.0900244
0.242413
0.269964
0.0473075
0.0231843
0.0109984
0.0198848
0.194129
0.146595
0.0905511
0.143579
0.238432
0.0767627
0.0806849
0.118932
0.0672761
0.269964
0.155543
0.0442764
0.220905
0.269964
0.0491005
0.036777
0.0210751
0.00383367
0.324376
0.324376
0.0636425
0.310739
0.324376
0.0483725
0.0236945
0.0135697
0.0226379
0.0121878
0.0116016
0.0187292
0.125445
0.31538
0.0584028
0.0251346
0.0138216
0.00961164
0.324376
0.217663
0.0432612
0.270057
0.324376
0.0593962
0.0365139
0.0237521
0.0039135
0.00809764
0.0161412
0.0192792
0.0723427
0.318666
0.116854
0.0152257
0.0176412
0.0153995
0.0305695
0.0253683
0.0515471
0.327928
0.334992
0.140621
0.0548005
0.0329811
0.0239694
0.00610237
0.0222063
0.0419746
0.194725
0.334992
0.302554
0.0655884
0.0500688
0.0275985
0.0103745
0.0393643
0.052541
0.16089
0.334992
0.292606
0.043601
0.0425181
0.0222772
0.00611142
0.0127134
0.0298142
0.18095
0.334992
0.334992
0.0637876
0.069646
0.0222395
0.00411586
0.0165308
0.039121
0.175142
0.336096
0.285169
0.0539591
0.0391588
0.0238885
0.00341516
0.00850025
0.0183456
0.117089
0.336096
0.336096
0.214785
0.00787678
0.0268496
0.00620856
0.0132548
0.0317352
0.158535
0.336096
0.315881
0.061118
0.0431531
0.0103893
0.00357047
0.00150297
0.00301666
0.0790913
0.336096
0.336096
0.0630751
0.015204
0.00528101
0.00261989
0.00521791
0.0169197
0.13299
0.307561
0.307561
0.198905
0.0342454
0.0168596
0.0205884
0.00251451
0.00574884
0.0699626
0.307561
0.307561
0.307561
0.161813
0.191423
0.00529207
0.00407709
0.00840007
0.0876747
0.307561
0.307561
0.0400045
0.00656587
0.00248547
0.00490658
0.0111376
0.0190555
0.0815587
0.307561
0.307561
0.0641488
0.0149277
0.022208
0.0132852
0.00785735
0.0610635
0.154089
0.290573
0.290573
0.290573
0.191346
0.138206
0.0293779
0.0964538
0.290573
0.290573
0.243709
0.127317
0.0738239
0.120239
0.0895907
0.0063015
0.0161406
0.0288432
0.100333
0.290573
0.290573
0.0515205
0.0159161
0.0209581
0.00998
0.00678768
0.0139274
0.0967934
0.290573
0.290573
0.0945788
0.0773077
0.0616536
0.0369935
0.0753666
0.264442
0.263674
0.171109
0.0669589
0.044801
0.132434
0.257007
0.122448
0.136313
0.195311
0.150203
0.191687
0.108039
0.0829078
0.264442
0.264442
0.0146356
0.00546958
0.0221209
0.0800751
0.264442
0.240438
0.0644376
0.0647301
0.0776121
0.113444
0.107073
0.177451
0.264442
0.178725
0.10973
0.0749603
0.223987
0.264442
0.205278
0.167763
0.0968581
0.199212
0.304115
0.0876239
0.11526
0.179283
0.0886402
0.304115
0.185149
0.0538291
0.304115
0.304115
0.075072
0.0538957
0.0290236
0.00455872
0.0900096
0.147152
0.0661512
0.166708
0.304115
0.0131001
0.0761007
0.0924293
0.0828276
0.166071
0.1136
0.0315084
0.304115
0.304115
0.0176872
0.0106875
0.0116674
0.0193325
0.366799
0.23961
0.051461
0.366799
0.366799
0.0679774
0.0519634
0.0315442
0.00521192
0.0110704
0.0223794
0.0346175
0.0979437
0.366799
0.130081
0.017739
0.0211531
0.0218476
0.2093
0.142903
0.0427215
0.366799
0.366799
0.0297812
0.0203667
0.0199339
0.0173444
0.00844997
0.0174349
0.0309869
0.0659798
0.121941
0.0647833
0.0191286
0.02686
0.029624
0.0149042
0.0553492
0.0875563
0.242656
0.342137
0.322139
0.0521214
0.0546654
0.0371806
0.0103629
0.00834308
0.0547079
0.276073
0.342137
0.342137
0.0781117
0.0985475
0.0314097
0.0228895
0.0524399
0.0744877
0.14157
0.306173
0.196329
0.0764954
0.0814001
0.0824132
0.0371994
0.0288927
0.0559886
0.172578
0.342137
0.169689
0.0637831
0.048186
0.0643917
0.00968445
0.00995422
0.0453252
0.241484
0.348434
0.348434
0.0758513
0.0599146
0.0146888
0.0050026
0.00251721
0.0142178
0.13377
0.348434
0.348434
0.079943
0.0229995
0.00749522
0.0328526
0.0399917
0.0506405
0.135895
0.323362
0.176948
0.0590623
0.0432119
0.0537134
0.00780151
0.0205747
0.0270033
0.0746614
0.348434
0.339296
0.0830803
0.0202802
0.026366
0.00817827
0.00628638
0.0167534
0.151876
0.349379
0.349379
0.0625859
0.0125775
0.00641508
0.00560588
0.0133885
0.0300573
0.129715
0.349379
0.349379
0.0951604
0.0287648
0.0248627
0.00554841
0.0280453
0.0299085
0.0945052
0.349379
0.308077
0.079851
0.0333323
0.0267455
0.00488249
0.0142028
0.0736663
0.154447
0.349379
0.222962
0.116352
0.0526919
0.0480154
0.0112255
0.0218764
0.0413245
0.151747
0.348243
0.348243
0.0908339
0.0323328
0.0324378
0.0106847
0.00839787
0.0175319
0.117566
0.348243
0.348243
0.152089
0.114255
0.081229
0.013261
0.0317858
0.0790758
0.166841
0.348243
0.222239
0.107966
0.067471
0.0511921
0.0434436
0.0228093
0.0258879
0.103333
0.348243
0.202925
0.110241
0.0767033
0.0557859
0.0162039
0.00837379
0.0190722
0.0815212
0.28416
0.28416
0.0942034
0.0806416
0.089028
0.182009
0.139411
0.154911
0.24207
0.270623
0.150223
0.126762
0.28416
0.28416
0.0310492
0.0275863
0.0251499
0.0615513
0.282385
0.110472
0.0571209
0.0395191
0.0398087
0.205207
0.126285
0.13899
0.128818
0.152535
0.0272331
0.123955
0.28416
0.28416
0.0942445
0.155037
0.0711461
0.179031
0.320044
0.0148998
0.0944068
0.112956
0.0944803
0.181834
0.152327
0.0354891
0.320044
0.320044
0.019464
0.0191368
0.0150039
0.0227119
0.183277
0.144281
0.0911009
0.0844334
0.195565
0.0567152
0.0693425
0.121905
0.15499
0.320044
0.217985
0.0895974
0.320044
0.320044
0.0568226
0.0275125
0.0416787
0.0964824
0.240844
0.192525
0.03811
0.385353
0.385353
0.0242491
0.0288314
0.0166551
0.0270835
0.00963051
0.0182371
0.0413021
0.0736051
0.116401
0.0575066
0.0225748
0.029861
0.0321525
0.385353
0.266677
0.0620956
0.385353
0.385353
0.0453943
0.0275512
0.045399
0.134549
0.0128782
0.0217696
0.039448
0.0799133
0.129801
0.0765136
0.0367519
0.0211779
0.0260607
0.0372513
0.0742826
0.123401
0.239437
0.281251
0.235039
0.10679
0.120761
0.131077
0.0507338
0.0412685
0.123295
0.281251
0.281251
0.205371
0.0915219
0.0998155
0.119385
0.0497826
0.0684111
0.073904
0.281251
0.281251
0.264367
0.137746
0.0983407
0.100327
0.0685142
0.0796662
0.1197
0.191468
0.281251
0.154681
0.112849
0.128445
0.129833
0.048993
0.0574483
0.109163
0.293611
0.299851
0.249226
0.0943304
0.109184
0.119837
0.0187464
0.0330894
0.069723
0.198748
0.299851
0.299851
0.117735
0.0502131
0.0678771
0.0698326
0.0725753
0.0966373
0.211714
0.299851
0.183667
0.103585
0.177401
0.153535
0.0499591
0.0282603
0.0663819
0.189345
0.239988
0.226647
0.14428
0.143067
0.121765
0.0170878
0.0446825
0.0652002
0.224526
0.322227
0.322227
0.118459
0.073646
0.0630221
0.0135278
0.0299042
0.0962184
0.29526
0.322227
0.322227
0.158894
0.112407
0.0878826
0.0429152
0.0332697
0.0547503
0.175668
0.216201
0.233828
0.112632
0.146626
0.0965777
0.0444159
0.0686882
0.164417
0.184046
0.188288
0.208061
0.145966
0.0910801
0.059181
0.0199254
0.0540069
0.0920385
0.261485
0.321498
0.321498
0.138936
0.131009
0.0751225
0.0409041
0.0409335
0.0282991
0.15508
0.321498
0.306753
0.153211
0.118071
0.0698551
0.0399403
0.0653136
0.126509
0.181956
0.208474
0.225506
0.132566
0.104771
0.0559436
0.0339177
0.0463965
0.0591898
0.151361
0.321498
0.207676
0.180656
0.100057
0.0568676
0.0242086
0.0361107
0.0204147
0.0727276
0.354141
0.151833
0.0756745
0.0585515
0.0340126
0.29282
0.16275
0.157761
0.119653
0.207773
0.0341874
0.161909
0.354141
0.354141
0.0178202
0.0201263
0.0233636
0.0584176
0.210005
0.109084
0.0802264
0.0574057
0.0395902
0.141905
0.0417925
0.0460331
0.0397151
0.0686165
0.0293012
0.0827228
0.354141
0.354141
