0.0428444
0.113742
0.152678
0.215592
0.215592
0.215592
0.200179
0.215592
0.215592
0.0829749
0.126474
0.0962025
0.209239
0.215592
0.138109
0.215592
0.215592
0.163258
0.0908045
0.173385
0.159823
0.163787
0.215592
0.215592
0.215592
0.157843
0.193661
0.0813781
0.0797458
0.132943
0.10848
0.155448
0.0590606
0.164481
0.107942
0.164457
0.111092
0.161239
0.12924
0.225473
0.225473
0.180091
0.225473
0.225473
0.225473
0.0792764
0.14398
0.201466
0.175702
0.225473
0.152341
0.12959
0.137306
0.106379
0.0773701
0.099101
0.150205
0.136083
0.204068
0.0940777
0.225473
0.15498
0.225473
0.0903535
0.191464
0.174159
0.206443
0.225473
0.126828
0.127109
0.0668158
0.0213601
0.102856
0.172077
0.213003
0.198612
0.213003
0.188989
0.184752
0.184976
0.146477
0.120836
0.117859
0.178971
0.152672
0.213003
0.155545
0.140663
0.142125
0.14317
0.105288
0.213003
0.213003
0.213003
0.213003
0.157471
0.125733
0.115702
0.0734503
0.190066
0.213003
0.149101
0.16446
0.213003
0.105743
0.0842231
0.121275
0.170709
0.140172
0.138279
0.178157
0.126074
0.187136
0.144835
0.152965
0.160172
0.170263
0.0799724
0.190653
0.116979
0.186295
0.213404
0.162431
0.185993
0.105017
0.123142
0.15278
0.213404
0.136843
0.18263
0.213404
0.121601
0.0864863
0.191214
0.213404
0.0983393
0.138489
0.163483
0.213404
0.213404
0.157124
0.194015
0.213404
0.174088
0.102121
0.196449
0.13145
0.168641
0.21932
0.158808
0.156745
0.119441
0.170711
0.161571
0.21193
0.151474
0.159986
0.21932
0.153706
0.0852241
0.159457
0.164514
0.0792671
0.132364
0.146094
0.21932
0.21932
0.148889
0.185212
0.21932
0.170195
0.0745615
0.21932
0.21932
0.158201
0.190404
0.123244
0.125061
0.159582
0.136724
0.143962
0.202363
0.143465
0.164865
0.210069
0.129714
0.0990747
0.183208
0.210069
0.14042
0.172945
0.159762
0.188137
0.210069
0.17582
0.159135
0.14929
0.179348
0.111421
0.210069
0.175268
0.175257
0.210069
0.120235
0.128235
0.188924
0.173378
0.138528
0.199135
0.195653
0.126027
0.12554
0.122778
0.174043
0.142764
0.153157
0.123738
0.194718
0.162391
0.194071
0.213551
0.150336
0.181708
0.140441
0.208087
0.137399
0.213551
0.196116
0.166147
0.213551
0.123021
0.108623
0.0695853
0.0821503
0.164909
0.175102
0.153821
0.144046
0.149069
0.112622
0.174943
0.179467
0.181853
0.144207
0.213551
0.208657
0.169512
0.213551
0.195359
0.176134
0.110707
0.0709948
0.08774
0.216652
0.22078
0.217968
0.22078
0.22078
0.22078
0.209312
0.214285
0.0929063
0.11277
0.170718
0.141735
0.152745
0.0874605
0.199633
0.0899835
0.21511
0.0916288
0.0645702
0.0836665
0.108455
0.181507
0.133117
0.22078
0.22078
0.22078
0.112177
0.214539
0.22078
0.164938
0.195418
0.0348727
0.0497746
0.0593145
0.0958191
0.0951694
0.149793
0.181202
0.190233
0.209935
0.14177
0.220269
0.134771
0.220269
0.105019
0.212892
0.220269
0.220269
0.220269
0.207834
0.143132
0.0841268
0.031183
0.0976033
0.220269
0.220269
0.220269
0.220269
0.0604666
0.0722968
0.0526321
0.0731405
0.0786194
0.18465
0.0971689
0.1274
0.187873
0.220165
0.161307
0.220269
0.040134
0.109262
0.217323
0.217323
0.217323
0.217323
0.193301
0.149624
0.144123
0.0791679
0.163422
0.217323
0.153832
0.189115
0.217323
0.121344
0.0715709
0.165384
0.195057
0.0628603
0.176442
0.112579
0.177596
0.217323
0.177876
0.140575
0.217323
0.0700578
0.056994
0.201338
0.168058
0.217323
0.215949
0.122065
0.0931584
0.11974
0.112429
0.123021
0.21336
0.145416
0.182505
0.213673
0.10655
0.0808742
0.213673
0.213673
0.0858388
0.195136
0.163424
0.213673
0.213673
0.150941
0.19148
0.213673
0.146504
0.0692368
0.189442
0.188837
0.206125
0.201484
0.0915846
0.0952789
0.125457
0.121038
0.115882
0.166252
0.140332
0.153514
0.213673
0.139139
0.160742
0.213673
0.108978
0.0911541
0.202044
0.149008
0.22461
0.22461
0.157177
0.21878
0.22461
0.163971
0.0926525
0.22461
0.22461
0.164979
0.152745
0.108633
0.122199
0.14224
0.134038
0.138524
0.186604
0.140649
0.151344
0.22461
0.169546
0.195702
0.22461
0.119483
0.119964
0.133564
0.109765
0.0942216
0.203227
0.209269
0.140655
0.0891394
0.0894248
0.145033
0.215816
0.211038
0.192617
0.215816
0.119198
0.165591
0.191831
0.206474
0.167434
0.215816
0.215816
0.178012
0.155972
0.129376
0.174422
0.180112
0.198867
0.119426
0.128143
0.121538
0.119659
0.215816
0.206864
0.141906
0.114422
0.117086
0.138216
0.0944068
0.116879
0.159791
0.215816
0.215816
0.0965089
0.12024
0.0809021
0.18206
0.163361
0.18071
0.148814
0.156395
0.118024
0.193476
0.213413
0.213413
0.16375
0.213413
0.197331
0.213413
0.213413
0.173251
0.134957
0.135894
0.118877
0.108412
0.0909353
0.117761
0.125828
0.213413
0.192187
0.0927841
0.185098
0.116564
0.141555
0.213413
0.11651
0.213413
0.213413
0.137313
0.102398
0.167793
0.137229
0.105312
0.0858446
0.105365
0.133385
0.225307
0.167212
0.225307
0.225307
0.225307
0.155557
0.225307
0.220751
0.183367
0.225307
0.0682852
0.0716253
0.073354
0.110216
0.191248
0.173551
0.13359
0.108549
0.164559
0.225307
0.225307
0.225307
0.18669
0.0765691
0.200674
0.132122
0.180548
0.225307
0.0701229
0.0921763
0.0951013
0.079237
0.126445
0.225629
0.222436
0.225629
0.225629
0.10233
0.118245
0.085472
0.0831194
0.114186
0.212379
0.114004
0.148072
0.21245
0.225629
0.179681
0.225629
0.0636417
0.0725711
0.225629
0.154369
0.225629
0.225629
0.0979325
0.138373
0.143209
0.0745953
0.1719
0.0911457
0.107453
0.115337
0.225629
0.197637
0.128369
0.115018
0.21857
0.098286
0.206004
0.130368
0.215786
0.215786
0.192394
0.179215
0.215786
0.0955807
0.0704719
0.184576
0.134756
0.215786
0.215786
0.178674
0.135759
0.153308
0.123846
0.215786
0.125097
0.151328
0.130899
0.215786
0.21228
0.169421
0.106931
0.189937
0.180527
0.118989
0.114232
0.161657
0.215786
0.0999971
0.119229
0.107338
0.187378
0.0915435
0.202302
0.177387
0.213816
0.212327
0.11797
0.128959
0.172572
0.14942
0.122768
0.197698
0.18818
0.183304
0.213816
0.172553
0.189245
0.213816
0.116578
0.213816
0.149035
0.14655
0.162899
0.213816
0.0935568
0.117729
0.104639
0.144529
0.0805237
0.131295
0.164603
0.213816
0.213816
0.176363
0.10768
0.154642
0.164362
0.147221
0.212193
0.189425
0.169338
0.212193
0.187622
0.212193
0.212193
0.139952
0.137218
0.155177
0.155934
0.113672
0.192258
0.212193
0.15293
0.0878484
0.093786
0.0838742
0.1475
0.206106
0.212193
0.212193
0.202825
0.117353
0.164569
0.166713
0.179702
0.162006
0.175225
0.204036
0.20321
0.151499
0.0562263
0.0735702
0.0451524
0.126133
0.137591
0.158179
0.129965
0.222173
0.203632
0.153149
0.110583
0.119515
0.157696
0.112954
0.107844
0.222173
0.222173
0.222173
0.0997048
0.125481
0.0825757
0.147328
0.154823
0.206683
0.222173
0.186765
0.190591
0.100903
0.107373
0.0720975
0.14092
0.214861
0.12337
0.222173
0.142843
0.173559
0.222173
0.222173
0.192065
0.107048
0.0807299
0.099094
0.158399
0.219728
0.170581
0.0954922
0.163023
0.114452
0.124726
0.1872
0.102375
0.219728
0.219728
0.136582
0.113929
0.182023
0.16627
0.0827652
0.159647
0.119686
0.20166
0.129612
0.18279
0.219728
0.219728
0.201538
0.0908229
0.219728
0.203722
0.219728
0.192376
0.103872
0.219728
0.218237
0.0784115
0.220489
0.220489
0.15562
0.107104
0.19727
0.220489
0.220489
0.220489
0.220489
0.105205
0.213252
0.115435
0.180888
0.220489
0.101139
0.114657
0.102227
0.0777396
0.119417
0.220489
0.185241
0.0839388
0.220489
0.15154
0.220489
0.196982
0.182945
0.0632535
0.104421
0.0928466
0.116343
0.220489
0.133841
0.127418
0.108065
0.120102
0.087119
0.231995
0.1529
0.231995
0.231995
0.147093
0.177256
0.158675
0.0758845
0.191285
0.0992334
0.106535
0.160595
0.231995
0.210364
0.142971
0.123041
0.230314
0.0900574
0.14029
0.132216
0.160633
0.231995
0.194105
0.182356
0.144593
0.137164
0.144601
0.122296
0.137033
0.194188
0.218398
0.177055
0.130871
0.099426
0.139059
0.214847
0.12326
0.136989
0.176746
0.214847
0.214847
0.179596
0.124139
0.208415
0.202327
0.0953069
0.0867927
0.17562
0.214847
0.139121
0.165351
0.130495
0.165048
0.156719
0.144662
0.159526
0.214847
0.214847
0.214847
0.173824
0.0887625
0.103953
0.155835
0.206785
0.178466
0.207923
0.214847
0.0948968
0.115609
0.0677167
0.0784026
0.214245
0.134679
0.118211
0.212228
0.214245
0.133875
0.15936
0.151789
0.157491
0.0855886
0.169592
0.187331
0.214245
0.214245
0.186256
0.119895
0.154215
0.191731
0.133016
0.160542
0.179346
0.214245
0.214245
0.143135
0.159351
0.0964969
0.0958033
0.115603
0.172384
0.100136
0.178528
0.214245
0.142825
0.120015
0.169669
0.202527
0.0756549
0.165104
0.200492
0.214561
0.210597
0.177497
0.114559
0.164202
0.184448
0.167536
0.19689
0.200482
0.202832
0.211829
0.180811
0.0916489
0.0739049
0.0813497
0.0872056
0.151723
0.113709
0.208859
0.214561
0.143781
0.139895
0.176476
0.198638
0.15763
0.142365
0.140391
0.110854
0.214561
0.214561
0.171578
0.127687
0.16007
0.117425
0.177629
0.20305
0.218249
0.184529
0.162035
0.120994
0.100728
0.0896401
0.165388
0.210418
0.122467
0.211488
0.152673
0.160186
0.218249
0.218249
0.184324
0.102815
0.148284
0.14196
0.141246
0.218249
0.201743
0.154036
0.122007
0.132186
0.073272
0.163802
0.218249
0.218249
0.218249
0.192963
0.107031
0.118161
0.0909655
0.109491
0.147981
0.114392
0.213534
0.15985
0.153924
0.213534
0.213534
0.213534
0.089456
0.193576
0.169373
0.213534
0.213534
0.139802
0.213534
0.213233
0.101372
0.0613288
0.162936
0.190954
0.213534
0.213534
0.156399
0.107001
0.10702
0.0900206
0.0441075
0.151863
0.133576
0.213534
0.213534
0.12035
0.120683
0.194837
0.143759
0.137502
0.218421
0.216125
0.087601
0.218421
0.151101
0.216258
0.215377
0.218421
0.0932192
0.141231
0.0957425
0.129215
0.218421
0.161961
0.134436
0.10695
0.123778
0.180757
0.218421
0.0964321
0.124051
0.218421
0.195744
0.218421
0.127651
0.156871
0.123675
0.168242
0.140485
0.0972443
0.214845
0.166837
0.181983
0.149121
0.111741
0.112815
0.161303
0.113026
0.157458
0.218366
0.218366
0.16636
0.110793
0.129937
0.14154
0.137159
0.147149
0.209404
0.218366
0.172464
0.122727
0.132053
0.132774
0.15704
0.199714
0.19769
0.114688
0.198456
0.136656
0.174073
0.131375
0.182414
0.140242
0.218366
0.195481
0.148932
0.218366
0.0598178
0.171906
0.20885
0.178117
0.144118
0.147901
0.157877
0.217343
0.217343
0.217343
0.160717
0.122238
0.117016
0.170223
0.160677
0.139329
0.217343
0.217343
0.116069
0.152591
0.0962125
0.100143
0.12099
0.217343
0.217343
0.197862
0.217343
0.0924343
0.145608
0.202262
0.191596
0.0746955
0.108395
0.0714199
0.157467
0.217343
0.186135
0.104322
0.217343
0.146388
0.145191
0.128246
0.145064
0.222039
0.222039
0.172522
0.198269
0.132455
0.122888
0.110135
0.158191
0.0967567
0.165591
0.222039
0.151441
0.112203
0.131842
0.189023
0.0622879
0.110624
0.0893585
0.220758
0.222039
0.222039
0.11601
0.222039
0.15455
0.114568
0.176335
0.136003
0.138118
0.222039
0.222039
0.138888
0.148859
0.222039
0.082561
0.137682
0.103616
0.177854
0.225026
0.147048
0.133091
0.145386
0.182366
0.114241
0.172589
0.147224
0.102715
0.225026
0.225026
0.197478
0.140762
0.188731
0.118359
0.200325
0.166098
0.145131
0.202991
0.225026
0.129834
0.118926
0.206375
0.115661
0.193899
0.222514
0.201812
0.225026
0.129153
0.106289
0.140278
0.0948346
0.0908372
0.196878
0.153049
0.127855
0.226422
0.214847
0.196178
0.142772
0.168038
0.0764378
0.17504
0.226422
0.226422
0.226422
0.220256
0.0916433
0.0920721
0.117204
0.128174
0.202132
0.226422
0.178627
0.226422
0.126547
0.0871581
0.129674
0.154889
0.0722842
0.0884489
0.155616
0.155038
0.224834
0.116204
0.0646256
0.192393
0.191274
0.0827903
0.192202
0.217853
0.217853
0.217853
0.184543
0.112627
0.110652
0.133189
0.0539479
0.147637
0.141246
0.217853
0.217853
0.17365
0.167338
0.212393
0.185554
0.0940573
0.120058
0.17994
0.152314
0.193609
0.111036
0.0803796
0.179909
0.217853
0.0512985
0.217853
0.142736
0.136444
0.130045
0.184609
0.179876
0.214291
0.162899
0.156289
0.20055
0.11271
0.138659
0.215227
0.176322
0.215227
0.0937975
0.150209
0.169207
0.185345
0.105384
0.0906452
0.201453
0.190387
0.173111
0.131671
0.114688
0.215227
0.17097
0.190114
0.215227
0.215227
0.113554
0.204962
0.118983
0.215227
0.123826
0.215026
0.125022
0.132336
0.156068
0.171893
0.179646
0.143511
0.0867253
0.21286
0.213397
0.131213
0.106488
0.213397
0.171189
0.174495
0.108476
0.163768
0.137522
0.213397
0.17414
0.14779
0.213397
0.0760106
0.173734
0.212639
0.147631
0.12541
0.213397
0.145007
0.139686
0.167315
0.213397
0.182913
0.143432
0.108708
0.0841234
0.131041
0.188453
0.213397
0.213397
0.188291
0.135621
0.126256
0.0988895
0.109255
0.19976
0.183061
0.172971
0.226008
0.0987375
0.136852
0.171176
0.141476
0.0791574
0.104258
0.074282
0.145538
0.226008
0.188048
0.119573
0.192574
0.167983
0.0813069
0.0899306
0.157372
0.206305
0.226008
0.226008
0.107025
0.116891
0.100542
0.109506
0.132917
0.226008
0.168512
0.226008
0.226008
0.11452
0.226008
0.226008
0.0561557
0.0811046
0.0879813
0.174081
0.223479
0.223479
0.10753
0.175132
0.146729
0.0921831
0.101982
0.144111
0.13609
0.184898
0.159993
0.0873037
0.0918614
0.175072
0.0893305
0.0879084
0.223479
0.162755
0.223479
0.223479
0.118427
0.223479
0.208706
0.123451
0.180301
0.223479
0.223479
0.223479
0.11469
0.172404
0.223479
0.184241
0.11748
0.128007
0.178971
0.155592
0.209442
0.209584
0.116196
0.107168
0.187358
0.0810553
0.146298
0.201065
0.188196
0.228216
0.111644
0.104932
0.144128
0.0868319
0.101814
0.166257
0.228216
0.228216
0.220383
0.12648
0.206858
0.228216
0.202346
0.0671399
0.133121
0.175602
0.197591
0.228216
0.163358
0.119625
0.128189
0.117608
0.115743
0.169605
0.214558
0.18401
0.214558
0.137887
0.129237
0.175754
0.154398
0.0724311
0.0866181
0.15726
0.159544
0.203528
0.128697
0.101775
0.16728
0.162538
0.100969
0.159991
0.214558
0.211992
0.214558
0.198961
0.133128
0.168293
0.14156
0.198574
0.205142
0.147312
0.0725838
0.211557
0.161322
0.214558
0.152006
0.170016
0.0874123
0.108248
0.157432
0.146556
0.19127
0.12189
0.10808
0.158964
0.196052
0.0584574
0.181968
0.129276
0.124691
0.125955
0.171054
0.177534
0.205551
0.177378
0.207136
0.193156
0.156798
0.0851106
0.207136
0.160365
0.176582
0.162444
0.1603
0.191065
0.207136
0.168685
0.121703
0.207136
0.173703
0.207136
0.207136
0.207136
0.219079
0.159784
0.191853
0.216955
0.219079
0.12747
0.219079
0.11004
0.219079
0.147759
0.201245
0.0938288
0.127745
0.199021
0.167703
0.213157
0.133565
0.0892111
0.146109
0.199973
0.204181
0.169318
0.213094
0.194409
0.211343
0.143965
0.105429
0.135796
0.160058
0.0779213
0.106602
0.104785
0.117326
0.219079
0.11625
0.0683498
0.152976
0.200649
0.113976
0.146371
0.21598
0.202921
0.21598
0.139444
0.102767
0.100471
0.184367
0.172844
0.21598
0.21598
0.198621
0.153098
0.127284
0.0944293
0.149555
0.21598
0.124135
0.127758
0.196469
0.115591
0.21598
0.113717
0.0699213
0.0985739
0.21598
0.21598
0.21598
0.21598
0.141815
0.16328
0.135579
0.059554
0.0914678
0.112124
0.13732
0.171216
0.221688
0.221688
0.122934
0.107658
0.0865325
0.106842
0.175637
0.221688
0.17376
0.221688
0.221688
0.125352
0.219407
0.216368
0.0862575
0.221688
0.194784
0.202325
0.221688
0.165996
0.123006
0.0944127
0.0410928
0.109728
0.152654
0.180273
0.183977
0.221688
0.180839
0.0930981
0.171394
0.0914919
0.0833955
0.103107
0.217487
0.170642
0.217487
0.217487
0.128072
0.217487
0.185719
0.132469
0.174405
0.217487
0.217487
0.209698
0.149985
0.140737
0.217487
0.162693
0.103869
0.125924
0.163496
0.168443
0.217487
0.217487
0.130931
0.141094
0.0748932
0.0789527
0.130938
0.184116
0.163935
0.168897
0.131856
0.115421
0.148685
0.161501
0.117028
0.146854
0.220346
0.220346
0.208266
0.181477
0.192176
0.220346
0.198557
0.0646019
0.111162
0.166252
0.213864
0.220346
0.163163
0.144264
0.154615
0.103722
0.0948593
0.142618
0.179247
0.198688
0.220346
0.193732
0.184162
0.14836
0.165733
0.067361
0.0975238
0.125515
0.180618
0.220346
0.149943
0.138416
0.0849682
0.124881
0.093097
0.13348
0.199148
0.214457
0.214457
0.213798
0.179027
0.214457
0.139938
0.170823
0.183457
0.130382
0.101882
0.214457
0.200024
0.214457
0.157211
0.138286
0.0988046
0.129584
0.144488
0.214457
0.214457
0.18162
0.187998
0.100793
0.138443
0.0902406
0.144153
0.0792324
0.131308
0.214457
0.175796
0.117002
0.180797
0.140368
0.181925
0.171954
0.122586
0.107036
0.209491
0.176325
0.18656
0.15072
0.135724
0.150962
0.173639
0.165806
0.16218
0.209491
0.182694
0.202587
0.209491
0.209491
0.112198
0.156272
0.0975804
0.128656
0.188599
0.140627
0.124365
0.152405
0.127659
0.136839
0.209491
0.140957
0.204006
0.209491
0.209491
0.183865
0.130226
0.105181
0.159836
0.183131
0.216847
0.196339
0.216847
0.208171
0.216847
0.147452
0.120143
0.126104
0.174403
0.0880004
0.128116
0.16862
0.128928
0.216847
0.127434
0.144121
0.0743605
0.102362
0.175592
0.216847
0.216847
0.216847
0.117229
0.166058
0.126211
0.0798237
0.164108
0.156492
0.196429
0.216847
0.200129
0.0728375
0.100571
0.195437
0.145887
0.219111
0.125766
0.154195
0.219111
0.122164
0.219111
0.105035
0.114957
0.122059
0.219111
0.213502
0.20303
0.209019
0.141351
0.180149
0.139726
0.0832223
0.0915981
0.219111
0.152521
0.202979
0.219111
0.210335
0.074893
0.072057
0.150485
0.117436
0.219111
0.153615
0.215076
0.219111
0.147325
0.149507
0.0849097
0.0783873
0.117494
0.220955
0.220955
0.191571
0.220955
0.172703
0.164379
0.109768
0.061593
0.128647
0.215417
0.209215
0.208352
0.220955
0.174265
0.139348
0.188067
0.0970798
0.100501
0.220955
0.157717
0.209534
0.220955
0.128276
0.153107
0.100238
0.0587993
0.0882517
0.112155
0.0961236
0.134453
0.218377
0.117395
0.220955
0.183228
0.123838
0.111691
0.178866
0.197881
0.19811
0.214345
0.214345
0.181878
0.175799
0.0859867
0.099615
0.180155
0.177106
0.214345
0.176975
0.199265
0.126247
0.152789
0.127189
0.0604063
0.0866899
0.106682
0.150669
0.214345
0.123178
0.214345
0.194648
0.138672
0.183356
0.214345
0.128062
0.206335
0.214345
0.0671521
0.150515
0.150188
0.155111
0.0921605
0.167934
0.146796
0.211263
0.211263
0.211263
0.193187
0.164655
0.132429
0.079628
0.111034
0.125567
0.189559
0.211263
0.165515
0.203043
0.120363
0.121883
0.165574
0.211263
0.121557
0.190038
0.211263
0.119297
0.20405
0.161715
0.17191
0.180548
0.168113
0.0805822
0.134814
0.159008
0.141478
0.210679
0.11806
0.211263
0.0852978
0.132502
0.139317
0.198641
0.215193
0.188432
0.215193
0.143671
0.132671
0.0672886
0.147176
0.0855904
0.154904
0.213101
0.18255
0.15116
0.171779
0.149108
0.199867
0.215193
0.0782012
0.168295
0.193011
0.18153
0.215193
0.172612
0.215193
0.117206
0.136119
0.084962
0.215193
0.215193
0.155961
0.12188
0.193711
0.130327
0.0960299
0.186263
0.11839
0.169463
0.212259
0.150985
0.15021
0.16911
0.158823
0.153532
0.213102
0.187565
0.213102
0.213102
0.210363
0.172188
0.134695
0.165414
0.109939
0.150987
0.0857635
0.213102
0.213102
0.135856
0.145045
0.213102
0.135627
0.179246
0.15958
0.153914
0.103134
0.213102
0.161621
0.108643
0.115687
0.172369
0.0614938
0.0939034
0.165724
0.17631
0.227792
0.221902
0.118629
0.108909
0.117152
0.069279
0.132754
0.124077
0.160122
0.21881
0.182683
0.0777588
0.0964937
0.224721
0.113997
0.130167
0.154694
0.227792
0.227792
0.200789
0.200341
0.123795
0.0992524
0.0942077
0.137508
0.1842
0.227792
0.227792
0.217491
0.149027
0.214516
0.182209
0.104277
0.201791
0.135307
0.187945
0.223827
0.191042
0.0670074
0.0703877
0.169911
0.129423
0.223827
0.130852
0.186921
0.215294
0.125147
0.132587
0.0873685
0.0867165
0.0869038
0.137783
0.210836
0.223827
0.223827
0.192013
0.162718
0.209882
0.223827
0.0462237
0.0984904
0.0982705
0.149043
0.223827
0.194539
0.149456
0.199202
0.184008
0.141528
0.220834
0.19142
0.220834
0.220834
0.12095
0.152945
0.109409
0.0735459
0.118569
0.129158
0.112725
0.138438
0.193821
0.122465
0.220834
0.190255
0.162097
0.0580783
0.143837
0.153107
0.208318
0.220834
0.148319
0.169091
0.205218
0.183523
0.137341
0.18502
0.220834
0.15869
0.220834
0.194475
0.0809731
0.128084
0.112071
0.0757134
0.107638
0.13792
0.148768
0.211648
0.124344
0.211648
0.206767
0.167288
0.200448
0.211648
0.143037
0.211648
0.211648
0.0785277
0.173048
0.156692
0.121733
0.115864
0.196278
0.211648
0.193706
0.211648
0.141082
0.128777
0.12774
0.104551
0.123952
0.205906
0.15107
0.204294
0.095894
0.0708314
0.207575
0.196525
0.184915
0.157176
0.210656
0.135749
0.210656
0.210656
0.133142
0.210656
0.179385
0.138247
0.159797
0.153099
0.102403
0.166291
0.147683
0.16221
0.210656
0.136092
0.210656
0.14782
0.210656
0.172282
0.210656
0.0943409
0.0710585
0.210656
0.210656
0.183167
0.161637
0.145781
0.147621
0.175368
0.210656
0.102005
0.10302
0.122535
0.104726
0.157838
0.189631
0.0997969
0.168259
0.166843
0.196822
0.209131
0.187058
0.209131
0.103336
0.145712
0.0894037
0.209131
0.209131
0.162332
0.181206
0.170966
0.120032
0.196663
0.192249
0.19268
0.209131
0.209131
0.0915887
0.0868025
0.147033
0.108012
0.0817415
0.132058
0.100088
0.145331
0.186833
0.209131
0.209131
0.183424
0.144555
0.103772
0.173394
0.0988841
0.209445
0.209445
0.153787
0.204312
0.209445
0.124662
0.189046
0.152053
0.163158
0.106473
0.209445
0.11807
0.0915328
0.153573
0.182515
0.102971
0.185599
0.137224
0.176283
0.209445
0.209445
0.192302
0.184904
0.154707
0.0816931
0.165004
0.161093
0.141267
0.177159
0.199089
0.186944
0.159245
0.167403
0.106703
0.150259
0.165626
0.221976
0.221976
0.195964
0.221976
0.104005
0.0816717
0.0970037
0.117048
0.150641
0.220129
0.221976
0.200157
0.160717
0.17089
0.162909
0.146756
0.221976
0.167436
0.217764
0.221976
0.129714
0.111931
0.0797355
0.0798164
0.0482753
0.114922
0.0871071
0.221976
0.221976
0.179832
0.133756
0.197215
0.145981
0.116573
0.138818
0.208487
0.22499
0.22499
0.190097
0.171311
0.176369
0.21284
0.077826
0.0987868
0.0933078
0.174942
0.22499
0.168848
0.144318
0.190613
0.178729
0.05024
0.134822
0.119285
0.22499
0.22499
0.183208
0.158356
0.163666
0.147832
0.0972557
0.138675
0.126707
0.20551
0.22499
0.209404
0.128376
0.0877252
0.0900057
0.0888796
0.14831
0.145268
0.212014
0.215131
0.13598
0.144292
0.164894
0.16111
0.16469
0.161437
0.200243
0.179916
0.215131
0.163119
0.0655547
0.114242
0.131503
0.10385
0.125572
0.132577
0.195806
0.215131
0.215131
0.170546
0.0886592
0.124559
0.160476
0.215131
0.159021
0.190059
0.215131
0.208987
0.195812
0.169105
0.11957
0.137152
0.179238
0.201368
0.205837
0.210643
0.142122
0.111149
0.10966
0.120376
0.123446
0.16026
0.132323
0.170227
0.124511
0.103827
0.210643
0.154855
0.174573
0.154066
0.210643
0.15342
0.179033
0.210643
0.210643
0.182968
0.163593
0.141684
0.0802901
0.161322
0.150448
0.135305
0.210643
0.210643
0.210643
0.104933
0.199747
0.142179
0.196155
0.158249
0.207052
0.120935
0.110187
0.21343
0.173542
0.177524
0.110449
0.162157
0.171355
0.207216
0.21343
0.119561
0.100592
0.128496
0.108553
0.0851483
0.180048
0.163333
0.16402
0.21343
0.21343
0.21343
0.119989
0.21343
0.127308
0.18294
0.0990621
0.21343
0.21343
0.161707
0.133817
0.131323
0.169236
0.142288
0.191369
0.210007
0.212684
0.212684
0.10015
0.0934054
0.137811
0.10267
0.0576442
0.143173
0.114625
0.155843
0.204045
0.212684
0.212684
0.190874
0.0926288
0.138874
0.188668
0.127361
0.212684
0.212684
0.166484
0.126723
0.161744
0.189522
0.162871
0.179582
0.0967387
0.212684
0.212684
0.166873
0.182365
0.141531
0.121428
0.0908495
0.1801
0.147386
0.185568
0.211383
0.211383
0.211383
0.194381
0.115127
0.0905663
0.162495
0.140169
0.140959
0.195219
0.184468
0.19188
0.166567
0.127886
0.159516
0.187214
0.123517
0.211383
0.211383
0.192355
0.198165
0.158533
0.123695
0.0763425
0.210385
0.171551
0.194242
0.211383
0.106216
0.129194
0.104096
0.0912356
0.130849
0.215026
0.184741
0.197033
0.215026
0.130306
0.13225
0.0820358
0.0797891
0.0520287
0.0946456
0.102536
0.215026
0.215026
0.164486
0.143274
0.194915
0.131361
0.0933751
0.159686
0.20473
0.215026
0.204992
0.102321
0.186275
0.154018
0.0732538
0.0507303
0.215026
0.215026
0.215026
0.215026
0.175636
0.186197
0.215026
0.120363
0.0568796
0.123495
0.150629
0.229145
0.229145
0.190968
0.15868
0.149855
0.120372
0.141388
0.140497
0.111595
0.170427
0.229145
0.183913
0.111964
0.0825544
0.0818067
0.0572785
0.229145
0.229145
0.229145
0.229145
0.21371
0.209113
0.229145
0.108179
0.120032
0.166146
0.123762
0.179871
0.229145
0.138086
0.0938781
0.106582
0.115151
0.143006
0.148466
0.124236
0.167802
0.214456
0.214456
0.146212
0.0688089
0.109718
0.165337
0.178847
0.149883
0.214456
0.214456
0.183971
0.15744
0.163879
0.156081
0.100512
0.170709
0.156367
0.214456
0.214456
0.167621
0.145811
0.166954
0.116672
0.127396
0.132888
0.144289
0.198891
0.214456
0.186503
0.194346
0.118291
0.163815
0.149488
0.17354
0.156818
0.198507
0.213639
0.197421
0.152914
0.156568
0.171149
0.0762604
0.109386
0.126109
0.123876
0.213639
0.213639
0.191508
0.0886763
0.178969
0.13008
0.159919
0.171868
0.213639
0.213639
0.172212
0.213639
0.118633
0.15903
0.168422
0.169445
0.14038
0.202774
0.213639
0.143264
0.117432
0.145961
0.0878149
0.0822122
0.143114
0.155092
0.140826
0.224329
0.224329
0.208734
0.103007
0.185725
0.0927872
0.198135
0.130017
0.224329
0.224329
0.144858
0.108202
0.15096
0.194335
0.15509
0.168411
0.156339
0.224329
0.224329
0.148636
0.132343
0.15602
0.129973
0.0845665
0.129494
0.168203
0.224329
0.224329
0.0580743
0.116949
0.130029
0.189008
0.10398
0.196386
0.157512
0.219385
0.219385
0.148915
0.112373
0.167101
0.187911
0.123024
0.170898
0.116433
0.219385
0.219385
0.18804
0.219385
0.162946
0.0977989
0.060908
0.114249
0.170216
0.219385
0.219385
0.101982
0.153952
0.170735
0.219385
0.0967198
0.106792
0.182078
0.158393
0.219385
0.119172
0.171417
0.110231
0.146662
0.125498
0.157294
0.124102
0.210916
0.212946
0.190873
0.212946
0.158326
0.0971016
0.0769309
0.16516
0.158329
0.170764
0.212946
0.129817
0.158618
0.092514
0.084061
0.109743
0.164615
0.141571
0.143554
0.212946
0.158909
0.190233
0.212946
0.212147
0.123831
0.212946
0.207203
0.120096
0.200683
0.172105
0.139533
0.133853
0.212946
0.0994758
0.175673
0.1877
0.203386
0.213311
0.130473
0.196913
0.16958
0.0809163
0.0617919
0.215015
0.215015
0.215015
0.215015
0.210373
0.215015
0.215015
0.136805
0.0881542
0.114231
0.170569
0.215015
0.215015
0.175745
0.113477
0.215015
0.0716436
0.0781982
0.139943
0.127036
0.156774
0.215015
0.0894421
0.13235
0.151029
0.0581824
0.0659564
0.232042
0.232042
0.232042
0.232042
0.232042
0.231811
0.232042
0.121522
0.127837
0.174201
0.137025
0.198469
0.232042
0.137348
0.0942622
0.122571
0.133209
0.0783778
0.154529
0.152255
0.165587
0.232042
0.10791
0.149251
0.206409
0.0828811
0.0446191
0.0849155
0.111212
0.232042
0.232042
0.132245
0.0551267
0.0956579
0.0898568
0.110315
0.188472
0.146671
0.226633
0.226633
0.153512
0.13227
0.148147
0.117471
0.113448
0.131296
0.15062
0.205224
0.226633
0.190822
0.187879
0.134158
0.180479
0.0614508
0.110416
0.140256
0.226633
0.226633
0.118681
0.0815418
0.108745
0.0917269
0.0950825
0.169352
0.0997997
0.199695
0.226633
0.205755
0.13923
0.226633
0.226633
0.128702
0.169356
0.174643
0.218666
0.218666
0.165698
0.203888
0.129018
0.155211
0.118657
0.152321
0.162117
0.203588
0.218666
0.175068
0.0989363
0.146823
0.0949414
0.122994
0.197085
0.114641
0.211572
0.218666
0.173209
0.141584
0.215873
0.184809
0.0537641
0.134708
0.165142
0.2094
0.218666
0.175547
0.0793642
0.0816237
0.14417
0.133662
0.175139
0.181823
0.228585
0.230529
0.180458
0.115017
0.152624
0.107378
0.0880615
0.155021
0.156514
0.168144
0.230529
0.0706464
0.13543
0.139453
0.203943
0.067782
0.164304
0.160997
0.22462
0.230529
0.203846
0.1052
0.070351
0.136836
0.118544
0.190629
0.107694
0.165409
0.230529
0.188087
0.230529
0.174547
0.106927
0.0758409
0.139281
0.159316
0.18439
0.227244
0.112013
0.177478
0.158949
0.227244
0.0877272
0.103536
0.18585
0.201805
0.227244
0.137814
0.180955
0.111742
0.169338
0.126821
0.208305
0.117935
0.1949
0.227244
0.153504
0.227244
0.178594
0.120774
0.107892
0.12539
0.107904
0.227244
0.227244
0.186929
0.129583
0.0925637
0.131811
0.0990267
0.145302
0.12766
0.152608
0.218733
0.159611
0.17776
0.160587
0.212612
0.0980484
0.218733
0.192866
0.124307
0.204433
0.197763
0.159832
0.118412
0.209795
0.136358
0.129916
0.110164
0.18875
0.218733
0.146413
0.105324
0.100028
0.143243
0.10726
0.157199
0.218733
0.216603
0.218733
0.197092
0.146809
0.182363
0.111281
0.158034
0.179852
0.156539
0.212371
0.212371
0.208561
0.117763
0.212371
0.105635
0.108014
0.148322
0.174696
0.180655
0.212371
0.130089
0.14587
0.186123
0.0985679
0.212371
0.185675
0.123713
0.177082
0.16066
0.179118
0.212371
0.113536
0.14204
0.14058
0.160326
0.142242
0.083498
0.212371
0.212371
0.161715
0.0918048
0.173512
0.105782
0.146819
0.185303
0.177196
0.221808
0.137648
0.159268
0.221808
0.134255
0.0608989
0.119078
0.15087
0.221808
0.221808
0.136739
0.0832813
0.199348
0.129974
0.154928
0.169993
0.171946
0.128625
0.221808
0.201785
0.188654
0.0977164
0.132077
0.0676269
0.144729
0.164311
0.203419
0.221808
0.221808
0.12026
0.221808
0.109562
0.0830701
0.135872
0.157733
0.223658
0.223658
0.116063
0.100165
0.165202
0.120385
0.109749
0.182652
0.115487
0.181015
0.223658
0.184792
0.140681
0.223658
0.223658
0.0856243
0.166585
0.16007
0.210346
0.223658
0.191745
0.119197
0.167343
0.0909689
0.167809
0.18178
0.117727
0.187641
0.159178
0.181579
0.223658
0.157882
0.0561262
0.150938
0.224337
0.149581
0.185832
0.224337
0.173449
0.150872
0.185865
0.186652
0.0363458
0.15509
0.204762
0.206348
0.224337
0.183472
0.110309
0.10896
0.162414
0.171792
0.224337
0.134129
0.197229
0.1603
0.153099
0.224337
0.115551
0.0797758
0.126403
0.138592
0.146996
0.115716
0.224337
0.0701627
0.175593
0.157856
0.126659
0.0630904
0.180673
0.196428
0.201454
0.22471
0.210863
0.140926
0.0888236
0.15771
0.166882
0.22471
0.122329
0.161563
0.22471
0.180788
0.22471
0.172206
0.107947
0.0920638
0.153921
0.15733
0.137695
0.22471
0.10307
0.182312
0.175828
0.187965
0.176948
0.173982
0.137359
0.122855
0.120344
0.147051
0.22471
0.104573
0.112594
0.147817
0.211043
0.0982736
0.160147
0.217704
0.155703
0.217704
0.161293
0.132669
0.114713
0.14462
0.111782
0.217704
0.217704
0.158057
0.153175
0.0997423
0.146354
0.10848
0.201311
0.150278
0.127586
0.135716
0.199305
0.201164
0.144229
0.150383
0.0824892
0.183037
0.161726
0.205103
0.217704
0.147133
0.21599
0.203976
0.124385
0.114302
0.128396
0.0933969
0.189412
0.223212
0.143846
0.12104
0.0943416
0.166143
0.0878781
0.147341
0.210605
0.184459
0.223212
0.191367
0.163326
0.155529
0.0869521
0.0602376
0.193719
0.156965
0.174692
0.223212
0.185229
0.205152
0.197119
0.134369
0.155839
0.124405
0.223212
0.223212
0.223212
0.146085
0.139579
0.131194
0.157444
0.210034
0.175221
0.0913936
0.161447
0.189982
0.183982
0.210034
0.0999805
0.131865
0.148584
0.198556
0.175062
0.111446
0.210034
0.210034
0.165156
0.0929523
0.174602
0.210034
0.168657
0.210034
0.172294
0.210034
0.210034
0.210034
0.164593
0.153138
0.0987877
0.163857
0.135866
0.129698
0.210034
0.167896
0.0652154
0.0566016
0.096086
0.161587
0.206936
0.199065
0.149055
0.221973
0.189426
0.163809
0.102496
0.153084
0.0786305
0.147482
0.184785
0.202741
0.221973
0.221973
0.143733
0.221973
0.0897984
0.0892293
0.187177
0.158802
0.180519
0.221973
0.129287
0.110106
0.0777345
0.0648884
0.0752434
0.167447
0.187239
0.221973
0.221973
0.187346
0.168488
0.137061
0.0695178
0.0952425
0.156814
0.175536
0.186218
0.215909
0.174563
0.12731
0.209472
0.0841297
0.155316
0.169285
0.106389
0.181378
0.214191
0.128042
0.167936
0.161394
0.107943
0.0804975
0.159717
0.157593
0.215909
0.215909
0.160544
0.212287
0.148244
0.0642747
0.115623
0.215909
0.113149
0.134127
0.215909
0.146758
0.200389
0.196751
0.215909
0.161044
0.216398
0.148477
0.193205
0.216398
0.129301
0.176435
0.122828
0.125686
0.100469
0.133145
0.148971
0.103972
0.216398
0.0745541
0.197856
0.198241
0.133415
0.152253
0.216398
0.126991
0.142771
0.216398
0.14799
0.216398
0.190823
0.216398
0.0938602
0.0935445
0.184104
0.0922273
0.216398
0.105225
0.207611
0.216398
0.14049
0.081414
0.162669
0.17299
0.125144
0.220222
0.0932724
0.210779
0.194552
0.17957
0.212539
0.21649
0.165357
0.121437
0.130203
0.114167
0.201349
0.0923223
0.113231
0.148532
0.0986221
0.201133
0.139819
0.220222
0.0893331
0.199495
0.220222
0.148394
0.157627
0.220222
0.147993
0.220222
0.220222
0.12313
0.131783
0.119116
0.161417
0.117038
0.195585
0.129495
0.0972017
0.123024
0.171764
0.187779
0.102626
0.130015
0.0851054
0.211354
0.166266
0.206317
0.211394
0.166575
0.211394
0.188462
0.090144
0.131403
0.211394
0.14005
0.211394
0.197155
0.185002
0.138648
0.096397
0.121002
0.0313727
0.185313
0.205038
0.211394
0.211394
0.211394
0.179129
0.158812
0.142686
0.0526446
0.20088
0.134818
0.149359
0.214258
0.214258
0.214258
0.179605
0.11962
0.141742
0.139716
0.187827
0.214258
0.214258
0.163571
0.139958
0.127532
0.14378
0.0271433
0.133718
0.213014
0.158781
0.214258
0.214258
0.172717
0.141321
0.0932106
0.140116
0.153264
0.120257
0.188864
0.214258
0.169499
0.126244
0.204967
0.129519
0.188587
0.139633
0.131609
0.181675
0.216721
0.208197
0.216721
0.154945
0.107929
0.0972242
0.156862
0.146606
0.151773
0.216721
0.178096
0.0946727
0.0771881
0.0769288
0.142637
0.148333
0.193437
0.216721
0.216721
0.154225
0.0805032
0.160344
0.120273
0.133142
0.216721
0.110816
0.216721
0.216721
0.216721
0.15289
0.216721
0.1058
0.100758
0.182333
0.158512
0.180662
0.211158
0.131932
0.0989778
0.0911271
0.0676934
0.0840689
0.157133
0.187928
0.208101
0.220205
0.161959
0.145941
0.111997
0.057653
0.137192
0.19454
0.106642
0.220205
0.220205
0.220205
0.179379
0.220205
0.106189
0.160667
0.220205
0.120289
0.218067
0.220205
0.220205
0.168652
0.12694
0.0925901
0.10643
0.155019
0.183901
0.212088
0.217249
0.173012
0.187372
0.140608
0.0753275
0.115075
0.217249
0.0866001
0.137356
0.217249
0.139768
0.161958
0.217249
0.217249
0.170949
0.217249
0.114109
0.213418
0.217249
0.217249
0.186505
0.149591
0.121072
0.129022
0.146813
0.0456163
0.145252
0.217249
0.128695
0.140846
0.107213
0.127745
0.131297
0.227502
0.109334
0.156773
0.227502
0.14758
0.170254
0.211193
0.227502
0.0791467
0.0890653
0.177152
0.110789
0.227502
0.112225
0.180116
0.227502
0.16093
0.147689
0.141808
0.0530444
0.154609
0.227502
0.12562
0.136081
0.105564
0.152033
0.0816998
0.107058
0.0929009
0.227502
0.227502
0.205142
0.0934713
0.227502
0.203654
0.105005
0.0899788
0.179716
0.137179
0.219752
0.0820496
0.148324
0.219752
0.11301
0.10993
0.219752
0.133774
0.18951
0.219752
0.126885
0.136822
0.100658
0.127085
0.0866096
0.117342
0.0978607
0.219752
0.219752
0.188645
0.0990777
0.201048
0.166737
0.0861005
0.195147
0.164093
0.198122
0.219752
0.187126
0.219752
0.219752
0.188365
0.104009
0.188099
0.132155
0.159032
0.205014
0.190862
0.155885
0.0807952
0.096192
0.0352254
0.19982
0.176866
0.217634
0.221821
0.221821
0.156439
0.129067
0.141122
0.0815542
0.162835
0.16107
0.175499
0.221821
0.182803
0.221821
0.128881
0.104846
0.201609
0.157183
0.102915
0.221629
0.221821
0.172486
0.0903563
0.124888
0.190041
0.0341665
0.167171
0.199946
0.170138
0.22614
0.22614
0.195369
0.127398
0.10622
0.124557
0.197007
0.110789
0.145271
0.22614
0.206313
0.173822
0.211459
0.131079
0.12579
0.130649
0.111909
0.208582
0.22614
0.17924
0.133431
0.107142
0.138962
0.112501
0.161562
0.0740583
0.126291
0.22614
0.222136
0.202357
0.164621
0.104751
