0.0563076
0.120899
0.1802
0.25213
0.25213
0.25213
0.217919
0.15009
0.105059
0.0559435
0.138534
0.128659
0.25213
0.25213
0.25213
0.18375
0.144484
0.125406
0.218782
0.191703
0.106298
0.115109
0.202891
0.162141
0.176812
0.229784
0.152714
0.0620368
0.099059
0.0652271
0.103655
0.144169
0.11
0.137269
0.0750509
0.0894629
0.0843704
0.188324
0.163629
0.289807
0.289807
0.289807
0.227506
0.150666
0.151041
0.111188
0.116324
0.117721
0.289807
0.289807
0.253839
0.0626273
0.0817236
0.168218
0.0644654
0.116806
0.121551
0.172643
0.200206
0.144278
0.145354
0.0746651
0.079066
0.0839116
0.0795685
0.138955
0.120754
0.12104
0.168365
0.117839
0.0521291
0.0851391
0.146331
0.153231
0.126966
0.334013
0.347683
0.328465
0.0852945
0.095001
0.188957
0.0845216
0.126888
0.0524743
0.18614
0.347683
0.228003
0.10359
0.132039
0.101231
0.0853152
0.0939098
0.190847
0.151029
0.148304
0.181199
0.114932
0.060147
0.0880554
0.0679474
0.0907226
0.0726839
0.0773355
0.124968
0.133883
0.129069
0.175194
0.122366
0.0863894
0.151586
0.0602077
0.220312
0.379938
0.236751
0.129826
0.15644
0.0994453
0.115683
0.0801708
0.0683883
0.285643
0.379938
0.302739
0.129532
0.175325
0.101298
0.0707123
0.123128
0.0735971
0.0908804
0.148368
0.147186
0.146711
0.155091
0.120819
0.055806
0.112841
0.118438
0.212107
0.135143
0.0731207
0.0972701
0.126691
0.065106
0.132799
0.10617
0.0802878
0.304713
0.389106
0.250562
0.115435
0.152478
0.116915
0.116985
0.201661
0.113554
0.168969
0.389106
0.216727
0.0639656
0.128047
0.129091
0.066564
0.154785
0.109984
0.174075
0.155611
0.0942696
0.116352
0.113361
0.0786923
0.0854062
0.131821
0.124522
0.105157
0.166389
0.129496
0.0962422
0.142302
0.119881
0.12948
0.178163
0.101312
0.231544
0.34785
0.195742
0.0615237
0.106758
0.144084
0.0781216
0.0884162
0.0871816
0.212646
0.34785
0.283554
0.208695
0.127521
0.13414
0.0978189
0.150604
0.143859
0.0965755
0.185719
0.113015
0.120139
0.114809
0.116881
0.0878255
0.132502
0.14622
0.112466
0.110593
0.126444
0.207897
0.199349
0.158485
0.091056
0.0749042
0.0706307
0.2755
0.361726
0.278535
0.178128
0.115764
0.14907
0.11915
0.181597
0.0887831
0.0956989
0.361726
0.180579
0.0703711
0.0484781
0.0575292
0.104306
0.157897
0.201673
0.15043
0.137151
0.113087
0.215629
0.159214
0.151486
0.101523
0.14742
0.131001
0.150385
0.240308
0.110643
0.0990042
0.0732172
0.0931396
0.219595
0.219595
0.137606
0.132878
0.219595
0.219595
0.219595
0.219595
0.2096
0.11373
0.111734
0.0935139
0.164315
0.21019
0.153723
0.166744
0.115604
0.114006
0.153467
0.176292
0.112787
0.142975
0.175399
0.106812
0.0752475
0.181867
0.191409
0.154544
0.182502
0.0589679
0.202793
0.219595
0.181801
0.137619
0.0976274
0.17357
0.113566
0.129971
0.161475
0.218574
0.218574
0.170485
0.184472
0.110931
0.0911748
0.107921
0.133904
0.180617
0.187653
0.153661
0.172255
0.13449
0.101311
0.0967218
0.207474
0.218574
0.1009
0.218574
0.218574
0.181312
0.135384
0.160368
0.172836
0.131901
0.218574
0.180279
0.1558
0.117132
0.101718
0.206684
0.218574
0.191365
0.10893
0.172309
0.22387
0.22387
0.207738
0.199916
0.150658
0.12115
0.111279
0.083465
0.113779
0.117353
0.117409
0.152186
0.173494
0.163135
0.22387
0.156306
0.196708
0.22387
0.22387
0.215577
0.16783
0.103707
0.22387
0.22387
0.22387
0.11654
0.133956
0.106792
0.0700012
0.125159
0.175973
0.103526
0.133244
0.160697
0.102113
0.180281
0.138049
0.119124
0.204068
0.207412
0.207412
0.207412
0.17327
0.0967713
0.164387
0.183205
0.207412
0.207412
0.143417
0.185047
0.193088
0.0812954
0.133241
0.1619
0.123237
0.0956058
0.149919
0.186655
0.133437
0.161438
0.194793
0.128226
0.207412
0.0953159
0.207412
0.207412
0.138354
0.188582
0.207412
0.0931212
0.112636
0.195935
0.147336
0.189163
0.207974
0.162463
0.170434
0.167025
0.104219
0.13687
0.181163
0.195659
0.146492
0.207974
0.207974
0.136078
0.153761
0.184179
0.127211
0.207974
0.119982
0.186161
0.178401
0.104718
0.158176
0.194825
0.0956982
0.188085
0.151864
0.203139
0.126903
0.153338
0.207974
0.150033
0.1966
0.113772
0.137745
0.175282
0.192979
0.131924
0.2135
0.196742
0.146591
0.13746
0.178521
0.0870222
0.157003
0.20087
0.142848
0.13416
0.147971
0.2135
0.2135
0.206023
0.195321
0.155693
0.164708
0.115909
0.129184
0.164318
0.120581
0.169712
0.13274
0.131841
0.198486
0.2135
0.0915418
0.130932
0.162203
0.2135
0.161597
0.197835
0.0960404
0.168935
0.215964
0.161667
0.162136
0.112834
0.215964
0.209189
0.170546
0.103042
0.215964
0.172841
0.152314
0.215964
0.143857
0.131243
0.0776408
0.124251
0.116332
0.180887
0.185246
0.124128
0.145132
0.131442
0.167788
0.151332
0.215964
0.123771
0.215964
0.215964
0.215964
0.215964
0.162354
0.169203
0.0921529
0.131229
0.186001
0.220122
0.109999
0.166249
0.220122
0.168264
0.116037
0.220122
0.220122
0.202661
0.211817
0.0991367
0.220122
0.220122
0.194346
0.152723
0.126324
0.220122
0.0748666
0.0997097
0.177508
0.170263
0.210623
0.145884
0.0772387
0.090613
0.113053
0.0922374
0.132637
0.134522
0.220122
0.220122
0.140489
0.144958
0.0547933
0.135611
0.221304
0.225256
0.125457
0.225256
0.225256
0.156991
0.133328
0.161832
0.168183
0.120769
0.225256
0.165903
0.192078
0.134434
0.0906138
0.190789
0.225256
0.225256
0.0993025
0.192032
0.143398
0.224822
0.225256
0.137464
0.126293
0.0514362
0.0972895
0.0413506
0.112329
0.15847
0.14202
0.166659
0.154201
0.170381
0.16435
0.0975272
0.153706
0.22037
0.22037
0.22037
0.204876
0.102899
0.22037
0.22037
0.22037
0.126553
0.138403
0.0922269
0.109153
0.122358
0.15577
0.105347
0.13679
0.152337
0.0737515
0.189418
0.200037
0.169305
0.210728
0.212023
0.22037
0.22037
0.121812
0.0843479
0.101338
0.0896519
0.160464
0.22037
0.186574
0.141595
0.104153
0.0884921
0.136674
0.13896
0.105027
0.11654
0.14751
0.162603
0.12903
0.146759
0.160433
0.130644
0.18149
0.0790131
0.180205
0.215109
0.150164
0.199914
0.185475
0.0750974
0.0944344
0.117824
0.111809
0.168212
0.217024
0.221751
0.203718
0.132327
0.1223
0.127813
0.221751
0.221751
0.214621
0.209611
0.193496
0.221751
0.221751
0.115816
0.134444
0.197132
0.100513
0.157266
0.189343
0.137824
0.156947
0.164421
0.0780901
0.174731
0.146545
0.161977
0.172231
0.200744
0.220543
0.155441
0.133205
0.117632
0.119886
0.188558
0.220543
0.220543
0.176303
0.189418
0.220543
0.220543
0.12068
0.0579992
0.131366
0.173318
0.220543
0.220543
0.123305
0.165575
0.11021
0.119651
0.217628
0.177269
0.158326
0.174595
0.209433
0.217628
0.14266
0.134785
0.140186
0.135539
0.16888
0.183921
0.12115
0.204022
0.167179
0.215239
0.17105
0.217628
0.0773299
0.124261
0.157966
0.217628
0.217628
0.138227
0.169266
0.125013
0.122265
0.111309
0.156641
0.144005
0.217628
0.217628
0.130337
0.085242
0.0977459
0.150742
0.123965
0.161121
0.158227
0.120434
0.190183
0.124163
0.156723
0.156755
0.217604
0.170673
0.217604
0.217604
0.217604
0.217604
0.168772
0.168713
0.11232
0.179684
0.091739
0.116377
0.123065
0.148608
0.213
0.101736
0.0955927
0.12058
0.151261
0.145002
0.217334
0.217604
0.21661
0.217604
0.0612176
0.116211
0.199595
0.149117
0.110079
0.135799
0.161761
0.161881
0.218591
0.172062
0.091059
0.116748
0.137815
0.120706
0.147692
0.166397
0.218591
0.218591
0.146371
0.172054
0.0649142
0.165158
0.218591
0.218591
0.208656
0.214496
0.204451
0.0377799
0.151074
0.218591
0.193779
0.176776
0.1714
0.133938
0.156945
0.218591
0.151234
0.109271
0.134342
0.127594
0.139144
0.219778
0.190954
0.219778
0.219778
0.152948
0.169707
0.0691774
0.120946
0.0342962
0.121829
0.177315
0.202144
0.219778
0.1797
0.219778
0.201683
0.131087
0.219778
0.217203
0.0956099
0.176452
0.219778
0.16317
0.131575
0.144989
0.102477
0.0668583
0.154626
0.175291
0.165068
0.177022
0.155029
0.163223
0.0997828
0.121413
0.0562807
0.189918
0.210043
0.214221
0.214221
0.214221
0.214221
0.214221
0.125912
0.0929569
0.100852
0.107257
0.187505
0.214221
0.152018
0.178381
0.137326
0.10746
0.0877691
0.161394
0.176726
0.1937
0.214221
0.173592
0.173884
0.122201
0.119335
0.0215719
0.047927
0.214221
0.140062
0.214221
0.199423
0.214221
0.163232
0.10117
0.0843982
0.102483
0.122061
0.162286
0.215835
0.165561
0.202016
0.143583
0.112909
0.0921742
0.198972
0.211254
0.167334
0.215835
0.189051
0.215835
0.215835
0.108067
0.0254776
0.061973
0.215835
0.12314
0.214969
0.167501
0.215835
0.192275
0.0779744
0.0575679
0.118684
0.168579
0.11105
0.178
0.1936
0.215835
0.215835
0.185613
0.0761759
0.153208
0.176282
0.181505
0.190148
0.169246
0.227684
0.214989
0.0990293
0.067227
0.123925
0.131084
0.227684
0.227684
0.108502
0.141323
0.0986693
0.123528
0.0788833
0.162672
0.177477
0.11526
0.175774
0.14313
0.195396
0.206396
0.12997
0.209861
0.227684
0.107927
0.179456
0.227684
0.0634609
0.103702
0.227684
0.227684
0.089149
0.142247
0.135958
0.238053
0.238053
0.128135
0.159019
0.112876
0.117588
0.0852138
0.132164
0.133913
0.228895
0.238053
0.104691
0.052337
0.0929413
0.145204
0.238053
0.238053
0.12076
0.203267
0.238053
0.0890215
0.137128
0.212924
0.238053
0.0961408
0.187172
0.238053
0.139057
0.22148
0.0710257
0.144851
0.127877
0.101089
0.0869417
0.12114
0.131659
0.174642
0.220822
0.106893
0.0791343
0.144944
0.150715
0.168391
0.190508
0.220822
0.220822
0.220822
0.0734075
0.110391
0.220822
0.187307
0.0828975
0.142977
0.194212
0.13357
0.20882
0.124081
0.193714
0.17164
0.0863921
0.155603
0.178916
0.220822
0.220822
0.220822
0.125347
0.145041
0.220822
0.0552661
0.206952
0.198554
0.180348
0.200638
0.206952
0.0442779
0.143166
0.206952
0.180336
0.156261
0.17225
0.139243
0.172955
0.206952
0.124535
0.14013
0.150754
0.117233
0.150917
0.172546
0.206952
0.179917
0.154443
0.168897
0.181082
0.136948
0.138971
0.109559
0.206952
0.206952
0.174243
0.145194
0.125879
0.203216
0.157901
0.0658223
0.212997
0.212997
0.112448
0.212997
0.212997
0.136542
0.175616
0.171477
0.110346
0.0735232
0.159211
0.165
0.177058
0.183975
0.157285
0.199319
0.105724
0.120146
0.141941
0.212997
0.212997
0.212997
0.212997
0.145457
0.212997
0.164619
0.0504806
0.036682
0.135223
0.173933
0.162898
0.142532
0.129334
0.190902
0.19843
0.12039
0.102174
0.158809
0.156257
0.193372
0.215124
0.164322
0.184413
0.123364
0.110817
0.0690154
0.122943
0.215124
0.137667
0.215124
0.215124
0.215124
0.161842
0.119835
0.0744116
0.161479
0.141583
0.202187
0.183799
0.14246
0.198078
0.203838
0.126838
0.191203
0.215124
0.150145
0.15767
0.215124
0.215124
0.14588
0.0740041
0.101012
0.0746677
0.129026
0.216642
0.136756
0.216642
0.179341
0.214646
0.216642
0.111971
0.0695993
0.151496
0.106202
0.105401
0.216642
0.185084
0.206708
0.216642
0.216642
0.216642
0.216642
0.118107
0.163423
0.216642
0.209938
0.120534
0.121212
0.127066
0.12785
0.101692
0.0604276
0.0744951
0.181897
0.175433
0.126967
0.207052
0.172889
0.083326
0.177312
0.139738
0.130642
0.207905
0.123292
0.174626
0.230257
0.176286
0.215064
0.230257
0.0863507
0.192638
0.230257
0.0823815
0.114257
0.227689
0.230257
0.0976674
0.0811243
0.0721209
0.0942134
0.157864
0.143736
0.10814
0.213034
0.165257
0.106604
0.230257
0.161455
0.230257
0.230257
0.112377
0.117635
0.152941
0.154725
0.227125
0.227125
0.0990283
0.218532
0.227125
0.103506
0.125133
0.175576
0.211608
0.0821528
0.201636
0.227125
0.151665
0.196903
0.0724371
0.143417
0.131369
0.105489
0.0958864
0.227125
0.150822
0.227125
0.227125
0.149239
0.122572
0.15907
0.149547
0.147548
0.152249
0.131311
0.13978
0.206969
0.15713
0.0903931
0.0709738
0.191338
0.08167
0.173687
0.198961
0.168028
0.20765
0.129913
0.186445
0.186943
0.0964483
0.16228
0.181673
0.212045
0.212045
0.212045
0.134879
0.187063
0.212045
0.04689
0.156691
0.115002
0.0991056
0.123421
0.212045
0.165133
0.110599
0.124576
0.171694
0.205957
0.212045
0.148226
0.16414
0.210917
0.0760193
0.105246
0.212045
0.163914
0.142168
0.15175
0.184333
0.205316
0.203445
0.185719
0.190521
0.137584
0.147156
0.0992821
0.178575
0.205316
0.189845
0.198043
0.126242
0.200459
0.205316
0.0790555
0.0824534
0.205316
0.179241
0.205316
0.205316
0.184045
0.154114
0.129384
0.113751
0.0665509
0.123162
0.135337
0.162482
0.203844
0.182404
0.120177
0.204883
0.126186
0.130216
0.217854
0.217854
0.217854
0.217854
0.139535
0.217854
0.197122
0.0672541
0.0499826
0.143215
0.156839
0.187392
0.140163
0.137125
0.216709
0.187849
0.132585
0.0965991
0.171764
0.165581
0.209749
0.217854
0.217854
0.17096
0.184994
0.142142
0.0696473
0.105108
0.0896873
0.141737
0.217854
0.152151
0.125615
0.13413
0.157032
0.0999533
0.184326
0.126096
0.21351
0.197726
0.161357
0.217069
0.174583
0.132267
0.22438
0.22438
0.142055
0.20052
0.22438
0.22438
0.172991
0.0946015
0.12531
0.075635
0.121531
0.0867129
0.131693
0.22438
0.168004
0.145119
0.118141
0.144111
0.14642
0.141191
0.0916431
0.204607
0.205038
0.12041
0.189033
0.199842
0.120069
0.219277
0.219277
0.102894
0.19291
0.219277
0.219277
0.13148
0.144985
0.165337
0.163814
0.133278
0.0652467
0.0846629
0.216577
0.173944
0.129907
0.212996
0.213919
0.103263
0.120493
0.107047
0.190584
0.203408
0.137608
0.219277
0.219277
0.153232
0.0949511
0.0897569
0.162014
0.19415
0.219277
0.113157
0.138984
0.117813
0.158176
0.131512
0.0862967
0.0814745
0.131514
0.18785
0.131929
0.104661
0.225958
0.225958
0.124035
0.225958
0.176132
0.225958
0.225958
0.142905
0.164753
0.133124
0.124584
0.0681778
0.0937878
0.152563
0.18933
0.225958
0.120003
0.182752
0.136795
0.180825
0.0897032
0.225958
0.225958
0.225958
0.225958
0.173435
0.145547
0.104129
0.0892351
0.0899414
0.226142
0.161678
0.226142
0.226142
0.15479
0.136138
0.125631
0.108664
0.144328
0.159264
0.105601
0.139375
0.205398
0.170928
0.12491
0.104894
0.162421
0.0963921
0.226142
0.211824
0.226142
0.226142
0.153276
0.159832
0.11723
0.0777092
0.107329
0.126909
0.128254
0.226142
0.226142
0.163296
0.181412
0.208137
0.124293
0.134097
0.131859
0.0790194
0.108034
0.183582
0.164917
0.119166
0.137168
0.136939
0.177722
0.182209
0.138678
0.119484
0.220981
0.0905773
0.151635
0.211895
0.147381
0.153671
0.17088
0.0812288
0.220981
0.220981
0.116957
0.189866
0.220981
0.123492
0.220981
0.200563
0.147442
0.127243
0.220981
0.138083
0.160199
0.220981
0.220981
0.0873148
0.180481
0.157021
0.21429
0.21429
0.209605
0.162266
0.14993
0.146455
0.0760745
0.112322
0.161818
0.182149
0.21429
0.208562
0.124019
0.21429
0.135995
0.0802083
0.157103
0.21429
0.213231
0.18525
0.163493
0.180625
0.132939
0.201764
0.13844
0.193019
0.173279
0.140628
0.122166
0.21429
0.132983
0.122238
0.0887785
0.105467
0.176472
0.180529
0.215044
0.215044
0.215044
0.163418
0.198473
0.13863
0.0890943
0.1284
0.104117
0.159541
0.21059
0.153582
0.144164
0.140679
0.167816
0.162959
0.191891
0.180236
0.169134
0.166287
0.215044
0.179847
0.163164
0.0956477
0.0930116
0.136952
0.139239
0.119358
0.208674
0.215044
0.214648
0.182466
0.0838385
0.101357
0.167934
0.0921611
0.135223
0.214931
0.168539
0.166309
0.121023
0.150326
0.174469
0.159407
0.0977946
0.210619
0.214931
0.132098
0.188326
0.214931
0.151895
0.102111
0.138417
0.16219
0.142358
0.212829
0.214931
0.214931
0.161946
0.097969
0.116423
0.14657
0.214931
0.151734
0.17097
0.214931
0.121616
0.212716
0.166434
0.123022
0.134936
0.102456
0.18426
0.218491
0.13814
0.2151
0.218491
0.198839
0.0998834
0.109841
0.182282
0.177893
0.218491
0.123699
0.135139
0.111782
0.189126
0.100863
0.152589
0.218491
0.171036
0.17973
0.201751
0.107202
0.194022
0.148487
0.0609645
0.218491
0.218491
0.13745
0.0789287
0.138988
0.145643
0.218491
0.195299
0.0644074
0.0932112
0.160308
0.170917
0.226621
0.124934
0.153004
0.110242
0.21596
0.108417
0.195094
0.226621
0.226621
0.225334
0.17912
0.173682
0.109792
0.0985243
0.0468519
0.177678
0.202924
0.143239
0.12435
0.119479
0.114499
0.226564
0.147363
0.074913
0.226621
0.226621
0.225797
0.226621
0.226621
0.114046
0.0876565
0.0412174
0.100769
0.18887
0.205221
0.223804
0.211098
0.135124
0.14772
0.106111
0.0775131
0.0961067
0.144504
0.133373
0.223804
0.223804
0.138218
0.159902
0.196055
0.103603
0.0658468
0.194633
0.193949
0.189246
0.223804
0.202033
0.110741
0.0865771
0.0328597
0.0614168
0.129935
0.189732
0.200299
0.223804
0.223804
0.223804
0.20014
0.060385
0.135353
0.187883
0.104658
0.216382
0.222418
0.11035
0.159598
0.222418
0.10996
0.202552
0.139085
0.142967
0.1225
0.222418
0.120596
0.134246
0.21338
0.19856
0.0671501
0.110197
0.153338
0.18047
0.222418
0.217596
0.222418
0.215624
0.0865704
0.111292
0.155665
0.190198
0.105448
0.222418
0.19963
0.125622
0.08287
0.0906831
0.102656
0.157105
0.204964
0.204964
0.204964
0.158378
0.200653
0.182352
0.204964
0.137826
0.185373
0.204964
0.157453
0.156079
0.204964
0.130806
0.125368
0.0993073
0.093175
0.168297
0.204964
0.193185
0.152479
0.162336
0.140984
0.159975
0.149617
0.0703881
0.189223
0.195632
0.140033
0.0972487
0.204964
0.185307
0.167231
0.15071
0.144514
0.185663
0.211527
0.16662
0.187542
0.211527
0.160206
0.144882
0.0926904
0.105773
0.148372
0.14239
0.112601
0.199086
0.211527
0.2027
0.159343
0.0988845
0.0735798
0.178164
0.204334
0.185093
0.133806
0.211527
0.211527
0.181523
0.131515
0.0300184
0.0762204
0.129003
0.208632
0.211527
0.164502
0.184384
0.148164
0.211527
0.120488
0.155754
0.143776
0.132683
0.185638
0.218006
0.218006
0.138614
0.126505
0.148148
0.17928
0.218006
0.152568
0.192328
0.218006
0.116005
0.218006
0.18535
0.0341118
0.0652897
0.149343
0.218006
0.218006
0.166442
0.204008
0.128723
0.198151
0.0511462
0.048593
0.115637
0.196248
0.206228
0.218006
0.114242
0.17965
0.115253
0.141865
0.180325
0.211499
0.176818
0.205447
0.207588
0.105666
0.211499
0.211499
0.0798374
0.211499
0.211499
0.169572
0.0842887
0.134547
0.147218
0.211499
0.211499
0.0640571
0.064779
0.158321
0.191968
0.209605
0.211499
0.116686
0.138443
0.102431
0.0565637
0.149726
0.158767
0.160441
0.196503
0.204039
0.171038
0.142062
0.126842
0.0638639
0.174871
0.196553
0.164295
0.130591
0.139793
0.11547
0.22385
0.186212
0.102754
0.22889
0.22889
0.198514
0.22889
0.22889
0.108048
0.09634
0.0599828
0.0637525
0.133269
0.183923
0.179532
0.223256
0.175229
0.157397
0.0885302
0.0997002
0.0982839
0.208256
0.22889
0.181237
0.22889
0.22889
0.101625
0.105589
0.0735402
0.0842534
0.183298
0.207209
0.171155
0.222264
0.222264
0.099445
0.0938004
0.0458733
0.0879586
0.179024
0.194603
0.203915
0.222264
0.222264
0.222264
0.174913
0.0736801
0.0812721
0.140094
0.195212
0.178487
0.222264
0.214897
0.094383
0.0756112
0.0595024
0.0928844
0.222264
0.175895
0.152905
0.180018
0.16798
0.171715
0.200237
0.107313
0.0892176
0.15246
0.174038
0.19558
0.214472
0.203741
0.214472
0.204288
0.0950592
0.089299
0.154745
0.148073
0.124093
0.214472
0.205444
0.124825
0.117406
0.105948
0.0892615
0.173683
0.165494
0.154659
0.16913
0.141905
0.207053
0.207581
0.127005
0.14952
0.214472
0.206121
0.137838
0.176859
0.151783
0.214472
0.203469
0.0781617
0.11552
0.197026
0.198791
0.184134
0.193178
0.15252
0.143303
0.201137
0.170497
0.0632153
0.19907
0.208208
0.15132
0.111849
0.168146
0.194176
0.174458
0.122182
0.123965
0.215319
0.215319
0.166596
0.215319
0.0960275
0.181054
0.215319
0.15497
0.0768636
0.16189
0.130781
0.0647056
0.0960166
0.109625
0.215319
0.215319
0.167601
0.0654711
0.209639
0.215739
0.206406
0.140946
0.191301
0.215739
0.19578
0.121719
0.0251907
0.0754102
0.111576
0.20607
0.215739
0.209755
0.205006
0.163279
0.17933
0.0921922
0.210556
0.149498
0.100899
0.129072
0.111326
0.215739
0.215739
0.153308
0.103161
0.0793542
0.114504
0.186423
0.206453
0.152923
0.131223
0.213098
0.171453
0.0389805
0.0686559
0.12524
0.216914
0.216914
0.216914
0.216914
0.155111
0.189084
0.0897993
0.0781549
0.108323
0.216914
0.216914
0.216914
0.136617
0.216914
0.138206
0.116155
0.110326
0.148918
0.216914
0.216914
0.149968
0.125176
0.180657
0.14042
0.0707184
0.108553
0.112782
0.216914
0.210551
0.216914
0.191879
0.191944
0.0642516
0.109994
0.0858472
0.131073
0.210539
0.214159
0.214159
0.136117
0.181989
0.153485
0.0812103
0.136366
0.140232
0.214159
0.214159
0.202291
0.203775
0.165178
0.159671
0.0832851
0.115804
0.119977
0.20031
0.214159
0.214159
0.160814
0.149167
0.0708482
0.0710014
0.176237
0.214159
0.159294
0.214159
0.1554
0.0660554
0.181599
0.214159
0.0842737
0.122763
0.153604
0.202729
0.231748
0.175759
0.167068
0.100321
0.121255
0.137953
0.209225
0.227761
0.152621
0.231748
0.231748
0.10133
0.113837
0.0849323
0.0674753
0.181629
0.222118
0.117859
0.231748
0.188914
0.0455035
0.134245
0.150856
0.0700908
0.204027
0.16508
0.0656886
0.208522
0.156981
0.115629
0.231748
0.231748
0.110828
0.145353
0.185754
0.157679
0.223775
0.223775
0.0901818
0.090359
0.0618672
0.0988751
0.223775
0.138264
0.157031
0.223775
0.203995
0.147324
0.214875
0.130671
0.0783607
0.21598
0.134203
0.091961
0.223775
0.161417
0.0828326
0.223775
0.160013
0.110868
0.223775
0.223775
0.159646
0.223775
0.110542
0.0855881
0.16662
0.182869
0.0932973
0.185079
0.127979
0.174495
0.210559
0.172392
0.17551
0.210559
0.130561
0.158903
0.210559
0.163344
0.146845
0.183977
0.167534
0.182659
0.180604
0.0901342
0.120383
0.210559
0.210559
0.179689
0.210559
0.146288
0.0919984
0.157852
0.136788
0.169146
0.19412
0.16726
0.144145
0.210559
0.158308
0.0975011
0.182702
0.0975444
0.119641
0.22374
0.208371
0.175069
0.22374
0.115061
0.155974
0.22374
0.157155
0.0804619
0.147851
0.128028
0.0818858
0.110588
0.108488
0.22374
0.22374
0.161305
0.105449
0.166081
0.223256
0.22374
0.22374
0.160192
0.214338
0.170197
0.0959117
0.102103
0.128388
0.12161
0.154992
0.140594
0.17826
0.187444
0.161771
0.143547
0.0912963
0.190687
0.16086
0.121833
0.144201
0.121124
0.218317
0.218317
0.172905
0.0886172
0.0855006
0.0995296
0.199084
0.207881
0.194845
0.203223
0.218317
0.137206
0.139239
0.152287
0.175688
0.202215
0.169915
0.202844
0.190827
0.207624
0.160961
0.0266655
0.0755534
0.174511
0.164688
0.107114
0.0998263
0.218317
0.218317
0.172294
0.0954338
0.114796
0.127114
0.213904
0.213904
0.182145
0.174384
0.213904
0.108663
0.0973897
0.128246
0.125376
0.205956
0.213904
0.213904
0.210879
0.213904
0.0871112
0.0516848
0.0914058
0.165721
0.187225
0.15964
0.135389
0.213904
0.213904
0.176138
0.119511
0.0878486
0.203447
0.18125
0.116923
0.183177
0.213904
0.134516
0.16822
0.112742
0.133807
0.113296
0.180646
0.219208
0.219208
0.160537
0.196962
0.0988806
0.086992
0.166683
0.219208
0.15315
0.219208
0.14879
0.071604
0.161837
0.203927
0.135795
0.138214
0.16478
0.140521
0.153551
0.187458
0.219208
0.109302
0.141107
0.0814898
0.219208
0.219208
0.219208
0.18433
0.182129
0.116121
0.173826
0.137115
0.087208
0.181171
0.18779
0.111062
0.22277
0.168515
0.0469308
0.137953
0.146991
0.082422
0.18921
0.144101
0.0733933
0.22277
0.195477
0.130224
0.22277
0.22277
0.0850182
0.22277
0.22277
0.198131
0.218144
0.178287
0.103925
0.156934
0.102434
0.0697276
0.15107
0.181014
0.22277
0.181624
0.112439
0.136329
0.171915
0.208412
0.0856033
0.201591
0.116918
0.0808618
0.22121
0.181224
0.0849891
0.22121
0.155224
0.101854
0.22121
0.22121
0.184025
0.22121
0.145749
0.0771287
0.164367
0.177651
0.0539725
0.106885
0.139292
0.22121
0.204468
0.129438
0.158732
0.156937
0.142542
0.190352
0.22121
0.22121
0.190417
0.22121
0.119843
0.104589
0.142504
0.129261
0.100438
0.213818
0.200272
0.191562
0.213818
0.18408
0.0861409
0.192985
0.143525
0.185524
0.213481
0.166776
0.160292
0.213818
0.194643
0.0719442
0.140339
0.104693
0.148313
0.174269
0.213818
0.196893
0.213818
0.127806
0.150855
0.18621
0.115582
0.152648
0.178973
0.147622
0.137248
0.213818
0.092671
0.0394522
0.147108
0.16256
0.102275
0.164038
0.21938
0.21938
0.21938
0.129086
0.173003
0.174613
0.0934713
0.0825296
0.102401
0.129569
0.166163
0.157233
0.157271
0.141287
0.124009
0.134781
0.0748981
0.21938
0.21938
0.21938
0.21938
0.157034
0.15891
0.204365
0.146129
0.0318325
0.135039
0.144357
0.196092
0.21938
0.21938
0.176142
0.193892
0.114919
0.100651
0.102728
0.175178
0.190599
0.148691
0.179077
0.155483
0.167659
0.155179
0.0267808
0.0751486
0.108707
0.126137
0.0942671
0.119812
0.220227
0.220227
0.138369
0.0568776
0.162403
0.220227
0.220227
0.220227
0.220227
0.220227
0.181964
0.125499
0.132384
0.209835
0.156234
0.136297
0.220227
0.157757
0.220227
0.220227
0.11127
0.0349018
0.0834423
0.10851
0.151951
0.12912
0.155701
0.221132
0.221132
0.144775
0.0753922
0.0790685
0.201112
0.173631
0.127877
0.175446
0.221132
0.16362
0.143723
0.143353
0.169004
0.150957
0.150972
0.221132
0.167585
0.221132
0.221132
0.144868
0.123128
0.221132
0.221132
0.191173
0.131683
0.180161
0.159367
0.17621
0.15836
0.094427
0.124109
0.164461
0.147549
0.159651
0.168509
0.209518
0.137276
0.122392
0.0798607
0.198395
0.209518
0.209518
0.209518
0.176702
0.142747
0.150051
0.080007
0.118503
0.178188
0.209518
0.188518
0.150445
0.187445
0.153419
0.174257
0.198163
0.0756093
0.109864
0.149978
0.204947
0.209518
0.209518
0.202895
0.173524
0.140649
0.095817
0.209125
0.209125
0.188056
0.209125
0.157223
0.112292
0.132867
0.071858
0.0683432
0.124294
0.153932
0.209125
0.185327
0.136562
0.158222
0.196484
0.180569
0.0906973
0.125901
0.15942
0.205572
0.209125
0.209125
0.155918
0.144628
0.152529
0.139794
0.160817
0.198183
0.187947
0.198132
0.138823
0.170755
0.209125
0.167888
0.0640165
0.108794
0.142709
0.210694
0.210694
0.131858
0.145099
0.189691
0.162042
0.210694
0.210694
0.210694
0.210694
0.210694
0.12111
0.0894883
0.159875
0.106039
0.129723
0.195229
0.209478
0.192267
0.199079
0.114358
0.127076
0.162888
0.150943
0.163504
0.210694
0.138649
0.116085
0.10817
0.188127
0.190624
0.210694
0.0847623
0.148334
0.193213
0.203607
0.218752
0.218752
0.121721
0.110813
0.207487
0.116922
0.137227
0.205163
0.164589
0.160819
0.218752
0.144567
0.0504146
0.108763
0.16117
0.125493
0.218752
0.139814
0.13028
0.151377
0.129693
0.168719
0.20807
0.0830888
0.134504
0.218752
0.172297
0.163511
0.218752
0.218752
0.172716
0.15506
0.0790388
0.090263
0.214907
0.210981
0.214907
0.214907
0.148788
0.147782
0.210636
0.147053
0.0717418
0.131277
0.13682
0.168248
0.214907
0.209863
0.139681
0.164508
0.1225
0.0946225
0.172851
0.174415
0.114995
0.214907
0.214907
0.169498
0.168109
0.0857444
0.126594
0.17954
0.155095
0.214907
0.20976
0.214907
0.10779
0.108327
0.0798355
0.085548
0.154199
0.204672
0.19725
0.216636
0.216636
0.197798
0.185978
0.157211
0.127491
0.194093
0.144019
0.130717
0.214142
0.163458
0.216636
0.216636
0.0891282
0.158616
0.216636
0.17681
0.216636
0.216636
0.216636
0.146343
0.117842
0.104024
0.0899156
0.0832689
0.141608
0.138325
0.166781
0.110016
0.103911
0.122656
0.139442
0.118421
0.155559
0.132204
0.146145
0.200878
0.166272
0.216553
0.216553
0.122765
0.0954992
0.216553
0.216553
0.19952
0.120823
0.156686
0.18302
0.216553
0.158905
0.0932102
0.0854552
0.125006
0.128992
0.18578
0.12943
0.14206
0.148204
0.158763
0.0743006
0.111431
0.127809
0.211628
0.189311
0.216553
0.216553
0.216553
0.190038
0.0818859
0.174712
0.206848
0.192663
0.137764
0.170293
0.175015
0.202753
0.16058
0.0838814
0.080324
0.156259
0.187492
0.206848
0.206848
0.206848
0.202421
0.123397
0.0772599
0.13202
0.1254
0.191854
0.206848
0.206848
0.206848
0.196257
0.14138
0.0427229
0.0720326
0.166308
0.175082
0.194118
0.206848
0.173121
0.162758
0.121216
0.103539
0.103666
0.169846
0.210032
0.210032
0.210032
0.193067
0.153101
0.120653
0.141397
0.173966
0.203053
0.200078
0.209419
0.172595
0.18056
0.210032
0.144256
0.0567734
0.107467
0.177144
0.182426
0.210032
0.206829
0.132826
0.137192
0.0940052
0.0835395
0.161324
0.202134
0.171419
0.210032
0.0913426
0.130701
0.205549
0.112787
0.135007
0.196988
0.209556
0.196897
0.19932
0.134339
0.105558
0.199408
0.139854
0.180336
0.209556
0.160039
0.129459
0.141601
0.178089
0.178351
0.209556
0.0881972
0.106186
0.175535
0.204957
0.157803
0.209556
0.143479
0.0853325
0.144185
0.102419
0.119813
0.187971
0.209556
0.209556
0.209556
0.175089
0.141172
0.17414
0.0597961
0.130638
0.217381
0.137315
0.142766
0.201771
0.138181
0.137631
0.209462
0.0993402
0.107246
0.217381
0.131503
0.178781
0.217381
0.217381
0.158954
0.140304
0.0971771
0.118604
0.144162
0.202713
0.191416
0.217381
0.217381
0.136918
0.177802
0.114731
0.0759111
0.150331
0.145377
0.217381
0.217381
0.142505
0.156954
0.150638
0.157425
0.11994
0.195625
0.14786
0.11637
0.209483
0.209483
0.14886
0.158543
0.110947
0.193682
0.199823
0.15812
0.209483
0.19324
0.194045
0.110808
0.0938042
0.0926606
0.0427434
0.145929
0.209483
0.155058
0.209483
0.172233
0.178015
0.167554
0.137023
0.160224
0.209186
0.209483
0.205507
0.201608
0.114071
0.113818
0.127468
0.179
0.177124
0.206616
0.14332
0.195905
0.209189
0.193896
0.136378
0.108777
0.121063
0.11615
0.096421
0.110432
0.167288
0.109214
0.0659342
0.0953792
0.13535
0.120745
0.146442
0.209189
0.209189
0.209189
0.204271
0.161761
0.202065
0.198506
0.119433
0.209189
0.209189
0.138151
0.209189
0.189664
0.0961808
0.194166
0.209189
0.164822
0.10001
0.0940222
0.109436
0.141708
0.122915
0.0849933
0.132647
0.16911
0.143688
0.077249
0.124572
0.113933
0.141678
0.147873
0.167385
0.220772
0.220772
0.182548
0.202362
0.206711
0.147012
0.220772
0.220772
0.162173
0.220772
0.220772
0.142271
0.10326
0.100008
0.083922
0.220772
0.220772
0.220772
0.220772
0.220772
0.0806226
0.0850232
0.155863
0.136196
0.1341
0.173676
0.199589
0.213855
0.213983
0.124268
0.0787823
0.0913102
0.145743
0.177739
0.164318
0.212294
0.172067
0.176842
0.132959
0.123225
0.126188
0.0929606
0.213983
0.213983
0.213983
0.213983
0.198926
0.0717764
0.119555
0.179501
0.0745293
0.213983
0.213983
0.196075
0.136986
0.178651
0.19125
0.0974523
0.132665
0.156632
0.187061
0.185553
0.221776
0.132163
0.129436
0.0867281
0.104757
0.177548
0.165461
0.223015
0.223015
0.103389
0.0988865
0.184072
0.089999
0.1309
0.220557
0.0884832
0.223015
0.223015
0.212301
0.171277
0.146882
0.195713
0.173375
0.202816
0.075646
0.223015
0.223015
0.13056
0.145468
0.0736088
0.169845
0.112508
0.174145
0.168289
0.184184
0.214287
0.163863
0.0763695
0.148333
0.0934754
0.110399
0.151188
0.214287
0.203991
0.214287
0.198868
0.195676
0.168365
0.0712534
0.0967986
0.136524
0.0783184
0.195177
0.214287
0.152573
0.190498
0.118285
0.181867
0.137026
0.214287
0.214287
0.187871
0.214287
0.0917457
0.146011
0.207034
0.128273
0.112829
0.116674
0.213728
0.181849
0.213728
0.213728
0.17607
0.186004
0.123272
0.0905191
0.121388
0.126625
0.213728
0.213728
0.130559
0.149791
0.143912
0.169487
0.10394
0.204257
0.209209
0.151609
0.20502
0.143576
0.173433
0.211844
0.143124
0.144806
0.207679
0.131967
0.149101
0.174997
0.197546
0.0804166
0.117859
0.179986
0.0942579
0.163128
0.178483
0.154651
0.208598
0.130697
0.134817
0.165442
0.154497
0.161321
0.21416
0.21416
0.178735
0.176734
0.111457
0.125967
0.0962232
0.17383
0.159013
0.21416
0.21416
0.21416
0.21416
0.170113
0.161805
0.178832
0.111102
0.0635024
0.123246
0.120981
0.166665
0.21416
0.206917
0.184871
0.16238
0.104757
0.144856
0.214846
0.214846
0.182829
0.176494
0.150045
0.195388
0.157453
0.139847
0.214846
0.214846
0.127357
0.214846
0.157758
0.0879596
0.210511
0.214846
0.175668
0.0675168
0.127787
0.116174
0.175392
0.214846
0.214846
0.193753
0.191809
0.0847809
0.0615216
0.123473
0.0986816
0.122643
0.190526
0.169727
0.16838
0.109481
0.142101
0.194066
0.213287
0.157542
0.216822
0.190742
0.130678
0.216822
0.216822
0.160929
0.09871
0.116532
0.0927023
0.216822
0.216822
0.187697
0.216822
0.216822
0.104667
0.0663386
0.127602
0.11548
0.146664
0.216822
0.191201
0.178343
0.134938
0.113224
0.0777777
0.102809
0.107058
0.14971
0.194278
0.156221
0.168277
0.173305
0.180439
0.119598
0.151534
0.133663
0.214894
0.214894
0.206533
0.214894
0.214894
0.0932023
0.141366
0.190306
0.0854695
0.214894
0.214894
0.179693
0.123823
0.190796
0.178123
0.0797768
0.0999213
0.117021
0.199232
0.214894
0.159251
0.207519
0.209664
0.136486
0.100089
0.122816
0.0517617
0.214894
0.200328
0.143878
0.121227
0.145169
0.140356
0.169495
0.228821
0.120516
0.228821
0.228821
0.208035
0.143051
0.154618
0.18934
0.203416
0.225174
0.0909524
0.228821
0.228821
0.141787
0.109119
0.0861494
0.169273
0.0894244
0.11718
0.0855608
0.228821
0.19801
0.147886
0.168522
0.17979
0.13008
0.080771
0.169403
0.118354
0.14815
0.205179
0.180172
0.115913
0.140557
0.0628844
0.115821
0.168097
0.0998793
0.217072
0.217072
0.172248
0.170529
0.141445
0.194647
0.13169
0.217072
0.217072
0.217072
0.217072
0.142304
0.217072
0.209275
0.134723
0.0548093
0.12345
0.105399
0.121476
0.162253
0.181688
0.126071
0.153736
0.0808802
0.136454
0.217072
0.121753
0.182722
0.195571
0.183214
0.118264
0.16304
0.162716
0.0778392
0.167567
0.205567
0.173112
0.194888
0.157698
0.206644
0.191488
0.132035
0.138334
0.188195
0.146298
0.181279
0.18329
0.176211
0.095925
0.10526
0.168009
0.114622
0.206644
0.146124
0.143824
0.148536
0.181724
0.13715
0.135388
0.142022
0.132565
0.206081
0.195538
0.206644
0.206644
0.173292
0.162988
0.206644
0.136965
0.166916
0.21028
0.20383
0.21028
0.21028
0.172249
0.134919
0.194863
0.175969
0.0600537
0.132617
0.122056
0.144747
0.21028
0.194276
0.164891
0.122841
0.139792
0.0986896
0.173447
0.164987
0.180669
0.21028
0.165103
0.0833979
0.184157
0.18334
0.0905531
0.160973
0.174797
0.148258
0.21028
0.21028
0.12599
0.193003
0.0803428
0.0684617
0.148718
0.147433
0.170616
0.214331
0.214331
0.186854
0.168289
0.130256
0.0753791
0.141843
0.127156
0.121443
0.170335
0.182542
0.196432
0.11957
0.153076
0.0703079
0.181068
0.214331
0.214331
0.214331
0.214331
0.152297
0.214331
0.068564
0.0534308
0.111613
0.164436
0.214331
0.203306
0.193388
0.194071
0.214331
0.0946856
0.0746751
0.144853
0.150792
0.152199
0.192416
0.174888
0.192733
0.124895
0.131281
0.0834808
0.106154
0.121516
0.167784
0.166725
0.178766
0.214063
0.169881
0.203055
0.0405175
0.0982954
0.216989
0.216989
0.216989
0.162843
0.195722
0.216989
0.101027
0.0474762
0.0858726
0.167473
0.216989
0.216989
0.216989
0.212608
0.192845
0.130897
0.0826805
0.111002
0.15699
0.225781
0.201593
0.150038
0.225781
0.187974
0.181034
0.084219
0.126126
0.0840834
0.225781
0.225781
0.128272
0.112244
0.166457
0.160596
0.0572105
0.0856239
0.225781
0.225781
0.225781
0.186275
0.179865
0.197043
0.134139
0.0497866
0.140113
0.153671
0.216758
0.225781
0.145586
0.157533
0.149628
0.0944182
0.0868299
0.132034
0.149875
0.228595
0.228595
0.131905
0.153884
0.212829
0.179245
0.0912957
0.166224
0.150379
0.167296
0.228595
0.171579
0.123662
0.162648
0.124955
0.0589719
0.131195
0.19828
0.228595
0.228595
0.154287
0.182888
0.195988
0.125686
0.0916182
0.163397
0.182872
0.120577
0.228595
0.157544
0.13303
0.157618
0.158938
0.0714638
0.139321
0.135085
0.14863
0.223157
0.16316
0.119497
0.166976
0.144623
0.171749
0.223157
0.1475
0.223157
0.221937
0.21604
0.145943
0.15785
0.184166
0.0726143
0.10599
0.130953
0.129069
0.223157
0.150027
0.164556
0.163459
0.180838
0.172636
0.223157
0.121506
0.188821
0.208018
0.16017
0.187351
0.0727059
0.142402
0.118861
0.208369
0.13517
0.169513
0.15378
0.180412
0.139989
0.120498
0.145556
0.147579
0.208369
0.181245
0.204807
0.208369
0.191597
0.172409
0.200519
0.156714
0.102228
0.208369
0.115312
0.148855
0.136978
0.123121
0.16661
0.0852009
0.126592
0.149785
0.208369
0.189239
0.208369
0.182629
0.197643
0.13633
0.12468
0.208369
