0.0779499
0.0873548
0.120166
0.272403
0.290729
0.290729
0.134236
0.134097
0.10895
0.140707
0.103838
0.111809
0.290729
0.290729
0.182456
0.0460177
0.109593
0.113014
0.0760593
0.097285
0.208441
0.13003
0.268654
0.122282
0.150968
0.170632
0.119934
0.102534
0.11625
0.155354
0.101581
0.24997
0.0830995
0.145041
0.129607
0.116967
0.135239
0.107399
0.105329
0.268986
0.268986
0.228901
0.0576515
0.128618
0.0955467
0.0631724
0.104223
0.0912834
0.261166
0.268986
0.199262
0.228532
0.186491
0.199208
0.128596
0.109395
0.133836
0.126943
0.21318
0.0727051
0.154542
0.135816
0.126151
0.109555
0.122792
0.0710209
0.156902
0.228816
0.179097
0.261353
0.130695
0.0690919
0.0779948
0.123117
0.102877
0.246323
0.262166
0.233486
0.18584
0.154111
0.118584
0.103467
0.174009
0.122952
0.262166
0.262166
0.262166
0.0903068
0.191749
0.220495
0.109067
0.131617
0.100072
0.154004
0.165745
0.137213
0.222407
0.142727
0.0662926
0.0909983
0.117454
0.0969423
0.154291
0.202091
0.133958
0.132695
0.174189
0.10283
0.132958
0.18744
0.160603
0.25647
0.25647
0.25647
0.0759539
0.152186
0.160284
0.0644875
0.0774288
0.10293
0.251289
0.25647
0.25647
0.144906
0.233842
0.234601
0.100497
0.107206
0.111729
0.138656
0.16966
0.133213
0.125642
0.159448
0.0973455
0.0948175
0.0717594
0.0438394
0.0980768
0.185771
0.19841
0.0973991
0.210823
0.138811
0.0964202
0.115702
0.170273
0.243926
0.243926
0.243926
0.177858
0.243926
0.243926
0.149164
0.191986
0.115974
0.243926
0.243926
0.185221
0.0460476
0.0653516
0.0603017
0.125606
0.11205
0.0802906
0.123422
0.197752
0.234232
0.107831
0.200508
0.129211
0.101221
0.153445
0.12511
0.18845
0.209497
0.0863016
0.0489828
0.169265
0.0586795
0.171437
0.239317
0.144959
0.255131
0.255131
0.252826
0.067671
0.072494
0.0792036
0.198736
0.186276
0.113785
0.255131
0.255131
0.149509
0.11658
0.0946147
0.132873
0.125826
0.204281
0.141259
0.241111
0.230232
0.124474
0.0643142
0.165931
0.0497468
0.0972094
0.180574
0.190554
0.108763
0.146451
0.114803
0.138733
0.115384
0.0809584
0.165319
0.170736
0.125914
0.25366
0.29235
0.191748
0.141377
0.117507
0.141318
0.0984167
0.112251
0.123011
0.195753
0.29235
0.21419
0.12531
0.129694
0.148895
0.110622
0.156024
0.14591
0.100717
0.165093
0.127495
0.136404
0.109752
0.0804012
0.126255
0.121556
0.238198
0.130099
0.29235
0.172687
0.121227
0.149853
0.14171
0.0959324
0.120932
0.214751
0.15777
0.214751
0.165334
0.214751
0.214751
0.141437
0.138132
0.142308
0.214751
0.123666
0.214751
0.124065
0.200029
0.201902
0.177015
0.100855
0.162595
0.112765
0.120514
0.128402
0.155004
0.196701
0.13302
0.185807
0.141761
0.181307
0.107668
0.140483
0.214751
0.214751
0.214751
0.0933537
0.135893
0.175266
0.137365
0.215717
0.148243
0.215717
0.100734
0.201502
0.210661
0.182524
0.138652
0.167189
0.110658
0.159164
0.215717
0.215717
0.215717
0.139496
0.138201
0.147558
0.182578
0.136314
0.153277
0.210799
0.190907
0.178711
0.0811148
0.171499
0.117021
0.167643
0.147273
0.215717
0.184102
0.145287
0.109885
0.0674234
0.127952
0.155414
0.188689
0.155429
0.192504
0.216517
0.204367
0.216517
0.172497
0.112252
0.158437
0.151357
0.141135
0.216517
0.216517
0.216517
0.214543
0.216517
0.15399
0.136702
0.161738
0.125735
0.176289
0.187198
0.13935
0.0926854
0.0891684
0.168066
0.1469
0.153919
0.13043
0.102841
0.153076
0.216517
0.177864
0.0579968
0.0824754
0.184938
0.148368
0.157992
0.21701
0.21701
0.21701
0.203556
0.21701
0.141133
0.135807
0.105077
0.0677568
0.147688
0.21701
0.21701
0.144091
0.21701
0.20565
0.135855
0.1268
0.0970551
0.0865314
0.195192
0.21701
0.170254
0.107799
0.111917
0.166379
0.196248
0.0996384
0.110152
0.171433
0.113436
0.127674
0.21701
0.158744
0.152024
0.126399
0.0900696
0.162224
0.219035
0.219035
0.137644
0.219035
0.163433
0.114776
0.20639
0.143499
0.219035
0.219035
0.102389
0.0734215
0.190315
0.108436
0.13564
0.164342
0.121185
0.120751
0.219035
0.134368
0.140745
0.219035
0.184785
0.121641
0.219035
0.219035
0.165247
0.192426
0.0875597
0.0905731
0.161504
0.202622
0.129772
0.21768
0.163471
0.21768
0.21768
0.129363
0.0895281
0.186566
0.0889085
0.104596
0.21076
0.200974
0.164151
0.178562
0.166217
0.190919
0.13217
0.0770766
0.109656
0.21768
0.21768
0.189514
0.21768
0.137265
0.132991
0.198828
0.21768
0.0840517
0.176062
0.151688
0.21768
0.168812
0.100618
0.0903348
0.137923
0.130199
0.12015
0.196336
0.164015
0.158063
0.195152
0.188785
0.194896
0.131168
0.0826493
0.140025
0.153256
0.208703
0.160728
0.208703
0.157624
0.141377
0.175746
0.184862
0.0850555
0.153192
0.103971
0.208703
0.198625
0.156856
0.113
0.182693
0.152136
0.112886
0.142559
0.167761
0.179259
0.201981
0.174735
0.172449
0.208703
0.192532
0.0740965
0.126886
0.0846102
0.118542
0.134
0.132373
0.183684
0.140054
0.183245
0.105983
0.15765
0.106118
0.120318
0.186085
0.191896
0.20054
0.0925761
0.132936
0.119456
0.21469
0.177654
0.183433
0.221876
0.221876
0.167626
0.185845
0.157959
0.0765412
0.108134
0.203291
0.194284
0.221876
0.190419
0.221876
0.221876
0.207039
0.112984
0.167163
0.13624
0.138282
0.184564
0.167475
0.174809
0.0952706
0.156889
0.113788
0.163824
0.169922
0.180226
0.179785
0.113615
0.107418
0.092458
0.100386
0.151287
0.186547
0.211434
0.2144
0.218607
0.196795
0.206239
0.218607
0.202497
0.134897
0.0718591
0.17259
0.183151
0.19997
0.218607
0.218607
0.153907
0.0809961
0.154422
0.177336
0.164145
0.191577
0.213615
0.142807
0.10856
0.1409
0.148038
0.179753
0.140783
0.153893
0.12928
0.194614
0.213615
0.213615
0.104759
0.112425
0.185425
0.125979
0.194366
0.193583
0.213566
0.213615
0.213615
0.159805
0.121218
0.148425
0.139055
0.107041
0.103283
0.192717
0.181687
0.213615
0.138163
0.123413
0.170206
0.114416
0.0989593
0.120539
0.210573
0.210573
0.204489
0.129758
0.133689
0.19484
0.186099
0.114747
0.149858
0.210573
0.13961
0.12628
0.210573
0.185985
0.156875
0.137117
0.0749732
0.0939678
0.190816
0.196326
0.210573
0.122881
0.183566
0.210573
0.210573
0.107695
0.200398
0.210573
0.2046
0.115041
0.095871
0.162661
0.162203
0.145601
0.115486
0.14704
0.217222
0.161118
0.133491
0.217222
0.212561
0.154113
0.217222
0.217222
0.192797
0.217222
0.0947443
0.103077
0.170149
0.217222
0.215998
0.186288
0.111122
0.17636
0.217222
0.217222
0.11148
0.114387
0.217222
0.0950404
0.0816099
0.136347
0.0841372
0.14804
0.131653
0.153332
0.158483
0.121942
0.152787
0.216182
0.216182
0.204766
0.216182
0.131769
0.149985
0.216182
0.216182
0.0984562
0.185481
0.150125
0.216182
0.216182
0.12469
0.113289
0.160746
0.139097
0.109224
0.102082
0.188217
0.11263
0.189522
0.128121
0.15023
0.195521
0.14742
0.105102
0.195221
0.216182
0.179255
0.160098
0.0990267
0.154118
0.152088
0.108866
0.102053
0.165948
0.11431
0.207122
0.207122
0.170527
0.135405
0.207122
0.157077
0.148118
0.192271
0.162103
0.201356
0.17482
0.155768
0.164453
0.207122
0.207122
0.109288
0.207122
0.207122
0.203004
0.150315
0.115198
0.134791
0.142897
0.124649
0.127192
0.185225
0.103777
0.183511
0.165982
0.151469
0.164075
0.207122
0.102986
0.0699319
0.192988
0.190514
0.159169
0.216227
0.212986
0.199046
0.198933
0.161275
0.0556548
0.0954446
0.164362
0.140168
0.216227
0.216227
0.216227
0.216227
0.157653
0.066258
0.157928
0.216227
0.195419
0.216227
0.104639
0.140269
0.157698
0.143824
0.0804289
0.0843513
0.0997031
0.11547
0.216227
0.216227
0.149431
0.122616
0.152441
0.107847
0.152158
0.188029
0.169928
0.217501
0.217501
0.195624
0.205397
0.146629
0.133936
0.101957
0.209396
0.181316
0.186071
0.190051
0.184178
0.154166
0.0696948
0.111142
0.110051
0.135653
0.122528
0.217501
0.217501
0.162859
0.139622
0.153536
0.14165
0.217501
0.143878
0.208163
0.217501
0.154592
0.13375
0.132544
0.0769612
0.179174
0.136322
0.212492
0.198623
0.192258
0.191236
0.211668
0.171996
0.108682
0.143996
0.148204
0.125307
0.105553
0.168045
0.177861
0.212492
0.18127
0.134542
0.156952
0.212492
0.189257
0.212492
0.212492
0.137721
0.138674
0.189213
0.0930162
0.117252
0.10896
0.157137
0.212492
0.212492
0.116713
0.131236
0.151953
0.0795682
0.163555
0.151001
0.0871995
0.108353
0.184185
0.188792
0.209405
0.174218
0.195037
0.209405
0.209405
0.109507
0.196951
0.209405
0.187829
0.137002
0.149356
0.165474
0.0965832
0.0907674
0.163763
0.209405
0.209304
0.116718
0.148345
0.192554
0.110885
0.209405
0.122011
0.129436
0.167183
0.209405
0.166672
0.15026
0.172951
0.136448
0.214954
0.189096
0.104959
0.176132
0.214954
0.212342
0.131876
0.148012
0.20316
0.133562
0.0855746
0.116221
0.12572
0.214954
0.157877
0.155259
0.18168
0.135374
0.195593
0.106522
0.165324
0.18468
0.214954
0.194071
0.181455
0.182006
0.16734
0.0881203
0.126108
0.152091
0.214954
0.214954
0.148482
0.11995
0.09317
0.172609
0.145023
0.100854
0.161486
0.141883
0.213984
0.14645
0.136758
0.195608
0.147957
0.0916438
0.17981
0.213984
0.207065
0.213984
0.108616
0.138061
0.160949
0.128906
0.0806967
0.132947
0.213984
0.213984
0.213984
0.177311
0.127091
0.0937392
0.213984
0.0548778
0.187604
0.213984
0.205624
0.168492
0.160497
0.213984
0.108766
0.161755
0.101338
0.202215
0.207638
0.200089
0.199223
0.114826
0.112911
0.152893
0.136199
0.15347
0.19655
0.132032
0.183015
0.176632
0.156893
0.155641
0.200706
0.146461
0.0907565
0.186444
0.207638
0.166144
0.169737
0.170879
0.196105
0.0986314
0.171168
0.176464
0.207638
0.106963
0.142612
0.17797
0.207638
0.119673
0.125667
0.207638
0.0549077
0.220908
0.220908
0.220908
0.220908
0.132157
0.215718
0.215025
0.163153
0.113314
0.125127
0.0994989
0.123038
0.220908
0.220908
0.208295
0.128309
0.178096
0.0606474
0.220908
0.134058
0.151664
0.19238
0.0614837
0.120382
0.205239
0.157359
0.141286
0.201075
0.102078
0.13602
0.158373
0.149729
0.186113
0.155099
0.105338
0.123157
0.133284
0.130134
0.131232
0.220955
0.220955
0.208322
0.129753
0.152786
0.177712
0.220955
0.220955
0.220955
0.220955
0.175275
0.138108
0.125541
0.101103
0.124314
0.207169
0.110317
0.13826
0.165571
0.167546
0.216904
0.156369
0.0878703
0.114792
0.191897
0.220955
0.220955
0.113009
0.171136
0.0878041
0.141494
0.0851486
0.16614
0.21325
0.21325
0.21325
0.21325
0.148968
0.121849
0.177585
0.114752
0.152759
0.157682
0.163428
0.21325
0.212023
0.124669
0.162516
0.180623
0.115112
0.117815
0.163621
0.21325
0.207048
0.135707
0.194566
0.116983
0.189312
0.118227
0.0749396
0.0795771
0.125062
0.21325
0.184181
0.0905765
0.177908
0.21325
0.120396
0.113619
0.123209
0.156568
0.171132
0.187822
0.123957
0.185044
0.209048
0.140515
0.192642
0.169357
0.156042
0.147833
0.209048
0.209048
0.181603
0.206984
0.126555
0.07294
0.0916816
0.116695
0.209048
0.185294
0.105213
0.185371
0.209048
0.127613
0.11084
0.202007
0.166488
0.209048
0.209048
0.170137
0.182024
0.155537
0.115171
0.136316
0.119197
0.169962
0.162882
0.214801
0.211736
0.188213
0.182426
0.128492
0.0975252
0.131004
0.153714
0.214801
0.214801
0.166315
0.131193
0.104839
0.15852
0.0916108
0.188432
0.16772
0.194368
0.214801
0.169026
0.158383
0.101185
0.103474
0.0886655
0.214801
0.163568
0.200506
0.214801
0.150617
0.176786
0.212274
0.124058
0.090062
0.130915
0.206171
0.211359
0.211359
0.18625
0.122296
0.102883
0.190271
0.0567728
0.176176
0.207521
0.195596
0.204041
0.141063
0.192586
0.141385
0.146695
0.087573
0.211359
0.139438
0.180531
0.211359
0.174492
0.161235
0.202413
0.150595
0.0804799
0.211359
0.195846
0.137293
0.201306
0.0942313
0.140677
0.152164
0.144591
0.100722
0.197881
0.20145
0.174813
0.207057
0.15648
0.161481
0.127633
0.166874
0.163672
0.189006
0.129871
0.181006
0.195205
0.179487
0.123938
0.159841
0.20874
0.0916894
0.186399
0.154018
0.124398
0.20874
0.141402
0.14675
0.152064
0.162884
0.0857909
0.164245
0.20874
0.20874
0.20874
0.0943948
0.13542
0.195518
0.165543
0.078573
0.208236
0.1392
0.194079
0.208236
0.0641873
0.146641
0.208236
0.147953
0.136783
0.201986
0.112468
0.194327
0.180053
0.144939
0.208236
0.174171
0.117885
0.116492
0.205753
0.19163
0.197899
0.208236
0.124472
0.12513
0.122453
0.14267
0.0818677
0.16237
0.11752
0.208236
0.201833
0.161432
0.189483
0.188842
0.194902
0.124968
0.214276
0.11274
0.17815
0.184892
0.162663
0.214276
0.169913
0.0979702
0.105142
0.192766
0.214276
0.214276
0.147583
0.20827
0.106437
0.166383
0.102154
0.100852
0.193481
0.149263
0.214276
0.160359
0.161843
0.186699
0.214276
0.214276
0.0549159
0.147017
0.169755
0.200863
0.214276
0.120284
0.0863868
0.142842
0.133845
0.0915519
0.161933
0.211789
0.211789
0.169818
0.211789
0.13926
0.211789
0.129846
0.113143
0.102952
0.160925
0.211789
0.192383
0.13926
0.195112
0.211789
0.169333
0.0947689
0.134826
0.151529
0.177773
0.19957
0.162131
0.0868942
0.170729
0.172238
0.111293
0.152015
0.15419
0.211789
0.211789
0.171037
0.158866
0.110689
0.169726
0.0920584
0.109139
0.137034
0.198129
0.165263
0.152489
0.185153
0.200731
0.161791
0.104423
0.199156
0.171548
0.213106
0.213106
0.213106
0.192381
0.170183
0.126785
0.158695
0.171761
0.164606
0.202959
0.177371
0.162926
0.135654
0.0857949
0.152525
0.152619
0.152979
0.131535
0.213106
0.213106
0.213106
0.170153
0.0963032
0.0592326
0.08683
0.203317
0.185965
0.213575
0.213575
0.213575
0.179661
0.115157
0.116732
0.0976613
0.213575
0.211153
0.196235
0.213575
0.191902
0.20747
0.207581
0.133922
0.143747
0.143588
0.145909
0.188037
0.20371
0.213575
0.150616
0.0697494
0.0411621
0.074642
0.118027
0.146938
0.21253
0.174981
0.19512
0.118641
0.0543461
0.0975238
0.113815
0.213533
0.182386
0.19113
0.213533
0.213533
0.191238
0.211888
0.167327
0.101676
0.213533
0.213533
0.170067
0.213533
0.122471
0.157492
0.213533
0.146877
0.0708336
0.125826
0.13004
0.175525
0.186214
0.213533
0.135801
0.0615236
0.0926916
0.137579
0.149329
0.126955
0.213533
0.196727
0.174931
0.105577
0.0526329
0.148839
0.123326
0.211493
0.164358
0.161863
0.211493
0.156992
0.148053
0.197112
0.165978
0.078738
0.157447
0.211493
0.211493
0.211493
0.0765685
0.17487
0.211493
0.211493
0.12162
0.129811
0.0969125
0.211493
0.210253
0.211493
0.109222
0.0799004
0.168471
0.117882
0.1659
0.0918303
0.211493
0.211493
0.170676
0.0662001
0.150806
0.145297
0.144564
0.193385
0.164023
0.186321
0.207574
0.122552
0.116043
0.121876
0.137369
0.0699339
0.146793
0.128928
0.207574
0.207574
0.121113
0.178445
0.190026
0.167364
0.104156
0.120762
0.135246
0.188782
0.207574
0.182929
0.207574
0.207574
0.196333
0.0834481
0.207574
0.207574
0.207574
0.151943
0.178612
0.151823
0.163058
0.11592
0.102064
0.17913
0.152239
0.207724
0.164633
0.132086
0.203695
0.207724
0.207724
0.0471756
0.114793
0.165045
0.187961
0.207724
0.129335
0.0819152
0.190371
0.158198
0.109778
0.193418
0.207724
0.207724
0.137438
0.15561
0.169496
0.167843
0.175466
0.175419
0.185664
0.180855
0.160177
0.154994
0.128205
0.169505
0.197722
0.120646
0.0799988
0.122212
0.148647
0.165147
0.207718
0.162196
0.0830868
0.203155
0.159635
0.127105
0.160042
0.124326
0.211952
0.211952
0.203272
0.18313
0.112937
0.127767
0.195288
0.188569
0.166012
0.17163
0.1292
0.113176
0.157061
0.188789
0.137856
0.0966357
0.192714
0.146984
0.18792
0.211952
0.19972
0.211952
0.211952
0.132637
0.13767
0.171514
0.135253
0.196085
0.183444
0.185987
0.163963
0.0888772
0.105986
0.149727
0.139306
0.13697
0.209179
0.209179
0.209179
0.185811
0.11598
0.073738
0.0915356
0.176856
0.131709
0.19437
0.209179
0.185825
0.209179
0.178425
0.132511
0.107478
0.193998
0.209179
0.177097
0.209179
0.153254
0.209179
0.150882
0.105208
0.158502
0.148162
0.167447
0.214825
0.214825
0.214825
0.198136
0.111284
0.0665168
0.0787893
0.131237
0.212718
0.214825
0.182543
0.20522
0.125421
0.0511866
0.105284
0.10486
0.187652
0.214825
0.214825
0.206265
0.175613
0.214825
0.174431
0.140841
0.118261
0.214825
0.192397
0.210809
0.1525
0.11214
0.0869292
0.12209
0.0497452
0.0836046
0.138052
0.17053
0.196746
0.198682
0.21407
0.135951
0.0681753
0.105321
0.15526
0.141188
0.118987
0.21407
0.21407
0.209513
0.11829
0.0766566
0.21407
0.108531
0.21407
0.21407
0.21407
0.149985
0.134524
0.0960932
0.156375
0.0783269
0.128308
0.174073
0.085738
0.205107
0.21407
0.180871
0.210822
0.190953
0.204679
0.126268
0.11079
0.0853404
0.204643
0.224823
0.218575
0.107122
0.100569
0.188607
0.102788
0.164714
0.0948006
0.224823
0.211836
0.173856
0.0973715
0.166975
0.149335
0.110197
0.177642
0.0806404
0.153984
0.224823
0.224823
0.210276
0.165415
0.19839
0.102455
0.217849
0.0802067
0.139425
0.224823
0.224823
0.190623
0.0879143
0.1422
0.104451
0.124777
0.116409
0.144889
0.208979
0.195665
0.159501
0.191271
0.179429
0.0860166
0.208979
0.20011
0.208979
0.158786
0.130037
0.141047
0.173304
0.108846
0.208979
0.208979
0.134075
0.208979
0.208979
0.208979
0.20614
0.168659
0.166173
0.0776356
0.0876366
0.0628303
0.198763
0.208979
0.139279
0.109026
0.167491
0.170444
0.101711
0.188545
0.183146
0.235866
0.140078
0.109718
0.152226
0.160842
0.146638
0.155171
0.16354
0.156593
0.121146
0.152873
0.102618
0.135566
0.21782
0.124256
0.0935787
0.110358
0.102788
0.235866
0.235866
0.132274
0.100907
0.134418
0.128365
0.134098
0.129416
0.161982
0.235866
0.235866
0.194787
0.220452
0.195298
0.235866
0.147967
0.150625
0.130569
0.126641
0.106213
0.0798479
0.114951
0.182023
0.120449
0.0879652
0.163303
0.115493
0.139734
0.228316
0.145201
0.198013
0.186513
0.09897
0.116471
0.118407
0.191534
0.228316
0.228316
0.1846
0.198535
0.18615
0.228316
0.155101
0.0974403
0.0906593
0.146498
0.228316
0.157491
0.228316
0.228316
0.21524
0.0809154
0.159102
0.104907
0.189685
0.20189
0.160489
0.207266
0.160602
0.105047
0.0812054
0.16348
0.210833
0.169421
0.193831
0.144129
0.18589
0.137203
0.0939097
0.136254
0.115654
0.134437
0.210279
0.210833
0.165678
0.210833
0.210833
0.202779
0.134527
0.173278
0.206942
0.210833
0.210833
0.134858
0.127709
0.12684
0.145772
0.0879508
0.156462
0.223676
0.223676
0.204654
0.184286
0.182316
0.149424
0.113031
0.10663
0.187567
0.18244
0.167286
0.162784
0.130527
0.0772887
0.106053
0.058773
0.132752
0.178648
0.219956
0.223676
0.223676
0.192767
0.120911
0.127216
0.14964
0.145212
0.144772
0.108397
0.223676
0.223676
0.159435
0.151224
0.198458
0.147093
0.0937868
0.163123
0.165639
0.157077
0.15593
0.130128
0.0689637
0.115408
0.076911
0.106294
0.121597
0.0641163
0.160031
0.222805
0.147025
0.125495
0.147642
0.222805
0.134762
0.138609
0.0909483
0.222805
0.222805
0.196665
0.156791
0.184263
0.108784
0.110939
0.179188
0.203291
0.220473
0.222805
0.222805
0.222805
0.222805
0.214708
0.0928891
0.1348
0.0633851
0.13032
0.217842
0.202165
0.143547
0.143925
0.217842
0.0908721
0.162674
0.0927736
0.114851
0.217842
0.200317
0.169505
0.0771866
0.121089
0.116501
0.172432
0.189938
0.217842
0.217842
0.217842
0.212775
0.215329
0.178328
0.0469173
0.0996912
0.189121
0.13196
0.148037
0.217842
0.217842
0.196755
0.124906
0.15248
0.210126
0.14002
0.179221
0.199469
0.202815
0.152069
0.112623
0.145497
0.0784997
0.0932577
0.0527883
0.150469
0.159488
0.0929877
0.120572
0.121806
0.136923
0.143077
0.211912
0.152968
0.211912
0.211912
0.206474
0.194427
0.19962
0.211912
0.138241
0.164707
0.190451
0.136406
0.198201
0.211912
0.211912
0.149538
0.155318
0.0964465
0.112193
0.0809035
0.1883
0.216918
0.0908655
0.109973
0.101365
0.125938
0.11224
0.139247
0.131188
0.224172
0.224172
0.111616
0.18124
0.199896
0.224172
0.157069
0.184816
0.197814
0.140166
0.205194
0.205817
0.162358
0.127475
0.220174
0.172115
0.142611
0.0910353
0.118166
0.224172
0.223655
0.216919
0.109076
0.18098
0.109832
0.136596
0.171168
0.219814
0.219814
0.108685
0.165487
0.186905
0.219814
0.129679
0.101645
0.102211
0.132778
0.191425
0.116542
0.219814
0.219814
0.205681
0.145483
0.155877
0.105378
0.129451
0.219814
0.192464
0.186108
0.105755
0.166896
0.0787381
0.209206
0.204617
0.114735
0.210574
0.208591
0.147354
0.120158
0.123034
0.127694
0.118357
0.152286
0.217802
0.217802
0.144525
0.210473
0.217802
0.215302
0.138298
0.172369
0.217802
0.217802
0.217802
0.146507
0.115943
0.0989528
0.146135
0.060003
0.184913
0.211825
0.157232
0.217802
0.217802
0.179248
0.153545
0.129671
0.0585721
0.149983
0.11588
0.217802
0.217802
0.0467153
0.0885572
0.0649331
0.110374
0.144942
0.170414
0.205859
0.230103
0.230103
0.218554
0.102372
0.101798
0.14222
0.122109
0.138892
0.123595
0.230103
0.230103
0.202725
0.166647
0.185013
0.17416
0.05844
0.133394
0.124651
0.230103
0.230103
0.0450654
0.121297
0.125215
0.111041
0.0639702
0.0674338
0.134837
0.14231
0.225644
0.11121
0.230103
0.222281
0.154702
0.111848
0.122016
0.0903295
0.221252
0.221252
0.221252
0.159071
0.179679
0.122425
0.0855413
0.163404
0.173914
0.197208
0.221252
0.221252
0.221252
0.221252
0.221252
0.0523874
0.0567057
0.123782
0.105951
0.167999
0.0927678
0.219861
0.221252
0.102573
0.102901
0.221252
0.114347
0.168321
0.168326
0.173324
0.199902
0.130006
0.0612957
0.0772258
0.145062
0.154628
0.188089
0.214041
0.214041
0.178007
0.169799
0.188939
0.0568961
0.1108
0.207269
0.135917
0.116346
0.172754
0.214041
0.159251
0.101034
0.112519
0.214041
0.137471
0.15503
0.148042
0.133259
0.177505
0.127293
0.0608466
0.214041
0.214041
0.214041
0.214041
0.214041
0.214041
0.120055
0.130367
0.15927
0.130205
0.215641
0.179451
0.215641
0.215641
0.190206
0.180673
0.176001
0.215641
0.134287
0.159874
0.167521
0.174579
0.215641
0.215641
0.215641
0.139095
0.148535
0.0365897
0.109447
0.114207
0.193511
0.189924
0.14357
0.147935
0.173401
0.215641
0.0749854
0.120004
0.152616
0.204129
0.14722
0.155603
0.10544
0.130117
0.064304
0.169157
0.166257
0.179409
0.185594
0.2129
0.181968
0.187423
0.12797
0.2129
0.16723
0.157129
0.129405
0.136379
0.2129
0.2129
0.2129
0.15911
0.203811
0.0652339
0.101132
0.130618
0.200295
0.175624
0.1531
0.119659
0.159156
0.072574
0.158044
0.113052
0.108677
0.145621
0.2129
0.206548
0.162524
0.167776
0.16377
0.155381
0.170519
0.14324
0.152139
0.210479
0.166829
0.210479
0.141733
0.18763
0.0870744
0.210479
0.185813
0.114601
0.210479
0.190664
0.153076
0.14391
0.171434
0.122305
0.128642
0.0902398
0.130354
0.210479
0.163622
0.170929
0.173974
0.163509
0.11594
0.210479
0.178678
0.16442
0.210479
0.13645
0.172069
0.128268
0.195037
0.0698088
0.196963
0.191277
0.159011
0.219061
0.184065
0.170938
0.15438
0.163036
0.0904983
0.131477
0.113237
0.219061
0.219061
0.0474562
0.104464
0.0464381
0.105346
0.131587
0.219061
0.173276
0.166052
0.219061
0.144384
0.172469
0.111688
0.189006
0.219061
0.158568
0.190123
0.200579
0.219061
0.159144
0.142226
0.219061
0.107465
0.0750525
0.10428
0.107775
0.224726
0.224726
0.0391445
0.1145
0.0901243
0.0851589
0.0659738
0.0702567
0.109075
0.123791
0.224726
0.142613
0.204777
0.195848
0.169824
0.219156
0.149774
0.181298
0.17529
0.224726
0.145771
0.120505
0.192041
0.107412
0.18553
0.224726
0.224726
0.135792
0.224726
0.224726
0.176821
0.224726
0.137821
0.0440771
0.0669757
0.110013
0.100359
0.179493
0.112659
0.197054
0.217538
0.12982
0.0830861
0.217538
0.101639
0.161164
0.203173
0.135498
0.180214
0.121919
0.0740899
0.135354
0.217538
0.19864
0.121374
0.217538
0.217538
0.176754
0.217538
0.161914
0.095817
0.217538
0.217538
0.217538
0.17517
0.197618
0.148381
0.187136
0.15264
0.0832603
0.208823
0.121955
0.150915
0.180924
0.106895
0.164195
0.125114
0.0686062
0.169897
0.208823
0.208823
0.208823
0.206838
0.178336
0.0840018
0.111695
0.14083
0.0979228
0.208823
0.162571
0.208823
0.189692
0.168367
0.130518
0.191387
0.161812
0.160859
0.16442
0.193081
0.203719
0.208823
0.157897
0.101713
0.208823
0.158439
0.0283722
0.109441
0.16143
0.219736
0.219736
0.202774
0.173831
0.200883
0.219736
0.0687094
0.132461
0.175809
0.219736
0.212162
0.188675
0.125
0.16776
0.0697906
0.0577739
0.165727
0.212718
0.219736
0.219736
0.110929
0.107967
0.146589
0.137684
0.0796182
0.106789
0.0945615
0.0993147
0.219736
0.217956
0.0893132
0.219736
0.219736
0.0548854
0.0844055
0.11715
0.225226
0.187481
0.11899
0.133393
0.151173
0.0689784
0.11385
0.103974
0.115592
0.140051
0.235263
0.196365
0.156006
0.179215
0.162049
0.0709959
0.107994
0.0738701
0.122027
0.235263
0.174879
0.110273
0.183186
0.18362
0.235263
0.235263
0.115162
0.181872
0.235263
0.235263
0.235263
0.235263
0.128377
0.0912622
0.103385
0.0854647
0.103483
0.207681
0.119002
0.1387
0.164283
0.161838
0.109915
0.179427
0.134309
0.13544
0.211342
0.115504
0.12629
0.0888178
0.183431
0.199233
0.211342
0.118035
0.15875
0.211342
0.211342
0.211342
0.211342
0.14428
0.206926
0.211342
0.16622
0.117166
0.211342
0.193913
0.211342
0.211342
0.117043
0.117627
0.181697
0.123395
0.135921
0.212769
0.0973306
0.10436
0.0779199
0.172095
0.176954
0.121065
0.141593
0.175035
0.212769
0.119916
0.15572
0.196099
0.0835127
0.202132
0.182479
0.172049
0.0972349
0.193975
0.17256
0.194872
0.212769
0.158838
0.105769
0.144908
0.212769
0.212769
0.212769
0.192227
0.212769
0.212769
0.0869702
0.157519
0.107116
0.130148
0.159846
0.198572
0.112225
0.120379
0.150483
0.0762734
0.142657
0.211415
0.165562
0.114165
0.199383
0.211415
0.132763
0.211415
0.110597
0.131275
0.126556
0.211415
0.211415
0.18243
0.206912
0.211415
0.211415
0.0812029
0.0839603
0.172782
0.207646
0.174937
0.203293
0.211415
0.186287
0.170193
0.0819245
0.119887
0.211114
0.16583
0.141924
0.211114
0.211114
0.137912
0.211114
0.146478
0.10549
0.202808
0.16966
0.211114
0.196416
0.182254
0.150952
0.152285
0.109181
0.131114
0.20771
0.20219
0.211114
0.211114
0.20262
0.15087
0.148182
0.0618497
0.114413
0.123759
0.114285
0.106608
0.185186
0.112128
0.124971
0.211114
0.155199
0.11612
0.206564
0.148034
0.20827
0.20827
0.158653
0.138625
0.17582
0.147126
0.165614
0.191342
0.20827
0.20827
0.20827
0.125467
0.0893559
0.20827
0.205404
0.125268
0.1351
0.135792
0.163434
0.20827
0.0984038
0.115683
0.20827
0.11492
0.160511
0.131173
0.162129
0.127001
0.196071
0.0904159
0.191098
0.19865
0.157062
0.0823338
0.170789
0.182102
0.187476
0.22472
0.129479
0.0991925
0.132569
0.11886
0.0729377
0.0944918
0.0810837
0.110071
0.22472
0.178899
0.106268
0.211737
0.213021
0.22472
0.22472
0.187169
0.139798
0.205972
0.0897781
0.137467
0.22472
0.0922505
0.118299
0.22472
0.22472
0.100426
0.169397
0.0819613
0.161727
0.22472
0.221093
0.0757478
0.106465
0.0751292
0.131677
0.227974
0.135981
0.112083
0.150485
0.162647
0.186378
0.20898
0.0906667
0.149606
0.227974
0.227974
0.227974
0.227974
0.13913
0.0851736
0.162643
0.196732
0.140734
0.198832
0.0804289
0.123957
0.227974
0.164489
0.11757
0.102504
0.148791
0.227974
0.227974
0.150632
0.158279
0.14535
0.199163
0.172852
0.197722
0.103118
0.136835
0.216351
0.160695
0.184422
0.189973
0.14408
0.175415
0.171989
0.152314
0.116981
0.167718
0.205545
0.216351
0.209383
0.122478
0.109847
0.072834
0.120233
0.216351
0.216351
0.118389
0.129296
0.136933
0.165666
0.120628
0.161694
0.107736
0.216351
0.216351
0.185933
0.151041
0.200092
0.13859
0.181404
0.15089
0.16193
0.107174
0.161995
0.173642
0.209835
0.210383
0.151747
0.102163
0.148627
0.212894
0.212894
0.212894
0.164548
0.212894
0.212894
0.0858253
0.116666
0.13717
0.105061
0.212894
0.184098
0.17634
0.174015
0.212894
0.161995
0.0974024
0.10022
0.191042
0.212894
0.212894
0.126491
0.0915067
0.101842
0.0909454
0.12757
0.142164
0.212905
0.212905
0.212905
0.199907
0.212905
0.212905
0.0973084
0.0918303
0.203658
0.212905
0.197978
0.209367
0.173277
0.212905
0.212905
0.0837095
0.107144
0.104747
0.200642
0.212905
0.197177
0.161994
0.117248
0.124967
0.0945717
0.103072
0.111143
0.185089
0.212905
0.183103
0.0757666
0.070862
0.0876032
0.12446
0.148194
0.218816
0.218816
0.218816
0.218816
0.188928
0.188025
0.214345
0.061249
0.141781
0.149758
0.11972
0.125576
0.218816
0.15443
0.169172
0.218816
0.146002
0.10882
0.154229
0.218816
0.218816
0.193567
0.117236
0.0997356
0.127976
0.0974813
0.119341
0.121173
0.0955696
0.138658
0.218816
0.155664
0.131774
0.188869
0.150781
0.150927
0.15569
0.143383
0.191544
0.213202
0.147299
0.151705
0.213202
0.109617
0.168189
0.190116
0.213202
0.168441
0.213202
0.103033
0.210687
0.213202
0.210115
0.0893364
0.0976572
0.102675
0.153958
0.213202
0.152671
0.129871
0.189488
0.154185
0.112848
0.173323
0.157697
0.213202
0.207262
0.0973658
0.111903
0.168459
0.127529
0.213234
0.213234
0.113138
0.182901
0.213234
0.117421
0.130833
0.144325
0.0961425
0.116636
0.211205
0.172454
0.108537
0.134238
0.117581
0.199852
0.213234
0.190786
0.162561
0.19483
0.15688
0.213234
0.161615
0.18869
0.185861
0.208027
0.213234
0.0653681
0.168047
0.133027
0.148043
0.0827847
0.177789
0.140631
0.160789
0.165172
0.103448
0.138423
0.183973
0.173918
0.185044
0.103856
0.171846
0.214175
0.15593
0.100196
0.106715
0.176208
0.223397
0.223397
0.137628
0.137253
0.145474
0.20516
0.0504144
0.126682
0.133406
0.191468
0.135778
0.163908
0.141464
0.182998
0.205827
0.10567
0.223397
0.176423
0.180891
0.223397
0.190952
0.16718
0.176235
0.153193
0.0966489
0.0877051
0.143497
0.220703
0.220703
0.100195
0.114152
0.139361
0.150878
0.0954763
0.155939
0.115251
0.220703
0.220703
0.216664
0.172629
0.220703
0.164497
0.0827829
0.17191
0.15084
0.153666
0.191999
0.160528
0.157597
0.201389
0.154083
0.109496
0.220703
0.20692
0.163067
0.220703
0.19136
0.130409
0.169661
0.0853548
0.0951455
0.145048
0.119966
0.213588
0.213588
0.211414
0.212942
0.213588
0.184843
0.103932
0.111444
0.189158
0.213588
0.213588
0.126137
0.0987592
0.0949983
0.0942198
0.105556
0.213588
0.209372
0.177461
0.213588
0.192015
0.157638
0.213588
0.108399
0.0545579
0.164664
0.206234
0.180784
0.183507
0.148112
0.160924
0.129234
0.018087
0.120273
0.140417
0.213696
0.213696
0.213696
0.178268
0.142622
0.129396
0.120596
0.137505
0.166559
0.213696
0.213696
0.188889
0.0521372
0.106314
0.115069
0.153635
0.0797961
0.187815
0.213696
0.192629
0.169379
0.14911
0.191088
0.165436
0.0538249
0.0793758
0.213696
0.113034
0.15545
0.207995
0.204601
0.131139
0.213696
0.204631
0.11742
0.203624
0.218528
0.218528
0.169721
0.0934626
0.123995
0.149275
0.103292
0.10017
0.177815
0.152657
0.149267
0.19007
0.158348
0.146506
0.218528
0.150993
0.101468
0.218528
0.115286
0.17916
0.214238
0.176496
0.112626
0.218528
0.18798
0.0645554
0.127356
0.14407
0.218528
0.218528
0.114747
0.126006
0.215771
0.185477
0.0773951
0.162891
0.14251
0.147883
0.216611
0.180198
0.142657
0.226574
0.150808
0.0753408
0.197735
0.165137
0.226574
0.226574
0.0931679
0.0981046
0.212544
0.150021
0.0776733
0.170471
0.143395
0.226574
0.226574
0.124919
0.107775
0.226574
0.151985
0.0472323
0.168988
0.156504
0.226574
0.226574
0.104832
0.099042
0.193341
0.121071
0.14538
0.149499
0.129432
0.216925
0.182826
0.184527
0.191291
0.138666
0.216925
0.0659241
0.123699
0.109088
0.145237
0.0960991
0.21633
0.164328
0.112464
0.14006
0.11639
0.142969
0.216925
0.216925
0.216925
0.1445
0.216925
0.17471
0.110636
0.0949619
0.183568
0.204353
0.096383
0.216925
0.169023
0.216925
0.179267
0.141312
0.0647785
0.106069
0.11662
0.183925
0.130885
0.190155
0.170051
0.146094
0.169407
0.0820728
0.211883
0.17925
0.197276
0.211883
0.176362
0.185341
0.187977
0.135326
0.080767
0.177032
0.211883
0.105722
0.211883
0.195097
0.211883
0.199228
0.153903
0.0925844
0.15402
0.0786396
0.190093
0.200516
0.199392
0.211883
0.102179
0.152054
0.0783227
0.172327
0.175998
0.160864
0.187375
0.157744
0.167345
0.221772
0.144242
0.117313
0.221772
0.221772
0.193217
0.221772
0.162609
0.0886224
0.188691
0.133716
0.0510558
0.148201
0.106985
0.185494
0.207278
0.168654
0.166861
0.0946005
0.120238
0.141977
0.221772
0.221772
0.18544
0.20151
0.183809
0.14013
0.0841042
0.125746
0.109636
0.214523
0.214523
0.189324
0.214523
0.165939
0.0964019
0.214523
0.15491
0.0468681
0.144707
0.185349
0.172079
0.189753
0.118396
0.151911
0.107887
0.0337679
0.10549
0.214523
0.214523
0.214523
0.214523
0.208653
0.158471
0.101607
0.153932
0.151132
0.187319
0.133448
0.179091
0.211735
0.125941
0.0721003
0.189411
0.163686
0.0564639
0.162776
0.19296
0.182684
0.19987
0.12254
0.17588
0.1311
0.0686107
0.0709703
0.205402
0.135647
0.123326
0.18855
0.156748
0.159722
0.205565
0.180051
0.166011
0.174595
0.120447
0.207957
0.207957
0.207957
0.124884
0.198424
0.207957
0.1065
0.207957
0.13343
0.126993
0.122195
0.207957
0.163417
0.207957
0.183362
0.0877322
0.213049
0.130459
0.139279
0.21193
0.15411
0.148691
0.213049
0.165378
0.055883
0.171591
0.172221
0.213049
0.213049
0.116765
0.0943017
0.213049
0.19198
0.137323
0.203552
0.136542
0.142759
0.177178
0.213049
0.174195
0.15755
0.162446
0.127687
0.0576728
0.0978791
0.213049
0.213049
0.16865
0.107077
0.166526
0.209573
0.0844098
0.231883
0.175828
0.231883
0.231883
0.14778
0.103447
0.231883
0.155465
0.0535628
0.210962
0.174139
0.231883
0.231883
0.0944622
0.100329
0.231883
0.163137
0.167056
0.0833588
0.132867
0.231883
0.231883
0.182568
0.111062
0.13901
0.177093
0.128286
0.145551
0.163796
0.179912
0.157037
0.131749
0.0423077
0.0376264
0.0842372
0.104051
0.150412
0.213831
0.213831
0.213831
0.130299
0.211851
0.160307
0.122804
0.105541
0.159736
0.181443
0.104945
0.213831
0.18826
0.213831
0.155925
0.141887
0.0783509
0.182886
0.162725
0.145867
0.213831
0.179581
0.179399
0.10955
0.100167
0.10325
0.213831
0.213831
0.20167
0.213831
0.152319
0.185321
0.0757994
0.0590672
0.0993929
0.163384
0.196941
0.110115
0.213579
0.210164
0.213579
0.166893
0.151018
0.0675349
0.126074
0.103445
0.171185
0.187733
0.175791
0.19692
0.1301
0.145408
0.112334
0.213579
0.20862
0.196101
0.213579
0.167894
0.159028
0.0934762
0.0728806
0.113515
0.156363
0.204273
0.127696
0.19371
0.213579
0.1711
0.212455
0.129325
0.0492492
0.144852
0.122522
0.167234
0.190861
0.14921
0.156756
0.112639
0.121853
0.161342
0.220463
0.220463
0.220463
0.213406
0.139241
0.120728
0.153906
0.181883
0.100874
0.135116
0.124293
0.129704
0.204712
0.195356
0.132651
0.171817
0.118409
0.0919471
0.220463
0.197234
0.194585
0.220463
0.144047
0.220463
0.220463
0.111352
0.124352
0.212588
0.212588
0.212588
0.205935
0.140142
0.12233
0.122815
0.172225
0.131894
0.176726
0.10561
0.12621
0.178934
0.108765
0.090639
0.150261
0.151372
0.110053
0.206911
0.205788
0.187342
0.212588
0.114617
0.194549
0.212588
0.0806828
0.196263
0.205155
0.157914
0.163266
0.212588
0.154335
0.156165
0.180423
0.124607
0.136283
0.162377
0.0810766
0.173297
0.210882
0.15526
0.137009
0.151744
0.199968
0.0895502
0.163705
0.138856
0.0879665
0.0983196
0.15493
0.180469
0.155919
0.131601
0.210882
0.210882
0.210882
0.179398
0.210882
0.157514
0.168621
0.210882
0.107592
0.12373
0.131698
0.210882
0.210882
0.192917
0.210882
0.210882
0.138718
0.109686
0.103604
0.166032
0.152423
0.114102
0.184047
0.192625
0.201715
0.145436
0.138874
0.107001
0.0818037
0.109629
0.173404
0.215298
0.142319
0.105008
0.147323
0.184219
0.113233
0.141493
0.215298
0.215298
0.215298
0.215298
0.199596
0.211848
0.121334
0.120831
0.145385
0.20553
0.171477
0.215298
0.215298
0.134118
0.124975
0.168669
0.142564
0.109204
0.1612
0.214844
0.230504
0.173607
0.122232
0.139468
0.162067
0.118215
0.167552
0.195945
0.193164
0.175246
0.133794
0.0610281
0.0437374
0.0766903
0.121422
0.148982
0.200414
0.182468
0.230504
0.230504
0.164829
0.16455
0.230504
0.0609561
0.185934
0.151719
0.198635
0.230504
0.222605
0.205948
0.0316239
0.0537614
