0.161202
0.213526
0.110294
0.192883
0.213526
0.160145
0.174553
0.213526
0.213526
0.116856
0.116038
0.167199
0.206188
0.166327
0.130959
0.103413
0.15663
0.213526
0.112538
0.191069
0.135231
0.149797
0.211936
0.131773
0.142115
0.213526
0.145984
0.0838239
0.0486501
0.15886
0.213526
0.213526
0.126791
0.150664
0.140864
0.198033
0.109324
0.11367
0.174964
0.218184
0.225262
0.107141
0.0933483
0.186259
0.22038
0.200465
0.151359
0.181259
0.225262
0.225262
0.119808
0.10689
0.0869182
0.213469
0.0876793
0.0545603
0.167691
0.225262
0.225262
0.143134
0.133019
0.140628
0.225262
0.0819078
0.184754
0.177089
0.225262
0.178788
0.0944695
0.129796
0.174633
0.0788883
0.196426
0.171158
0.185314
0.229249
0.229249
0.0883042
0.0927064
0.0947997
0.221126
0.1627
0.12004
0.179293
0.184471
0.203218
0.113661
0.177625
0.187689
0.122982
0.089471
0.19361
0.184983
0.229249
0.176938
0.0790453
0.113509
0.178477
0.102112
0.128865
0.229249
0.187024
0.151923
0.172167
0.0922243
0.101893
0.190401
0.195537
0.181134
0.173128
0.210812
0.210812
0.194503
0.13405
0.185819
0.210812
0.143797
0.110059
0.103945
0.210812
0.186357
0.104963
0.121129
0.150784
0.210812
0.145353
0.147953
0.210812
0.210812
0.175716
0.210812
0.104652
0.155572
0.187423
0.210812
0.076408
0.160864
0.11916
0.112889
0.129778
0.101367
0.168197
0.210812
0.132207
0.0996911
0.158943
0.223566
0.203993
0.107188
0.140564
0.173712
0.223566
0.140192
0.10518
0.175821
0.137166
0.211856
0.223566
0.117232
0.116084
0.223566
0.223566
0.0690905
0.170981
0.132755
0.132529
0.164536
0.110267
0.223566
0.202008
0.138234
0.0987705
0.182685
0.0681201
0.150358
0.223566
0.215496
0.126939
0.210719
0.116909
0.0757031
0.192698
0.206044
0.15813
0.201226
0.0898722
0.111545
0.215258
0.215258
0.213972
0.215258
0.199683
0.097623
0.203813
0.0816699
0.0809912
0.185702
0.215258
0.0715547
0.165155
0.0759412
0.117554
0.199942
0.175583
0.130273
0.170045
0.103955
0.123918
0.215258
0.215258
0.134549
0.191338
0.126124
0.211128
0.215258
0.0991891
0.206669
0.221452
0.221452
0.106498
0.215381
0.0925383
0.123164
0.194508
0.221452
0.114718
0.209713
0.143207
0.137962
0.221452
0.121865
0.159763
0.0929043
0.0681329
0.139674
0.221452
0.221452
0.132267
0.193913
0.15024
0.221452
0.221452
0.118195
0.116112
0.136627
0.11521
0.162285
0.221452
0.163304
0.0772155
0.141158
0.104067
0.130199
0.211075
0.100314
0.171135
0.219503
0.148045
0.16147
0.219503
0.165486
0.0798744
0.0739968
0.138086
0.219503
0.219503
0.151572
0.171343
0.125616
0.202567
0.112725
0.120981
0.113757
0.102554
0.209906
0.219503
0.114076
0.125914
0.138304
0.0769428
0.184002
0.219503
0.219503
0.219503
0.139838
0.21059
0.13804
0.180709
0.0922672
0.0881193
0.149466
0.221981
0.221981
0.151043
0.150272
0.130669
0.221981
0.0692929
0.1548
0.160764
0.221981
0.221981
0.100327
0.119565
0.132191
0.0940283
0.0579101
0.133819
0.221981
0.221981
0.221981
0.174021
0.221981
0.155194
0.216812
0.045157
0.169588
0.221981
0.198894
0.221981
0.141711
0.135882
0.129294
0.0577524
0.0902904
0.192022
0.182434
0.215574
0.215574
0.0875314
0.122705
0.168313
0.133866
0.157965
0.215574
0.201375
0.215574
0.215574
0.112408
0.122401
0.171061
0.215574
0.0490738
0.135733
0.215574
0.215574
0.215574
0.165356
0.157656
0.115264
0.0508838
0.0650252
0.152411
0.113821
0.214897
0.215574
0.101351
0.182664
0.166983
0.136387
0.163008
0.212871
0.201738
0.212871
0.212871
0.115136
0.150305
0.173965
0.212871
0.0772457
0.161749
0.116241
0.0954529
0.150703
0.130249
0.167855
0.212871
0.127309
0.0888909
0.146754
0.137524
0.205084
0.212871
0.0931675
0.212871
0.198264
0.12274
0.0569219
0.139338
0.184394
0.212871
0.158594
0.135125
0.212871
0.212871
0.145381
0.0790711
0.180593
0.135788
0.101488
0.175735
0.133448
0.20622
0.21971
0.128183
0.107689
0.194679
0.105769
0.125808
0.21971
0.21971
0.107018
0.16179
0.110729
0.105095
0.208662
0.21971
0.168408
0.151346
0.134103
0.21971
0.21971
0.173605
0.1159
0.21971
0.1929
0.21971
0.21971
0.155648
0.0985877
0.141663
0.0725512
0.0810203
0.187718
0.118166
0.095033
0.196686
0.2021
0.117081
0.140381
0.113093
0.102912
0.213433
0.221999
0.180884
0.215014
0.180782
0.211078
0.221999
0.100788
0.114973
0.221999
0.159105
0.15935
0.221999
0.125979
0.0885963
0.139513
0.0862876
0.105847
0.221999
0.172893
0.220613
0.221999
0.162319
0.102362
0.160759
0.155845
0.109783
0.221079
0.221079
0.159048
0.215423
0.185929
0.221079
0.221079
0.111316
0.110372
0.123459
0.120802
0.168338
0.221079
0.171039
0.079803
0.124436
0.0948815
0.116624
0.221079
0.179082
0.221079
0.221079
0.179759
0.121486
0.147803
0.184109
0.0932825
0.105137
0.107034
0.164272
0.221079
0.190906
0.131029
0.0744282
0.181927
0.131051
0.133964
0.100573
0.103473
0.176865
0.213669
0.129437
0.130999
0.169168
0.0784672
0.21326
0.213669
0.213669
0.213669
0.190352
0.204881
0.123409
0.201689
0.128078
0.213669
0.206477
0.213669
0.184152
0.142988
0.169135
0.17505
0.136164
0.0968768
0.202449
0.110287
0.130268
0.213669
0.14315
0.144911
0.160581
0.0833231
0.0662224
0.180868
0.221291
0.221291
0.221291
0.219827
0.217756
0.145224
0.221291
0.0463801
0.180909
0.221291
0.196795
0.221291
0.138431
0.123063
0.100265
0.0907592
0.0724904
0.186856
0.13115
0.148438
0.209934
0.125862
0.208401
0.221291
0.0971451
0.0792404
0.14196
0.0742503
0.110068
0.148279
0.110231
0.201514
0.215144
0.140704
0.0587366
0.152638
0.219441
0.219437
0.219441
0.169976
0.157197
0.099948
0.0975774
0.0612158
0.140522
0.152915
0.219441
0.219441
0.14946
0.219441
0.159447
0.151699
0.0765253
0.155082
0.101785
0.158985
0.180912
0.141957
0.219441
0.219441
0.14997
0.11716
0.103391
0.0963878
0.219441
0.213622
0.219441
0.188733
0.16245
0.136666
0.0837228
0.13116
0.157508
0.211787
0.211787
0.146041
0.211787
0.193731
0.137706
0.0578665
0.167892
0.163519
0.185912
0.176925
0.161094
0.211787
0.211787
0.168997
0.0901721
0.121509
0.119949
0.205731
0.211787
0.211787
0.175116
0.135893
0.12256
0.0486592
0.162851
0.115283
0.211787
0.211787
0.192806
0.171614
0.129936
0.146189
0.0974736
0.218528
0.199778
0.135413
0.178746
0.146303
0.218528
0.218528
0.175432
0.119222
0.218528
0.218528
0.209865
0.218528
0.153204
0.0723968
0.100697
0.072089
0.0432021
0.165748
0.114361
0.214759
0.218528
0.211404
0.218528
0.127641
0.147636
0.0388313
0.10232
0.138248
0.148982
0.218528
0.14072
0.189436
0.130158
0.137066
0.120852
0.227133
0.227133
0.16958
0.227133
0.14714
0.0779079
0.119107
0.0963983
0.113604
0.227133
0.227133
0.227133
0.227133
0.184915
0.13028
0.175003
0.197138
0.0484535
0.12154
0.136691
0.180136
0.227133
0.1696
0.209934
0.114971
0.12646
0.136975
0.227133
0.115874
0.135851
0.176196
0.0967381
0.13614
0.138791
0.0918041
0.106028
0.221507
0.217853
0.221507
0.221507
0.193364
0.140616
0.147045
0.205034
0.0855414
0.0991549
0.0906966
0.221507
0.221507
0.205974
0.173849
0.118613
0.194756
0.110167
0.221507
0.11758
0.197409
0.197281
0.102128
0.124336
0.114419
0.0965303
0.100008
0.155781
0.0642372
0.221507
0.219866
0.133075
0.131071
0.153385
0.172305
0.105545
0.212048
0.212048
0.194499
0.16094
0.144828
0.161684
0.161906
0.130625
0.0995598
0.208163
0.146856
0.123978
0.212048
0.175427
0.139827
0.140942
0.111195
0.114283
0.191514
0.161659
0.212048
0.212048
0.0900641
0.212048
0.212048
0.211726
0.0943209
0.167777
0.121058
0.138599
0.212048
0.169529
0.137892
0.167944
0.163106
0.0833531
0.208653
0.183926
0.152945
0.208653
0.162101
0.189356
0.208653
0.127762
0.0870428
0.19814
0.0973676
0.117374
0.17554
0.0964533
0.208653
0.208653
0.170523
0.114981
0.190928
0.111992
0.154547
0.208653
0.170298
0.187301
0.186639
0.164817
0.208653
0.208653
0.196787
0.0918978
0.131929
0.124994
0.201095
0.168272
0.0930667
0.0801057
0.194351
0.107258
0.155133
0.182947
0.126101
0.214991
0.214991
0.164506
0.0943139
0.118998
0.118019
0.211923
0.199719
0.214991
0.20494
0.160908
0.129618
0.214991
0.214991
0.190852
0.0757095
0.113917
0.125445
0.199381
0.171677
0.0698188
0.095873
0.141903
0.15509
0.160843
0.0613749
0.210332
0.214991
0.214991
0.203847
0.0764832
0.128903
0.133283
0.202836
0.206136
0.211637
0.190182
0.134956
0.123301
0.0499702
0.17878
0.10575
0.167899
0.211637
0.175041
0.171435
0.147152
0.173115
0.110598
0.140832
0.145535
0.16257
0.112083
0.178408
0.205297
0.211637
0.185022
0.104198
0.211637
0.164418
0.181462
0.211637
0.152886
0.211637
0.186436
0.151412
0.0515493
0.187881
0.108794
0.186928
0.218295
0.192643
0.215215
0.150669
0.170306
0.0529803
0.107736
0.160284
0.137687
0.218295
0.141813
0.150137
0.120831
0.144749
0.124922
0.216062
0.151969
0.207481
0.218295
0.160486
0.218295
0.218295
0.178604
0.086082
0.0978934
0.0865929
0.145251
0.218295
0.184741
0.180603
0.184505
0.156471
0.0713076
0.134039
0.175162
0.193823
0.221554
0.192366
0.193848
0.120691
0.151841
0.139326
0.221554
0.168561
0.124754
0.162077
0.112331
0.192702
0.112671
0.12786
0.110579
0.096147
0.0786407
0.155792
0.221554
0.221554
0.208131
0.221554
0.183176
0.156068
0.221554
0.0981235
0.125918
0.20596
0.126149
0.215869
0.121595
0.187535
0.105118
0.217677
0.152298
0.191143
0.207558
0.128722
0.176881
0.116632
0.124525
0.107586
0.162607
0.0770463
0.217677
0.217677
0.15682
0.196689
0.211091
0.207273
0.141378
0.19488
0.08578
0.121093
0.20929
0.154496
0.191026
0.152381
0.174663
0.13034
0.217677
0.067938
0.135369
0.217677
0.12624
0.217677
0.134063
0.135667
0.110492
0.215022
0.188919
0.215022
0.215022
0.134389
0.179998
0.215022
0.215022
0.103963
0.196672
0.162273
0.139532
0.215022
0.200727
0.150018
0.164193
0.205435
0.0881682
0.109177
0.167295
0.176229
0.207991
0.113801
0.132671
0.215022
0.143119
0.11801
0.134101
0.14836
0.122752
0.215022
0.132478
0.135394
0.116488
0.114213
0.105185
0.190652
0.139796
0.132381
0.217364
0.177454
0.170476
0.163809
0.186995
0.178889
0.217364
0.217364
0.131642
0.133952
0.127822
0.217364
0.199138
0.0816994
0.106273
0.147813
0.110266
0.126565
0.217364
0.125006
0.143049
0.147034
0.127461
0.196105
0.217364
0.123722
0.141899
0.178154
0.164861
0.217364
0.217364
0.130981
0.188176
0.215863
0.214568
0.105437
0.116266
0.133072
0.215863
0.186486
0.0596049
0.0984395
0.169313
0.12655
0.139324
0.0831979
0.215863
0.215863
0.212339
0.152775
0.215863
0.215863
0.146764
0.127596
0.164464
0.159524
0.211969
0.214662
0.117087
0.119052
0.146749
0.0940552
0.171025
0.215863
0.137095
0.129174
0.179198
0.16166
0.112969
0.165996
0.121149
0.139315
0.11707
0.20102
0.210128
0.210451
0.174639
0.10184
0.198914
0.156408
0.170739
0.210451
0.156803
0.210451
0.200853
0.156119
0.141195
0.210451
0.165664
0.139979
0.190691
0.142049
0.124366
0.178254
0.17858
0.0725789
0.210451
0.210451
0.210451
0.118701
0.105467
0.158223
0.135762
0.131731
0.125388
0.196264
0.147461
0.199838
0.21234
0.15754
0.21234
0.21234
0.198099
0.103018
0.113547
0.10155
0.115339
0.21234
0.184871
0.179641
0.153239
0.177077
0.0850297
0.21234
0.21234
0.21069
0.128496
0.13523
0.174706
0.188885
0.178941
0.0751542
0.120658
0.0886865
0.130769
0.202149
0.150015
0.199613
0.134903
0.172791
0.133553
0.114313
0.102727
0.142654
0.214023
0.214023
0.195235
0.206693
0.195453
0.143604
0.214023
0.104746
0.124315
0.214023
0.138023
0.192011
0.0941383
0.19962
0.0929976
0.139533
0.126178
0.158293
0.214023
0.154234
0.20329
0.158391
0.18393
0.137427
0.214023
0.214023
0.138084
0.214023
0.101911
0.164001
0.133264
0.122089
0.118828
0.207905
0.0930672
0.11747
0.216589
0.174889
0.185655
0.14137
0.161839
0.127113
0.216589
0.0751166
0.12993
0.216589
0.14754
0.216589
0.167916
0.15569
0.127632
0.216589
0.216589
0.178016
0.172925
0.0823563
0.144422
0.150175
0.101992
0.0894755
0.10333
0.161338
0.213255
0.216589
0.216589
0.14809
0.216589
0.15259
0.103571
0.134415
0.178567
0.222795
0.222795
0.161897
0.132506
0.222795
0.169746
0.11906
0.167603
0.186178
0.149209
0.222795
0.166725
0.140939
0.137541
0.155742
0.150192
0.222795
0.161316
0.191627
0.222795
0.150766
0.084482
0.118546
0.0849554
0.134774
0.125601
0.0831803
0.157965
0.136619
0.148841
0.222795
0.222795
0.191157
0.0986532
0.163582
0.140226
0.146988
0.22262
0.160471
0.152758
0.158505
0.150854
0.191435
0.22262
0.163183
0.178042
0.195367
0.22262
0.22262
0.22262
0.105798
0.086331
0.0968105
0.0910271
0.162111
0.169768
0.149784
0.22262
0.22262
0.174462
0.0623965
0.139121
0.175929
0.0666536
0.133491
0.113424
0.22262
0.187113
0.164425
0.178763
0.215248
0.173291
0.141363
0.177025
0.20902
0.215248
0.215248
0.0973914
0.126263
0.18944
0.132335
0.175038
0.215248
0.174493
0.146656
0.20466
0.139695
0.0742593
0.202783
0.183701
0.0707986
0.169038
0.126105
0.215248
0.167316
0.133595
0.0598574
0.171815
0.176987
0.126389
0.215248
0.203448
0.139849
0.127606
0.0940355
0.122951
0.213515
0.186352
0.139196
0.202123
0.181587
0.148957
0.209204
0.179897
0.0769668
0.213515
0.213515
0.197045
0.129804
0.165716
0.187288
0.122414
0.115488
0.0873374
0.195664
0.188156
0.1669
0.213515
0.192938
0.126499
0.142515
0.0841947
0.0996488
0.213515
0.213515
0.213515
0.197169
0.144506
0.140616
0.0849514
0.0240932
0.0887976
0.214567
0.214567
0.194986
0.137922
0.188645
0.199683
0.176898
0.17817
0.0739141
0.112373
0.109675
0.122283
0.170356
0.136125
0.214567
0.136831
0.181119
0.124388
0.214567
0.214567
0.214567
0.214567
0.149223
0.15375
0.11338
0.0398241
0.0652718
0.116135
0.108216
0.122939
0.214567
0.214567
0.177813
0.200066
0.214567
0.0950607
0.13063
0.145802
0.156718
0.208622
0.126884
0.188541
0.142221
0.178482
0.142151
0.211318
0.211318
0.144348
0.211318
0.0972877
0.120452
0.146
0.116975
0.0946882
0.109239
0.142489
0.138455
0.211318
0.211318
0.200296
0.181262
0.201061
0.129733
0.151657
0.211318
0.211318
0.200538
0.211318
0.150008
0.149711
0.157589
0.122586
0.213562
0.213562
0.163047
0.173972
0.0931438
0.117029
0.146821
0.0856663
0.082139
0.0779701
0.146641
0.157519
0.213562
0.213562
0.163744
0.213562
0.146226
0.140316
0.125577
0.213562
0.203636
0.169215
0.213562
0.154157
0.131416
0.145674
0.046843
0.146069
0.20758
0.131037
0.213562
0.213562
0.19148
0.213562
0.158619
0.131698
0.215235
0.143734
0.208448
0.215235
0.121977
0.0951506
0.0988969
0.0890335
0.114539
0.121312
0.10811
0.198542
0.143454
0.158525
0.191224
0.215235
0.191966
0.147316
0.215235
0.215235
0.215235
0.141408
0.166378
0.128842
0.156095
0.0669504
0.120636
0.172713
0.206839
0.215235
0.215235
0.206962
0.14914
0.165881
0.116803
0.0789572
0.0831016
0.131255
0.212485
0.155096
0.159561
0.212485
0.212485
0.187571
0.0653083
0.11746
0.181545
0.126007
0.107278
0.133937
0.212485
0.19114
0.14409
0.120495
0.146993
0.212485
0.212485
0.166027
0.178437
0.212485
0.162081
0.11417
0.0736951
0.109291
0.167243
0.212485
0.211132
0.183836
0.212485
0.212485
0.145742
0.0682911
0.167092
0.201223
0.125627
0.14137
0.148796
0.216744
0.190682
0.134527
0.06516
0.179024
0.216744
0.134653
0.216744
0.216744
0.151866
0.147343
0.111528
0.0794486
0.0948127
0.170401
0.216744
0.216744
0.198239
0.216744
0.216744
0.155002
0.127621
0.139971
0.201535
0.119841
0.216744
0.111057
0.208015
0.144925
0.0706762
0.0699663
0.176729
0.218763
0.157749
0.212019
0.225648
0.118693
0.147141
0.0942213
0.0810028
0.230366
0.230366
0.212684
0.173718
0.170284
0.132842
0.0740177
0.0258885
0.10319
0.135112
0.175374
0.199819
0.230366
0.121201
0.176731
0.131764
0.0613992
0.116602
0.172268
0.230366
0.230366
0.230366
0.0931637
0.107105
0.230366
0.11972
0.0945508
0.217706
0.227998
0.227998
0.202007
0.170591
0.130368
0.106248
0.0366012
0.0469773
0.0966861
0.11722
0.115302
0.196574
0.179883
0.16403
0.216045
0.165642
0.123891
0.203737
0.227998
0.227998
0.227998
0.118951
0.141638
0.227998
0.113737
0.0974062
0.107574
0.125874
0.117214
0.134946
0.11733
0.227998
0.220647
0.185288
0.0726455
0.0734816
0.124958
0.120802
0.218496
0.179073
0.156737
0.185117
0.149998
0.115273
0.101715
0.218496
0.208542
0.191415
0.168164
0.133375
0.148723
0.154605
0.0973148
0.12039
0.126088
0.106137
0.181812
0.115294
0.218496
0.200091
0.170411
0.0947825
0.204375
0.171311
0.145896
0.218496
0.218496
0.218496
0.218496
0.218496
0.132699
0.0921923
0.211846
0.187882
0.205345
0.194501
0.140906
0.127961
0.144203
0.0387225
0.130183
0.186581
0.102162
0.211846
0.211846
0.196674
0.211846
0.126083
0.115351
0.193249
0.158901
0.158386
0.211846
0.208319
0.150745
0.211846
0.200399
0.0647801
0.183261
0.152187
0.100168
0.170843
0.128137
0.159167
0.174484
0.185468
0.130917
0.217352
0.217352
0.217352
0.151326
0.147952
0.112805
0.131985
0.06918
0.121567
0.163256
0.217352
0.217352
0.217352
0.179809
0.127408
0.172484
0.162386
0.0530092
0.120879
0.202252
0.206696
0.151083
0.0953703
0.155208
0.172852
0.0640362
0.0722616
0.0843475
0.217352
0.217352
0.217352
0.206177
0.135987
0.217352
0.142224
0.103934
0.109311
0.211893
0.220311
0.161842
0.134218
0.171141
0.141329
0.119443
0.0772804
0.0839606
0.122947
0.220311
0.200799
0.153724
0.206099
0.220311
0.129809
0.113087
0.0823105
0.220311
0.220311
0.209697
0.167395
0.102228
0.159853
0.154835
0.1318
0.0940013
0.175657
0.216699
0.220311
0.220311
0.220311
0.146
0.0896052
0.0883669
0.0705378
0.143318
0.224426
0.201807
0.166352
0.224426
0.224426
0.14558
0.135802
0.118886
0.142674
0.154483
0.224426
0.115777
0.162548
0.121557
0.0771464
0.179252
0.113833
0.199007
0.224426
0.224426
0.202837
0.224426
0.137715
0.148412
0.0712565
0.148627
0.224426
0.224426
0.215152
0.0559537
0.135387
0.127468
0.0918382
0.108449
0.122829
0.161067
0.212565
0.226011
0.119895
0.139933
0.125119
0.0788334
0.10316
0.148311
0.226011
0.226011
0.226011
0.107345
0.0942532
0.226011
0.110753
0.0755578
0.144852
0.226011
0.226011
0.18713
0.0814217
0.169918
0.211264
0.121794
0.109286
0.120213
0.160329
0.226011
0.226011
0.139246
0.185956
0.196908
0.140142
0.0836757
0.134746
0.181177
0.221159
0.221159
0.104589
0.0959339
0.216133
0.0890056
0.068321
0.0666825
0.0949071
0.0861286
0.120282
0.0843969
0.205725
0.193985
0.139704
0.0911494
0.106064
0.108139
0.221159
0.221159
0.166647
0.211124
0.207732
0.115988
0.040034
0.191323
0.221159
0.221159
0.221159
0.181982
0.221159
0.221159
0.221159
0.0700527
0.0690176
0.093532
0.0694891
0.150191
0.0779696
0.16311
0.160287
0.113963
0.093041
0.1418
0.15074
0.130178
0.22422
0.126278
0.179982
0.219329
0.177834
0.0546681
0.187438
0.219484
0.22422
0.22422
0.117099
0.137269
0.141067
0.154994
0.188182
0.22422
0.173515
0.158662
0.22422
0.22422
0.183242
0.22422
0.217633
0.122755
0.163016
0.163695
0.15528
0.225617
0.138032
0.163936
0.224215
0.185183
0.0571478
0.151002
0.151945
0.126797
0.174891
0.111256
0.168362
0.144687
0.140184
0.213096
0.225617
0.198647
0.196521
0.225617
0.174539
0.183499
0.225617
0.216183
0.127931
0.179649
0.122164
0.135452
0.147793
0.0918188
0.0796321
0.138448
0.155434
0.0458386
0.124477
0.214352
0.185293
0.174817
0.0990987
0.143175
0.142525
0.0832109
0.100658
0.10073
0.217506
0.217506
0.217506
0.203967
0.153682
0.217506
0.168762
0.0721984
0.140839
0.178318
0.13562
0.191594
0.198801
0.217506
0.121792
0.102892
0.148473
0.217506
0.193904
0.147791
0.217506
0.216331
0.217506
0.102337
0.0768656
0.113218
0.0915831
0.215512
0.197787
0.215512
0.1774
0.121479
0.14437
0.139929
0.111867
0.129559
0.142814
0.19624
0.215512
0.215512
0.215512
0.156359
0.0895351
0.127487
0.215512
0.164972
0.129889
0.183585
0.145798
0.215512
0.0932703
0.0880311
0.0668102
0.215512
0.0895874
0.177665
0.215512
0.213116
0.191322
0.188045
0.145456
0.141306
0.146844
0.156015
0.203921
0.212521
0.191757
0.212521
0.14594
0.131604
0.119314
0.16829
0.183595
0.212521
0.186434
0.0504183
0.128828
0.140074
0.101374
0.085107
0.212521
0.0959077
0.187983
0.212521
0.212521
0.18533
0.176592
0.169449
0.0892359
0.112714
0.175947
0.212521
0.212521
0.130402
0.107687
0.200754
0.170952
0.117996
0.1773
0.18467
0.220773
0.20437
0.0767319
0.14115
0.211141
0.145149
0.103729
0.114589
0.149538
0.220773
0.220773
0.166577
0.153509
0.14964
0.140873
0.102038
0.136455
0.135777
0.220773
0.220773
0.220773
0.159079
0.220773
0.187215
0.0884315
0.169546
0.165241
0.17378
0.220773
0.115652
0.122445
0.143301
0.082388
0.0828419
0.0967605
0.117346
0.216553
0.216553
0.18666
0.162921
0.182014
0.125092
0.0437101
0.151195
0.173156
0.211193
0.216553
0.165518
0.216553
0.211238
0.216553
0.0812541
0.164429
0.105665
0.128741
0.216553
0.142659
0.147756
0.173847
0.119374
0.095862
0.17834
0.0965477
0.195688
0.216553
0.098858
0.157026
0.216553
0.205506
0.0587823
0.155115
0.165866
0.204597
0.221063
0.109146
0.129974
0.138825
0.139958
0.16519
0.221063
0.186931
0.18269
0.221063
0.165726
0.166174
0.221063
0.206115
0.0949631
0.185247
0.0978631
0.176224
0.206549
0.0738751
0.143905
0.163967
0.175175
0.0905753
0.122374
0.132407
0.102519
0.217423
0.161347
0.182631
0.221063
0.172297
0.198266
0.226499
0.221381
0.212986
0.226499
0.1432
0.185877
0.226499
0.226499
0.127534
0.181227
0.122415
0.148929
0.186979
0.0902706
0.0851737
0.125076
0.143683
0.108071
0.161931
0.174264
0.130865
0.226499
0.174276
0.226499
0.226499
0.166579
0.149116
0.226499
0.159386
0.0451184
0.0973622
0.052584
0.100442
0.0973106
0.0540878
0.0645948
0.148317
0.187987
0.141758
0.180825
0.182018
0.215792
0.134058
0.118236
0.167422
0.215792
0.209226
0.148516
0.215792
0.205966
0.215792
0.109964
0.0875924
0.0891918
0.0673822
0.116525
0.215792
0.215792
0.199975
0.163394
0.125546
0.210674
0.144448
0.153498
0.177947
0.162957
0.215792
0.186791
0.113893
0.130232
0.135006
0.148991
0.21274
0.199897
0.141993
0.21274
0.183489
0.21274
0.102453
0.0998909
0.105963
0.21274
0.0887895
0.160228
0.21274
0.21274
0.189385
0.188577
0.206214
0.153231
0.163574
0.149405
0.129069
0.200643
0.17034
0.134655
0.0960128
0.09427
0.0846569
0.194336
0.138373
0.169142
0.21274
0.170607
0.1444
0.118906
0.190996
0.109871
0.21475
0.0957839
0.175944
0.21475
0.21475
0.205607
0.180459
0.207394
0.146661
0.15321
0.150772
0.211869
0.21475
0.119863
0.12617
0.21475
0.192018
0.093298
0.201461
0.136716
0.185301
0.21475
0.183063
0.169752
0.119531
0.163438
0.0812509
0.0989081
0.0991728
0.136327
0.21475
0.13603
0.0762949
0.0989915
0.206846
0.142697
0.157573
0.115763
0.192514
0.216309
0.183333
0.148953
0.216309
0.176451
0.113037
0.216309
0.17789
0.168055
0.216309
0.146508
0.115783
0.13772
0.0870198
0.118036
0.113064
0.0918039
0.153613
0.216309
0.153963
0.0959013
0.133479
0.208675
0.216203
0.216309
0.135406
0.216309
0.155768
0.153341
0.216309
0.19848
0.0613733
0.104143
0.183133
0.119848
0.115773
0.217459
0.161712
0.136905
0.175696
0.136003
0.102922
0.153942
0.0666088
0.187301
0.217459
0.115471
0.161861
0.183652
0.191228
0.217459
0.217459
0.112587
0.179724
0.161946
0.204649
0.217459
0.20194
0.0730868
0.0868961
0.205463
0.126513
0.141438
0.217459
0.155527
0.217459
0.187537
0.120797
0.115933
0.184584
0.0868209
0.195719
0.22456
0.110279
0.180506
0.18564
0.223646
0.0928054
0.129202
0.161321
0.147551
0.22456
0.180156
0.204469
0.22456
0.22456
0.0998153
0.176121
0.110236
0.129779
0.22456
0.22456
0.22456
0.212875
0.138336
0.0961126
0.0496748
0.0924494
0.0817069
0.122398
0.151753
0.152027
0.146036
0.182376
0.11718
0.179247
0.209677
0.190512
0.227336
0.212065
0.227336
0.227336
0.227336
0.148491
0.227336
0.193445
0.083046
0.148558
0.0788181
0.116763
0.111356
0.0678792
0.115253
0.0654166
0.0971385
0.118344
0.17337
0.201232
0.169755
0.186784
0.19228
0.175506
0.227336
0.203005
0.227336
0.201145
0.0698323
0.059873
0.0305205
0.0880369
0.0998167
0.113205
0.142268
0.211545
0.211545
0.194539
0.180883
0.143345
0.211545
0.143988
0.127763
0.205955
0.17861
0.211545
0.170715
0.0791366
0.150729
0.155418
0.154155
0.1365
0.191315
0.173771
0.211545
0.193492
0.201159
0.119262
0.173476
0.0866324
0.067176
0.144856
0.107398
0.211545
0.132744
0.211545
0.211545
0.143639
0.169652
0.148396
0.18015
0.165697
0.218533
0.182022
0.114748
0.115632
0.119386
0.120717
0.192267
0.144489
0.173133
0.218533
0.21058
0.154796
0.105164
0.218533
0.108587
0.0929457
0.14382
0.134847
0.218533
0.118067
0.197695
0.200037
0.130622
0.0686722
0.218533
0.218533
0.193609
0.218533
0.165231
0.100308
0.218533
0.0509086
0.109147
0.180924
0.147498
0.195489
0.216088
0.216088
0.186336
0.097043
0.179789
0.0917827
0.11123
0.136861
0.147259
0.216088
0.120457
0.0946996
0.104823
0.216088
0.0885788
0.216088
0.216088
0.18124
0.209132
0.132206
0.147753
0.183805
0.0993761
0.0899577
0.144507
0.140972
0.107683
0.213751
0.171647
0.216088
0.216088
0.216088
0.0970552
0.103572
0.137109
0.159705
0.205902
0.110819
0.101734
0.117613
0.177032
0.210174
0.220027
0.172112
0.220027
0.159136
0.169339
0.220027
0.150585
0.057848
0.0953554
0.12923
0.134211
0.125192
0.181123
0.11809
0.220027
0.206003
0.220027
0.135397
0.220027
0.220027
0.220027
0.220027
0.111909
0.118465
0.180903
0.0976872
0.188595
0.212246
0.138167
0.163657
0.130554
0.17064
0.212246
0.161992
0.0781356
0.0918953
0.201192
0.139365
0.119869
0.172694
0.114837
0.212246
0.16246
0.135897
0.120779
0.203926
0.212246
0.186526
0.212246
0.111904
0.179349
0.170271
0.0685582
0.065065
0.153643
0.212246
0.189052
0.212246
0.156259
0.212246
0.20763
0.0928685
0.0964688
0.177545
0.138352
0.122738
0.171859
0.187149
0.219943
0.218934
0.173045
0.077926
0.0578818
0.0890094
0.121134
0.11706
0.175281
0.150244
0.139925
0.191071
0.0852216
0.170058
0.219773
0.175523
0.219943
0.204141
0.219943
0.219943
0.107497
0.123499
0.136046
0.144365
0.203313
0.219943
0.131738
0.18734
0.142352
0.219943
0.0873372
0.0777594
0.0995598
0.161353
0.160579
0.21339
0.152596
0.159689
0.190203
0.143044
0.220902
0.161058
0.220902
0.189545
0.0790986
0.0683708
0.0475482
0.11152
0.133434
0.205836
0.175844
0.220902
0.220902
0.161648
0.176447
0.117825
0.171135
0.220902
0.193054
0.142484
0.220902
0.220902
0.220902
0.0872918
0.0650711
0.186554
0.147294
0.184726
0.199417
0.16859
0.217882
0.19079
0.175008
0.146142
0.173287
0.0829162
0.075462
0.157578
0.100979
0.217882
0.126498
0.19165
0.170335
0.136323
0.0817695
0.182002
0.192688
0.198623
0.217882
0.143222
0.122411
0.155749
0.217882
0.0369065
0.103794
0.217882
0.189276
0.217882
0.17417
0.13928
0.18106
0.134878
0.11247
0.097613
0.153237
0.126635
0.219383
0.107892
0.173983
0.17528
0.13231
0.0580576
0.204338
0.212995
0.219383
0.219383
0.17418
0.135412
0.172569
0.060073
0.0431391
0.0839714
0.214538
0.188424
0.219383
0.173627
0.131859
0.200164
0.181835
0.0152204
0.0759341
0.200495
0.219383
0.219383
0.149885
0.190973
0.219383
0.149899
0.0837489
0.221653
0.221653
0.221653
0.221653
0.15594
0.184266
0.188842
0.113318
0.0887301
0.13192
0.162601
0.127146
0.192455
0.164412
0.221653
0.221653
0.221653
0.0220771
0.0899343
0.185042
0.221653
0.221653
0.125902
0.203864
0.221653
0.216632
0.0426337
0.0875894
0.0827358
0.0949326
0.148495
0.132559
0.167514
0.100753
0.11234
0.0940769
0.119896
0.172602
0.150219
0.175214
0.112815
0.209336
0.201476
0.229872
0.207656
0.229872
0.229872
0.229872
0.229872
0.177854
0.0998752
0.163728
0.135112
0.0524534
0.0842585
0.0627432
0.0863712
0.131096
0.0837119
0.144836
0.111964
0.13755
0.229872
0.217938
0.229872
0.200106
0.229872
0.171209
0.102049
0.0976408
0.0968588
0.153512
0.211459
0.211459
0.178763
0.211459
0.129696
0.156731
0.152412
0.106362
0.101192
0.211459
0.211459
0.182949
0.211459
0.150868
0.211459
0.211459
0.120056
0.167243
0.153969
0.158584
0.139083
0.211459
0.122797
0.0847685
0.101609
0.121774
0.156901
0.196039
0.179825
0.192948
0.211459
0.159869
0.124767
0.0947887
0.119175
0.103122
0.213509
0.213509
0.162483
0.211625
0.172696
0.213509
0.213509
0.137353
0.0965171
0.156388
0.135281
0.213509
0.213509
0.179263
0.175723
0.150598
0.213509
0.167943
0.182555
0.135499
0.184509
0.213509
0.171184
0.139919
0.105664
0.147584
0.0983285
0.123987
0.15353
0.162401
0.160806
0.117304
0.208943
0.0937488
0.0649742
0.0860124
0.187153
0.137217
0.224783
0.224783
0.175367
0.153848
0.119172
0.143639
0.156489
0.151361
0.126232
0.183722
0.224783
0.149662
0.0863209
0.11485
0.191704
0.11279
0.150989
0.152566
0.147339
0.176356
0.146443
0.184971
0.110099
0.09739
0.167555
0.16941
0.0902627
0.182252
0.224783
0.224783
0.178636
0.224783
0.224783
0.0930647
0.218839
0.205529
0.223898
0.223898
0.134377
0.107806
0.193579
0.223898
0.0724795
0.154451
0.223898
0.181231
0.223898
0.195353
0.176868
0.110656
0.169502
0.0808317
0.119256
0.0989218
0.125252
0.19647
0.0956138
0.0924167
0.223898
0.0974241
0.153233
0.12662
0.113032
0.161643
0.223898
0.192751
0.129053
0.128096
0.223898
0.0852441
0.12559
0.202979
0.167377
0.217226
0.186189
0.150964
0.150699
0.217226
0.0416646
0.082974
0.154068
0.217226
0.217226
0.174242
0.217226
0.217226
0.182157
0.154965
0.135353
0.119842
0.198776
0.217226
0.179083
0.107297
0.131916
0.217226
0.0673057
0.0847343
0.151559
0.213864
0.143333
0.140168
0.125555
0.20993
0.128632
0.0548727
0.0962814
0.165595
0.231649
0.231649
0.165495
0.231649
0.231649
0.231649
0.0540379
0.0907902
0.0738062
0.0906614
0.133638
0.11602
0.154306
0.127474
0.119278
0.0915458
0.12316
0.164411
0.231649
0.231649
0.177365
0.158366
0.231649
0.182782
0.0959615
0.195039
0.0567083
0.0496089
0.145853
0.231649
0.231649
0.205518
0.169987
0.0577979
0.0741072
0.0562148
0.0681502
0.103242
0.0707333
0.116052
0.125935
0.137834
0.22621
0.22621
0.22621
0.171462
0.22621
0.206958
0.131235
0.123515
0.129638
0.0684103
0.177305
0.0683743
0.0574841
0.205011
0.211927
0.22621
0.179356
0.116446
0.0863841
0.22621
0.217145
0.22621
0.22621
0.22621
0.22621
0.22621
0.0599684
0.183241
0.195676
0.156933
0.121505
0.216935
0.14837
0.0835486
0.101332
0.141461
0.160843
0.216935
0.193206
0.181153
0.216935
0.164361
0.143444
0.119948
0.120814
0.0511019
0.20389
0.177345
0.216935
0.216935
0.137143
0.133296
0.164124
0.0515095
0.069656
0.19094
0.216935
0.216935
0.216935
0.136138
0.171944
0.213157
0.0612313
0.189733
0.216272
0.150528
0.19613
0.216272
0.194487
0.157833
0.137087
0.162942
0.103371
0.154445
0.155857
0.178557
0.195123
0.129119
0.191931
0.0912115
0.10736
0.0665358
0.202692
0.216272
0.216272
0.216272
0.183753
0.18773
0.184613
0.0875412
0.0970494
0.156955
0.173416
0.203398
0.192871
0.150854
0.0888634
0.106399
0.133615
0.120955
0.158728
0.137978
0.176646
0.214739
0.164487
0.17508
0.108682
0.122621
0.148252
0.190906
0.117062
0.204649
0.221719
0.221719
0.192787
0.221719
0.221719
0.0928607
0.153876
0.166739
0.19647
0.171248
0.175122
0.108242
0.0799106
0.123538
0.0764929
0.221719
0.153302
0.122625
0.221719
0.184978
0.0938251
0.109365
0.204209
0.0805163
0.124188
0.111655
0.1381
0.198888
0.111048
0.0981251
0.215829
0.143995
0.164259
0.166417
0.126336
0.16627
0.215829
0.215829
0.161816
0.105054
0.215829
0.0798314
0.167184
0.0661254
0.196869
0.195154
0.196949
0.155312
0.215829
0.141431
0.13033
0.215829
0.129756
0.215829
0.18173
0.174106
0.147071
0.197233
0.215829
0.164015
0.16096
0.138576
0.184043
0.210387
0.210387
0.127475
0.109953
0.210387
0.121887
0.137511
0.145874
0.187812
0.105281
0.166604
0.137
0.210387
0.157537
0.165639
0.202143
0.105009
0.208813
0.170235
0.141016
0.133481
0.203839
0.210387
0.185606
0.141188
0.111572
0.134467
0.207988
0.130887
0.194469
0.210387
0.114763
0.134901
0.140372
0.144552
0.199397
0.182917
0.189077
0.14656
0.220457
0.20087
0.0982649
0.162661
0.0403044
0.0451987
0.140543
0.220282
0.220457
0.220457
0.15176
0.17904
0.139508
0.113711
0.144697
0.220457
0.136944
0.160144
0.220457
0.165683
0.126607
0.220457
0.0778424
0.220457
0.220457
0.113924
0.103499
0.134526
0.171438
0.0723455
0.140267
0.0627478
0.0507555
0.195737
0.183087
0.207591
0.203666
0.127316
0.0919412
0.216954
0.216954
0.216954
0.216954
0.169288
0.216954
0.216954
0.126179
0.0781639
0.165735
0.0853078
0.194988
0.216954
0.141356
0.0611068
0.108496
0.164878
0.191268
0.125118
0.172751
0.199081
0.216954
0.118061
0.12136
0.208315
0.176222
0.0683726
0.218473
0.226106
0.226106
0.226106
0.155504
0.128618
0.184169
0.106906
0.0669286
0.226106
0.226106
0.226106
0.226106
0.163839
0.206825
0.226106
0.0601229
0.12911
0.0864295
0.133012
0.156807
0.19519
0.133956
0.111346
0.206531
0.16357
0.116197
0.0922162
0.136013
0.174024
0.226106
0.100923
0.0907829
0.156901
0.0747545
0.0782567
0.229433
0.229433
0.229433
0.229433
0.229433
0.225189
0.229433
0.0899811
0.115073
0.178235
0.1701
0.216218
0.207164
0.160594
0.0854265
0.132763
0.186719
0.126348
0.123458
0.110085
0.192622
0.229433
0.118567
0.131483
0.19539
0.0980479
0.0813859
0.112429
0.126547
0.184697
0.144378
0.116161
0.104354
0.13034
0.161959
0.127116
0.190052
0.163038
0.215481
0.215328
0.203708
0.115146
0.0944516
0.175136
0.0864686
0.215481
0.179055
0.173898
0.215481
0.199008
0.0909968
0.112258
0.215481
0.0977829
0.150295
0.125064
0.188496
0.154376
0.120047
0.155088
0.134994
0.159517
0.0521541
0.215481
0.197194
0.215481
0.215481
0.115335
0.173545
0.143181
0.174139
0.0588622
0.1245
0.073241
0.188431
0.213829
0.178117
0.148127
0.221246
0.121053
0.0774728
0.151982
0.128702
0.181499
0.175935
0.188567
0.140189
0.177146
0.148335
0.2401
0.2401
0.21204
0.181966
0.2401
0.0963672
0.148111
0.154336
0.0816403
0.0543352
0.192159
0.136041
0.0930589
0.132037
0.0966114
0.2401
0.2401
0.192829
0.125977
0.161072
0.123099
0.17962
0.201189
0.185846
0.1561
0.237754
0.192347
0.155221
0.151433
0.167706
0.153559
0.174812
0.135817
0.184668
0.220568
0.104721
0.0560463
0.140436
0.0864299
0.0914918
0.173434
0.104166
0.242149
0.242149
0.242149
0.0927472
0.123861
0.107875
0.129316
0.21186
0.118633
0.228951
0.208438
0.117203
0.148352
0.137113
0.154845
0.148513
0.233695
0.137939
0.142881
0.213557
0.130656
0.114293
0.193695
0.102448
0.234007
0.234007
0.119275
0.10178
0.132087
0.134363
0.0998408
0.137632
0.102623
0.129181
0.234007
0.142833
0.171608
0.176885
0.112107
0.120938
0.234007
0.174369
0.234007
0.234007
0.234007
0.138332
0.160358
0.110589
0.0674254
0.118987
0.092843
0.159404
0.224606
0.138722
0.051673
0.0975302
0.124965
0.178108
0.0995118
0.173621
0.175547
0.199764
0.0953587
0.107395
0.14892
0.197175
0.0978814
0.14466
0.166335
0.204015
0.224606
0.224606
0.129611
0.186612
0.123234
0.146675
0.224606
0.224606
0.201981
0.224606
0.1678
0.184651
0.224606
0.178176
0.143897
0.0813128
0.167065
0.176636
0.215639
0.142311
0.129195
0.203532
0.205556
0.100153
0.129147
0.175729
0.189095
0.218467
0.106327
0.116079
0.167254
0.0760858
0.119572
0.168912
0.218467
0.180937
0.218467
0.1787
0.218467
0.218467
0.189727
0.150109
0.206802
0.160099
0.133526
0.218467
0.163746
0.100903
0.0889706
0.105
0.107283
0.163974
0.144461
0.214736
0.214736
0.135239
0.1812
0.214736
0.0930268
0.0978217
0.156612
0.115611
0.181947
0.134824
0.118659
0.116515
0.169291
0.199442
0.130466
0.190304
0.166468
0.14219
0.214736
0.176014
0.164051
0.172613
0.214736
0.182775
0.214736
0.136843
0.163984
0.195544
0.0635609
0.0946222
0.214736
0.210304
0.104835
0.176883
0.114253
0.173707
0.131099
0.118383
0.152032
0.155475
0.168697
0.0724888
0.202853
0.205296
0.217896
0.217896
0.131088
0.158255
0.115614
0.151213
0.157912
0.217896
0.150742
0.151946
0.216315
0.0688695
0.124547
0.217896
0.217896
0.120899
0.145434
0.217896
0.174919
0.217896
0.169352
0.114109
0.200619
0.148591
