0.115976
0.21907
0.158401
0.217506
0.21907
0.150123
0.205639
0.153586
0.176701
0.0597504
0.0963413
0.138557
0.150405
0.21907
0.136831
0.192235
0.184845
0.14831
0.0945758
0.130994
0.110033
0.172485
0.21907
0.15796
0.142435
0.21907
0.21907
0.0518788
0.111563
0.137094
0.202013
0.21907
0.11129
0.21907
0.186565
0.0945119
0.076444
0.0864597
0.158379
0.178493
0.215725
0.124062
0.169602
0.164834
0.142001
0.150181
0.215725
0.159625
0.215725
0.215725
0.114395
0.128952
0.13797
0.155766
0.113136
0.156435
0.184169
0.202332
0.215725
0.0956286
0.215725
0.160079
0.0646393
0.170924
0.215725
0.215725
0.205018
0.215725
0.114502
0.150183
0.111637
0.167068
0.120269
0.213281
0.164814
0.188882
0.213281
0.0970891
0.109185
0.123709
0.122879
0.17853
0.213281
0.116695
0.114547
0.195242
0.195299
0.160032
0.163262
0.213281
0.193305
0.208126
0.207546
0.171951
0.213281
0.097932
0.108648
0.0848688
0.143993
0.145425
0.213281
0.150197
0.213281
0.213281
0.155763
0.0795389
0.0927904
0.185292
0.157801
0.214292
0.14439
0.0943262
0.160617
0.191543
0.152954
0.169351
0.189709
0.174943
0.14881
0.0457195
0.19954
0.214292
0.19883
0.183727
0.214292
0.119384
0.129485
0.184022
0.0963244
0.1754
0.197918
0.18724
0.103234
0.130858
0.191124
0.187859
0.0774533
0.0553354
0.108916
0.214292
0.214292
0.182027
0.214292
0.136069
0.158789
0.128008
0.0968358
0.167788
0.216798
0.216798
0.17615
0.216798
0.105312
0.114088
0.151646
0.0861309
0.209199
0.216798
0.123133
0.197277
0.204302
0.145526
0.20534
0.0905054
0.0737533
0.0800852
0.216798
0.216798
0.207392
0.216798
0.144742
0.0725039
0.123869
0.161095
0.130119
0.206878
0.216798
0.216798
0.113564
0.0787274
0.106758
0.116818
0.128766
0.173982
0.215526
0.124035
0.174938
0.199891
0.129847
0.163589
0.13974
0.102699
0.215526
0.215526
0.215526
0.214244
0.161234
0.117813
0.0588063
0.111317
0.211044
0.131378
0.192129
0.186441
0.187835
0.106216
0.0955338
0.0933599
0.178767
0.215526
0.196876
0.109407
0.121086
0.215526
0.215526
0.215526
0.133699
0.135063
0.116137
0.215164
0.211555
0.193621
0.208699
0.164854
0.126694
0.094736
0.16142
0.134977
0.208659
0.215164
0.113288
0.0542832
0.177991
0.135905
0.0785696
0.141772
0.215164
0.149521
0.124969
0.122233
0.19391
0.208929
0.215164
0.115001
0.215164
0.149109
0.215164
0.215164
0.160077
0.111203
0.126795
0.211211
0.0817435
0.128457
0.115121
0.162176
0.175127
0.152212
0.129234
0.213779
0.213779
0.0669724
0.146557
0.128333
0.165674
0.213779
0.100247
0.213779
0.188154
0.108499
0.149997
0.164193
0.185169
0.145509
0.213779
0.213779
0.174184
0.213779
0.213779
0.166868
0.170286
0.213779
0.213779
0.178013
0.156045
0.127768
0.0945911
0.0958666
0.117153
0.199906
0.174425
0.184571
0.206533
0.0918065
0.206533
0.175131
0.091101
0.146433
0.206533
0.206533
0.151264
0.206533
0.123824
0.157841
0.145757
0.116274
0.159053
0.146883
0.206533
0.175966
0.186348
0.159876
0.160239
0.139804
0.125696
0.158045
0.164589
0.206533
0.206533
0.17252
0.158994
0.122215
0.127694
0.190648
0.168847
0.211295
0.211295
0.142728
0.211295
0.119231
0.119927
0.105562
0.113483
0.186856
0.211295
0.110173
0.204355
0.211295
0.211295
0.102162
0.114975
0.176752
0.14214
0.137058
0.196048
0.186308
0.206051
0.179869
0.134479
0.139472
0.170582
0.0604072
0.107964
0.199766
0.211295
0.211295
0.181672
0.0686327
0.149611
0.169508
0.175725
0.211083
0.0966541
0.199066
0.216277
0.216277
0.117389
0.130855
0.203571
0.166188
0.0757208
0.0706362
0.147034
0.19731
0.216277
0.1608
0.216277
0.153928
0.0475775
0.116562
0.184251
0.216277
0.216277
0.177995
0.0808375
0.180152
0.136655
0.163338
0.0641552
0.150631
0.199825
0.206182
0.159999
0.109713
0.203372
0.14173
0.17858
0.0872975
0.103496
0.144817
0.195708
0.212504
0.167998
0.212504
0.146662
0.064365
0.117614
0.212504
0.173082
0.212504
0.212504
0.195671
0.115889
0.102087
0.149786
0.0734059
0.146971
0.212504
0.199349
0.124813
0.120747
0.208805
0.138538
0.0453115
0.185097
0.212504
0.153801
0.212504
0.212504
0.210646
0.118009
0.154582
0.0610706
0.113516
0.213436
0.163507
0.211271
0.213436
0.150192
0.0993387
0.100326
0.105665
0.154155
0.170554
0.198061
0.127216
0.140246
0.213436
0.213436
0.213436
0.0339716
0.140413
0.17822
0.130792
0.213436
0.16552
0.177356
0.128528
0.167753
0.0550977
0.117766
0.213436
0.162743
0.213436
0.154098
0.213436
0.213436
0.185706
0.0972524
0.148267
0.163302
0.153275
0.153663
0.131434
0.174399
0.215768
0.215768
0.0978998
0.215768
0.142746
0.215768
0.215768
0.184945
0.103195
0.143105
0.207515
0.0560813
0.126217
0.204099
0.137821
0.215768
0.155624
0.215768
0.215768
0.14541
0.0933654
0.121406
0.112491
0.166738
0.215768
0.176159
0.118603
0.192919
0.135713
0.130464
0.162738
0.197171
0.147635
0.205852
0.212348
0.170389
0.212348
0.208956
0.150209
0.158644
0.212348
0.201802
0.191807
0.17694
0.0997956
0.0917254
0.0908402
0.137384
0.179576
0.154746
0.177681
0.212348
0.152385
0.0834466
0.165087
0.192342
0.136907
0.131599
0.212348
0.212348
0.201648
0.0971835
0.0950377
0.0795548
0.156279
0.152212
0.150425
0.20817
0.170346
0.200951
0.190426
0.1414
0.138853
0.127821
0.132408
0.145646
0.187894
0.20817
0.187226
0.171953
0.126552
0.143093
0.154248
0.134762
0.155248
0.20817
0.20817
0.20817
0.137928
0.120265
0.106219
0.160657
0.119872
0.205218
0.121523
0.199546
0.20817
0.171004
0.20817
0.093644
0.169437
0.124522
0.127755
0.187202
0.195553
0.208343
0.207264
0.148763
0.149901
0.148292
0.0901929
0.120772
0.137451
0.208343
0.208343
0.208343
0.118275
0.196359
0.147466
0.113911
0.16278
0.128718
0.146274
0.208343
0.202049
0.208343
0.122254
0.182742
0.127639
0.208343
0.183004
0.147838
0.190801
0.149247
0.206656
0.109826
0.117884
0.0693858
0.119338
0.146028
0.224811
0.224811
0.198008
0.110509
0.176051
0.109691
0.156413
0.0827417
0.121943
0.216112
0.224811
0.221212
0.0934059
0.163525
0.153453
0.130433
0.15387
0.149417
0.105812
0.204638
0.121107
0.185158
0.161953
0.180284
0.193689
0.194683
0.119167
0.164205
0.224811
0.224811
0.145737
0.131973
0.180649
0.106257
0.0683635
0.128005
0.217774
0.217774
0.144818
0.0870608
0.152014
0.128456
0.0591612
0.15894
0.21412
0.168681
0.214399
0.217774
0.113294
0.0998382
0.140167
0.1402
0.125586
0.0933384
0.149778
0.217774
0.199956
0.167592
0.178102
0.217774
0.161362
0.143545
0.173223
0.217774
0.217774
0.217774
0.154017
0.151105
0.197581
0.0532451
0.133219
0.177065
0.143157
0.210173
0.197489
0.117025
0.131507
0.158083
0.0630635
0.0768006
0.131113
0.13458
0.210173
0.155927
0.200006
0.210173
0.162668
0.160245
0.134492
0.149937
0.210173
0.210173
0.210173
0.174747
0.198873
0.210173
0.113795
0.202071
0.210173
0.176357
0.210173
0.0719142
0.140017
0.19927
0.115661
0.0909348
0.123361
0.142817
0.137657
0.21274
0.191796
0.21274
0.21274
0.171951
0.081034
0.117976
0.112981
0.21274
0.21274
0.171128
0.121068
0.208915
0.128499
0.144515
0.207363
0.21274
0.204291
0.21274
0.110356
0.179881
0.21274
0.184008
0.0227168
0.128821
0.156081
0.0885342
0.125795
0.0768681
0.207071
0.21274
0.167941
0.124078
0.190166
0.213645
0.195577
0.213645
0.113294
0.103291
0.168558
0.189575
0.123947
0.141342
0.213645
0.21204
0.213645
0.112819
0.0748466
0.0949799
0.151022
0.129272
0.201856
0.213645
0.188283
0.213645
0.213645
0.213645
0.139138
0.0975222
0.0866978
0.129738
0.159036
0.196643
0.213645
0.1236
0.127517
0.12243
0.156412
0.116449
0.162158
0.219693
0.219693
0.219693
0.152356
0.0918525
0.121371
0.170588
0.101488
0.177178
0.107309
0.209607
0.21788
0.137715
0.175152
0.0934378
0.155781
0.0612631
0.109777
0.196352
0.219693
0.219693
0.188896
0.152023
0.168773
0.19772
0.0464014
0.219693
0.15415
0.219693
0.219693
0.101603
0.165188
0.136271
0.0920115
0.0969377
0.157753
0.129448
0.17402
0.217984
0.188878
0.196593
0.123116
0.198175
0.146372
0.217984
0.200649
0.194732
0.186562
0.190619
0.212348
0.132442
0.105896
0.0426184
0.193264
0.170138
0.217984
0.217984
0.133753
0.17089
0.165798
0.116828
0.0932391
0.194612
0.185344
0.217984
0.217984
0.100069
0.0633354
0.0696224
0.0639511
0.130798
0.163376
0.173101
0.131774
0.20899
0.154217
0.19656
0.175653
0.167087
0.226889
0.202418
0.107448
0.173458
0.2419
0.2419
0.140555
0.138415
0.187405
0.0809207
0.151902
0.159511
0.217847
0.2419
0.106292
0.0484067
0.0776663
0.109639
0.0570928
0.187386
0.180057
0.154144
0.2419
0.139406
0.11088
0.148862
0.13843
0.144217
0.123426
0.0890695
0.143716
0.227811
0.227811
0.154887
0.20029
0.216627
0.174334
0.144329
0.137372
0.227811
0.227811
0.206297
0.104458
0.145128
0.184464
0.0634051
0.163218
0.130404
0.108996
0.198256
0.117898
0.113789
0.168961
0.18561
0.0741548
0.126567
0.132214
0.182508
0.175676
0.153925
0.227811
0.227811
0.136916
0.18597
0.14171
0.137066
0.216068
0.216068
0.216068
0.137115
0.216068
0.216068
0.132262
0.171279
0.211969
0.182538
0.216068
0.128618
0.116093
0.173759
0.140256
0.0896462
0.143954
0.139075
0.159502
0.170625
0.175688
0.214287
0.216068
0.186285
0.0948122
0.120431
0.143153
0.151935
0.184066
0.110693
0.146415
0.110679
0.122269
0.177774
0.188588
0.188229
0.207571
0.21587
0.18993
0.174251
0.21587
0.21587
0.0247746
0.13833
0.151566
0.117565
0.157584
0.08178
0.213635
0.19403
0.170322
0.108858
0.154918
0.174073
0.16408
0.21587
0.157106
0.127456
0.115699
0.193647
0.0412278
0.135977
0.0706171
0.125558
0.21587
0.166672
0.21587
0.12807
0.194705
0.113574
0.184343
0.218753
0.218753
0.218753
0.168267
0.217778
0.173499
0.120146
0.101896
0.162458
0.17202
0.193349
0.198094
0.119221
0.112796
0.131345
0.155671
0.120123
0.13139
0.0975154
0.218753
0.218753
0.159266
0.118889
0.218753
0.196227
0.194269
0.164616
0.158563
0.218753
0.218753
0.0934214
0.0830365
0.10477
0.0530824
0.0822342
0.168025
0.216405
0.216405
0.216405
0.185019
0.129431
0.185524
0.215322
0.0484928
0.216405
0.145465
0.216405
0.216405
0.0835712
0.18094
0.152062
0.098008
0.216405
0.191067
0.205373
0.216405
0.216405
0.112519
0.0825997
0.0993704
0.101255
0.12529
0.136433
0.106364
0.216405
0.171959
0.158769
0.15984
0.138306
0.0747555
0.0509068
0.189889
0.171163
0.23184
0.23184
0.122207
0.169569
0.185876
0.139442
0.136723
0.23184
0.225008
0.23184
0.23184
0.141513
0.0744129
0.0852327
0.071807
0.108059
0.135648
0.143146
0.222635
0.198956
0.172992
0.157909
0.156514
0.123544
0.157117
0.192177
0.104958
0.23184
0.23184
0.086962
0.126519
0.107042
0.0938981
0.104287
0.200559
0.191398
0.225036
0.225036
0.147323
0.0552307
0.1045
0.120817
0.0728471
0.204411
0.204802
0.168978
0.225036
0.166834
0.0977336
0.17236
0.155301
0.1272
0.162248
0.103292
0.17351
0.225036
0.0811136
0.105309
0.140704
0.172176
0.175402
0.182464
0.160119
0.217765
0.225036
0.0697449
0.153724
0.21511
0.194195
0.0715877
0.169694
0.143533
0.11805
0.213589
0.137869
0.109517
0.210811
0.20421
0.0980445
0.169759
0.136759
0.150746
0.213589
0.139439
0.213589
0.213589
0.147885
0.152227
0.116494
0.102581
0.126111
0.213589
0.0736086
0.153428
0.213589
0.213589
0.121505
0.208873
0.114043
0.176422
0.201849
0.109817
0.213589
0.213589
0.187589
0.111848
0.179421
0.14229
0.144345
0.198013
0.17987
0.220409
0.220409
0.220409
0.108587
0.120584
0.151139
0.170165
0.220409
0.170811
0.164186
0.0959542
0.151411
0.118522
0.168968
0.0953228
0.140004
0.153117
0.134969
0.220409
0.220409
0.220409
0.158465
0.220409
0.0956327
0.0963048
0.150337
0.145068
0.220409
0.118808
0.157475
0.106999
0.14594
0.177668
0.171243
0.216641
0.216641
0.148347
0.104361
0.216641
0.0488479
0.114644
0.0833516
0.157348
0.216641
0.170627
0.215423
0.117216
0.196254
0.127144
0.188316
0.0873454
0.0890906
0.16983
0.17816
0.216641
0.18856
0.216641
0.0935006
0.207401
0.181067
0.204691
0.206311
0.121014
0.186401
0.116143
0.147088
0.119091
0.139588
0.11721
0.221183
0.221183
0.145425
0.126562
0.221183
0.211605
0.161289
0.192137
0.208607
0.221183
0.221183
0.108969
0.0824209
0.085584
0.0587371
0.171437
0.221183
0.099328
0.153086
0.189682
0.221183
0.204992
0.212259
0.0986646
0.101141
0.221183
0.180205
0.174051
0.143715
0.134593
0.0704421
0.167275
0.0565458
0.215065
0.217515
0.217515
0.217515
0.217515
0.13067
0.0758053
0.0931959
0.102193
0.118647
0.128902
0.138289
0.217515
0.200546
0.155095
0.21578
0.155893
0.0924935
0.124652
0.217515
0.198092
0.168549
0.168163
0.161853
0.123046
0.19809
0.0828023
0.198844
0.169894
0.190882
0.193815
0.217515
0.0963453
0.132598
0.110333
0.0822237
0.11782
0.134157
0.142714
0.22381
0.214578
0.150347
0.180602
0.173
0.120416
0.192324
0.22381
0.0930693
0.22381
0.22381
0.106202
0.14309
0.11203
0.0878797
0.156011
0.137283
0.134414
0.144343
0.179325
0.122819
0.217651
0.141296
0.1003
0.217798
0.22381
0.121839
0.180628
0.22381
0.0426992
0.22381
0.176538
0.138285
0.144072
0.185247
0.0824515
0.188363
0.220173
0.0940837
0.102922
0.137731
0.153506
0.165267
0.220173
0.172756
0.192195
0.220173
0.075294
0.119504
0.186491
0.191313
0.141163
0.160234
0.0886215
0.109841
0.159409
0.08106
0.201057
0.192138
0.220156
0.156656
0.220173
0.212047
0.220173
0.220173
0.20478
0.10216
0.0872403
0.107635
0.1323
0.13225
0.107861
0.113281
0.215766
0.0762991
0.124993
0.217018
0.217018
0.125264
0.217018
0.127326
0.136018
0.194674
0.121426
0.217018
0.217018
0.159098
0.0983435
0.174744
0.145888
0.163605
0.217018
0.217018
0.0968956
0.134673
0.177936
0.0446132
0.111126
0.178268
0.217018
0.217018
0.217018
0.217018
0.164274
0.0746169
0.116827
0.185664
0.104747
0.107621
0.145844
0.132938
0.220498
0.220498
0.220498
0.140755
0.189081
0.102925
0.097543
0.14855
0.100345
0.218302
0.133361
0.194829
0.0447596
0.0920607
0.197429
0.220498
0.220498
0.208688
0.220498
0.220498
0.145446
0.125965
0.11992
0.143706
0.179491
0.146023
0.129741
0.156284
0.174252
0.220498
0.115527
0.155166
0.10211
0.0992502
0.159094
0.12581
0.2206
0.172885
0.2206
0.0833595
0.195433
0.168087
0.190914
0.162011
0.0944431
0.150526
0.11287
0.187891
0.161712
0.153327
0.176967
0.2206
0.161277
0.124857
0.131978
0.2206
0.2206
0.0874574
0.2206
0.149493
0.2206
0.208715
0.161724
0.137828
0.143047
0.189053
0.148107
0.21561
0.0961287
0.135502
0.207441
0.188062
0.166554
0.17699
0.100927
0.0737624
0.21561
0.181229
0.1241
0.167263
0.146356
0.103184
0.134911
0.0564031
0.150969
0.201198
0.13906
0.21561
0.212125
0.169799
0.153644
0.21561
0.100291
0.136961
0.176886
0.191162
0.21561
0.21561
0.21561
0.197335
0.159063
0.0367577
0.0879068
0.213862
0.158457
0.122822
0.160446
0.152641
0.142247
0.165695
0.0720138
0.141239
0.178426
0.190462
0.17729
0.191865
0.0875947
0.108878
0.0869456
0.0618362
0.103325
0.176942
0.219704
0.219704
0.190514
0.219704
0.219704
0.190361
0.0281544
0.193938
0.193231
0.178099
0.199278
0.219704
0.219704
0.164557
0.14112
0.137492
0.13435
0.151051
0.139185
0.16907
0.160216
0.117357
0.193008
0.150074
0.0845882
0.210335
0.210335
0.098866
0.186078
0.210335
0.050143
0.186481
0.164901
0.129952
0.161152
0.17767
0.210335
0.210335
0.210335
0.175332
0.210335
0.169294
0.158673
0.094698
0.188799
0.1569
0.178391
0.210335
0.121432
0.1208
0.162756
0.1616
0.150699
0.16705
0.0777927
0.134782
0.169585
0.0810573
0.16019
0.185634
0.209527
0.156228
0.216258
0.201773
0.216258
0.216258
0.216258
0.130875
0.111064
0.134827
0.0815685
0.166458
0.126841
0.176548
0.168922
0.0777759
0.10934
0.150069
0.160552
0.108209
0.166507
0.0856032
0.187542
0.216258
0.201307
0.216258
0.216258
0.216258
0.110187
0.213777
0.158387
0.181953
0.213777
0.213777
0.116586
0.149141
0.189688
0.0570871
0.154014
0.184118
0.213777
0.213777
0.209256
0.213777
0.192937
0.0848795
0.100483
0.181733
0.101151
0.18417
0.213777
0.15174
0.170032
0.196153
0.163412
0.0608814
0.129398
0.140604
0.194974
0.21294
0.0969159
0.153642
0.141637
0.088431
0.0652302
0.152453
0.202592
0.219346
0.219346
0.186294
0.219346
0.219346
0.162936
0.117427
0.109498
0.142054
0.169872
0.199893
0.116784
0.161919
0.195936
0.219346
0.0668611
0.165944
0.184436
0.219346
0.203162
0.0899407
0.130029
0.140264
0.0811774
0.0873965
0.128184
0.171894
0.219346
0.219346
0.168313
0.159482
0.126404
0.101811
0.13866
0.137508
0.159027
0.200318
0.188917
0.106139
0.108987
0.203219
0.219545
0.0927649
0.219545
0.129642
0.219545
0.197717
0.138546
0.10535
0.128392
0.219545
0.0796686
0.138401
0.184804
0.219545
0.219545
0.188685
0.155678
0.137706
0.0924569
0.122451
0.126829
0.131648
0.124238
0.188487
0.194355
0.133243
0.219545
0.213843
0.144566
0.207445
0.137438
0.196152
0.215231
0.156002
0.141387
0.217553
0.10262
0.101515
0.156447
0.173889
0.19965
0.191482
0.217553
0.21037
0.132245
0.0487958
0.0566423
0.102432
0.161714
0.142118
0.189291
0.0945206
0.197565
0.217553
0.217553
0.061
0.217553
0.185597
0.217553
0.217553
0.122735
0.150942
0.0975184
0.105712
0.0775024
0.153452
0.215557
0.215557
0.141985
0.215557
0.215557
0.170857
0.0437396
0.146945
0.190617
0.174935
0.168991
0.208754
0.175189
0.111551
0.125921
0.0906266
0.0750997
0.215557
0.215557
0.215557
0.215557
0.142084
0.133786
0.105311
0.0982236
0.131207
0.209093
0.107849
0.16413
0.215557
0.16005
0.0878289
0.17135
0.215557
0.154672
0.200827
0.209295
0.207649
0.203479
0.167687
0.175355
0.185597
0.136309
0.0814663
0.18225
0.153666
0.149409
0.209295
0.114261
0.0910074
0.166566
0.149368
0.190002
0.209295
0.165372
0.203421
0.209295
0.163844
0.0924411
0.197411
0.209295
0.0500407
0.184794
0.208334
0.181499
0.175622
0.137935
0.0858801
0.0984412
0.0632614
0.0901042
0.192534
0.145029
0.177021
0.21089
0.10172
0.121197
0.195183
0.183113
0.130525
0.197378
0.092908
0.222066
0.222066
0.222066
0.222066
0.222066
0.222066
0.0534946
0.174533
0.181521
0.207824
0.194436
0.107164
0.0897958
0.101329
0.0651784
0.185944
0.154352
0.0523132
0.191084
0.222066
0.0731716
0.0486203
0.124987
0.221725
0.13787
0.214251
0.124896
0.214251
0.214251
0.205336
0.214251
0.214251
0.214251
0.0686545
0.171731
0.164699
0.214251
0.214251
0.128055
0.206097
0.19349
0.123112
0.181894
0.134408
0.0436618
0.187261
0.20924
0.0668923
0.0511156
0.120497
0.214251
0.0813099
0.0629578
0.109746
0.135516
0.143523
0.163668
0.142552
0.170854
0.214251
0.0927559
0.227352
0.218308
0.227352
0.227352
0.1029
0.154785
0.167507
0.11347
0.111245
0.160599
0.201508
0.227352
0.227352
0.194731
0.163816
0.151949
0.107545
0.117057
0.0870152
0.138071
0.141711
0.177908
0.112599
0.121689
0.180085
0.227352
0.0968009
0.126732
0.175374
0.169581
0.227352
0.143618
0.155975
0.152625
0.151884
0.105067
0.177504
0.200385
0.216102
0.216102
0.192367
0.14536
0.140599
0.0933921
0.133517
0.139383
0.139935
0.131935
0.216102
0.21183
0.168279
0.216102
0.216102
0.11111
0.14602
0.185288
0.148331
0.216102
0.115379
0.140761
0.114353
0.126092
0.111288
0.149447
0.138031
0.148325
0.20792
0.195773
0.176838
0.201074
0.148008
0.051491
0.100968
0.17202
0.118166
0.148424
0.127878
0.197501
0.218421
0.218421
0.049775
0.200103
0.190546
0.218421
0.218421
0.132534
0.143723
0.0989307
0.122002
0.0529474
0.123787
0.150559
0.128873
0.149751
0.210235
0.218421
0.156618
0.141641
0.128936
0.218421
0.218421
0.218421
0.218421
0.154345
0.132857
0.172048
0.196989
0.0750281
0.223851
0.223851
0.223851
0.223851
0.17008
0.149099
0.130499
0.123524
0.126148
0.200745
0.127033
0.179624
0.197832
0.138608
0.062078
0.172472
0.186976
0.12278
0.223851
0.223851
0.223851
0.223851
0.16919
0.123802
0.162839
0.192159
0.0689484
0.223851
0.160555
0.126709
0.176898
0.097807
0.087492
0.0752317
0.0720262
0.213967
0.213967
0.208527
0.213967
0.213967
0.179944
0.0739232
0.213967
0.213967
0.0691811
0.196646
0.200357
0.190915
0.187258
0.146502
0.0920795
0.10726
0.0790227
0.0797765
0.187082
0.179549
0.144594
0.213967
0.146898
0.153474
0.125992
0.13278
0.088874
0.209712
0.181612
0.168906
0.213967
0.13811
0.107556
0.104812
0.146458
0.075852
0.208815
0.195625
0.212654
0.211081
0.132339
0.105058
0.123441
0.10563
0.224321
0.202618
0.0647432
0.207823
0.224321
0.0857845
0.0306976
0.123863
0.224321
0.0799124
0.183472
0.172248
0.161576
0.224321
0.168683
0.147458
0.143749
0.209993
0.224321
0.16067
0.0533798
0.224321
0.224321
0.0334978
0.0599924
0.0940365
0.224321
0.224202
0.185182
0.0608555
0.202212
0.230176
0.0830355
0.0455014
0.128156
0.230176
0.086399
0.082982
0.106304
0.158383
0.145319
0.212662
0.19845
0.227742
0.230176
0.230176
0.16118
0.0535727
0.229704
0.230176
0.0345825
0.075127
0.124059
0.230176
0.119922
0.113295
0.0871321
0.0967763
0.14594
0.11688
0.174084
0.230176
0.230176
0.136664
0.114416
0.136936
0.142478
0.184596
0.140303
0.154854
0.225223
0.236517
0.118693
0.147486
0.227276
0.140988
0.236517
0.16757
0.176349
0.195847
0.174001
0.186638
0.126764
0.0972301
0.0971893
0.149317
0.0968566
0.139222
0.236517
0.236517
0.101185
0.11791
0.0862007
0.170169
0.236517
0.139316
0.236517
0.140877
0.0961447
0.144462
0.195418
0.21322
0.126072
0.21322
0.117864
0.144056
0.136565
0.157669
0.121537
0.21322
0.183946
0.189141
0.21322
0.21322
0.21322
0.21322
0.161806
0.125973
0.119312
0.109272
0.186019
0.21322
0.116196
0.16433
0.0957184
0.0708759
0.0966811
0.21322
0.108861
0.1096
0.201823
0.210703
0.20747
0.15178
0.10681
0.0469932
0.122679
0.156932
0.125841
0.148071
0.213433
0.2105
0.160798
0.133945
0.129496
0.205362
0.214317
0.232052
0.232052
0.162291
0.117652
0.151777
0.229335
0.0573187
0.143457
0.169694
0.160572
0.0874434
0.232052
0.232052
0.232052
0.102739
0.103912
0.166551
0.145899
0.162778
0.125376
0.144785
0.186694
0.156096
0.133774
0.113597
0.172223
0.222626
0.222626
0.222626
0.175154
0.120764
0.138075
0.192418
0.0734862
0.184082
0.138319
0.119726
0.188367
0.114176
0.0806656
0.0760861
0.0571844
0.113679
0.178766
0.147736
0.115398
0.107426
0.181689
0.222626
0.180921
0.160864
0.151631
0.222626
0.222626
0.0981479
0.112301
0.222626
0.222626
0.211574
0.222626
0.0787944
0.166353
0.141301
0.112781
0.214005
0.151888
0.133144
0.111642
0.0922082
0.090024
0.162669
0.11779
0.146434
0.197475
0.126099
0.0818249
0.0904298
0.122316
0.222667
0.228139
0.216356
0.147611
0.180454
0.228139
0.228139
0.215264
0.211857
0.10828
0.228139
0.228139
0.198596
0.228139
0.0822527
0.109083
0.138553
0.167276
0.0963721
0.176042
0.14392
0.171234
0.231737
0.162831
0.127923
0.135397
0.196342
0.204223
0.142982
0.0466545
0.235781
0.235781
0.0360228
0.0446887
0.0752198
0.230791
0.141841
0.235781
0.235781
0.235781
0.235781
0.0993438
0.0998356
0.126413
0.180963
0.235781
0.185496
0.0777507
0.187296
0.235781
0.0438154
0.0501827
0.0461099
0.11899
0.23596
0.165125
0.0606412
0.239091
0.239091
0.0398462
0.0630851
0.116222
0.239091
0.129645
0.125385
0.0847346
0.121369
0.125401
0.158278
0.188843
0.239091
0.239091
0.239091
0.183505
0.0512567
0.216885
0.239091
0.0635931
0.0646664
0.0726145
0.216782
0.137246
0.112114
0.115062
0.155258
0.184605
0.138726
0.110458
0.167337
0.239091
0.202053
0.149174
0.0996974
0.105747
0.134958
0.12863
0.151341
0.240502
0.240502
0.113497
0.128653
0.116229
0.166773
0.240502
0.164035
0.240502
0.148
0.129134
0.177803
0.10534
0.0957209
0.151138
0.209132
0.116016
0.125476
0.240502
0.240502
0.0857988
0.105426
0.0973481
0.1564
0.21567
0.133975
0.187054
0.240502
0.132226
0.157348
0.159995
0.156851
0.20209
0.218873
0.139037
0.218272
0.117529
0.121329
0.100372
0.218873
0.153225
0.174281
0.205729
0.218873
0.218873
0.197352
0.165211
0.121519
0.106338
0.0910541
0.155304
0.218873
0.132376
0.19819
0.218873
0.135588
0.101799
0.170418
0.19711
0.133879
0.193483
0.0826466
0.0594954
0.160203
0.159515
0.0783415
0.174465
0.15693
0.171194
0.104369
0.225821
0.225821
0.225821
0.135435
0.149055
0.147855
0.122594
0.202235
0.166139
0.134426
0.169777
0.156683
0.189666
0.146959
0.179394
0.125037
0.166671
0.225821
0.0727175
0.194541
0.225821
0.145945
0.135464
0.141613
0.149423
0.125487
0.15516
0.0825692
0.203109
0.225821
0.170311
0.121025
0.153718
0.113778
0.11557
0.109577
0.152328
0.198994
0.17024
0.175806
0.13923
0.212101
0.195728
0.107327
0.136816
0.183159
0.212101
0.174438
0.211869
0.120954
0.121548
0.125969
0.117451
0.165764
0.0942527
0.174446
0.212101
0.211978
0.183755
0.212101
0.212101
0.110415
0.211964
0.0930333
0.136691
0.212101
0.212101
0.162494
0.218563
0.168785
0.113954
0.151814
0.218563
0.218563
0.170396
0.175242
0.114898
0.211361
0.163783
0.15894
0.208773
0.084247
0.10415
0.107805
0.124762
0.210819
0.218563
0.215551
0.119619
0.218563
0.0982078
0.140735
0.218563
0.218563
0.0974487
0.156163
0.215399
0.104772
0.175605
0.116641
0.100214
0.128647
0.138925
0.171984
0.224302
0.187585
0.224302
0.224302
0.11653
0.143438
0.135602
0.15066
0.224302
0.170533
0.0573796
0.173148
0.224302
0.0441663
0.0524458
0.0431448
0.102077
0.14346
0.224302
0.224302
0.158645
0.224302
0.179383
0.141843
0.221019
0.204233
0.137105
0.15377
0.178999
0.188206
0.224302
0.0934873
0.0508944
0.0720975
0.113187
0.237468
0.17911
0.0542318
0.216419
0.237468
0.0567995
0.0728669
0.0664509
0.199355
0.14031
0.0719886
0.117754
0.17688
0.180808
0.159451
0.119333
0.121692
0.237468
0.191367
0.192998
0.227037
0.231194
0.237468
0.137558
0.0854828
0.143079
0.234847
0.0847746
0.0381174
0.086977
0.161442
0.105259
0.135018
0.152612
0.225203
0.237468
0.193402
0.085031
0.106852
0.179234
0.21147
0.153147
0.14272
0.202767
0.252648
0.0759182
0.096161
0.11803
0.161144
0.183373
0.131878
0.179445
0.252648
0.148814
0.171322
0.0663276
0.097074
0.190612
0.144737
0.151739
0.210059
0.252648
0.252648
0.148752
0.140472
0.102884
0.151249
0.0979834
0.132928
0.163053
0.187608
0.185984
0.098982
0.109656
0.118486
0.158032
0.209547
0.11935
0.171063
0.209547
0.146157
0.0925209
0.137528
0.209547
0.155395
0.209547
0.106566
0.0733568
0.171623
0.145293
0.208608
0.209547
0.157754
0.159762
0.123954
0.123345
0.159025
0.192332
0.152248
0.209547
0.209547
0.209547
0.140464
0.189215
0.179075
0.156574
0.195192
0.209547
0.173105
0.187488
0.126231
0.167383
0.222073
0.0488606
0.162051
0.223774
0.175668
0.153537
0.120781
0.15351
0.162216
0.174715
0.0895414
0.176036
0.223774
0.19493
0.223774
0.178661
0.147158
0.21622
0.223774
0.076686
0.124514
0.223774
0.208929
0.0875911
0.124903
0.123884
0.0907524
0.0686846
0.0692507
0.119505
0.223774
0.223774
0.149919
0.12919
0.150265
0.154622
0.213752
0.119764
0.171834
0.238708
0.238708
0.192519
0.238708
0.238708
0.146817
0.223617
0.0716646
0.142515
0.238708
0.238708
0.107019
0.142749
0.117753
0.0634452
0.066284
0.0770186
0.166362
0.238708
0.238708
0.0783792
0.137989
0.191014
0.164049
0.183448
0.0546819
0.0665768
0.120875
0.0535896
0.227185
0.227185
0.227185
0.166548
0.227185
0.0942884
0.183324
0.227185
0.227185
0.151649
0.143771
0.227185
0.195116
0.220801
0.150583
0.134576
0.153396
0.154911
0.124611
0.18992
0.227185
0.188119
0.225708
0.0599917
0.112916
0.165571
0.065051
0.106639
0.0657353
0.0998301
0.169058
0.120674
0.0677607
0.0677664
0.160275
0.0919648
0.180867
0.176018
0.228031
0.228031
0.228031
0.184314
0.174863
0.228031
0.190035
0.156957
0.161113
0.156584
0.185067
0.228031
0.0759642
0.0666679
0.0845813
0.133237
0.126294
0.122313
0.147142
0.204124
0.214789
0.0937724
0.11151
0.222971
0.134369
0.116502
0.150261
0.0908629
0.223397
0.228031
0.0969269
0.0540211
0.0982641
0.183103
0.181677
0.179259
0.174704
0.189627
0.240576
0.0854756
0.0876345
0.142317
0.228933
0.0865682
0.0171005
0.0933483
0.164282
0.103
0.109933
0.147782
0.198132
0.240576
0.12765
0.171073
0.107506
0.216303
0.240576
0.124309
0.0721354
0.179779
0.240576
0.224808
0.170959
0.05054
0.110498
0.131565
0.127654
0.145513
0.240576
0.240576
0.145814
0.0477763
0.10687
0.180751
0.134537
0.134905
0.19063
0.251404
0.251404
0.101229
0.127534
0.107101
0.143366
0.0839922
0.128622
0.137551
0.146947
0.13956
0.230194
0.155075
0.0601063
0.119503
0.157032
0.167896
0.175427
0.251404
0.251404
0.158691
0.171562
0.0647902
0.0955544
0.235197
0.158338
0.208703
0.237872
0.194307
0.127565
0.200074
0.144329
0.149223
0.0899127
0.12164
0.125213
0.143741
0.101847
0.175531
0.19539
0.206887
0.140701
0.218659
0.184593
0.117592
0.176529
0.154832
0.13801
0.168773
0.0855972
0.0989821
0.177259
0.175852
0.203858
0.231858
0.231858
0.231858
0.231858
0.156487
0.141495
0.198703
0.15809
0.10372
0.116177
0.178157
0.231225
0.184299
0.174571
0.223305
0.231225
0.069376
0.115168
0.215842
0.231225
0.0824652
0.109818
0.154041
0.112297
0.0739311
0.0831183
0.118143
0.231225
0.231225
0.136529
0.198163
0.225293
0.157588
0.171555
0.0958705
0.0992896
0.171119
0.193585
0.131028
0.148108
0.0725541
0.0837889
0.118836
0.0360009
0.222934
0.231225
0.231225
0.106136
0.136806
0.15499
0.0871548
0.0940135
0.102876
0.176096
0.264007
0.264007
0.0619687
0.15582
0.198226
0.189211
0.179076
0.0578149
0.085726
0.110518
0.0394174
0.2031
0.208842
0.0546052
0.0990328
0.179333
0.0320421
0.264007
0.264007
0.264007
0.179782
0.236128
0.0884334
0.134875
0.233029
0.0893476
0.114607
0.172588
0.172022
0.115962
0.227326
0.228929
0.228929
0.228929
0.0708651
0.144679
0.17467
0.0477769
0.146563
0.0596137
0.146033
0.228929
0.157589
0.103597
0.0836381
0.202316
0.105341
0.228929
0.228929
0.121124
0.200321
0.228929
0.100707
0.162461
0.228929
0.228929
0.135329
0.130112
0.124484
0.159048
0.211166
0.166393
0.063028
0.0877646
0.110356
0.151572
0.107126
0.178718
0.251802
0.251802
0.117733
0.10674
0.249207
0.145497
0.120344
0.13034
0.077825
0.251802
0.251802
0.113234
0.07321
0.111753
0.21989
0.162458
0.125172
0.110929
0.170183
0.233589
0.146315
0.0668876
0.118057
0.154607
0.251802
0.226062
0.06815
0.179438
0.251802
0.0641712
0.10103
0.0858837
0.129782
0.119241
0.140864
0.07812
0.23725
0.245688
0.118208
0.0776659
0.194571
0.245688
0.204443
0.143417
0.0560991
0.12918
0.15194
0.129773
0.147112
0.245688
0.245688
0.245688
0.161294
0.0470342
0.147285
0.245688
0.0566501
0.0820338
0.137037
0.233204
0.127334
0.0755962
0.0603514
0.125651
0.140045
0.114877
0.108739
0.245688
0.245688
0.177186
0.115782
0.071558
0.124968
0.153928
0.139957
0.145867
0.241089
0.241089
0.097074
0.146843
0.0621001
0.120507
0.2029
0.138641
0.186306
0.20753
0.123788
0.149192
0.0972997
0.101583
0.1311
0.153435
0.110565
0.103688
0.241089
0.241089
0.105027
0.141459
0.170049
0.20819
0.205413
0.0945164
0.241089
0.241089
0.241089
0.061256
0.117952
0.080419
0.113644
0.140684
0.136416
0.165578
0.224774
0.144797
0.201465
0.224774
0.138623
0.154963
0.195256
0.113525
0.0667349
0.0867501
0.121654
0.112047
0.1652
0.168379
0.19174
0.224774
0.0762129
0.224774
0.224774
0.221749
0.153652
0.224774
0.184995
0.224774
0.224774
0.153943
0.135718
0.159019
0.158724
0.110216
0.195702
0.24858
0.160073
0.162987
0.0855718
0.103077
0.132612
0.219199
0.118493
0.13293
0.0942783
0.0846533
0.137333
0.0455852
0.168822
0.24858
0.24858
0.0212016
0.100463
0.24858
0.24858
0.24858
0.176468
0.140182
0.0596294
0.0311407
0.0345419
0.082453
0.142818
0.146593
0.24858
0.235616
0.24858
0.191533
0.119595
0.16973
0.173206
0.0713923
0.0877617
0.174034
0.0314247
0.176497
0.260986
0.260986
0.169117
0.18858
0.0754644
0.112184
0.190577
0.0935859
0.117863
0.125307
0.14847
0.0514209
0.111893
0.147844
0.143144
0.260986
0.22701
0.260986
0.168637
0.110142
0.10182
0.0916366
0.0531236
0.116211
0.185662
0.260986
0.260986
0.19378
0.146281
0.264631
0.272088
0.0997168
0.17919
0.272088
0.108256
0.15698
0.166109
0.196253
0.0859433
0.0900593
0.104508
0.126512
0.21706
0.135126
0.0695474
0.0827199
0.0898696
0.126667
0.13422
0.0725133
0.176897
0.252311
0.272088
0.272088
0.272088
0.151659
0.0616831
0.111456
0.109259
0.105131
0.18609
0.160327
0.106399
0.119942
0.0721409
0.145556
0.133896
0.140226
0.200544
0.250176
0.15687
0.0737869
0.131882
0.128802
0.250176
0.222831
0.0945798
0.189145
0.250176
0.0753235
0.0872265
0.0930347
0.119694
0.101807
0.189288
0.144914
0.166248
0.250176
0.231243
0.151394
0.203736
0.103194
0.250176
0.232863
0.0570344
0.124128
0.250176
0.0737395
0.0380076
0.0595803
0.155245
0.24945
0.172983
0.0707581
0.164097
0.24945
0.0622284
0.0747678
0.152122
0.220387
0.160583
0.0934225
0.0605557
0.150362
0.187714
0.1429
0.112572
0.24945
0.24945
0.24945
0.189817
0.0442453
0.114994
0.24945
0.0826045
0.0343196
0.0665069
0.24945
0.180202
0.145203
0.0961971
0.17908
0.197842
0.135129
0.0712183
0.0951634
0.24945
0.167049
0.0964194
0.092408
0.155317
0.175583
0.116634
0.110074
0.241817
0.241817
0.0893575
0.124704
0.135904
0.241817
0.213466
0.105155
0.241817
0.241817
0.214081
0.196756
0.09646
0.0820174
0.158503
0.166919
0.103833
0.0512208
0.0922491
0.241817
0.039021
0.0673047
0.130985
0.241817
0.232861
0.137728
0.186515
0.219659
0.103497
0.0771406
0.128373
0.128161
0.198616
0.196151
0.0665845
0.222951
0.253175
0.146061
0.116796
0.253175
0.185059
0.213206
0.253175
0.106514
0.115214
0.148676
0.142893
0.02614
0.0973772
0.188934
0.232473
0.200856
0.111359
0.123013
0.117978
0.0649273
0.0455045
0.108045
0.253175
0.253175
0.253175
0.157962
0.116054
0.131781
0.0850032
0.0222951
0.149428
0.2877
0.2877
0.2877
0.280861
0.22423
0.0890923
0.0395736
0.0528024
0.118804
0.243747
0.24465
0.2877
0.2877
0.2877
0.2877
0.242078
0.0202885
0.0465871
0.104426
0.11876
0.110922
0.0382749
0.0317247
0.00264079
0.00408865
0.00260518
0.0431967
0.0541759
0.0970592
0.0727694
0.0469802
0.0134982
0.00333746
0.00523617
0.0613397
0.118296
0.175401
0.159765
0.281178
0.240017
0.281178
0.178967
0.142937
0.137191
0.0873839
0.063082
0.123279
0.199185
0.275318
0.281178
0.266884
0.221068
0.00396016
0.0245564
0.0323849
0.0698127
0.0613073
0.0280096
0.046819
0.0127492
0.00577008
0.176382
0.0588491
0.0515736
0.0794357
0.0357941
0.0448937
0.281178
0.281178
0.281178
0.150846
0.117287
0.0860791
0.169114
0.223851
0.276006
0.276006
0.27211
0.185276
0.0507594
0.0958469
0.100646
0.110953
0.216965
0.150074
0.109384
0.118706
0.0904469
0.143328
0.057325
0.058
0.0837722
0.0561775
0.0562754
0.276006
0.276006
0.276006
0.0629699
0.125753
0.0838881
0.100629
0.1776
0.131171
0.120458
0.249226
0.217301
0.09581
0.185564
0.166285
0.191619
0.248537
0.217441
0.144361
0.175879
0.105359
0.248537
0.232501
0.0718149
0.132796
0.248537
0.0782094
0.0329242
0.0663951
0.134184
0.0850322
0.161035
0.138405
0.177681
0.248537
0.17988
0.172022
0.241859
0.182727
0.199753
0.157771
0.0606472
0.172031
0.248537
0.0570855
0.0522317
0.0916625
0.127947
0.268523
0.174166
0.0515808
0.108529
0.268523
0.0822207
0.0344184
0.0679223
0.268523
0.164307
0.130071
0.0676519
0.164061
0.206155
0.130818
0.0663795
0.0867857
0.268523
0.219871
0.112749
0.0536591
0.137715
0.268523
0.0532226
0.0740904
0.147313
0.193223
0.11343
0.250901
0.268523
0.0876132
0.0862637
0.0643816
0.0887645
0.194321
0.268523
0.180353
0.090376
0.0659725
0.159124
0.176506
0.112242
0.0593019
0.0887206
0.279488
0.0294655
0.108234
0.254552
0.279488
0.180503
0.13185
0.167459
0.212115
0.0738096
0.146251
0.21866
0.279488
0.0798269
0.0701369
0.0659719
0.110509
0.245145
0.279488
0.0234236
0.210539
0.279488
0.208378
0.0601281
0.0302832
0.107072
0.124619
0.0334217
0.0239614
0.16131
0.290058
0.290058
0.212935
0.143166
0.162766
0.161257
0.0686222
0.058657
0.167761
0.290058
0.290058
0.290058
0.165242
0.157286
0.211103
0.126705
0.0242517
0.244084
0.290058
0.208865
0.0676841
0.0454847
0.122406
0.121522
0.0232004
0.0215649
0.0439947
0.113203
0.138267
0.0912688
0.0873013
0.0870693
0.0508969
0.0112255
