0.0808931
0.101915
0.10999
0.217366
0.270836
0.216244
0.144853
0.137092
0.0773614
0.0744758
0.159364
0.116445
0.200514
0.270836
0.227571
0.187568
0.198563
0.165106
0.0689488
0.123291
0.0630742
0.126316
0.18916
0.219581
0.183456
0.183722
0.0663752
0.0940375
0.12093
0.147842
0.152828
0.197778
0.172353
0.173708
0.226049
0.177915
0.0610074
0.135001
0.122782
0.184675
0.249064
0.208528
0.211274
0.189679
0.141567
0.0793226
0.206661
0.199928
0.196608
0.249064
0.222643
0.123139
0.170957
0.106284
0.06476
0.134795
0.178303
0.154643
0.215064
0.167675
0.181608
0.151666
0.13194
0.110208
0.168241
0.181397
0.157822
0.161487
0.184276
0.135821
0.124934
0.0979763
0.073483
0.166703
0.203607
0.184247
0.247759
0.230362
0.141023
0.177413
0.104702
0.0856835
0.230269
0.247759
0.247759
0.247759
0.247759
0.137579
0.0765616
0.116466
0.0815924
0.178376
0.201486
0.160058
0.155318
0.152577
0.119147
0.148534
0.0966543
0.0642234
0.143572
0.240708
0.197341
0.109923
0.0637377
0.0865627
0.136958
0.0930669
0.0622716
0.178511
0.194775
0.234741
0.234741
0.234741
0.165642
0.128186
0.134365
0.0739779
0.226419
0.205728
0.234741
0.234741
0.234741
0.128137
0.139084
0.168068
0.060589
0.140506
0.181337
0.15931
0.132981
0.05981
0.0852326
0.189714
0.1315
0.0477185
0.0961602
0.173796
0.165884
0.232522
0.131499
0.191088
0.0992794
0.142274
0.0688243
0.20501
0.16582
0.261461
0.261461
0.261461
0.161574
0.189102
0.194607
0.0681966
0.141669
0.110871
0.216322
0.261461
0.107797
0.204035
0.136216
0.093869
0.0677437
0.112748
0.169478
0.190987
0.261461
0.135327
0.15423
0.13114
0.16947
0.0799757
0.0974099
0.0615043
0.105871
0.190478
0.173531
0.162479
0.134407
0.0866708
0.0797121
0.146007
0.1155
0.233185
0.305976
0.143881
0.221601
0.173756
0.100327
0.103885
0.107996
0.108963
0.250478
0.305976
0.202709
0.0816162
0.085506
0.121608
0.0956342
0.0957881
0.0910656
0.139951
0.205771
0.152584
0.140446
0.160757
0.112281
0.0997097
0.166789
0.139166
0.232903
0.288256
0.148565
0.164208
0.085955
0.139638
0.106579
0.140505
0.102188
0.191495
0.288861
0.230471
0.105631
0.128574
0.14824
0.120182
0.148343
0.139545
0.158415
0.288861
0.217574
0.151945
0.152837
0.135432
0.106083
0.148301
0.132426
0.214927
0.244884
0.111348
0.114034
0.110763
0.1741
0.0821905
0.188824
0.161634
0.0850933
0.239009
0.157235
0.111603
0.190935
0.165885
0.078018
0.141313
0.0759483
0.135902
0.185255
0.208648
0.171867
0.207506
0.0940627
0.137183
0.132549
0.193237
0.176491
0.208648
0.135547
0.180134
0.208648
0.208648
0.130363
0.176489
0.208648
0.0716388
0.195391
0.208648
0.203891
0.208648
0.146372
0.0937359
0.0816665
0.208648
0.159881
0.208648
0.159185
0.177123
0.163074
0.0875404
0.105573
0.175896
0.209619
0.195874
0.209619
0.165234
0.199324
0.181761
0.182479
0.184582
0.209619
0.209619
0.209619
0.17485
0.209619
0.195046
0.149738
0.123732
0.0958716
0.120075
0.209619
0.173556
0.209619
0.145692
0.15472
0.147796
0.0896161
0.101163
0.113491
0.140969
0.165697
0.209619
0.108364
0.131914
0.0847109
0.121521
0.162592
0.216037
0.216037
0.216037
0.178912
0.216037
0.216037
0.216037
0.150905
0.0947314
0.20733
0.216037
0.216037
0.146215
0.110322
0.122647
0.185139
0.122037
0.0892979
0.116129
0.134005
0.191593
0.216037
0.128245
0.19695
0.127468
0.16067
0.106316
0.130012
0.108898
0.135944
0.122872
0.131662
0.166227
0.175851
0.161416
0.0878861
0.194961
0.219203
0.219203
0.172125
0.101904
0.1172
0.219203
0.195647
0.109266
0.132399
0.187972
0.219203
0.219203
0.212583
0.219203
0.176411
0.219203
0.0961703
0.117302
0.0925613
0.143955
0.12658
0.138347
0.180843
0.187787
0.180989
0.137717
0.128313
0.0959435
0.183272
0.219203
0.219203
0.0746487
0.0779326
0.103057
0.118853
0.147685
0.190633
0.212829
0.212829
0.181569
0.20461
0.18131
0.212829
0.128819
0.145965
0.112258
0.176344
0.209417
0.175535
0.202161
0.202452
0.138961
0.133629
0.142208
0.0979206
0.180623
0.212829
0.183279
0.0781429
0.076762
0.150154
0.0641058
0.109971
0.0966877
0.143943
0.204989
0.204849
0.175896
0.187539
0.191325
0.13509
0.137404
0.155243
0.207469
0.214083
0.149846
0.15571
0.20157
0.158372
0.129594
0.17691
0.170637
0.214083
0.214083
0.186993
0.169436
0.13044
0.189901
0.0759896
0.137787
0.108332
0.187132
0.207988
0.171055
0.184315
0.17067
0.214083
0.102325
0.214083
0.123373
0.214083
0.214083
0.116129
0.110276
0.0679085
0.0738361
0.128093
0.159139
0.157505
0.224149
0.224149
0.148102
0.132852
0.130605
0.211842
0.108655
0.208877
0.164048
0.104366
0.224149
0.202247
0.12948
0.190412
0.165371
0.0990301
0.170387
0.110121
0.224149
0.224149
0.117681
0.100999
0.0863251
0.101199
0.0698857
0.224149
0.129368
0.193158
0.224149
0.224149
0.137492
0.180961
0.11043
0.115946
0.165725
0.160085
0.110572
0.199532
0.192047
0.181989
0.215566
0.144862
0.0850324
0.0696254
0.172516
0.164014
0.208957
0.126321
0.146741
0.133315
0.0925247
0.124029
0.215566
0.182132
0.215566
0.215566
0.215566
0.215566
0.215566
0.197956
0.112741
0.0736442
0.0972157
0.206602
0.215566
0.124681
0.129532
0.215087
0.0765723
0.112498
0.125323
0.203973
0.198131
0.217386
0.152624
0.150749
0.169526
0.117181
0.133192
0.150842
0.183138
0.190765
0.217386
0.0973955
0.173795
0.112638
0.161505
0.0968165
0.0731218
0.106131
0.188799
0.217386
0.17879
0.21106
0.217386
0.118878
0.206023
0.164552
0.0972631
0.16128
0.217386
0.126448
0.194049
0.217386
0.137659
0.112683
0.139055
0.144778
0.189695
0.202287
0.120178
0.209292
0.141994
0.185977
0.127694
0.119128
0.0888826
0.122486
0.109103
0.154897
0.178093
0.162633
0.167707
0.136183
0.182917
0.113642
0.182604
0.21147
0.142843
0.194705
0.21147
0.188033
0.0650319
0.21147
0.191938
0.21147
0.21147
0.139978
0.21147
0.21147
0.126024
0.114295
0.114223
0.0731582
0.129312
0.122838
0.158299
0.185952
0.175098
0.179942
0.172182
0.16917
0.081642
0.206657
0.214924
0.214924
0.0777342
0.0955852
0.116833
0.0434892
0.210008
0.169861
0.214924
0.214924
0.134364
0.214924
0.214924
0.136874
0.124352
0.141473
0.180301
0.185273
0.214924
0.214924
0.195158
0.0990788
0.214924
0.15593
0.169085
0.0949695
0.195557
0.213123
0.184993
0.0742128
0.0854576
0.13753
0.102516
0.129226
0.134638
0.175495
0.20463
0.186718
0.141493
0.207126
0.213123
0.136929
0.130744
0.169887
0.150392
0.192198
0.213123
0.177561
0.122322
0.213123
0.213123
0.213123
0.190541
0.142633
0.213123
0.162941
0.0824654
0.0812215
0.181088
0.099911
0.146172
0.147036
0.198755
0.196605
0.156692
0.149572
0.171208
0.212642
0.0957063
0.195048
0.14193
0.212642
0.212642
0.119404
0.0735681
0.0656678
0.107987
0.18782
0.212642
0.208817
0.191602
0.212642
0.174428
0.0911706
0.097962
0.149057
0.0675154
0.211247
0.19359
0.212642
0.212642
0.130753
0.0725427
0.212642
0.180978
0.0943866
0.168967
0.118569
0.221537
0.221537
0.124194
0.0915705
0.078787
0.123964
0.107595
0.207247
0.117085
0.176293
0.221537
0.221537
0.128549
0.133844
0.120352
0.0432776
0.1603
0.159626
0.221537
0.221537
0.10045
0.101047
0.221537
0.214907
0.107578
0.176022
0.221537
0.221537
0.221537
0.140841
0.0602225
0.217793
0.176308
0.121326
0.217412
0.173299
0.217412
0.217412
0.217412
0.217412
0.217412
0.152506
0.102352
0.0951296
0.0684344
0.187483
0.215312
0.158295
0.1452
0.173459
0.112576
0.112647
0.183924
0.120353
0.217412
0.217412
0.161813
0.214002
0.217412
0.087198
0.0733218
0.147901
0.0924331
0.145741
0.190982
0.114549
0.180464
0.15273
0.094053
0.112676
0.112585
0.0724905
0.166792
0.208507
0.177973
0.200361
0.208507
0.134235
0.173292
0.150804
0.113307
0.151913
0.208507
0.141105
0.208507
0.208507
0.163543
0.105486
0.189104
0.147525
0.207207
0.206933
0.0873058
0.18452
0.168556
0.108706
0.104828
0.143853
0.180853
0.151031
0.18695
0.15929
0.207993
0.208507
0.16861
0.128159
0.172727
0.12304
0.17625
0.206506
0.129561
0.178561
0.201932
0.170844
0.081104
0.197314
0.177956
0.206506
0.206506
0.1529
0.206506
0.172115
0.121028
0.117999
0.155632
0.18691
0.193697
0.199465
0.140492
0.177252
0.206506
0.170825
0.0562116
0.165642
0.164849
0.185754
0.17064
0.153395
0.200104
0.113469
0.0478202
0.0565068
0.175822
0.155849
0.214244
0.214244
0.154004
0.211368
0.163678
0.116294
0.113046
0.198791
0.168621
0.170453
0.165597
0.214244
0.19202
0.111207
0.168183
0.0493379
0.150731
0.156853
0.214244
0.159715
0.138711
0.179039
0.127084
0.0745101
0.0817957
0.214244
0.214244
0.191596
0.214244
0.128333
0.102712
0.179666
0.214244
0.109414
0.153409
0.153374
0.153638
0.147529
0.208164
0.160105
0.130386
0.144494
0.16117
0.208164
0.178876
0.156667
0.208164
0.130674
0.0590015
0.0858798
0.190256
0.0787288
0.208164
0.208164
0.194725
0.208164
0.123172
0.109162
0.208164
0.202604
0.140222
0.199097
0.208164
0.208164
0.162026
0.122955
0.0956722
0.207641
0.173956
0.148991
0.212702
0.207212
0.208481
0.212702
0.139325
0.0688965
0.112612
0.143575
0.0538899
0.141487
0.182913
0.212702
0.212702
0.15936
0.0960253
0.151242
0.154846
0.164005
0.209583
0.212702
0.212702
0.185653
0.115315
0.108037
0.212702
0.136116
0.145256
0.160238
0.0879316
0.180996
0.212702
0.180995
0.163572
0.134423
0.143259
0.0451067
0.158032
0.177041
0.209356
0.209356
0.128627
0.119458
0.209356
0.18866
0.143114
0.165033
0.209356
0.209356
0.209356
0.128179
0.0941801
0.165484
0.172242
0.163685
0.177505
0.0941973
0.1841
0.209356
0.153904
0.166298
0.190972
0.154335
0.138468
0.199321
0.123154
0.150185
0.163624
0.144943
0.209356
0.1569
0.113183
0.119388
0.162717
0.137945
0.210573
0.210573
0.200548
0.200416
0.210573
0.0749012
0.095118
0.208604
0.0800317
0.127882
0.17925
0.171856
0.197167
0.124693
0.130064
0.0898853
0.208484
0.076952
0.157536
0.165455
0.205218
0.210573
0.137536
0.206995
0.0869624
0.210573
0.181461
0.155156
0.210573
0.165492
0.150282
0.148579
0.172399
0.126129
0.212157
0.117615
0.187337
0.188593
0.108395
0.160904
0.123369
0.125297
0.10775
0.137639
0.15823
0.159084
0.182365
0.162508
0.212157
0.212157
0.18884
0.108205
0.212157
0.178339
0.191011
0.212157
0.183109
0.187794
0.157926
0.212157
0.186428
0.101758
0.0670315
0.145691
0.212157
0.171763
0.104531
0.0986575
0.212157
0.139899
0.172706
0.189626
0.209104
0.209104
0.151823
0.209104
0.209104
0.198663
0.0930915
0.193481
0.152879
0.197308
0.209104
0.194201
0.197831
0.107428
0.0867681
0.20597
0.102805
0.10586
0.209104
0.209104
0.170435
0.117778
0.0983627
0.201909
0.0840267
0.084945
0.102561
0.138795
0.184396
0.146909
0.130577
0.154119
0.209104
0.0737113
0.16552
0.150411
0.21261
0.20198
0.168784
0.156461
0.113998
0.103149
0.100973
0.220809
0.220809
0.220809
0.220809
0.116199
0.11319
0.187975
0.220809
0.0644367
0.112176
0.162159
0.177117
0.177491
0.121797
0.109753
0.124348
0.144377
0.105043
0.220809
0.219738
0.219802
0.220809
0.0999029
0.165941
0.144237
0.183739
0.081175
0.213314
0.200678
0.218569
0.218351
0.0949052
0.099067
0.193423
0.185448
0.0962698
0.177221
0.218569
0.218569
0.139454
0.0788713
0.0772791
0.178593
0.197886
0.100203
0.195598
0.218569
0.218569
0.218569
0.0936643
0.130587
0.121997
0.109049
0.111752
0.109955
0.215532
0.218569
0.218569
0.112514
0.122046
0.176415
0.11478
0.121652
0.187624
0.224554
0.224554
0.183904
0.0717501
0.0783595
0.202463
0.148925
0.112884
0.13992
0.111991
0.213065
0.196694
0.193405
0.170784
0.117771
0.108769
0.143096
0.118718
0.224554
0.224554
0.224554
0.140332
0.121888
0.223462
0.0983997
0.0369551
0.119178
0.185134
0.201602
0.224554
0.224554
0.154878
0.129439
0.0869497
0.133567
0.168862
0.120026
0.201569
0.192574
0.16893
0.169913
0.167342
0.11549
0.153313
0.188001
0.121933
0.159478
0.152536
0.138968
0.220889
0.139257
0.10529
0.0499956
0.131672
0.1693
0.174
0.220889
0.220889
0.191457
0.178023
0.117132
0.0599363
0.192979
0.209694
0.220889
0.220889
0.213399
0.0883476
0.19581
0.0962973
0.103921
0.175222
0.0702818
0.15854
0.173501
0.216019
0.180254
0.142679
0.16959
0.104962
0.220474
0.145156
0.168655
0.220474
0.167109
0.127408
0.138014
0.148302
0.181423
0.220474
0.147205
0.126442
0.182366
0.114945
0.2019
0.220474
0.220474
0.0654432
0.220474
0.137724
0.218013
0.220474
0.161268
0.130827
0.0811655
0.0758784
0.116106
0.219447
0.157958
0.191748
0.219447
0.19684
0.154188
0.158315
0.21609
0.18895
0.0948766
0.0633623
0.153434
0.219447
0.175482
0.110825
0.105588
0.219447
0.0720898
0.219447
0.14153
0.219447
0.219447
0.161378
0.142533
0.119754
0.145724
0.10785
0.137969
0.146944
0.176417
0.219447
0.170778
0.118106
0.105877
0.184149
0.185509
0.0836447
0.0978764
0.203428
0.219159
0.178697
0.12542
0.118914
0.219159
0.103269
0.10524
0.0749717
0.165033
0.187382
0.174304
0.141771
0.147141
0.219159
0.125935
0.124774
0.135933
0.179688
0.219159
0.159669
0.110909
0.141028
0.219159
0.168068
0.142047
0.0340788
0.219159
0.219159
0.219159
0.137391
0.208252
0.219159
0.0777567
0.112975
0.13161
0.184773
0.190812
0.148288
0.135505
0.137682
0.153302
0.128486
0.217497
0.217497
0.217497
0.217497
0.122624
0.16755
0.134584
0.204173
0.144986
0.125453
0.0596016
0.217497
0.217497
0.203903
0.12397
0.183455
0.211659
0.0732989
0.155064
0.132118
0.217497
0.217497
0.217497
0.12841
0.121456
0.107339
0.0941862
0.161684
0.205206
0.222869
0.225931
0.101635
0.119497
0.097093
0.114434
0.0873233
0.0983425
0.220652
0.225931
0.225931
0.0934561
0.1293
0.12122
0.161621
0.0565615
0.121352
0.121822
0.207656
0.206348
0.220094
0.0892766
0.0781326
0.0672713
0.14714
0.225931
0.225931
0.223589
0.180959
0.180081
0.225931
0.225931
0.119097
0.100528
0.0924126
0.203663
0.222817
0.222817
0.104267
0.104882
0.140963
0.107376
0.0304588
0.0983881
0.164615
0.181027
0.222817
0.161487
0.117811
0.131318
0.0753416
0.148006
0.199948
0.212154
0.222817
0.222817
0.183564
0.222817
0.222817
0.0786166
0.103099
0.139692
0.202718
0.199933
0.222817
0.101648
0.217659
0.135881
0.148039
0.0471864
0.103977
0.171211
0.189695
0.226105
0.172071
0.156992
0.179671
0.0904618
0.0733004
0.153822
0.186867
0.19175
0.226105
0.192479
0.0995309
0.15409
0.0954092
0.144278
0.152464
0.200264
0.226105
0.226105
0.135658
0.186139
0.104138
0.117955
0.0947747
0.129612
0.150583
0.15224
0.226105
0.226105
0.226105
0.132913
0.193088
0.201433
0.223125
0.126288
0.158712
0.223125
0.186066
0.186335
0.223125
0.223125
0.0994052
0.223125
0.117826
0.223125
0.223125
0.173353
0.118099
0.0952288
0.0672438
0.0683895
0.208368
0.185092
0.159034
0.223125
0.198345
0.0888464
0.0878706
0.143422
0.116944
0.208852
0.13059
0.178166
0.208362
0.10149
0.0612621
0.105604
0.106922
0.0887476
0.203009
0.11401
0.217717
0.217717
0.183802
0.136685
0.136783
0.129109
0.10312
0.144359
0.170426
0.211322
0.217717
0.193266
0.16596
0.144109
0.191019
0.115859
0.195381
0.100072
0.171894
0.200864
0.103922
0.0950335
0.122445
0.101967
0.164488
0.194929
0.10167
0.217717
0.215905
0.147058
0.175128
0.217717
0.186309
0.105053
0.116798
0.14798
0.173891
0.213068
0.173981
0.144492
0.171299
0.213068
0.132638
0.119981
0.052473
0.213068
0.213068
0.213068
0.145695
0.18599
0.213068
0.122047
0.171221
0.0878856
0.213068
0.186576
0.145769
0.194564
0.213068
0.213068
0.117156
0.173088
0.116295
0.150978
0.184986
0.113372
0.12929
0.154559
0.173265
0.120661
0.127995
0.0783277
0.204069
0.209354
0.209354
0.135728
0.178974
0.201676
0.0783284
0.176138
0.171364
0.202354
0.209354
0.209354
0.145549
0.131192
0.0814344
0.0956421
0.169491
0.1141
0.128643
0.188181
0.140941
0.155994
0.179447
0.193018
0.18688
0.209354
0.196968
0.209354
0.209354
0.209354
0.156188
0.0737743
0.0833766
0.0489651
0.117382
0.132182
0.17337
0.176617
0.182186
0.0909478
0.0735505
0.0518408
0.117138
0.211596
0.223076
0.223403
0.204481
0.181419
0.223403
0.223403
0.133333
0.117045
0.150938
0.118157
0.153116
0.169868
0.149459
0.115216
0.0848509
0.094659
0.223403
0.223403
0.218938
0.163349
0.184791
0.0642968
0.223403
0.223403
0.194942
0.110932
0.1502
0.175296
0.219155
0.209986
0.164997
0.198597
0.219155
0.0854652
0.09197
0.126782
0.16555
0.160869
0.219155
0.0722531
0.180963
0.120957
0.114882
0.206063
0.219155
0.138254
0.119869
0.163273
0.0764008
0.21543
0.219155
0.219155
0.155192
0.182745
0.0840215
0.103602
0.137897
0.157325
0.219155
0.181574
0.172243
0.149079
0.126816
0.173091
0.217798
0.217798
0.100305
0.190572
0.122789
0.0997094
0.0876624
0.0907452
0.127029
0.0994185
0.195299
0.217798
0.217798
0.154535
0.169855
0.217798
0.178276
0.0775295
0.127424
0.211177
0.200665
0.217798
0.210581
0.217264
0.0567207
0.0677964
0.0980124
0.0766161
0.181899
0.183742
0.217798
0.200937
0.185779
0.0938674
0.177889
0.189148
0.160044
0.216623
0.216623
0.100816
0.0838433
0.144355
0.140173
0.216623
0.127857
0.183446
0.201727
0.117579
0.0625453
0.127961
0.137512
0.188391
0.190753
0.216623
0.216623
0.216623
0.121974
0.127994
0.135069
0.158995
0.0788949
0.145167
0.207632
0.135812
0.216623
0.107953
0.209222
0.216623
0.17439
0.127284
0.194348
0.0963584
0.165029
0.186317
0.11971
0.086639
0.141049
0.132299
0.110986
0.187191
0.128044
0.216127
0.213263
0.147618
0.216127
0.216127
0.160528
0.0755116
0.192889
0.138811
0.11261
0.183263
0.102269
0.204048
0.216127
0.194319
0.10749
0.216127
0.144146
0.200387
0.216127
0.166979
0.137514
0.158935
0.188842
0.10035
0.187713
0.129008
0.217038
0.193823
0.148288
0.217038
0.217038
0.212862
0.0901796
0.194016
0.145532
0.140561
0.202654
0.120782
0.157508
0.148004
0.17534
0.104602
0.217038
0.16808
0.217038
0.214956
0.146229
0.135177
0.170318
0.200734
0.12588
0.171539
0.0779795
0.106059
0.217038
0.113161
0.130574
0.15341
0.142753
0.0822958
0.201721
0.148865
0.116203
0.204203
0.132978
0.168448
0.185468
0.187251
0.206923
0.219583
0.185827
0.219583
0.219583
0.205905
0.208727
0.115782
0.0755648
0.10728
0.129974
0.0673607
0.096362
0.213616
0.0972712
0.152624
0.196188
0.172602
0.138947
0.129877
0.182272
0.219583
0.219583
0.138549
0.159504
0.145555
0.10967
0.12799
0.164812
0.125997
0.160172
0.18881
0.137486
0.146407
0.102137
0.0920955
0.215335
0.226741
0.226741
0.205699
0.223441
0.0896304
0.17515
0.226741
0.226741
0.0864959
0.0717188
0.0968852
0.152662
0.209587
0.0971355
0.118292
0.139012
0.123778
0.0999584
0.081958
0.0867312
0.226741
0.226741
0.202759
0.172905
0.226741
0.20067
0.188339
0.226138
0.16451
0.155042
0.209379
0.113517
0.205474
0.226138
0.226138
0.17799
0.218101
0.0862993
0.110341
0.152982
0.184082
0.226138
0.187432
0.158964
0.0996183
0.0856685
0.068178
0.158237
0.226138
0.192273
0.16239
0.226138
0.221211
0.0665876
0.0717704
0.0736448
0.0673457
0.0712353
0.117092
0.226138
0.189968
0.0794414
0.22204
0.179812
0.0641822
0.117243
0.209065
0.22204
0.22204
0.22204
0.192136
0.066254
0.0840034
0.157568
0.0750635
0.22204
0.202717
0.22204
0.22204
0.204837
0.095098
0.136359
0.120261
0.0966982
0.115709
0.14582
0.22204
0.163296
0.0896533
0.0908609
0.22204
0.22204
0.149182
0.207397
0.154651
0.164048
0.0664222
0.04038
0.177025
0.158509
0.210017
0.210017
0.210017
0.154922
0.143705
0.134355
0.177945
0.0723412
0.129677
0.167786
0.120242
0.195614
0.109962
0.17542
0.210017
0.19224
0.14915
0.124983
0.136079
0.197854
0.210017
0.174654
0.210017
0.210017
0.210017
0.0708608
0.0894589
0.054201
0.126091
0.198608
0.147209
0.155234
0.210017
0.162334
0.0922401
0.195094
0.127446
0.109433
0.193186
0.117413
0.188868
0.21368
0.21368
0.11652
0.21368
0.135182
0.160214
0.21368
0.160484
0.211472
0.151507
0.152785
0.0804193
0.0958417
0.0846441
0.171579
0.21368
0.173287
0.126556
0.210994
0.16604
0.133817
0.21368
0.19117
0.201419
0.21368
0.142893
0.155675
0.147969
0.112105
0.118597
0.214189
0.152187
0.172822
0.214189
0.138431
0.161252
0.168977
0.17214
0.106572
0.189716
0.111514
0.126764
0.214189
0.131855
0.193693
0.160541
0.117676
0.139263
0.214189
0.214189
0.19086
0.183224
0.144173
0.127345
0.16108
0.124254
0.123481
0.186091
0.134049
0.201705
0.214189
0.194004
0.157682
0.180923
0.111221
0.0837844
0.122697
0.0861084
0.114129
0.222781
0.0943293
0.163828
0.190035
0.141567
0.174352
0.162825
0.166883
0.222781
0.222781
0.149801
0.127614
0.165144
0.132816
0.0940961
0.204722
0.15831
0.181111
0.18647
0.142904
0.138684
0.160567
0.0996069
0.122756
0.218763
0.135613
0.132017
0.222781
0.179646
0.222781
0.222781
0.222781
0.130249
0.104916
0.110296
0.154503
0.218865
0.121866
0.132232
0.176853
0.163004
0.125972
0.0944622
0.0957996
0.218865
0.218865
0.175982
0.180246
0.218865
0.218865
0.0787774
0.201109
0.146915
0.108135
0.218865
0.145166
0.218865
0.215318
0.218865
0.0963705
0.138951
0.0849743
0.0567778
0.153401
0.186657
0.18922
0.218865
0.19153
0.121781
0.0955534
0.0865703
0.187964
0.239887
0.202987
0.210144
0.239887
0.239887
0.109418
0.133055
0.13779
0.0871288
0.0782931
0.127915
0.239887
0.216591
0.0739124
0.0979827
0.218819
0.156864
0.0546803
0.131355
0.181386
0.221321
0.218356
0.187212
0.130873
0.239887
0.239887
0.0893598
0.0506263
0.101758
0.0998972
0.175738
0.16005
0.114621
0.145587
0.151837
0.0988567
0.11832
0.168733
0.254772
0.20536
0.0815236
0.108061
0.254772
0.254772
0.139234
0.239362
0.159881
0.127932
0.0896597
0.0772314
0.120218
0.254772
0.254772
0.132724
0.072
0.087359
0.094665
0.127507
0.123236
0.0982899
0.254772
0.192036
0.128948
0.214073
0.178753
0.166904
0.172952
0.154285
0.132376
0.148028
0.127601
0.170484
0.211359
0.171382
0.211359
0.211359
0.211359
0.0685904
0.102466
0.0583438
0.105306
0.211359
0.179059
0.173612
0.195479
0.169553
0.0773018
0.147174
0.120278
0.177896
0.211359
0.168269
0.154724
0.124295
0.211359
0.0889664
0.211359
0.09277
0.139822
0.211359
0.211359
0.159844
0.20292
0.189759
0.0773215
0.116241
0.0872928
0.13532
0.212686
0.183682
0.130298
0.184598
0.18162
0.147761
0.212686
0.175925
0.155288
0.212686
0.135071
0.188435
0.138714
0.0741682
0.0704049
0.212686
0.128267
0.17837
0.212686
0.212686
0.169796
0.187178
0.190987
0.196709
0.212686
0.153062
0.0992128
0.156304
0.198743
0.192996
0.16578
0.102786
0.140835
0.208182
0.190429
0.130527
0.176347
0.131137
0.142436
0.152987
0.10356
0.0934696
0.152459
0.158092
0.208182
0.208182
0.170404
0.180729
0.132484
0.110416
0.17836
0.208182
0.161885
0.126402
0.157519
0.191427
0.185547
0.16575
0.153696
0.135475
0.208182
0.166781
0.206381
0.208182
0.13332
0.208182
0.130799
0.166539
0.0699578
0.149527
0.149513
0.184512
0.206741
0.127697
0.151073
0.136061
0.116063
0.129184
0.216156
0.122259
0.103984
0.216156
0.144924
0.16189
0.216156
0.216156
0.128894
0.175332
0.135887
0.159609
0.191943
0.142684
0.199638
0.183904
0.215681
0.18628
0.114517
0.0508331
0.14368
0.216156
0.153279
0.181739
0.190358
0.216156
0.110136
0.217122
0.147136
0.115491
0.219916
0.145586
0.205559
0.219916
0.219916
0.1332
0.164233
0.0933607
0.0677955
0.16305
0.13792
0.190629
0.197995
0.219916
0.165043
0.101585
0.0482857
0.119483
0.219916
0.17773
0.205556
0.219916
0.219916
0.157073
0.219916
0.178246
0.175853
0.143099
0.164676
0.0911217
0.058054
0.0395895
0.135239
0.201566
0.13971
0.0618208
0.129074
0.142187
0.227189
0.200278
0.213694
0.180985
0.232276
0.232276
0.122614
0.0856544
0.090374
0.145346
0.135018
0.0980538
0.144478
0.232276
0.168493
0.155172
0.138116
0.179572
0.0834599
0.061819
0.042561
0.172821
0.22642
0.21333
0.232276
0.208862
0.1599
0.17995
0.184071
0.126649
0.152205
0.228683
0.228683
0.149937
0.100844
0.0919933
0.138459
0.113541
0.0825018
0.103999
0.228683
0.194481
0.096642
0.199329
0.172745
0.161971
0.191582
0.144804
0.181834
0.218244
0.221474
0.222887
0.199127
0.192219
0.149466
0.191438
0.162406
0.0514549
0.147553
0.144241
0.121439
0.136024
0.222671
0.130543
0.167452
0.118239
0.0827128
0.202586
0.132341
0.160195
0.210778
0.149131
0.159288
0.210778
0.20155
0.075597
0.210778
0.149555
0.15336
0.210778
0.203094
0.177965
0.208444
0.163035
0.096175
0.177643
0.157941
0.138199
0.184908
0.153903
0.135118
0.208327
0.0979509
0.0775468
0.14444
0.210778
0.210778
0.207908
0.0983022
0.12709
0.151759
0.1633
0.0595778
0.212479
0.166041
0.169247
0.212479
0.181364
0.172961
0.212479
0.172519
0.194235
0.212479
0.150342
0.11686
0.150098
0.161875
0.17792
0.198031
0.0891196
0.0893721
0.141689
0.212479
0.212479
0.193319
0.0868597
0.112047
0.176798
0.179167
0.121608
0.165179
0.132322
0.162676
0.0998423
0.200189
0.19009
0.21222
0.0953628
0.169379
0.217943
0.141534
0.125218
0.149002
0.158832
0.197465
0.217943
0.140552
0.120392
0.174413
0.173421
0.217943
0.217943
0.143042
0.204813
0.168705
0.183064
0.0975538
0.112917
0.10287
0.1325
0.101394
0.147084
0.206586
0.217943
0.139343
0.0608164
0.130643
0.125077
0.0775194
0.147244
0.213482
0.217943
0.217943
0.20849
0.131077
0.155491
0.146366
0.1917
0.216796
0.14786
0.216796
0.216548
0.216796
0.181804
0.116929
0.0580829
0.171843
0.216796
0.162725
0.183038
0.199952
0.216796
0.0823625
0.137266
0.110266
0.0926746
0.205793
0.183693
0.216796
0.216796
0.178369
0.0972061
0.153832
0.0884108
0.116327
0.166358
0.159656
0.187498
0.127263
0.099297
0.174215
0.120504
0.0563409
0.151213
0.218176
0.160911
0.218176
0.218176
0.218176
0.189554
0.218176
0.209275
0.198254
0.143023
0.137922
0.0915966
0.0673146
0.0906639
0.148547
0.213557
0.108159
0.144889
0.218176
0.151034
0.105022
0.0825762
0.0703633
0.148648
0.218176
0.218176
0.110576
0.204037
0.200536
0.218176
0.155088
0.0945584
0.167563
0.216758
0.183432
0.152274
0.132854
0.142032
0.0819171
0.054574
0.0488911
0.199534
0.183381
0.201682
0.216758
0.216758
0.178492
0.199966
0.137761
0.0848931
0.156889
0.216143
0.205385
0.117503
0.216758
0.170531
0.176375
0.131227
0.0835142
0.0951347
0.104251
0.1452
0.216758
0.216758
0.216758
0.211131
0.141802
0.0821901
0.213182
0.182451
0.193747
0.207884
0.229916
0.223921
0.189053
0.152003
0.107003
0.0509604
0.16944
0.179344
0.113296
0.14355
0.223432
0.157606
0.171697
0.0882958
0.107892
0.107246
0.115923
0.23128
0.23128
0.23128
0.185832
0.146668
0.110048
0.00311623
0.108573
0.103354
0.086351
0.23128
0.23128
0.212865
0.0955764
0.041118
0.122215
0.218179
0.195078
0.165955
0.204166
0.187127
0.188074
0.218179
0.109132
0.0734657
0.185461
0.218179
0.218179
0.218179
0.0854126
0.159393
0.172525
0.17406
0.0996583
0.112847
0.0757903
0.13418
0.191617
0.192222
0.147513
0.218179
0.137724
0.085137
0.0989486
0.0964269
0.208838
0.212592
0.10479
0.211201
0.155682
0.146755
0.0845875
0.163555
0.215743
0.215743
0.192053
0.0684265
0.143357
0.210755
0.192964
0.138814
0.163485
0.147625
0.208393
0.124104
0.177919
0.215743
0.215743
0.0910734
0.0884341
0.0997735
0.107815
0.215743
0.20907
0.0994314
0.192595
0.157786
0.135069
0.10259
0.125225
0.215743
0.215743
0.163645
0.215743
0.143115
0.150503
0.155071
0.0964489
0.0976294
0.104171
0.141555
0.100166
0.122732
0.221682
0.221682
0.129139
0.106782
0.119868
0.095033
0.108487
0.146734
0.221682
0.221682
0.221682
0.221682
0.0870882
0.125879
0.183396
0.21667
0.153257
0.190819
0.116949
0.110623
0.134399
0.160074
0.215091
0.149161
0.197951
0.221682
0.221682
0.171469
0.165839
0.221682
0.130751
0.159083
0.0986239
0.123401
0.18699
0.182294
0.225304
0.225304
0.204098
0.102925
0.134355
0.0861839
0.160328
0.155448
0.161611
0.174408
0.129175
0.108923
0.145133
0.210034
0.125626
0.166986
0.225304
0.225304
0.190665
0.152945
0.225304
0.0564704
0.132053
0.0870672
0.225304
0.225304
0.170169
0.214964
0.134769
0.0793863
0.137317
0.19821
0.102043
0.171054
0.191021
0.124764
0.110732
0.0825961
0.0651533
0.133397
0.177285
0.177523
0.127272
0.244156
0.179003
0.2229
0.141842
0.126566
0.0450312
0.158796
0.0916392
0.250238
0.250238
0.163386
0.181441
0.12549
0.0857073
0.0431344
0.157524
0.191696
0.250238
0.250238
0.250238
0.226643
0.078093
0.00722688
0.124953
0.174286
0.163676
0.120301
0.240253
0.147803
0.124459
0.114541
0.079456
0.0839149
0.0780425
0.154736
0.240253
0.240253
0.199727
0.143114
0.0886215
0.0762219
0.0536266
0.216367
0.199933
0.240253
0.240253
0.240253
0.14882
0.0670731
0.014246
0.0456774
0.111153
0.105135
0.240253
0.240253
0.240253
0.240253
0.134055
0.0876044
0.0933417
0.0931557
0.128177
0.233238
0.233238
0.233238
0.152063
0.0882096
0.0745666
0.00462835
0.0847761
0.117535
0.126067
0.233238
0.233238
0.203129
0.0849951
0.0411015
0.0655667
0.223587
0.169842
0.233238
0.233238
0.233238
0.233238
0.108024
0.0705064
0.0525056
0.156517
0.185702
0.203376
0.187441
0.233238
0.233238
0.0529354
0.0584015
0.0997051
0.105412
0.0796641
0.141189
0.181109
0.161871
0.142393
0.182908
0.140727
0.097097
0.126581
0.0858788
0.174638
0.197051
0.113839
0.221549
0.16539
0.135019
0.107935
0.13578
0.125921
0.149574
0.221549
0.221549
0.173962
0.215769
0.221549
0.0719945
0.128875
0.153924
0.221549
0.221549
0.221549
0.221549
0.221549
0.164496
0.0952024
0.115254
0.0990122
0.169547
0.17919
0.113706
0.204222
0.151042
0.129783
0.0860192
0.130254
0.162336
0.204313
0.169608
0.179989
0.193784
0.15311
0.151901
0.0771285
0.139015
0.123525
0.226305
0.226305
0.225266
0.167062
0.164592
0.142481
0.077627
0.11325
0.0973147
0.226305
0.226305
0.226305
0.14701
0.226305
0.226305
0.0744682
0.130865
0.149782
0.170642
0.156891
0.160067
0.145154
0.103235
0.141836
0.209735
0.209735
0.142024
0.181331
0.209735
0.209735
0.161614
0.181472
0.209735
0.085388
0.133618
0.0933983
0.209735
0.209735
0.209735
0.105859
0.209735
0.164624
0.181836
0.17225
0.209735
0.107979
0.205421
0.152279
0.145433
0.154971
0.120763
0.206097
0.211586
0.138807
0.163879
0.190243
0.20058
0.166187
0.159187
0.211586
0.0938427
0.129014
0.109156
0.211586
0.211586
0.133196
0.182644
0.157176
0.0919379
0.185995
0.211586
0.211586
0.114691
0.211586
0.131948
0.127684
0.12066
0.101427
0.154104
0.145821
0.179682
0.211586
0.211586
0.0888263
0.129519
0.174342
0.137148
0.0833328
0.160019
0.118814
0.246235
0.246235
0.135249
0.172961
0.163212
0.10542
0.0555151
0.154903
0.159133
0.246235
0.246235
0.246235
0.191449
0.101095
0.0193255
0.167594
0.185837
0.240339
0.246235
0.246235
0.0928028
0.107805
0.140276
0.154228
0.0634974
0.0864572
0.0992622
0.149384
0.246235
0.10588
0.124232
0.0982903
0.136415
0.0594504
0.216513
0.178784
0.250295
0.250295
0.250295
0.150432
0.0938915
0.0230275
0.0405551
0.104723
0.135723
0.250295
0.250295
0.250295
0.250295
0.132156
0.110384
0.0688933
0.114363
0.147466
0.163937
0.250295
0.0999776
0.0802227
0.0719098
0.0935247
0.0759593
0.100122
0.111188
0.101502
0.226257
0.142237
0.213394
0.186448
0.191855
0.0500918
0.195173
0.189609
0.2284
0.2284
0.2284
0.2284
0.0996924
0.0789298
0.063609
0.154352
0.214878
0.2284
0.225746
0.2284
0.2284
0.0551571
0.0746443
0.0829323
0.147529
0.14989
0.164502
0.227594
0.135999
0.193731
0.145416
0.12487
0.0363099
0.0769439
0.116351
0.183146
0.103982
0.153956
0.2284
0.190756
0.0914885
0.0772828
0.127514
0.146179
0.148333
0.218188
0.203646
0.148118
0.157741
0.199744
0.0697267
0.134225
0.138778
0.193617
0.218188
0.169773
0.189783
0.197919
0.126316
0.160658
0.199985
0.218188
0.142395
0.146397
0.145627
0.0962953
0.218188
0.127596
0.0895434
0.107678
0.169594
0.181846
0.218188
0.218188
0.174679
0.218188
0.0845008
0.064323
0.160674
0.117461
0.187762
0.216053
0.174513
0.146763
0.161089
0.126827
0.0742549
0.11667
0.0645512
0.216053
0.208357
0.195392
0.161577
0.216053
0.216053
0.0886935
0.139873
0.162465
0.173909
0.216053
0.213946
0.160387
0.216053
0.106274
0.11097
0.183406
0.0807268
0.127373
0.200462
0.155865
0.194731
0.216053
0.176831
0.0881756
0.155566
0.0765123
0.216536
0.216536
0.203681
0.14527
0.216536
0.196711
0.194494
0.166531
0.216536
0.113429
0.216536
0.156378
0.13128
0.177863
0.134429
0.137026
0.202413
0.0663208
0.126285
0.187262
0.133841
0.215781
0.216536
0.216536
0.129887
0.145696
0.17045
0.177675
0.216536
0.0849689
0.0833913
0.113602
0.102595
0.21189
0.212626
0.212626
0.130485
0.212626
0.134328
0.113699
0.152801
0.127187
0.196274
0.175976
0.205047
0.207066
0.181844
0.0991441
0.11941
0.212626
0.141438
0.18723
0.168047
0.189105
0.187683
0.212626
0.0982208
0.0925827
0.087971
0.110745
0.0988142
0.161001
0.122513
0.153882
0.212626
0.173549
0.187299
0.165373
0.159135
0.218379
0.218379
0.218379
0.218379
0.218379
0.10407
0.106935
0.195503
0.176547
0.108383
0.113314
0.107658
0.144926
0.218379
0.0835492
0.132502
0.133514
0.122759
0.148198
0.19154
0.178094
0.187567
0.218379
0.155113
0.184917
0.182935
0.169546
0.105732
0.145765
0.209954
0.218379
0.218379
0.109403
0.0830278
0.112004
0.102941
0.138186
0.165928
0.176019
0.18786
0.22811
0.114275
0.106996
0.104965
0.106136
0.10382
0.126068
0.126785
0.142624
0.22811
0.22811
0.22811
0.22811
0.217201
0.122791
0.18441
0.22811
0.222843
0.22811
0.107461
0.0833573
0.152207
0.0936362
0.0636417
0.118942
0.128466
0.144455
0.22811
0.202929
0.204334
0.14107
0.0787176
0.102328
0.162079
0.159051
0.199594
0.215607
0.206307
0.215607
0.215607
0.143084
0.0589951
0.0969645
0.152561
0.215607
0.151269
0.166353
0.215607
0.215607
0.140568
0.0703722
0.13067
0.121621
0.136561
0.215607
0.211492
0.175247
0.139752
0.0657874
0.176979
0.124253
0.160699
0.193066
0.156878
0.0813031
0.215607
0.215607
0.119976
0.146644
0.189601
0.215661
0.184326
0.147506
0.0975444
0.136557
0.215661
0.125284
0.101063
0.128061
0.150494
0.164092
0.215661
0.212654
0.171296
0.215661
0.0950561
0.11233
0.147817
0.215661
0.215661
0.215661
0.156314
0.163055
0.0862867
0.118351
0.0820503
0.212726
0.105978
0.118374
0.161713
0.205751
0.215661
0.215661
0.109201
0.0845338
0.170468
0.141551
0.154631
0.209439
0.182001
0.179073
0.209439
0.113344
0.108003
0.169801
0.09859
0.141941
0.207761
0.170009
0.209439
0.209439
0.162549
0.0915445
0.203312
0.0876869
0.128786
0.177041
0.192572
0.209439
0.18385
0.145385
0.0876144
0.166445
0.0764619
0.185462
0.19003
0.150599
0.209439
0.18475
0.209439
0.147989
0.200393
0.0902479
0.142916
0.213843
0.1691
0.225856
0.225856
0.225856
0.141449
0.157839
0.169389
0.180231
0.225856
0.109361
0.0878995
0.114399
0.11342
0.0958938
0.194876
0.139693
0.225856
0.205642
0.182866
0.225856
0.212682
0.225856
0.105371
0.212996
0.155607
0.11921
0.133507
0.0483125
0.0970132
0.0979375
0.067319
0.220086
0.202095
0.216692
0.204267
0.220086
0.137832
0.114273
0.116443
0.157355
0.117696
0.190786
0.139407
0.153046
0.220086
0.205642
0.198215
0.215672
0.167305
0.106737
0.220086
0.220086
0.167647
0.170642
0.0733967
0.0974266
0.0847232
0.0986376
0.0986497
0.152128
0.217619
0.120482
0.132771
0.183255
0.20605
0.116931
0.0789119
0.167071
0.217869
0.192746
0.179842
0.217869
0.187176
0.202506
0.217869
0.175009
0.121601
0.173466
0.217869
0.217869
0.217869
0.127542
0.0944179
0.132013
0.082609
0.0998829
0.132737
0.193635
0.158799
0.176651
0.217869
0.217869
0.111614
0.109735
0.0436712
0.108114
0.138635
0.172506
0.217325
0.155274
0.100297
0.156931
0.0852261
0.152115
0.222
0.222
0.222
0.222
0.152019
0.103741
0.166246
0.0810546
0.0674304
0.13171
0.136399
0.167421
0.222
0.222
0.216116
0.163183
0.0584903
0.0586946
0.111053
0.145809
0.199522
0.211823
0.222
0.139551
0.17827
0.109547
0.133167
0.0994595
0.120394
0.157597
0.222
0.177527
0.156677
0.109312
0.222
0.0812471
0.155564
0.136637
0.148636
0.216033
0.216033
0.20281
0.198546
0.0697064
0.179305
0.186313
0.215265
0.216033
0.190697
0.0880894
0.216033
0.216033
0.17372
0.149245
0.125834
0.154448
0.194529
0.216033
0.210056
0.132674
0.0902396
0.200156
0.156443
0.216033
0.100689
0.129734
0.205257
0.0644261
0.121031
0.0714602
0.0401657
