0.0262399
0.0584608
0.170421
0.35531
0.35531
0.00669596
0.0232184
0.0540632
0.0579498
0.0978204
0.0362286
0.010641
0.0161188
0.0343692
0.00286106
0.185766
0.35531
0.35531
0.0446183
0.114342
0.215662
0.35531
0.35531
0.00156518
0.003546
0.00370209
0.00113913
0.0351073
0.068053
0.0409353
0.0155465
0.0071003
0.00444024
0.0763359
0.228624
0.167357
0.110313
0.0768741
0.04948
0.0670208
0.0908572
0.00156078
0.186088
0.277515
0.277515
0.22718
0.22983
0.124648
0.214687
0.277515
0.00101713
0.0630979
0.169776
0.0977795
0.0592352
0.115514
0.0451618
0.0587371
0.0809062
0.0338641
0.208537
0.277515
0.204154
0.0898516
0.0531627
0.00877399
0.170794
0.277515
0.0696526
0.277515
0.277515
0.156101
0.253553
0.262646
0.158002
0.262646
0.262646
0.00188543
0.0408552
0.132385
0.112522
0.0979401
0.0494243
0.0389904
0.0470233
0.0601822
0.023844
0.0168198
0.136205
0.249923
0.0937454
0.04227
0.0110729
0.245228
0.262646
0.10437
0.262646
0.262646
0.208987
0.198693
0.0510394
0.053142
0.141062
0.165549
0.0901362
0.005554
0.262646
0.262646
0.104196
0.0360214
0.0152193
0.0220965
0.0455051
0.0183963
0.0235799
0.121985
0.253474
0.253474
0.0578187
0.0377644
0.253474
0.253474
0.116453
0.0312386
0.0885857
0.253474
0.132008
0.027701
0.0225016
0.0778084
0.126152
0.0909209
0.049955
0.194864
0.253474
0.253474
0.158764
0.253474
0.253474
0.253474
0.249925
0.108621
0.215681
0.253474
0.248485
0.058589
0.0339286
0.176449
0.248485
0.110827
0.0476249
0.102574
0.248485
0.0702177
0.0969653
0.0842783
0.145406
0.182151
0.0761639
0.0590991
0.0606305
0.0157154
0.236601
0.128778
0.192323
0.208241
0.248485
0.248485
0.141967
0.248485
0.248485
0.0704742
0.191299
0.199905
0.16595
0.23859
0.18096
0.135828
0.131508
0.102329
0.0952126
0.115482
0.0961794
0.13402
0.167671
0.0746891
0.0693924
0.073735
0.0215636
0.0990754
0.184409
0.0905488
0.168883
0.235875
0.0411111
0.235875
0.235875
0.187749
0.0951941
0.235875
0.184818
0.171034
0.235875
0.230482
0.123935
0.186216
0.0995523
0.104747
0.235875
0.134991
0.235875
0.235875
0.166522
0.173592
0.235875
0.123129
0.141056
0.207538
0.0984674
0.183959
0.245455
0.0601102
0.23983
0.245455
0.17524
0.124302
0.0667318
0.0746729
0.245455
0.245455
0.0511735
0.111252
0.141884
0.123001
0.149416
0.245455
0.148579
0.245455
0.245455
0.210538
0.168339
0.245455
0.130414
0.0328713
0.0762904
0.084818
0.160341
0.245455
0.0985834
0.00502179
0.00756269
0.00228868
0.0849401
0.1664
0.209343
0.380114
0.380114
0.00230466
0.00543062
0.00323588
0.00030584
0.0599909
0.0828309
0.0439426
0.0210432
0.0183008
0.00544328
0.0527318
0.287927
0.215647
0.179399
0.19925
0.0960888
0.380114
0.380114
0.0400623
0
0
0
0.139292
0.151424
0.0492371
0.0522696
0.133856
0.0053672
0.131247
0.179925
0.011763
0.0888479
0.118278
0.0460721
0.0801965
0.117249
0.0342858
0.210181
0.259395
0.256813
0.100607
0.0564981
0.00599662
0.229394
0.259395
0.0625397
0.259395
0.259395
0.241348
0.232211
0.242155
0.154163
0.0748111
0.190708
0.0295354
0.132068
0.142392
0.0140669
0.072874
0.0512267
0.131145
0.0940337
0.15604
0.0670292
0.181014
0.259395
0.259395
0.0907708
0.0410671
0.00492741
0.264824
0.264824
0.0804091
0.264824
0.264824
0.264824
0.223187
0.0623393
0.065273
0.157192
0.177657
0.105431
0.00688586
0.230867
0.264824
0.0874539
0.0711235
0.179693
0.105185
0.159103
0.0746742
0.155763
0.264824
0.225544
0.212228
0.0670874
0.0042895
0.029927
0.0602934
0.00714963
0.0228703
0.164594
0.264824
0.164296
0.0413569
0.0293137
0.0924175
0.140206
0.116457
0.0641029
0.201494
0.255527
0.255527
0.17637
0.255527
0.255527
0.255527
0.255527
0.137341
0.255527
0.255527
0.188018
0.0766244
0.00373527
0.0307772
0.0591924
0.00290109
0.0168817
0.0802499
0.255527
0.23257
0.133228
0.0772113
0.128738
0.174677
0.00359145
0.00598437
0.0608681
0.255527
0.248317
0.134934
0.210521
0.237442
0.248317
0.248317
0.173205
0.248317
0.248317
0.0771814
0.16967
0.220552
0.192654
0.248317
0.194703
0.161018
0.142139
0.100211
0.238148
0.112929
0.0802355
0.105601
0.147423
0.0108579
0.0117398
0.0671199
0.248317
0.120566
0.126166
0.164107
0.0856964
0.1352
0.0543836
0.0457442
0.0456614
0.0344437
0.116625
0.22901
0.214187
0.214415
0.22901
0.22901
0.153756
0.221667
0.129085
0.150117
0.22901
0.178661
0.22901
0.22901
0.167504
0.22901
0.22901
0.178387
0.155805
0.192683
0.179168
0.0968522
0.149785
0.0684705
0.0615365
0.0498125
0.0591556
0.139421
0.22901
0.114314
0.119068
0.160422
0.0429688
0.0356874
0.0212607
0.0547586
0.241469
0.247807
0.211476
0.247807
0.247807
0.207143
0.247807
0.247807
0.233496
0.0374071
0.092335
0.132778
0.233591
0.247807
0.113716
0.00464285
0.00481314
0.0022255
0.17776
0.247807
0.0948331
0.162448
0.199445
0.0498609
0.0496573
0.0218377
0.0896189
0.0907915
0.127185
0.0927586
0.113671
0.15575
0.0171435
0.0286201
0.147104
0.247807
0.135019
0.18122
0.0781158
0.311191
0.311191
0.0189839
0.0050938
0.0016133
0.000212736
0.106295
0.126534
0.0752792
0.0398994
0.0907054
0.011672
0.0863208
0.107987
0.0123252
0.0698975
0.311191
0.177752
0.311191
0.311191
0.0340217
0.0822846
0.0269682
0.0188728
0.0469649
0.229006
0.311191
0.13375
0.097542
0.194368
0.311191
0.189327
0.0345451
0.155515
0.167693
0.115406
0.0513143
0.120916
0.0249677
0.084162
0.082253
0.013076
0.0694787
0.0533152
0.094232
0.0608291
0.0970635
0.0591174
0.167821
0.243225
0.226608
0.077125
0.243225
0.243225
0.121872
0.115164
0.178997
0.243225
0.199317
0.0638039
0.141578
0.204025
0.243225
0.166344
0.241096
0.243225
0.243225
0.243225
0.243225
0.0912026
0.0797782
0.139975
0.0872505
0.130014
0.0757001
0.181884
0.253305
0.19808
0.21358
0.0697583
0.00501585
0.030982
0.059677
0.0117702
0.0264973
0.129417
0.253305
0.185031
0.253305
0.253305
0.174922
0.253305
0.220284
0.253305
0.233184
0.253305
0.253305
0.135425
0.0217075
0.0469271
0.0612876
0.031866
0.0335611
0.13574
0.253305
0.264204
0.111119
0.00500659
0.0448685
0.0823848
0.00634485
0.0178914
0.0960603
0.290026
0.290026
0.158973
0.0669259
0.174594
0.249454
0.00578172
0.00477858
0.0810503
0.290026
0.290026
0.174205
0.0171296
0.0513374
0.0840599
0.00108677
0.00432358
0.100084
0.290026
0.290026
0.09296
0.0606919
0.148988
0.272774
0.0536108
0.0343006
0.134848
0.290026
0.299487
0.13877
0.0799877
0.156545
0.234202
0.00944549
0.00987077
0.0994811
0.299487
0.15646
0.174676
0.21818
0.135157
0.186695
0.057525
0.0618391
0.0686378
0.0484222
0.299487
0.124844
0.0702847
0.170987
0.291719
0.0334563
0.0262372
0.160663
0.299487
0.125629
0.252402
0.191286
0.169988
0.163932
0.0818054
0.03927
0.0683894
0.0947998
0.223552
0.231189
0.231189
0.177262
0.231189
0.0609846
0.0997557
0.0808892
0.136903
0.231189
0.231189
0.231189
0.231189
0.216042
0.0307464
0.0733497
0.0408497
0.13361
0.219768
0.231189
0.230778
0.212594
0.231189
0.0696207
0.0253428
0.067926
0.102947
0.0778359
0.158972
0.193364
0.231189
0.18012
0.0278488
0.0149415
0.029109
0.0466836
0.217871
0.271945
0.155628
0.228157
0.208264
0.0172135
0.0767893
0.0347089
0.172538
0.0925275
0.140087
0.137043
0.171244
0.202292
0.0935833
0.061106
0.193612
0.225056
0.0877376
0.157243
0.149526
0.182033
0.168496
0.00979934
0.00505928
0.0157004
0.0391097
0.152294
0.177853
0.228985
0.271945
0.0899272
0.138721
0.171061
0.271945
0.271945
0.0379101
0.256999
0.118759
0.256999
0.256999
0.0744196
0.0640755
0.0298724
0.00944756
0.0339406
0.179332
0.256999
0.107751
0.074807
0.127067
0.219096
0.128881
0.0228685
0.256999
0.256999
0.256999
0.256999
0.256999
0.256999
0.0910837
0.0498747
0.0128263
0.0492241
0.197933
0.256999
0.213287
0.0740886
0.0524135
0.0631947
0.0710589
0.013463
0.0669186
0.243439
0.243439
0.122508
0.116674
0.122101
0.243439
0.186775
0.0465411
0.140294
0.163103
0.209081
0.129636
0.167679
0.203973
0.243439
0.221868
0.243439
0.10599
0.243439
0.243439
0.243439
0.118148
0.0458777
0.0935771
0.108429
0.0208498
0.0558333
0.0556147
0.0648827
0.0280093
0.0314991
0.0571113
0.221338
0.243439
0.207682
0.195142
0.24684
0.24684
0.163329
0.24684
0.202158
0.24684
0.233839
0.24684
0.24684
0.141202
0.0238017
0.0571763
0.0725814
0.0380292
0.0566825
0.146514
0.24684
0.0912429
0.107956
0.0697198
0.0225762
0.0650773
0.0785055
0.24684
0.24684
0.24684
0.0880934
0.0692059
0.0314868
0.0344907
0.0765715
0.073357
0.178649
0.16163
0.235505
0.277622
0.172282
0.0210004
0.0612968
0.0981667
0.00460911
0.0138304
0.135388
0.277937
0.277937
0.0798674
0.0571076
0.139589
0.263343
0.0455046
0.0266557
0.162239
0.277937
0.142156
0.0768633
0.0315941
0.0389685
0.098517
0.0891398
0.207821
0.235754
0.277937
0.190521
0.0977751
0.0599664
0.196536
0.277937
0.0417375
0.0440129
0.181607
0.277937
0.291658
0.102455
0.0599795
0.159709
0.276559
0.0266062
0.0201484
0.213769
0.291658
0.127921
0.249192
0.146035
0.138135
0.159645
0.0663881
0.0528532
0.082911
0.0863121
0.247265
0.0924415
0.0654016
0.199708
0.291658
0.033905
0.0484092
0.291658
0.291658
0.101887
0.198631
0.126002
0.116033
0.163745
0.0452788
0.0671084
0.0947571
0.0839149
0.23767
0.23767
0.23767
0.23767
0.23767
0.0676879
0.0484366
0.105255
0.127566
0.0996271
0.192263
0.23767
0.23767
0.175049
0.0359136
0.0235447
0.0451761
0.0715889
0.14702
0.23767
0.23767
0.216143
0.230514
0.064453
0.102237
0.113471
0.132695
0.0707942
0.14017
0.23767
0.23767
0.23767
0.036102
0.0342156
0.0436538
0.0757322
0.0784957
0.1255
0.155347
0.178367
0.110521
0.0103191
0.00482472
0.0206867
0.0503668
0.0991765
0.158547
0.159612
0.264816
0.118755
0.181065
0.15951
0.264816
0.264816
0.0410782
0.0884852
0.172139
0.21406
0.133437
0.027824
0.0367656
0.0190045
0.0760906
0.0879092
0.213863
0.264816
0.264816
0.207151
0.152936
0.228781
0.264816
0.264816
0.236836
0.277186
0.277186
0.277186
0.277186
0.277186
0.116258
0.0724155
0.0128591
0.0708759
0.24604
0.277186
0.265685
0.10361
0.0580513
0.0438662
0.107956
0.0157662
0.128418
0.208088
0.169641
0.277186
0.277186
0.00174116
0.000941194
0.000594281
0.000339391
0.114934
0.183499
0.0752073
0.0533196
0.0478495
0.00110932
0.00053422
0.000142771
0
0.185041
0.279618
0.279618
0.279618
0.217919
0.0401004
0.10183
0.224055
0.0255963
0.123618
0.0759917
0.0874622
0.0510421
0.0330474
0.0682559
0.279618
0.279618
0.279618
0.242114
0.279618
0.103456
0.103302
0.0919186
0.00515763
0.00377189
0.000914572
0.000740383
0.0776392
0.0500592
0.109664
0.0726739
0.0787396
0.14205
0.120169
0.196742
0.277882
0.155755
0.132126
0.0863983
0.0313863
0.0750777
0.0710779
0.246068
0.246068
0.246068
0.13318
0.102984
0.0508972
0.0558161
0.121362
0.0809448
0.206809
0.209166
0.246068
0.102058
0.0680354
0.0743281
0.0613219
0.18938
0.212771
0.169111
0.246068
0.246068
0.156511
0.126878
0.0556525
0.0657288
0.246068
0.246068
0.246068
0.246068
0.098605
0.137502
0.0824374
0.0359623
0.0438292
0.116734
0.0624255
0.164314
0.232782
0.258457
0.20291
0.0802995
0.0628772
0.177427
0.258457
0.0314628
0.0329661
0.167703
0.258457
0.121006
0.075911
0.0175122
0.044762
0.258457
0.258457
0.258457
0.258457
0.246414
0.173555
0.069416
0.107929
0.0956576
0.170091
0.0292111
0.0671547
0.226385
0.258457
0.289796
0.0824635
0.0752263
0.215952
0.31063
0.0310771
0.0392546
0.31063
0.31063
0.132862
0.218963
0.110015
0.107132
0.156508
0.0388134
0.0742394
0.108511
0.0895566
0.228321
0.0704311
0.107041
0.11657
0.224031
0.0365672
0.0530239
0.31063
0.31063
0.0797445
0.112418
0.0506934
0.066038
0.221586
0.0497769
0.031992
0.0725291
0.10589
0.191755
0.245505
0.245505
0.244633
0.245505
0.0638335
0.115195
0.15679
0.141236
0.104534
0.18306
0.245505
0.245505
0.245505
0.0608346
0.0477628
0.0668283
0.0880908
0.11575
0.214517
0.11507
0.14086
0.245505
0.105509
0.0609356
0.0995271
0.107477
0.136376
0.16058
0.164188
0.138097
0.0955428
0.0762377
0.122579
0.217948
0.245505
0.0465945
0.0835233
0.128061
0.175912
0.103852
0.0229631
0.0251582
0.0386787
0.0575956
0.0783199
0.186095
0.242248
0.246117
0.246117
0.114264
0.158271
0.246117
0.246117
0.0409978
0.0825206
0.0865926
0.0603418
0.052823
0.0449242
0.065247
0.157087
0.144456
0.152766
0.246117
0.246117
0.246117
0.246117
0.204937
0.22514
0.246117
0.231875
0.106111
0.240993
0.143149
0.319409
0.319409
0.000135275
4.00552e-05
0
0
0.135477
0.213097
0.0594709
0.0723918
0.10442
0.00966099
0.00475971
0.000900902
0
0.210012
0.0999804
0.141144
0.319409
0.319409
0.0130323
0.000601295
0
0
0.088389
0.191449
0.277585
0.319409
0.319409
0.135676
0.0175368
0.0027027
0.00635702
0.223511
0.291727
0.0564964
0.114532
0.144226
0.0199436
0.0148078
0.00267489
0.000654038
0.100094
0.0520381
0.095313
0.106086
0.0965506
0.141965
0.0981966
0.194286
0.293911
0.122849
0.221688
0.293911
0.293911
0.293911
0.196648
0.0371053
0.007476
0.00404494
0.00725248
0.0303668
0.0936763
0.293911
0.293911
0.228959
0.131308
0.122075
0.0172552
0.0947456
0.0560317
0.0537299
0.0708934
0.140906
0.146709
0.115171
0.195407
0.235112
0.110815
0.0987796
0.0574263
0.0936136
0.226862
0.184515
0.205692
0.256574
0.0889977
0.00293355
0.00555879
0.0536744
0.268663
0.268663
0.268663
0.14168
0.0795766
0.00866859
0.0112596
0.051007
0.200554
0.268663
0.268663
0.268663
0.268663
0.132106
0.0336433
0.103348
0.0705277
0.036624
0.0789345
0.24812
0.174281
0.183628
0.24812
0.208262
0.154878
0.0685923
0.0737389
0.0860752
0.149492
0.031891
0.0571683
0.215141
0.24812
0.0323603
0.0350622
0.128259
0.24812
0.24812
0.24812
0.234764
0.138315
0.169105
0.105019
0.104695
0.118807
0.0968118
0.19979
0.210947
0.1043
0.24812
0.24812
0.244566
0.0758986
0.0823314
0.126898
0.228546
0.0474968
0.068665
0.3138
0.3138
0.0821203
0.119031
0.0499002
0.0751029
0.207032
0.0539301
0.0277349
0.069687
0.0944308
0.175854
0.117997
0.108325
0.105072
0.197817
0.202506
0.140638
0.3138
0.3138
0.15433
0.165655
0.083967
0.193484
0.224423
0.127545
0.0161622
0.0845428
0.178254
0.085327
0.1634
0.0833915
0.128691
0.28313
0.0844044
0.0378675
0.0755584
0.0728733
0.0932592
0.119404
0.108458
0.128857
0.0656754
0.0616566
0.0956814
0.283678
0.344268
0.175905
0.191573
0.122029
0.276488
0.278237
0.135834
0.0234336
0.0778667
0.203973
0.11007
0.075628
0.0522557
0.0623612
0.0404268
0.0733499
0.0600376
0.344268
0.344268
0.037571
0.0733846
0.0758834
0.0715615
0.0535454
0.0370363
0.0606531
0.174957
0.134412
0.13528
0.223547
0.241308
0.241308
0.241308
0.200877
0.165591
0.241308
0.209772
0.0577286
0.0614047
0.0472256
0.0684294
0.0820986
0.0565992
0.0733527
0.241308
0.241308
0.156913
0.235215
0.241308
0.241308
0.241308
0.22932
0.157655
0.112382
0.149169
0.0985635
0.06698
0.0563988
0.293528
0.293528
0.050115
0.0014606
0
0.000958831
0.0365979
0.0950524
0.0908027
0.263176
0.293528
0.0683182
0.0124857
0.00195805
0.00359111
0.207946
0.127324
0.17422
0.293528
0.293528
0.293528
0.1333
0.0131513
0.00159805
0.0113977
0.0129285
0.0569739
0.293528
0.293528
0.293528
0.025752
0
0.000228293
0.0376508
0.0828043
0.0774072
0.254106
0.332358
0.0830462
0.0206383
0.00389567
0.00170085
0.00253515
0.0114552
0.035389
0.230559
0.332358
0.121205
0.0510409
0.033362
0.00386894
0.00935342
0.00997513
0.0576142
0.332358
0.332358
0.332358
0.0229163
0
0
0.0014916
0.013709
0.240563
0.332358
0.332358
0.0731844
0.0100581
0.00838104
0
0.001897
0.00216731
0.0359892
0.262924
0.344094
0.167568
0.0743477
0.0288907
0.00255198
0.00571748
0.0394231
0.13976
0.267912
0.300429
0.166008
0.121846
0.105943
0.0215614
0.00257925
0.0128287
0.212397
0.344094
0.344094
0.089041
0.031369
0.0149724
0.00405171
0.00895322
0.0497357
0.119774
0.235371
0.344094
0.227588
0.0740318
0.0144926
0.00675285
0.0252659
0.0347201
0.136155
0.262809
0.262809
0.191
0.148311
0.131207
0.10988
0.071794
0.0778479
0.0839873
0.0746983
0.140831
0.174961
0.100451
0.262809
0.262809
0.0177566
0.0477123
0.123402
0.262809
0.262809
0.230841
0.133324
0.0487159
0.0447668
0.0293681
0.0359098
0.149577
0.109013
0.158341
0.17638
0.262809
0.262809
0.262809
0.115837
0.0802071
0.0747278
0.0930975
0.145394
0.160032
0.134838
0.26139
0.26139
0.102277
0.126677
0.0852703
0.128568
0.179472
0.109003
0.0259122
0.0570761
0.100269
0.0401797
0.050282
0.26139
0.243058
0.229551
0.180846
0.26139
0.26139
0.26139
0.0715383
0.133331
0.138939
0.234319
0.26139
0.192753
0.118084
0.0816986
0.103998
0.0896841
0.123833
0.0962654
0.159458
0.185473
0.0940473
0.0261987
0.0500555
0.0925028
0.0635507
0.0422117
0.0390176
0.0469919
0.0269767
0.0335244
0.0445629
0.307792
0.307792
0.0758008
0.119271
0.145396
0.266992
0.307792
0.170371
0.100358
0.0953184
0.121719
0.12055
0.266585
0.286085
0.0876882
0.0754564
0.16926
0.122448
0.307792
0.307792
0.0705368
0.0579094
0.0601088
0.0868334
0.0730782
0.0488102
0.0808417
0.242494
0.242494
0.174912
0.234462
0.236237
0.242494
0.242494
0.221503
0.140603
0.110005
0.146179
0.114639
0.13922
0.163405
0.125248
0.10677
0.101144
0.0787602
0.242494
0.242494
0.169399
0.242494
0.206978
0.242494
0.242494
0.114664
0.0615078
0.0371433
0.0275559
0.128778
0.0807837
0.104513
0.274017
0.274017
0.274017
0.0794742
0.00992082
0.00192882
0.00526581
0.00640808
0.0437
0.274017
0.274017
0.265054
0.0343466
0
0.000275545
0.150499
0.097843
0.191018
0.274017
0.211239
0.274017
0.0803016
0
0
0.000265951
0.00453112
0.241303
0.274017
0.163885
0.274017
0.0740325
0
0
0.00320689
0.00455797
0.0441706
0.293619
0.293619
0.279829
0.0301048
0
0
0.00106896
0.0110786
0.160683
0.293619
0.293619
0.144808
0.0254159
0
0
0
0.00709916
0.251679
0.293619
0.172019
0.293619
0.081775
5.4924e-05
0
0
0.0133277
0.293619
0.218367
0.1261
0.293619
0.134608
0.000164772
0
0.00261887
0.0129879
0.157694
0.292027
0.292027
0.157009
0.035976
0.00310462
0.00160062
0.00943986
0.0502742
0.166479
0.18469
0.292027
0.201852
0.0614773
0.0115659
0.00342286
0.00130398
0.0195658
0.292027
0.263939
0.148149
0.292027
0.162865
0.0015348
0.00053354
0.0264904
0.15394
0.292027
0.0397813
0.11426
0.292027
0.292027
0.00928236
0.0016444
0.0188983
0.0586456
0.246405
0.270382
0.284372
0.215953
0.106481
0.0351073
0.0252786
0.0206353
0.0543994
0.125909
0.0698612
0.115644
0.161591
0.209167
0.223248
0.189262
0.0311803
0.167777
0.284372
0.0479686
0.171897
0.284372
0.284372
0.0415385
0.00734822
0.0596069
0.253796
0.181222
0.0291022
0.0571885
0.0713745
0.284372
0.17462
0.0438618
0.0319215
0.0872562
0.259695
0.175021
0.192506
0.176317
0.262185
0.262185
0.24838
0.0637715
0.118911
0.134578
0.150891
0.262185
0.142062
0.0981972
0.0870328
0.094251
0.0578638
0.262185
0.262185
0.0551943
0.0686535
0.0861139
0.262185
0.262185
0.078959
0.0355805
0.0583843
0.0297348
0.0490993
0.118134
0.0521309
0.155
0.262185
0.186371
0.0566935
0.100327
0.126373
0.151472
0.253231
0.0991961
0.0727341
0.0989438
0.105969
0.096583
0.1761
0.219111
0.0727199
0.0710778
0.158896
0.0982538
0.253231
0.253231
0.0503257
0.0256902
0.0255345
0.0493352
0.0958477
0.0503387
0.179998
0.253231
0.253231
0.226697
0.17879
0.224851
0.128811
0.190535
0.253231
0.166876
0.253231
0.253231
0.125059
0.118688
0.170198
0.112305
0.111842
0.107289
0.0879667
0.240859
0.240859
0.175436
0.240859
0.208545
0.240859
0.232768
0.0965822
0.0580714
0.0358835
0.0309998
0.240859
0.178858
0.234876
0.145487
0.137101
0.178248
0.154293
0.240859
0.240859
0.108031
0.162432
0.168973
0.165921
0.239845
0.0835391
0.0401544
0.0500635
0.0445765
0.139187
0.108748
0.23701
0.280398
0.280398
0.280398
0.0819251
0
0
0.00168604
0.00694282
0.280398
0.280398
0.169198
0.280398
0.102508
0
0
0.0224169
0.017313
0.076342
0.238059
0.280398
0.207827
0.0462499
0.00502122
0.00230717
0.00956608
0.191545
0.280398
0.145299
0.0736079
0.251253
0.0513683
0
0
0.000878548
0.00815507
0.285983
0.285983
0.177179
0.285983
0.106133
7.07971e-05
0
0.0110906
0.0421893
0.285983
0.1758
0.170648
0.285983
0.21401
0.000212391
0
0.00778274
0.157193
0.285983
0.160278
0.076539
0.259265
0.0922723
0.000401543
0
0.0206595
0.0685302
0.285983
0.2302
0.0550689
0.257158
0.133097
0.00120463
0
0.0123126
0.0514657
0.303161
0.199431
0.195499
0.303161
0.250013
0.000323352
4.7257e-05
0.0316396
0.156293
0.303161
0.0390029
0.0872978
0.303161
0.303161
0.0302295
0.00327634
0.0234957
0.0721901
0.303161
0.250981
0.0687057
0.292158
0.194684
0.00210505
0.00171411
0.024153
0.0897155
0.187961
0.0389508
0.0466662
0.0975754
0.121888
0.0302932
0.0085137
0.0429205
0.219849
0.330922
0.0468648
0.139547
0.330922
0.330922
0.0616329
0.00684861
0.0619565
0.330922
0.255723
0.0276896
0.059611
0.102943
0.330922
0.233656
0.0545127
0.038424
0.168018
0.267087
0.0270305
0.0807401
0.134682
0.170231
0.0374257
0.0149714
0.0665439
0.154298
0.0723945
0.0176005
0.0566673
0.0841509
0.177391
0.0484417
0.0107672
0.0467402
0.316851
0.286418
0.03141
0.052968
0.0843079
0.316851
0.316851
0.0631797
0.0384472
0.053787
0.023625
0.0267455
0.0515813
0.0387332
0.146412
0.316851
0.213114
0.0803789
0.199953
0.103541
0.0193789
0.0518082
0.0900914
0.217657
0.0972354
0.0376051
0.193564
0.0493023
0.0725407
0.0889323
0.0539905
0.101113
0.170498
0.316851
0.316851
0.0403863
0.0277743
0.0187525
0.0239379
0.0411047
0.0312565
0.122185
0.257545
0.257545
0.149069
0.119293
0.184876
0.117267
0.218533
0.257545
0.129136
0.244598
0.257545
0.148401
0.051984
0.0681294
0.062664
0.0510916
0.0674204
0.127787
0.257545
0.257545
0.125216
0.253051
0.251934
0.142766
0.257545
0.104237
0.132947
0.174099
0.16411
0.227616
0.163927
0.237658
0.176056
0.237658
0.2071
0.160312
0.237658
0.237658
0.118031
0.141111
0.207972
0.203514
0.237013
0.0939123
0.0569878
0.0534208
0.0436239
0.148481
0.237658
0.237658
0.177916
0.237658
0.110524
0.159278
0.237658
0.138858
0.0525893
0.100691
0.0877079
0.161037
0.140083
0.0318558
0.0130146
0.0140002
0.0164182
0.0385048
0.0394602
0.183369
0.27282
0.27282
0.253524
0.0722765
0.0118632
0.00147665
0.0234802
0.207435
0.27282
0.27282
0.0833061
0.27282
0.0701317
0.00364409
0.000469679
0.0404752
0.0429025
0.269755
0.27282
0.27282
0.119616
0.153109
0.0317699
0.0067283
0.0177924
0.0979076
0.27282
0.198548
0.0712253
0.210904
0.164304
0.0428388
0.00611708
0.0166492
0.176606
0.273367
0.273367
0.0778888
0.265132
0.0914686
0.00490308
0.000325459
0.0412915
0.12479
0.273367
0.242387
0.0803259
0.273367
0.213388
0.00567426
0.00158759
0.0143617
0.100516
0.273367
0.189184
0.0538967
0.220203
0.172159
0.048098
0.00610683
0.00261303
0.199585
0.273367
0.0368518
0.0238177
0.258235
0.263189
0.011832
0.0032646
0.0397128
0.141596
0.284038
0.248966
0.088434
0.284038
0.245665
0.00610994
0.00260586
0.0280126
0.0971871
0.256996
0.0342091
0.0410276
0.103545
0.170962
0.0509933
0.0118506
0.00221238
0.20901
0.284038
0.0287327
0.014574
0.284038
0.284038
0.0140464
0.00277935
0.00398073
0.284038
0.284038
0.00749681
0.0203075
0.188434
0.284038
0.002287
0.000602216
0.0596271
0.280425
0.320391
0.0304767
0.0807556
0.142796
0.264049
0.0607754
0.0202092
0.0805148
0.24043
0.0996721
0.0250816
0.0771609
0.135695
0.296374
0.0705429
0.0136694
0.00413922
0.320391
0.320391
0.00694399
0.034959
0.294816
0.320391
0.00770321
0.00132451
0.0257682
0.190602
0.246264
0.0177199
0.0485696
0.0721266
0.138075
0.0217151
0.0020857
0.0765541
0.254671
0.111914
0.019817
0.053591
0.0987348
0.23559
0.088868
0.0343667
0.177986
0.0476009
0.0801635
0.0767186
0.0579675
0.102885
0.183584
0.365611
0.365611
0.0269843
0.168263
0.221732
0.0111515
0.0332544
0.0316141
0.0808007
0.022972
0.00997281
0.24703
0.0558387
0.0747559
0.0175203
0.0196285
0.0129662
0.22889
0.365611
0.365611
0.126371
0.0572391
0.05293
0.0614346
0.0745784
0.0706853
0.11201
0.274989
0.274989
0.103396
0.198907
0.274989
0.16939
0.274989
0.106441
0.125654
0.186024
0.14148
0.15096
0.0850991
0.107891
0.0586252
0.0681074
0.0448621
0.106037
0.234677
0.274989
0.145366
0.1987
0.274989
0.216004
0.212755
0.0593038
0.103727
0.149856
0.171249
0.145013
0.255558
0.255558
0.255558
0.255558
0.13756
0.152738
0.255558
0.122251
0.0655965
0.105139
0.119909
0.25208
0.167696
0.0386974
0.019179
0.0162942
0.0287304
0.182081
0.255558
0.255558
0.255558
0.255558
0.121829
0.100119
0.188383
0.132595
0.0346876
0.0467513
0.0820306
0.208156
0.206568
0.0339108
0.0125846
0.00902316
0.0320945
0.0994047
0.084757
0.297993
0.297993
0.297993
0.144159
0.214422
0.0501665
0.00582766
0.0351389
0.0784011
0.297993
0.234493
0.0937181
0.256562
0.243174
0.0641828
0.00753791
0.0030251
0.0159386
0.0307138
0.297993
0.297993
0.210817
0.101998
0.0116972
0.00848381
0.00109541
0.0479468
0.266355
0.157642
0.0461955
0.104563
0.114038
0.0103636
0.00140903
0.0260068
0.110225
0.294243
0.206468
0.0666517
0.225548
0.21385
0.0683031
0.00630835
0.00549014
0.242264
0.294243
0.0766219
0.0265622
0.294243
0.294243
0.0211196
0.00612965
0.00200631
0.0490379
0.260558
0.144819
0.0429153
0.116424
0.0961898
0.0102177
0.00116271
0.00275065
0.0432824
0.294243
0.285537
0.0466853
0.294243
0.22786
0.000831156
0
0.00252854
0.215466
0.298607
0.0665913
0.0109474
0.258171
0.298607
0.0174313
0.00326929
0.00352241
0.269543
0.298607
0.00624566
0.0184657
0.157349
0.298607
0.00383872
0.000719651
0.00342505
0.0407619
0.298607
0.231983
0.037105
0.278683
0.182717
0.00136674
0
0.0305709
0.120119
0.298607
0.101846
0.0265406
0.129877
0.193746
0.0215961
0.00100203
0.00629663
0.353274
0.353274
0.00925213
0.0301977
0.226356
0.353274
0.00789187
0
0.0276296
0.172716
0.19364
0.0173158
0.0468747
0.0575224
0.130041
0.0195157
0.00252966
0.0448719
0.211471
0.353274
0.16496
0.0307002
0.176884
0.306464
0.0297021
0.00158116
0.0599796
0.29148
0.232169
0.0128807
0.0407856
0.0621851
0.0899106
0.00552105
0.00252965
0.0412323
0.200519
0.209342
0.0148677
0.0446267
0.0499319
0.141154
0.030208
0.0128739
0.310749
0.0680749
0.122636
0.0144439
0.0230868
0.00710244
0.184886
0.387867
0.387867
0.0679756
0.347247
0.277731
0.00701575
0.0282779
0.0687414
0.102651
0.00750202
0.00671256
0.121259
0.0536323
0.0257427
0.00651164
0.0120635
0.00711093
0.0579269
0.21363
0.387867
0.19107
0.0993955
0.123858
0.0779914
0.102558
0.0577389
0.0940097
0.28121
0.28121
0.196299
0.206698
0.28121
0.28121
0.28121
0.0778802
0.0921185
0.182898
0.243573
0.0837858
0.076229
0.0661281
0.0086937
0.0183674
0.0268092
0.0348734
0.160851
0.28121
0.130453
0.181237
0.186135
0.0788111
0.125393
0.0583759
0.0414912
0.101769
0.28121
0.235447
0.269775
0.269775
0.269775
0.269775
0.160522
0.0974395
0.227708
0.192898
0.0407942
0.0608073
0.132174
0.269775
0.255298
0.043691
0.0198693
0.0126731
0.0561512
0.163685
0.269775
0.269775
0.113582
0.185195
0.0986067
0.0512433
0.170969
0.269775
0.0159913
0.0312259
0.0489985
0.0835652
0.126768
0.0363269
0.0195949
0.0126582
0.0164197
0.0647921
0.0284358
0.101309
0.306863
0.306863
0.201716
0.0829874
0.0154764
0.0098696
0.00127509
0.0365295
0.258266
0.195582
0.0610995
0.177299
0.174345
0.0156859
0.00122303
0.0659065
0.0216959
0.215168
0.306863
0.306863
0.177878
0.0929599
0.00795778
0
0.00432195
0.0439247
0.306863
0.306863
0.0661887
0.297082
0.116937
0.00247207
0
0.00154971
0.0407308
0.289184
0.184921
0.0511089
0.182634
0.151172
0.0152695
0.000375796
0.00605356
0.03771
0.289184
0.289184
0.0512341
0.289184
0.289184
0.00163925
0
0.00285879
0.0432952
0.275277
0.289184
0.0718736
0.289184
0.11331
0.000866839
0
0.0098004
0.0316384
0.269721
0.168332
0.0928779
0.289184
0.159721
0.000351162
0
0.00523582
0.0467023
0.311965
0.311965
0.0442181
0.294077
0.281634
0.00225198
0
0.0374287
0.182045
0.311965
0.108403
0.0327698
0.188828
0.228863
0.0175418
0.000781712
0.00927478
0.0394738
0.252455
0.158013
0.0753495
0.311965
0.13593
0.000485208
0
0.0120991
0.216434
0.311965
0.0515099
0.0730685
0.190335
0.0443341
0.00590718
0.000260571
0.0464902
0.254298
0.318839
0.131323
0.0389457
0.24699
0.318839
0.0207671
0.00101932
0.0794236
0.318839
0.274656
0.0129299
0.0328162
0.0730764
0.112808
0.00417672
0.00424476
0.0364195
0.303037
0.318839
0.0679997
0.0842057
0.233804
0.0510227
0.00649017
0.000339772
0.151598
0.318839
0.239156
0.0172962
0.0202132
0.0156329
0.0166827
0.00150542
0
0.113782
0.348643
0.348643
0.0116006
0.036861
0.126264
0.214663
0.0125654
0.0115931
0.165855
0.0842447
0.0376217
0.0104743
0.013765
0.0108709
0.0163652
0.300894
0.348643
0.237428
0.348643
0.348643
0.0338198
0.0292089
0.0117687
0.0271692
0.00210708
0.000749559
0.129674
0.15735
0.0242583
0.00773726
0.0243668
0.00296751
0.00294368
0.0680566
0.28553
0.119599
0.0940489
0.0710485
0.0168275
0.0398452
0.0490045
0.036483
0.230973
0.265863
0.182178
0.216848
0.207784
0.129866
0.241701
0.125448
0.0504944
0.146827
0.265863
0.114826
0.117523
0.0277779
0.0133186
0.0417533
0.0516543
0.0882333
0.134566
0.265863
0.0736639
0.162485
0.119324
0.193316
0.265863
0.23935
0.265863
0.228384
0.26417
0.20437
0.265649
0.265649
0.163373
0.265649
0.180968
0.0773083
0.212845
0.265649
0.0215729
0.0515035
0.0749169
0.129854
0.169384
0.0609624
0.029976
0.0147177
0.0235614
0.106563
0.175439
0.137647
0.199427
0.265649
0.265649
0.265649
0.265649
0.265649
0.0201558
0.114562
0.0931422
0.104243
0.130551
0.0321928
0.0231092
0.0101688
0.00866633
0.125249
0.0350902
0.285429
0.315242
0.315242
0.155279
0.071473
0.0088355
0
0.00890362
0.0346384
0.269517
0.27098
0.0733522
0.315242
0.1347
0.00582252
0.00223112
0.000392306
0.00763931
0.0547344
0.315242
0.315242
0.315242
0.0334965
0.00138189
0
0.0353157
0.032206
0.187122
0.185459
0.141954
0.0946369
0.0114659
0.00431929
0.00223112
0.0102551
0.0597918
0.269704
0.269704
0.112332
0.269704
0.208859
0.00733123
0.00146517
0.0198936
0.0682152
0.269704
0.269704
0.146919
0.269704
0.218325
0.00506718
0.000879099
0.0388919
0.0726501
0.2677
0.269704
0.20917
0.123029
0.0347078
0.00785185
0.00146517
0.0362142
0.1815
0.269704
0.202866
0.155146
0.185071
0.105661
0.0161489
0.00282426
0.0174189
0.0931708
0.304444
0.280775
0.148254
0.304444
0.23632
0.00478548
0.00108721
0.0442058
0.304444
0.304444
0.105181
0.135226
0.304444
0.0947777
0.00525132
0.00181201
0.0363645
0.225354
0.304444
0.220978
0.148668
0.165538
0.114234
0.013233
0.00306915
0.0880925
0.160127
0.110656
0.0994311
0.117696
0.0549306
0.0356919
0.0201699
0.0116964
0.0568905
0.336436
0.336436
0.0895741
0.12331
0.336436
0.111071
0.00597155
0.0029461
0.254964
0.336436
0.336436
0.0224612
0.0192667
0.0249493
0.030336
0.0017786
0
0.0941346
0.221886
0.0932738
0.105409
0.113661
0.0494447
0.0374288
0.0197622
0.0135213
0.336436
0.336436
0.0364146
0.0155543
0.0677469
0.000291772
0.000144893
0
0
0.31261
0.343025
0.343025
0.0363552
0.0264046
0.0217509
0.0497082
0.00380571
0.000512525
0.16578
0.200811
0.0218042
0.0110801
0.0242401
0.00156497
0.00256489
0.0877563
0.308473
0.343025
0.343025
0.0417062
0.0183756
0.0846836
0
0
0
0
0.343025
0.301256
0.00284031
0.00942978
0.0661044
0.00454782
0.002865
0.0430578
0.175366
0.14581
0.140793
0.0186081
0.0264442
0.0505941
0.0668265
0.101792
0.157808
0.249387
0.0750564
0.171002
0.133102
0.249387
0.249387
0.249387
0.249387
0.249387
0.249387
0.249387
0.224808
0.00345489
0.0120543
0.056575
0.00630505
0.0234639
0.0886752
0.242558
0.131608
0.0479382
0.0666699
0.176405
0.248047
0.0728692
0.108243
0.219825
0.249387
0.10408
0.160737
0.125014
0.26933
0.26933
0.26933
0.26933
0.26933
0.26933
0.014611
0.0954891
0.102219
0.141533
0.228931
0.0596031
0.0264871
0.00997873
0.00774956
0.194653
0.0349307
0.0594142
0.173818
0.265647
0.0678885
0.12377
0.26933
0.26933
0.0129851
0.0574961
0.0524555
0.158166
0.26933
0.0522371
0.0292416
0.00275932
0.00590313
0.00138686
0.0161444
0.100101
0.378871
0.378871
0.286285
0.0272444
0.0051758
0.00185038
0.0410213
0.037285
0.216054
0.212439
0.173461
0.112313
0.0130492
0.0133759
0.00553072
0.00964446
0.0334245
0.0782272
0.378871
0.378871
0.166798
0.0222651
0.0242893
0.00634223
0.00776855
0.018075
0.0231988
0.052272
0.198467
0.314773
0.12709
0.0170269
0
0.054163
0.0931654
0.268151
0.268151
0.268151
0.180218
0.0555754
0.0257508
0.00607929
0.0379836
0.231551
0.268151
0.268151
0.248096
0.195635
0.130582
0.0251401
0.00718317
0.0100503
0.0280842
0.0495611
0.101263
0.268151
0.268151
0.220278
0.0224275
0.00511962
0.0966671
0.232112
0.268151
0.129189
0.179677
0.144412
0.0901386
0.0183369
0.010029
0.0376885
0.256599
0.256599
0.256599
0.256599
0.209358
0.188852
0.0262359
0.0141232
0.172986
0.229904
0.185622
0.203166
0.187481
0.0689598
0.0703615
0.0338266
0.0232284
0.100138
0.256599
0.256599
0.147653
0.219232
0.178861
0.108988
0.0183998
0.0196189
0.14094
0.256599
0.251142
0.117185
0.172094
0.0138111
0.0217953
0.0235312
0.0159662
0.153226
0.312854
0.139373
0.193613
0.16591
0.0652433
0.0868541
0.0336904
0.0289123
0.351484
0.351484
0.0613445
0.0202656
0.0805316
0.000742061
0.000679438
0
0
0.142369
0.351484
0.221093
0.0896076
0.158832
0.0234133
0.0340277
0.0260775
0.0176415
0.351484
0.351484
0.0485766
0.0773402
0.194716
0.0178699
0.019017
0.00533018
0
0.335169
0.335169
0.0569431
0.0165639
0.07172
6.12866e-05
0.000895714
0
0
0.335169
0.303996
0
0.00689072
0.055758
0.00218414
0.00323375
0.045475
0.16826
0.335169
0.335169
0.0433404
0.0674794
0.156671
0.0249535
0.026271
0.00699018
0
0.335169
0.260429
0.0162461
0.062617
0.268438
0.000728046
0.00222874
0.0111334
0.121685
0.270791
0.255233
0.00286195
0.01711
0.0575378
0.00242949
0.0243892
0.0947352
0.270791
0.143653
0.0385346
0.0891113
0.240599
0.270791
0.087035
0.109888
0.231091
0.270791
0.270791
0.236989
0.00802672
0.0500074
0.209953
0.000989458
0.00775884
0.0440351
0.223725
0.13498
0.0071293
0.0235014
0.188229
0.26827
0.0388219
0.0505314
0.188561
0.270791
0.225986
0.0283389
0.079892
0.271487
0.285202
0.0811079
0.133507
0.285202
0.285202
0.0101968
0.0451134
0.0788422
0.17779
0.285202
0.115495
0.0371297
0.00371537
0.00858952
0.19941
0.00943743
0.0158816
0.197035
0.251356
0.0551067
0.0633065
0.248271
0.285202
0.0039944
0.0180721
0.0634371
0.285202
0.285202
0.0654609
0.00542244
0.00295655
0.00218474
0.0344622
0.0433028
0.105986
0.377028
0.377028
0.204425
0.0556398
0.0188964
0.00888996
0.00684533
0.0281092
0.0349259
0.0643953
0.247365
0.315356
0.115043
0.0237761
0.00176399
0.158603
0.0287828
0.0696734
0.377028
0.377028
0.271709
0.0799278
0.027794
0.0267942
0.0249656
0.102753
0.225118
0.0768111
0.0531427
0.0793008
0.0369991
0.0129317
0.0136001
0.0144561
0.0403529
0.0743275
0.141918
0.272746
0.272746
0.222303
0.0365241
0.0133083
0.0891832
0.272746
0.272746
0.231896
0.226544
0.181477
0.0938098
0.0199414
0.0181194
0.0710751
0.198104
0.272746
0.212221
0.110242
0.151613
0.053901
0.0135104
0.0146901
0.0363211
0.15467
0.272746
0.272746
0.112134
0.0511075
0.20933
0.181671
0.0171455
0.0757624
0.274688
0.274688
0.204847
0.204397
0.181138
0.101443
0.0183418
0.0297576
0.10986
0.274688
0.274688
0.147578
0.186742
0.0141747
0.0265463
0.022993
0.0212769
0.039529
0.172448
0.274688
0.274688
0.107621
0.0657263
0.181386
0.138196
0.00884127
0.0646932
0.274688
0.274688
0.159781
0.126758
0.0851779
0.185739
0.0715856
0.0041002
0.121954
0.281781
0.23632
0.129041
0.180757
0.017176
0.0413603
0.0294052
0.0279234
0.281781
0.281781
0.0801785
0.086983
0.19079
0.0124858
0.0165205
0.00645222
0.00163785
0.11632
0.281781
0.281781
0.167849
0.192516
0.109167
0.222108
0.0814234
0.00291672
0.281781
0.281781
0.218375
0.111267
0.250041
0.0146929
0.00979472
0.00856098
0.00214945
0.292179
0.292179
0.0664912
0.0758631
0.170354
0.0148497
0.0225491
0.00827512
0.00263937
0.292179
0.283192
0.0148228
0.0538195
0.267191
0.000117074
0.00276346
0.0180384
0.112553
0.292179
0.265957
0.113018
0.11904
0.292179
0.0147727
0.010168
0.00956966
0.00332019
0.292179
0.292179
0.0312534
0.0795978
0.292179
0.00514319
0.0515238
0.018097
0.0303588
0.296762
0.292564
0.00790071
0.049687
0.255704
0.00130138
0.0122891
0.0615925
0.239998
0.139382
0.00898836
0.0249691
0.203962
0.296762
0.0481616
0.0763657
0.22595
0.296762
0.296762
0.296762
0.0160073
0.0967051
0.296762
0.00213656
0.0352561
0.0567792
0.10913
0.139244
0.065503
0.0266625
0.0851852
0.138441
0.0426299
0.0884155
0.133258
0.177229
0.261164
0.0155136
0.0257548
0.270604
0.292786
0.0911742
0.120406
0.292786
0.292786
0.00581678
0.0262462
0.130669
0.292786
0.292786
0.155399
0.0110607
0.0111516
0.00388632
0.239368
0.0754551
0.0290799
0.125785
0.15738
0.0538468
0.114833
0.243392
0.292786
0.0290086
0.0519609
0.0680597
0.183288
0.222754
0.072211
0.034519
0.0149187
0.0231506
