0.143409
0.183616
0.0914962
0.180534
0.166152
0.183279
0.233982
0.233982
0.141102
0.0742389
0.196926
0.130564
0.124983
0.227207
0.143312
0.12001
0.165837
0.0768883
0.0748583
0.0600017
0.0523022
0.0625073
0.1116
0.167016
0.158565
0.233982
0.233982
0.169128
0.233982
0.121399
0.118997
0.233982
0.0520817
0.233982
0.233982
0.217208
0.111465
0.207806
0.164733
0.169935
0.222637
0.152973
0.1433
0.142329
0.0794013
0.0671795
0.187247
0.0757797
0.109823
0.158262
0.147975
0.150364
0.0225242
0.0148858
0.211733
0.245119
0.145611
0.164227
0.245119
0.0875552
0.245119
0.245119
0.245119
0.0500708
0.245119
0.242821
0.0426857
0.0757145
0.217671
0.245119
0.0445712
0.0317533
0.106824
0.223229
0.108524
0.131002
0.166114
0.221249
0.217493
0.0332031
0.0201134
0.0838889
0.207444
0.106286
0.109394
0.166563
0.254148
0.219257
0.120169
0.0392129
0.0651784
0.254148
0.254148
0.0600904
0.0749695
0.254148
0.254148
0.0684324
0.055427
0.04685
0.254148
0.254148
0.161865
0.0627759
0.181949
0.254148
0.12542
0.0140674
0.12599
0.269556
0.17128
0.145645
0.183485
0.269556
0.269556
0.151106
0.0438853
0.0904638
0.200317
0.132631
0.117342
0.0690482
0.112558
0.191817
0.114427
0.0474766
0.0637999
0.269556
0.269556
0.148909
0.0718577
0.248393
0.269556
0.216363
0.0296776
0.0604927
0.203781
0.184117
0.0622231
0.0729188
0.0636386
0.145192
0.177156
0.0659523
0.11197
0.237834
0.163414
0.145958
0.0680197
0.101302
0.237834
0.141851
0.0671408
0.0938227
0.0952379
0.097627
0.207023
0.0773197
0.0953639
0.172437
0.237834
0.211712
0.0755955
0.226904
0.16712
0.0501994
0.0866232
0.0906957
0.206315
0.237834
0.137657
0.20269
0.112868
0.105174
0.22535
0.237834
0.0834466
0.237834
0.237834
0.237834
0.0539305
0.0667017
0.054015
0.10047
0.0635359
0.0319038
0.0637326
0.115725
0.0787119
0.39662
0.190559
0.0778704
0.0695192
0.0842741
0.0149294
0.0246857
0.330721
0.39662
0.0797544
0.065786
0.0549093
0.0891894
0.100344
0.0372884
0.0837446
0.163832
0.183963
0.39662
0.155458
0.0501728
0.0907075
0.175248
0.0090427
0.0150079
0.0486037
0.381281
0.29238
0.159447
0.0737124
0.0630535
0.0935473
0.0156423
0.0262892
0.17321
0.297943
0.138831
0.0561534
0.0308256
0.0685286
0.0932889
0.0920519
0.0941376
0.261162
0.297943
0.272827
0.122623
0.0505376
0.05962
0.109381
0.00935222
0.0293257
0.261458
0.297943
0.208606
0.1144
0.051439
0.0991566
0.116719
0.02933
0.115793
0.297943
0.297943
0.0785815
0.063049
0.0497652
0.0453223
0.114296
0.13062
0.149764
0.230904
0.230904
0.16261
0.230904
0.105337
0.118598
0.230904
0.0449839
0.230904
0.230904
0.220247
0.0603926
0.0254995
0.0560781
0.16347
0.142078
0.120489
0.208956
0.230904
0.230904
0.157322
0.230904
0.134744
0.167475
0.230904
0.0519723
0.162192
0.177907
0.230904
0.173341
0.23539
0.0988797
0.12011
0.228112
0.0538893
0.222263
0.23539
0.23539
0.0480408
0.23539
0.185951
0.0345654
0.0466353
0.14389
0.23539
0.0549463
0.0267319
0.147434
0.23539
0.129477
0.191628
0.23539
0.0571235
0.164296
0.21587
0.23539
0.0264897
0.162786
0.23539
0.23539
0.0716157
0.0636726
0.168632
0.072845
0.0206287
0.073744
0.254189
0.254189
0.0590241
0.0553834
0.228035
0.254189
0.0827378
0.0477547
0.0426724
0.254189
0.254189
0.123525
0.0650769
0.162803
0.254189
0.144086
0.0150455
0.0244391
0.169125
0.254189
0.254189
0.0806598
0.104793
0.245178
0.0843319
0.0328956
0.010936
0.0972229
0.254189
0.0568226
0.230695
0.254189
0.158511
0.0723319
0.02421
0.0581845
0.28187
0.28187
0.141853
0.0770787
0.212963
0.28187
0.196745
0.0285685
0.0478424
0.181393
0.1524
0.0567351
0.0693654
0.100357
0.146061
0.158367
0.0581221
0.0140202
0.126172
0.28187
0.0721619
0.28187
0.28187
0.200037
0.0814554
0.0359173
0.0223103
0.0139492
0.0478038
0.10546
0.28187
0.28187
0.162868
0.071034
0.0939194
0.0439658
0.173347
0.117216
0.0390446
0.0588579
0.0940321
0.118546
0.146151
0.0820736
0.101002
0.106233
0.0689737
0.148931
0.205566
0.10068
0.175813
0.286567
0.270975
0.0173624
0.0141313
0.0373655
0.0867931
0.286567
0.286567
0.122328
0.0771878
0.0866514
0.156062
0.111161
0.091291
0.286567
0.286567
0.175629
0.0674077
0.286567
0.286567
0.090038
0.106266
0.0711331
0.116277
0.146786
0.0813176
0.108633
0.266747
0.22462
0.266947
0.226281
0.0719026
0.111242
0.259884
0.0120752
0.0198907
0.0347796
0.266947
0.11851
0.10103
0.0711277
0.232871
0.266947
0.140475
0.0574442
0.258898
0.266947
0.266947
0.1921
0.0368397
0.150727
0.266947
0.0149687
0.00409719
0.00115441
0.00519547
0.241254
0.105151
0.0444028
0.0472468
0.102222
0.00646781
0.0236802
0.180978
0.269121
0.222835
0.115779
0.0403434
0.0842279
0.144573
0.0259319
0.100307
0.269121
0.269121
0.163079
0.0791701
0.0164026
0.038051
0.0819736
0.00991808
0.0471719
0.0823574
0.146259
0.215871
0.0500387
0.182169
0.269121
0.269121
0.269121
0.220612
0.263767
0.269121
0.0475158
0.0249744
0.0684691
0.128112
0.133402
0.0959659
0.172876
0.220351
0.220351
0.184674
0.220351
0.119755
0.150632
0.220351
0.0593551
0.112748
0.131473
0.218461
0.0946835
0.0986341
0.0984508
0.220351
0.220351
0.19038
0.181915
0.220351
0.220351
0.198195
0.220351
0.220351
0.184378
0.220351
0.0976556
0.114331
0.143278
0.136037
0.160492
0.188169
0.116579
0.144623
0.24079
0.0546149
0.123868
0.1408
0.24079
0.0288024
0.135167
0.24079
0.156915
0.0702656
0.103687
0.185779
0.0667709
0.0202277
0.211513
0.24079
0.24079
0.200971
0.24079
0.106596
0.131041
0.170018
0.174032
0.0427928
0.0786871
0.24079
0.24079
0.127187
0.132189
0.24079
0.174963
0.0206565
0.0214105
0.146061
0.283648
0.205671
0.0740834
0.118774
0.221273
0.0712244
0.0272194
0.00836983
0.078541
0.191991
0.0690979
0.224995
0.220396
0.111218
0.0508787
0.0217967
0.0510265
0.0820508
0.283648
0.283648
0.15231
0.192047
0.283648
0.193501
0.0403509
0.0147118
0.0309119
0.0746136
0.283648
0.283648
0.248949
0.196156
0.0247565
0.00195739
0.00808711
0.078344
0.19197
0.0801514
0.221524
0.192754
0.0758149
0.0334304
0.0219324
0.0113016
0.0106289
0.0331373
0.11763
0.289771
0.284421
0.112675
0.043964
0.0538465
0.00891788
0.0154218
0.053478
0.289771
0.289771
0.259627
0.196899
0.00456095
0.00244457
0.0067855
0.0316316
0.209387
0.289771
0.289771
0.289771
0.289771
0.0361523
0
0.00887784
0.00925685
0.028439
0.113046
0.273739
0.218664
0.0793043
0.0451352
0.0487494
0.0489647
0.0636161
0.0452337
0.236213
0.273739
0.111111
0.0795567
0.210163
0.204664
0.0112742
0.0326999
0.141664
0.273739
0.273739
0.273739
0.273739
0.0324065
0.00304417
0.108026
0.0673852
0.0915643
0.199858
0.273739
0.175698
0.202466
0.201849
0.18632
0.0728194
0.0860905
0.0542911
0.224887
0.250564
0.146861
0.105949
0.250564
0.250564
0.250564
0.199888
0.0317164
0.127657
0.250564
0.0120041
0.0064365
0.00349056
0.00241327
0.119574
0.0933683
0.128053
0.216537
0.250564
0.222806
0.250564
0.250564
0.219677
0.163845
0.141065
0.115533
0.144085
0.250564
0.0518164
0.0497988
0.0788404
0.0450876
0.172436
0.08662
0.0159099
0.0353647
0.0859613
0.00805677
0.0412138
0.0654485
0.187772
0.269955
0.0806005
0.20565
0.269955
0.269955
0.269955
0.193812
0.247978
0.269955
0.0941124
0.0750129
0.0569497
0.0734492
0.0699703
0.0140329
0.0273114
0.0513339
0.0718407
0.245414
0.145088
0.235016
0.269955
0.136627
0.140072
0.0652127
0.196932
0.269955
0.0785227
0.0922752
0.11038
0.214949
0.235123
0.140768
0.135098
0.235123
0.16596
0.189414
0.235123
0.217465
0.15421
0.20566
0.0934929
0.087468
0.122659
0.0950779
0.129632
0.235123
0.235123
0.235123
0.235123
0.155431
0.112029
0.210287
0.107368
0.154171
0.235123
0.235123
0.103721
0.156769
0.0269604
0.033739
0.0547951
0.0286854
0.245947
0.245947
0.245947
0.213884
0.245947
0.13959
0.1243
0.128503
0.136856
0.0423084
0.0897978
0.245947
0.245947
0.175656
0.202302
0.245947
0.169972
0.0132881
0.245947
0.245947
0.245947
0.157077
0.243169
0.0337461
0.0419628
0.0261652
0.0246828
0.0379545
0.0470204
0.0811366
0.192925
0.127389
0.0992566
0.069547
0.0292892
0.035298
0.04095
0.0855298
0.273885
0.273885
0.20219
0.251011
0.273885
0.163686
0.0209116
0.0122386
0.0354318
0.0651577
0.273885
0.273885
0.271348
0.238421
0.054278
0.0062534
0.0302236
0.0367637
0.0979312
0.232228
0.174121
0.130256
0.0826647
0.034255
0.031314
0.0282902
0.0970138
0.0998212
0.195554
0.273885
0.156593
0.236545
0.0933363
0.0322378
0.00901839
0.0184231
0.0460132
0.292441
0.292441
0.260894
0.199295
0.0276021
0.00542421
0.00514681
0.0390705
0.172741
0.292441
0.292441
0.292441
0.292441
0.0452696
0.000801338
0.0177367
0.0652063
0.0822276
0.180497
0.292441
0.162191
0.192757
0.0719083
0.0205856
0.00763858
0.0184463
0.076067
0.292441
0.133636
0.114135
0.132264
0.0467025
0.0395398
0.0113341
0.0350978
0.131757
0.282338
0.282338
0.282338
0.282338
0.0420818
0.0082874
0.0767136
0.0505332
0.063648
0.238467
0.282338
0.21587
0.26866
0.219289
0.199708
0.00759787
0.0127396
0.0645608
0.262344
0.124669
0.120566
0.113028
0.0388255
0.037485
0.0591005
0.0208019
0.0400031
0.130413
0.181407
0.138766
0.101414
0.179701
0.26174
0.107284
0.0800184
0.0902084
0.253529
0.2569
0.2569
0.2569
0.2569
0.245829
0.185574
0.16131
0.116494
0.220054
0.2569
0.0579173
0.0584447
0.0781676
0.0540869
0.0779178
0.0775567
0.0993911
0.157722
0.243368
0.217083
0.136011
0.172316
0.238191
0.0503102
0.0949632
0.0755617
0.163362
0.129184
0.0739071
0.0947369
0.167373
0.140667
0.170782
0.12427
0.08488
0.139302
0.127465
0.0255873
0.0451127
0.0717596
0.131002
0.304705
0.250833
0.304705
0.304705
0.142168
0.18559
0.0922567
0.304705
0.304705
0.0512407
0.11901
0.0974357
0.141442
0.107081
0.0562638
0.066888
0.0850729
0.0770073
0.121644
0.0646254
0.0745378
0.102
0.075237
0.0895008
0.0826421
0.265296
0.304705
0.115372
0.237914
0.177247
0.206162
0.309674
0.0863861
0.0640219
0.140135
0.0622128
0.103196
0.178514
0.122247
0.0695657
0.134504
0.0207872
0.0261937
0.0420223
0.0132382
0.226315
0.31423
0.21665
0.0928731
0.328444
0.0474372
0.0761968
0.113398
0.284765
0.0282651
0.0486749
0.0684958
0.278622
0.328444
0.0652282
0.0849836
0.0564442
0.135334
0.155662
0.234734
0.189631
0.104738
0.194871
0.030635
0.027162
0.00331572
0.000584671
0.0157111
0.0202364
0.0317409
0.104481
0.121661
0.0633238
0.0306175
0.0119857
0.0185579
0.0162932
0.0313575
0.040908
0.342164
0.497083
0.104615
0.11928
0.0725289
0.187884
0.00785572
0.0322274
0.038969
0.201395
0.497083
0.278542
0.0228495
0.0021071
0.00734404
0.0101229
0.0119356
0.043301
0.129323
0.146112
0.0736484
0.0328659
0.0109705
0.0116129
0.0115342
0.045283
0.0440389
0.119115
0.227686
0.10623
0.164133
0.0668637
0.0187721
0.00677265
0.0193347
0.0297161
0.222072
0.552794
0.261074
0.0223875
0.00526531
0.0168972
0.00240464
0.00976202
0.0583168
0.200954
0.552794
0.225371
0.111837
0.0420973
0.0117362
0.00758469
0.0294453
0.037027
0.111762
0.209076
0.0964592
0.121168
0.0516394
0.0119583
0.00354985
0.011152
0.0334528
0.219881
0.118492
0.0567845
0.0444587
0.0266845
0.0175734
0.00107262
0.00348698
0.0450196
0.155871
0.569196
0.232023
0.0521498
0.0223709
0.0137848
0.00142734
0.00321301
0.0093766
0.120399
0.569196
0.312543
0.0292104
0.011082
0.00592023
0.00390374
0.00650499
0.0306082
0.19595
0.117514
0.0532677
0.0257171
0.0220278
0.0193877
0.0267511
0.00740583
0.0130771
0.0832806
0.113643
0.103143
0.0623656
0.0769679
0.154251
0.000664199
0.00249856
0.00453092
0.0792634
0.541829
0.338617
0.00634783
0.00264052
0.00539426
0.0144337
0.000153381
0.0011013
0.0335191
0.541829
0.394396
0.0618631
0.0742871
0.0545028
0.0393222
0.0361793
0.0325398
0.0769774
0.154344
0.138983
0.0833018
0.0765632
0.132219
0.0334096
0.0473019
0.036163
0.11065
0.0770723
0.0425797
0.0506868
0.0800301
0.0797462
0.0732549
0.120006
0.0155602
0.0917015
0.495549
0.495549
0.050496
0.0593712
0.0441999
0.136253
0.216077
0.0542957
0.111182
0.495549
0.119719
0.0508567
0.0674681
0.039468
0.0786784
0.142013
0.0998691
0.189596
0.155014
0.0728915
0.0973319
0.105285
0.101612
0.128815
0.0610075
0.0706749
0.103908
0.0865481
0.102299
0.0997125
0.31044
0.31044
0.31044
0.31044
0.105009
0.268391
0.31044
0.203555
0.0932897
0.0967005
0.083468
0.0731005
0.0140342
0.0203412
0.0148504
0.0193568
0.0449669
0.138714
0.218916
0.31044
0.27342
0.32086
0.184019
0.0831324
0.32086
0.037415
0.0617144
0.111518
0.308163
0.0612542
0.0687218
0.0479882
0.240576
0.32086
0.0548382
0.0700965
0.0491677
0.135561
0.189487
0.0796876
0.048315
0.010487
0.02799
0.0148821
0.0446374
0.173711
0.32086
0.101261
0.0557481
0.0195607
0.0498648
0.197233
0.042878
0.0909692
0.128898
0.32086
0.0391324
0.0392173
0.0277225
0.292774
0.438188
0.092539
0.104366
0.0650719
0.184675
0.0184314
0.0346133
0.0388897
0.172086
0.438188
0.231358
0.0367524
0.014359
0.0132824
0.103061
0.0545436
0.0272531
0.0613912
0.20045
0.0697886
0.137558
0.124344
0.36972
0.0639605
0.0696065
0.070925
0.150224
0.283185
0.121247
0.0831202
0.0793857
0.0428267
0.0110334
0.0273248
0.0414459
0.197099
0.482897
0.210592
0.0346224
0.0166567
0.0164497
0.00697964
0.0109873
0.0465506
0.191461
0.482897
0.19999
0.100235
0.0264102
0.0321076
0.0351163
0.0507834
0.088978
0.131463
0.297481
0.123953
0.0918545
0.0827594
0.0639503
0.0523394
0.0539891
0.1228
0.173073
0.270855
0.159827
0.15352
0.0955676
0.144162
0.00450063
0.00874407
0.0357955
0.15501
0.495895
0.187774
0.052614
0.0178657
0.0280295
0.00523906
0.0158493
0.0213972
0.119355
0.495895
0.259911
0.0511098
0.0133036
0.0140202
0.0358301
0.0512612
0.0982646
0.121933
0.285435
0.142872
0.100246
0.0639368
0.125887
0.0151099
0.0779216
0.087932
0.0761697
0.346977
0.158632
0.16767
0.0584234
0.0299103
0.00494103
0.0165755
0.0164641
0.0825732
0.474766
0.269278
0.0222972
0.00938755
0.0134115
0.020531
0.00579615
0.0156147
0.0342473
0.474766
0.364895
0.070618
0.0587142
0.0726529
0.0180222
0.0863067
0.0636905
0.0661569
0.327873
0.151272
0.0922869
0.0419849
0.0226667
0.0157116
0.0309342
0.0803032
0.0558646
0.320927
0.164707
0.0902855
0.0832286
0.0802402
0.0728014
0.0914195
0.0216915
0.0600505
0.360572
0.353678
0.0521697
0.0421352
0.0440079
0.152648
0.171868
0.0551667
0.0706175
0.360572
0.092257
0.0393421
0.0506808
0.0414571
0.131973
0.109742
0.0699806
0.119754
0.360572
0.159214
0.0493568
0.0510188
0.0401386
0.294996
0.225006
0.0631797
0.177658
0.360572
0.0185651
0.0183481
0.019333
0.0228388
0.30782
0.30782
0.089677
0.15637
0.30782
0.155974
0.0777547
0.0798027
0.0769447
0.0482725
0.0082644
0.0123102
0.0155309
0.0183368
0.0369061
0.105349
0.18351
0.269254
0.30782
0.30782
0.0704464
0.30782
0.30782
0.0178308
0.0151512
0.0229772
0.0166666
0.07757
0.0228339
0.0268812
0.0368725
0.0294624
0.0212734
0.0409738
0.164689
0.30782
0.294678
0.138307
0.0569751
0.0130471
0.0252982
0.0235093
0.0775456
0.239845
0.294678
0.190527
0.117518
0.0258569
0.0540985
0.177681
0.064787
0.135349
0.180874
0.294678
0.189949
0.0577346
0.0117082
0.0155692
0.0344374
0.121001
0.177242
0.28411
0.294678
0.132255
0.0879576
0.118781
0.110455
0.0701557
0.142116
0.210395
0.22218
0.294678
0.18079
0.120043
0.0498271
0.0728379
0.173838
0.105979
0.218636
0.2032
0.238269
0.115285
0.12223
0.14011
0.196395
0.191694
0.166826
0.141279
0.127299
0.086833
0.0893815
0.0995954
0.128229
0.150311
0.108542
0.197711
0.238269
0.229265
0.238269
0.0237272
0.0986317
0.157419
0.237239
0.238269
0.238269
0.193487
0.12591
0.176002
0.0636059
0.104063
0.179333
0.173423
0.206435
0.16294
0.152558
0.139698
0.0978197
0.0811347
0.0790165
0.174267
0.213771
0.208118
0.2185
0.2185
0.142847
0.2185
0.0165942
0.105929
0.173101
0.2185
0.2185
0.2185
0.188159
0.138214
0.193087
0.0181166
0.0831471
0.18061
0.180737
0.2185
0.2185
0.172946
0.159044
0.0763763
0.0728046
0.112745
0.186185
0.193472
0.228235
0.228235
0.212504
0.15853
0.228235
0.0444164
0.173063
0.188087
0.158409
0.228235
0.228235
0.228235
0.128725
0.102904
0.0427003
0.150342
0.183383
0.154227
0.228235
0.228235
0.166356
0.192889
0.0768676
0.0841505
0.192914
0.228235
0.122557
0.0870425
0.0833475
0.129505
0.0567393
0.0690355
0.0629878
0.232856
0.184068
0.170791
0.232856
0.232856
0.220221
0.123829
0.0917659
0.0876003
0.108929
0.207618
0.131911
0.232856
0.232856
0.232856
0.186667
0.232856
0.103731
0.232856
0.232856
0.10281
0.0986473
0.0797905
0.109335
0.0622214
0.0560473
0.180082
0.0993114
0.142937
0.182671
0.0966852
0.0898371
0.148022
0.108648
0.232856
0.236281
0.16711
0.10784
0.159786
0.263313
0.188329
0.0904294
0.0692413
0.0688508
0.263313
0.263313
0.104328
0.232479
0.263313
0.0266503
0.0221939
0.0217125
0.0409274
0.22159
0.158943
0.0711439
0.177488
0.263313
0.0609789
0.071519
0.0575811
0.098397
0.263313
0.263313
0.088524
0.243986
0.263313
0.0198881
0.0186177
0.00736184
0.0451063
0.305541
0.305541
0.0792826
0.301811
0.305541
0.0160363
0.00859996
0.0194827
0.0163651
0.0702407
0.022266
0.0200894
0.0387956
0.0276615
0.0218653
0.0363745
0.1745
0.283256
0.305541
0.305541
0.0809944
0.305541
0.305541
0.0161226
0.0116325
0.012466
0.00452452
0.0913749
0.0355539
0.0159275
0.0298078
0.0340746
0.0241239
0.11556
0.140607
0.273529
0.138916
0.0339733
0.00546364
0.0737576
0.194526
0.0984547
0.14269
0.187946
0.283453
0.0940216
0.0648477
0.0708874
0.0810665
0.0694566
0.0866099
0.151534
0.148257
0.223792
0.219726
0.113759
0.0668893
0.283453
0.283453
0.214027
0.283453
0.283453
0.283453
0.142168
0.127612
0.104104
0.150928
0.166702
0.0593868
0.0319359
0.103067
0.179499
0.0985176
0.112958
0.114078
0.158195
0.138425
0.17015
0.238461
0.232137
0.238461
0.02223
0.0962198
0.149856
0.236037
0.238461
0.238461
0.14824
0.112554
0.1327
0.191429
0.238461
0.238461
0.20046
0.23159
0.0746135
0.0387571
0.173841
0.238461
0.0129794
0.0474805
0.0625892
0.226799
0.238461
0.108837
0.0573952
0.0243278
0.0338517
0.0191122
0.113218
0.169632
0.246314
0.246314
0.246314
0.168238
0.121653
0.126044
0.0591728
0.0997707
0.113486
0.128241
0.246314
0.246314
0.234028
0.211294
0.105836
0.0108913
0.0532305
0.0667199
0.225
0.246314
0.143615
0.110005
0.0540425
0.0714692
0.246314
0.179184
0.0641196
0.086944
0.144964
0.0791707
0.172559
0.246314
0.246314
0.0724107
0.158926
0.130396
0.101118
0.247487
0.247487
0.247487
0.247487
0.107889
0.107335
0.204654
0.21781
0.123445
0.103383
0.0782589
0.0885658
0.0731984
0.0948119
0.216718
0.180897
0.057906
0.0747097
0.188316
0.114451
0.247487
0.247487
0.247487
0.16127
0.247487
0.180349
0.176697
0.233221
0.0146026
0.0433899
0.0355375
0.0291902
0.118777
0.26478
0.232788
0.113107
0.114091
0.0629885
0.0761715
0.068867
0.067292
0.224378
0.173885
0.126177
0.14943
0.126151
0.0736385
0.104322
0.153588
0.26478
0.13525
0.26478
0.152051
0.174155
0.26478
0.0333787
0.0331931
0.0285272
0.0169169
0.26478
0.26478
0.1405
0.196005
0.225043
0.0814534
0.072488
0.264013
0.161574
0.240376
0.153929
0.0723353
0.146431
0.258409
0.0475889
0.0553679
0.0654052
0.112226
0.258409
0.217848
0.163135
0.258409
0.258409
0.0262892
0.021047
0.00944773
0.0553348
0.18152
0.258409
0.0933414
0.0884605
0.154842
0.0551283
0.0883483
0.140922
0.102641
0.172686
0.258409
0.258409
0.258409
0.258409
0.0917739
0.166534
0.0738202
0.064697
0.265414
0.254953
0.153974
0.265414
0.265414
0.0339178
0.0198803
0.0106807
0.0173577
0.0827553
0.0442914
0.0191898
0.044538
0.0868053
0.0979397
0.0780127
0.108172
0.216701
0.184578
0.265414
0.265414
0.265414
0.265414
0.131438
0.210166
0.0670037
0.0799494
0.0466641
0.164306
0.123389
0.157613
0.265414
0.261652
0.0740664
0.0199975
0.0524876
0.175718
0.0659877
0.0390898
0.289929
0.294839
0.201228
0.257245
0.294839
0.294839
0.134386
0.0784149
0.0635776
0.119547
0.165415
0.051686
0.0402006
0.0932402
0.181281
0.205009
0.0809582
0.0276701
0.0546478
0.14103
0.021093
0.199801
0.294839
0.294839
0.151417
0.146459
0.0658707
0.082256
0.136843
0.0200488
0.0283149
0.101451
0.154341
0.257753
0.247639
0.189782
0.203855
0.257753
0.0674196
0.0530411
0.171631
0.257753
0.0146182
0.0646785
0.0736151
0.256443
0.257753
0.135287
0.0359571
0.019309
0.00792755
0.257753
0.257753
0.160839
0.216917
0.257753
0.0400792
0.053648
0.168527
0.257753
0.0397368
0.116744
0.153842
0.152963
0.140132
0.0849358
0.0344976
0.016829
0.0278222
0.0125333
0.0789772
0.0919845
0.263063
0.303846
0.188125
0.0985727
0.0462975
0.0344168
0.292651
0.213976
0.0428022
0.0594551
0.127199
0.0824473
0.22523
0.303846
0.303846
0.0518801
0.164821
0.164157
0.153417
0.124548
0.0820106
0.0572045
0.0447992
0.0580221
0.303846
0.0426801
0.0291297
0.0237423
0.0335441
0.0371534
0.0909978
0.264848
0.303846
0.228778
0.199895
0.0353548
0.0416132
0.119547
0.111781
0.277987
0.277987
0.277987
0.201045
0.277987
0.140033
0.149481
0.187695
0.0172386
0.0208786
0.0402131
0.027687
0.277987
0.110204
0.0188667
0.0149449
0.0454819
0.0344151
0.111517
0.23989
0.277987
0.225881
0.277987
0.124643
0.0980401
0.171733
0.0542641
0.0195536
0.0401075
0.140426
0.158872
0.257882
0.0923353
0.118941
0.18553
0.0271221
0.0148659
0.0203123
0.012494
0.301611
0.301611
0.156086
0.113315
0.212366
0.0500976
0.0358109
0.205695
0.135239
0.229432
0.301611
0.0980671
0.0789289
0.158532
0.0326291
0.00913982
0.0145053
0.0131688
0.301611
0.301611
0.213865
0.0909285
0.301611
0.0423079
0.0230555
0.0341657
0.0669461
0.193727
0.254832
0.110986
0.0792099
0.154415
0.0588124
0.0730629
0.122691
0.103458
0.15225
0.254832
0.254832
0.254832
0.254832
0.14005
0.150947
0.0696372
0.0684814
0.254832
0.254832
0.135249
0.0680647
0.235897
0.0397142
0.0311829
0.0313011
0.0374216
0.103217
0.176187
0.187423
0.210443
0.254832
0.254832
0.0764777
0.105195
0.0661934
0.161851
0.231738
0.231738
0.231738
0.231738
0.170715
0.179952
0.0589232
0.0776217
0.0456453
0.15392
0.100196
0.142235
0.231738
0.231738
0.075512
0.0304314
0.0505025
0.097342
0.13382
0.166526
0.182286
0.210784
0.222154
0.130008
0.141834
0.0792867
0.0415573
0.204442
0.185852
0.231738
0.175772
0.231738
0.231738
0.131263
0.0511319
0.199689
0.0635942
0.0191979
0.0501249
0.141859
0.0304932
0.218805
0.297449
0.297449
0.19313
0.124549
0.0458777
0.0749397
0.175765
0.0251194
0.0439148
0.121312
0.186264
0.212504
0.034512
0.015497
0.0863234
0.172619
0.038005
0.0871626
0.297449
0.297449
0.229758
0.0584929
0.0135387
0.149886
0.297449
0.00358807
0.0324445
0.192905
0.297449
0.313873
0.313873
0.0977506
0.185835
0.313873
0.0394338
0.0614953
0.13846
0.298211
0.0319311
0.114055
0.137114
0.151267
0.126854
0.0762086
0.0327459
0.0224231
0.0253644
0.313873
0.149265
0.0321035
0.313873
0.313873
0.00824827
0.0101164
0.102926
0.313873
0.0200465
0.0477116
0.0594675
0.0607566
0.120089
0.0554318
0.0408586
0.0672129
0.0732666
0.0506123
0.193722
0.197532
0.189608
0.131186
0.0844399
0.0595812
0.0539143
0.0531712
0.333053
0.0389382
0.0400598
0.0254765
0.0390817
0.0511899
0.0890987
0.326723
0.392304
0.0361229
0.10678
0.0904087
0.100286
0.165295
0.0694567
0.0643848
0.0766778
0.0479038
0.392304
0.0922525
0.0301339
0.10849
0.186843
0.0229555
0.0382157
0.150304
0.392304
0.292187
0.107638
0.0314154
0.0161546
0.0402812
0.0417527
0.0965413
0.259504
0.292187
0.259872
0.284293
0.111349
0.0946653
0.161358
0.0555682
0.013142
0.0499676
0.150462
0.292187
0.124925
0.036952
0.11389
0.203226
0.032599
0.066268
0.101746
0.292187
0.232262
0.167359
0.098097
0.132689
0.27331
0.0116407
0.0294147
0.0318341
0.261822
0.224491
0.253593
0.0755554
0.0656107
0.123196
0.0256499
0.00497638
0.0141471
0.0225876
0.29773
0.29773
0.204498
0.116895
0.29773
0.0408949
0.0524951
0.041037
0.0392934
0.173784
0.182586
0.0704094
0.116035
0.249748
0.0149337
0.0353247
0.0110246
0.0478164
0.29773
0.29773
0.0333406
0.291956
0.29773
0.0747442
0.113609
0.0325645
0.0979486
0.262827
0.262827
0.14954
0.10738
0.262827
0.0537328
0.0486309
0.0331537
0.0342089
0.0797531
0.167874
0.175263
0.226459
0.227682
0.262827
0.125882
0.105473
0.0738128
0.262827
0.262827
0.0582551
0.262827
0.262827
0.0508867
0.0535255
0.0206121
0.0542008
0.0681009
0.121176
0.0878713
0.177877
0.21685
0.118579
0.160552
0.0672113
0.207092
0.083492
0.172073
0.220512
0.226142
0.226142
0.226142
0.193965
0.165059
0.107197
0.0678043
0.226142
0.226142
0.226142
0.226142
0.226142
0.226142
0.170495
0.0908961
0.0504992
0.129131
0.135013
0.192748
0.226142
0.141123
0.152038
0.0679769
0.144481
0.0262064
0.0616625
0.0563573
0.1415
0.191637
0.220768
0.129689
0.0426557
0.100909
0.187499
0.0364573
0.0129604
0.0827363
0.163942
0.0443631
0.120822
0.280515
0.280515
0.241296
0.0916918
0.00843912
0.133546
0.280515
0.0053206
0.041404
0.224914
0.280515
0.214802
0.0239787
0.00881756
0.0343917
0.0669978
0.020571
0.0134293
0.163874
0.280515
0.278165
0.185236
0.0589148
0.0668154
0.2566
0.0245903
0.0206074
0.194022
0.280515
0.317809
0.202508
0.0228944
0.303815
0.317809
0.00709088
0.0119954
0.121407
0.317809
0.015882
0.0389284
0.054713
0.0566517
0.109729
0.0488654
0.0380864
0.0751296
0.0662442
0.317809
0.317809
0.11592
0.125556
0.317809
0.0289691
0.0261515
0.205451
0.317809
0.0405901
0.0448028
0.0533831
0.0742577
0.122221
0.0552695
0.0336292
0.0537814
0.0579448
0.0402298
0.0983134
0.0966403
0.101123
0.159716
0.0632464
0.0665134
0.0829119
0.04295
0.400441
0.0921958
0.0408549
0.09242
0.160978
0.0197033
0.0334214
0.181368
0.400441
0.0804133
0.0719394
0.100066
0.114451
0.149416
0.0697883
0.0629026
0.0609462
0.0567009
0.300893
0.0913234
0.0249234
0.046833
0.112547
0.0345087
0.132961
0.400441
0.400441
0.293095
0.114103
0.0527139
0.098029
0.168541
0.0295281
0.0609881
0.120371
0.293095
0.236503
0.170816
0.119702
0.144302
0.253957
0.0162871
0.0255826
0.0367266
0.266076
0.257391
0.102777
0.0356076
0.0568114
0.119588
0.038059
0.0987981
0.293095
0.293095
0.271509
0.214697
0.102909
0.17629
0.153295
0.0801381
0.0444927
0.0747461
0.140978
0.173321
0.162465
0.0868461
0.125255
0.241736
0.0188233
0.0305521
0.0149497
0.0545729
0.275127
0.275127
0.036438
0.275127
0.275127
0.0850573
0.140705
0.0531701
0.0900515
0.239737
0.262839
0.128112
0.167454
0.192856
0.0648049
0.027616
0.0405163
0.017047
0.275127
0.275127
0.129491
0.221599
0.275127
0.0676725
0.042541
0.0249182
0.0162548
0.284676
0.284676
0.0792941
0.284676
0.284676
0.0644977
0.0813584
0.032656
0.0515012
0.0548237
0.13813
0.13885
0.216479
0.191369
0.118598
0.222176
0.082261
0.23411
0.284676
0.284676
0.168946
0.252225
0.284676
0.0530332
0.038528
0.0253316
0.0171142
0.00876656
0.0703012
0.0947003
0.100519
0.146468
0.0995116
0.0829514
0.0359233
0.0327135
0.0526807
0.246876
0.246876
0.246876
0.246876
0.226068
0.246876
0.107205
0.240173
0.0491154
0.113771
0.10679
0.219704
0.246876
0.246876
0.169701
0.0647481
0.22055
0.00666667
0.103877
0.139284
0.186804
0.246876
0.15376
0.155525
0.0683817
0.0594286
0.00246875
0.0151037
0.020136
0.0886074
0.229199
0.180551
0.132525
0.0156732
0.00988707
0.23108
0.0298837
0.00534084
0.0303233
0.065292
0.0189849
0.0137268
0.165226
0.288225
0.288225
0.203126
0.0302451
0.0817053
0.242324
0.0172014
0.0381527
0.237071
0.288225
0.239175
0.00736429
0.00138028
0.031649
0.113337
0.0595835
0.0285852
0.0427011
0.288225
0.288225
0.181222
0.0495039
0.192745
0.288225
0.0244182
0.0551222
0.110592
0.288225
0.303585
0.303585
0.0579132
0.117502
0.303585
0.0197674
0.0385035
0.225785
0.303585
0.0379284
0.044101
0.0540484
0.0778557
0.11888
0.0363071
0.0392938
0.0611321
0.04755
0.303585
0.219954
0.0558331
0.261952
0.303585
0.0471439
0.0691306
0.13984
0.303585
0.0706966
0.0841424
0.0913286
0.136249
0.190904
0.0931975
0.0846078
0.084611
0.0661758
0.0763212
0.0755867
0.100145
0.116867
0.159917
0.053029
0.0692094
0.0632771
0.0506868
0.275373
0.0899427
0.0352744
0.0381079
0.0887542
0.0349262
0.104304
0.312948
0.312948
0.0930805
0.108007
0.123911
0.21517
0.312948
0.153251
0.141213
0.120925
0.0641324
0.194467
0.0830988
0.0842613
0.0764407
0.134678
0.104232
0.312948
0.312948
0.312948
0.242074
0.0986224
0.042682
0.0448385
0.0954697
0.0345254
0.0971235
0.258997
0.258997
0.258997
0.227928
0.101485
0.128662
0.159745
0.0661002
0.0362978
0.0671279
0.136722
0.198023
0.0942293
0.0815777
0.0787307
0.162418
0.0970966
0.217213
0.258997
0.258997
0.189832
0.258997
0.258997
0.237591
0.166919
0.140396
0.0941449
0.0584156
0.0952329
0.237541
0.24543
0.124347
0.152616
0.23152
0.0572419
0.0319363
0.0388974
0.0144362
0.25721
0.25721
0.116948
0.214507
0.25721
0.0688494
0.0468489
0.0330256
0.0236408
0.241416
0.25721
0.176797
0.173728
0.25721
0.130427
0.056443
0.0448526
0.0223612
0.25721
0.25721
0.0870415
0.189857
0.25721
0.0311471
0.0117635
0.00679852
0.0150902
0.313334
0.313334
0.187815
0.313334
0.313334
0.0644689
0.0596084
0.0404325
0.0250615
0.00798829
0.10691
0.173212
0.124724
0.1505
0.108672
0.122986
0.055972
0.0388778
0.313334
0.313334
0.0644813
0.23207
0.313334
0.0386798
0.0141385
0.00877049
0.0168528
0.00660727
0.0052693
0.0161662
0.115463
0.281914
0.0454309
0.0271659
0.0128784
0.00680715
0.0145205
0.212517
0.273157
0.273157
0.273157
0.224249
0.273157
0.141963
0.0847976
0.00336565
0.0294409
0.0499678
0.10422
0.265089
0.273157
0.262821
0.0358246
0.0223514
0.0155545
0.0134113
0.042248
0.273157
0.273157
0.111646
0.0574162
0.0278791
0.016063
0.00339609
0.0265377
0.0273014
0.153332
0.273157
0.273157
0.0590487
0.0437576
0.0267897
0.216544
0.00906021
0.00014468
0.0353439
0.132349
0.052235
0.0232298
0.0749869
0.288165
0.288165
0.136381
0.0344072
0.223266
0.288165
0.0177663
0.0687462
0.154221
0.288165
0.157855
0.00973005
0.0044107
0.0429763
0.136162
0.0611606
0.0174519
0.0864068
0.288165
0.288165
0.21324
0.0438279
0.161439
0.288165
0.0156884
0.0427186
0.173613
0.288165
0.297467
0.174016
0.0361184
0.279837
0.297467
0.0407231
0.0823079
0.173523
0.297467
0.0725383
0.0938713
0.0944668
0.137352
0.1891
0.0639625
0.090753
0.0924028
0.0726923
0.297467
0.265309
0.0575969
0.205263
0.297467
0.0396541
0.0708777
0.16525
0.297467
0.0872918
0.109179
0.102025
0.0845778
0.119006
0.0521451
0.0475396
0.0725325
0.0749943
0.0859674
0.117921
0.115675
0.168279
0.24628
0.0993949
0.125398
0.106265
0.0684412
0.179891
0.0919073
0.0893484
0.0719896
0.121657
0.0958822
0.268683
0.272604
0.272604
0.114988
0.146649
0.144496
0.104109
0.104445
0.0836957
0.0799337
0.0636747
0.144961
0.272604
0.180149
0.19799
0.209399
0.272604
0.0849379
0.179546
0.205617
0.272604
0.17864
0.102369
0.0896474
0.0756532
0.147752
0.0833038
0.210841
0.247471
0.247471
0.201006
0.225486
0.247471
0.179156
0.193074
0.102436
0.0813054
0.0634494
0.0974807
0.247471
0.197316
0.207465
0.211501
0.247471
0.0851005
0.142345
0.191698
0.247471
0.1425
0.131414
0.107081
0.123603
0.149459
0.0582512
0.0779549
0.0983113
0.123151
0.263301
0.269964
0.178257
0.189859
0.269964
0.121762
0.0778693
0.0727861
0.0353604
0.269964
0.269964
0.0900244
0.242413
0.269964
0.0473075
0.0231843
0.0109984
0.0198848
0.194129
0.146595
0.0905511
0.143579
0.238432
0.0767627
0.0806849
0.118932
0.0672761
0.269964
0.155543
0.0442764
0.220905
0.269964
0.0491005
0.036777
0.0210751
0.00383367
0.324376
0.324376
0.0636425
0.310739
0.324376
0.0483725
0.0236945
0.0135697
0.0226379
0.0121878
0.0116016
0.0187292
0.125445
0.31538
0.0584028
0.0251346
0.0138216
0.00961164
0.324376
0.217663
0.0432612
0.270057
0.324376
0.0593962
0.0365139
0.0237521
0.0039135
0.00809764
0.0161412
0.0192792
0.0723427
0.318666
0.116854
0.0152257
0.0176412
0.0153995
0.0305695
0.0253683
0.0515471
0.327928
0.334992
0.140621
0.0548005
0.0329811
0.0239694
0.00610237
0.0222063
0.0419746
0.194725
0.334992
0.302554
0.0655884
0.0500688
0.0275985
0.0103745
0.0393643
0.052541
0.16089
0.334992
0.292606
0.043601
0.0425181
0.0222772
0.00611142
0.0127134
0.0298142
0.18095
0.334992
0.334992
0.0637876
0.069646
0.0222395
0.147184
0.0110496
0.00464524
0.0443486
0.162277
0.0457453
0.0297887
0.152137
0.273929
0.253174
0.193682
0.0630253
0.186674
0.273929
0.0150088
0.0552871
0.201309
0.273929
0.14183
0.0156479
0.00534928
0.037934
0.0742002
0.0118306
0.0356226
0.273929
0.273929
0.26158
0.188548
0.0992773
0.16414
0.273929
0.0202502
0.0489207
0.204826
0.273929
0.27889
0.27889
0.097724
0.272528
0.27889
0.0505137
0.0815362
0.179111
0.27889
0.093131
0.13947
0.131924
0.107071
0.126518
0.0585561
0.0581788
0.0808534
0.0988745
0.27889
0.27889
0.168416
0.27889
0.27889
0.0302132
0.0444384
0.116434
0.27889
0.0580301
0.0746933
0.0456953
0.0605696
0.0663595
0.060137
0.0296842
0.0642194
0.0788423
0.119701
0.183375
0.175568
0.122116
0.0855374
0.0986793
0.0901724
0.0737498
0.14937
0.287985
0.235693
0.230429
0.206155
0.287985
0.115494
0.237014
0.223569
0.287985
0.0943136
0.102954
0.0686671
0.102457
0.101514
0.0765718
0.0355759
0.0562774
0.0720663
0.287985
0.129546
0.0833469
0.119858
0.193714
0.0369366
0.0382051
0.170606
0.287985
0.257598
0.254149
0.241168
0.21657
0.257598
0.109979
0.199516
0.220601
0.257598
0.160579
0.152767
0.104126
0.150229
0.204693
0.0647669
0.0972177
0.13179
0.137968
0.257598
0.142365
0.0900478
0.148535
0.231445
0.0304095
0.0487268
0.135352
0.257598
0.0980653
0.14098
0.0557465
0.105405
0.160525
0.0129143
0.0482651
0.0778578
0.140881
0.205278
0.167763
0.0968581
0.199212
0.304115
0.0876239
0.11526
0.179283
0.0886402
0.304115
0.185149
0.0538291
0.304115
0.304115
0.075072
0.0538957
0.0290236
0.00455872
0.0900096
0.147152
0.0661512
0.166708
0.304115
0.0131001
0.0761007
0.0924293
0.0828276
0.166071
0.1136
0.0315084
0.304115
0.304115
0.0176872
0.0106875
0.0116674
0.0193325
0.366799
0.23961
0.051461
0.366799
0.366799
0.0679774
0.0519634
0.0315442
0.00521192
0.0110704
0.0223794
0.0346175
0.0979437
0.366799
0.130081
0.017739
0.0211531
0.0218476
0.2093
0.142903
0.0427215
0.366799
0.366799
0.0297812
0.0203667
0.0199339
0.0173444
0.00844997
0.0174349
0.0309869
0.0659798
0.121941
0.0647833
0.0191286
0.02686
0.029624
0.0149042
0.0553492
0.0875563
0.242656
0.342137
0.322139
0.0521214
0.0546654
0.0371806
0.0103629
0.00834308
0.0547079
0.276073
0.342137
0.342137
0.0781117
0.0985475
0.0314097
0.0228895
0.0524399
0.0744877
0.14157
0.306173
0.196329
0.0764954
0.0814001
0.0824132
0.0371994
0.0288927
0.0559886
0.172578
0.342137
0.169689
0.0637831
0.048186
0.0643917
0.155356
0.0178148
0.00670527
0.0432754
0.0845953
0.00688113
0.0524748
0.286655
0.286655
0.246247
0.215007
0.110835
0.179003
0.286655
0.0203466
0.0667597
0.212346
0.286655
0.173479
0.0273545
0.011341
0.0260386
0.0598975
0.014236
0.00526263
0.223476
0.286655
0.148541
0.161296
0.00925909
0.230619
0.286655
0.00445359
0.0108709
0.108862
0.265973
0.285302
0.285302
0.223522
0.285302
0.285302
0.0351368
0.0577485
0.14414
0.285302
0.0679441
0.100743
0.0826606
0.0732535
0.0654394
0.0755794
0.0436427
0.0803777
0.0976349
0.205414
0.285302
0.0262586
0.285302
0.285302
0.0136529
0.0272502
0.0997755
0.18994
0.14561
0.158957
0.067669
0.101936
0.216731
0.0312568
0.0533069
0.0724617
0.106443
0.134591
0.159628
0.124582
0.149485
0.126297
0.103657
0.0529757
0.0943078
0.0922869
0.30212
0.212482
0.143631
0.149313
0.189226
0.0682395
0.0624308
0.296169
0.30212
0.174668
0.224557
0.0972121
0.0837471
0.167459
0.0467494
0.100652
0.12882
0.151278
0.272088
0.133201
0.0230696
0.0840284
0.144847
0.0356271
0.0938412
0.264545
0.30212
0.258738
0.227492
0.141952
0.184055
0.233235
0.0502375
0.0833788
0.223173
0.258738
0.118288
0.193054
0.0868538
0.161887
0.258738
0.0229857
0.0753282
0.137736
0.193251
0.252741
0.163573
0.0266773
0.0883993
0.163368
0.0491752
0.0939131
0.200041
0.258738
0.181666
0.154605
0.123458
0.0767385
0.167112
0.0640906
0.0849954
0.171211
0.20375
0.0942445
0.155037
0.0711461
0.179031
0.320044
0.0148998
0.0944068
0.112956
0.0944803
0.181834
0.152327
0.0354891
0.320044
0.320044
0.019464
0.0191368
0.0150039
0.0227119
0.183277
0.144281
0.0911009
0.0844334
0.195565
0.0567152
0.0693425
0.121905
0.15499
0.320044
0.217985
0.0895974
0.320044
0.320044
0.0568226
0.0275125
0.0416787
0.0964824
0.240844
0.192525
0.03811
0.385353
0.385353
0.0242491
0.0288314
0.0166551
0.0270835
0.00963051
0.0182371
0.0413021
0.0736051
0.116401
0.0575066
0.0225748
0.029861
0.0321525
0.385353
0.266677
0.0620956
0.385353
0.385353
0.0453943
0.0275512
0.045399
0.134549
0.0128782
0.0217696
0.039448
0.0799133
0.129801
0.0765136
0.0367519
0.0211779
0.0260607
0.0372513
0.0742826
0.123401
0.239437
0.281251
0.235039
0.10679
0.120761
0.131077
0.0507338
0.0412685
0.123295
0.281251
0.281251
0.205371
0.0915219
0.0998155
0.119385
0.0497826
0.0684111
0.073904
0.281251
0.281251
0.264367
0.137746
0.0983407
0.100327
0.0685142
0.0796662
0.1197
0.191468
0.281251
0.154681
0.112849
0.128445
0.129833
