0.0688243
0.20501
0.16582
0.261461
0.261461
0.261461
0.161574
0.189102
0.194607
0.0681966
0.141669
0.110871
0.216322
0.261461
0.107797
0.204035
0.136216
0.093869
0.0677437
0.112748
0.169478
0.190987
0.261461
0.135327
0.15423
0.13114
0.16947
0.0799757
0.0974099
0.0615043
0.105871
0.190478
0.173531
0.162479
0.134407
0.0866708
0.0797121
0.146007
0.1155
0.233185
0.305976
0.143881
0.221601
0.173756
0.100327
0.103885
0.107996
0.108963
0.250478
0.305976
0.202709
0.0816162
0.085506
0.121608
0.0956342
0.0957881
0.0910656
0.139951
0.205771
0.152584
0.140446
0.160757
0.112281
0.0997097
0.166789
0.139166
0.232903
0.288256
0.148565
0.164208
0.085955
0.139638
0.106579
0.140505
0.102188
0.191495
0.288861
0.230471
0.105631
0.128574
0.14824
0.120182
0.148343
0.139545
0.158415
0.288861
0.217574
0.151945
0.152837
0.135432
0.106083
0.148301
0.132426
0.214927
0.244884
0.111348
0.114034
0.110763
0.1741
0.0821905
0.188824
0.161634
0.0850933
0.239009
0.157235
0.111603
0.190935
0.165885
0.105426
0.172726
0.146257
0.176452
0.268236
0.238246
0.163686
0.180184
0.171444
0.0881423
0.074206
0.0884382
0.221568
0.268236
0.26219
0.124465
0.0997054
0.144179
0.0919734
0.201895
0.179697
0.10275
0.215027
0.112364
0.119514
0.214601
0.160006
0.169797
0.178795
0.103413
0.128533
0.205962
0.074731
0.135999
0.13192
0.152545
0.0818822
0.0893017
0.1228
0.251599
0.251599
0.251599
0.123371
0.0984168
0.154069
0.0766348
0.205025
0.251599
0.251599
0.251599
0.211513
0.145419
0.090469
0.100244
0.127805
0.141684
0.117121
0.130274
0.182585
0.0690611
0.180596
0.155228
0.147386
0.149551
0.199472
0.105395
0.079064
0.251599
0.116952
0.209344
0.134777
0.0874007
0.0863778
0.170959
0.201928
0.243638
0.243638
0.216674
0.13077
0.105655
0.100006
0.13128
0.243638
0.138624
0.243638
0.243638
0.243638
0.168028
0.163858
0.0706104
0.0909383
0.120003
0.0879063
0.10554
0.208309
0.111773
0.175168
0.137444
0.0734202
0.119939
0.137201
0.102092
0.160461
0.217374
0.115411
0.138063
0.22807
0.17673
0.0856497
0.1621
0.0773199
0.172474
0.254624
0.204743
0.137917
0.17212
0.0767798
0.205504
0.142986
0.186542
0.13948
0.254624
0.102826
0.163902
0.254624
0.254624
0.0677422
0.108996
0.0941216
0.190613
0.191991
0.121376
0.124077
0.159876
0.108625
0.20928
0.158767
0.12435
0.158446
0.175434
0.133188
0.0944124
0.150514
0.254624
0.118853
0.147685
0.190633
0.212829
0.212829
0.181569
0.20461
0.18131
0.212829
0.128819
0.145965
0.112258
0.176344
0.209417
0.175535
0.202161
0.202452
0.138961
0.133629
0.142208
0.0979206
0.180623
0.212829
0.183279
0.0781429
0.076762
0.150154
0.0641058
0.109971
0.0966877
0.143943
0.204989
0.204849
0.175896
0.187539
0.191325
0.13509
0.137404
0.155243
0.207469
0.214083
0.149846
0.15571
0.20157
0.158372
0.129594
0.17691
0.170637
0.214083
0.214083
0.186993
0.169436
0.13044
0.189901
0.0759896
0.137787
0.108332
0.187132
0.207988
0.171055
0.184315
0.17067
0.214083
0.102325
0.214083
0.123373
0.214083
0.214083
0.116129
0.110276
0.0679085
0.0738361
0.128093
0.159139
0.157505
0.224149
0.224149
0.148102
0.132852
0.130605
0.211842
0.108655
0.208877
0.164048
0.104366
0.224149
0.202247
0.12948
0.190412
0.165371
0.0990301
0.170387
0.110121
0.224149
0.224149
0.117681
0.100999
0.0863251
0.101199
0.0698857
0.224149
0.129368
0.193158
0.224149
0.224149
0.137492
0.180961
0.11043
0.100383
0.20393
0.167555
0.108014
0.223894
0.149991
0.131683
0.191551
0.151266
0.165813
0.207514
0.111768
0.118185
0.205063
0.0834908
0.139382
0.125601
0.176167
0.0706695
0.173724
0.156147
0.210972
0.223894
0.221544
0.126836
0.154687
0.175996
0.0977335
0.14357
0.210397
0.223894
0.223894
0.116528
0.223894
0.132334
0.128863
0.10592
0.140972
0.111781
0.115743
0.182413
0.0716977
0.150205
0.142597
0.173218
0.172373
0.210539
0.121751
0.0940682
0.230827
0.0980509
0.188761
0.149648
0.0991742
0.114256
0.130228
0.226459
0.230827
0.208547
0.0738505
0.230827
0.105724
0.165996
0.136369
0.156432
0.230827
0.230827
0.230827
0.128621
0.230827
0.230827
0.0409749
0.125263
0.148809
0.0986651
0.113647
0.216315
0.122654
0.191792
0.176702
0.104212
0.170372
0.139939
0.121279
0.127041
0.216315
0.165238
0.177164
0.216315
0.164972
0.143072
0.173988
0.216315
0.204501
0.216315
0.120712
0.216315
0.216315
0.0853685
0.0933411
0.125628
0.186461
0.125017
0.216315
0.133253
0.216315
0.182634
0.136686
0.112344
0.118137
0.110941
0.166973
0.23254
0.190564
0.17685
0.19553
0.128578
0.25417
0.179508
0.139329
0.172649
0.218305
0.151573
0.108214
0.15836
0.256827
0.0807068
0.124584
0.166835
0.133029
0.171579
0.118564
0.166532
0.136508
0.138097
0.215477
0.105401
0.147328
0.100996
0.0962702
0.148576
0.256827
0.090389
0.256827
0.15593
0.169085
0.0949695
0.195557
0.213123
0.184993
0.0742128
0.0854576
0.13753
0.102516
0.129226
0.134638
0.175495
0.20463
0.186718
0.141493
0.207126
0.213123
0.136929
0.130744
0.169887
0.150392
0.192198
0.213123
0.177561
0.122322
0.213123
0.213123
0.213123
0.190541
0.142633
0.213123
0.162941
0.0824654
0.0812215
0.181088
0.099911
0.146172
0.147036
0.198755
0.196605
0.156692
0.149572
0.171208
0.212642
0.0957063
0.195048
0.14193
0.212642
0.212642
0.119404
0.0735681
0.0656678
0.107987
0.18782
0.212642
0.208817
0.191602
0.212642
0.174428
0.0911706
0.097962
0.149057
0.0675154
0.211247
0.19359
0.212642
0.212642
0.130753
0.0725427
0.212642
0.180978
0.0943866
0.168967
0.118569
0.221537
0.221537
0.124194
0.0915705
0.078787
0.123964
0.107595
0.207247
0.117085
0.176293
0.221537
0.221537
0.128549
0.133844
0.120352
0.0432776
0.1603
0.159626
0.221537
0.221537
0.10045
0.101047
0.221537
0.214907
0.107578
0.176022
0.221537
0.221537
0.221537
0.140841
0.0602225
0.217793
0.176308
0.0994609
0.150511
0.122452
0.170757
0.222199
0.222199
0.136025
0.136871
0.169239
0.0799373
0.12216
0.177122
0.222199
0.222199
0.141085
0.222199
0.0996492
0.0929842
0.099091
0.158767
0.163343
0.222199
0.222199
0.0940134
0.078406
0.222199
0.222199
0.0601554
0.214155
0.222199
0.18952
0.222199
0.146674
0.146182
0.105752
0.0836676
0.0821682
0.0940965
0.185401
0.220138
0.217105
0.108898
0.220138
0.0897872
0.125659
0.124798
0.148194
0.220138
0.211289
0.220138
0.132037
0.220138
0.220138
0.0528779
0.0529331
0.166834
0.214952
0.179361
0.220138
0.130874
0.166166
0.113077
0.0820344
0.109194
0.213274
0.191747
0.154193
0.201599
0.167934
0.220138
0.117597
0.0565051
0.135352
0.171525
0.219317
0.19644
0.219317
0.158506
0.219317
0.219317
0.112929
0.107754
0.134497
0.182277
0.108988
0.219317
0.187847
0.219317
0.186986
0.1358
0.0988263
0.170417
0.157159
0.154598
0.219317
0.175398
0.219317
0.162592
0.0776402
0.0412904
0.142438
0.0911266
0.0911837
0.149671
0.101478
0.219317
0.194897
0.139525
0.103133
0.143013
0.17587
0.122917
0.198815
0.177265
0.219302
0.156232
0.154415
0.239476
0.0971503
0.16933
0.115096
0.120114
0.14083
0.272105
0.119602
0.272105
0.0456956
0.130112
0.0947768
0.0896692
0.137769
0.0796256
0.207095
0.203314
0.143248
0.229246
0.156082
0.129815
0.10693
0.190308
0.0766534
0.156258
0.195867
0.272105
0.109414
0.153409
0.153374
0.153638
0.147529
0.208164
0.160105
0.130386
0.144494
0.16117
0.208164
0.178876
0.156667
0.208164
0.130674
0.0590015
0.0858798
0.190256
0.0787288
0.208164
0.208164
0.194725
0.208164
0.123172
0.109162
0.208164
0.202604
0.140222
0.199097
0.208164
0.208164
0.162026
0.122955
0.0956722
0.207641
0.173956
0.148991
0.212702
0.207212
0.208481
0.212702
0.139325
0.0688965
0.112612
0.143575
0.0538899
0.141487
0.182913
0.212702
0.212702
0.15936
0.0960253
0.151242
0.154846
0.164005
0.209583
0.212702
0.212702
0.185653
0.115315
0.108037
0.212702
0.136116
0.145256
0.160238
0.0879316
0.180996
0.212702
0.180995
0.163572
0.134423
0.143259
0.0451067
0.158032
0.177041
0.209356
0.209356
0.128627
0.119458
0.209356
0.18866
0.143114
0.165033
0.209356
0.209356
0.209356
0.128179
0.0941801
0.165484
0.172242
0.163685
0.177505
0.0941973
0.1841
0.209356
0.153904
0.166298
0.190972
0.154335
0.138468
0.199321
0.123154
0.150185
0.163624
0.144943
0.209356
0.1569
0.113183
0.128967
0.166854
0.159771
0.212226
0.212226
0.0881179
0.09581
0.212226
0.212226
0.0583482
0.167788
0.212226
0.183714
0.212226
0.16367
0.127574
0.0954596
0.078785
0.0993008
0.177596
0.139108
0.155975
0.146477
0.122308
0.212226
0.212226
0.132558
0.09617
0.174726
0.207247
0.212226
0.212226
0.159962
0.151999
0.165226
0.202923
0.0519169
0.137383
0.21156
0.172284
0.21156
0.176148
0.159654
0.122318
0.0845009
0.11723
0.207194
0.20518
0.157455
0.21156
0.19861
0.21156
0.11829
0.0677847
0.0678938
0.172207
0.21156
0.21156
0.21156
0.166675
0.162496
0.199539
0.157994
0.0869573
0.131195
0.127745
0.158218
0.21156
0.127956
0.202659
0.122279
0.196778
0.100728
0.165147
0.181826
0.155326
0.218933
0.218933
0.218933
0.163731
0.0948464
0.0768024
0.157607
0.0942041
0.0982102
0.162605
0.136282
0.218933
0.212138
0.134761
0.106424
0.13482
0.119604
0.161199
0.218933
0.116591
0.203866
0.160683
0.14136
0.2081
0.218933
0.218933
0.196543
0.218933
0.129699
0.176043
0.126414
0.110561
0.0655278
0.129547
0.0881817
0.091584
0.14052
0.107237
0.231871
0.203274
0.129859
0.269094
0.146445
0.144345
0.127067
0.169437
0.0604506
0.155899
0.18348
0.269094
0.177717
0.218089
0.134435
0.184394
0.218188
0.119846
0.178523
0.138774
0.108206
0.269094
0.122786
0.141177
0.182422
0.157302
0.114961
0.077267
0.113654
0.269094
0.081175
0.213314
0.200678
0.218569
0.218351
0.0949052
0.099067
0.193423
0.185448
0.0962698
0.177221
0.218569
0.218569
0.139454
0.0788713
0.0772791
0.178593
0.197886
0.100203
0.195598
0.218569
0.218569
0.218569
0.0936643
0.130587
0.121997
0.109049
0.111752
0.109955
0.215532
0.218569
0.218569
0.112514
0.122046
0.176415
0.11478
0.121652
0.187624
0.224554
0.224554
0.183904
0.0717501
0.0783595
0.202463
0.148925
0.112884
0.13992
0.111991
0.213065
0.196694
0.193405
0.170784
0.117771
0.108769
0.143096
0.118718
0.224554
0.224554
0.224554
0.140332
0.121888
0.223462
0.0983997
0.0369551
0.119178
0.185134
0.201602
0.224554
0.224554
0.154878
0.129439
0.0869497
0.133567
0.168862
0.120026
0.201569
0.192574
0.16893
0.169913
0.167342
0.11549
0.153313
0.188001
0.121933
0.159478
0.152536
0.138968
0.220889
0.139257
0.10529
0.0499956
0.131672
0.1693
0.174
0.220889
0.220889
0.191457
0.178023
0.117132
0.0599363
0.192979
0.209694
0.220889
0.220889
0.213399
0.0883476
0.19581
0.0962973
0.109315
0.15951
0.116965
0.146845
0.133495
0.10966
0.208041
0.193891
0.133916
0.0991661
0.129599
0.210597
0.219776
0.219776
0.112897
0.131385
0.148418
0.204964
0.0565878
0.15589
0.196972
0.219776
0.219776
0.185884
0.0999496
0.182747
0.133461
0.152607
0.156677
0.204709
0.219776
0.219776
0.219776
0.0860222
0.124835
0.144196
0.0850251
0.133334
0.213752
0.22177
0.22177
0.129918
0.136489
0.198084
0.182995
0.0799222
0.143203
0.12859
0.14005
0.217723
0.136828
0.204064
0.127262
0.154426
0.151046
0.125374
0.22177
0.22177
0.22177
0.22177
0.110252
0.129396
0.17286
0.0879566
0.104865
0.148338
0.173027
0.213403
0.22177
0.17175
0.0838948
0.126008
0.0899506
0.13598
0.122191
0.130841
0.218427
0.128399
0.194414
0.166178
0.11468
0.184516
0.218427
0.218427
0.186666
0.207999
0.113803
0.18741
0.122274
0.0872702
0.107394
0.121508
0.200763
0.21332
0.194597
0.218427
0.179888
0.0791351
0.107262
0.112161
0.19353
0.218427
0.218427
0.218427
0.218427
0.114313
0.0655028
0.119768
0.140841
0.153719
0.135472
0.14866
0.161273
0.103505
0.196425
0.135564
0.0838081
0.255064
0.101271
0.146957
0.18185
0.162841
0.106196
0.0711168
0.0692105
0.255064
0.11687
0.183177
0.255064
0.255064
0.235265
0.168945
0.10664
0.0612075
0.0945053
0.182641
0.0210587
0.10568
0.175442
0.255064
0.205253
0.11386
0.162692
0.255064
0.0941862
0.161684
0.205206
0.222869
0.225931
0.101635
0.119497
0.097093
0.114434
0.0873233
0.0983425
0.220652
0.225931
0.225931
0.0934561
0.1293
0.12122
0.161621
0.0565615
0.121352
0.121822
0.207656
0.206348
0.220094
0.0892766
0.0781326
0.0672713
0.14714
0.225931
0.225931
0.223589
0.180959
0.180081
0.225931
0.225931
0.119097
0.100528
0.0924126
0.203663
0.222817
0.222817
0.104267
0.104882
0.140963
0.107376
0.0304588
0.0983881
0.164615
0.181027
0.222817
0.161487
0.117811
0.131318
0.0753416
0.148006
0.199948
0.212154
0.222817
0.222817
0.183564
0.222817
0.222817
0.0786166
0.103099
0.139692
0.202718
0.199933
0.222817
0.101648
0.217659
0.135881
0.148039
0.0471864
0.103977
0.171211
0.189695
0.226105
0.172071
0.156992
0.179671
0.0904618
0.0733004
0.153822
0.186867
0.19175
0.226105
0.192479
0.0995309
0.15409
0.0954092
0.144278
0.152464
0.200264
0.226105
0.226105
0.135658
0.186139
0.104138
0.117955
0.0947747
0.129612
0.150583
0.15224
0.226105
0.226105
0.226105
0.132913
0.193088
0.0670821
0.1257
0.183101
0.212513
0.212513
0.183476
0.122793
0.17537
0.142489
0.184068
0.147053
0.169553
0.19304
0.212513
0.182799
0.0939412
0.156125
0.18353
0.109239
0.151842
0.15232
0.162497
0.212513
0.212513
0.196494
0.129791
0.167612
0.10773
0.138605
0.108903
0.12463
0.156081
0.194851
0.203013
0.157101
0.210163
0.169949
0.113726
0.188213
0.221697
0.221697
0.201903
0.110699
0.168688
0.188192
0.0979386
0.124875
0.141029
0.172997
0.198068
0.221697
0.206185
0.0809643
0.111749
0.122136
0.201068
0.137236
0.164336
0.185433
0.11827
0.159562
0.174528
0.195108
0.122901
0.221697
0.221697
0.221697
0.221697
0.113926
0.0848648
0.0781229
0.0331445
0.115418
0.1461
0.200854
0.21416
0.207584
0.227413
0.210906
0.0890761
0.0981931
0.11379
0.191229
0.227413
0.227413
0.227413
0.185444
0.132418
0.106428
0.128783
0.127034
0.227413
0.227413
0.227413
0.227413
0.0733481
0.0720374
0.0951634
0.0335382
0.0715874
0.112092
0.137064
0.146859
0.227413
0.0997303
0.118027
0.181034
0.166117
0.111805
0.180561
0.244462
0.246874
0.236943
0.130171
0.12375
0.0941482
0.0923558
0.224245
0.0523431
0.0951808
0.169939
0.251587
0.188804
0.104232
0.154372
0.251587
0.0701864
0.0924914
0.0968307
0.11706
0.225403
0.075714
0.082101
0.134362
0.145953
0.251587
0.153782
0.111877
0.119221
0.251587
0.0849016
0.0548864
0.22542
0.251587
0.0489651
0.117382
0.132182
0.17337
0.176617
0.182186
0.0909478
0.0735505
0.0518408
0.117138
0.211596
0.223076
0.223403
0.204481
0.181419
0.223403
0.223403
0.133333
0.117045
0.150938
0.118157
0.153116
0.169868
0.149459
0.115216
0.0848509
0.094659
0.223403
0.223403
0.218938
0.163349
0.184791
0.0642968
0.223403
0.223403
0.194942
0.110932
0.1502
0.175296
0.219155
0.209986
0.164997
0.198597
0.219155
0.0854652
0.09197
0.126782
0.16555
0.160869
0.219155
0.0722531
0.180963
0.120957
0.114882
0.206063
0.219155
0.138254
0.119869
0.163273
0.0764008
0.21543
0.219155
0.219155
0.155192
0.182745
0.0840215
0.103602
0.137897
0.157325
0.219155
0.181574
0.172243
0.149079
0.126816
0.173091
0.217798
0.217798
0.100305
0.190572
0.122789
0.0997094
0.0876624
0.0907452
0.127029
0.0994185
0.195299
0.217798
0.217798
0.154535
0.169855
0.217798
0.178276
0.0775295
0.127424
0.211177
0.200665
0.217798
0.210581
0.217264
0.0567207
0.0677964
0.0980124
0.0766161
0.181899
0.183742
0.217798
0.200937
0.185779
0.114552
0.115107
0.139428
0.124742
0.222033
0.222033
0.222033
0.175656
0.161334
0.128886
0.125162
0.122133
0.129805
0.172521
0.16059
0.18183
0.158135
0.217395
0.0803525
0.0778407
0.186512
0.147368
0.222033
0.215495
0.181393
0.185779
0.179287
0.071588
0.205646
0.222033
0.222033
0.140714
0.108601
0.169047
0.129903
0.146783
0.121231
0.172169
0.160839
0.165277
0.195588
0.105236
0.153676
0.17405
0.17789
0.131636
0.200964
0.237725
0.237725
0.237725
0.13551
0.11594
0.0850341
0.0407859
0.0560499
0.224469
0.237725
0.237725
0.168034
0.107538
0.136774
0.0909323
0.121069
0.0804673
0.227219
0.17728
0.229391
0.237725
0.117118
0.126232
0.0998112
0.115633
0.13239
0.230904
0.230904
0.230904
0.230904
0.11574
0.114181
0.109198
0.0402577
0.0871274
0.147821
0.11702
0.154736
0.230904
0.0917812
0.118486
0.230904
0.211112
0.0727379
0.230904
0.203744
0.22486
0.230904
0.133365
0.154033
0.122099
0.117635
0.102945
0.136334
0.121471
0.230904
0.230904
0.082889
0.15055
0.149537
0.108447
0.0883426
0.140671
0.113941
0.132667
0.268684
0.09457
0.0918113
0.191292
0.185341
0.271429
0.214869
0.11371
0.116704
0.231989
0.0834454
0.0854438
0.271429
0.271429
0.0816155
0.132861
0.144095
0.197491
0.231594
0.0961125
0.134753
0.130921
0.0856764
0.271429
0.0526572
0.0640283
0.0689758
0.201936
0.0375109
0.0897555
0.143814
0.271429
0.12799
0.164812
0.125997
0.160172
0.18881
0.137486
0.146407
0.102137
0.0920955
0.215335
0.226741
0.226741
0.205699
0.223441
0.0896304
0.17515
0.226741
0.226741
0.0864959
0.0717188
0.0968852
0.152662
0.209587
0.0971355
0.118292
0.139012
0.123778
0.0999584
0.081958
0.0867312
0.226741
0.226741
0.202759
0.172905
0.226741
0.20067
0.188339
0.226138
0.16451
0.155042
0.209379
0.113517
0.205474
0.226138
0.226138
0.17799
0.218101
0.0862993
0.110341
0.152982
0.184082
0.226138
0.187432
0.158964
0.0996183
0.0856685
0.068178
0.158237
0.226138
0.192273
0.16239
0.226138
0.221211
0.0665876
0.0717704
0.0736448
0.0673457
0.0712353
0.117092
0.226138
0.189968
0.0794414
0.22204
0.179812
0.0641822
0.117243
0.209065
0.22204
0.22204
0.22204
0.192136
0.066254
0.0840034
0.157568
0.0750635
0.22204
0.202717
0.22204
0.22204
0.204837
0.095098
0.136359
0.120261
0.0966982
0.115709
0.14582
0.22204
0.163296
0.0896533
0.0908609
0.22204
0.22204
0.149182
0.207397
0.154651
0.164048
0.0664222
0.04038
0.0890644
0.0872223
0.182021
0.121428
0.229384
0.220137
0.19007
0.220291
0.182905
0.0689542
0.211529
0.229384
0.229384
0.18509
0.114431
0.141298
0.148124
0.12411
0.0953725
0.229384
0.229384
0.196725
0.181234
0.117987
0.144686
0.0613399
0.0389419
0.04372
0.130347
0.229384
0.152424
0.182698
0.135943
0.182385
0.164571
0.158221
0.0558045
0.23397
0.23397
0.23397
0.209285
0.137088
0.136456
0.114148
0.107635
0.0849901
0.196214
0.192946
0.216032
0.23397
0.152621
0.150747
0.103315
0.114583
0.0639923
0.183903
0.23397
0.179877
0.168466
0.157563
0.209091
0.164315
0.157694
0.14817
0.129525
0.151214
0.0946843
0.23397
0.173272
0.130523
0.121294
0.108476
0.0799395
0.219984
0.219984
0.203893
0.219984
0.163755
0.176094
0.118279
0.111892
0.114541
0.181014
0.110629
0.218775
0.219984
0.114971
0.138172
0.164612
0.147842
0.178075
0.192166
0.183605
0.091837
0.218757
0.164461
0.125169
0.131294
0.129228
0.177681
0.219984
0.13045
0.185657
0.219984
0.125395
0.110949
0.150464
0.145167
0.105912
0.20743
0.136718
0.181674
0.22687
0.132556
0.141048
0.151415
0.113918
0.280967
0.0709582
0.0699696
0.0612696
0.238976
0.0478441
0.127331
0.197333
0.280967
0.17304
0.280967
0.117691
0.147352
0.250506
0.0950831
0.0796101
0.137742
0.131754
0.280967
0.0629928
0.0699169
0.0919422
0.202209
0.019519
0.0196071
0.0856426
0.280967
0.130249
0.104916
0.110296
0.154503
0.218865
0.121866
0.132232
0.176853
0.163004
0.125972
0.0944622
0.0957996
0.218865
0.218865
0.175982
0.180246
0.218865
0.218865
0.0787774
0.201109
0.146915
0.108135
0.218865
0.145166
0.218865
0.215318
0.218865
0.0963705
0.138951
0.0849743
0.0567778
0.153401
0.186657
0.18922
0.218865
0.19153
0.121781
0.0955534
0.0865703
0.187964
0.239887
0.202987
0.210144
0.239887
0.239887
0.109418
0.133055
0.13779
0.0871288
0.0782931
0.127915
0.239887
0.216591
0.0739124
0.0979827
0.218819
0.156864
0.0546803
0.131355
0.181386
0.221321
0.218356
0.187212
0.130873
0.239887
0.239887
0.0893598
0.0506263
0.101758
0.0998972
0.175738
0.16005
0.114621
0.145587
0.151837
0.0988567
0.11832
0.168733
0.254772
0.20536
0.0815236
0.108061
0.254772
0.254772
0.139234
0.239362
0.159881
0.127932
0.0896597
0.0772314
0.120218
0.254772
0.254772
0.132724
0.072
0.087359
0.094665
0.127507
0.123236
0.0982899
0.254772
0.192036
0.128948
0.214073
0.178753
0.166904
0.172952
0.154285
0.0993344
0.221961
0.221961
0.167197
0.209932
0.132165
0.112279
0.0845113
0.0708932
0.0523366
0.160997
0.221961
0.125193
0.221961
0.173011
0.183112
0.204031
0.163098
0.0849016
0.221961
0.170536
0.142002
0.221961
0.197181
0.159621
0.138617
0.126737
0.155804
0.166265
0.155877
0.0580293
0.221961
0.181029
0.195134
0.160857
0.150243
0.0729842
0.217085
0.217085
0.157266
0.217085
0.208728
0.217085
0.217085
0.192348
0.146171
0.130105
0.153276
0.0993736
0.217085
0.185571
0.139057
0.109238
0.131162
0.171184
0.166511
0.155548
0.0747809
0.217085
0.217085
0.190736
0.167987
0.190316
0.0673642
0.124555
0.122518
0.209538
0.189587
0.132849
0.140377
0.114806
0.0686561
0.187819
0.218052
0.187299
0.113468
0.220077
0.183378
0.140234
0.124355
0.167002
0.220077
0.220077
0.196134
0.214677
0.220077
0.146364
0.108281
0.136911
0.205906
0.0583013
0.129202
0.13368
0.185302
0.195035
0.159834
0.126199
0.11613
0.0896405
0.0586239
0.220077
0.195401
0.220077
0.220077
0.112933
0.100527
0.0924805
0.0912728
0.194998
0.291285
0.152695
0.163686
0.209676
0.102142
0.0722422
0.12055
0.163423
0.291285
0.0965081
0.110771
0.104274
0.262256
0.0327361
0.0234141
0.110429
0.291285
0.0567768
0.160674
0.177121
0.199789
0.234337
0.0854936
0.0837559
0.0794621
0.0852536
0.291285
0.0939593
0.135157
0.133762
0.205897
0.0246534
0.00816075
0.0229018
0.291285
0.110136
0.217122
0.147136
0.115491
0.219916
0.145586
0.205559
0.219916
0.219916
0.1332
0.164233
0.0933607
0.0677955
0.16305
0.13792
0.190629
0.197995
0.219916
0.165043
0.101585
0.0482857
0.119483
0.219916
0.17773
0.205556
0.219916
0.219916
0.157073
0.219916
0.178246
0.175853
0.143099
0.164676
0.0911217
0.058054
0.0395895
0.135239
0.201566
0.13971
0.0618208
0.129074
0.142187
0.227189
0.200278
0.213694
0.180985
0.232276
0.232276
0.122614
0.0856544
0.090374
0.145346
0.135018
0.0980538
0.144478
0.232276
0.168493
0.155172
0.138116
0.179572
0.0834599
0.061819
0.042561
0.172821
0.22642
0.21333
0.232276
0.208862
0.1599
0.17995
0.184071
0.126649
0.152205
0.228683
0.228683
0.149937
0.100844
0.0919933
0.138459
0.113541
0.0825018
0.103999
0.228683
0.194481
0.096642
0.199329
0.172745
0.161971
0.191582
0.144804
0.181834
0.218244
0.221474
0.222887
0.199127
0.192219
0.149466
0.191438
0.162406
0.0514549
0.147553
0.144241
0.121439
0.136024
0.222671
0.130543
0.167452
0.118239
0.0924027
0.212079
0.161054
0.136078
0.212079
0.212079
0.183005
0.192188
0.144775
0.157158
0.169717
0.167839
0.0755252
0.212079
0.212079
0.203073
0.184766
0.189187
0.043926
0.137163
0.178351
0.149386
0.144125
0.212079
0.158031
0.177735
0.131076
0.0925863
0.105144
0.166079
0.172633
0.212079
0.212079
0.138257
0.161389
0.0754652
0.154758
0.158317
0.154769
0.112909
0.216338
0.216338
0.200402
0.200666
0.216338
0.0642871
0.138969
0.156931
0.190205
0.189541
0.128426
0.116505
0.135841
0.116163
0.0965053
0.112549
0.216338
0.216338
0.216338
0.216338
0.175254
0.216338
0.110442
0.0628629
0.107378
0.145667
0.145458
0.166996
0.141846
0.145285
0.216338
0.196417
0.0468042
0.134801
0.169637
0.200488
0.192613
0.140192
0.0974607
0.125733
0.117254
0.0797909
0.224771
0.224771
0.224771
0.224771
0.117121
0.0933175
0.078723
0.0966299
0.0690014
0.124538
0.19919
0.194618
0.183789
0.103832
0.158232
0.224771
0.224771
0.0999912
0.224771
0.144316
0.224771
0.224771
0.224771
0.182174
0.138389
0.12135
0.058383
0.146897
0.192256
0.185283
0.171172
0.0757818
0.0647555
0.0595339
0.0683961
0.243929
0.107081
0.144754
0.146884
0.175167
0.0495252
0.0307489
0.0740047
0.243929
0.0809429
0.205171
0.124252
0.243929
0.188072
0.147925
0.141141
0.131348
0.102157
0.133901
0.214622
0.176576
0.243929
0.243929
0.192341
0.212337
0.243929
0.243929
0.174215
0.120504
0.0563409
0.151213
0.218176
0.160911
0.218176
0.218176
0.218176
0.189554
0.218176
0.209275
0.198254
0.143023
0.137922
0.0915966
0.0673146
0.0906639
0.148547
0.213557
0.108159
0.144889
0.218176
0.151034
0.105022
0.0825762
0.0703633
0.148648
0.218176
0.218176
0.110576
0.204037
0.200536
0.218176
0.155088
0.0945584
0.167563
0.216758
0.183432
0.152274
0.132854
0.142032
0.0819171
0.054574
0.0488911
0.199534
0.183381
0.201682
0.216758
0.216758
0.178492
0.199966
0.137761
0.0848931
0.156889
0.216143
0.205385
0.117503
0.216758
0.170531
0.176375
0.131227
0.0835142
0.0951347
0.104251
0.1452
0.216758
0.216758
0.216758
0.211131
0.141802
0.0821901
0.213182
0.182451
0.193747
0.207884
0.229916
0.223921
0.189053
0.152003
0.107003
0.0509604
0.16944
0.179344
0.113296
0.14355
0.223432
0.157606
0.171697
0.0882958
0.107892
0.107246
0.115923
0.23128
0.23128
0.23128
0.185832
0.146668
0.110048
0.00311623
0.108573
0.103354
0.086351
0.23128
0.23128
0.212865
0.0955764
0.041118
0.0409759
0.145044
0.182523
0.131383
0.144194
0.233924
0.191024
0.183816
0.0925832
0.0940381
0.105172
0.143601
0.170492
0.212516
0.23137
0.169579
0.178459
0.0904823
0.00949372
0.105881
0.0997125
0.0905457
0.251546
0.251546
0.233366
0.0838098
0.03385
0.0377461
0.114952
0.251546
0.251546
0.251546
0.251546
0.200961
0.0914586
0.0123154
0.0828429
0.0895483
0.171886
0.208063
0.217777
0.214638
0.176677
0.208421
0.102464
0.071337
0.086437
0.140916
0.159077
0.159647
0.13355
0.116404
0.192211
0.155378
0.0431476
0.133346
0.24232
0.24232
0.24232
0.24232
0.197679
0.0861817
0.0365647
0.0884027
0.126286
0.181261
0.24232
0.24232
0.192532
0.162249
0.0997296
0.0905301
0.0695438
0.101509
0.19344
0.20486
0.164284
0.132351
0.115754
0.224519
0.18633
0.0961131
0.218013
0.177618
0.227844
0.227844
0.196977
0.123764
0.126634
0.0866211
0.0809893
0.1506
0.181915
0.227844
0.227844
0.196881
0.146873
0.118695
0.133705
0.0501304
0.222485
0.176868
0.227844
0.227844
0.0850219
0.128661
0.14292
0.0534429
0.0860685
0.191399
0.161213
0.236908
0.181515
0.120243
0.103977
0.129456
0.0819351
0.105372
0.149169
0.156121
0.245206
0.211422
0.202362
0.200713
0.245206
0.245206
0.03485
0.18161
0.112116
0.195998
0.245206
0.0749084
0.129354
0.110442
0.0568648
0.0823488
0.168204
0.076743
0.175269
0.183907
0.103958
0.195703
0.174049
0.245206
0.137317
0.19821
0.102043
0.171054
0.191021
0.124764
0.110732
0.0825961
0.0651533
0.133397
0.177285
0.177523
0.127272
0.244156
0.179003
0.2229
0.141842
0.126566
0.0450312
0.158796
0.0916392
0.250238
0.250238
0.163386
0.181441
0.12549
0.0857073
0.0431344
0.157524
0.191696
0.250238
0.250238
0.250238
0.226643
0.078093
0.00722688
0.124953
0.174286
0.163676
0.120301
0.240253
0.147803
0.124459
0.114541
0.079456
0.0839149
0.0780425
0.154736
0.240253
0.240253
0.199727
0.143114
0.0886215
0.0762219
0.0536266
0.216367
0.199933
0.240253
0.240253
0.240253
0.14882
0.0670731
0.014246
0.0456774
0.111153
0.105135
0.240253
0.240253
0.240253
0.240253
0.134055
0.0876044
0.0933417
0.0931557
0.128177
0.233238
0.233238
0.233238
0.152063
0.0882096
0.0745666
0.00462835
0.0847761
0.117535
0.126067
0.233238
0.233238
0.203129
0.0849951
0.0411015
0.0655667
0.223587
0.169842
0.233238
0.233238
0.233238
0.233238
0.108024
0.0705064
0.0525056
0.156517
0.185702
0.203376
0.187441
0.233238
0.233238
0.0529354
0.0584015
0.0121753
0.0943026
0.110241
0.117251
0.234929
0.234929
0.228557
0.0809522
0.0287076
0.0519095
0.0893417
0.211866
0.21138
0.234929
0.234929
0.234929
0.0950643
0.0187831
0.0518427
0.216064
0.234929
0.209446
0.209027
0.234929
0.210681
0.0464958
0.0428283
0.030722
0.159346
0.223999
0.224999
0.234929
0.117795
0.11231
0.0930202
0.0817592
0.0534032
0.115361
0.240374
0.240374
0.240374
0.240374
0.240374
0.109861
0.0320701
0.083341
0.0999613
0.191343
0.240374
0.240374
0.226871
0.183734
0.131461
0.064822
0.0352743
0.176033
0.240374
0.240374
0.240374
0.122991
0.106742
0.0943179
0.0848758
0.0425726
0.15119
0.120986
0.140976
0.209599
0.134231
0.120969
0.13101
0.0700173
0.0702171
0.135162
0.207988
0.22974
0.22974
0.22974
0.150172
0.157848
0.0934396
0.060052
0.226848
0.229371
0.22974
0.22974
0.0811095
0.132058
0.156196
0.0620591
0.0496504
0.18644
0.160126
0.16055
0.221827
0.127185
0.149376
0.135978
0.0688999
0.0564386
0.13926
0.193165
0.170794
0.165219
0.0928045
0.22974
0.210419
0.178589
0.0555693
0.221591
0.191891
0.26017
0.276508
0.0899867
0.118644
0.136576
0.0721955
0.117749
0.136202
0.101167
0.167981
0.190885
0.144195
0.189981
0.190308
0.276508
0.0610409
0.167741
0.192605
0.176631
0.172732
0.0833639
0.239756
0.209248
0.126435
0.209537
0.0822506
0.0514074
0.105755
0.116967
0.0613164
0.133815
0.115932
0.276508
0.0833328
0.160019
0.118814
0.246235
0.246235
0.135249
0.172961
0.163212
0.10542
0.0555151
0.154903
0.159133
0.246235
0.246235
0.246235
0.191449
0.101095
0.0193255
0.167594
0.185837
0.240339
0.246235
0.246235
0.0928028
0.107805
0.140276
0.154228
0.0634974
0.0864572
0.0992622
0.149384
0.246235
0.10588
0.124232
0.0982903
0.136415
0.0594504
0.216513
0.178784
0.250295
0.250295
0.250295
0.150432
0.0938915
0.0230275
0.0405551
0.104723
0.135723
0.250295
0.250295
0.250295
0.250295
0.132156
0.110384
0.0688933
0.114363
0.147466
0.163937
0.250295
0.0999776
0.0802227
0.0719098
0.0935247
0.0759593
0.100122
0.111188
0.101502
0.226257
0.142237
0.213394
0.186448
0.191855
0.0500918
0.195173
0.189609
0.2284
0.2284
0.2284
0.2284
0.0996924
0.0789298
0.063609
0.154352
0.214878
0.2284
0.225746
0.2284
0.2284
0.0551571
0.0746443
0.0829323
0.147529
0.14989
0.164502
0.227594
0.135999
0.193731
0.145416
0.12487
0.0363099
0.0769439
0.116351
0.183146
0.103982
0.153956
0.2284
0.190756
0.0914885
0.0653497
0.203086
0.21734
0.21734
0.21734
0.21734
0.21734
0.0538881
0.0551424
0.046607
0.147215
0.21734
0.21734
0.21734
0.130051
0.183577
0.12201
0.100355
0.0476703
0.135839
0.159516
0.21734
0.101271
0.150883
0.211945
0.182019
0.0628009
0.0439348
0.150728
0.21734
0.21734
0.202016
0.117472
0.21734
0.189803
0.0762542
0.0509823
0.161783
0.227263
0.227263
0.227263
0.114541
0.166726
0.117569
0.0965156
0.0481637
0.119624
0.159837
0.182101
0.227263
0.164515
0.152333
0.168723
0.0725397
0.0572838
0.197868
0.227263
0.227263
0.227263
0.10857
0.227263
0.197075
0.0792051
0.077603
0.150511
0.227263
0.227263
0.227263
0.138894
0.120889
0.106846
0.079826
0.0525491
0.158665
0.214596
0.21965
0.21965
0.145758
0.150848
0.143277
0.0603587
0.0675682
0.126338
0.166073
0.204955
0.205509
0.147616
0.21965
0.196655
0.177266
0.0735619
0.176695
0.21965
0.21965
0.21965
0.151438
0.145313
0.138793
0.0920783
0.0718128
0.104643
0.21965
0.0963515
0.174883
0.214157
0.21965
0.171538
0.089163
0.0809575
0.181566
0.194208
0.232068
0.227552
0.152029
0.208439
0.186487
0.135671
0.23268
0.0707579
0.0605304
0.101604
0.148667
0.0947856
0.126959
0.127685
0.272143
0.0839745
0.115066
0.198214
0.0815234
0.168473
0.208594
0.272143
0.245828
0.123104
0.165728
0.0404823
0.151324
0.107027
0.106364
0.158882
0.116466
0.106156
0.272143
0.218379
0.218379
0.218379
0.218379
0.218379
0.10407
0.106935
0.195503
0.176547
0.108383
0.113314
0.107658
0.144926
0.218379
0.0835492
0.132502
0.133514
0.122759
0.148198
0.19154
0.178094
0.187567
0.218379
0.155113
0.184917
0.182935
0.169546
0.105732
0.145765
0.209954
0.218379
0.218379
0.109403
0.0830278
0.112004
0.102941
0.138186
0.165928
0.176019
0.18786
0.22811
0.114275
0.106996
0.104965
0.106136
0.10382
0.126068
0.126785
0.142624
0.22811
0.22811
0.22811
0.22811
0.217201
0.122791
0.18441
0.22811
0.222843
0.22811
0.107461
0.0833573
0.152207
0.0936362
0.0636417
0.118942
0.128466
0.144455
0.22811
0.202929
0.204334
0.14107
0.0787176
0.102328
0.162079
0.159051
0.199594
0.215607
0.206307
0.215607
0.215607
0.143084
0.0589951
0.0969645
0.152561
0.215607
0.151269
0.166353
0.215607
0.215607
0.140568
0.0703722
0.13067
0.121621
0.136561
0.215607
0.211492
0.175247
0.139752
0.0657874
0.176979
0.124253
0.160699
0.193066
0.156878
0.0813031
0.215607
0.215607
0.119976
0.0727084
0.140876
0.173963
0.2201
0.105577
0.123516
0.181545
0.207989
0.0831552
0.0694692
0.159254
0.2201
0.2201
0.2201
0.146436
0.2201
0.199997
0.082516
0.134584
0.101248
0.155463
0.167155
0.114073
0.0761573
0.194387
0.2201
0.128129
0.0910506
0.2201
0.2201
0.176098
0.2201
0.119709
0.210373
0.167837
0.145217
0.0827714
0.194773
0.22256
0.22256
0.22256
0.109024
0.22256
0.175639
0.0648146
0.0951424
0.119458
0.22256
0.22256
0.22256
0.126941
0.157138
0.143929
0.0903879
0.0711905
0.17093
0.22256
0.189251
0.22256
0.0977604
0.156712
0.169883
0.135566
0.133665
0.0741748
0.10701
0.105577
0.221307
0.0904191
0.125796
0.22256
0.22256
0.10024
0.179915
0.222832
0.222832
0.222832
0.161472
0.185673
0.170465
0.104029
0.0939549
0.127574
0.185593
0.119742
0.222832
0.222832
0.222832
0.167486
0.0839407
0.108866
0.11351
0.132733
0.165523
0.222832
0.125185
0.135957
0.222832
0.222832
0.132892
0.207713
0.157598
0.0883259
0.209677
0.0569432
0.0971904
0.163269
0.143604
0.107796
0.159973
0.151757
0.098556
0.246708
0.276793
0.268922
0.21909
0.118138
0.147491
0.0425372
0.160991
0.113409
0.1397
0.190627
0.138976
0.124335
0.276793
0.0947319
0.240203
0.17272
0.112196
0.224267
0.110936
0.113482
0.168751
0.123169
0.186368
0.0565531
0.134417
0.126121
0.152205
0.127791
0.0717877
0.0855314
0.276793
0.167071
0.217869
0.192746
0.179842
0.217869
0.187176
0.202506
0.217869
0.175009
0.121601
0.173466
0.217869
0.217869
0.217869
0.127542
0.0944179
0.132013
0.082609
0.0998829
0.132737
0.193635
0.158799
0.176651
0.217869
0.217869
0.111614
0.109735
0.0436712
0.108114
0.138635
0.172506
0.217325
0.155274
0.100297
0.156931
0.0852261
0.152115
0.222
0.222
0.222
0.222
0.152019
0.103741
0.166246
0.0810546
0.0674304
0.13171
0.136399
0.167421
0.222
0.222
0.216116
0.163183
0.0584903
0.0586946
0.111053
0.145809
0.199522
0.211823
0.222
0.139551
0.17827
0.109547
0.133167
0.0994595
0.120394
0.157597
0.222
0.177527
0.156677
0.109312
0.222
0.0812471
0.155564
0.136637
0.148636
0.216033
0.216033
0.20281
0.198546
0.0697064
0.179305
0.186313
0.215265
0.216033
0.190697
0.0880894
0.216033
0.216033
0.17372
0.149245
0.125834
0.154448
0.194529
0.216033
0.210056
0.132674
0.0902396
0.200156
0.156443
0.216033
0.100689
0.129734
0.205257
0.0644261
0.121031
0.0714602
0.0401657
0.15957
0.167909
0.230252
0.227009
0.149851
0.0743109
0.198565
0.233059
0.17634
0.117021
0.233059
0.233059
0.233059
0.233059
0.148101
0.233059
0.183931
0.149283
0.144947
0.20243
0.104398
0.124294
0.200439
0.0668236
0.0930731
0.0643325
0.032808
0.0505055
0.162576
0.192783
0.0891605
0.194968
0.124082
0.116853
0.134219
0.140071
0.106193
0.225322
0.234975
0.208905
0.234975
0.121868
0.226166
0.174306
0.12301
0.184241
0.128802
0.142631
0.154691
0.234975
0.0951873
0.210734
0.234975
0.234975
0.0589137
0.147508
0.173729
0.0940004
0.174833
0.101629
0.0968105
0.122585
0.134041
0.113292
0.122398
0.138492
0.189692
0.175835
0.0540167
0.0638645
0.186641
0.234975
0.148479
0.188866
0.149816
0.144224
0.227759
0.138212
0.211775
0.227759
0.227759
0.157956
0.227759
0.165698
0.103255
0.212661
0.078405
0.139901
0.227759
0.177869
0.121156
0.121995
0.139659
0.189195
0.174592
0.0655808
0.0838725
0.22432
0.227759
0.105888
0.092434
0.111887
0.14193
0.201002
0.0995287
0.101704
0.127473
0.227759
0.110127
0.286154
0.181731
0.112343
0.226218
0.1321
0.149046
0.220336
0.154728
0.247537
0.0787016
0.160909
0.138012
0.141358
0.121529
0.0915094
0.0999047
0.286154
0.10144
0.0970481
0.130069
0.109709
0.167014
0.123947
0.139385
0.171783
0.261555
0.286154
0.0816807
0.0956199
0.129416
0.160729
0.0917358
0.0698393
0.0699148
0.286154
