0.224202
0.185182
0.0608555
0.202212
0.230176
0.0830355
0.0455014
0.128156
0.230176
0.086399
0.082982
0.106304
0.158383
0.145319
0.212662
0.19845
0.227742
0.230176
0.230176
0.16118
0.0535727
0.229704
0.230176
0.0345825
0.075127
0.124059
0.230176
0.119922
0.113295
0.0871321
0.0967763
0.14594
0.11688
0.174084
0.230176
0.230176
0.136664
0.114416
0.136936
0.142478
0.184596
0.140303
0.154854
0.225223
0.236517
0.118693
0.147486
0.227276
0.140988
0.236517
0.16757
0.176349
0.195847
0.174001
0.186638
0.126764
0.0972301
0.0971893
0.149317
0.0968566
0.139222
0.236517
0.236517
0.101185
0.11791
0.0862007
0.170169
0.236517
0.139316
0.236517
0.140877
0.0961447
0.144462
0.195418
0.21322
0.126072
0.21322
0.117864
0.144056
0.136565
0.157669
0.121537
0.21322
0.183946
0.189141
0.21322
0.21322
0.21322
0.21322
0.161806
0.125973
0.119312
0.109272
0.186019
0.21322
0.116196
0.16433
0.0957184
0.0708759
0.0966811
0.21322
0.108861
0.1096
0.201823
0.210703
0.20747
0.15178
0.10681
0.141565
0.206204
0.176638
0.198271
0.164842
0.194389
0.206204
0.164196
0.161033
0.0822232
0.168891
0.191364
0.206204
0.204481
0.156615
0.206204
0.196253
0.182059
0.0926037
0.184572
0.141813
0.125723
0.206204
0.175524
0.170397
0.167805
0.109312
0.084272
0.161103
0.116182
0.167993
0.138389
0.108828
0.150814
0.206204
0.139792
0.108666
0.172641
0.149299
0.190196
0.202462
0.165223
0.212149
0.200088
0.176218
0.0688496
0.0857153
0.129285
0.182848
0.212149
0.127017
0.212149
0.200821
0.154267
0.0978429
0.145688
0.0923532
0.13468
0.127099
0.101443
0.154249
0.212149
0.196286
0.106283
0.18179
0.212149
0.193658
0.146389
0.151296
0.174924
0.212149
0.212149
0.0899075
0.139385
0.114367
0.152501
0.219892
0.131731
0.219892
0.210935
0.124804
0.1016
0.157207
0.102971
0.123585
0.219892
0.18561
0.191407
0.193921
0.219892
0.126369
0.195834
0.189463
0.175884
0.190528
0.139022
0.193017
0.219892
0.219892
0.0793359
0.180698
0.112199
0.110734
0.219892
0.150923
0.10675
0.177758
0.0839869
0.101559
0.215193
0.167674
0.106855
0.215193
0.178242
0.155986
0.17374
0.202964
0.12411
0.215193
0.188594
0.107437
0.180104
0.215193
0.174485
0.156991
0.215193
0.0725748
0.169384
0.107973
0.107637
0.215193
0.152909
0.153578
0.206215
0.0832947
0.13042
0.164759
0.123495
0.130554
0.163676
0.215193
0.215193
0.144588
0.156164
0.23596
0.165125
0.0606412
0.239091
0.239091
0.0398462
0.0630851
0.116222
0.239091
0.129645
0.125385
0.0847346
0.121369
0.125401
0.158278
0.188843
0.239091
0.239091
0.239091
0.183505
0.0512567
0.216885
0.239091
0.0635931
0.0646664
0.0726145
0.216782
0.137246
0.112114
0.115062
0.155258
0.184605
0.138726
0.110458
0.167337
0.239091
0.202053
0.149174
0.0996974
0.105747
0.134958
0.12863
0.151341
0.240502
0.240502
0.113497
0.128653
0.116229
0.166773
0.240502
0.164035
0.240502
0.148
0.129134
0.177803
0.10534
0.0957209
0.151138
0.209132
0.116016
0.125476
0.240502
0.240502
0.0857988
0.105426
0.0973481
0.1564
0.21567
0.133975
0.187054
0.240502
0.132226
0.157348
0.159995
0.156851
0.20209
0.218873
0.139037
0.218272
0.117529
0.121329
0.100372
0.218873
0.153225
0.174281
0.205729
0.218873
0.218873
0.197352
0.165211
0.121519
0.106338
0.0910541
0.155304
0.218873
0.132376
0.19819
0.218873
0.135588
0.101799
0.170418
0.19711
0.133879
0.193483
0.0826466
0.0594954
0.160203
0.159515
0.0896676
0.211696
0.165919
0.163622
0.211696
0.169379
0.173779
0.18694
0.156822
0.0869775
0.211696
0.0918137
0.198592
0.176707
0.125202
0.192492
0.211696
0.156273
0.130109
0.136872
0.172767
0.158008
0.211696
0.0905947
0.0590113
0.106126
0.143629
0.122173
0.155228
0.0653933
0.206512
0.211696
0.211696
0.179108
0.211696
0.211696
0.0836928
0.155998
0.0668155
0.139033
0.152117
0.113292
0.181943
0.210675
0.193294
0.0998588
0.165109
0.190568
0.210675
0.176815
0.137519
0.164114
0.210675
0.210675
0.110163
0.133454
0.0864616
0.201315
0.210675
0.210675
0.154281
0.198248
0.210675
0.0858923
0.172447
0.133417
0.12931
0.209071
0.210675
0.151322
0.168934
0.157667
0.118932
0.173557
0.167227
0.197499
0.201394
0.134083
0.200946
0.214977
0.214977
0.0820546
0.177316
0.12718
0.119556
0.214977
0.146982
0.113048
0.177711
0.0736276
0.0772005
0.197423
0.164849
0.140662
0.214977
0.214977
0.155603
0.175685
0.151806
0.0754064
0.214977
0.205677
0.135434
0.212211
0.164555
0.147241
0.146839
0.1443
0.0804835
0.177794
0.131645
0.11011
0.215712
0.153914
0.177634
0.215712
0.0763147
0.142442
0.21383
0.151701
0.116107
0.166421
0.215712
0.215712
0.14705
0.168087
0.0684312
0.215712
0.15833
0.14118
0.215712
0.168596
0.175277
0.175136
0.18714
0.108991
0.194611
0.0852865
0.146951
0.215712
0.120418
0.154253
0.166181
0.215712
0.237468
0.17911
0.0542318
0.216419
0.237468
0.0567995
0.0728669
0.0664509
0.199355
0.14031
0.0719886
0.117754
0.17688
0.180808
0.159451
0.119333
0.121692
0.237468
0.191367
0.192998
0.227037
0.231194
0.237468
0.137558
0.0854828
0.143079
0.234847
0.0847746
0.0381174
0.086977
0.161442
0.105259
0.135018
0.152612
0.225203
0.237468
0.193402
0.085031
0.106852
0.179234
0.21147
0.153147
0.14272
0.202767
0.252648
0.0759182
0.096161
0.11803
0.161144
0.183373
0.131878
0.179445
0.252648
0.148814
0.171322
0.0663276
0.097074
0.190612
0.144737
0.151739
0.210059
0.252648
0.252648
0.148752
0.140472
0.102884
0.151249
0.0979834
0.132928
0.163053
0.187608
0.185984
0.098982
0.109656
0.118486
0.158032
0.209547
0.11935
0.171063
0.209547
0.146157
0.0925209
0.137528
0.209547
0.155395
0.209547
0.106566
0.0733568
0.171623
0.145293
0.208608
0.209547
0.157754
0.159762
0.123954
0.123345
0.159025
0.192332
0.152248
0.209547
0.209547
0.209547
0.140464
0.189215
0.179075
0.156574
0.195192
0.209547
0.108656
0.121688
0.192907
0.159041
0.219468
0.0978027
0.0599058
0.111015
0.125927
0.120996
0.181648
0.0562804
0.219468
0.219468
0.219468
0.197157
0.219468
0.202562
0.192869
0.219468
0.219468
0.109429
0.143383
0.167373
0.127482
0.193978
0.219468
0.0358234
0.0395121
0.079027
0.139023
0.219468
0.219468
0.219468
0.13844
0.0989948
0.10409
0.156919
0.0862445
0.218647
0.221286
0.221286
0.192076
0.220016
0.190528
0.0752184
0.159869
0.112083
0.152175
0.221286
0.209148
0.153255
0.178875
0.145643
0.0211076
0.0500945
0.0828755
0.153678
0.221286
0.221286
0.221286
0.163285
0.129198
0.0348984
0.209898
0.221286
0.221286
0.221286
0.157429
0.0599192
0.087703
0.0384321
0.0633741
0.169067
0.13586
0.13721
0.220495
0.201981
0.161839
0.172356
0.138927
0.0483052
0.182169
0.154717
0.125688
0.195151
0.172579
0.14381
0.164042
0.111158
0.0381064
0.220495
0.220495
0.220495
0.220495
0.173813
0.0818449
0.062786
0.0342838
0.0900172
0.220495
0.220495
0.156208
0.220495
0.201183
0.220495
0.220495
0.0917131
0.0508129
0.183804
0.132276
0.118965
0.210892
0.179449
0.159748
0.162148
0.132878
0.0898871
0.160328
0.083143
0.116373
0.214142
0.133718
0.16387
0.149622
0.184546
0.0760696
0.217428
0.217428
0.143296
0.185908
0.197716
0.217428
0.217428
0.130984
0.110019
0.110337
0.118873
0.199743
0.201828
0.132166
0.217428
0.217428
0.217428
0.181677
0.179259
0.174704
0.189627
0.240576
0.0854756
0.0876345
0.142317
0.228933
0.0865682
0.0171005
0.0933483
0.164282
0.103
0.109933
0.147782
0.198132
0.240576
0.12765
0.171073
0.107506
0.216303
0.240576
0.124309
0.0721354
0.179779
0.240576
0.224808
0.170959
0.05054
0.110498
0.131565
0.127654
0.145513
0.240576
0.240576
0.145814
0.0477763
0.10687
0.180751
0.134537
0.134905
0.19063
0.251404
0.251404
0.101229
0.127534
0.107101
0.143366
0.0839922
0.128622
0.137551
0.146947
0.13956
0.230194
0.155075
0.0601063
0.119503
0.157032
0.167896
0.175427
0.251404
0.251404
0.158691
0.171562
0.0647902
0.0955544
0.235197
0.158338
0.208703
0.237872
0.194307
0.127565
0.200074
0.144329
0.149223
0.0899127
0.12164
0.125213
0.143741
0.101847
0.175531
0.19539
0.206887
0.140701
0.218659
0.184593
0.117592
0.176529
0.154832
0.13801
0.168773
0.0855972
0.0989821
0.177259
0.175852
0.203858
0.231858
0.231858
0.231858
0.231858
0.156487
0.141495
0.198703
0.15809
0.10372
0.116177
0.178157
0.130397
0.204893
0.193845
0.106419
0.1422
0.164761
0.10875
0.168749
0.144226
0.0495446
0.0395148
0.0678967
0.135699
0.221772
0.221214
0.221772
0.132733
0.0815561
0.221772
0.221772
0.103946
0.12842
0.149094
0.141875
0.170953
0.207556
0.221772
0.179109
0.172507
0.130149
0.04356
0.134601
0.221772
0.221772
0.221772
0.221772
0.0428158
0.0588527
0.0867541
0.159447
0.236089
0.248289
0.248289
0.195022
0.130547
0.0184731
0.208674
0.248289
0.239043
0.248289
0.133957
0.073828
0.0890665
0.0242615
0.248289
0.128243
0.118959
0.0709665
0.186211
0.248289
0.248289
0.248289
0.248289
0.080915
0.18426
0.176799
0.0863426
0.09157
0.0374868
0.0467091
0.0389959
0.0125416
0.0416257
0.214061
0.228023
0.228023
0.228023
0.158414
0.101646
0.0679126
0.0251423
0.117933
0.193318
0.228023
0.130604
0.228023
0.228023
0.200874
0.228023
0.114646
0.10177
0.205612
0.199508
0.110577
0.0962035
0.0377759
0.0340312
0.0294577
0.0128172
0.228023
0.228023
0.228023
0.114955
0.147414
0.0441547
0.114424
0.224674
0.228023
0.10894
0.181067
0.214848
0.104443
0.177791
0.194232
0.199914
0.20638
0.0981776
0.0926651
0.128329
0.113904
0.127515
0.18809
0.153044
0.214848
0.214848
0.138422
0.214848
0.214848
0.214848
0.135292
0.150279
0.0476198
0.0788852
0.137433
0.1647
0.0980416
0.186183
0.143217
0.196619
0.213132
0.153887
0.184641
0.2081
0.168385
0.119241
0.140864
0.07812
0.23725
0.245688
0.118208
0.0776659
0.194571
0.245688
0.204443
0.143417
0.0560991
0.12918
0.15194
0.129773
0.147112
0.245688
0.245688
0.245688
0.161294
0.0470342
0.147285
0.245688
0.0566501
0.0820338
0.137037
0.233204
0.127334
0.0755962
0.0603514
0.125651
0.140045
0.114877
0.108739
0.245688
0.245688
0.177186
0.115782
0.071558
0.124968
0.153928
0.139957
0.145867
0.241089
0.241089
0.097074
0.146843
0.0621001
0.120507
0.2029
0.138641
0.186306
0.20753
0.123788
0.149192
0.0972997
0.101583
0.1311
0.153435
0.110565
0.103688
0.241089
0.241089
0.105027
0.141459
0.170049
0.20819
0.205413
0.0945164
0.241089
0.241089
0.241089
0.061256
0.117952
0.080419
0.113644
0.140684
0.136416
0.165578
0.224774
0.144797
0.201465
0.224774
0.138623
0.154963
0.195256
0.113525
0.0667349
0.0867501
0.121654
0.112047
0.1652
0.168379
0.19174
0.224774
0.0762129
0.224774
0.224774
0.221749
0.153652
0.224774
0.184995
0.224774
0.224774
0.153943
0.135718
0.159019
0.158724
0.1425
0.198912
0.093476
0.123245
0.153031
0.117208
0.113417
0.151555
0.185076
0.144282
0.103602
0.0683166
0.0352252
0.127749
0.129265
0.226982
0.226982
0.226982
0.132543
0.220983
0.192688
0.1918
0.226982
0.103871
0.101395
0.092005
0.103831
0.170561
0.132476
0.145354
0.226982
0.2202
0.191327
0.210546
0.226982
0.226982
0.156683
0.0631814
0.0525802
0.0410191
0.162218
0.157465
0.274441
0.283057
0.289268
0.0445032
0.130155
0.130996
0.0609926
0.0605413
0.019034
0.0271275
0.0365237
0.0241087
0.164617
0.130713
0.204104
0.275485
0.289268
0.15517
0.160364
0.189904
0.289268
0.0338956
0.0134495
0.0464713
0.263367
0.289268
0.215444
0.0425143
0.0478731
0.0912141
0.0861962
0.153875
0.144806
0.0834806
0.0774677
0.0224894
0.0165126
0.0273749
0.0168319
0.265234
0.301901
0.15573
0.0868105
0.138178
0.043262
0.0577483
0.165849
0.209851
0.0322616
0.0546707
0.0843158
0.306813
0.308822
0.234931
0.0482724
0.0250079
0.0448037
0.122072
0.291677
0.181962
0.203907
0.308822
0.308822
0.0920111
0.0649608
0.0715851
0.240885
0.240885
0.18752
0.118359
0.164719
0.0544277
0.0501784
0.115274
0.142434
0.101932
0.178765
0.126659
0.146258
0.237242
0.189592
0.172377
0.179404
0.124476
0.133086
0.240885
0.217602
0.23282
0.240885
0.240885
0.137272
0.0559822
0.064259
0.0439141
0.0770735
0.10177
0.0941031
0.236091
0.240885
0.122871
0.135187
0.159733
0.24945
0.172983
0.0707581
0.164097
0.24945
0.0622284
0.0747678
0.152122
0.220387
0.160583
0.0934225
0.0605557
0.150362
0.187714
0.1429
0.112572
0.24945
0.24945
0.24945
0.189817
0.0442453
0.114994
0.24945
0.0826045
0.0343196
0.0665069
0.24945
0.180202
0.145203
0.0961971
0.17908
0.197842
0.135129
0.0712183
0.0951634
0.24945
0.167049
0.0964194
0.092408
0.155317
0.175583
0.116634
0.110074
0.241817
0.241817
0.0893575
0.124704
0.135904
0.241817
0.213466
0.105155
0.241817
0.241817
0.214081
0.196756
0.09646
0.0820174
0.158503
0.166919
0.103833
0.0512208
0.0922491
0.241817
0.039021
0.0673047
0.130985
0.241817
0.232861
0.137728
0.186515
0.219659
0.103497
0.0771406
0.128373
0.128161
0.198616
0.196151
0.0665845
0.222951
0.253175
0.146061
0.116796
0.253175
0.185059
0.213206
0.253175
0.106514
0.115214
0.148676
0.142893
0.02614
0.0973772
0.188934
0.232473
0.200856
0.111359
0.123013
0.117978
0.0649273
0.0455045
0.108045
0.253175
0.253175
0.253175
0.157962
0.116054
0.131781
0.0850032
0.108603
0.222677
0.173916
0.180975
0.256697
0.0868238
0.0880808
0.0898134
0.0999699
0.183368
0.130968
0.111667
0.199199
0.242225
0.150326
0.191516
0.256697
0.256697
0.0358729
0.180381
0.256697
0.256697
0.256697
0.144586
0.0980777
0.0737919
0.0540924
0.05411
0.124232
0.12931
0.200381
0.256697
0.0950526
0.0351642
0.0234595
0.0368441
0.197887
0.147887
0.153008
0.241088
0.287217
0.159324
0.160691
0.264072
0.287217
0.0378947
0.0233473
0.0654285
0.233855
0.287217
0.191191
0.044809
0.0771461
0.123435
0.0687595
0.204803
0.18641
0.250364
0.287217
0.0996511
0.0338684
0.0122465
0.0300027
0.00429602
0.029886
0.0325632
0.155327
0.287217
0.142902
0.0193495
0.0132165
0.00536993
0.0370909
0.0605732
0.0864515
0.243774
0.275586
0.187257
0.0328512
0.0364728
0.0551072
0.154273
0.275586
0.175553
0.178504
0.275586
0.262786
0.0767119
0.131161
0.094146
0.00990698
0.0315343
0.0615812
0.147871
0.275586
0.14127
0.0295255
0.00929287
0.00355345
0.0360656
0.111975
0.21662
0.227831
0.189431
0.134255
0.275586
0.275586
0.173525
0.162103
0.22942
0.182799
0.18435
0.22942
0.22942
0.0990662
0.100158
0.0769933
0.0522369
0.08217
0.105507
0.091456
0.193299
0.22942
0.14643
0.10057
0.124137
0.0362333
0.1149
0.22942
0.22942
0.227814
0.194724
0.225067
0.182658
0.117115
0.132421
0.0901426
0.145515
0.120475
0.22942
0.22942
0.22942
0.155822
0.0764252
0.268523
0.174166
0.0515808
0.108529
0.268523
0.0822207
0.0344184
0.0679223
0.268523
0.164307
0.130071
0.0676519
0.164061
0.206155
0.130818
0.0663795
0.0867857
0.268523
0.219871
0.112749
0.0536591
0.137715
0.268523
0.0532226
0.0740904
0.147313
0.193223
0.11343
0.250901
0.268523
0.0876132
0.0862637
0.0643816
0.0887645
0.194321
0.268523
0.180353
0.090376
0.0659725
0.159124
0.176506
0.112242
0.0593019
0.0887206
0.279488
0.0294655
0.108234
0.254552
0.279488
0.180503
0.13185
0.167459
0.212115
0.0738096
0.146251
0.21866
0.279488
0.0798269
0.0701369
0.0659719
0.110509
0.245145
0.279488
0.0234236
0.210539
0.279488
0.208378
0.0601281
0.0302832
0.107072
0.124619
0.0334217
0.0239614
0.16131
0.290058
0.290058
0.212935
0.143166
0.162766
0.161257
0.0686222
0.058657
0.167761
0.290058
0.290058
0.290058
0.165242
0.157286
0.211103
0.126705
0.0242517
0.244084
0.290058
0.208865
0.0676841
0.0454847
0.122406
0.121522
0.0232004
0.0215649
0.0439947
0.113203
0.138267
0.0912688
0.0873013
0.0870693
0.0508969
0.0112255
0.0693491
0.303741
0.303741
0.303741
0.303741
0.22717
0.190078
0.178245
0.127439
0.127803
0.270847
0.246196
0.277612
0.303741
0.169601
0.0574413
0.0467475
0.0704094
0.0338903
0.0616952
0.16503
0.183011
0.143992
0.11732
0.104628
0.0529747
0.0117842
0.0121073
0.0293122
0.0311886
0.053422
0.0922286
0.0402455
0.0464634
0.0195291
0.00111545
0.192512
0.311634
0.311634
0.311634
0.311634
0.228981
0.0599296
0.0199135
0.0626739
0.00915734
0.0862555
0.0924123
0.267052
0.311634
0.299534
0.0501169
0.0399178
0.0102242
0.0246348
0.0376297
0.0527938
0.0902985
0.159422
0.0674284
0.0677582
0.0419619
0.0148106
0.0358274
0.0675371
0.0747454
0.133333
0.285199
0.255488
0.0901933
0.0446996
0.0158172
0.0224252
0.0735361
0.139567
0.220788
0.28782
0.260346
0.0536306
0.0276358
0.00415776
0.0788027
0.233952
0.28782
0.28782
0.209512
0.13881
0.28782
0.28782
0.28782
0.02932
0.0398438
0.0679658
0.126763
0.21249
0.201085
0.0695315
0.0683289
0.03374
0.0417714
0.102533
0.18171
0.177982
0.0603918
0.066903
0.102188
0.121085
0.061089
0.0587114
0.160553
0.243731
0.243731
0.189513
0.142401
0.243731
0.243731
0.192772
0.176176
0.144388
0.231946
0.168165
0.243731
0.243731
0.243731
0.186378
0.087874
0.0241555
0.0598201
0.156998
0.110081
0.0437883
0.0498472
0.0597118
0.0947289
0.0489283
0.0403546
0.238177
0.243731
0.0910406
0.11218
0.11644
0.20763
0.167809
0.0379618
0.223558
0.15008
0.0442377
0.136962
0.260731
0.0730378
0.0785527
0.12948
0.177931
0.0815671
0.24318
0.260731
0.0827492
0.0964784
0.070284
0.0938091
0.181073
0.260731
0.257219
0.260731
0.20029
0.172836
0.260731
0.12138
0.0621497
0.0971567
0.155831
0.0961589
0.260731
0.260731
0.0663578
0.0525282
0.0381055
0.0400438
0.108878
0.150764
0.109199
0.255325
0.307864
0.087207
0.0869284
0.0897284
0.116181
0.241578
0.307864
0.0189434
0.253855
0.307864
0.255393
0.045613
0.0354331
0.0870426
0.109191
0.0804
0.101716
0.307864
0.307864
0.06141
0.0511795
0.0364805
0.0319404
0.109384
0.197659
0.102145
0.034638
0.0685181
0.0170073
0.015542
0.0228919
0.0556188
0.0959594
0.307864
0.0406799
0.381274
0.381274
0.381274
0.0996593
0.0997184
0.165953
0.174837
0.099923
0.0421329
0.090508
0.0976919
0.104396
0.0884392
0.144898
0.127249
0.0744452
0.0295873
0.129714
0.0629165
0.110253
0.14301
0.1322
0.0518762
0.106041
0.178566
0.381274
0.0841362
0.0972707
0.0902801
0.203568
0.198305
0.0290676
0.0269027
0.0577145
0.141478
0.120949
0.172272
0.113002
0.218553
0.277374
0.277374
0.258393
0.129676
0.0331568
0.0547855
0.0851164
0.0928525
0.150013
0.27627
0.13555
0.123607
0.0429628
0.000730383
0.143527
0.198118
0.260945
0.277374
0.277374
0.06434
0.074672
0.15103
0.0810323
0.268674
0.23051
0.081192
0.0613759
0.156331
0.0476168
0.0676449
0.123055
0.0198709
0.0666037
0.0837266
0.122932
0.208357
0.254338
0.172842
0.146461
0.0863329
0.0345998
0.0952983
0.12037
0.140375
0.254338
0.254338
0.254338
0.193344
0.10992
0.0640841
0.237374
0.212813
0.115779
0.0783104
0.185631
0.0715021
0.125559
0.254338
0.100012
0.111905
0.137832
0.160698
0.114095
0.202651
0.0985121
0.112904
0.254338
0.254338
0.0765623
0.0866222
0.140948
0.256711
0.256711
0.256711
0.168579
0.168854
0.102736
0.0750909
0.222794
0.256711
0.256711
0.129719
0.128807
0.193393
0.256711
0.137915
0.0636464
0.105711
0.173189
0.113861
0.148707
0.0993632
0.130329
0.256711
0.256711
0.0359172
0.110114
0.178052
0.156221
0.125218
0.110166
0.104405
0.0869453
0.0632913
0.0374627
0.119664
0.290684
0.225237
0.0524516
0.0532136
0.0999745
0.198408
0.100427
0.0883651
0.290684
0.290684
0.204104
0.185936
0.191354
0.290684
0.290684
0.0937724
0.0226848
0.0605125
0.122262
0.0978588
0.055064
0.055483
0.0599359
0.0903086
0.0504149
0.166982
0.251246
0.290684
0.115551
0.0624112
0.0119563
0.102651
0.240018
0.0802497
0.270734
0.270972
0.238836
0.175213
0.270972
0.121881
0.0626524
0.0914056
0.184309
0.0883097
0.270972
0.270972
0.070501
0.0677362
0.0353057
0.0433662
0.113779
0.206169
0.259182
0.270972
0.270972
0.270972
0.260796
0.0491478
0.0542121
0.0686622
0.0402246
0.0303088
0.0476608
0.0838965
0.0392447
0.04301
0.0328246
0.0586145
0.14039
0.0567455
0.154687
0.342726
0.342726
0.105337
0.0978581
0.0587851
0.0457665
0.173332
0.342726
0.144865
0.0506378
0.073935
0.0347207
0.0252645
0.0530703
0.0810955
0.17859
0.342726
0.0247707
0.030319
0.1027
0.0574197
0.0579633
0.0352719
0.116838
0.223432
0.0997219
0.0771566
0.0586473
0.0220455
0.0657564
0.102626
0.0674523
0.141811
0.342726
0.342726
0.139051
0.0910018
0.115761
0.183951
0.163235
0.0921317
0.103192
0.210596
0.265723
0.0913933
0.132551
0.0874994
0.252747
0.243212
0.0520339
0.0581767
0.0643453
0.156054
0.168525
0.146086
0.0412994
0.167504
0.265723
0.0476391
0.152827
0.265723
0.265723
0.163827
0.196023
0.0604026
0.18783
0.265723
0.0708273
0.139172
0.178534
0.158707
0.10481
0.190041
0.1546
0.285203
0.285203
0.0632226
0.0698617
0.0831964
0.0425367
0.19536
0.159751
0.0617464
0.0977901
0.160435
0.0512217
0.056133
0.0756584
0.0128264
0.285203
0.285203
0.107836
0.285203
0.285203
0.0785484
0.147342
0.109576
0.0582935
0.0553774
0.180585
0.175893
0.285203
0.285203
0.072037
0.102718
0.0904735
0.0272433
0.126426
0.107952
0.0567774
0.0764957
0.121941
0.0510086
0.06594
0.115311
0.0536287
0.0566269
0.0598081
0.0607269
0.0800122
0.0985302
0.079297
0.0667094
0.13018
0.1538
0.0568794
0.14057
0.142125
0.22965
0.285117
0.0865327
0.114967
0.0907658
0.0440909
0.285117
0.285117
0.168419
0.20458
0.285117
0.285117
0.285117
0.285117
0.285117
0.0350097
0.0600033
0.0728228
0.085643
0.0724838
0.0756195
0.0825369
0.157421
0.176615
0.024679
0.0749082
0.101435
0.107764
0.104003
0.0661038
0.050816
0.0601036
0.0372644
0.267124
0.267124
0.148093
0.173014
0.267124
0.267124
0.267124
0.262339
0.267124
0.120515
0.216417
0.191904
0.220239
0.267124
0.267124
0.114817
0.0689809
0.041478
0.0373145
0.115658
0.169089
0.167294
0.135151
0.0829996
0.0768922
0.138926
0.0714201
0.230831
0.263502
0.263502
0.165186
0.0974337
0.0552527
0.128385
0.263502
0.134912
0.0389072
0.203858
0.229969
0.263502
0.263502
0.263502
0.12456
0.061459
0.0166151
0.0390348
0.031165
0.12062
0.136321
0.263502
0.263502
0.122128
0.138202
0.0689019
0.294879
0.294879
0.294879
0.294879
0.294879
0.0886815
0.115552
0.0953742
0.0578731
0.0326785
0.0843122
0.130102
0.0515737
0.0628696
0.0486891
0.0989221
0.212585
0.108134
0.0493417
0.217644
0.152269
0.294879
0.294879
0.0696356
0.124624
0.134177
0.0991435
0.0252071
0.0242765
0.0278072
0.044282
0.0583028
0.144273
0.29429
0.123702
0.0749761
0.0251852
0.0188569
0.0397632
0.0674717
0.0744231
0.0387449
0.144628
0.255378
0.129281
0.0928354
0.0840437
0.0341641
0.0835276
0.135222
0.092103
0.208336
0.302427
0.302427
0.0319521
0.024693
0.0267675
0.0609003
0.0876801
0.162259
0.28519
0.177449
0.125639
0.124319
0.0750046
0.00424271
0.213282
0.302427
0.0987848
0.294374
0.302427
0.302427
0.136567
0.136979
0.0409404
0.157852
0.27686
0.0510636
0.160248
0.27686
0.27686
0.12092
0.172045
0.0414071
0.175998
0.27686
0.0752479
0.140979
0.155595
0.131252
0.102521
0.0522822
0.00241691
0.169411
0.27686
0.081898
0.233813
0.27686
0.27686
0.0803048
0.0861037
0.0206367
0.139211
0.27686
0.0465962
0.0487851
0.0674523
0.0672012
0.288047
0.307576
0.0977207
0.307576
0.307576
0.0995859
0.161661
0.103186
0.0597781
0.071092
0.163116
0.181009
0.307576
0.307576
0.0788067
0.117685
0.104221
0.0316822
0.132985
0.165034
0.0301829
0.259637
0.307576
0.0547881
0.0393146
0.048691
0.0423948
0.0795921
0.124469
0.0362945
0.0808807
0.181497
0.0388347
0.047298
0.0663935
0.0223208
0.0517014
0.111668
0.113731
0.192375
0.226281
0.0696045
0.0842654
0.0618236
0.0315083
0.246391
0.246391
0.13194
0.142735
0.246391
0.246391
0.246391
0.246391
0.246391
0.0527418
0.134036
0.030027
0.0535651
0.120059
0.0223696
0.0313723
0.0401658
0.0200974
0.236392
0.246391
0.100194
0.0213997
0.188238
0.160279
0.241043
0.234004
0.246391
0.204826
0.235497
0.115679
0.132815
0.235497
0.235497
0.235497
0.220179
0.235497
0.0830441
0.175652
0.116708
0.140948
0.235497
0.221003
0.0809521
0.077214
0.0372081
0.161192
0.235497
0.10481
0.0165588
0.152909
0.14276
0.216286
0.208832
0.235497
0.042913
0.0453155
0.0570853
0.0837971
0.152183
0.132655
0.178526
0.197384
0.0611359
0.0554039
0.243958
0.192462
0.255583
0.255583
0.255583
0.108231
0.0988204
0.0314369
0.0247618
0.0318988
0.154573
0.194741
0.255583
0.255583
0.119274
0.129439
0.068087
0.0190957
0.0377615
0.117649
0.158817
0.255583
0.224558
0.255583
0.255583
0.0718198
0.0649761
0.196791
0.171804
0.150488
0.106692
0.0666924
0.13504
0.152764
0.085475
0.0466045
0.180754
0.0796665
0.249555
0.249555
0.124694
0.164923
0.121833
0.0717591
0.0192035
0.0195648
0.0394027
0.0777249
0.174711
0.219279
0.221475
0.128799
0.0591767
0.103509
0.0516446
0.128899
0.182171
0.23145
0.205683
0.229249
0.152121
0.133201
0.0374787
0.0812449
0.201044
0.249555
0.249555
0.249555
0.249555
0.249555
0.0557755
0.016108
0.0110977
0.0263699
0.0544929
0.121881
0.160105
0.154774
0.119712
0.0666939
0.0879323
0.0708644
0.0337165
0.149035
0.231488
0.10464
0.182297
0.231488
0.231488
0.0345648
0.0330639
0.147621
0.231488
0.223484
0.231488
0.220915
0.224716
0.0990268
0.150993
0.231488
0.199758
0.225076
0.231488
0.15415
0.186642
0.231488
0.220594
0.118452
0.0644229
0.0255802
0.155832
0.255077
0.141918
0.234691
0.255077
0.255077
0.0885323
0.085399
0.0223501
0.117048
0.255077
0.0412152
0.0390819
0.0527346
0.0517292
0.206059
0.255077
0.172171
0.197452
0.255077
0.179988
0.24109
0.255077
0.255077
0.125313
0.222863
0.123804
0.118973
0.157071
0.0321798
0.0126448
0.0200929
0.0199481
0.289325
0.246615
0.0443621
0.308102
0.308102
0.0803257
0.0478262
0.062492
0.0546624
0.132071
0.159252
0.0466456
0.10611
0.229539
0.0534804
0.069637
0.111109
0.0382672
0.308102
0.308102
0.212052
0.219286
0.308102
0.0552852
0.0144772
0.0392336
0.044768
0.191705
0.195678
0.0874758
0.127822
0.182407
0.00471227
0.0135666
0.0137448
0.0152224
0.09941
0.230596
0.0603062
0.0824732
0.182426
0.0418059
0.0524331
0.0722832
0.0333647
0.277372
0.277372
0.18313
0.020189
0.277372
0.277372
0.277372
0.277372
0.277372
0.126212
0.142763
0.0976837
0.0966589
0.110331
0.013724
0.0416939
0.0532293
0.0204624
0.0567359
0.277372
0.241723
0.0908651
0.0280034
0.0406016
0.141743
0.247362
0.082457
0.194734
0.238528
0.146753
0.0162666
0.213002
0.201432
0.238528
0.238528
0.238528
0.0688179
0.0859271
0.0823806
0.108083
0.149252
0.123302
0.227731
0.238528
0.0782166
0.0248201
0.238528
0.230236
0.0821854
0.0120902
0.0442533
0.173146
0.233572
0.0727003
0.0333109
0.214042
0.238528
0.0974067
0.0575486
0.0621686
0.217293
0.234654
0.108831
0.0219073
0.0438161
0.0935444
0.124441
0.151308
0.106818
0.229752
0.25624
0.0771147
0.0428728
0.118866
0.144176
0.183182
0.122887
0.0539889
0.148774
0.14847
0.0819994
0.0317179
0.266725
0.266725
0.104333
0.0578459
0.0670084
0.266725
0.266725
0.151855
0.099691
0.122665
0.14436
0.266725
0.114283
0.0680541
0.266725
0.266725
0.266725
0.114028
0.0338163
0.119931
0.194308
0.24998
0.241853
0.24998
0.151646
0.118586
0.0322416
0.0632118
0.167923
0.24998
0.24998
0.24998
0.24998
0.23592
0.0328644
0.0953408
0.0474632
0.0237523
0.0479244
0.098524
0.0585179
0.126855
0.0930736
0.220498
0.0240292
0.0355387
0.157309
0.24998
0.166974
0.169486
0.24998
0.24998
0.0433682
0.0216981
0.0211363
0.109818
0.231896
0.231896
0.231896
0.181229
0.186403
0.0693721
0.121907
0.231896
0.187701
0.220296
0.231896
0.164593
0.194867
0.231896
0.186217
0.0136093
0.0135616
0.0646217
0.123072
0.0882094
0.105352
0.196908
0.186171
0.0422409
0.0675926
0.231896
0.213336
0.222008
0.231896
0.0798698
0.166403
0.165278
0.107267
0.181407
0.234511
0.158139
0.175443
0.234511
0.219926
0.234511
0.234511
0.234511
0.120992
0.185381
0.107591
0.117218
0.149022
0.0330229
0.0200333
0.0148194
0.0156961
0.0736321
0.234511
0.234511
0.234511
0.234511
0.135867
0.234511
0.234511
0.167491
0.0303517
0.0890281
0.137968
0.166371
0.178227
0.0834029
0.114651
0.0113257
0.0026179
0.26007
0.26007
0.188501
0.189698
0.250784
0.0856299
0.0444437
0.0303182
0.0379038
0.161362
0.178754
0.0944444
0.133356
0.186776
0.0349926
0.0162447
0.0147348
0.0161333
0.0827734
0.128902
0.26007
0.26007
0.26007
0.26007
0.259284
0.0309102
0.00719256
0.0826968
0.102595
0.122682
0.211022
0.26007
0.26007
0.147978
0.0272777
0.000149689
0.154493
0.188053
0.152704
0.151664
0.184112
0.0544239
0.0648019
0.0610746
0.0321791
0.0843481
0.260499
0.260499
0.109847
0.0445416
0.0800143
0.226528
0.260499
0.0834632
0.0801848
0.185047
0.153206
0.183505
0.260499
0.260499
0.110844
0.0365359
0.00289363
0.0618202
0.260499
0.211633
0.0614566
0.0973504
0.237765
0.260499
0.237217
0.0404992
0.0339365
0.253205
0.253205
0.084518
0.0188727
0.0631369
0.23944
0.24793
0.0860506
0.0473781
0.253205
0.253205
0.0886948
0.0485567
0.0611472
0.253205
0.253205
0.105176
0.0474225
0.253205
0.185541
0.0406447
0.0671451
0.140681
0.253205
0.141956
0.0367164
0.00707765
0.253205
0.253205
0.0708004
0.0210799
0.0723516
0.253205
0.181807
0.0269233
0.0221061
0.17
0.179854
0.05515
0.0249925
0.0309678
0.234682
0.224258
0.0948542
0.0711247
0.0974299
0.0882616
0.179239
0.106718
0.0518309
0.253055
0.292225
0.292225
0.0094174
0.180799
0.292225
0.0466823
0.0131096
0.0537223
0.279812
0.110135
0.0404302
0.110921
0.0748039
0.15574
0.0345949
0.0107355
0.0414587
0.290615
0.292225
0.292225
0.177896
0.0581843
0.0210633
0.0923202
0.191423
0.124407
0.250423
0.164696
0.254774
0.0699898
0.0680034
0.1672
0.254774
0.254774
0.254774
0.254774
0.254774
0.0996264
0.254774
0.0571761
0.00869982
0.0867264
0.174142
0.0199335
0.0293234
0.145376
0.254774
0.114126
0.0738152
0.0595977
0.145319
0.105639
0.0564271
0.0629601
0.239624
0.254774
0.0315109
0.0261825
0.0626795
0.150231
0.146368
0.166698
0.270586
0.238831
0.0756466
0.13617
0.27422
0.256513
0.27422
0.27422
0.109503
0.27422
0.27422
0.224577
0.0694932
0.0482105
0.037071
0.0790255
0.0721023
0.0372349
0.050117
0.104987
0.115475
0.0913432
0.119698
0.171272
0.159943
0.27422
0.19596
0.110795
0.0929882
0.0595782
0.0980216
0.263754
0.215742
0.24921
0.263754
0.135623
0.263754
0.263754
0.226569
0.0307829
0.109898
0.176446
0.218456
0.229035
0.115037
0.109649
0.010326
0.00367226
0.0913613
0.110536
0.162276
0.154229
0.263754
0.138351
0.0878174
0.0646524
0.0293274
0.0102445
0.0896447
0.162851
0.106859
0.263754
0.263754
0.0802281
0.0155091
0.00105282
0.0322137
0.0745456
0.216233
0.220265
0.169048
0.179688
0.130082
0.0120327
0.00473182
0.0398422
0.0522682
0.0700384
0.122222
0.216946
0.247799
0.0885224
0.0251329
0.0050487
0.0134265
0.0980546
0.170832
0.184036
0.375474
0.336835
0.0814903
0.0120775
0
0.00465856
0.014629
0.0467525
0.23536
0.375474
0.375474
0.0694444
0.016289
0.0106657
0.033739
0.075782
0.076662
0.0956605
0.224483
0.230895
0.0642786
0.0210803
0.00568214
0.0313624
0.137771
0.144804
0.0280839
0.0482627
0.0931483
0.196323
0.115279
0.0155705
0.00494204
0.0299496
0.0367107
0.229881
0.367561
0.367561
0.0601434
0.0104619
0.00805278
0.0337843
0.166774
0.203646
0.367561
0.367561
0.303671
0.0491687
0.0211747
0.0124818
0.030351
0.153986
0.136415
0.0234876
0.040579
0.0699551
0.153492
0.0832919
0.020377
0.00641163
0.180484
0.31363
0.0261432
0.0150877
0.0795884
0.31363
0.118382
0.00703655
0.0293511
0.151937
0.176067
0.31363
0.31363
0.31363
0.041279
0.0160619
0.012606
0.006669
0.0238912
0.0554468
0.31363
0.31363
0.31363
0.127838
0.0272272
0.00885439
0.00858796
0.149668
0.234487
0.026994
0.0125958
0.0697792
0.24577
0.0937752
0.0272366
0.108201
0.0773093
0.0985692
0.0167097
0.0113513
0.0330272
0.277164
0.300209
0.300209
0.00845683
0.0137017
0.047099
0.300209
0.300209
0.300209
0.115448
0.0589981
0.0537494
0.0958794
0.00961051
0.0345744
0.0412348
0.222227
0.0811102
0.141178
0.300209
0.300209
0.293392
0.0576119
0.0119166
0.146245
0.269354
0.0297319
0.0296897
0.161741
0.293392
0.181384
0.0910491
0.0168201
0.113606
0.131955
0.0589086
0.0392521
0.204628
0.293392
0.261592
0.17224
0.0279476
0.0809496
0.250846
0.0263868
0.0494995
0.197526
0.293392
0.218873
0.126376
0.0289054
0.0445921
0.0933643
0.0121744
0.0421648
0.194282
0.293392
0.166414
0.102837
0.0533452
0.12821
0.149258
0.056489
0.0401563
0.132413
0.237649
0.198692
0.216647
0.237649
0.237649
0.237649
0.237649
0.18349
0.205971
0.214032
0.178437
0.125306
0.0522288
0.0525074
0.116983
0.0128356
0.0381937
0.11702
0.237649
0.128137
0.128084
0.141348
0.110252
0.237649
0.154866
0.112689
0.232443
0.237649
0.114597
0.13994
0.203992
0.172075
0.260725
0.133342
0.0825033
0.0987191
0.0715703
0.0246145
0.159014
0.257694
0.145445
0.260725
0.260725
0.0920205
0.0462902
0.0297696
0.0663575
0.0786309
0.128832
0.121799
0.18241
0.0905979
0.0904296
0.158544
0.163385
0.0175142
0.0638108
0.211741
0.260725
0.260725
0.260725
0.260725
0.223013
0.115581
0.0178025
0.120146
0.189825
0.150157
0.278583
0.260987
0.0697569
0.0357273
0.0219927
0.00661577
0.0118585
0.0414897
0.156136
0.278583
0.278583
0.0795742
0.0324226
0.0232735
0.0205636
0.0657291
0.195533
0.278583
0.278583
0.278583
0.245279
0.205205
0.116425
0.0304237
0.0331217
0.0544999
0.136912
0.278583
0.278583
0.0874845
0.0769278
0.0271578
0.00725393
0.0287942
0.0480408
0.174029
0.297641
0.297641
0.0783359
0.020342
0.0161963
0.0293954
0.167501
0.178291
0.297641
0.297641
0.218415
0.0488375
0.026232
0.0110784
0.0384844
0.0416077
0.0671408
0.157617
0.297641
0.297641
0.0959584
0.0368313
0.0154973
0.0138263
0.018495
0.0680693
0.265028
0.297641
0.297641
0.140529
0.0284671
0.0068756
0.0266381
0.15815
0.177193
0.278913
0.278913
0.245009
0.040588
0.0191747
0.0112786
0.00952966
0.0288289
0.0437054
0.263844
0.278913
0.278913
0.144712
0.0276426
0.0131675
0.0183364
0.0206746
0.094242
0.265504
0.278913
0.278913
0.10744
0.0161575
0.00303672
0.0326373
0.0377244
0.130135
0.278913
0.278913
0.222123
0.0478176
0.0249949
0.0205597
0.012289
0.0257531
0.0543446
0.275695
0.303576
0.303576
0.153697
0.0732613
0.0629161
0.133997
0.0184723
0.03622
0.0473691
0.164225
0.0801495
0.163292
0.303576
0.303576
0.0591962
0.0393913
0.144063
0.303576
0.303576
0.207515
0.0500203
0.0542793
0.0746332
0.133816
0.0170164
0.024552
0.076344
0.132893
0.0708602
0.0288776
0.179507
0.303576
0.26082
0.122712
0.0275911
0.101636
0.265181
0.0181826
0.0361247
0.153645
0.304357
0.186068
0.0939905
0.0274033
0.0639456
0.126341
0.0106797
0.0344061
0.150092
0.304357
0.304357
0.160134
0.0116102
0.162627
0.304357
0.020675
0.0183854
0.12288
0.304357
0.167264
0.109921
0.00979318
0.0586799
0.114466
0.0329014
0.0457836
0.19598
0.304357
0.199661
0.151714
0.0757869
0.0873623
0.176005
0.0157666
0.0469092
0.126346
0.272224
0.16925
0.175291
0.183479
0.136725
0.240984
0.113387
0.13246
0.272224
0.272224
0.166588
0.163021
0.0196934
0.0898214
0.162244
0.0434378
0.0782368
0.180741
0.272224
0.272224
0.148601
0.0355201
0.109094
0.190191
0.0189795
0.0297031
0.164524
0.272224
0.0737896
0.116343
0.175071
0.14933
0.156796
0.0813692
0.102217
0.212054
0.251137
0.0543636
0.127021
0.251137
0.251137
0.251137
0.251137
0.251137
0.251137
0.205492
0.133576
0.0747131
0.0219839
0.0617211
0.0920751
0.0178213
0.0331081
0.162492
0.251137
0.183686
0.114113
0.116351
0.116978
0.0852606
0.102163
0.116195
0.208086
0.251137
0.0464698
0.127313
0.261451
0.261451
0.261451
0.261451
0.261451
0.261451
0.22109
0.0337447
0.0431339
0.0801758
0.191506
0.261451
0.261451
0.124857
0.128846
0.064652
0.124586
0.102878
0.105983
0.105553
0.0763671
0.0973317
0.106504
0.246272
0.261451
0.0540206
0.0538473
0.102623
0.125188
0.173295
0.0837848
0.0760128
0.129161
0.0880743
0.0372288
0.0534626
0.112307
0.226999
0.274386
0.274386
0.129784
0.0645238
0.036231
0.0143149
0.0387494
0.115588
0.274386
0.274386
0.274386
0.211581
0.0965803
0.0203623
0.0442234
0.0854405
0.105545
0.159788
0.200203
0.0947216
0.0768187
0.0949691
0.065077
0.0243491
0.102902
0.260915
0.256788
0.200064
0.22464
0.274386
0.188189
0.0524958
0.0165324
0.0468261
0.159526
0.277252
0.277252
0.277252
0.170583
0.0551722
0.0108487
0.0344941
0.0855403
0.190282
0.277252
0.277252
0.234291
0.0778226
0.0503295
0.0348329
0.0321981
0.113837
0.214567
0.254033
0.20185
0.158436
0.245443
0.156769
0.0525443
0.0882361
0.205776
0.20527
0.12273
0.0710415
0.048582
0.0979228
0.167408
0.125423
0.0616578
0.0972155
0.205586
0.30773
0.30773
0.229786
0.0842354
0.0750947
0.104251
0.170878
0.0371534
0.0378712
0.102492
0.134341
0.0858748
0.0441711
0.235259
0.30773
0.10494
0.210878
0.199808
0.123255
0.0746975
0.0314883
0.120466
0.244171
0.184325
0.11356
0.0406833
0.0235764
0.046051
0.0423904
0.0233655
0.15654
0.30773
0.30773
