0.0231521
0.0310312
0.146865
0.250002
0.274714
0.274714
0.20143
0.0794365
0.0884157
0.05685
0.0563883
0.122949
0.274714
0.274714
0.274714
0.0993692
0.0523884
0.0865585
0.0301354
0.0528691
0.0875114
0.153414
0.274714
0.274714
0.14039
0.0629816
0.102491
0.0131371
0.0329941
0.101237
0.142992
0.274714
0.274714
0.164699
0.0915514
0.0483418
0.0419046
0.0473725
0.11208
0.280187
0.280187
0.280187
0.0890287
0.0695784
0.107218
0.0528093
0.123889
0.109825
0.226308
0.280187
0.280187
0.0750755
0.0580411
0.0376548
0.013736
0.0329227
0.0806466
0.163377
0.280187
0.280187
0.17197
0.113932
0.0584659
0.0594404
0.0842378
0.0836173
0.198109
0.280187
0.280187
0.137625
0.0565979
0.0366523
0.036363
0.0994778
0.0964046
0.23116
0.289758
0.289758
0.0743252
0.0553302
0.0500636
0.0727496
0.127758
0.13762
0.282002
0.289758
0.15897
0.0746895
0.0431485
0.0361786
0.0346291
0.0859878
0.0713966
0.229708
0.289758
0.289758
0.122808
0.0547878
0.0426669
0.0460299
0.117738
0.14545
0.289758
0.289758
0.162386
0.144458
0.0487252
0.00611251
0.0111482
0.0198575
0.026145
0.0487357
0.0621392
0.0320225
0.0139063
0.0089008
0.00921982
0.365251
0.0415721
0.0140008
0.128869
0.276789
0.0107424
0.0575531
0.32574
0.365251
0.00734045
0.0238833
0.0248138
0.0613534
0.132132
0.0370801
0.0234179
0.0114675
0.00281226
0.200238
0.0256992
0.0142553
0.0885163
0.207096
0.0570189
0.365251
0.365251
0.365251
0.277185
0.032409
0.0131629
0.0705389
0.139905
0.0116102
0.0369813
0.197314
0.277185
0.261924
0.0689331
0.0259531
0.254959
0.277185
0.0014947
0.0117418
0.0460044
0.277185
0.136222
0.032207
0.0308836
0.0544471
0.147716
0.0577027
0.258538
0.277185
0.277185
0.23146
0.185865
0.0654024
0.0761881
0.146492
0.0251286
0.155569
0.158263
0.215561
0.270368
0.150494
0.0609378
0.270368
0.270368
0.0101198
0.0278074
0.0637316
0.270368
0.17394
0.178336
0.10771
0.190877
0.270368
0.0119925
0.0220302
0.0583523
0.208088
0.270368
0.270368
0.187195
0.159134
0.270368
0.0566276
0.154804
0.138545
0.161902
0.163008
0.170439
0.0572293
0.0931022
0.115369
0.0192326
0.0465099
0.0620949
0.079197
0.206986
0.220089
0.0882415
0.15478
0.271958
0.0195259
0.0344347
0.091333
0.236168
0.271958
0.128823
0.0572803
0.101373
0.244507
0.0400569
0.0792725
0.135046
0.271958
0.153021
0.161513
0.0486666
0.191664
0.271958
0.0130238
0.028679
0.071
0.13894
0.196481
0.0489174
0.0238926
0.205555
0.271958
0.0651805
0.0318536
0.220077
0.271958
0.0216123
0.0319681
0.0434832
0.157286
0.330544
0.194221
0.0762159
0.028971
0.0520582
0.00809445
0.0160169
0.0673626
0.151234
0.330544
0.215319
0.0988469
0.0548134
0.0312368
0.011022
0.00953926
0.0185433
0.296197
0.330544
0.330544
0.0346773
0.0208539
0.0124462
0.00431819
0.0147669
0.0441439
0.286731
0.330544
0.330544
0.0616881
0.0555879
0.00509344
0.00874076
0.0131815
0.0517009
0.137569
0.334337
0.180972
0.0841553
0.0612811
0.0340459
0.0356059
0.0448367
0.0492793
0.175689
0.334337
0.19308
0.0514153
0.0311778
0.0190978
0.00659765
0.0156234
0.0405845
0.251086
0.334337
0.334337
0.0585158
0.045038
0.00470471
0.00433524
0.00643071
0.0365917
0.334337
0.334337
0.334337
0.0340863
0.00761328
0.00559179
0.0165896
0.036905
0.0401172
0.147205
0.361787
0.149012
0.0397001
0.0249336
0.0193482
0.0241756
0.0537307
0.0501982
0.196621
0.361787
0.0815955
0.0468487
0.0190352
0.00503266
0.00518567
0.0078047
0.0349864
0.361787
0.361787
0.287837
0.0374831
0.00222145
0.00612052
0.00546649
0.00259253
0.0204937
0.263333
0.361787
0.291378
0.0338068
0.016239
0.0158306
0.0090991
0.0291414
0.0227558
0.0771062
0.209113
0.0478826
0.0192169
0.0121143
0.0037845
0.257321
0.0271855
0.0173202
0.112955
0.242703
0.0671483
0.329697
0.329697
0.329697
0.00263797
0.00212222
0.00963627
0.113929
0.329697
0.142556
0.0190536
0.00748182
0.00470865
0.0188803
0
0.00159539
0.0552997
0.329697
0.329697
0.156035
0.216069
0.205257
0.173065
0.0358381
0.0316019
0.0698499
0.161763
0.0696189
0.25204
0.25204
0.25204
0.250761
0.191989
0.0704232
0.0926017
0.179002
0.0384159
0.154344
0.196626
0.240421
0.0205676
0.00943596
0.015305
0.0477679
0.25204
0.25204
0.117011
0.125989
0.122887
0.133734
0.129917
0.0472462
0.0342107
0.25204
0.24676
0.143624
0.229666
0.25204
0.26921
0.26921
0.139183
0.141245
0.26921
0.0703189
0.158659
0.160715
0.199676
0.115289
0.149479
0.0513313
0.0672839
0.119018
0.033549
0.0286558
0.0532177
0.0786519
0.207402
0.216384
0.128375
0.0659799
0.26921
0.26921
0.26921
0.26921
0.26921
0.0580025
0.0867477
0.0933065
0.101644
0.160788
0.0993822
0.142814
0.112683
0.0878718
0.122312
0.14395
0.0446156
0.156999
0.270498
0.0313282
0.0201253
0.0541356
0.130581
0.196194
0.0466539
0.025922
0.185482
0.270498
0.0496943
0.0299857
0.162002
0.270498
0.172503
0.146005
0.147319
0.16122
0.270093
0.0731246
0.118404
0.12928
0.0919221
0.270498
0.107501
0.0369766
0.0866328
0.270498
0.158709
0.192096
0.270498
0.270498
0.00872825
0.0075104
0.0240977
0.321144
0.321144
0.296049
0.0302634
0.0169784
0.00531679
0.00832681
0.0142907
0.0439612
0.321144
0.321144
0.254428
0.0583357
0.054373
0.00791813
0.00737112
0.0203971
0.0729632
0.279677
0.321144
0.210687
0.0733794
0.0343863
0.01535
0.0265196
0.0244213
0.0617507
0.223291
0.321144
0.145174
0.0421005
0.0673195
0.0262441
0.0103994
0.0168984
0.0469043
0.292266
0.323835
0.277594
0.0538818
0.0412038
0.00686447
0.00413796
0.0104279
0.0405249
0.323835
0.323835
0.323835
0.0422864
0.00976954
0.00677981
0.0187533
0.0343213
0.0561271
0.232239
0.319307
0.143413
0.0456958
0.0620699
0.0301301
0.013494
0.0442036
0.0347319
0.291928
0.323835
0.127376
0.0845981
0.0432722
0.0207997
0.00520463
0.0118164
0.0460028
0.323841
0.347996
0.316239
0.040804
0.00244113
0.00640647
0.0064599
0.00813603
0.0228898
0.293205
0.347996
0.278407
0.0299477
0.0140034
0.0158618
0.00678087
0.049135
0.0340701
0.255398
0.347996
0.129878
0.0696554
0.0409259
0.020041
0.00621831
0.0274355
0.0524478
0.197005
0.311435
0.163156
0.050918
0.0275439
0.0200653
0.00588065
0.00717473
0.0215092
0.230762
0.341574
0.260424
0.0310597
0.0125603
0.00960703
0.0541681
0.00534821
0.00700099
0.146014
0.341574
0.341574
0.203387
0.341574
0.320569
0.00346166
0.0177753
0.0422301
0.158664
0.265663
0.149267
0.0511965
0.0203356
0.0100651
0.00138875
0.0193992
0.0294039
0.0920486
0.251333
0.199762
0.0758548
0.0123003
0.0062056
0.0417493
0.0169096
0.0230391
0.07962
0.308867
0.308867
0.142415
0.185327
0.15017
0.166794
0.144436
0.0655191
0.057059
0.308867
0.294468
0.175949
0.308867
0.308867
0.00106552
0.00926704
0.0125709
0.0461261
0.143221
0.111552
0.0491921
0.0134913
0.00642117
0.156251
0.0404512
0.0321549
0.053475
0.1226
0.0671324
0.0479801
0.279061
0.308867
0.195223
0.174678
0.109744
0.0612168
0.306755
0.306755
0.276612
0.306755
0.306755
0.0487587
0.0804688
0.0759832
0.0799342
0.143849
0.101105
0.0982912
0.0645104
0.0767245
0.160562
0.0594284
0.0467754
0.0614075
0.156796
0.105001
0.0825799
0.287466
0.306755
0.0489288
0.0707524
0.122404
0.154972
0.16531
0.164409
0.0971069
0.107067
0.122269
0.124901
0.113978
0.0979403
0.106145
0.219256
0.0794823
0.0765391
0.068125
0.0598599
0.236773
0.0921044
0.0344896
0.0636083
0.268119
0.134422
0.186583
0.218646
0.268119
0.0580914
0.119474
0.125163
0.196894
0.2318
0.137887
0.100419
0.0838829
0.0348356
0.268119
0.146033
0.0859219
0.169555
0.268119
0.268119
0.255961
0.17328
0.189759
0.00654465
0.0213244
0.0787089
0.322056
0.322056
0.239523
0.0548584
0.0307471
0.0110436
0.0290433
0.0276334
0.0596642
0.290863
0.322056
0.186032
0.0419885
0.0583202
0.0200057
0.00626422
0.0129524
0.0377567
0.204684
0.322056
0.276535
0.0457373
0.0179605
0.0110382
0.0137004
0.0018513
0.0148952
0.322056
0.322056
0.236517
0.0186326
0.00902709
0.0167542
0.0235982
0.0353124
0.0562838
0.305121
0.330596
0.208052
0.0452656
0.0528037
0.023368
0.0135164
0.0404703
0.0293223
0.235571
0.330596
0.230095
0.111367
0.0511802
0.0199567
0.00961292
0.00376309
0.0222061
0.330596
0.330596
0.262927
0.0243484
0.014894
0.0142878
0.0124338
0.020322
0.0289119
0.194084
0.330596
0.250055
0.0818943
0.0317714
0.0138033
0.0076879
0.0457215
0.0335765
0.226304
0.330481
0.2267
0.0924616
0.0507948
0.0182608
0.006499
0.0304456
0.0592294
0.246885
0.289228
0.224073
0.0711545
0.0302341
0.0172991
0.0048077
0.0199504
0.0397861
0.26462
0.330481
0.218047
0.0726264
0.0342297
0.00732087
0.00339815
0.00654046
0.0230277
0.330481
0.330481
0.330481
0.0643862
0.00957132
0.010182
0.00424782
0.0228831
0.0528165
0.210692
0.234123
0.200011
0.0692182
0.0265084
0.0110181
0.000993391
0.0228548
0.0304832
0.12767
0.344265
0.255203
0.0717371
0.0170045
0.00787663
0.000513733
0.00345315
0.0209344
0.344265
0.344265
0.344265
0.0544791
0.00841369
0.00539787
0.000308619
0.00277279
0.00826091
0.212794
0.344265
0.344265
0.0560274
0.0184241
0.0017197
0.00112096
0.0125755
0.0147362
0.0683971
0.224373
0.154976
0.0500997
0.0172387
0.00956068
0.178476
0.0546504
0.0549557
0.0803416
0.202057
0.10759
0.0696968
0.356462
0.356462
0.000152041
0.00109645
0.00268696
0.108425
0.356462
0.266039
0.035746
0.00936141
0.00129358
0.0341415
0.00778696
0.0273849
0.105123
0.356462
0.344159
0.151986
0.148288
0.217669
0.133848
0.0473497
0.0407766
0.0598665
0.152339
0.125478
0.0750422
0.308936
0.368742
0.0383215
0.0628763
0.0905247
0.151279
0.189483
0.180173
0.0996358
0.0741349
0.0926196
0.0260601
0.00693714
0.0144383
0.103499
0.368742
0.313055
0.105631
0.0923618
0.153971
0.012303
0.0177089
0.0178991
0.183926
0.368742
0.311813
0.10187
0.0378488
0.0330171
0.0496998
0.0910237
0.0850298
0.162716
0.203428
0.151161
0.0916884
0.0508176
0.0275244
0.210613
0.13557
0.0670054
0.133494
0.314153
0.314153
0.266282
0.154855
0.162172
0.0255211
0.0379438
0.0402138
0.190419
0.314153
0.300325
0.0813745
0.0200104
0.0210847
0.0562852
0.0518707
0.0791805
0.314153
0.314153
0.16492
0.0463964
0.0272182
0.0036808
0.00424401
0.0162146
0.0664749
0.179522
0.322068
0.320483
0.0303743
0.0160658
0.00707897
0.010881
0.0042175
0.0130476
0.250242
0.322068
0.300861
0.0357111
0.00934129
0.0119196
0.000427736
0.0125455
0.0590156
0.322068
0.322068
0.247304
0.0658987
0.0203611
0.00208923
0.00582104
0.0305421
0.033666
0.273191
0.322068
0.183338
0.0479096
0.04305
0.0385552
0.00829235
0.00538353
0.01564
0.222172
0.331408
0.32798
0.0346486
0.0149342
0.00846519
0.0108766
0.00854601
0.0163598
0.11843
0.331408
0.331408
0.0811165
0.0336915
0.00528879
0.00382173
0.0279502
0.0485638
0.278294
0.331408
0.206614
0.0391158
0.0425006
0.027784
0.0205721
0.0252265
0.0652682
0.255188
0.331408
0.261959
0.017808
0.0520265
0.0190026
0.00434567
0.00747853
0.0235358
0.160693
0.313422
0.310025
0.0690264
0.0365553
0.00258053
0.00236949
0.00201155
0.0185595
0.313422
0.313422
0.313422
0.0633569
0.0100283
0.00705045
0.00969875
0.0229918
0.0826499
0.282006
0.313422
0.223039
0.0184985
0.0304945
0.0164972
0.00758728
0.0262683
0.0572681
0.310349
0.313422
0.191973
0.0350889
0.0193866
0.0182384
0
0.0015786
0.0198434
0.326838
0.341561
0.337601
0.0576032
0.0117414
0.00694056
0
0.000324001
0.00587983
0.190236
0.341561
0.341561
0.0453727
0.0181478
0.00345388
0.00869018
0.0184382
0.0580989
0.246027
0.341561
0.155772
0.0339167
0.0146859
0.0390256
0.0216011
0.0249288
0.0232262
0.18367
0.341561
0.138138
0.0282911
0.0380376
0.0720635
0
0.000399611
0.0030408
0.149312
0.344731
0.344731
0.0406031
0.0128882
0.00416613
0.0350179
0.0135756
0.0522267
0.140466
0.344731
0.344731
0.22877
0.260243
0.202875
0.0253733
0.0185674
0.0175777
0.155608
0.344731
0.105337
0.0245274
0.0303648
0.0610632
0.0201121
0.0171094
0.0147834
0.13479
0.344731
0.118363
0.0438488
0.0264822
0.0126618
0.0252105
0.00499042
0.0214002
0.132525
0.390626
0.390626
0.139231
0.150845
0.140184
0.0123572
0.0236164
0.0133168
0.262698
0.390626
0.390626
0.154171
0.0510098
0.0356045
0.0160582
0.01065
0.0155781
0.125535
0.279622
0.0835114
0.0270069
0.0195964
0.00909742
0.00398726
0.00455397
0.0269521
0.110008
0.299162
0.0701458
0.0229773
0.027115
0.0189248
0.0452689
0.0565192
0.0572544
0.315412
0.378014
0.378014
0.136923
0.0271614
0.0351282
0.0826459
0.0974543
0.125377
0.378014
0.378014
0.162096
0.120086
0.0650157
0.0193258
0.00393937
0.00863678
0.0375251
0.137994
0.296735
0.0696301
0.0228989
0.028146
0.0201445
0.0172015
0.0477701
0.0204415
0.104036
0.284939
0.0721489
0.0692776
0.0403323
0.0234427
0.00763573
0.0465687
0.140692
0.33062
0.33062
0.33062
0.0670174
0.0267297
0.00523963
0.00938398
0.0531252
0.0619098
0.33062
0.33062
0.33062
0.0951806
0.0779476
0.0555782
0.0480735
0.0670176
0.0731975
0.24052
0.228942
0.105953
0.0780208
0.0750326
0.0542061
0.042773
0.0754401
0.0874112
0.183238
0.220576
0.123825
0.0712353
0.100945
0.125003
0.0181681
0.0641912
0.0756567
0.336979
0.343434
0.343434
0.0811489
0.0683944
0.0477842
0.0632251
0.0581524
0.0788709
0.328018
0.343434
0.343434
0.0390571
0.0546574
0.032925
0.0525276
0.0809087
0.102596
0.173794
0.233877
0.146702
0.0606429
0.080291
0.113131
0.0654323
0.0777203
0.132678
0.14124
0.154294
0.106182
0.103905
0.0732809
0.125875
0.0500843
0.0570696
0.0933956
0.324203
0.324203
0.324203
0.039049
0.0383718
0.0437004
0.027724
0.0396076
0.0935739
0.324203
0.324203
0.301059
0.0636295
0.0492852
0.0459998
0.0819555
0.0842953
0.134887
0.147925
0.1755
0.108357
0.0960614
0.0565375
0.124158
0.124604
0.110448
0.0822317
0.118683
0.287026
0.232531
0.107665
0.0942618
0.122308
0.0171714
0.0288481
0.0985405
0.319716
0.319716
0.253493
0.0634557
0.0462822
0.076395
0.0330227
0.0552737
0.0884378
0.319716
0.319716
0.235483
0.0605501
0.0528893
0.0910449
0.0975085
0.102618
0.104911
0.131458
0.2398
0.194995
0.0935324
0.0714661
0.140371
0.08431
0.119379
0.178669
0.158433
0.319716
0.197336
0.055319
0.0581436
0.135856
0.0384271
0.0533965
0.0940042
0.32765
0.32765
0.225222
0.0683207
0.0563674
0.103404
0.0445784
0.0370987
0.055979
0.32765
0.32765
0.238308
0.0825078
0.0641293
0.0368586
0.0643847
0.122824
0.216523
0.200366
0.2909
0.190949
0.0737762
0.066061
0.16075
0.0719766
0.0922474
0.0907873
0.193123
0.219359
0.128426
0.11523
0.0599522
0.0942541
0.0463088
0.0329112
0.0638903
0.341233
0.341233
0.254541
0.081693
0.067206
0.0406571
0.0160574
0.0195373
0.0912476
0.341233
0.341233
0.247249
0.101186
0.116453
0.0709478
0.0700758
0.0858401
0.106899
0.21923
0.201154
0.149573
0.163444
0.0938735
0.0973627
0.046688
0.0573451
0.14651
0.212773
0.200565
0.132597
0.153677
0.0863175
0.0983572
0.0169785
0.0334662
0.0951116
0.324684
0.324684
0.200657
0.0946733
0.0955655
0.0600457
0.0531416
0.166046
0.0913878
0.324684
0.324684
0.221198
0.286192
0.167802
0.121409
0.0378806
0.0527063
0.130507
0.175168
0.158389
0.12805
0.138497
0.0818129
0.0916324
0.0356856
0.0699688
0.0831209
0.187138
0.231297
0.171002
0.163934
0.0754283
0.0483365
0.0755626
0.113602
0.137383
0.259402
0.259402
0.164237
0.084617
0.100324
0.0917259
0.0655254
0.132278
0.138641
0.259402
0.2319
0.191364
0.0850001
0.131232
0.14673
0.0204206
0.0622875
0.105206
0.259402
0.259402
0.237775
0.12665
0.118446
0.129651
0.0895237
0.133555
0.174247
0.259402
0.259402
0.259402
0.0605674
0.0816125
0.0942037
0.0872175
0.14714
0.147805
0.253523
0.253523
0.227911
0.0727824
0.107982
0.152624
0.116812
0.137457
0.166717
0.199482
0.251416
0.144059
0.122195
0.0795489
0.141727
0.0738338
0.122517
0.18999
0.253523
0.253523
0.253523
0.07424
0.0843537
0.0880264
0.0741748
0.0791535
0.095324
0.253523
0.253523
0.233791
0.0436695
0.108831
0.123089
0.131994
0.134867
0.142936
0.188667
0.259578
0.14448
0.117286
0.0687008
0.162362
0.180934
0.115755
0.0945861
0.152253
0.259578
0.259578
0.162864
0.152383
0.184672
0.0565582
0.0653528
0.109103
0.259578
0.259578
0.207362
0.0613916
0.0993745
0.122986
0.0525929
0.0890986
0.126267
0.259578
0.259578
0.245756
0.128856
0.0971434
0.0681499
0.0883985
0.0767741
0.0867949
0.128905
0.228383
0.188038
0.109245
0.0888845
0.146423
0.0826131
0.130541
0.201715
0.176519
0.34385
0.198844
0.0713178
0.0587967
0.11851
0.027308
0.0571727
0.0980701
0.227232
0.34385
0.219107
0.104936
0.0553338
0.0419828
0.00736786
0.0643659
0.101545
0.34385
0.34385
0.220534
0.0699219
0.0597524
0.043188
0.0516211
0.122234
0.21576
0.204657
0.275535
0.176589
0.0823935
0.0564915
0.123821
0.0575468
0.0720733
0.0927403
0.215226
0.223156
0.130171
0.0815327
0.0446314
0.0698908
0.0249184
0.0565906
0.108609
0.313986
0.313986
0.234475
0.207111
0.0687066
0.0489808
0.0437622
0.0623966
0.0788912
0.313986
0.313986
0.151866
0.234519
0.0830228
0.0767894
0.0534097
0.0672609
0.101856
0.255988
0.226399
0.156707
0.130002
0.0631996
0.0738465
0.030654
0.0532556
0.139705
0.219614
0.206775
0.149202
0.143209
0.0916139
0.0932727
0.0750278
0.0696324
0.0891913
0.270806
0.270806
0.215228
0.270806
0.116053
0.10163
0.0248322
0.146728
0.105416
0.270806
0.270806
0.270806
0.186568
0.186288
0.0952671
0.0347536
0.0582868
0.130903
0.216896
0.213947
0.161458
0.164049
0.0912278
0.096793
0.0479383
0.0708567
0.0981457
0.189478
0.237698
0.164505
0.185077
0.0912846
0.0787287
0.0427568
0.09561
0.0851766
0.287368
0.287368
0.287368
0.167566
0.184801
0.0873856
0.0405614
0.0697455
0.0506141
0.287368
0.287368
0.287368
0.184668
0.046725
0.0252864
0.0165671
0.0471038
0.0850954
0.310014
0.310014
0.175378
0.0667517
0.0650508
0.0820128
0.0468501
0.0717044
0.0996925
0.255199
0.286326
0.229372
0.0523957
0.0586058
0.0475281
0.00792221
0.0133153
0.10982
0.310014
0.310014
0.246652
0.0491782
0.0179848
0.0272876
0.017536
0.0125479
0.0318062
0.310014
0.310014
0.21755
0.0833161
0.086549
0.0463388
0.0385222
0.0715545
0.108562
0.300015
0.29806
0.213161
0.0503606
0.0609465
0.0461874
0.034349
0.0446249
0.052976
0.245499
0.311711
0.180061
0.0363281
0.0628765
0.0514799
0.0151117
0.0112816
0.0441335
0.311711
0.311711
0.222098
0.0716852
0.0869226
0.0386191
0.0106344
0.0181513
0.0454522
0.311711
0.311711
0.28414
0.0808985
0.0263674
0.0151303
0.0258433
0.0386679
0.059831
0.241765
0.328988
0.164742
0.0500072
0.0575049
0.063074
0.0397513
0.0423538
0.0654132
0.199067
0.328988
0.160777
0.111057
0.0687304
0.0605285
0.0107657
0.0263012
0.0490562
0.328988
0.328988
0.258875
0.0757275
0.0265001
0.0199171
0.00215274
0.0286724
0.0474709
0.328988
0.328988
0.260127
0.0609945
0.0465976
0.0439419
0.0246685
0.0311593
0.0638512
0.168765
0.263863
0.151406
0.101939
0.0534567
0.054543
0.00819592
0.129795
0.120277
0.324009
0.324009
0.16146
0.0655399
0.158984
0.0866072
0.0109165
0.0326254
0.0438268
0.324009
0.324009
0.220773
0.0495073
0.0430339
0.0447959
0.0200933
0.111357
0.11014
0.324009
0.324009
0.156263
0.0361803
0.127649
0.0869824
0.0302851
0.092725
0.0996196
0.29447
0.311606
0.166272
0.117154
0.154007
0.0783969
0.0487393
0.101376
0.0619052
0.234095
0.311606
0.116709
0.119245
0.080763
0.045412
0.0369393
0.0786146
0.0689072
0.311606
0.311606
0.224308
0.0715815
0.119329
0.073886
0.0518456
0.0706609
0.0310928
0.247985
0.311606
0.211901
0.13538
0.0828967
0.0416496
0.0754747
0.0939377
0.0504039
0.25111
0.295274
0.146092
0.183503
0.08261
0.0448265
0.0130739
0.0987239
0.0768239
0.274624
0.295274
0.229575
0.102258
0.115011
0.0674977
0.0637062
0.0777253
0.0207326
0.252931
0.295274
0.28983
0.161158
0.0647099
0.0345425
0.0301468
0.0283776
0.0495875
0.295274
0.295274
0.205561
0.0989481
0.0419989
0.00868367
0.0288749
0.0674173
0.0639838
0.306976
0.306976
0.226985
0.0992571
0.113429
0.0611896
0.0384961
0.0513694
0.0340234
0.264919
0.306976
0.189341
0.112102
0.0399951
0.0296117
0.0291627
0.0497593
0.0752968
0.306976
0.306976
0.204133
0.0865748
0.0529226
0.023812
0.0637667
0.0517185
0.0394034
0.306976
0.306976
0.206141
0.0848253
0.0704743
0.0454847
0.0151212
0.0297578
0.10882
0.31501
0.31501
0.2473
0.0583491
0.0360239
0.0297108
0.0212116
0.0308108
0.0370777
0.31501
0.31501
0.15771
0.0732194
0.0688818
0.0454398
0.0280462
0.0431394
0.167078
0.31501
0.31501
0.228782
0.0977523
0.0554173
0.0151084
0.0722022
0.113879
0.0917545
0.128047
0.31501
0.149075
0.062779
0.067339
0.128105
0.0246807
0.0439652
0.0461282
0.327876
0.327876
0.165746
0.052439
0.0686609
0.0365517
0.00317903
0.00978185
0.032911
0.327876
0.327876
0.290835
0.081563
0.0192028
0.00983774
0.0869529
0.135338
0.0804465
0.121627
0.327876
0.188222
0.059228
0.0615887
0.0842717
0.00913227
0.0388144
0.0660071
0.23424
0.327876
0.243051
0.0526926
0.0180627
0.0344519
0.00538563
0.0113702
0.0288668
0.319957
0.319957
0.255797
0.0692369
0.0154459
0.0147412
0.00377199
0.0115198
0.0346425
0.319957
0.319957
0.204655
0.0756247
0.0333072
0.0429753
0.0077563
0.0388489
0.0435236
0.25219
0.319957
0.243834
0.0612319
0.0143009
0.0135548
0.0102262
0.0295846
0.080356
0.254329
0.319957
0.225901
0.0841787
0.0258067
0.025056
0.0124633
0.0158905
0.0348347
0.312928
0.312928
0.204315
0.0725246
0.0406031
0.057976
0.0169462
0.178554
0.146086
0.312928
0.312928
0.168196
0.0479148
0.225585
0.133923
0.0103417
0.0352984
0.0568307
0.255066
0.312928
0.208697
0.0902924
0.0268424
0.0212341
0.00660404
0.0215024
0.0607547
0.160496
0.312928
0.207047
0.0911476
0.0408804
0.0240494
0.0404875
0.121639
0.0925065
0.313933
0.323415
0.22511
0.0619862
0.207479
0.116184
0.0625282
0.120176
0.0462496
0.264627
0.323415
0.195639
0.0967137
0.0888107
0.0411974
0.0116227
0.0230798
0.0489038
0.14027
0.323415
0.215379
0.0800643
0.0508019
0.0214658
0.0570444
0.0613043
0.0611414
0.218494
0.323415
0.223826
0.0681321
0.0861672
0.00618015
0.0807639
0.114692
0.029585
0.265174
0.32142
0.262738
0.095895
0.0640688
0.0266513
0.0176159
0.0236696
0.0641607
0.32142
0.32142
0.217639
0.0676035
0.0252303
0.0101215
0.0594955
0.0559192
0.0579894
0.20724
0.32142
0.247216
0.0633224
0.0883714
0.0135624
0.0341529
0.0466111
0.0877385
0.24607
0.32142
0.223224
0.0551
0.0293387
0.0214596
0.0187572
0.0348561
0.0677294
0.329588
0.329588
0.229112
0.0618183
0.0334004
0.0206718
0.0467117
0.0399669
0.0315585
0.329588
0.329588
0.164172
0.0531204
0.0590838
0.0343285
0.0339091
0.0409159
0.0677612
0.223692
0.329588
0.256973
0.0654441
0.0344709
0.0278297
0.0107789
0.0280038
0.0479102
0.217824
0.329588
0.248058
0.0529213
0.014441
0.00905354
0.0377605
0.0645227
0.20232
0.32199
0.32199
0.300146
0.110729
0.0830551
0.0271181
0.0908218
0.154624
0.0950325
0.151687
0.32199
0.178813
0.0605723
0.0649511
0.154628
0.00272451
0.0253153
0.0293755
0.136436
0.32199
0.265644
0.0493178
0.0474972
0.010114
0.0110424
0.0211365
0.0406041
0.124048
0.32199
0.281443
0.0396078
0.0556485
0.0132622
0.119667
0.208884
0.0900584
0.154866
0.322362
0.227467
0.0439367
0.0645084
0.106978
0.0164562
0.0394397
0.0830532
0.311075
0.322362
0.322362
0.0668707
0.0253079
0.0455291
0.0126712
0.022524
0.0469294
0.133107
0.322362
0.312077
0.0348997
0.0627657
0.0136423
0.0153675
0.0249313
0.0474295
0.0770879
0.322362
0.264818
0.0455223
0.0499592
0.0366263
0.0152635
0.0370838
0.0515406
0.315675
0.315675
0.315675
0.0711318
0.0180382
0.0216364
0.0143589
0.0282542
0.0939566
0.315675
0.315675
0.315675
0.108051
0.0347053
0.0285818
0.0171843
0.02729
0.0494898
0.0981591
0.315675
0.237297
0.0293755
0.0456439
0.0384698
0.031665
0.0609551
0.0352856
0.106878
0.315675
0.271169
0.0459274
0.041034
0.0239891
0.0136325
0.0340942
0.0692425
0.317318
0.317318
0.317318
0.12823
0.0376245
0.0323793
0.00919153
0.031645
0.0793102
0.27557
0.317318
0.317318
0.110654
0.0575145
0.0454974
0.0345935
0.060543
0.0535936
0.138072
0.317318
0.268874
0.0412024
0.0390917
0.0269543
0.00977327
0.0337718
0.0667057
0.108066
0.317318
0.206544
0.0580081
0.0428111
0.0301854
0.0128847
0.0384376
0.0767679
0.22885
0.338986
0.32866
0.103173
0.0600772
0.0412001
0.058537
0.066245
0.0798846
0.324939
0.338986
0.338986
0.0613903
0.0731249
0.0076538
0.0108323
0.0312355
0.0694742
0.0930169
0.317584
0.218753
0.0546843
0.0403271
0.0313747
0.0115976
0.0391383
0.0604029
0.128746
0.296239
0.236142
0.0786026
0.0411636
0.0161831
0.0579205
0.0557664
0.0769793
0.283498
0.327904
0.327904
0.0582603
0.0684165
0.0162101
0.0262301
0.0456887
0.11046
0.327904
0.327904
0.327904
0.0555494
0.022873
0.0250243
0.0163986
0.0299055
0.0481439
0.107048
0.317811
0.237641
0.0657807
0.0417435
0.020033
0.0212505
0.0372326
0.0601786
0.095342
0.327904
0.197589
0.0331584
0.0253556
0.0184708
0.0262342
0.0316741
0.0707136
0.338243
0.343542
0.343542
0.0706408
0.032195
0.0324057
0.00525788
0.0294627
0.0496362
0.265528
0.343542
0.330621
0.0353254
0.0174328
0.00704658
0.0305099
0.0354365
0.0531959
0.107768
0.343542
0.198407
0.0320491
0.0281825
0.0162137
0.0312031
0.0345551
0.0283758
0.127666
0.343542
0.13349
0.0241658
0.0241672
0.0245712
0.0024532
0.0342106
0.0372085
0.209696
0.308385
0.308385
0.0407169
0.0536695
0.0144615
0.00954165
0.0242495
0.0421547
0.190217
0.308385
0.308385
0.0377923
0.0775894
0.0196995
0.0217376
0.0337093
0.0892448
0.308385
0.308385
0.230826
0.0260707
0.035102
0.0415733
0.0270605
0.0092471
0.0585666
0.308385
0.308385
0.235061
0.0811655
0.0723781
0.0601091
0.00908677
0.0239528
0.0374874
0.159465
0.307162
0.29719
0.0226548
0.0651769
0.0164118
0.0204392
0.0246845
0.0512717
0.117298
0.307162
0.298346
0.0308744
0.0471174
0.0245473
0.0346841
0.0258984
0.0476607
0.307162
0.307162
0.206729
0.0557479
0.0459241
0.0422372
0.0533914
0.047113
0.100741
0.307162
0.307162
0.307162
0.0397404
0.125036
0.149002
0.0210272
0.0259068
0.046041
0.136761
0.307952
0.281882
0.0188955
0.0423326
0.0306814
0.0219146
0.048469
0.028396
0.154518
0.307952
0.307952
0.0264506
0.0375754
0.0222281
0.0688457
0.0771875
0.118512
0.307952
0.307952
0.307952
0.0427464
0.0903969
0.116647
0.00706128
0.0187732
0.0841017
0.307952
0.307952
0.199089
0.0610249
0.0615692
0.0612431
0.0249068
0.0541213
0.0465354
0.223612
0.292479
0.292479
0.0248444
0.0423172
0.0323207
0.0086095
0.0350408
0.0594925
0.242746
0.292479
0.292479
0.0479438
0.0330201
0.0215253
0.00974093
0.0352598
0.100069
0.292479
0.292479
0.272024
0.0792167
0.0471616
0.0432691
0.0536456
0.0858562
0.0712542
0.292479
0.292479
0.270289
0.0642765
0.01373
0.0208245
0.00816946
0.0343779
0.0669527
0.220441
0.305623
0.305623
0.0428013
0.0278654
0.025187
0.00387856
0.034365
0.045679
0.213298
0.305623
0.305623
0.0628287
0.0181505
0.0164081
0.0340881
0.0503964
0.0540823
0.305623
0.305623
0.237613
0.0752901
0.0258833
0.0315362
0.0164518
0.0153972
0.0556867
0.305623
0.305623
0.251311
0.0493567
0.0332947
0.0336299
0.00997662
0.0257367
0.0433266
0.198274
0.313069
0.313069
0.0636936
0.0203914
0.0244891
0.0218682
0.0360743
0.0569507
0.191443
0.313069
0.313069
0.0339882
0.0279512
0.0253894
0.00968253
0.00520888
0.0758883
0.313069
0.313069
0.217915
0.068861
0.0522486
0.0498803
0.0183951
0.0161089
0.079332
0.313069
0.313069
0.217958
0.0428887
0.0673025
0.0229919
0.0321922
0.0348522
0.0578275
0.208396
0.324306
0.324306
0.0419851
0.0337925
0.0242822
0.0327429
0.0471296
0.0367095
0.16764
0.324306
0.190417
0.0255466
0.0448233
0.0309942
0.0203785
0.0208727
0.117333
0.324306
0.324306
0.247549
0.0512969
0.0649518
0.022635
0.0125492
0.0443061
0.104218
0.193892
0.324306
0.324306
0.0328198
0.054094
0.0281722
0.018614
0.0397634
0.113421
0.285604
0.285604
0.225107
0.0301485
0.0415329
0.0409402
0.0233294
0.0124326
0.0652395
0.285604
0.285604
0.213962
0.0695925
0.0782438
0.0643853
0.0301211
0.0940849
0.2552
0.285604
0.285604
0.176061
0.0423494
0.0260311
0.0248861
0.0159332
0.0301442
0.132277
0.285604
0.285604
0.284119
0.0379775
0.0421459
0.0157046
0.0320225
0.0276786
0.0462448
0.294443
0.294443
0.186464
0.0451888
0.0469169
0.047477
0.0541814
0.0500829
0.0984854
0.294443
0.294443
0.294443
0.033841
0.125886
0.145706
0.017976
0.0286081
0.0915294
0.266166
0.294443
0.241083
0.0536263
0.0377424
0.0129966
0.0143149
0.0366805
0.0660507
0.215877
0.294443
0.294443
0.095004
0.0544923
0.0200138
0.0711768
0.0829925
0.113568
0.292796
0.292796
0.292796
0.0409584
0.0996962
0.1232
0.00238176
0.0208264
0.0833866
0.292796
0.292796
0.199509
0.0621979
0.0522287
0.0497249
0.0190533
0.0495031
0.0714407
0.201654
0.292796
0.292796
0.120088
0.0479705
0.0221329
0.00499154
0.0441964
0.0745911
0.252477
0.292796
0.234648
0.107494
0.0462662
0.0203615
0.00200651
0.0329476
0.0818192
0.290349
0.290349
0.216077
0.063379
0.029436
0.025609
0.0256364
0.0545513
0.0528058
0.290349
0.290349
0.253363
0.0520404
0.00992232
0.00826009
0.00519963
0.0450772
0.0892472
0.245967
0.290349
0.238995
0.0808445
0.0256529
0.0197572
0.00938596
0.00815482
0.0782319
0.272154
0.290349
0.290349
0.191172
0.145143
0.0565583
0.0139306
0.0292484
0.0344484
0.287653
0.287653
0.187648
0.0445765
0.0147491
0.0142107
0.00716612
0.00787224
0.0329666
0.287653
0.287653
0.191533
0.0367335
0.0247933
0.0219008
0.0401025
0.098281
0.10777
0.287302
0.287653
0.287653
0.106371
0.0767201
0.0391255
0.0969768
0.165998
0.115606
0.251489
0.287653
0.263289
0.0554124
0.136102
0.109387
0.00480197
0.00281961
0.046293
0.288631
0.288631
0.190569
0.0554102
0.0367024
0.0338763
0.0115882
0.0122271
0.0524968
0.288631
0.288631
0.168184
0.0522855
0.0457602
0.0174305
0.122646
0.273979
0.166961
0.288631
0.288631
0.25552
0.0551551
0.126819
0.0724107
0.0170064
0.0258969
0.077365
0.18625
0.288631
0.288631
0.0526036
0.0197275
0.0243103
0.0140832
0.0173279
0.0890768
0.306458
0.306458
0.221121
0.0702828
0.0567714
0.0207506
0.00662386
0.0421189
0.0768605
0.220713
0.306458
0.271731
0.0462384
0.0647256
0.0224802
0.01418
0.0296759
0.0874595
0.248593
0.306458
0.306458
0.0798314
0.029975
0.00587768
0.0124248
0.0188024
0.0391401
0.213489
0.306458
0.306458
0.109481
0.0454417
0.00716995
0.0277921
0.0693059
0.248703
0.294075
0.294075
0.164421
0.0538536
0.0323145
0.0229721
0.0158935
0.0247215
0.109225
0.294075
0.294075
0.210992
0.0452325
0.0485423
0.0151379
0.0279032
0.0436535
0.118743
0.294075
0.294075
0.199611
0.0452947
0.0125889
0.00117912
0.0113256
0.0234847
0.027101
0.294075
0.294075
0.294075
0.0211086
0.00982723
0.00113991
0.0194538
0.0327653
0.0914682
0.281794
0.296611
0.211158
0.0631529
0.0505811
0.0170998
0.0244507
0.0477771
0.0966853
0.24427
0.296611
0.291604
0.0672712
0.060518
0.0292002
0.0110173
0.0319359
0.0294169
0.296611
0.296611
0.262088
0.0261268
0.0155461
0.000785913
0.0102525
0.0233938
0.0551889
0.296611
0.296611
0.296611
0.0461559
0.00905237
0.000601968
0.0268156
0.0642457
0.0953756
0.217699
0.291983
0.291983
0.0905104
0.0548523
0.0344751
0.00697977
0.0446635
0.0699482
0.249539
0.291983
0.28582
0.106878
0.0473036
0.0186863
0.00633132
0.0269831
0.0453789
0.291983
0.291983
0.291983
0.0699176
0.0144864
0.00024245
0.0184539
0.0276753
0.0405194
0.25208
0.291983
0.291983
0.0681121
0.0217558
0.00014547
0.00447619
0.0429263
0.0730123
0.23469
0.287864
0.275041
0.0852958
0.0242572
0.0146132
0.00110343
0.00506288
0.0734108
0.287864
0.287864
0.287864
0.139029
0.114211
0.0413116
0.0111472
0.0260739
0.0419685
0.214091
0.287864
0.287864
0.0808253
0.020588
0.00102655
0.00592463
0.0171545
0.0645343
0.287864
0.287864
0.287864
0.088189
0.0296935
0.0142791
0.0231692
0.069587
0.0837756
0.282586
0.282586
0.282586
0.0771422
0.0593632
0.0260397
0.070694
0.11339
0.0821012
0.251219
0.282586
0.229978
0.0662075
0.10674
0.0979001
0.00927523
0.0300128
0.0655519
0.282586
0.282586
0.282586
0.0697017
0.0277101
0.0124305
0.0147745
0.048976
0.0428222
0.282586
0.282586
0.220996
0.0951037
0.106077
0.090276
0.0842907
0.189011
0.113341
0.29951
0.29951
0.240287
0.064329
0.0986103
0.0641156
0.0122349
0.0223169
0.0669227
0.215633
0.29951
0.230447
0.0642537
0.0148146
0.0218099
0.0199673
0.063805
0.0598767
0.29951
0.29951
0.242529
0.0860263
0.0866804
0.0696393
0.00362953
0.00654309
0.0682434
0.29951
0.29951
0.172323
0.0895506
0.0343436
0.0294767
0.00898104
0.0243748
0.0752107
0.265215
0.296757
0.295262
0.0818905
0.0278494
0.00616259
0.0103109
0.0177213
0.0380697
0.246316
0.296757
0.296757
0.0955649
0.0482343
0.003882
0.0094291
0.0125076
0.0888979
0.296757
0.296757
0.216525
0.0803359
0.0140789
0.0256625
0.0207404
0.0268203
0.0353248
0.263592
0.296757
0.296757
0.0620004
0.0085223
0.00501029
0.0327124
0.053229
0.141006
0.285592
0.285592
0.228507
0.0668905
0.0210871
0.000850193
0.00937194
0.0244983
0.0376641
0.285592
0.285592
0.285592
0.0591147
0.0234806
0.00323649
0.0100082
0.0850982
0.177122
0.285592
0.285592
0.133597
0.117343
0.0347671
0.0147766
0.00580727
0.0210635
0.129774
0.285592
0.285592
0.285592
0.0728663
0.0496523
0.0208068
0.00548051
0.0385429
0.0416242
0.295885
0.295885
0.285726
0.0657112
0.0303057
0.00348457
0.0181825
0.03517
0.0929228
0.295885
0.295885
0.295885
0.0306163
0.0063174
0.00227014
0.00866106
0.0343813
0.0974882
0.295885
0.295885
0.279532
0.0659704
0.0595435
0.0249299
0.0217471
0.0461666
0.0694685
0.204201
0.295885
0.220544
0.0515807
0.0182962
0.0106368
0.0116435
0.0422117
0.0771637
0.301217
0.301217
0.301217
0.0501654
0.0116497
0.00317128
0.0129134
0.0224004
0.0497316
0.301217
0.301217
0.301217
0.0568136
0.0244411
0.00571888
0.0226719
0.0497895
0.0768003
0.233954
0.301217
0.223861
0.0612609
0.0226943
0.0151411
0.0134973
0.00874779
0.0581565
0.243459
0.301217
0.252154
0.106122
0.0224847
0.0106281
0.00748177
0.024177
0.0464485
0.288726
0.290421
0.290421
0.0849471
0.0258037
0.00473917
0.00683265
0.0237546
0.0519104
0.290421
0.290421
0.290421
0.0860684
0.0236026
0.0116721
0.00673884
0.00913833
0.0804175
0.253239
0.290421
0.257039
0.132761
0.0333716
0.00912952
0.0105128
0.0175208
0.126743
0.290421
0.290421
0.188164
0.0982617
0.0417824
0.0294533
0.00594494
0.0275859
0.0488764
0.293048
0.293048
0.293048
0.0828035
0.0271252
0.00902402
0.00553312
0.0422212
0.052292
0.293048
0.293048
0.293048
0.127945
0.115773
0.103385
0.00403058
0.0225545
0.107608
0.21898
0.293048
0.188995
0.105508
0.0403
0.0136208
0.00298852
0.0418941
0.0764848
0.289006
0.293048
0.229189
0.0629072
0.0266439
0.00817338
0.00692331
0.0422905
0.0564554
0.303583
0.303583
0.303583
0.107228
0.0838719
0.0740635
0.00450317
0.0102386
0.0889256
0.303583
0.303583
0.194175
0.0953276
0.0466909
0.0347058
0.00216061
0.0352946
0.07415
0.24229
0.303583
0.24311
0.0726442
0.0213781
0.00167436
0.00358061
0.0131049
0.103433
0.246164
0.303583
0.24666
0.0688589
0.0157897
0.00257639
0.0115921
0.0165599
0.10148
0.292167
0.292167
0.233672
0.0865971
0.0210589
0.0329231
0.021557
0.0345019
0.070106
0.292167
0.292167
0.292167
0.0588236
0.0121006
0.00844264
0.00520341
0.0138569
0.115367
0.279304
0.292167
0.288777
0.0815025
0.01694
0.00524194
0.0161542
0.0181638
0.086677
0.221756
0.292167
0.252499
0.121138
0.0149483
0.00793411
0.0120341
0.10164
0.172157
0.279416
0.279416
0.169732
0.127312
0.0356464
0.0123412
0.00329278
0.0338371
0.133538
0.279416
0.279416
0.279416
0.096075
0.0452471
0.0225532
0.00516386
0.0595232
0.177876
0.279416
0.279416
0.174687
0.0936683
0.0239937
0.0124321
0.0127952
0.0306233
0.114903
0.279416
0.279416
0.279416
0.105973
0.0276703
0.0201854
0.00710389
0.0431564
0.105693
0.290268
0.290268
0.290268
0.0918368
0.0582514
0.0308376
0.0283997
0.0615154
0.0808429
0.227901
0.290268
0.21138
0.06524
0.0173475
0.0169466
0.0115999
0.0210859
0.116914
0.290268
0.290268
0.270829
0.0797191
0.0382669
0.0269546
0.0171566
0.0231271
0.0525331
0.290268
0.290268
0.290268
0.0568925
0.0164091
0.00274349
0.0300481
0.0663492
0.0978007
0.272485
0.292106
0.204207
0.0750091
0.0256489
0.024583
0.00636759
0.0153624
0.081845
0.292106
0.292106
0.221732
0.0974063
0.0298673
0.0184005
0.0122554
0.0360343
0.0726663
0.292106
0.292106
0.292106
0.0580803
0.0287199
0.00405765
0.00560125
0.0343316
0.0680122
0.292106
0.292106
0.292106
0.1009
0.0232744
0.000234416
0.00252443
0.0242528
0.115036
0.277444
0.277444
0.23684
0.124698
0.0419109
0.01593
0.0116849
0.0232032
0.120328
0.277444
0.277444
0.249975
0.114342
0.0490246
0.0383141
0.00131819
0.0493754
0.0879809
0.277444
0.277444
0.277444
0.106263
0.0200912
0.000112125
0.000790913
0.0129514
0.126728
0.277444
0.277444
0.277444
0.0974191
0.0240479
0.00304007
0.00639425
0.0329529
0.123802
0.260657
0.272185
0.272185
0.141878
0.0495877
0.0186087
0.00252885
0.060731
0.117674
0.272185
0.272185
0.272185
0.10909
0.0377281
0.0105607
0
0.0104781
0.114282
0.272185
0.272185
0.272185
0.108575
0.0192676
0.00659652
0.000725288
0.0229372
0.1766
0.272185
0.272185
0.223172
0.109539
0.0199724
0.0394582
0.00333208
0.0495922
0.108439
0.263702
0.281157
0.281157
0.126452
0.0283085
0.0013191
0.00727925
0.0245858
0.156062
0.281157
0.281157
0.281157
0.111289
0.0360618
0.00711525
0.00348535
0.0255423
0.119895
0.281157
0.281157
0.217694
0.111938
0.0183119
0.0246514
0.0123389
0.0273912
0.100635
0.281157
0.281157
0.234645
0.0735202
0.0374988
0.0210391
0.0100277
0.0266873
0.13757
0.275901
0.275901
0.275901
0.112415
0.0277638
0.0114578
0.0113648
0.0410268
0.135477
0.275901
0.275901
0.238258
0.123308
0.0203577
0.0124912
0.0160574
0.0370396
0.085291
0.275901
0.275901
0.255959
0.0649484
0.0287289
0.0129436
0.00992757
0.0691581
0.0743507
0.275901
0.275901
0.275901
0.148135
0.0275316
0.00764878
