0.0168406
0.0394648
0.0553377
0.1793
0.490837
0.225515
0.0707422
0.0781024
0.0291127
0.01298
0.046143
0.0577923
0.154287
0.490837
0.297476
0.0702471
0.0401797
0.0127242
0.040842
0.0715264
0.0563874
0.184621
0.321489
0.221866
0.0511431
0.0955838
0.0717787
0.0235498
0.0819431
0.116537
0.15047
0.111946
0.107242
0.0613817
0.0696104
0.0631111
0.0149892
0.037907
0.0635406
0.172174
0.520864
0.310126
0.0582892
0.0285669
0.0119123
0.0201272
0.0260254
0.0212197
0.133261
0.520864
0.435024
0.0573115
0.0207042
0.0141476
0.0224516
0.0695552
0.0947447
0.106533
0.0977179
0.0908839
0.0544413
0.0661746
0.0581734
0.0283321
0.0307355
0.0746241
0.128201
0.116436
0.0882722
0.0778273
0.0509311
0.033439
0.023048
0.0217585
0.0244695
0.144808
0.498754
0.429504
0.0392692
0.0170012
0.0124961
0.00699269
0.0108805
0.0378939
0.210633
0.498754
0.390509
0.0434504
0.0265986
0.0148759
0.0427182
0.0250338
0.060547
0.0977209
0.138583
0.0824118
0.0554605
0.039113
0.0322947
0.0418367
0.0164499
0.0657548
0.0826812
0.114742
0.0889423
0.0910595
0.03243
0.0354814
0.0110063
0.0129992
0.0290426
0.148826
0.488058
0.392654
0.0335014
0.0290941
0.0182413
0.0207528
0.0139735
0.352332
0.193722
0.488058
0.289167
0.020855
0.0142047
0.0480706
0.0436944
0.0181266
0.063049
0.0897754
0.122048
0.0757318
0.072362
0.0264703
0.0391537
0.0305212
0.0186898
0.0248588
0.0771234
0.172279
0.0879049
0.0715119
0.0292695
0.0371746
0.0246727
0.093854
0.216381
0.19814
0.440151
0.392845
0.0403882
0.0180562
0.0406941
0.0164293
0.105921
0.120578
0.260483
0.440151
0.379458
0.107071
0.0341954
0.0465944
0.0347213
0.0284439
0.0327694
0.106847
0.189288
0.10027
0.0740715
0.0304362
0.0374311
0.012064
0.0249619
0.0279803
0.0926635
0.120725
0.0636318
0.0620777
0.0721321
0.0200973
0.0235769
0.116828
0.0445932
0.163139
0.291556
0.209142
0.0818564
0.0187073
0.0375523
0.127569
0.117255
0.276339
0.291556
0.291556
0.241456
0.184543
0.0557237
0.20638
0.053182
0.0558801
0.0235522
0.0805971
0.122456
0.0443522
0.0264231
0.0288231
0.0513149
0.248157
0.114777
0.0869993
0.291556
0.291556
0.154867
0.0745603
0.0672732
0.291556
0.0993223
0.0981661
0.180546
0.249374
0.283316
0.217605
0.157774
0.0358998
0.155713
0.0185228
0.0509479
0.0895919
0.283107
0.283316
0.247112
0.0488472
0.0129144
0.0309735
0.221986
0.147296
0.0781011
0.253149
0.283316
0.112535
0.0366234
0.0336507
0.283316
0.0338044
0.0376265
0.0336684
0.109491
0.283316
0.230261
0.0615484
0.016204
0.0430612
0.064445
0.105428
0.108386
0.255688
0.255688
0.255688
0.10892
0.161375
0.134995
0.0565599
0.138857
0.182457
0.255688
0.255688
0.202391
0.0867301
0.117985
0.107471
0.10839
0.0801478
0.0767508
0.177591
0.255688
0.255688
0.157857
0.117952
0.0844862
0.0576182
0.105642
0.126233
0.174074
0.229446
0.2467
0.167873
0.112756
0.113171
0.0683087
0.139987
0.184481
0.204745
0.228787
0.202106
0.0879188
0.128051
0.118455
0.0666861
0.0788579
0.145232
0.223697
0.228787
0.18957
0.147389
0.114018
0.0945098
0.0661508
0.148591
0.173845
0.180355
0.228787
0.228787
0.126453
0.0912762
0.108387
0.0633571
0.155615
0.150781
0.228787
0.228787
0.228787
0.2048
0.149858
0.228787
0.0981912
0.0832437
0.150769
0.188041
0.227616
0.195059
0.129281
0.100025
0.102316
0.0848892
0.0635302
0.187523
0.184247
0.227616
0.188834
0.219414
0.111451
0.126425
0.0621369
0.155039
0.18251
0.227616
0.227616
0.227616
0.149121
0.169364
0.201809
0.0329101
0.207123
0.223234
0.227616
0.203585
0.144098
0.166607
0.0837379
0.055082
0.130889
0.0776788
0.206203
0.226711
0.227611
0.188327
0.200873
0.118223
0.166466
0.156216
0.0919763
0.0876033
0.222644
0.227611
0.219217
0.156269
0.139415
0.150395
0.0402486
0.194035
0.201186
0.227611
0.227611
0.160415
0.147501
0.121134
0.0507613
0.045095
0.0659305
0.0637111
0.155403
0.195991
0.227611
0.117337
0.200289
0.174264
0.178631
0.105117
0.108141
0.234332
0.234332
0.230879
0.149273
0.154915
0.166135
0.0372175
0.0819334
0.09707
0.228081
0.234332
0.183334
0.14297
0.190061
0.0642283
0.0614259
0.0799572
0.0945316
0.212792
0.228178
0.234332
0.111914
0.168382
0.143002
0.059658
0.0930312
0.234332
0.234332
0.234332
0.220566
0.101181
0.0874363
0.115819
0.0505928
0.0461891
0.0276324
0.0878756
0.130159
0.0403339
0.0242566
0.0300927
0.0613074
0.257216
0.0975998
0.0817932
0.331385
0.331385
0.0931316
0.0757692
0.0842042
0.331385
0.0411519
0.0672074
0.0568679
0.129001
0.195701
0.0362365
0.0183689
0.0199668
0.0372393
0.331385
0.0903086
0.0314061
0.331385
0.331385
0.0806647
0.0408153
0.0726159
0.331385
0.224045
0.13054
0.0743285
0.283316
0.283316
0.0824446
0.038057
0.0426383
0.283316
0.0426334
0.0485567
0.0293295
0.110886
0.283316
0.266376
0.0644577
0.0129225
0.0417176
0.283316
0.153943
0.0513089
0.283316
0.283316
0.0805384
0.0347471
0.0611654
0.283316
0.0925174
0.107144
0.0559226
0.167729
0.283316
0.0838937
0.0282719
0.0196476
0.0558735
0.134076
0.0954634
0.12502
0.2126
0.227772
0.227772
0.218444
0.123677
0.0864437
0.10392
0.163938
0.148875
0.203723
0.227772
0.227772
0.140648
0.147599
0.141176
0.078896
0.1263
0.163523
0.161557
0.227772
0.227772
0.171878
0.116644
0.195137
0.0394652
0.167297
0.159752
0.163767
0.227772
0.208506
0.121079
0.083088
0.11148
0.117407
0.188068
0.195259
0.177807
0.23617
0.23617
0.0942668
0.118461
0.133728
0.0814413
0.157935
0.157718
0.23617
0.23617
0.23617
0.190365
0.155099
0.23617
0.0419912
0.171887
0.124659
0.137848
0.228798
0.167617
0.112782
0.0729477
0.110675
0.0531791
0.150714
0.158283
0.1622
0.204938
0.193629
0.154754
0.127716
0.125129
0.0766908
0.1546
0.195157
0.231511
0.231511
0.231511
0.150077
0.169382
0.212327
0.0262465
0.198781
0.231511
0.231511
0.231511
0.198214
0.13072
0.116105
0.0774548
0.0490339
0.176693
0.166879
0.211842
0.231511
0.159268
0.110916
0.0978446
0.0896283
0.0429309
0.16112
0.111745
0.228987
0.198876
0.119614
0.135739
0.0984766
0.0908915
0.0509498
0.200832
0.222914
0.222914
0.222914
0.19945
0.135922
0.161147
0.0836257
0.0878599
0.116278
0.103328
0.143527
0.220279
0.222914
0.111964
0.222914
0.222914
0.0541213
0.218845
0.157659
0.222914
0.222914
0.12415
0.101866
0.0824724
0.0936136
0.0509365
0.0414701
0.170163
0.16563
0.206826
0.222914
0.215229
0.163555
0.10713
0.108557
0.116157
0.139874
0.205367
0.226243
0.217077
0.0961839
0.226243
0.192082
0.0700029
0.1195
0.226243
0.226243
0.226243
0.226243
0.0864751
0.095134
0.111248
0.062641
0.068051
0.166467
0.207121
0.216892
0.226243
0.152705
0.149964
0.130866
0.0975755
0.106734
0.117193
0.208751
0.226243
0.226243
0.161541
0.080566
0.104904
0.0428344
0.057341
0.055998
0.156082
0.230987
0.0409636
0.014523
0.0216184
0.0365706
0.325069
0.0688617
0.0273744
0.325069
0.325069
0.0594341
0.0659023
0.10487
0.325069
0.068156
0.0532573
0.032011
0.109451
0.171192
0.0531084
0.0364585
0.0240937
0.0370922
0.320831
0.0970744
0.0532808
0.302745
0.325069
0.0388942
0.125448
0.20568
0.187924
0.290845
0.152055
0.0582857
0.290845
0.290845
0.0802786
0.0595134
0.0830504
0.290845
0.112667
0.155632
0.0692052
0.190153
0.290845
0.110448
0.0407905
0.025675
0.0540257
0.239742
0.127783
0.0619263
0.290845
0.290845
0.0329205
0.109872
0.153313
0.151178
0.0498524
0.0467735
0.0621039
0.156191
0.290845
0.100808
0.0280847
0.0480896
0.0349849
0.0389344
0.0529457
0.0847358
0.117317
0.0948908
0.138976
0.125196
0.0577393
0.0654426
0.0325551
0.0968653
0.0807087
0.102241
0.109624
0.093227
0.0566015
0.0458102
0.0520386
0.00532022
0.0165601
0.0334734
0.338306
0.419534
0.419534
0.0731668
0.0380625
0.0197121
0.0212724
0.0645133
0.0449961
0.419534
0.419534
0.167121
0.0591426
0.0423823
0.00607253
0.0391657
0.0969549
0.0784599
0.0933839
0.128242
0.0987721
0.0718932
0.0573705
0.0652888
0.0314641
0.0725827
0.084365
0.109173
0.125247
0.119748
0.105631
0.0961778
0.071328
0.0214897
0.0670842
0.0527893
0.465308
0.465308
0.221394
0.0866813
0.0675792
0.00893551
0.0239151
0.0601736
0.0851237
0.306327
0.465308
0.141284
0.0475919
0.0654525
0.0648292
0.0338252
0.0937466
0.105736
0.153607
0.188275
0.123828
0.0949757
0.0819128
0.0524595
0.0307245
0.0963496
0.0795289
0.168908
0.218122
0.0991871
0.0718934
0.0837813
0.0500896
0.0226124
0.0641855
0.0865892
0.314133
0.47258
0.161221
0.0546977
0.0665983
0.0518806
0.0180112
0.0695724
0.0682842
0.381578
0.47258
0.116539
0.0362958
0.0510525
0.0481388
0.0384566
0.122891
0.111889
0.210139
0.248538
0.0939178
0.0567446
0.0696887
0.0478993
0.0338656
0.0422348
0.11538
0.0933946
0.161684
0.148535
0.117409
0.141237
0.0719435
0.0150913
0.0593514
0.055752
0.353357
0.487919
0.12761
0.0429999
0.0650866
0.0544326
0.039815
0.0794243
0.0561627
0.226293
0.487919
0.142548
0.0654444
0.0938162
0.0696979
0.0449721
0.0547412
0.11657
0.12384
0.159594
0.151783
0.0960875
0.138462
0.0853724
0.0534235
0.0769975
0.0770519
0.181438
0.235236
0.174254
0.101568
0.0751577
0.0671291
0.0448774
0.065771
0.0425939
0.184968
0.465073
0.18455
0.077937
0.100231
0.0716772
0.0465283
0.079729
0.0989382
0.318766
0.465073
0.242644
0.109456
0.0633008
0.0546742
0.078318
0.0576668
0.0331322
0.134715
0.192421
0.0557923
0.0403291
0.0329722
0.041642
0.292947
0.128675
0.0561009
0.292947
0.292947
0.041169
0.141595
0.226905
0.234992
0.0376383
0.0530828
0.0361384
0.160162
0.292947
0.0894604
0.0568784
0.0335583
0.0189117
0.292947
0.137195
0.0689978
0.292947
0.292947
0.0351383
0.108305
0.120627
0.287776
0.277557
0.156848
0.076356
0.277557
0.277557
0.0399077
0.136471
0.180278
0.195363
0.0723028
0.0723811
0.0577484
0.186324
0.277557
0.102031
0.0404517
0.0463016
0.0257393
0.277557
0.15286
0.0722978
0.277557
0.277557
0.0444084
0.130981
0.11369
0.244833
0.172036
0.0646479
0.0308341
0.11409
0.277557
0.133437
0.0477365
0.0375677
0.0958183
0.00136757
0.0036567
0.0105316
0.126751
0.387131
0.171442
0.0432165
0.0168106
0.00218241
0.010833
0.0261321
0.0173019
0.147361
0.387131
0.0998038
0.0283722
0.0190422
0.00109384
0.00584229
0.0220961
0.0172441
0.180619
0.387131
0.301063
0.0119366
0.00808477
0.00526515
0.0490958
0.123375
0.051327
0.319869
0.387131
0.261012
0.0331654
0.0240294
0.0461483
0.00975063
0.022274
0.0176135
0.152429
0.356704
0.111925
0.0393058
0.0281376
0.00234314
0.00939325
0.0216593
0.0305574
0.0923002
0.356704
0.0924319
0.021457
0.0281699
0.0278862
0.0544453
0.142195
0.0571803
0.356704
0.356704
0.291209
0.0309997
0.0260133
0.0507
0.0146243
0.00877981
0.0397112
0.356704
0.356704
0.213066
0.0610555
0.0768122
0.0680114
0.00784976
0.0197979
0.0281326
0.0941296
0.391158
0.0929535
0.0221996
0.0257621
0.0195129
0.00651368
0.0252602
0.0232775
0.101229
0.391158
0.0863489
0.0121721
0.0207133
0.0162382
0.0114957
0.0133722
0.042672
0.391158
0.391158
0.218787
0.0620696
0.077688
0.0708084
0.00152396
0.000298028
0.0050921
0.288247
0.391158
0.216215
0.00530193
0.0115057
0.00010016
0.00479324
0.0170029
0.0155499
0.0931027
0.381227
0.0884799
0.0139575
0.0240523
0.0159169
0.0108703
0.0528086
0.0630222
0.0730131
0.381227
0.0927343
0.0177286
0.0325322
0.0230923
0.000162488
0.00364225
0.00421441
0.286192
0.381227
0.224552
0.0123807
0.0138292
0.000260288
0.00169757
0.138043
0.16157
0.224848
0.381227
0.381227
0.0611665
0.0192467
0.000618811
0.0120314
0.0328805
0.03354
0.0586951
0.325767
0.108486
0.022403
0.0342708
0.0214566
0.0169734
0.0318417
0.0564036
0.151179
0.325767
0.0730109
0.0314623
0.0317319
0.0442576
0.0176279
0.0979506
0.106671
0.21817
0.325767
0.325767
0.0657149
0.0206806
0.0110443
0.116643
0.158661
0.180767
0.325767
0.325767
0.202462
0.223006
0.0701054
0.25707
0.0314373
0.0438915
0.0348337
0.164067
0.276071
0.0757917
0.0389372
0.0339383
0.0372696
0.276071
0.128748
0.0542263
0.250784
0.276071
0.0255342
0.0697169
0.0764778
0.232491
0.113084
0.110712
0.12867
0.276071
0.276071
0.153509
0.1883
0.0622169
0.227451
0.258691
0.164569
0.0668294
0.263609
0.276071
0.0343966
0.0113615
0.0124016
0.168475
0.28248
0.176371
0.0810661
0.28248
0.28248
0.0760554
0.117692
0.099088
0.2551
0.161
0.070703
0.0246635
0.110932
0.28248
0.147082
0.0416975
0.0269337
0.0807129
0.28248
0.200007
0.0983033
0.28248
0.28248
0.117619
0.0410018
0.0473977
0.162107
0.154931
0.0809068
0.0540432
0.104977
0.256528
0.0986111
0.0548897
0.0679868
0.115831
0.00374398
0.020306
0.0223969
0.1849
0.377676
0.343256
0.0230031
0.0144445
0.0135948
0.0288604
0.0847413
0.0562266
0.290807
0.377676
0.28877
0.0630155
0.0460356
0.0437795
0.0698053
0.105852
0.10236
0.0737526
0.265572
0.207665
0.101176
0.148244
0.104304
0.0834301
0.0912811
0.0853112
0.0788393
0.140839
0.107899
0.182685
0.212904
0.214505
0.0331909
0.105362
0.0782025
0.34479
0.34479
0.307272
0.0491275
0.0351604
0.0405428
0.0119789
0.0140453
0.0450573
0.34479
0.34479
0.247216
0.0557563
0.0572268
0.0449546
0.0886985
0.156049
0.159713
0.120886
0.173644
0.12355
0.144634
0.140864
0.141579
0.0997903
0.110977
0.0931745
0.129112
0.251212
0.157491
0.0908156
0.0819812
0.0741043
0.0101965
0.0215309
0.0562604
0.390969
0.390969
0.234386
0.0480676
0.0535769
0.0452844
0.00131585
0.000609405
0.00631718
0.280424
0.390969
0.267329
0.0102315
0.0101105
0
0.117695
0.157384
0.113161
0.150957
0.24875
0.163296
0.0762498
0.0484423
0.0443598
0.00819303
0.021247
0.0738681
0.136979
0.305378
0.169083
0.0676876
0.0307905
0.0133437
7.24113e-05
0.00176573
0.00458081
0.275318
0.377036
0.265714
0.0128725
0.0104043
0.000820638
0.000506879
0.164262
0.196787
0.215324
0.377036
0.377036
0.0471059
0.011212
0.00246191
0.00527428
0.01791
0.0615704
0.121363
0.269083
0.162165
0.0718383
0.0345955
0.0193242
0.0103162
0.0430319
0.0691151
0.184461
0.357008
0.134397
0.0354379
0.0231504
0.00579129
0.0174464
0.107373
0.110904
0.185519
0.307259
0.307259
0.0452074
0.0135242
0.00967741
0.114376
0.183378
0.182125
0.307259
0.307259
0.22537
0.12373
0.12361
0.268733
0.019443
0.0555147
0.0613755
0.133143
0.291322
0.12164
0.0479526
0.0423108
0.0216368
0.0650997
0.133067
0.0481291
0.107594
0.275247
0.132284
0.126904
0.188787
0.134167
0.107608
0.148528
0.118991
0.298181
0.310974
0.177097
0.101948
0.0999142
0.215942
0.260763
0.189838
0.0863514
0.249627
0.310974
0.0425395
0.00783974
0.00679039
0.146587
0.0577435
0.122154
0.0436513
0.0828829
0.21977
0.113129
0.110569
0.128176
0.106975
0.101854
0.160133
0.0918452
0.310974
0.310974
0.0370794
0.0415115
0.0379985
0.06056
0.311345
0.272722
0.132739
0.315877
0.315877
0.158791
0.0334663
0.0369064
0.154275
0.149224
0.0857113
0.0524446
0.110592
0.26705
0.109036
0.0520548
0.060865
0.120539
0.120526
0.173879
0.107383
0.315877
0.315877
0.09281
0.0633765
0.0300884
0.0748628
0.0474018
0.0411836
0.0330509
0.158751
0.315877
0.0716449
0.0191386
0.00993775
0.0258736
0.0554883
0.101046
0.0929717
0.133012
0.27834
0.229775
0.0857716
0.130704
0.0924714
0.0523521
0.0743899
0.0908745
0.119469
0.260568
0.140992
0.222227
0.20058
0.161328
0.104903
0.0633464
0.0523206
0.242222
0.27834
0.0844656
0.0611745
0.102735
0.120399
0.16174
0.0987697
0.0590733
0.27834
0.27834
0.0839943
0.129272
0.27834
0.27834
0.0594511
0.137606
0.172267
0.162086
0.288572
0.140277
0.175343
0.143043
0.108525
0.0735129
0.0841743
0.0888994
0.165068
0.288572
0.157769
0.0805651
0.0585462
0.0443095
0.258825
0.163433
0.0707335
0.288572
0.288572
0.0753314
0.134004
0.288572
0.288572
0.018725
0.0411759
0.0731357
0.1943
0.288572
0.0406398
0.0388193
0.0152435
0.0267607
0.134825
0.184799
0.176559
0.285967
0.321982
0.227869
0.0892573
0.0432501
0.0321012
0.00821827
0.0241247
0.0953049
0.275157
0.321982
0.250474
0.0848237
0.0310468
0.0146211
0.0316677
0.0713618
0.10385
0.280142
0.321982
0.0696981
0.0572725
0.015018
0.0164769
0.0297022
0.0503177
0.0602468
0.279076
0.321982
0.0879086
0.0292517
0.0526871
0.0201167
0.00559783
0.0198748
0.0849256
0.242342
0.341675
0.262125
0.0905718
0.035928
0.0239614
0.0108381
0.0659998
0.094496
0.308639
0.341675
0.257091
0.0347597
0.0245305
0.0113869
0.0238771
0.0553158
0.0497117
0.247627
0.341675
0.102234
0.0328662
0.0549606
0.0198128
0.0123979
0.0538232
0.0327073
0.317262
0.341675
0.1524
0.0213161
0.0175771
0.00771371
0.0296578
0.0922985
0.0829976
0.196326
0.304929
0.222405
0.0446067
0.0452304
0.0237097
0.104425
0.256961
0.0849463
0.176904
0.304929
0.239853
0.135623
0.283999
0.225236
0.0113434
0.0521709
0.0335174
0.243834
0.304929
0.133579
0.0169026
0.0154584
0.00703493
0.0234101
0.0465007
0.123548
0.304929
0.304929
0.0424026
0.0188591
0.0363046
0.0123886
0.0657982
0.179427
0.0548709
0.0872552
0.306851
0.140706
0.0834841
0.144199
0.110155
0.191183
0.257311
0.116891
0.306851
0.306851
0.0443401
0.0389408
0.0342931
0.0560315
0.0149556
0.0306552
0.0616871
0.171129
0.306851
0.0366847
0.020205
0.0197621
0.010546
0.281632
0.306851
0.103476
0.244967
0.306851
0.0600253
0.061213
0.0798602
0.0609822
0.17706
0.264454
0.128254
0.30877
0.30877
0.0863988
0.0523702
0.0291982
0.0572335
0.0655105
0.0484937
0.033949
0.139675
0.303396
0.0572316
0.0128161
0.00694627
0.0458907
0.288314
0.30877
0.101888
0.30877
0.30877
0.0870215
0.0742005
0.0729531
0.0454315
0.105748
0.0645441
0.0293479
0.15787
0.296446
0.0253426
0.0171689
0.0248838
0.147465
0.0614328
0.0714821
0.0580334
0.220689
0.283403
0.0696222
0.0412625
0.0783476
0.0846124
0.111671
0.0972084
0.0611649
0.241932
0.283403
0.0816247
0.102474
0.232602
0.283403
0.144958
0.16169
0.0952168
0.166249
0.283403
0.0126732
0.03859
0.163033
0.225081
0.283403
0.109816
0.0726579
0.159227
0.243506
0.00363033
0.00643148
0.130545
0.283403
0.173468
0.155216
0.086514
0.302835
0.302835
0.0769797
0.110403
0.296044
0.302835
0.0130725
0.0250619
0.0434514
0.181444
0.302835
0.0317362
0.0245971
0.0102018
0.0157477
0.302835
0.139782
0.0760038
0.206917
0.302835
0.00796257
0.0067645
0.142001
0.302835
0.0506678
0.0280768
0.0429315
0.0545372
0.226485
0.0307315
0.0210697
0.015174
0.0595496
0.0218959
0.0497186
0.103766
0.411987
0.411987
0.0748796
0.0546432
0.0246194
0.0140763
0.033573
0.0497752
0.0635857
0.411987
0.411987
0.0895123
0.0301194
0.0452395
0.022264
0.0528147
0.0738226
0.0804988
0.15271
0.411987
0.0876973
0.056207
0.0298077
0.0244238
0.0398304
0.0754956
0.0628298
0.0913611
0.168441
0.0579776
0.0746448
0.0336496
0.0267388
0.0294586
0.0588825
0.0637562
0.424933
0.435662
0.130256
0.0366156
0.0552388
0.0248429
0.02586
0.0730659
0.0475829
0.417072
0.435662
0.258435
0.0356203
0.0271678
0.0152287
0.032489
0.108064
0.0623723
0.100157
0.188306
0.0613699
0.0782151
0.0476583
0.0277194
0.0731048
0.0911119
0.0792418
0.17054
0.149109
0.0630724
0.0642226
0.0558483
0.0265158
0.0262818
0.0845342
0.0568728
0.341066
0.423585
0.274501
0.0262595
0.0220757
0.00989221
0.0304511
0.07986
0.208074
0.423585
0.423585
0.0953951
0.0274159
0.00847924
0.00489801
0.0609025
0.10341
0.0829612
0.161494
0.151231
0.0530034
0.0670446
0.0583264
0.0224209
0.0550243
0.131184
0.154489
0.18234
0.181724
0.0260971
0.0247016
0.0428796
0.0469778
0.0170802
0.0403275
0.0784787
0.207314
0.339423
0.0530566
0.0191039
0.00614492
0.00299554
0.339423
0.339423
0.109939
0.339423
0.339423
0.0632543
0.0514023
0.0734064
0.107512
0.0333414
0.065592
0.0569164
0.0731026
0.0858438
0.02597
0.0128695
0.0186862
0.0142658
0.219008
0.207536
0.0974323
0.277156
0.339423
0.0888368
0.0273126
0.0316206
0.0951374
0.258463
0.315396
0.0741281
0.296247
0.31983
0.0595814
0.0429491
0.0438842
0.0446542
0.110056
0.0571264
0.0266121
0.130997
0.255409
0.0183702
0.00986156
0.0189203
0.143992
0.154852
0.154068
0.0735068
0.31086
0.31983
0.0697628
0.017186
0.0235877
0.0425083
0.08007
0.0800713
0.117465
0.31983
0.31983
0.0194381
0.0106969
0.0312012
0.128904
0.10006
0.181449
0.103682
0.157242
0.229585
0.0611938
0.0497153
0.123399
0.14657
0.229585
0.11006
0.0522864
0.120379
0.199209
0.0584532
0.0798354
0.144954
0.229585
0.0356262
0.145661
0.229585
0.229585
0.229585
0.229585
0.162895
0.162724
0.108006
0.0679035
0.145524
0.123976
0.229585
0.216757
0.229585
0.224223
0.229585
0.161744
0.233727
0.123621
0.091505
0.158945
0.233727
0.056946
0.0805622
0.155271
0.233727
0.0595368
0.059996
0.0568983
0.035536
0.100834
0.0222872
0.0743518
0.0889785
0.0644535
0.081091
0.190973
0.177133
0.194952
0.219297
0.209507
0.19261
0.233727
0.174073
0.190868
0.2159
0.170947
0.104658
0.233727
0.212768
0.233727
0.233727
0.233727
0.0727261
0.12031
0.0982781
0.0627249
0.186452
0.0250958
0.0996916
0.12712
0.048522
0.0152487
0.0297671
0.0268347
0.0333948
0.0489639
0.0224198
0.0327414
0.0137231
0.0118264
0.216146
0.260132
0.260132
0.147194
0.260132
0.260132
0.260132
0.260132
0.260132
0.0501985
0.170192
0.249721
0.152358
0.260132
0.260132
0.174449
0.260132
0.054576
0.0166969
0.0431185
0.033429
0.0480919
0.0786768
0.0280512
0.0437571
0.0217147
0.0161453
0.034865
0.0411424
0.0375913
0.0614642
0.0572363
0.0357706
0.0338298
0.0235641
0.0132366
0.0294508
0.291612
0.290347
0.236762
0.311847
0.311847
0.262235
0.298782
0.0493804
0.0053118
0.0906935
0.311847
0.311847
0.311847
0.283632
0.0684919
0.062334
0.00433662
0.0322739
0.0475094
0.0418488
0.0572214
0.0609269
0.0313736
0.0321867
0.0237344
0.0118408
0.0268424
0.0638861
0.0851599
0.0873994
0.136893
0.0416436
0.01709
0.0163539
0.0149373
0.0346446
0.172071
0.300637
0.300637
0.300637
0.233679
0.162854
0.0387036
0.00334157
0.214984
0.300637
0.295458
0.276574
0.300637
0.300637
0.179097
0.017461
0.21485
0.0261932
0.0531714
0.0543159
0.0596931
0.0979008
0.0312602
0.0108406
0.0107508
0.00804541
0.170338
0.126902
0.0585141
0.245693
0.358825
0.0605158
0.0161271
0.017578
0.0936547
0.183801
0.358825
0.247532
0.241412
0.358825
0.170696
0.143908
0.00911598
0.0853288
0.103167
0.0560905
0.0266044
0.17897
0.358825
0.203896
0.0605959
0.0430466
0.194963
0.128621
0.105618
0.0516824
0.274465
0.355313
0.0485183
0.0122218
0.0145748
0.0439419
0.0882012
0.0650181
0.073995
0.355313
0.355313
0.0124895
0.00724124
0.0237561
0.117021
0.127189
0.0385353
0.0429818
0.233897
0.355313
0.130455
0.040014
0.0350778
0.127541
0.110628
0.0769961
0.0514163
0.288097
0.355313
0.0356561
0.00200284
0.00721619
0.104857
0.0492695
0.235488
0.240271
0.240271
0.240271
0.240271
0.16406
0.161709
0.0809507
0.0946867
0.194095
0.119485
0.230506
0.240271
0.240271
0.240271
0.240271
0.142737
0.0744521
0.128736
0.124503
0.131279
0.159775
0.116653
0.129438
0.0827696
0.0425441
0.0694517
0.15088
0.058681
0.131334
0.157581
0.16743
0.120209
0.210444
0.0833835
0.0887505
0.216619
0.190436
0.203755
0.229333
0.229333
0.229333
0.229333
0.141211
0.196742
0.229333
0.195063
0.110088
0.229333
0.206485
0.229333
0.229333
0.229333
0.051368
0.131779
0.0618521
0.113726
0.138007
0.149527
0.122833
0.185585
0.0849062
0.067112
0.149938
0.118438
0.114729
0.148893
0.111904
0.0976955
0.0654628
0.0708284
0.198604
0.231663
0.231663
0.133315
0.217713
0.20663
0.231663
0.231663
0.231663
0.0401568
0.101465
0.137122
0.160684
0.231663
0.231663
0.116172
0.158293
0.0485087
0.073209
0.148899
0.128525
0.117826
0.16798
0.150345
0.121794
0.0573056
0.0807167
0.0765538
0.0927541
0.165291
0.187626
0.222729
0.130802
0.0989142
0.231663
0.197571
0.0373553
0.157771
0.160871
0.205617
0.24187
0.24187
0.168232
0.170037
0.053894
0.00279388
0.0432659
0.169178
0.24187
0.24187
0.218465
0.0727197
0.0456565
0.00648084
0.102002
0.142284
0.210321
0.222448
0.24187
0.21741
0.150363
0.24187
0.202348
0.0218811
0.0347623
0.0827915
0.134265
0.24187
0.174424
0.150047
0.151226
0.112795
0.0197704
0.0890339
0.17877
0.22405
0.25547
0.190636
0.115474
0.0329996
0.00692269
0.118994
0.25547
0.252572
0.251315
0.25547
0.25547
0.100662
0.00671845
0.124444
0.0167345
0.0512263
0.0799488
0.107535
0.191765
0.157992
0.183231
0.129866
0.0882634
0.164182
0.25547
0.25547
0.25547
0.222763
0.0512022
0.071431
0.0194496
0.0978651
0.114051
0.295218
0.21779
0.240078
0.295218
0.143133
0.0876476
0.00483321
0.0571432
0.0874604
0.0460714
0.026969
0.139612
0.295218
0.160757
0.0583348
0.035219
0.144884
0.115697
0.277984
0.175526
0.23963
0.246949
0.0373872
0.0620343
0.027409
0.0610859
0.174011
0.132123
0.0651372
0.18785
0.238839
0.03186
0.0933538
0.129363
0.295218
0.114295
0.0424237
0.0471331
0.236197
0.33771
0.134345
0.0460839
0.0361864
0.121815
0.112842
0.0850188
0.0450793
0.31722
0.33771
0.0320389
0.00633701
0.00721149
0.0998785
0.211591
0.0991148
0.0585008
0.287525
0.33771
0.0149995
0.0543021
0.14166
0.33771
0.192525
0.037454
0.0372267
0.092067
0.158474
0.00988898
0.0249729
0.0106836
0.250379
0.0849277
0.167622
0.156517
0.215125
0.215125
0.154516
0.148727
0.116863
0.0379247
0.145485
0.215125
0.109596
0.166092
0.215125
0.215125
0.157761
0.215125
0.161965
0.0492651
0.149309
0.153268
0.155289
0.215125
0.215125
0.179745
0.179082
0.0917337
0.0793573
0.133715
0.215125
0.215125
0.182097
0.18042
0.154407
0.178277
0.117464
0.105995
0.203914
0.127818
0.169518
0.211641
0.211641
0.194577
0.211641
0.148621
0.0998881
0.203318
0.160723
0.181841
0.211641
0.163912
0.155785
0.0750301
0.0736204
0.0829324
0.151842
0.211641
0.193204
0.211641
0.184931
0.162998
0.144248
0.0826248
0.0918433
0.188599
0.185685
0.211641
0.179104
0.103445
0.211641
0.162089
0.0907126
0.0944383
0.160169
0.135988
0.152198
0.214762
0.179252
0.17432
0.0704313
0.0717481
0.112615
0.11596
0.171361
0.2221
0.2221
0.0962269
0.152747
0.2221
0.205618
0.0805428
0.142018
0.144309
0.185337
0.2221
0.130544
0.206818
0.135821
0.0692076
0.2221
0.2221
0.193607
0.2221
0.2221
0.144854
0.184545
0.12936
0.0767259
0.122628
0.119882
0.168531
0.220879
0.220879
0.151716
0.175169
0.220879
0.169364
0.017869
0.0220669
0.0235096
0.0895902
0.220879
0.211577
0.181071
0.163255
0.100739
0.220879
0.220879
0.169494
0.207663
0.220879
0.166805
0.220879
0.220879
0.126209
0.0629631
0.0365771
0.0195694
0.0605292
0.126077
0.108735
0.220879
0.220879
0.216167
0.0131576
0.0375344
0.0259358
0.0655376
0.199788
0.235199
0.225883
0.162457
0.09277
0.16285
0.266882
0.266882
0.266882
0.233116
0.0494444
0.0405336
0.0168586
0.105351
0.0424573
0.0174727
0.0197636
0.0524584
0.0871456
0.0995384
0.266882
0.266882
0.266882
0.266882
0.266882
0.108772
0.193165
0.266882
0.0443699
0.0279243
0.0127656
0.00418677
0.134677
0.247341
0.246133
0.247341
0.247341
0.0501962
0.0456115
0.0290032
0.0784672
0.222043
0.146838
0.111898
0.243154
0.247341
0.0750482
0.130282
0.132573
0.247341
0.20657
0.247341
0.121294
0.213156
0.247341
0.0475654
0.0294621
0.0241237
0.0106871
0.090855
0.176381
0.0973057
0.195135
0.247341
0.179369
0.0334731
0.0528619
0.0890328
0.27841
0.112053
0.123671
0.283508
0.283508
0.0564365
0.0872342
0.17297
0.283508
0.227311
0.0562804
0.0742799
0.133103
0.212414
0.024041
0.0562397
0.0248673
0.283508
0.0395675
0.157436
0.153512
0.283508
0.283508
0.209693
0.0468451
0.0722148
0.101312
0.039969
0.0202763
0.049583
0.154234
0.283508
0.130338
0.0338414
0.0242452
0.0721014
0.0428944
0.159195
0.186356
0.198627
0.216895
0.216895
0.195627
0.208039
0.100239
0.0936213
0.144506
0.216895
0.208094
0.210242
0.216895
0.177223
0.181048
0.193334
0.0578908
0.102249
0.203984
0.216895
0.216895
0.141664
0.149989
0.106268
0.0854893
0.0997679
0.119715
0.122799
0.188607
0.146709
0.0928066
0.211366
0.136599
0.145152
0.0948626
0.170555
0.214883
0.196372
0.214883
0.214883
0.175691
0.12835
0.128651
0.133764
0.214883
0.145147
0.214883
0.183994
0.134368
0.214883
0.137532
0.0858226
0.0958621
0.141399
0.172359
0.208113
0.18182
0.0966501
0.162701
0.143084
0.128774
0.118929
0.203989
0.146128
0.186127
0.201892
0.137588
0.214883
0.181167
0.0818054
0.0953398
0.157581
0.0970399
0.143942
0.193513
0.132845
0.183988
0.100735
0.0465732
0.2344
0.2344
0.166574
0.197845
0.204059
0.151492
0.173955
0.159575
0.0792665
0.113516
0.20663
0.165179
0.111984
0.222489
0.141334
0.15403
0.130093
0.0678705
0.127239
0.2344
0.206371
0.0892589
0.166802
0.2344
0.2344
0.2344
0.082616
0.214932
0.242947
0.15893
0.171019
0.20871
0.199682
0.229327
0.242947
0.135076
0.0569516
0.0418106
0.0257713
0.0522199
0.0913034
0.108666
0.226221
0.242947
0.199705
0.149313
0.242947
0.242947
0.0742408
0.214425
0.242947
0.242947
0.234258
0.105715
0.0151577
0.011969
0.0188639
0.0310084
0.059796
0.0834775
0.1834
0.149296
0.0654507
0.0495814
0.0270921
0.0295901
0.06061
0.10281
0.168107
0.292046
0.292046
0.292046
0.292046
0.292046
0.211966
0.196482
0.292046
0.055614
0.0337625
0.018016
0.00613919
0.0103742
0.018384
0.0294312
0.0440374
0.0528165
0.0909132
0.275067
0.225189
0.115031
0.0840063
0.292046
0.292046
0.0888985
0.0947317
0.0492138
0.0441358
0.0265643
0.00737952
0.22984
0.263754
0.168115
0.216761
0.263754
0.0618129
0.035236
0.0298351
0.0164784
0.0934393
0.220761
0.14244
0.263754
0.263754
0.245912
0.0510767
0.0522051
0.048298
0.0581093
0.263754
0.263754
0.109324
0.0972574
0.0493641
0.0299177
0.0195328
0.01528
0.05855
0.263754
0.263754
0.203456
0.263754
0.0848595
0.0711901
0.0672866
0.0579245
0.0277667
0.147658
0.150972
0.303032
0.303032
0.212759
0.0520092
0.0615907
0.0571689
0.0311721
0.0286914
0.064766
0.172014
0.303032
0.121925
0.0496018
0.0364332
0.0552089
0.0705731
0.303032
0.303032
0.204006
0.303032
0.0940705
0.0558969
0.0605716
0.0737912
0.136331
0.0678127
0.0836064
0.278178
0.303032
0.0702178
0.035962
0.0453896
0.126465
0.0848116
0.108889
0.167304
0.222431
0.222431
0.131927
0.172633
0.104742
0.0799655
0.0901498
0.12483
0.118555
0.196491
0.221648
0.119692
0.177558
0.141248
0.135227
0.139438
0.152778
0.222431
0.180161
0.193076
0.114398
0.113399
0.18396
0.219795
0.0982366
0.222431
0.198427
0.222431
0.222431
0.0628847
0.222431
0.222431
0.0969374
0.0926856
0.145314
0.144331
0.218983
0.21995
0.130772
0.144816
0.164805
0.160571
0.127404
0.214208
0.122796
0.190376
0.21995
0.206323
0.21995
0.158778
0.0904544
0.0944757
0.21995
0.163721
0.21995
0.21995
0.08396
0.21995
0.21995
0.135623
0.0579903
0.104064
0.0556604
0.0857122
0.0938996
0.21995
0.21995
0.177468
0.105778
0.155859
0.251898
0.185356
0.151199
0.251898
0.213971
0.215059
0.166346
0.123522
0.172872
0.251898
0.251898
0.106288
0.156379
0.251898
0.251898
0.251898
0.141603
0.0627658
0.068552
0.0473364
0.0696752
0.103203
0.214229
0.251898
0.213701
0.149024
0.0184233
0.0244363
0.031503
0.0297997
0.084281
0.162073
0.114459
0.0244591
0.0132473
0.243197
0.304705
0.304705
0.121076
0.267491
0.304705
0.304705
0.304705
0.241339
0.0333871
0.0326307
0.0449931
0.0425198
0.0754152
0.142472
0.304705
0.267942
0.12342
0.0330571
0.0465962
0.0642289
0.0463782
0.155704
0.219203
0.150035
0.0241393
0.0148619
0.0256355
0.0209458
0.0424011
0.0461746
0.0608061
0.0290112
0.0570312
0.04018
0.0269248
0.0252138
0.0589095
0.0892438
0.092496
0.106143
0.241985
0.373004
0.373004
0.321482
0.110875
0.373004
0.373004
0.159669
0.208539
0.102627
0.11956
0.071388
0.0286117
0.0594585
0.0760566
0.0948775
0.104121
0.11808
0.0457327
0.0981551
0.0652166
0.0528464
0.0540651
0.115498
0.150682
0.136669
0.104812
0.0480029
0.0590496
0.0313946
0.0192372
0.0671535
0.318212
0.318212
0.140667
0.133031
0.0645898
0.0494478
0.0316968
0.0303336
0.117094
0.318212
0.318212
0.318212
0.318212
0.105352
0.107646
0.0861484
0.0806933
0.036668
0.0924152
0.0890017
0.0855163
0.0722456
0.0305985
0.026054
0.0116929
0.0109897
0.0925559
0.200897
0.318212
0.318212
0.0790458
0.02406
0.0288744
0.0147306
0.00685197
0.076456
0.281721
0.281721
0.247145
0.281721
0.0734155
0.0499129
0.0495971
0.0618755
0.1511
0.0656148
0.0834253
0.276224
0.281721
0.060249
0.0354541
0.0468149
0.109119
0.0430422
0.13206
0.281721
0.241292
0.0723195
0.0189217
0.0159252
0.00877462
0.0127036
0.104736
0.281721
0.281721
0.273114
0.246204
0.0138169
0.0190725
0.0199496
0.056854
0.164214
0.149038
0.2032
0.164804
0.184354
0.113457
0.140932
0.177488
0.175947
0.0944372
0.221038
0.183847
0.221038
0.221038
0.0650322
0.221038
0.221038
0.0981973
0.129203
0.181833
0.177727
0.17534
0.198409
0.169236
0.221038
0.221038
0.166794
0.0601252
0.116596
0.0464677
0.0860799
0.079818
0.0606178
0.221038
0.221038
0.110196
0.127452
0.251717
0.211212
0.251717
0.251717
0.135455
0.251717
0.251717
0.217722
0.0625468
0.131315
0.0781914
0.128812
0.156208
0.251717
0.251717
0.233606
0.147956
0.0675527
0.16555
0.0468069
0.142544
0.179715
0.112434
0.251717
0.251717
0.146105
0.0468841
0.0858488
0.046753
0.0759717
0.0484449
0.0265148
0.0747538
0.0936645
0.0521052
0.135983
0.192495
0.11747
0.233804
0.319604
0.319604
0.319604
0.319604
0.319604
0.0374368
0.045738
0.0618005
0.109634
0.217273
0.319604
0.13753
0.0623396
0.0398705
0.0817418
0.153906
0.10038
0.142059
0.115827
0.0739308
0.103299
0.143714
0.115977
0.0510794
0.0681672
0.07652
0.036776
0.116377
0.0815791
0.0486247
0.0878805
0.05612
0.076142
0.129912
0.162485
0.255127
0.255127
0.255127
0.238876
0.100642
0.0645967
0.102387
0.0999374
0.170467
0.205444
0.255127
0.143715
0.247973
0.21422
0.126901
0.0980124
0.109996
0.170904
0.0693387
0.255127
0.14227
0.124924
0.128697
0.105345
0.0488169
0.0935712
0.166967
0.216595
0.255127
0.118584
0.127724
0.12361
0.0482976
0.128703
0.172674
0.194015
0.230764
0.230764
0.126362
0.230662
0.180342
0.120813
0.131033
0.230764
0.230764
0.230764
0.230764
0.0801752
0.108015
0.0789569
0.0681717
0.0679129
0.122631
0.193231
0.213834
0.230764
0.12837
0.18061
0.112311
0.042392
0.0662856
0.119013
0.230764
0.230764
0.230764
0.0339322
0.109439
0.14806
0.0344511
0.0913598
0.19173
0.21272
0.235056
0.178402
0.0463594
0.0473336
0.0339991
0.0374925
0.308387
0.415649
0.415649
0.415649
0.16041
0.0509013
0.0787339
0.0208338
0.00682284
0.0475549
0.0786247
0.113029
0.133353
0.131144
0.0244205
0.0698944
0.0937518
0.0254738
0.0855955
0.0833187
0.113253
0.102567
0.128765
0.0710624
0.0830197
0.149322
0.0875272
0.0713081
0.14146
0.287985
0.287985
0.0905385
0.0268066
0.0249308
0.013419
0.0170408
0.192961
0.287985
0.287985
0.287985
0.287985
0.0221247
0.0268047
0.0354527
0.106501
0.0252074
0.0393668
0.0438869
0.0311189
0.0433191
0.023018
0.027969
0.0445151
0.0237621
0.287985
0.287985
0.287985
0.0851431
0.287985
0.0086301
0.0512014
0.133579
0.214239
0.163084
0.225186
0.200021
0.225186
0.191171
0.193605
0.225186
0.225186
0.225186
0.0796313
0.143746
0.0460868
0.105738
0.0811815
0.079167
0.225186
0.225186
0.156992
0.124099
0.225186
0.225186
0.225186
0.0941174
0.0862097
0.170284
0.225186
0.225186
0.0470837
0.036863
0.0621388
0.0589987
0.039963
0.0614499
0.149934
0.225186
0.151255
0.125168
0.264787
0.070401
0.225459
0.233275
0.173323
0.264787
0.264787
0.264787
0.0699822
0.109797
0.0970399
0.106676
0.0913408
0.0474384
0.100342
0.15629
0.0753808
0.0944625
0.115976
0.071748
0.0475559
0.0520978
0.12497
0.264787
0.264787
0.264787
0.0931111
0.264787
0.155672
0.0863096
0.172912
0.116996
0.20609
0.139054
0.0284373
0.102862
0.189758
0.171578
0.178999
0.182408
0.111334
0.11757
0.232626
0.15338
0.0716765
0.0877707
0.117313
0.05849
0.152376
0.0898664
0.102407
0.120039
0.0816426
0.202855
0.244555
0.244555
0.155409
0.236648
0.192985
0.244555
0.244555
0.0995929
0.0495121
0.126705
0.244555
0.205591
0.166076
0.168353
0.15196
0.175149
0.154762
0.113317
0.124746
0.180453
0.0927754
0.233037
0.133744
0.179784
0.16405
0.130781
0.0712135
0.141851
0.155918
0.233037
0.233037
0.118623
0.135375
0.147154
0.0990597
0.0986106
0.104168
0.233037
0.233037
0.19105
0.233037
0.233037
0.233037
0.233037
0.145264
0.201953
0.171778
0.0885743
0.158747
0.0620656
0.0586412
0.123796
0.173047
0.103359
0.17888
0.200054
0.223998
0.223998
0.157852
0.190351
0.149892
0.0897908
0.107553
0.156916
0.223998
0.223998
0.223998
0.0501105
0.107198
0.162995
0.0680552
0.171953
0.219561
0.189566
0.113973
0.189556
0.0797606
0.107775
0.167149
0.170881
0.151466
0.189958
0.217086
0.223998
0.223998
0.0732257
0.12424
0.13802
0.096184
0.104691
0.146746
0.218059
0.218059
0.216334
0.0592595
0.104383
0.162083
0.061479
0.180582
0.159776
0.198401
0.180024
0.218059
0.179768
0.13901
0.218059
0.205293
0.122409
0.13123
0.180876
0.218059
0.21742
0.0910923
0.147863
0.131508
0.067276
0.0859806
0.0954146
0.166732
0.132799
0.20522
0.0627129
0.218059
0.218059
0.218059
0.0515638
0.0676485
0.0716685
0.051845
0.0700208
0.0558942
0.0436159
0.081683
0.0519902
0.33086
0.33086
0.33086
0.121929
0.33086
0.0132955
0.119905
0.240415
0.33086
0.0311338
0.0449507
0.0448499
0.0465999
0.078233
0.0243496
0.0744509
0.0978064
0.0791595
0.296025
0.232682
0.0474594
0.0908504
0.180786
0.00683835
0.0542351
0.0800242
0.318529
