0.0717435
0.187655
0.215789
0.215789
0.198852
0.121616
0.128373
0.166791
0.153711
0.107836
0.170758
0.215789
0.215789
0.192081
0.172094
0.0683958
0.215789
0.109423
0.109266
0.141029
0.157553
0.211851
0.215789
0.11598
0.151047
0.215789
0.16203
0.0755903
0.0872561
0.165282
0.215789
0.172001
0.0971956
0.200898
0.169251
0.167856
0.122406
0.200501
0.215641
0.215641
0.215641
0.149697
0.106959
0.215641
0.0792238
0.13194
0.215641
0.215641
0.187079
0.215641
0.1904
0.155427
0.108505
0.0660743
0.115631
0.141283
0.186573
0.215641
0.212722
0.103064
0.167967
0.115644
0.089933
0.116113
0.215641
0.145105
0.165651
0.215641
0.140378
0.14088
0.166798
0.0876475
0.102451
0.211322
0.169971
0.163065
0.211322
0.176212
0.192701
0.11223
0.0876969
0.0735344
0.128506
0.211322
0.211322
0.211322
0.104091
0.196877
0.129114
0.133105
0.123964
0.211322
0.135879
0.182481
0.211322
0.129524
0.122733
0.135952
0.0837595
0.209828
0.160302
0.157837
0.211322
0.185636
0.0892149
0.211322
0.211322
0.177633
0.0629294
0.112066
0.20774
0.177549
0.184461
0.114423
0.200382
0.152384
0.180305
0.035618
0.105986
0.149601
0.20774
0.20774
0.20774
0.176603
0.178615
0.143211
0.138149
0.17457
0.155374
0.193968
0.182158
0.101431
0.20774
0.20774
0.134952
0.122896
0.125862
0.127803
0.153985
0.199369
0.20774
0.20774
0.140522
0.204287
0.0428444
0.113742
0.152678
0.215592
0.215592
0.215592
0.200179
0.215592
0.215592
0.0829749
0.126474
0.0962025
0.209239
0.215592
0.138109
0.215592
0.215592
0.163258
0.0908045
0.173385
0.159823
0.163787
0.215592
0.215592
0.215592
0.157843
0.193661
0.0813781
0.0797458
0.132943
0.10848
0.155448
0.0590606
0.164481
0.107942
0.164457
0.111092
0.161239
0.12924
0.225473
0.225473
0.180091
0.225473
0.225473
0.225473
0.0792764
0.14398
0.201466
0.175702
0.225473
0.152341
0.12959
0.137306
0.106379
0.0773701
0.099101
0.150205
0.136083
0.204068
0.0940777
0.225473
0.15498
0.225473
0.0903535
0.191464
0.174159
0.206443
0.225473
0.126828
0.127109
0.0668158
0.0213601
0.102856
0.172077
0.213003
0.198612
0.213003
0.188989
0.184752
0.184976
0.146477
0.120836
0.117859
0.178971
0.152672
0.213003
0.155545
0.140663
0.142125
0.14317
0.105288
0.213003
0.213003
0.213003
0.213003
0.157471
0.125733
0.115702
0.0734503
0.190066
0.213003
0.149101
0.16446
0.213003
0.105743
0.0842231
0.121275
0.170709
0.09782
0.166546
0.126205
0.210879
0.212494
0.172441
0.158027
0.188622
0.183956
0.0880206
0.0841144
0.185503
0.212494
0.16052
0.120137
0.183037
0.147078
0.195397
0.165507
0.0986451
0.13221
0.174548
0.212494
0.202199
0.155184
0.212494
0.146081
0.101651
0.125689
0.206162
0.153315
0.212494
0.180649
0.136754
0.130752
0.194181
0.12867
0.143092
0.20542
0.217472
0.199651
0.107593
0.154379
0.0978996
0.125688
0.160293
0.217472
0.152408
0.141653
0.203033
0.0933481
0.133508
0.187829
0.168183
0.125989
0.171298
0.190755
0.170117
0.217472
0.154783
0.125053
0.109552
0.17553
0.0969913
0.151986
0.0817562
0.117623
0.217472
0.217472
0.206811
0.217472
0.217472
0.186455
0.214435
0.155857
0.155239
0.198289
0.0930829
0.148251
0.141569
0.143051
0.187844
0.15289
0.186515
0.214435
0.177406
0.0991371
0.214435
0.214435
0.214435
0.138486
0.214435
0.101274
0.148968
0.214435
0.194994
0.168505
0.195793
0.172377
0.165345
0.157307
0.106292
0.0856147
0.212175
0.0625996
0.0892637
0.114619
0.151341
0.15249
0.18128
0.211787
0.220127
0.195506
0.119868
0.220127
0.202611
0.152209
0.106614
0.153943
0.188472
0.204132
0.220127
0.220127
0.220127
0.18647
0.215992
0.143787
0.156622
0.126542
0.1041
0.191349
0.0542437
0.102188
0.106074
0.131777
0.12077
0.0594401
0.0737898
0.0696587
0.147416
0.107047
0.192546
0.220127
0.220127
0.08774
0.216652
0.22078
0.217968
0.22078
0.22078
0.22078
0.209312
0.214285
0.0929063
0.11277
0.170718
0.141735
0.152745
0.0874605
0.199633
0.0899835
0.21511
0.0916288
0.0645702
0.0836665
0.108455
0.181507
0.133117
0.22078
0.22078
0.22078
0.112177
0.214539
0.22078
0.164938
0.195418
0.0348727
0.0497746
0.0593145
0.0958191
0.0951694
0.149793
0.181202
0.190233
0.209935
0.14177
0.220269
0.134771
0.220269
0.105019
0.212892
0.220269
0.220269
0.220269
0.207834
0.143132
0.0841268
0.031183
0.0976033
0.220269
0.220269
0.220269
0.220269
0.0604666
0.0722968
0.0526321
0.0731405
0.0786194
0.18465
0.0971689
0.1274
0.187873
0.220165
0.161307
0.220269
0.040134
0.109262
0.217323
0.217323
0.217323
0.217323
0.193301
0.149624
0.144123
0.0791679
0.163422
0.217323
0.153832
0.189115
0.217323
0.121344
0.0715709
0.165384
0.195057
0.0628603
0.176442
0.112579
0.177596
0.217323
0.177876
0.140575
0.217323
0.0700578
0.056994
0.201338
0.168058
0.217323
0.215949
0.122065
0.0931584
0.11974
0.112429
0.158855
0.110234
0.13399
0.168209
0.219964
0.219964
0.184173
0.193957
0.127315
0.105707
0.119166
0.219964
0.16856
0.219964
0.185089
0.148578
0.158775
0.170156
0.129963
0.219964
0.203292
0.152508
0.219964
0.125941
0.114857
0.105664
0.0865335
0.0559579
0.112949
0.144098
0.15235
0.219964
0.130961
0.219964
0.178224
0.198247
0.138492
0.158131
0.199506
0.162466
0.223949
0.151528
0.145003
0.131856
0.162243
0.127594
0.15608
0.0822662
0.0954049
0.223949
0.219212
0.208017
0.223949
0.223949
0.0732804
0.095561
0.105196
0.142132
0.223949
0.121944
0.223949
0.18646
0.158461
0.113171
0.119063
0.0529159
0.05941
0.151528
0.21359
0.223949
0.194194
0.207096
0.217833
0.217833
0.126122
0.128638
0.217833
0.209232
0.196715
0.217833
0.217833
0.181958
0.195853
0.141562
0.0945843
0.211388
0.0697696
0.139567
0.133375
0.197544
0.122462
0.153803
0.0715769
0.0827387
0.20107
0.217833
0.217833
0.217833
0.182576
0.0704347
0.167254
0.13363
0.0925737
0.217595
0.0762844
0.176228
0.0924883
0.0513961
0.191742
0.192537
0.178811
0.122157
0.218718
0.07534
0.147397
0.107401
0.189911
0.158184
0.109844
0.106904
0.0940243
0.20781
0.143563
0.224754
0.224754
0.224754
0.0622688
0.144126
0.141631
0.116732
0.215758
0.108965
0.189579
0.0997975
0.0486192
0.224754
0.18978
0.143454
0.0741888
0.120672
0.224754
0.224754
0.224754
0.199977
0.105312
0.0858446
0.105365
0.133385
0.225307
0.167212
0.225307
0.225307
0.225307
0.155557
0.225307
0.220751
0.183367
0.225307
0.0682852
0.0716253
0.073354
0.110216
0.191248
0.173551
0.13359
0.108549
0.164559
0.225307
0.225307
0.225307
0.18669
0.0765691
0.200674
0.132122
0.180548
0.225307
0.0701229
0.0921763
0.0951013
0.079237
0.126445
0.225629
0.222436
0.225629
0.225629
0.10233
0.118245
0.085472
0.0831194
0.114186
0.212379
0.114004
0.148072
0.21245
0.225629
0.179681
0.225629
0.0636417
0.0725711
0.225629
0.154369
0.225629
0.225629
0.0979325
0.138373
0.143209
0.0745953
0.1719
0.0911457
0.107453
0.115337
0.225629
0.197637
0.128369
0.115018
0.21857
0.098286
0.206004
0.130368
0.215786
0.215786
0.192394
0.179215
0.215786
0.0955807
0.0704719
0.184576
0.134756
0.215786
0.215786
0.178674
0.135759
0.153308
0.123846
0.215786
0.125097
0.151328
0.130899
0.215786
0.21228
0.169421
0.106931
0.189937
0.180527
0.118989
0.114232
0.161657
0.215786
0.0999971
0.119229
0.107338
0.187378
0.169499
0.218768
0.218768
0.164044
0.218768
0.133682
0.145235
0.101695
0.0947618
0.0651474
0.107816
0.151916
0.167696
0.218768
0.150463
0.218768
0.218768
0.201394
0.127429
0.198436
0.152748
0.194441
0.218768
0.157944
0.111039
0.101577
0.139638
0.0549693
0.100021
0.160427
0.136712
0.218768
0.17942
0.140432
0.178488
0.218768
0.110691
0.120302
0.136124
0.150433
0.217488
0.146942
0.217488
0.217488
0.166441
0.156947
0.153393
0.0726243
0.0587884
0.17272
0.21314
0.217488
0.217488
0.217488
0.0678587
0.103221
0.217488
0.142102
0.217488
0.150118
0.135816
0.148634
0.184996
0.0838053
0.113575
0.155825
0.14944
0.198941
0.184373
0.210953
0.173142
0.157877
0.202625
0.212729
0.118999
0.0962443
0.217908
0.217908
0.217908
0.217908
0.217908
0.0835042
0.151108
0.150436
0.147494
0.217908
0.0838953
0.214081
0.130746
0.0752145
0.0975777
0.105893
0.187348
0.187925
0.217908
0.192629
0.217908
0.2034
0.200963
0.0847475
0.161649
0.113517
0.142311
0.1521
0.112779
0.143534
0.0824839
0.144422
0.0741205
0.14869
0.172486
0.169919
0.224189
0.110772
0.203595
0.132633
0.0721656
0.224189
0.224189
0.158948
0.0688213
0.153491
0.224189
0.224189
0.224189
0.224189
0.0763133
0.140382
0.130225
0.134158
0.135688
0.124438
0.20278
0.113872
0.165291
0.136413
0.224189
0.171871
0.102553
0.224189
0.117696
0.184948
0.154088
0.158392
0.220489
0.220489
0.15562
0.107104
0.19727
0.220489
0.220489
0.220489
0.220489
0.105205
0.213252
0.115435
0.180888
0.220489
0.101139
0.114657
0.102227
0.0777396
0.119417
0.220489
0.185241
0.0839388
0.220489
0.15154
0.220489
0.196982
0.182945
0.0632535
0.104421
0.0928466
0.116343
0.220489
0.133841
0.127418
0.108065
0.120102
0.087119
0.231995
0.1529
0.231995
0.231995
0.147093
0.177256
0.158675
0.0758845
0.191285
0.0992334
0.106535
0.160595
0.231995
0.210364
0.142971
0.123041
0.230314
0.0900574
0.14029
0.132216
0.160633
0.231995
0.194105
0.182356
0.144593
0.137164
0.144601
0.122296
0.137033
0.194188
0.218398
0.177055
0.130871
0.099426
0.139059
0.214847
0.12326
0.136989
0.176746
0.214847
0.214847
0.179596
0.124139
0.208415
0.202327
0.0953069
0.0867927
0.17562
0.214847
0.139121
0.165351
0.130495
0.165048
0.156719
0.144662
0.159526
0.214847
0.214847
0.214847
0.173824
0.0887625
0.103953
0.155835
0.206785
0.178466
0.207923
0.214847
0.0948968
0.115609
0.0677167
0.0784026
0.164366
0.209549
0.17069
0.19851
0.209549
0.182297
0.108516
0.0980607
0.160403
0.0657406
0.120346
0.160343
0.135118
0.203971
0.181286
0.146739
0.209549
0.209549
0.0977159
0.194516
0.107658
0.111912
0.209549
0.133838
0.107483
0.174633
0.135489
0.114951
0.176995
0.13541
0.120666
0.209549
0.209549
0.209549
0.209549
0.207041
0.0873918
0.139699
0.206011
0.1264
0.197079
0.15121
0.128211
0.170391
0.206011
0.120032
0.141385
0.167907
0.130786
0.180503
0.148049
0.194642
0.200873
0.193686
0.11162
0.175123
0.155019
0.146027
0.206011
0.206011
0.206011
0.192331
0.175019
0.125897
0.202412
0.206011
0.206011
0.118582
0.0827101
0.176196
0.170461
0.0934622
0.140519
0.13989
0.210118
0.186439
0.213494
0.151439
0.213494
0.213494
0.213494
0.0785466
0.138804
0.110391
0.191133
0.171208
0.0813937
0.15911
0.137622
0.131753
0.153606
0.211843
0.213494
0.213494
0.203871
0.0851181
0.213494
0.213494
0.119001
0.0948416
0.149502
0.135958
0.205402
0.213494
0.0799458
0.0968974
0.152064
0.12064
0.071339
0.140964
0.133659
0.191146
0.184248
0.0950798
0.220062
0.181717
0.162435
0.146641
0.222209
0.194178
0.106936
0.222209
0.0985476
0.160717
0.163344
0.180132
0.104159
0.144259
0.110804
0.164982
0.222209
0.0925641
0.168511
0.222209
0.185527
0.175652
0.209339
0.0932307
0.169608
0.222209
0.222209
0.191787
0.0953563
0.0877047
0.137502
0.218421
0.216125
0.087601
0.218421
0.151101
0.216258
0.215377
0.218421
0.0932192
0.141231
0.0957425
0.129215
0.218421
0.161961
0.134436
0.10695
0.123778
0.180757
0.218421
0.0964321
0.124051
0.218421
0.195744
0.218421
0.127651
0.156871
0.123675
0.168242
0.140485
0.0972443
0.214845
0.166837
0.181983
0.149121
0.111741
0.112815
0.161303
0.113026
0.157458
0.218366
0.218366
0.16636
0.110793
0.129937
0.14154
0.137159
0.147149
0.209404
0.218366
0.172464
0.122727
0.132053
0.132774
0.15704
0.199714
0.19769
0.114688
0.198456
0.136656
0.174073
0.131375
0.182414
0.140242
0.218366
0.195481
0.148932
0.218366
0.0598178
0.171906
0.20885
0.178117
0.144118
0.147901
0.157877
0.217343
0.217343
0.217343
0.160717
0.122238
0.117016
0.170223
0.160677
0.139329
0.217343
0.217343
0.116069
0.152591
0.0962125
0.100143
0.12099
0.217343
0.217343
0.197862
0.217343
0.0924343
0.145608
0.202262
0.191596
0.0746955
0.108395
0.0714199
0.157467
0.217343
0.186135
0.104322
0.217343
0.146388
0.0852036
0.209383
0.160688
0.137034
0.195276
0.162305
0.121908
0.171002
0.153541
0.138979
0.193401
0.15477
0.136308
0.209383
0.209383
0.209383
0.209383
0.209383
0.11677
0.169925
0.161668
0.141688
0.152035
0.0872031
0.158065
0.122366
0.185699
0.117524
0.126759
0.209383
0.209383
0.209383
0.123079
0.206229
0.131994
0.152646
0.113244
0.169908
0.154813
0.144134
0.211658
0.189772
0.198732
0.201111
0.211658
0.154518
0.211658
0.201521
0.199329
0.106648
0.0956332
0.170703
0.176401
0.106517
0.0991122
0.114774
0.203163
0.208567
0.193947
0.111042
0.146209
0.137654
0.159736
0.171976
0.110597
0.0961658
0.168978
0.130088
0.211658
0.211658
0.127269
0.202456
0.147953
0.199269
0.200398
0.213861
0.174678
0.0917089
0.207453
0.205109
0.110212
0.0867099
0.130619
0.113896
0.201759
0.213861
0.0663598
0.117375
0.177639
0.122025
0.160752
0.114325
0.112037
0.201219
0.160131
0.213861
0.213861
0.136661
0.190687
0.0790327
0.0756577
0.123769
0.200328
0.213861
0.213861
0.187937
0.153792
0.213861
0.0940501
0.122526
0.104561
0.198521
0.224183
0.0789937
0.19682
0.224183
0.171008
0.125646
0.177136
0.116987
0.167296
0.224183
0.180511
0.168279
0.0735796
0.0954975
0.14694
0.100158
0.174582
0.224183
0.224183
0.138832
0.161454
0.124774
0.199272
0.200872
0.122674
0.149075
0.194039
0.224183
0.120972
0.165183
0.124976
0.224105
0.156289
0.20055
0.11271
0.138659
0.215227
0.176322
0.215227
0.0937975
0.150209
0.169207
0.185345
0.105384
0.0906452
0.201453
0.190387
0.173111
0.131671
0.114688
0.215227
0.17097
0.190114
0.215227
0.215227
0.113554
0.204962
0.118983
0.215227
0.123826
0.215026
0.125022
0.132336
0.156068
0.171893
0.179646
0.143511
0.0867253
0.21286
0.213397
0.131213
0.106488
0.213397
0.171189
0.174495
0.108476
0.163768
0.137522
0.213397
0.17414
0.14779
0.213397
0.0760106
0.173734
0.212639
0.147631
0.12541
0.213397
0.145007
0.139686
0.167315
0.213397
0.182913
0.143432
0.108708
0.0841234
0.131041
0.188453
0.213397
0.213397
0.188291
0.135621
0.126256
0.0988895
0.109255
0.19976
0.183061
0.172971
0.226008
0.0987375
0.136852
0.171176
0.141476
0.0791574
0.104258
0.074282
0.145538
0.226008
0.188048
0.119573
0.192574
0.167983
0.0813069
0.0899306
0.157372
0.206305
0.226008
0.226008
0.107025
0.116891
0.100542
0.109506
0.132917
0.226008
0.168512
0.226008
0.226008
0.11452
0.226008
0.226008
0.0995203
0.154549
0.208127
0.144996
0.139761
0.114398
0.173968
0.140901
0.168587
0.133394
0.128551
0.205646
0.210389
0.210389
0.103757
0.150396
0.183035
0.198952
0.044092
0.135585
0.113869
0.171667
0.210389
0.210389
0.210389
0.186241
0.129913
0.0878732
0.210389
0.194416
0.132296
0.210389
0.184668
0.177242
0.16192
0.169422
0.0971998
0.111246
0.210041
0.214486
0.205308
0.103746
0.115721
0.173734
0.192803
0.196697
0.126816
0.0823932
0.160601
0.150708
0.214486
0.214486
0.155462
0.214486
0.0929839
0.209214
0.185456
0.137837
0.195187
0.167274
0.164398
0.105902
0.120424
0.211398
0.157544
0.0583579
0.133003
0.194217
0.194398
0.214486
0.162384
0.137934
0.157609
0.126765
0.107158
0.214315
0.172824
0.214315
0.208951
0.137074
0.198392
0.111958
0.0852555
0.105857
0.202091
0.214315
0.196654
0.187531
0.198661
0.214315
0.174227
0.163846
0.0813319
0.177016
0.199715
0.181434
0.214315
0.116856
0.130987
0.147704
0.0700729
0.080469
0.169518
0.182715
0.0957175
0.0774861
0.214315
0.214315
0.185005
0.109111
0.159557
0.220718
0.220718
0.130085
0.181603
0.144853
0.202051
0.203215
0.116382
0.148919
0.181
0.220718
0.123155
0.181505
0.119764
0.220718
0.165893
0.105675
0.139121
0.220718
0.220718
0.092878
0.0949753
0.160842
0.220718
0.108106
0.144905
0.144097
0.134497
0.146816
0.179969
0.185653
0.159515
0.128447
0.219079
0.159784
0.191853
0.216955
0.219079
0.12747
0.219079
0.11004
0.219079
0.147759
0.201245
0.0938288
0.127745
0.199021
0.167703
0.213157
0.133565
0.0892111
0.146109
0.199973
0.204181
0.169318
0.213094
0.194409
0.211343
0.143965
0.105429
0.135796
0.160058
0.0779213
0.106602
0.104785
0.117326
0.219079
0.11625
0.0683498
0.152976
0.200649
0.113976
0.146371
0.21598
0.202921
0.21598
0.139444
0.102767
0.100471
0.184367
0.172844
0.21598
0.21598
0.198621
0.153098
0.127284
0.0944293
0.149555
0.21598
0.124135
0.127758
0.196469
0.115591
0.21598
0.113717
0.0699213
0.0985739
0.21598
0.21598
0.21598
0.21598
0.141815
0.16328
0.135579
0.059554
0.0914678
0.112124
0.13732
0.171216
0.221688
0.221688
0.122934
0.107658
0.0865325
0.106842
0.175637
0.221688
0.17376
0.221688
0.221688
0.125352
0.219407
0.216368
0.0862575
0.221688
0.194784
0.202325
0.221688
0.165996
0.123006
0.0944127
0.0410928
0.109728
0.152654
0.180273
0.183977
0.221688
0.180839
0.0930981
0.171394
0.0914919
0.052366
0.156229
0.19256
0.141459
0.1786
0.212147
0.212147
0.201606
0.146738
0.0986174
0.212147
0.147835
0.177231
0.207511
0.169793
0.12282
0.212147
0.183725
0.0734711
0.162927
0.212147
0.117933
0.136942
0.164422
0.187596
0.140437
0.212147
0.113949
0.180823
0.10728
0.212147
0.212147
0.132957
0.149352
0.153073
0.103696
0.107254
0.21084
0.168441
0.192425
0.203548
0.189937
0.133949
0.161536
0.134915
0.200618
0.182806
0.0864579
0.161662
0.21084
0.21084
0.208426
0.162572
0.18402
0.146157
0.196016
0.108405
0.21084
0.21084
0.149634
0.141166
0.133944
0.123205
0.10822
0.21084
0.0914413
0.168067
0.21084
0.107851
0.160743
0.123943
0.114189
0.177571
0.215968
0.122913
0.222336
0.222336
0.222336
0.21159
0.114449
0.161839
0.159751
0.0985569
0.0928844
0.210564
0.222336
0.0785082
0.0605127
0.222336
0.222336
0.121329
0.222336
0.100931
0.187662
0.222336
0.12413
0.173407
0.111892
0.136793
0.0639567
0.0915442
0.107087
0.160389
0.174936
0.066575
0.131598
0.222336
0.202196
0.176898
0.129888
0.143311
0.214639
0.214639
0.083199
0.0853288
0.214639
0.214639
0.112466
0.121029
0.171246
0.159375
0.214639
0.192905
0.214639
0.189463
0.178509
0.0733461
0.114131
0.12981
0.179683
0.196407
0.0921436
0.131999
0.214639
0.168159
0.0579146
0.0597789
0.15096
0.201258
0.214639
0.214639
0.115455
0.213505
0.161319
0.159836
0.183131
0.216847
0.196339
0.216847
0.208171
0.216847
0.147452
0.120143
0.126104
0.174403
0.0880004
0.128116
0.16862
0.128928
0.216847
0.127434
0.144121
0.0743605
0.102362
0.175592
0.216847
0.216847
0.216847
0.117229
0.166058
0.126211
0.0798237
0.164108
0.156492
0.196429
0.216847
0.200129
0.0728375
0.100571
0.195437
0.145887
0.219111
0.125766
0.154195
0.219111
0.122164
0.219111
0.105035
0.114957
0.122059
0.219111
0.213502
0.20303
0.209019
0.141351
0.180149
0.139726
0.0832223
0.0915981
0.219111
0.152521
0.202979
0.219111
0.210335
0.074893
0.072057
0.150485
0.117436
0.219111
0.153615
0.215076
0.219111
0.147325
0.149507
0.0849097
0.0783873
0.117494
0.220955
0.220955
0.191571
0.220955
0.172703
0.164379
0.109768
0.061593
0.128647
0.215417
0.209215
0.208352
0.220955
0.174265
0.139348
0.188067
0.0970798
0.100501
0.220955
0.157717
0.209534
0.220955
0.128276
0.153107
0.100238
0.0587993
0.0882517
0.112155
0.0961236
0.134453
0.218377
0.117395
0.220955
0.183228
0.123838
0.105355
0.210912
0.223694
0.11532
0.164554
0.19483
0.185846
0.167002
0.223694
0.141443
0.218303
0.123301
0.223694
0.223694
0.15203
0.111147
0.196155
0.138273
0.104622
0.215619
0.207083
0.0891227
0.16141
0.095814
0.162777
0.170051
0.223694
0.0951829
0.20056
0.119421
0.185343
0.209262
0.110234
0.100911
0.0726615
0.0965164
0.185404
0.223169
0.124945
0.223169
0.223169
0.195518
0.114665
0.200078
0.165471
0.111594
0.223169
0.140586
0.202844
0.223169
0.109332
0.192068
0.135043
0.134804
0.111965
0.189627
0.0915497
0.150773
0.223169
0.15527
0.107551
0.0910732
0.118389
0.0972453
0.145015
0.158497
0.223169
0.223169
0.215592
0.10629
0.0831826
0.127579
0.126927
0.223582
0.139208
0.194241
0.223582
0.121798
0.196184
0.134638
0.139124
0.0685216
0.11732
0.126809
0.153533
0.218781
0.0688998
0.12582
0.223582
0.223582
0.130365
0.161449
0.122231
0.214095
0.223582
0.223582
0.0893907
0.110313
0.183242
0.146704
0.0996086
0.117023
0.109369
0.223582
0.154618
0.148602
0.221005
0.223582
0.0668307
0.124263
0.146275
0.155249
0.228195
0.0915317
0.123745
0.228195
0.176025
0.0467564
0.0691708
0.173112
0.186263
0.228195
0.215192
0.131543
0.175632
0.192295
0.152395
0.12382
0.108909
0.107574
0.228195
0.206999
0.141356
0.180135
0.226458
0.131556
0.148785
0.162696
0.228195
0.228195
0.180078
0.169337
0.14224
0.0927998
0.0614938
0.0939034
0.165724
0.17631
0.227792
0.221902
0.118629
0.108909
0.117152
0.069279
0.132754
0.124077
0.160122
0.21881
0.182683
0.0777588
0.0964937
0.224721
0.113997
0.130167
0.154694
0.227792
0.227792
0.200789
0.200341
0.123795
0.0992524
0.0942077
0.137508
0.1842
0.227792
0.227792
0.217491
0.149027
0.214516
0.182209
0.104277
0.201791
0.135307
0.187945
0.223827
0.191042
0.0670074
0.0703877
0.169911
0.129423
0.223827
0.130852
0.186921
0.215294
0.125147
0.132587
0.0873685
0.0867165
0.0869038
0.137783
0.210836
0.223827
0.223827
0.192013
0.162718
0.209882
0.223827
0.0462237
0.0984904
0.0982705
0.149043
0.223827
0.194539
0.149456
0.199202
0.184008
0.141528
0.220834
0.19142
0.220834
0.220834
0.12095
0.152945
0.109409
0.0735459
0.118569
0.129158
0.112725
0.138438
0.193821
0.122465
0.220834
0.190255
0.162097
0.0580783
0.143837
0.153107
0.208318
0.220834
0.148319
0.169091
0.205218
0.183523
0.137341
0.18502
0.220834
0.15869
0.220834
0.194475
0.0809731
0.128084
0.112071
0.134567
0.215151
0.18707
0.0961801
0.179461
0.0952241
0.185092
0.197021
0.215151
0.127161
0.194944
0.137074
0.204955
0.186687
0.106241
0.0883049
0.121649
0.122121
0.09653
0.19494
0.087867
0.119379
0.17926
0.107151
0.192618
0.215151
0.215151
0.192021
0.215151
0.199307
0.215151
0.20304
0.146615
0.196143
0.121488
0.0661916
0.128708
0.177156
0.116269
0.166934
0.209396
0.151538
0.101616
0.153101
0.140655
0.113203
0.152575
0.153711
0.20082
0.210345
0.161021
0.114457
0.105002
0.182154
0.18052
0.203143
0.188583
0.210345
0.197001
0.167774
0.199567
0.191001
0.149056
0.11446
0.133808
0.0950076
0.159507
0.201425
0.156195
0.157148
0.210345
0.210345
0.127569
0.158518
0.127062
0.178721
0.218106
0.169143
0.0948743
0.130076
0.187848
0.146044
0.111593
0.138186
0.0977826
0.218106
0.140762
0.170324
0.180281
0.218106
0.119188
0.119297
0.0888332
0.13918
0.206998
0.123746
0.104173
0.218106
0.218106
0.139702
0.140663
0.14721
0.173903
0.218106
0.195407
0.205565
0.218106
0.218106
0.135554
0.119496
0.137243
0.0938954
0.218148
0.173331
0.155113
0.151871
0.200357
0.114699
0.172363
0.155134
0.218148
0.218148
0.184414
0.212157
0.106193
0.090121
0.173801
0.176991
0.160357
0.218148
0.218148
0.1725
0.137979
0.164321
0.167338
0.144262
0.203914
0.156487
0.176952
0.218148
0.116283
0.137502
0.131977
0.111438
0.106703
0.150259
0.165626
0.221976
0.221976
0.195964
0.221976
0.104005
0.0816717
0.0970037
0.117048
0.150641
0.220129
0.221976
0.200157
0.160717
0.17089
0.162909
0.146756
0.221976
0.167436
0.217764
0.221976
0.129714
0.111931
0.0797355
0.0798164
0.0482753
0.114922
0.0871071
0.221976
0.221976
0.179832
0.133756
0.197215
0.145981
0.116573
0.138818
0.208487
0.22499
0.22499
0.190097
0.171311
0.176369
0.21284
0.077826
0.0987868
0.0933078
0.174942
0.22499
0.168848
0.144318
0.190613
0.178729
0.05024
0.134822
0.119285
0.22499
0.22499
0.183208
0.158356
0.163666
0.147832
0.0972557
0.138675
0.126707
0.20551
0.22499
0.209404
0.128376
0.0877252
0.0900057
0.0888796
0.14831
0.145268
0.212014
0.215131
0.13598
0.144292
0.164894
0.16111
0.16469
0.161437
0.200243
0.179916
0.215131
0.163119
0.0655547
0.114242
0.131503
0.10385
0.125572
0.132577
0.195806
0.215131
0.215131
0.170546
0.0886592
0.124559
0.160476
0.215131
0.159021
0.190059
0.215131
0.208987
0.195812
0.169105
0.11957
0.099699
0.189866
0.0807233
0.143124
0.180624
0.109942
0.161298
0.208237
0.208237
0.195257
0.208237
0.171962
0.208237
0.208237
0.12583
0.189564
0.15819
0.090458
0.203358
0.171826
0.140313
0.158808
0.204803
0.171773
0.173441
0.142118
0.122807
0.134547
0.159327
0.175793
0.161062
0.208237
0.159788
0.191539
0.140857
0.0918967
0.16306
0.175481
0.157492
0.198344
0.174332
0.152203
0.193538
0.196194
0.156169
0.107457
0.106117
0.0805087
0.113296
0.201218
0.134701
0.135277
0.202728
0.202728
0.143516
0.166554
0.179112
0.156275
0.202728
0.164544
0.202728
0.202728
0.158073
0.188836
0.202728
0.181776
0.092962
0.133434
0.121489
0.142187
0.175508
0.202728
0.119387
0.106475
0.0938027
0.12026
0.21307
0.124249
0.116554
0.206528
0.217721
0.115328
0.120544
0.1436
0.172211
0.217721
0.17348
0.217721
0.217721
0.177752
0.19393
0.185619
0.137676
0.108642
0.131005
0.152524
0.18512
0.217721
0.217721
0.0849692
0.1864
0.193635
0.112662
0.179013
0.149587
0.151197
0.217721
0.124514
0.155969
0.160213
0.162953
0.204553
0.210191
0.145503
0.148204
0.163206
0.14314
0.144743
0.210191
0.165157
0.18897
0.210191
0.13856
0.186005
0.139122
0.11004
0.102395
0.178848
0.197504
0.146656
0.175939
0.102636
0.124821
0.210191
0.0996844
0.0871036
0.188708
0.210191
0.210191
0.210191
0.13714
0.210191
0.169242
0.0898314
0.130849
0.215026
0.184741
0.197033
0.215026
0.130306
0.13225
0.0820358
0.0797891
0.0520287
0.0946456
0.102536
0.215026
0.215026
0.164486
0.143274
0.194915
0.131361
0.0933751
0.159686
0.20473
0.215026
0.204992
0.102321
0.186275
0.154018
0.0732538
0.0507303
0.215026
0.215026
0.215026
0.215026
0.175636
0.186197
0.215026
0.120363
0.0568796
0.123495
0.150629
0.229145
0.229145
0.190968
0.15868
0.149855
0.120372
0.141388
0.140497
0.111595
0.170427
0.229145
0.183913
0.111964
0.0825544
0.0818067
0.0572785
0.229145
0.229145
0.229145
0.229145
0.21371
0.209113
0.229145
0.108179
0.120032
0.166146
0.123762
0.179871
0.229145
0.138086
0.0938781
0.106582
0.115151
0.143006
0.148466
0.124236
0.167802
0.214456
0.214456
0.146212
0.0688089
0.109718
0.165337
0.178847
0.149883
0.214456
0.214456
0.183971
0.15744
0.163879
0.156081
0.100512
0.170709
0.156367
0.214456
0.214456
0.167621
0.145811
0.166954
0.116672
0.127396
0.132888
0.144289
0.198891
0.214456
0.186503
0.194346
0.118291
0.163815
0.176861
0.138485
0.118372
0.161387
0.208959
0.172372
0.14447
0.132073
0.144737
0.116201
0.144022
0.154035
0.149936
0.208959
0.147572
0.208959
0.121971
0.110595
0.208959
0.208959
0.162252
0.198823
0.208959
0.106055
0.162986
0.171833
0.208959
0.0900562
0.153466
0.16937
0.146429
0.158247
0.120433
0.208959
0.208959
0.208959
0.137506
0.17005
0.183616
0.159568
0.205873
0.164922
0.205873
0.158524
0.185584
0.123435
0.175511
0.155401
0.11564
0.162898
0.126671
0.153606
0.144175
0.192223
0.10307
0.175581
0.205873
0.199064
0.205873
0.142334
0.205873
0.205873
0.205873
0.122842
0.178938
0.192541
0.144409
0.205873
0.118046
0.12705
0.0993623
0.115592
0.146312
0.165181
0.134707
0.134179
0.169385
0.157005
0.185846
0.212289
0.212289
0.0677686
0.166188
0.199672
0.135582
0.209628
0.142642
0.118124
0.212289
0.0955201
0.136799
0.212289
0.212289
0.182958
0.212289
0.148071
0.101478
0.126395
0.16046
0.0533663
0.205779
0.158693
0.212289
0.212289
0.148117
0.106652
0.208478
0.125008
0.0920073
0.158706
0.193306
0.14383
0.209702
0.0985377
0.0943888
0.20511
0.0978609
0.0986069
0.206753
0.194933
0.209199
0.204308
0.160893
0.209702
0.181165
0.0819521
0.0595442
0.209702
0.145246
0.209702
0.209702
0.157133
0.0989243
0.209702
0.120013
0.0902675
0.146106
0.177453
0.209702
0.209702
0.195999
0.151915
0.209702
0.0696618
0.0994758
0.175673
0.1877
0.203386
0.213311
0.130473
0.196913
0.16958
0.0809163
0.0617919
0.215015
0.215015
0.215015
0.215015
0.210373
0.215015
0.215015
0.136805
0.0881542
0.114231
0.170569
0.215015
0.215015
0.175745
0.113477
0.215015
0.0716436
0.0781982
0.139943
0.127036
0.156774
0.215015
0.0894421
0.13235
0.151029
0.0581824
0.0659564
0.232042
0.232042
0.232042
0.232042
0.232042
0.231811
0.232042
0.121522
0.127837
0.174201
0.137025
0.198469
0.232042
0.137348
0.0942622
0.122571
0.133209
0.0783778
0.154529
0.152255
0.165587
0.232042
0.10791
0.149251
0.206409
0.0828811
0.0446191
0.0849155
0.111212
0.232042
0.232042
0.132245
0.0551267
0.0956579
0.0898568
0.110315
0.188472
0.146671
0.226633
0.226633
0.153512
0.13227
0.148147
0.117471
0.113448
0.131296
0.15062
0.205224
0.226633
0.190822
0.187879
0.134158
0.180479
0.0614508
0.110416
0.140256
0.226633
0.226633
0.118681
0.0815418
0.108745
0.0917269
0.0950825
0.169352
0.0997997
0.199695
0.226633
0.205755
0.13923
0.226633
0.226633
0.212611
0.208202
0.164643
0.196974
0.212611
0.134993
0.174927
0.186405
0.212611
0.0890433
0.177841
0.199495
0.152154
0.172204
0.121168
0.212611
0.212611
0.212611
0.0612368
0.129357
0.149808
0.18009
0.0931023
0.174484
0.184216
0.0953672
0.0737591
0.101386
0.200243
0.147786
0.127403
0.160181
0.13325
0.163342
0.188498
0.179162
0.102899
0.203283
0.215268
0.194112
0.215268
0.132783
0.215268
0.189407
0.215268
0.101629
0.194608
0.166466
0.165762
0.215268
0.120734
0.1215
0.0897298
0.121408
0.0775164
0.136983
0.128459
0.161328
0.215268
0.186908
0.208233
0.162305
0.210855
0.183071
0.215268
0.147481
0.0994936
0.215268
0.157818
0.0993353
0.0715812
0.0959064
0.124095
0.214985
0.18521
0.185103
0.214985
0.14083
0.090602
0.118149
0.193349
0.0632038
0.214985
0.185593
0.209638
0.214985
0.175363
0.114731
0.203541
0.129891
0.141102
0.214985
0.205666
0.153222
0.214985
0.214985
0.110457
0.0781613
0.122414
0.0916546
0.176787
0.154046
0.120371
0.173562
0.191353
0.143357
0.185449
0.0999001
0.0777806
0.208196
0.164111
0.201205
0.208196
0.173818
0.11042
0.208196
0.133457
0.143457
0.208196
0.138355
0.208196
0.208196
0.207287
0.130208
0.208196
0.097958
0.0802708
0.196115
0.202385
0.143641
0.163185
0.180318
0.136465
0.172471
0.103798
0.196035
0.138456
0.100278
0.148371
0.133697
0.147122
0.208196
0.143073
0.189398
0.158034
0.179852
0.156539
0.212371
0.212371
0.208561
0.117763
0.212371
0.105635
0.108014
0.148322
0.174696
0.180655
0.212371
0.130089
0.14587
0.186123
0.0985679
0.212371
0.185675
0.123713
0.177082
0.16066
0.179118
0.212371
0.113536
0.14204
0.14058
0.160326
0.142242
0.083498
0.212371
0.212371
0.161715
0.0918048
0.173512
0.105782
0.146819
0.185303
0.177196
0.221808
0.137648
0.159268
0.221808
0.134255
0.0608989
0.119078
0.15087
0.221808
0.221808
0.136739
0.0832813
0.199348
0.129974
0.154928
0.169993
0.171946
0.128625
0.221808
0.201785
0.188654
0.0977164
0.132077
0.0676269
0.144729
0.164311
0.203419
0.221808
0.221808
0.12026
0.221808
0.109562
0.0830701
0.135872
0.157733
0.223658
0.223658
0.116063
0.100165
0.165202
0.120385
0.109749
0.182652
0.115487
0.181015
0.223658
0.184792
0.140681
0.223658
0.223658
0.0856243
0.166585
0.16007
0.210346
0.223658
0.191745
0.119197
0.167343
0.0909689
0.167809
0.18178
0.117727
0.187641
0.159178
0.181579
0.223658
0.157882
0.0561262
0.0889834
0.1576
0.180909
0.181732
0.130274
0.203599
0.216811
0.120472
0.109563
0.119685
0.216811
0.205656
0.172663
0.216811
0.126627
0.205119
0.216811
0.216811
0.148776
0.216811
0.182321
0.129119
0.216811
0.216811
0.216811
0.154585
0.0793615
0.0791872
0.135888
0.0802765
0.125315
0.216811
0.136446
0.0719139
0.129335
0.110882
0.0863377
0.174862
0.179093
0.169021
0.221385
0.167404
0.221385
0.204051
0.221385
0.161927
0.221385
0.187335
0.127918
0.221385
0.152923
0.100774
0.092004
0.104876
0.0818911
0.138659
0.0750213
0.126282
0.221385
0.145567
0.0986635
0.178823
0.123044
0.19239
0.221385
0.133266
0.215595
0.221385
0.090996
0.0971502
0.165451
0.192339
0.124978
0.216104
0.192198
0.134135
0.216104
0.180941
0.104381
0.0943237
0.11785
0.112387
0.202774
0.165799
0.123753
0.152789
0.216104
0.142609
0.138865
0.122824
0.198341
0.216104
0.116365
0.186755
0.216104
0.0888118
0.133571
0.210713
0.16562
0.104891
0.107851
0.174146
0.216104
0.216104
0.181291
0.155046
0.140115
0.216104
0.125538
0.197619
0.19708
0.134341
0.14533
0.204786
0.14681
0.150316
0.11337
0.20118
0.13503
0.0695012
0.125509
0.170356
0.168123
0.206886
0.122676
0.168607
0.146306
0.0908757
0.186013
0.206886
0.206886
0.153693
0.185069
0.151446
0.201071
0.183812
0.138836
0.166431
0.13054
0.192414
0.206886
0.206886
0.15664
0.17121
0.210034
0.175221
0.0913936
0.161447
0.189982
0.183982
0.210034
0.0999805
0.131865
0.148584
0.198556
0.175062
0.111446
0.210034
0.210034
0.165156
0.0929523
0.174602
0.210034
0.168657
0.210034
0.172294
0.210034
0.210034
0.210034
0.164593
0.153138
0.0987877
0.163857
0.135866
0.129698
0.210034
0.167896
0.0652154
0.0566016
0.096086
0.161587
0.206936
0.199065
0.149055
0.221973
0.189426
0.163809
0.102496
0.153084
0.0786305
0.147482
0.184785
0.202741
0.221973
0.221973
0.143733
0.221973
0.0897984
0.0892293
0.187177
0.158802
0.180519
0.221973
0.129287
0.110106
0.0777345
0.0648884
0.0752434
0.167447
0.187239
0.221973
0.221973
0.187346
0.168488
0.137061
0.0695178
0.0952425
0.156814
0.175536
0.186218
0.215909
0.174563
0.12731
0.209472
0.0841297
0.155316
0.169285
0.106389
0.181378
0.214191
0.128042
0.167936
0.161394
0.107943
0.0804975
0.159717
0.157593
0.215909
0.215909
0.160544
0.212287
0.148244
0.0642747
0.115623
0.215909
0.113149
0.134127
0.215909
0.146758
0.200389
0.196751
0.215909
0.0865707
0.15467
0.132498
0.120115
0.214416
0.217912
0.219318
0.104156
0.0611996
0.0687507
0.146336
0.101615
0.155992
0.220291
0.113773
0.0527525
0.100946
0.0896903
0.136572
0.172085
0.153031
0.220291
0.17658
0.145567
0.220291
0.220291
0.164444
0.140862
0.220291
0.220291
0.220291
0.220291
0.205499
0.200838
0.155133
0.141027
0.072244
0.140145
0.0993522
0.146827
0.211272
0.12677
0.0711185
0.146998
0.100428
0.132241
0.179591
0.168618
0.193976
0.211272
0.0723564
0.0825034
0.139061
0.124696
0.135937
0.211272
0.211272
0.211272
0.211272
0.211272
0.211272
0.203978
0.211272
0.0639291
0.139228
0.211272
0.139112
0.199141
0.0943505
0.211272
0.203773
0.21018
0.178104
0.194783
0.159188
0.190392
0.215255
0.102476
0.134345
0.215255
0.156111
0.11923
0.116238
0.154942
0.215255
0.215255
0.193364
0.120704
0.0986069
0.215255
0.0740034
0.159827
0.215255
0.141843
0.19674
0.143243
0.215255
0.215255
0.215255
0.0616927
0.101244
0.14798
0.11485
0.126278
0.215255
0.215255
0.0983759
0.0871331
0.172364
0.0943559
0.137436
0.208665
0.214881
0.1826
0.152013
0.121113
0.214109
0.174119
0.131657
0.125805
0.16419
0.214881
0.214881
0.214881
0.163132
0.129548
0.0905981
0.144777
0.155421
0.130529
0.159852
0.214881
0.214881
0.0662124
0.0776236
0.133854
0.145164
0.214881
0.187971
0.214881
0.161607
0.0972046
0.199895
0.150349
0.188587
0.139633
0.131609
0.181675
0.216721
0.208197
0.216721
0.154945
0.107929
0.0972242
0.156862
0.146606
0.151773
0.216721
0.178096
0.0946727
0.0771881
0.0769288
0.142637
0.148333
0.193437
0.216721
0.216721
0.154225
0.0805032
0.160344
0.120273
0.133142
0.216721
0.110816
0.216721
0.216721
0.216721
0.15289
0.216721
0.1058
0.100758
0.182333
0.158512
0.180662
0.211158
0.131932
0.0989778
0.0911271
0.0676934
0.0840689
0.157133
0.187928
0.208101
0.220205
0.161959
0.145941
0.111997
0.057653
0.137192
0.19454
0.106642
0.220205
0.220205
0.220205
0.179379
0.220205
0.106189
0.160667
0.220205
0.120289
0.218067
0.220205
0.220205
0.168652
0.12694
0.0925901
0.10643
0.155019
0.183901
0.212088
0.217249
0.173012
0.187372
0.140608
0.0753275
0.115075
0.217249
0.0866001
0.137356
0.217249
0.139768
0.161958
0.217249
0.217249
0.170949
0.217249
0.114109
0.213418
0.217249
0.217249
0.186505
0.149591
0.121072
0.129022
0.146813
0.0456163
0.145252
0.217249
0.128695
0.140846
0.107213
0.127745
