0.065423
0.0544983
0.0308914
0.425544
0.425544
0.0200322
0.0504016
0.0614514
0.0540679
0.0540044
0.0899009
0.0398265
0.0566397
0.0474593
0.0237587
0.0622583
0.0488619
0.0596124
0.0402953
0.0311817
0.0210968
0.425544
0.425544
0.0994395
0.046513
0.0262935
0.0435492
0.0426393
0.0419185
0.0220748
0.122982
0.425544
0.0903715
0.0424874
0.0246972
0.0289424
0.0903965
0.137833
0.0627937
0.101688
0.0784475
0.0699837
0.189226
0.153852
0.196855
0.0926785
0.131789
0.070392
0.0878522
0.0411029
0.0215159
0.0524193
0.225556
0.267817
0.0731545
0.0622837
0.0406703
0.213341
0.381501
0.194015
0.113872
0.0745569
0.110473
0.062422
0.0865564
0.0334139
0.235747
0.381501
0.381501
0.13874
0.150128
0.108926
0.120863
0.100676
0.0476327
0.10034
0.166242
0.0229909
0.0567681
0.145415
0.163222
0.259175
0.151439
0.0581859
0.146912
0.259175
0.0341133
0.0507046
0.17214
0.259175
0.111375
0.142492
0.0263669
0.151816
0.259175
0.259175
0.104043
0.127578
0.103956
0.163034
0.218774
0.053418
0.256313
0.259175
0.181352
0.16163
0.2221
0.231846
0.27322
0.144108
0.0187986
0.13745
0.27322
0.0152715
0.0270537
0.0782323
0.230831
0.27322
0.199119
0.0057764
0.266826
0.27322
0.0367855
0.0168132
0.0155686
0.105795
0.178849
0.151397
0.0229542
0.211198
0.27322
0.070124
0.0726053
0.118711
0.245123
0.145103
0.0442559
0.00572212
0.27322
0.27322
0.0542796
0.0363958
0.0175296
0.202716
0.290292
0.25017
0.0118601
0.290292
0.290292
0.0233109
0.0110877
0.0111616
0.147109
0.232076
0.113422
0.0951112
0.16083
0.135793
0.00467666
0.015548
0.0190135
0.290292
0.221234
0.0503367
0.00686943
0.290292
0.290292
0.0266779
0.0218295
0.0118855
0.290292
0.205572
0.104553
0.0287615
0.0903724
0.130252
0.013669
0.016955
0.0350669
0.2656
0.268347
0.124542
0.12101
0.195106
0.213004
0.0199176
0.0283657
0.0381846
0.268347
0.115948
0.0674546
0.057853
0.268347
0.268347
0.0355199
0.0447894
0.0905699
0.249665
0.268347
0.138971
0.0369011
0.131703
0.211255
0.0100728
0.0097074
0.0503314
0.268347
0.263442
0.104211
0.0301553
0.158378
0.218213
0.022837
0.0184815
0.210765
0.268347
0.130971
0.0567153
0.0949492
0.299531
0.299531
0.0971894
0.0998687
0.153066
0.299531
0.0512348
0.0521793
0.0383633
0.144494
0.299531
0.141073
0.06779
0.079849
0.0979235
0.285416
0.154753
0.0583158
0.221003
0.288559
0.0543018
0.044989
0.278318
0.299531
0.0894114
0.0697035
0.0566462
0.0889492
0.0743967
0.0608359
0.0459138
0.123233
0.192753
0.0270993
0.0571795
0.0119983
0.345635
0.410422
0.0718511
0.0256467
0.0133232
0.0224952
0.0272452
0.0229758
0.0109255
0.0447053
0.370788
0.0644733
0.0241188
0.0131944
0.0157281
0.0870461
0.151619
0.0325231
0.31987
0.410422
0.149737
0.0112375
0.00871327
0.000300595
0.00271431
0.0105999
0.016437
0.214518
0.410422
0.122645
0.0221035
0.00362457
6.52851e-05
0.0255185
0.0201652
0.012601
0.0414794
0.440397
0.0749148
0.0319591
0.0180568
0.0319953
0.0172662
0.0186908
0.0108386
0.0589222
0.329024
0.135561
0.0267411
0.0397064
0.0334904
0.0051884
0.0210011
0.0196879
0.241281
0.440397
0.151235
0.0177174
0.000107833
0.000126879
0.00032101
0.00489754
0.00880799
0.385224
0.440397
0.205073
0.0116311
0.000871568
0.000264189
0.0359017
0.0352802
0.0155152
0.0628008
0.367232
0.134104
0.0307808
0.0391374
0.0381793
0.050391
0.0627819
0.0189686
0.083542
0.330355
0.109717
0.0505943
0.059706
0.0640171
0.00215237
0.0149863
0.00941131
0.309761
0.414181
0.217653
0.00831437
0.00276564
0.001661
0.00233251
0.0409435
0.0496803
0.414181
0.414181
0.168028
0.0211842
0.00814481
0.00521254
0.134026
0.0947207
0.0307835
0.177784
0.356056
0.113583
0.0607809
0.0736717
0.166687
0.116761
0.0457978
0.025741
0.282322
0.356056
0.0530785
0.033558
0.0213038
0.162553
0.0252298
0.0513344
0.0492867
0.356056
0.356056
0.205431
0.0521628
0.0314466
0.052947
0.0871617
0.0762063
0.0441088
0.158322
0.351371
0.111757
0.106259
0.0680918
0.0998403
0.252615
0.0686741
0.0412752
0.284995
0.284995
0.0372224
0.03146
0.0250353
0.284995
0.26892
0.130609
0.0301659
0.0787637
0.151947
0.014065
0.0196208
0.053019
0.284995
0.176917
0.107997
0.059931
0.20087
0.284995
0.126736
0.152521
0.106359
0.243435
0.22914
0.0812288
0.0292307
0.0964567
0.215102
0.0446028
0.0335864
0.0317732
0.284995
0.282375
0.156873
0.0432228
0.112711
0.20525
0.0116052
0.00971023
0.0676196
0.282375
0.256103
0.0954935
0.0400623
0.173034
0.213958
0.0346948
0.0162364
0.206011
0.282375
0.282375
0.11355
0.081634
0.146694
0.275872
0.0227704
0.019454
0.0346764
0.282375
0.282375
0.083296
0.101783
0.0951895
0.0849566
0.0237174
0.0193902
0.077491
0.282375
0.283175
0.154779
0.0923874
0.271512
0.283175
0.0779388
0.0427686
0.283175
0.283175
0.0962918
0.0757883
0.0563023
0.0867206
0.0988267
0.0773164
0.0455549
0.113021
0.201585
0.283175
0.172778
0.24109
0.198818
0.13204
0.0538707
0.0477713
0.12426
0.283175
0.135965
0.0552
0.082871
0.0658741
0.105653
0.116708
0.0500889
0.0451325
0.283175
0.110677
0.205133
0.0301142
0.369581
0.425511
0.184594
0.0202453
0.0152563
0.00216791
0.00455225
0.0197923
0.0273169
0.176015
0.425511
0.173166
0.0294905
0.00524626
0.000227043
0.029944
0.0287088
0.0217006
0.331203
0.425511
0.0402076
0.0276556
0.0228688
0.0241292
0.00688846
0.0235134
0.0408384
0.073345
0.20245
0.046542
0.0281604
0.0151017
0.00735215
0.008177
0.0336639
0.0315801
0.209633
0.472642
0.217569
0.0258821
0.000866183
0.00139805
0.00715743
0.00993713
0.0130552
0.335297
0.472642
0.329184
0.0194768
0.00697277
0.00200087
0.0089188
0.0215976
0.0357106
0.0770473
0.27744
0.0682986
0.038443
0.020785
0.0193625
0.0416268
0.0520497
0.0192119
0.117365
0.326907
0.0656026
0.0916048
0.0823096
0.0304164
0.00477494
0.0105172
0.0133021
0.228843
0.400808
0.261704
0.0150248
0.00354557
0.00476977
0.0298548
0.0276764
0.0277626
0.300858
0.400808
0.203687
0.0254302
0.00444714
0.00292704
0.0299352
0.0384213
0.013684
0.0645505
0.274909
0.0568223
0.057823
0.0415443
0.0465283
0.0389053
0.0427336
0.0283282
0.400808
0.400808
0.0216542
0.0318362
0.025997
0.0425449
0.0425622
0.0291248
0.0397817
0.287639
0.318964
0.199487
0.0476024
0.0244076
0.0428142
0.0982847
0.0687414
0.0537521
0.12359
0.318964
0.0856432
0.0859711
0.0661327
0.0988809
0.139626
0.0519228
0.0314789
0.296732
0.318964
0.0286913
0.0328246
0.0268241
0.22059
0.238575
0.0609426
0.0143333
0.28851
0.318964
0.0117958
0.0165089
0.0509103
0.300938
0.199444
0.106252
0.0841716
0.192115
0.289826
0.0954757
0.127138
0.119756
0.248996
0.212751
0.0902461
0.0256727
0.0839547
0.230315
0.034001
0.03611
0.0401321
0.287024
0.289826
0.0911542
0.0108276
0.289826
0.289826
0.0176661
0.0285191
0.0905249
0.289826
0.196648
0.149633
0.0272767
0.043599
0.181812
0.0512057
0.0223942
0.0785713
0.242705
0.279225
0.118337
0.069085
0.136644
0.287956
0.0187622
0.023581
0.0421554
0.287956
0.287956
0.0743257
0.0984962
0.0974203
0.079742
0.0250682
0.0223242
0.0732908
0.287956
0.262525
0.173264
0.028927
0.0818536
0.287956
0.0390101
0.0260177
0.0749471
0.287956
0.287956
0.0548923
0.0189073
0.0900191
0.210749
0.0293433
0.0232359
0.0969245
0.287956
0.314244
0.161205
0.249691
0.220286
0.13179
0.0564786
0.0570973
0.12431
0.314244
0.124309
0.0534259
0.0658541
0.0598871
0.11452
0.110342
0.0444838
0.0391306
0.293292
0.314244
0.107665
0.0489602
0.187778
0.314244
0.0537727
0.0560133
0.118634
0.314244
0.142489
0.0696841
0.0615061
0.0746937
0.113346
0.0479546
0.0218307
0.060447
0.256755
0.0258969
0.0311025
0.027974
0.376603
0.376603
0.0631225
0.0374708
0.0329186
0.027571
0.010944
0.0335183
0.0575435
0.0510254
0.126729
0.0823516
0.0323296
0.0145449
0.00916058
0.29164
0.166895
0.0167477
0.290221
0.376603
0.227814
0.0354548
0.0107393
0.004305
0.00294608
0.0133001
0.0370649
0.0772742
0.376603
0.360461
0.0586415
0.00686662
0.00558133
0.0167339
0.0373576
0.0584036
0.0570102
0.209867
0.156954
0.0621897
0.0282393
0.027208
0.0715751
0.0664108
0.0440582
0.0868915
0.263968
0.145442
0.125634
0.146377
0.0655159
0.00354427
0.0141873
0.0754211
0.180537
0.398886
0.398886
0.0655712
0.0140129
0.0117557
0.0222537
0.0172858
0.0706894
0.257497
0.398886
0.398886
0.0683486
0.0831344
0.0544989
0.0486051
0.0455001
0.028204
0.0463608
0.202854
0.101137
0.0833912
0.0697652
0.0774199
0.144901
0.069482
0.0331735
0.400824
0.400824
0.0308508
0.0462888
0.0525185
0.0761707
0.0199545
0.0155072
0.0685139
0.232867
0.400824
0.244533
0.0359574
0.0398339
0.0295924
0.109795
0.0538166
0.0649881
0.293577
0.400824
0.0904673
0.0211747
0.0515093
0.0494901
0.177354
0.0520203
0.0300716
0.24539
0.286592
0.0181526
0.0347326
0.0373293
0.233548
0.24434
0.0454527
0.015099
0.278529
0.286592
0.00152121
0.0187422
0.0489813
0.286592
0.0965089
0.0307241
0.03998
0.207996
0.286592
0.0450354
0.0528551
0.0348444
0.136197
0.108773
0.0759098
0.127486
0.286592
0.286592
0.121319
0.10697
0.0799171
0.256926
0.291807
0.060871
0.0097139
0.291807
0.291807
0.00141165
0.0238949
0.083091
0.291807
0.1613
0.11964
0.0232834
0.04122
0.186781
0.03891
0.0215159
0.0679661
0.216787
0.211326
0.0802448
0.104065
0.291807
0.291807
0.177727
0.202953
0.125306
0.291807
0.127524
0.116151
0.0713038
0.0838163
0.183421
0.109075
0.0929635
0.0646578
0.104777
0.241448
0.150144
0.0221131
0.088518
0.275118
0.0343738
0.0260045
0.0754728
0.275118
0.275118
0.0487779
0.0157848
0.0979977
0.231014
0.0241218
0.0226803
0.0963302
0.275118
0.217334
0.165297
0.0656436
0.120677
0.275118
0.161037
0.116597
0.0869133
0.172208
0.274084
0.0571141
0.00994026
0.147066
0.268898
0.0340816
0.136906
0.103342
0.275118
0.309266
0.0745024
0.0357377
0.177556
0.309266
0.0408147
0.0464941
0.105577
0.309266
0.0989667
0.0428316
0.0427454
0.0626956
0.0970734
0.0604611
0.0275369
0.0531847
0.211126
0.309266
0.0864786
0.0346187
0.207883
0.309266
0.0636747
0.142749
0.114399
0.309266
0.059055
0.0160731
0.0265286
0.224557
0.309266
0.161773
0.0571842
0.0407365
0.152124
0.145578
0.173804
0.0200413
0.22325
0.415456
0.174367
0.0178098
0.00923114
0.00217534
0.00350572
0.0108158
0.0252192
0.094366
0.415456
0.233742
0.0312199
0.00420969
0.00495893
0.128925
0.117438
0.00728791
0.201683
0.415456
0.0861209
0.00901336
0.0012508
0
0
9.24425e-05
0.00196336
0.148108
0.415456
0.10566
0.00788203
0.000395002
0
0.00313991
0.00786045
0.0312578
0.125353
0.427896
0.244442
0.0307618
0.00815027
0.00663633
0.0140007
0.00527623
0.037243
0.173268
0.427896
0.246464
0.0287887
0.0514192
0.0372614
0
0.000170324
0.00479475
0.201373
0.427896
0.0828236
0.00669141
0
0
0
0
0.00294267
0.171586
0.427896
0.125459
0.0116945
0.00203981
0.00145589
0.0138474
0.00676974
0.0403167
0.178529
0.420017
0.164344
0.022645
0.0310377
0.0243247
0.105621
0.0463574
0.0563731
0.232272
0.420017
0.0652345
0.022063
0.0337919
0.0397316
0.000756908
0.000317237
0.00517325
0.169974
0.420017
0.103074
0.0116219
0.00127806
0.000849678
0.0836646
0.0374034
0.0436827
0.285034
0.420017
0.130092
0.0708286
0.0214601
0.0018319
0.0992227
0.0283816
0.0397465
0.200245
0.31253
0.0417327
0.0402057
0.0286635
0.127153
0.113184
0.071088
0.093654
0.246082
0.31253
0.0925937
0.0628602
0.0484244
0.231209
0.0874982
0.019534
0.0305354
0.180456
0.31253
0.131035
0.0606146
0.0179169
0.13757
0.310292
0.186148
0.180222
0.147514
0.31253
0.128743
0.0577651
0.060139
0.301292
0.197346
0.0663575
0.0827905
0.279579
0.279579
0.141542
0.120457
0.0847584
0.279579
0.0986662
0.0882307
0.0486154
0.0712054
0.182924
0.0717092
0.055777
0.0512869
0.0986884
0.279579
0.179664
0.152293
0.185292
0.279579
0.210364
0.0890044
0.113765
0.279579
0.149609
0.157923
0.108693
0.211053
0.279579
0.0509781
0.0446547
0.0822343
0.109187
0.168005
0.119068
0.048485
0.122395
0.26104
0.10508
0.0762644
0.0776158
0.173338
0.193576
0.0461176
0.0301197
0.111056
0.244628
0.0618926
0.102555
0.132361
0.26104
0.194115
0.174922
0.0979036
0.26104
0.26104
0.113189
0.0925854
0.165443
0.255445
0.120885
0.0337642
0.0565683
0.160802
0.24388
0.0595988
0.208488
0.242694
0.26104
0.153572
0.0450902
0.0360213
0.122531
0.274482
0.0533713
0.0822743
0.100934
0.301356
0.0257722
0.00564017
0.0149067
0.115877
0.301356
0.10967
0.0352024
0.0303577
0.0801631
0.0989509
0.0288625
0.0592263
0.152635
0.301356
0.0838185
0.18201
0.190976
0.301356
0.0224499
0.0195079
0.0459762
0.301356
0.301356
0.245899
0.0514151
0.216162
0.237035
0.0820901
0.168356
0.0162796
0.268556
0.413689
0.0817953
0.00593629
0.00306918
0.000496553
0
0.00203705
0.00911926
0.198847
0.413689
0.0858992
0.00329206
0.000400993
0
0.0171162
0.156317
0.0400891
0.293146
0.413689
0.0587277
0.0272054
0.013989
0.00276366
0
0.00412355
0.0263354
0.187653
0.413689
0.0402172
0.00452697
0.000394688
0
0.000144053
0.0029734
0.00997516
0.249661
0.441963
0.0741519
0.00737704
0.000419643
0.000408499
0.000329685
0.000137917
0.00117449
0.213012
0.441963
0.134003
0.0218971
0.00884278
0.00480009
0.000587017
0.00596448
0.0247775
0.197627
0.441963
0.0659306
0.0155149
0.00835042
0.00362252
0.0126087
0.00176081
0.00715868
0.109302
0.441963
0.132873
0.0800257
0.0378772
0.0688242
0.000559651
0.00130256
0.000586639
0.182607
0.390251
0.108903
0.022495
0.00491514
0.00288991
0.131656
0.053362
0.056497
0.295236
0.390251
0.106504
0.06105
0.0192729
0.00278269
0.00769251
0.0039114
0.00340183
0.0815357
0.390251
0.14655
0.0800075
0.0314561
0.0448477
0.335965
0.057084
0.040728
0.236351
0.390251
0.0682776
0.0283572
0.0390321
0.0288052
0.106671
0.029894
0.0391121
0.199695
0.288082
0.116083
0.0480655
0.0192877
0.134099
0.288082
0.192341
0.171074
0.136595
0.288082
0.128012
0.0381164
0.0462778
0.288082
0.273629
0.0402788
0.0312479
0.140737
0.288082
0.0720226
0.0247284
0.047075
0.18785
0.282861
0.084006
0.0584249
0.17122
0.212413
0.0305676
0.0226824
0.0488454
0.288082
0.282239
0.167358
0.148612
0.183747
0.282239
0.19186
0.0526976
0.0855716
0.282239
0.11631
0.138805
0.0877558
0.199561
0.282239
0.0299698
0.0335562
0.0658944
0.10668
0.282239
0.0778855
0.0637874
0.212323
0.282239
0.0358502
0.0222417
0.0839405
0.282239
0.0847756
0.0827515
0.06071
0.213909
0.282239
0.0257786
0.0387534
0.0292471
0.0579349
0.140349
0.141694
0.0800835
0.299516
0.299516
0.0597464
0.0705844
0.122118
0.23179
0.142595
0.0312493
0.066842
0.137182
0.178634
0.0855022
0.153221
0.212693
0.299516
0.129076
0.0979349
0.0810488
0.299516
0.299516
0.0308273
0.0363144
0.0603112
0.0703038
0.224636
0.017061
0.0441798
0.0909606
0.0959395
0.028264
0.0749622
0.256044
0.299516
0.130506
0.0316252
0.0737302
0.147246
0.247891
0.10234
0.161898
0.183866
0.311887
0.0233391
0.0165267
0.0459381
0.311887
0.311887
0.225647
0.0356158
0.156398
0.194194
0.193322
0.0281076
0.0559487
0.0896883
0.150493
0.0420156
0.0673895
0.235073
0.311887
0.0524395
0.0260905
0.043685
0.166647
0.311887
0.158668
0.0461911
0.0847056
0.134572
0.0209423
0.121752
0.0300332
0.22788
0.381119
0.0796839
0.0228731
0.0124643
0.00268733
0
0.00599975
0.0326902
0.13059
0.381119
0.0694229
0.00524841
0.00037181
0
0.0700219
0.150516
0.129169
0.381119
0.381119
0.167475
0.0459028
0.0252888
0.0157592
0.00704037
0.029012
0.0457948
0.286689
0.381119
0.122072
0.0066231
0.0116665
0.00777748
0.0005764
0.00941838
0.0334647
0.138277
0.376308
0.0971702
0.0157166
0.00691462
0.0031782
0.00943306
0.00223879
0.00764601
0.0585315
0.376308
0.203947
0.0672117
0.0368356
0.048487
0.000991588
0.0350097
0.048439
0.332546
0.376308
0.194203
0.0110569
0.0227983
0.017252
0.000665627
0.00843605
0.0116462
0.232153
0.376308
0.376308
0.0329451
0.0160614
0.0150867
0.00679741
0.00641724
0.00648153
0.0528188
0.351468
0.213629
0.0727937
0.032075
0.0350179
0.27836
0.0655964
0.0487553
0.205657
0.351468
0.0808509
0.0201473
0.0359102
0.0252072
0.00452788
0.00628183
0.0142539
0.204095
0.351468
0.351468
0.0331901
0.0151107
0.0192213
0.125248
0.0291962
0.0574552
0.234108
0.351468
0.181611
0.0640233
0.0747065
0.173165
0.258752
0.0571953
0.0470142
0.141759
0.304212
0.0900116
0.0196117
0.0453356
0.191781
0.280246
0.076927
0.0460959
0.148199
0.206622
0.0428309
0.0277591
0.037953
0.304212
0.175511
0.0266978
0.058771
0.168606
0.304212
0.184252
0.0673593
0.0767091
0.304212
0.304212
0.118061
0.0429898
0.0763385
0.106164
0.0191247
0.0131291
0.0916714
0.304212
0.315062
0.0741306
0.0579059
0.193952
0.315062
0.0409617
0.0298928
0.0613864
0.315062
0.0696355
0.0791777
0.0520384
0.210329
0.315062
0.0247765
0.0418769
0.0266296
0.0580434
0.315062
0.139422
0.0996617
0.134133
0.219812
0.0191576
0.0177967
0.115241
0.315062
0.0927383
0.0910599
0.0812463
0.184827
0.315062
0.0430036
0.0387449
0.054252
0.119352
0.0889439
0.0868855
0.0667704
0.300693
0.328352
0.0176379
0.0330286
0.0427581
0.0484328
0.23594
0.0114206
0.0219516
0.109726
0.10903
0.0385044
0.0713526
0.213031
0.328352
0.0691779
0.117344
0.146618
0.295486
0.328352
0.0309294
0.0298889
0.0473719
0.045089
0.328352
0.0393345
0.0170595
0.121665
0.224138
0.0334673
0.0400339
0.0987913
0.328352
0.251323
0.0261219
0.0469584
0.124359
0.192546
0.05771
0.0813451
0.24008
0.341196
0.054319
0.0238766
0.0419934
0.225588
0.341196
0.137656
0.0388901
0.0543109
0.124178
0.341196
0.040232
0.0245386
0.119616
0.267048
0.0466941
0.0471761
0.113226
0.341196
0.0253833
0.0230128
0.0267446
0.135525
0.341196
0.0728617
0.02586
0.0129628
0.0726087
0.100079
0.191893
0.110365
0.343567
0.380716
0.222041
0.0535558
0.0243367
0.0169985
0.00815599
0.0309532
0.0488143
0.230646
0.380716
0.202497
0.008393
0.0123037
0.00887233
0.00375253
0.0108649
0.033667
0.356617
0.380716
0.0697575
0.0305889
0.0182603
0.0179145
0.0165159
0.00788777
0.0202137
0.10284
0.288901
0.0646284
0.0219489
0.0340038
0.0406155
0.00127567
0.0411608
0.0607764
0.28067
0.394847
0.293996
0.01483
0.0241486
0.0190142
0.000313743
0.0106187
0.0142891
0.184111
0.394847
0.394847
0.03704
0.0171468
0.00976657
0.0155889
0.0145797
0.0208685
0.120374
0.339134
0.0893655
0.0344829
0.0471041
0.0432494
0.0179521
0.0334018
0.0218811
0.0906972
0.382733
0.143394
0.0205732
0.0369288
0.0437736
0.00367972
0.00946494
0.0199767
0.172637
0.360538
0.360538
0.0322098
0.0147802
0.0136512
0.101633
0.04651
0.0934567
0.307081
0.360538
0.227471
0.0664074
0.0588147
0.149449
0.0171806
0.0343843
0.023776
0.094039
0.347517
0.113072
0.0239821
0.0362339
0.0381267
0.114189
0.0558865
0.0171304
0.27828
0.360538
0.042028
0.0165836
0.0296192
0.0789528
0.149011
0.041602
0.0897305
0.225241
0.319587
0.203369
0.0629271
0.0589515
0.311872
0.319587
0.117835
0.0422045
0.0850241
0.126195
0.0367712
0.022788
0.0974931
0.319587
0.118886
0.0350787
0.0194722
0.217399
0.319587
0.0281597
0.0153645
0.0512268
0.219038
0.252395
0.074003
0.0571998
0.0903578
0.0834935
0.00251183
0.00342827
0.0900234
0.319587
0.317523
0.136606
0.0876206
0.134817
0.231851
0.035393
0.0299802
0.119654
0.317523
0.100101
0.105365
0.0734873
0.183092
0.317523
0.0467097
0.0383603
0.0507791
0.122936
0.317523
0.0887039
0.0579858
0.101375
0.24221
0.00149419
0.00547204
0.131211
0.317523
0.206115
0.134851
0.0450404
0.109929
0.317523
0.00755188
0.0490024
0.0864916
0.129636
0.0773526
0.119899
0.115129
0.261829
0.32885
0.0304388
0.0265498
0.0394409
0.0426691
0.32885
0.0396511
0.00755316
0.132096
0.23324
0.0423971
0.0542404
0.0880958
0.32885
0.237692
0.142937
0.0388026
0.146241
0.32885
0.00725288
0.0375366
0.0796352
0.0520555
0.32885
0.114907
0.00375036
0.0551619
0.168979
0.00616522
0.0217383
0.0482855
0.32885
0.364888
0.0350189
0.0146998
0.130662
0.295571
0.0529338
0.0617839
0.103895
0.364888
0.031956
0.0309378
0.0214751
0.169623
0.364888
0.068097
0.0284733
0.0187042
0.0620115
0.364888
0.091799
0.00656476
0.049366
0.135315
0.0117657
0.0356862
0.0865326
0.364888
0.154049
0.135842
0.0328459
0.101487
0.203563
0.036672
0.0713424
0.095271
0.146661
0.0119114
0.0161061
0.0281178
0.402393
0.402393
0.180661
0.0681103
0.0323732
0.0422544
0.0304152
0.014362
0.0403863
0.158727
0.402393
0.205892
0.0395266
0.0614981
0.0760525
0.0311604
0.0496463
0.0263676
0.402393
0.402393
0.11215
0.100755
0.0782452
0.0366638
0.048892
0.0760008
0.0366459
0.0743547
0.0747318
0.0525767
0.0670388
0.0536757
0.050323
0.0510448
0.0448941
0.0725632
0.251732
0.360915
0.360915
0.0968689
0.130576
0.126318
0.0551297
0.108005
0.0614831
0.18315
0.360915
0.360915
0.0638621
0.138619
0.128942
0.112487
0.155946
0.0658636
0.163058
0.133018
0.0800364
0.115283
0.109162
0.0805988
0.145249
0.0984015
0.0186779
0.0789714
0.149915
0.0861445
0.0790892
0.191153
0.19394
0.03539
0.0677743
0.0431584
0.162678
0.367369
0.238282
0.0429251
0.0775467
0.071685
0.170549
0.0899792
0.058066
0.367369
0.367369
0.0904024
0.0264961
0.0373865
0.11959
0.0795016
0.0492536
0.00682481
0.0327389
0.0826929
0.0440778
0.0466372
0.10932
0.104861
0.240813
0.199637
0.0451956
0.367369
0.367369
0.00722018
0.00634708
0.0371456
0.104872
0.113915
0.0330843
0.035269
0.298871
0.298871
0.027943
0.0124415
0.0504199
0.220861
0.257889
0.0854052
0.0594031
0.109478
0.137768
0.00421346
0.0311119
0.147144
0.298871
0.12943
0.0740176
0.0184379
0.173062
0.298871
0.0100508
0.015343
0.0580969
0.167443
0.298871
0.0716748
0.0225689
0.175007
0.298871
0.0133568
0.110741
0.207949
0.298871
0.29042
0.0916296
0.0488061
0.112817
0.246254
0.00401486
0.024839
0.167793
0.29042
0.196029
0.132568
0.0374357
0.120595
0.29042
0.015156
0.0462744
0.0651407
0.135008
0.29042
0.0438146
0.0315058
0.207436
0.29042
0.0246006
0.113266
0.225448
0.29042
0.100802
0.0541496
0.0351229
0.202068
0.29042
0.0191429
0.0527488
0.104122
0.143254
0.226891
0.140099
0.0279144
0.166183
0.314782
0.0136614
0.0377451
0.0557422
0.0542435
0.314782
0.105446
0.0102044
0.0562141
0.175694
0.007876
0.0185487
0.0358519
0.314782
0.0420604
0.0378054
0.0403873
0.251682
0.314782
0.0188537
0.0563611
0.108918
0.0569211
0.314782
0.149423
0.235389
0.216431
0.171842
0.0266348
0.0673525
0.0721338
0.314782
0.310258
0.069231
0.0124841
0.0449412
0.115917
0.013244
0.0338026
0.0584832
0.310258
0.111321
0.102688
0.0460753
0.0860653
0.193786
0.0402603
0.0673529
0.0848911
0.10471
0.310258
0.105157
0.16816
0.156212
0.200129
0.0781439
0.0657049
0.100866
0.310258
0.0562211
0.0931989
0.282769
0.304744
0.310258
0.251972
0.142938
0.0387406
0.0687354
0.0265379
0.0393477
0.0245278
0.340152
0.340152
0.0771384
0.0752199
0.0615027
0.0356343
0.0470327
0.0515417
0.0327547
0.0618862
0.086203
0.0497575
0.0584254
0.048603
0.0396197
0.0532118
0.0895956
0.0726301
0.340152
0.340152
0.147599
0.0852473
0.056184
0.0302306
0.0661979
0.0930021
0.131268
0.208135
0.340152
0.340152
0.325464
0.169068
0.0434721
0.0869037
0.0961316
0.0583772
0.124116
0.14715
0.0757189
0.0889914
0.0838454
0.0532712
0.0881229
0.0631444
0.0211439
0.0675954
0.124023
0.0541306
0.053991
0.143651
0.14366
0.142148
0.227268
0.227181
0.287539
0.287539
0.287539
0.287539
0.244467
0.0466776
0.0961141
0.122462
0.0398977
0.0515531
0.284901
0.287539
0.287539
0.209534
0.0700609
0.0774512
0.0464135
0.0084682
0.0470061
0.10672
0.0416029
0.0471321
0.125972
0.122955
0.205986
0.201084
0.0609339
0.289713
0.289713
0.0139049
0.0175594
0.0467701
0.112816
0.11429
0.078097
0.0334456
0.0478124
0.237694
0.289713
0.289713
0.177082
0.0516936
0.282376
0.282124
0.126801
0.289713
0.234429
0.219819
0.160424
0.0427035
0.0472797
0.12914
0.0737851
0.01861
0.180373
0.279967
0.0103215
0.0202361
0.0554838
0.179769
0.279967
0.0785589
0.0183883
0.187917
0.279967
0.016586
0.144484
0.229777
0.279967
0.136659
0.11378
0.0649305
0.142951
0.139239
0.0897825
0.0917763
0.0360842
0.0270907
0.198595
0.174608
0.0706821
0.279967
0.279967
0.110234
0.16888
0.186734
0.279967
0.276669
0.0476657
0.026243
0.223568
0.276669
0.0258252
0.140701
0.225794
0.276669
0.0801885
0.0502509
0.0424498
0.210775
0.276669
0.0405016
0.06368
0.0864795
0.146733
0.182692
0.157698
0.0858412
0.270078
0.276669
0.106661
0.167946
0.204108
0.276669
0.0947258
0.122762
0.0677251
0.134457
0.201897
0.0398353
0.0403925
0.0601187
0.111114
0.0376632
0.0397927
0.0608131
0.299592
0.299592
0.0390021
0.0767347
0.0986174
0.0805803
0.299592
0.139526
0.275749
0.271992
0.236272
0.0244416
0.0705708
0.0931015
0.299592
0.125381
0.149832
0.0939902
0.144514
0.264439
0.031019
0.0343828
0.0777608
0.0998024
0.107864
0.0653165
0.11177
0.161587
0.129095
0.110603
0.182831
0.0924261
0.299592
0.282529
0.0885737
0.178572
0.176076
0.225228
0.075136
0.0720448
0.1096
0.282529
0.0508577
0.0835168
0.282529
0.282529
0.282529
0.242606
0.177588
0.0729918
0.0882293
0.0979744
0.0508009
0.0970195
0.111167
0.0892061
0.0933016
0.126733
0.124921
0.282529
0.0615478
0.0840402
0.134936
0.112772
0.192705
0.207622
0.168118
0.146805
0.0978247
0.0395808
0.0657848
0.0828169
0.306014
0.306014
0.126581
0.0701725
0.0528931
0.0282288
0.0534604
0.0667131
0.102137
0.179841
0.306014
0.231858
0.237894
0.12995
0.04083
0.0921795
0.0998005
0.0729074
0.306014
0.306014
0.211727
0.0793388
0.101094
0.0308834
0.0303499
0.0832251
0.093329
0.139825
0.306014
0.306014
0.075188
0.0192707
0.000988931
0.073052
0.103274
0.127251
0.216633
0.25486
0.25486
0.25486
0.132282
0.0328084
0.0535067
0.063536
0.0645289
0.0789368
0.170963
0.211563
0.193656
0.111443
0.0572873
0.0410553
0.111642
0.110854
0.160098
0.25486
0.25486
0.120589
0.035399
0.0234892
0.0938345
0.115946
0.25486
0.25486
0.25486
0.25486
0.232296
0.133384
0.103997
0.0629594
0.0527924
0.0561126
0.070597
0.166853
0.223746
0.187341
0.111162
0.0517502
0.16958
0.193607
0.123885
0.170211
0.172057
0.162734
0.127235
0.0487408
0.0579902
0.0977628
0.0908173
0.226073
0.226073
0.226073
0.226073
0.226073
0.15188
0.142855
0.216137
0.217441
0.180652
0.226073
0.226073
0.226073
0.0970259
0.105846
0.226073
0.129561
0.131938
0.0843712
0.126877
0.17177
0.115204
0.111492
0.0532009
0.048565
0.238699
0.201751
0.0817498
0.246351
0.246351
0.137486
0.159346
0.169738
0.246351
0.117956
0.128092
0.131074
0.171576
0.225275
0.246351
0.0991788
0.105689
0.246351
0.0851198
0.246351
0.155097
0.194016
0.246351
0.114315
0.128537
0.150824
0.0996452
0.258782
0.193685
0.0971831
0.258782
0.258782
0.14621
0.187187
0.20616
0.258782
0.11437
0.137986
0.0834287
0.170655
0.258782
0.0609401
0.0404207
0.0751179
0.162239
0.103147
0.241552
0.172579
0.215477
0.258782
0.140052
0.151296
0.195313
0.136394
0.118034
0.137401
0.0456982
0.0907784
0.178992
0.0257666
0.0325544
0.0607021
0.147498
0.172106
0.175731
0.121138
0.214763
0.277322
0.0465415
0.0417059
0.103705
0.162365
0.142141
0.0593869
0.163142
0.219192
0.165207
0.111177
0.244199
0.18325
0.277322
0.199247
0.137072
0.0505683
0.126953
0.277322
0.0409172
0.0397105
0.0758966
0.152112
0.102326
0.00204448
0.0262063
0.0414759
0.136628
0.0641505
0.277322
0.277322
0.277322
0.12457
0.0551767
0.128994
0.144326
0.121677
0.100489
0.160444
0.193806
0.250283
0.105711
0.111926
0.181761
0.147274
0.170996
0.234084
0.235678
0.232044
0.140545
0.0858108
0.0398581
0.0499725
0.057959
0.155883
0.0826461
0.196262
0.250283
0.250283
0.129859
0.119206
0.180265
0.250283
0.250283
0.167202
0.149363
0.161139
0.16337
0.0842413
0.0903919
0.0952023
0.289904
0.289904
0.205957
0.0867437
0.0990788
0.0542041
0.0304272
0.0850212
0.104119
0.19807
0.289904
0.279518
0.0902556
0.0378242
0.0147922
0.188665
0.168566
0.163441
0.20127
0.289904
0.193473
0.135875
0.0887576
0.0743948
0.053973
0.13584
0.116672
0.165642
0.205949
0.214398
0.162039
0.142219
0.181171
0.0312353
0.0771364
0.0943407
0.172387
0.226881
0.226881
0.119604
0.0576516
0.0366057
0.0741793
0.109671
0.226881
0.226881
0.226881
0.226881
0.198551
0.10719
0.0976333
0.0603775
0.123092
0.117027
0.188501
0.226881
0.2112
0.185197
0.178204
0.185746
0.0510991
0.193165
0.222248
0.226881
0.226881
0.204775
0.181599
0.116536
0.0569245
0.0706174
0.0855844
0.20059
0.214112
0.214112
0.214112
0.203666
0.120295
0.120724
0.160333
0.175998
0.191235
0.201292
0.214112
0.203371
0.0971644
0.0915897
0.205424
0.0510436
0.150774
0.201339
0.214112
0.214112
0.178457
0.195791
0.139818
0.0638207
0.133798
0.144192
0.163262
0.214112
0.214112
0.13631
0.114153
0.101273
0.0901269
0.10775
0.129565
0.144835
0.176772
0.219573
0.219573
0.110973
0.111888
0.215162
0.112904
0.219573
0.144856
0.164065
0.219573
0.122055
0.121733
0.155047
0.100785
0.139848
0.143066
0.141535
0.179555
0.209809
0.147126
0.125327
0.16585
0.11878
0.208963
0.208651
0.0765654
0.219573
0.219573
0.0907309
0.188522
0.219573
0.184613
0.157844
0.233671
0.146145
0.217242
0.233671
0.1642
0.162365
0.211105
0.142267
0.140794
0.122273
0.0461761
0.0975073
0.21246
0.0307314
0.0295746
0.074305
0.156247
0.233671
0.233671
0.110761
0.233671
0.233671
0.146092
0.211761
0.233671
0.212817
0.0992592
0.123822
0.0790173
0.183466
0.233671
0.0280454
0.0831704
0.140557
0.109489
0.222119
0.11677
0.0415001
0.135484
0.284529
0.036518
0.0372471
0.0797278
0.145493
0.154327
0.00637265
0.0579853
0.0611948
0.126354
0.071309
0.220942
0.284529
0.284529
0.109773
0.123956
0.108847
0.276107
0.284529
0.0403358
0.0538319
0.110271
0.112243
0.206922
0.0477132
0.132359
0.102325
0.178754
0.215353
0.123352
0.26397
0.284529
0.119327
0.0365027
0.0651021
0.0642802
0.133854
0.086703
0.154311
0.24859
0.24859
0.137585
0.11569
0.180448
0.224848
0.24859
0.156251
0.16578
0.169493
0.128953
0.165949
0.0464783
0.10948
0.0955989
0.117774
0.157453
0.166824
0.211872
0.24859
0.0544322
0.0754334
0.224116
0.229607
0.214357
0.216099
0.24859
0.176328
0.0871434
0.145225
0.153732
0.124892
0.25248
0.257802
0.158901
0.117513
0.093826
0.0871404
0.0531842
0.116557
0.121212
0.19422
0.17145
0.173471
0.168844
0.151863
0.177403
0.225907
0.147624
0.159741
0.257802
0.257802
0.257802
0.144546
0.0918818
0.0621119
0.0646468
0.141419
0.125473
0.141974
0.23352
0.236466
0.167632
0.0928963
0.0669207
0.0656183
0.117475
0.121376
0.212608
0.210159
0.213905
0.207554
0.199175
0.185586
0.0631512
0.213905
0.203033
0.213905
0.202501
0.213905
0.176512
0.109636
0.0669486
0.0685685
0.139266
0.159337
0.163049
0.213905
0.213905
0.178479
0.0791174
0.0639291
0.0586513
0.127851
0.213905
0.157823
0.213905
0.213905
0.152723
0.0992916
0.13704
0.0662818
0.198685
0.195952
0.217279
0.217279
0.216652
0.207424
0.149662
0.0689485
0.131739
0.178001
0.196207
0.217279
0.217279
0.135568
0.151873
0.123465
0.0613659
0.0844097
0.149746
0.217279
0.172571
0.217279
0.217279
0.132973
0.0937771
0.096573
0.0732652
0.14401
0.146023
0.185093
0.217279
0.188363
0.145786
0.155138
0.131627
0.132591
0.151329
0.142855
0.196705
0.182298
0.106935
0.142044
0.179637
0.0769726
0.234763
0.184222
0.0847923
0.212577
0.234763
0.0564213
0.201653
0.234763
0.164855
0.10684
0.151643
0.13458
0.167592
0.234763
0.159551
0.11144
0.125561
0.0902395
0.234763
0.161429
0.129324
0.234763
0.234763
0.102649
0.177519
0.125989
0.105558
0.245725
0.222309
0.0952466
0.245725
0.245725
0.0841203
0.217692
0.245725
0.188757
0.132579
0.102241
0.0705623
0.158278
0.245725
0.0363533
0.0671664
0.110019
0.111496
0.241699
0.178429
0.154989
0.245725
0.245725
0.128924
0.191591
0.144569
0.104929
0.108856
0.0559467
0.0345287
0.13852
0.245725
0.0272321
0.0744444
0.154624
0.121932
0.124307
0.0990121
0.085264
0.234535
0.270004
0.0402508
0.0402064
0.0803557
0.10625
0.244669
0.0680408
0.111486
0.119389
0.172588
0.186701
0.0677282
0.228452
0.270004
0.0616439
0.0483439
0.0266695
0.223196
0.270004
0.0322292
0.0445392
0.113236
0.145696
0.234441
0.101693
0.232494
0.228736
0.188392
0.167598
0.0319796
0.239297
0.270004
0.193122
0.0586535
0.105196
0.109446
0.118058
0.137218
0.103248
0.195908
0.24661
0.0686902
0.0857433
0.189935
0.164012
0.16322
0.199675
0.24661
0.192629
0.103449
0.193582
0.0728928
0.127247
0.130102
0.122918
0.115217
0.0709855
0.218866
0.24661
0.0816223
0.195428
0.176051
0.235909
0.229846
0.190567
0.159707
0.204981
0.192869
0.233141
0.141537
0.123854
0.233141
0.233141
0.176574
0.112561
0.159127
0.0776453
0.0855887
0.156259
0.135951
0.152231
0.19944
0.187789
0.161364
0.105784
0.0628748
0.20988
0.208923
0.108863
0.225526
0.233141
0.144194
0.110965
0.189979
0.156705
0.161177
0.233141
0.118145
0.127965
0.215787
0.121271
0.176899
0.1499
0.111899
0.0993553
0.166031
0.16108
0.175219
0.211505
0.211505
0.181145
0.100971
0.0600372
0.0828779
0.161781
0.172012
0.137372
0.211505
0.211505
0.168986
0.111377
0.120619
0.176037
0.21049
0.102988
0.112193
0.211505
0.162224
0.211505
0.211505
0.172915
0.12202
0.162026
0.157161
0.130815
0.191575
0.168061
0.1496
0.205586
0.204693
0.113276
0.179893
0.189625
0.164141
0.225197
0.225197
0.151117
0.11688
0.0967459
0.0707355
0.157656
0.153915
0.199835
0.225197
0.18166
0.166854
0.182126
0.125036
0.157583
0.117743
0.141087
0.0937309
0.225197
0.172209
0.166165
0.225197
0.212717
0.0662957
0.127995
0.15825
0.175692
0.225197
0.225197
0.140687
0.12625
0.0748734
0.0920546
0.142905
0.14075
0.162933
0.25037
0.121897
0.110848
0.148789
0.0891019
0.254675
0.16543
0.155581
0.234038
0.254675
0.0795576
0.182906
0.133142
0.109611
0.0807077
0.122045
0.125796
0.120794
0.254675
0.145938
0.141769
0.142547
0.0662983
0.254675
0.254675
0.0963676
0.254675
0.254675
0.0726372
0.165106
0.0992563
0.0730766
0.238011
0.186361
0.184009
0.252813
0.252813
0.0893241
0.190365
0.166165
0.123484
0.122838
0.0505399
0.0355815
0.139953
0.252813
0.0260231
0.0497267
0.137722
0.167774
0.252813
0.252813
0.13072
0.252813
0.252813
0.0724375
0.224963
0.137093
0.102969
0.100167
0.100687
0.0173103
0.145463
0.252813
0.0737203
0.0640808
0.134459
0.12655
0.0729448
0.0447907
0.0246608
0.22232
0.280054
0.0310171
0.0302
0.103078
0.178372
0.27084
0.135882
0.199178
0.216128
0.193648
0.107053
0.030364
0.24649
0.280054
0.0745198
0.0704164
0.0155443
0.150032
0.215843
0.0636091
0.0763652
0.135674
0.183656
0.175584
0.0191473
0.0849888
0.171815
0.180989
0.171632
0.154079
0.280054
0.280054
0.216888
0.0910787
0.104708
0.132093
0.145148
0.0872367
0.0571816
0.217848
0.249225
0.0902354
0.18644
0.150524
0.233733
0.230223
0.16445
0.145744
0.217388
0.211856
0.136459
0.0211213
0.0646485
0.0935429
0.133684
0.116895
0.122828
0.249225
0.249225
0.0833604
0.183152
0.223262
0.171204
0.242403
0.230189
0.120817
0.0907788
0.0635155
0.203463
0.191019
0.0914531
0.225641
0.225641
0.0855546
0.104754
0.225641
0.179315
0.17974
0.225641
0.102531
0.144096
0.206035
0.125227
0.162666
0.160764
0.107895
0.225641
0.144001
0.0599239
0.203099
0.225641
0.0771795
0.0866731
0.225641
0.189105
0.0562418
0.21379
0.130813
0.204979
0.20445
0.0943368
0.159928
0.11549
0.0939443
0.20027
0.205279
0.0947184
0.12542
0.205279
0.160498
0.205279
0.205279
0.158009
0.143975
0.149728
0.0939284
0.115706
0.205279
0.173498
0.171904
0.178639
0.175904
0.07106
0.165443
0.140931
0.177621
0.199837
0.101519
0.205279
0.182447
0.129959
0.162123
0.205279
0.205279
0.172322
0.173423
0.135393
0.140501
0.150562
0.168642
0.17501
0.117479
0.109622
0.0873484
0.215904
0.159302
0.194026
0.215904
0.20125
0.0847999
0.130712
0.157253
0.169877
0.215904
0.197497
0.123712
0.121295
0.108891
0.143448
0.179318
0.215581
0.147242
0.159149
0.135009
0.182513
0.215904
0.215904
0.0946191
0.0966781
0.114401
0.211687
0.215904
0.186989
0.194279
0.141837
0.164891
0.0860609
0.120535
0.142477
0.120726
0.23949
0.117016
0.119486
0.139782
0.11701
0.284229
0.284229
0.107498
0.284229
0.284229
0.0620191
0.127627
0.100109
0.0878033
0.0627405
0.0622585
0.112725
0.163676
0.231094
0.156548
0.147787
0.163617
0.160889
0.191813
0.170934
0.0757761
0.284229
0.284229
0.0873023
0.0911288
0.0370611
0.0415466
0.270348
0.270348
0.160721
0.270348
0.270348
0.0642278
0.188935
0.156981
0.141032
0.11367
0.0941216
0.0328563
0.182143
0.270348
0.0572659
0.0483042
0.14142
0.149613
0.208732
0.199226
0.138507
0.270348
0.270348
0.127518
0.12277
0.0739915
0.0569534
0.0796169
0.0857888
0.0293029
0.177476
0.270348
0.0369446
0.0493306
0.0827255
0.0434175
0.0916023
0.0677015
0.033648
0.180934
0.223389
0.052114
0.0625814
0.147707
0.2165
0.232522
0.0284354
0.110286
0.198718
0.239949
0.200957
0.142389
0.292419
0.292419
0.0976982
0.0714981
0.0312425
0.0666771
0.0827581
0.0368031
0.0653885
0.13086
0.207883
0.19633
0.0361291
0.090593
0.0291493
0.204065
0.235233
0.21614
0.247274
0.292419
0.195027
0.0318514
0.0733846
0.110972
0.175769
0.135113
0.112345
0.245841
0.268497
0.0648488
0.199972
0.268497
0.212254
0.268497
0.268497
0.140602
0.111842
0.0543497
0.173739
0.0368089
0.0513216
0.0234122
0.125237
0.121643
0.148258
0.21099
0.268497
0.0588786
0.0943807
0.210803
0.0771013
0.133946
0.121638
0.187836
0.249851
0.105862
