0.220729
0.165355
0.0881866
0.142733
0.189842
0.0810651
0.117271
0.177252
0.212913
0.199492
0.135317
0.112992
0.206735
0.220729
0.0907872
0.0405302
0.1463
0.220729
0.220729
0.215202
0.0962255
0.179813
0.220729
0.066431
0.161716
0.156959
0.220729
0.160303
0.183209
0.0933874
0.183857
0.220729
0.0508174
0.0977485
0.220729
0.14033
0.228185
0.221916
0.190858
0.228185
0.228185
0.101789
0.0629983
0.142789
0.228185
0.12676
0.138064
0.106268
0.123044
0.228185
0.13295
0.143617
0.140941
0.193564
0.228185
0.228185
0.158793
0.228185
0.228185
0.0524311
0.14072
0.194477
0.110192
0.0705246
0.141805
0.174529
0.096409
0.204996
0.0871551
0.0943799
0.159737
0.0847701
0.177272
0.167912
0.12902
0.139097
0.220688
0.132449
0.123154
0.15989
0.220688
0.220688
0.148519
0.084859
0.204008
0.216846
0.14565
0.0851085
0.137952
0.220688
0.0956056
0.132673
0.179308
0.11172
0.220688
0.0835333
0.102397
0.178668
0.157573
0.153353
0.220688
0.220688
0.173775
0.207918
0.0981057
0.083781
0.178662
0.220688
0.237993
0.155092
0.0726651
0.186588
0.237993
0.133579
0.0714018
0.140005
0.237993
0.146489
0.106449
0.035642
0.0875237
0.145685
0.0874663
0.107724
0.210684
0.237993
0.197515
0.237993
0.177495
0.180727
0.237993
0.0755221
0.0653555
0.2273
0.237993
0.175011
0.128882
0.0563887
0.140186
0.194346
0.07585
0.111231
0.151024
0.237993
0.199535
0.112491
0.0297056
0.102966
0.245947
0.0675626
0.0905379
0.175728
0.245947
0.211266
0.106454
0.0171587
0.147242
0.245947
0.0463075
0.0797209
0.245947
0.245947
0.197257
0.087497
0.0334462
0.132197
0.237029
0.0706254
0.095126
0.166475
0.245947
0.245947
0.189028
0.0515104
0.0871407
0.228433
0.0602866
0.0543928
0.232802
0.245947
0.212262
0.138287
0.0276547
0.168296
0.249096
0.0500059
0.0761738
0.190607
0.249096
0.169639
0.109056
0.0146038
0.0648344
0.137995
0.0478938
0.128022
0.201042
0.249096
0.249096
0.204081
0.0599584
0.101846
0.249096
0.0667135
0.0667218
0.249096
0.249096
0.249096
0.0904876
0.00905438
0.102991
0.204402
0.0663736
0.0643957
0.216103
0.249096
0.21331
0.151524
0.0249886
0.0903938
0.216671
0.0388269
0.104749
0.141363
0.250128
0.250128
0.137066
0.0229942
0.0635114
0.23356
0.0346798
0.103795
0.224913
0.250128
0.250128
0.138557
0.0194406
0.123157
0.250128
0.0469679
0.0716694
0.213953
0.250128
0.250128
0.154737
0.031093
0.0905859
0.154381
0.0398659
0.0559442
0.229844
0.250128
0.159697
0.110152
0.0605442
0.128866
0.169459
0.0702111
0.0930299
0.12278
0.18021
0.101133
0.0930825
0.0479163
0.0939119
0.124611
0.0337366
0.0470663
0.117778
0.0705271
0.162656
0.252977
0.252977
0.252977
0.252977
0.203224
0.197416
0.251646
0.233687
0.140978
0.135627
0.100313
0.249174
0.252977
0.252977
0.131406
0.162292
0.147754
0.209231
0.162766
0.105956
0.155753
0.25234
0.0499274
0.0876632
0.134762
0.0783145
0.0741683
0.0995639
0.118557
0.07169
0.159078
0.0514628
0.0657571
0.108147
0.0924902
0.231611
0.257725
0.146579
0.257725
0.257725
0.257725
0.257725
0.257725
0.224362
0.257725
0.0817516
0.115285
0.119394
0.208902
0.04631
0.0858479
0.0552476
0.167631
0.121883
0.135913
0.186204
0.0979277
0.217748
0.0672444
0.0964683
0.161204
0.202466
0.14868
0.217748
0.217748
0.172771
0.217748
0.143294
0.104211
0.146547
0.212438
0.217748
0.149127
0.168949
0.125154
0.217748
0.0742637
0.151768
0.0961945
0.217748
0.158245
0.206983
0.203176
0.189245
0.217748
0.130824
0.151631
0.100017
0.114009
0.186716
0.222279
0.183057
0.182267
0.222279
0.121918
0.0934761
0.207475
0.222279
0.170339
0.127835
0.0737418
0.128685
0.214243
0.0718403
0.111531
0.167654
0.222279
0.104883
0.185117
0.16411
0.162519
0.210532
0.142638
0.184167
0.123643
0.142183
0.174849
0.222279
0.214792
0.0783951
0.112333
0.0308333
0.176435
0.168058
0.193022
0.2048
0.10488
0.0522573
0.125777
0.253018
0.0777123
0.105045
0.200319
0.253018
0.253018
0.216717
0.0743884
0.0625939
0.22945
0.064415
0.0791764
0.249803
0.253018
0.132732
0.199633
0.152166
0.0808801
0.131173
0.0267431
0.165031
0.182485
0.253018
0.201826
0.175758
0.0447683
0.0750293
0.174189
0.093536
0.082949
0.12024
0.253018
0.26274
0.221768
0.0802357
0.0662126
0.254931
0.0719743
0.0827861
0.249024
0.26274
0.26274
0.10262
0.0168062
0.100649
0.208722
0.0637056
0.0519916
0.235385
0.26274
0.168806
0.163068
0.0340776
0.0800096
0.184882
0.0693519
0.0771238
0.136326
0.26274
0.224193
0.129375
0.0272608
0.0887035
0.165336
0.0269588
0.0177117
0.173002
0.26274
0.257023
0.150254
0.02505
0.11435
0.240149
0.0417673
0.0560476
0.228088
0.257023
0.257023
0.16396
0.0266605
0.078448
0.155156
0.027867
0.028799
0.236566
0.257023
0.234386
0.172014
0.0586296
0.106947
0.239475
0.0167955
0.0261263
0.175793
0.257023
0.183196
0.0965829
0.0240095
0.0727124
0.257023
0.0217055
0.0214675
0.181714
0.257023
0.0917455
0.205158
0.228218
0.228218
0.228218
0.143555
0.147722
0.162493
0.160201
0.0814079
0.0967783
0.089328
0.179464
0.183284
0.0943613
0.088414
0.131599
0.0965896
0.031214
0.185898
0.21976
0.228218
0.228218
0.164006
0.215524
0.121691
0.0520872
0.06192
0.228218
0.203679
0.228218
0.158644
0.192287
0.204648
0.168073
0.0705874
0.109382
0.151304
0.103957
0.221073
0.227652
0.119685
0.127002
0.138003
0.115713
0.100197
0.0488188
0.0515939
0.0646012
0.126197
0.0347934
0.0483151
0.0492655
0.090778
0.112812
0.241464
0.241464
0.241464
0.241464
0.241464
0.241464
0.188676
0.116321
0.127108
0.241464
0.100112
0.241464
0.241464
0.221829
0.0863703
0.148536
0.223258
0.165369
0.0998553
0.0871533
0.0709696
0.179923
0.0615099
0.0859238
0.0622432
0.155362
0.0691439
0.0962195
0.0991061
0.101456
0.121928
0.0889103
0.0838706
0.0479537
0.0567237
0.225394
0.30088
0.169993
0.30088
0.30088
0.30088
0.100341
0.211304
0.30088
0.0660701
0.119716
0.0626452
0.169504
0.30088
0.129864
0.058144
0.138727
0.201461
0.0980511
0.169653
0.151021
0.170013
0.212193
0.168033
0.186709
0.103034
0.128208
0.164847
0.230378
0.166844
0.107664
0.125539
0.0316963
0.136104
0.162959
0.181156
0.0984692
0.159107
0.12472
0.251141
0.251141
0.251141
0.0840125
0.251141
0.251141
0.113551
0.196642
0.10933
0.203684
0.0915968
0.058566
0.0501809
0.131407
0.225357
0.138164
0.222453
0.146165
0.109429
0.148163
0.033629
0.150724
0.199922
0.268277
0.225949
0.184851
0.0555618
0.0610312
0.157409
0.105897
0.0955212
0.161907
0.268277
0.124125
0.199666
0.108299
0.175175
0.0953921
0.0777659
0.0702191
0.18487
0.268277
0.220609
0.21359
0.0843209
0.0885514
0.0820486
0.0947845
0.110402
0.268277
0.268277
0.180554
0.159023
0.0448082
0.0603051
0.16189
0.0763571
0.0786182
0.153277
0.254421
0.252141
0.136404
0.0331376
0.0947424
0.148673
0.0232411
0.0361146
0.211783
0.254421
0.223731
0.197647
0.0997156
0.11877
0.156244
0.0613607
0.0759616
0.254421
0.254421
0.22204
0.111429
0.0571695
0.133413
0.254421
0.0778948
0.1569
0.254421
0.254421
0.243819
0.187989
0.0603039
0.117313
0.231276
0.0187812
0.0340268
0.209029
0.243819
0.197017
0.110593
0.0270245
0.0813484
0.243819
0.0251512
0.0191824
0.210268
0.243819
0.243819
0.179686
0.105265
0.209725
0.243819
0.0624215
0.0885922
0.167076
0.243819
0.107865
0.0988319
0.0533927
0.0647015
0.224111
0.0648045
0.105783
0.219807
0.243819
0.0293151
0.247289
0.247289
0.247289
0.247289
0.1831
0.247289
0.126749
0.0673945
0.0661755
0.247289
0.247289
0.247289
0.247289
0.179586
0.247289
0.247289
0.0852846
0.041215
0.0449346
0.0536195
0.16308
0.155483
0.0740523
0.0622023
0.0275809
0.0167289
0.00976682
0.0847716
0.11417
0.10989
0.17704
0.234572
0.156072
0.131275
0.0180964
0.0961467
0.220636
0.233354
0.233354
0.233354
0.199259
0.217875
0.224206
0.111134
0.094904
0.192738
0.105691
0.233354
0.233354
0.197443
0.0891268
0.144526
0.18634
0.00800208
0.0709242
0.0946132
0.105573
0.166528
0.220871
0.158051
0.0995873
0.0200818
0.0250324
0.135829
0.144743
0.185097
0.16953
0.233354
0.233354
0.0894051
0.056673
0.125678
0.179356
0.118835
0.238478
0.238478
0.223337
0.0766009
0.104662
0.238478
0.0345878
0.0941188
0.0743763
0.124153
0.174428
0.118086
0.0699544
0.0876638
0.117372
0.031333
0.138084
0.173678
0.224126
0.227668
0.238478
0.238478
0.0870592
0.0646156
0.119825
0.182867
0.231201
0.238478
0.238478
0.219695
0.141224
0.0843312
0.175444
0.0441782
0.121726
0.104431
0.199135
0.227469
0.160633
0.0840127
0.10311
0.169358
0.0571328
0.0897828
0.0420882
0.0971019
0.0627359
0.037197
0.0228232
0.0714755
0.100052
0.15272
0.215349
0.24934
0.24934
0.24934
0.24934
0.198177
0.132545
0.24934
0.24934
0.162208
0.0643389
0.24934
0.24934
0.122429
0.0947854
0.157388
0.24934
0.0827884
0.130901
0.0560179
0.124436
0.0780317
0.065104
0.0366695
0.123984
0.167091
0.118849
0.11067
0.0523301
0.0555144
0.0545555
0.0654515
0.068013
0.261255
0.277333
0.277333
0.19228
0.0614681
0.277333
0.277333
0.196351
0.172045
0.244206
0.277333
0.136032
0.111775
0.0832288
0.121754
0.206898
0.0336336
0.0361688
0.24915
0.277333
0.182239
0.164738
0.0928394
0.110481
0.13999
0.0676948
0.0714381
0.230336
0.230336
0.208008
0.116323
0.0673948
0.13681
0.230336
0.0636017
0.13564
0.230336
0.230336
0.179062
0.150986
0.140196
0.193467
0.197228
0.0481555
0.0641014
0.230336
0.230336
0.173599
0.0849094
0.151214
0.230336
0.20101
0.0656324
0.0801332
0.202317
0.230336
0.227196
0.206403
0.121102
0.227196
0.227196
0.0632675
0.0961298
0.202927
0.227196
0.122818
0.0951818
0.0606824
0.0947424
0.224879
0.044266
0.097908
0.217526
0.227196
0.227196
0.141395
0.192837
0.227196
0.227196
0.0768363
0.077514
0.219018
0.20108
0.0659031
0.106589
0.0697534
0.100017
0.194477
0.111924
0.0833919
0.179277
0.227196
0.121205
0.153527
0.168831
0.257031
0.257031
0.113491
0.078644
0.0437373
0.0255066
0.0118486
0.0978117
0.182161
0.17093
0.257031
0.257031
0.257031
0.257031
0.0275919
0.060936
0.148241
0.246535
0.257031
0.257031
0.131783
0.0596814
0.0543336
0.0329017
0.024298
0.159425
0.257031
0.257031
0.177839
0.0748098
0.0460493
0.0339683
0.0122805
0.00614037
0.0825551
0.130858
0.153959
0.243564
0.243564
0.240825
0.213487
0.0264584
0.0370872
0.208758
0.243564
0.243564
0.243564
0.243564
0.243564
0.120526
0.0639094
0.0171739
0.110442
0.243564
0.243564
0.146672
0.0661274
0.0381503
0.0327524
0.0157577
0.0240138
0.0604598
0.0693011
0.107353
0.243564
0.224327
0.235772
0.150494
0.0311746
0.029981
0.162913
0.211722
0.225376
0.225376
0.225376
0.225376
0.0742144
0.0357651
0.127773
0.218138
0.225376
0.225376
0.225376
0.225376
0.223249
0.163192
0.185538
0.0331115
0.0515303
0.0544506
0.117528
0.225376
0.133564
0.142031
0.0987043
0.0235761
0.0869958
0.123658
0.0925639
0.131818
0.191463
0.213583
0.225376
0.148867
0.126958
0.0939332
0.175058
0.223133
0.236658
0.245268
0.202837
0.187739
0.141863
0.155431
0.129293
0.112219
0.0935997
0.194243
0.246091
0.0874585
0.0674727
0.089908
0.171878
0.107563
0.092899
0.097361
0.140132
0.159225
0.129822
0.184463
0.145717
0.246091
0.0842061
0.157377
0.246091
0.246091
0.127767
0.149286
0.104575
0.131484
0.246091
0.145408
0.0894013
0.0862233
0.169988
0.25179
0.110738
0.0799942
0.102576
0.177342
0.061976
0.0523409
0.0484126
0.0660515
0.126287
0.0665353
0.0357342
0.135127
0.214962
0.148256
0.128916
0.26789
0.26789
0.149693
0.158639
0.0994168
0.169947
0.26789
0.200735
0.166928
0.26789
0.26789
0.248854
0.215703
0.0499658
0.146977
0.163143
0.105498
0.0701107
0.080764
0.0987289
0.158314
0.100771
0.0478511
0.140593
0.179913
0.0943421
0.04945
0.0637152
0.111362
0.0859803
0.0288882
0.0294075
0.0931423
0.119585
0.222821
0.201393
0.263168
0.263168
0.263168
0.262115
0.0802099
0.190591
0.179725
0.107025
0.0735777
0.170319
0.263168
0.263168
0.210907
0.170762
0.263168
0.221658
0.195251
0.115528
0.11801
0.2119
0.14593
0.0477068
0.0506085
0.155976
0.151772
0.0631075
0.0698696
0.0555951
0.0749948
0.113204
0.0533032
0.0417983
0.118635
0.168465
0.113826
0.126167
0.294735
0.294735
0.294735
0.294735
0.294735
0.294735
0.294735
0.0939249
0.0992322
0.104025
0.0852781
0.0877357
0.059068
0.0807326
0.124393
0.178536
0.117373
0.243386
0.258823
0.258823
0.258823
0.147165
0.0599765
0.0789758
0.0552188
0.0278415
0.140732
0.258823
0.258823
0.216471
0.0807603
0.0564588
0.0412593
0.0226164
0.0197055
0.00344929
0.025429
0.258823
0.258823
0.258823
0.211008
0.148703
0.134043
0.00560781
0.028532
0.21663
0.130949
0.196106
0.220848
0.16496
0.106667
0.027775
0.0274866
0.138827
0.253333
0.253333
0.221417
0.106276
0.0624249
0.0485093
0.0311629
0.0413081
0.112806
0.154747
0.209651
0.253333
0.253333
0.253333
0.168108
0.0481966
0.0110527
0.0310036
0.241499
0.175661
0.184008
0.246387
0.160392
0.0730303
0.034591
0.0395431
0.0654248
0.253333
0.253333
0.253333
0.213648
0.115308
0.0554556
0.0339373
0.0432733
0.0749324
0.109633
0.196512
0.243135
0.150125
0.14605
0.106524
0.0296879
0.103889
0.154218
0.126119
0.174542
0.234267
0.243135
0.243135
0.243135
0.141203
0.0286536
0.0562767
0.243135
0.220749
0.243135
0.140688
0.0569172
0.0213392
0.017635
0.0262674
0.0478692
0.203983
0.243135
0.243135
0.243135
0.192445
0.166808
0.109594
0.0832667
0.0790686
0.0855441
0.132142
0.142594
0.1292
0.224785
0.189704
0.207744
0.0385503
0.126971
0.275026
0.275026
0.215218
0.186355
0.1383
0.11661
0.250619
0.0227094
0.0321828
0.15831
0.168743
0.275026
0.183118
0.107639
0.0836096
0.078974
0.0198345
0.0121266
0.0712875
0.275026
0.275026
0.275026
0.127113
0.0773576
0.0781829
0.0834652
0.0829758
0.257555
0.257555
0.197651
0.150512
0.116833
0.12225
0.257555
0.135547
0.0968944
0.199002
0.257555
0.242299
0.189469
0.048918
0.117457
0.110795
0.0376625
0.0259911
0.0740692
0.257555
0.257555
0.257555
0.123128
0.0797616
0.0972194
0.0609772
0.068966
0.121633
0.257555
0.257555
0.190851
0.0813413
0.0589737
0.00675255
0.174541
0.115036
0.23994
0.23994
0.23994
0.214267
0.0558316
0.137017
0.127759
0.073298
0.062529
0.140831
0.194421
0.232285
0.104813
0.0741881
0.190378
0.107918
0.0847289
0.110965
0.202942
0.23994
0.23994
0.206251
0.122826
0.0725194
0.0264269
0.0435475
0.190256
0.23994
0.23994
0.23994
0.103506
0.113795
0.182939
0.0829146
0.0581845
0.0641524
0.185836
0.248279
0.248279
0.118191
0.0997522
0.212107
0.123098
0.0541355
0.0510351
0.0469771
0.0654115
0.0704722
0.047609
0.045207
0.0788721
0.0917018
0.0394206
0.176576
0.248279
0.248279
0.248279
0.171409
0.194998
0.201566
0.141221
0.084087
0.185126
0.248279
0.248279
0.248279
0.248279
0.117038
0.0761698
0.248279
0.0271413
0.012717
0.0413798
0.214661
0.260922
0.260922
0.148319
0.138565
0.152793
0.00831281
0.0212905
0.197617
0.147897
0.195722
0.260922
0.191279
0.105599
0.0295134
0.0288072
0.026907
0.0962546
0.260922
0.260922
0.258997
0.135418
0.0741909
0.0494619
0.0356068
0.0563865
0.0665584
0.225756
0.260922
0.260922
0.260922
0.16551
0.0483277
0.0140418
0.0243177
0.203729
0.17395
0.174863
0.250031
0.166444
0.0783015
0.0304288
0.026461
0.0466669
0.269717
0.273769
0.273769
0.191986
0.0930298
0.0356866
0.0336522
0.0526481
0.0574755
0.0486695
0.197977
0.273769
0.273769
0.226766
0.149788
0.0649785
0.00920018
0.00932641
0.0163166
0.07922
0.273769
0.273769
0.239279
0.160818
0.103933
0.0259441
0.0520237
0.25804
0.25804
0.25804
0.158551
0.0623417
0.0188746
0.0227489
0.0265352
0.0571825
0.226064
0.25804
0.25804
0.25804
0.25804
0.246482
0.145223
0.0094185
0.0104259
0.0285735
0.0681727
0.25804
0.25804
0.143506
0.141656
0.112409
0.0459611
0.0524982
0.199758
0.198733
0.214975
0.164821
0.0702639
0.0555263
0.0769074
0.0297918
0.0443161
0.174535
0.243708
0.332672
0.265935
0.1922
0.147157
0.106543
0.0257077
0.00753765
0.0679123
0.332672
0.332672
0.332672
0.229835
0.128621
0.101364
0.0248447
0.0358251
0.142465
0.142599
0.124531
0.0932504
0.0412198
0.0313867
0.0475557
0.0401423
0.0765423
0.330611
0.206528
0.0712033
0.0359424
0.0334897
0.016373
0.0104215
0.0620627
0.0366898
0.0971431
0.316902
0.316902
0.316902
0.235487
0.138005
0.122959
0.0967899
0.0830658
0.165739
0.316902
0.316902
0.255052
0.116608
0.0860337
0.0123152
0.033676
0.0617686
0.256389
0.190192
0.0630586
0.0336395
0.0378854
0.0158507
0.00629516
0.0672648
0.037328
0.0950135
0.13794
0.316902
0.0702942
0.0400342
0.0255776
0.0915632
0.117591
0.118735
0.243911
0.264859
0.264859
0.197395
0.117049
0.0686137
0.0206008
0.0527038
0.178863
0.264859
0.264859
0.260232
0.14194
0.118219
0.212645
0.0582639
0.0673376
0.0366796
0.0982192
0.131689
0.258651
0.0752614
0.0460372
0.0374334
0.0788207
0.0524813
0.0745076
0.114838
0.264859
0.264859
0.264859
0.103562
0.116862
0.132153
0.0327245
0.114723
0.24222
0.24222
0.199129
0.142272
0.121576
0.137393
0.0825647
0.0659096
0.10888
0.214446
0.24222
0.24222
0.209274
0.0985631
0.0772692
0.220915
0.0498958
0.0542256
0.103766
0.197618
0.24222
0.226885
0.0844914
0.10024
0.112246
0.0341762
0.0784374
0.192413
0.24222
0.24222
0.24222
0.15511
0.178497
0.0937508
0.0263483
0.0291751
0.0775756
0.24621
0.312519
0.20051
0.0832848
0.0378403
0.0429924
0.0216859
0.0293771
0.0431817
0.198248
0.312519
0.312519
0.240039
0.127965
0.0388063
0.0362102
0.0424959
0.0392722
0.251703
0.312519
0.206922
0.109165
0.0427922
0.0372112
0.0507134
0.081213
0.0445518
0.270187
0.312519
0.236049
0.0801097
0.0371743
0.0377041
0.0293396
0.0254879
0.0272007
0.152279
0.318026
0.298456
0.176364
0.108655
0.037971
0.00744773
0.0041731
0.00909801
0.0568992
0.318026
0.252186
0.133985
0.119635
0.0624811
0.0395966
0.0422666
0.0505887
0.27413
0.318026
0.173874
0.0717445
0.03906
0.0385234
0.0605672
0.0302541
0.0428117
0.265969
0.318026
0.318026
0.0933388
0.0707957
0.148125
0.0105413
0.00663363
0.0138013
0.0642998
0.300222
0.280012
0.125936
0.130675
0.0854099
0.0377265
0.0534558
0.224632
0.233212
0.150265
0.160703
0.0722397
0.0576225
0.0769705
0.0768648
0.038139
0.0809604
0.300222
0.300222
0.300222
0.125498
0.06835
0.163353
0.0539624
0.0428444
0.0975127
0.172815
0.300222
0.300222
0.201866
0.118127
0.0651084
0.0493581
0.0832259
0.274557
0.274557
0.193151
0.224065
0.115044
0.0640525
0.0986486
0.0792414
0.140457
0.274557
0.274557
0.121257
0.0747651
0.0644688
0.0468848
0.0299353
0.100333
0.0949837
0.15525
0.264387
0.274557
0.274557
0.274557
0.123082
0.110097
0.0281904
0.0339627
0.105448
0.0673289
0.173617
0.191238
0.187299
0.127455
0.137218
0.0856709
0.144499
0.27963
0.27963
0.140129
0.0701164
0.0906236
0.051972
0.0227595
0.124889
0.0827672
0.27963
0.27963
0.27963
0.135988
0.118782
0.0765723
0.158902
0.0361331
0.0434816
0.113046
0.083533
0.176124
0.205408
0.25054
0.115283
0.168618
0.0332348
0.0384719
0.27963
0.27963
0.27963
0.0885274
0.0641667
0.0473851
0.0815359
0.0826114
0.0548692
0.214314
0.251119
0.275274
0.0895948
0.0742204
0.055465
0.0883791
0.0705556
0.0695388
0.15174
0.275274
0.275274
0.275274
0.211214
0.179936
0.147674
0.0201981
0.0395189
0.275274
0.238969
0.171325
0.0654328
0.0406303
0.0368889
0.0511985
0.0250111
0.116715
0.275274
0.275274
0.275274
0.0646316
0.0156091
0.0214907
0.0379058
0.0632354
0.0601887
0.142989
0.24583
0.252489
0.252489
0.141142
0.132304
0.122001
0.0630464
0.103416
0.252489
0.252489
0.252489
0.252489
0.225587
0.231458
0.13997
0.0227716
0.0915098
0.252489
0.252489
0.252489
0.0674771
0.0129875
0.0238139
0.0308763
0.0307649
0.0782166
0.11941
0.135623
0.181955
0.209346
0.086974
0.0675105
0.0529729
0.0296948
0.0515271
0.044996
0.291139
0.351311
0.192813
0.0705155
0.0366195
0.0287152
0.0287378
0.0416215
0.0356174
0.269465
0.351311
0.223969
0.0510165
0.035861
0.035563
0.0133102
0.0240277
0.0418064
0.236728
0.351311
0.272557
0.0727568
0.0589633
0.0218353
0.0284839
0.0530586
0.0542563
0.132305
0.351311
0.260097
0.0679541
0.0266054
0.0283549
0.0236734
0.0206748
0.0427842
0.263781
0.351913
0.193688
0.046235
0.0423395
0.0355324
0.0452865
0.0217575
0.0406311
0.232749
0.351913
0.278018
0.0884364
0.079337
0.103679
0.0246832
0.0380328
0.0523808
0.135959
0.351913
0.224879
0.0388004
0.0252728
0.0254191
0.0204092
0.0299232
0.0796804
0.201689
0.351913
0.315666
0.0575015
0.017287
0.0279595
0.052577
0.0250508
0.0588814
0.262478
0.291363
0.291363
0.112031
0.0621394
0.0974672
0.0395153
0.0267822
0.0595449
0.127327
0.291363
0.291363
0.188875
0.120211
0.0777901
0.0226336
0.0358116
0.101793
0.226039
0.291363
0.291363
0.0525379
0.0237843
0.0298518
0.0180867
0.0314401
0.079219
0.223255
0.291363
0.289142
0.0991845
0.0798172
0.0341116
0.0621605
0.0542193
0.0843916
0.182243
0.290741
0.290741
0.271326
0.111031
0.0915952
0.017081
0.0219204
0.0125512
0.0373532
0.217982
0.217726
0.161461
0.103455
0.0796495
0.027459
0.0539225
0.108247
0.289184
0.290741
0.290741
0.121073
0.0847755
0.0374377
0.0236628
0.014347
0.0399421
0.169966
0.290741
0.290741
0.218741
0.0807826
0.0557313
0.021409
0.0368951
0.0545232
0.0878142
0.274937
0.23722
0.199804
0.0989961
0.0867891
0.0105226
0.0369317
0.309684
0.309684
0.144737
0.0913923
0.0709796
0.0450643
0.0355718
0.0242623
0.0182892
0.0431094
0.177925
0.309684
0.309684
0.197666
0.0820535
0.0654113
0.0219766
0.00927674
0.0122659
0.0688636
0.309684
0.309684
0.284546
0.0985719
0.0563583
0.00813716
0.0548978
0.295743
0.295743
0.161305
0.0967684
0.0702548
0.0568377
0.0344856
0.0260616
0.143797
0.295743
0.295743
0.18851
0.0466573
0.0414501
0.0267959
0.0254065
0.0149445
0.0107092
0.0200021
0.110742
0.295743
0.295743
0.190242
0.10182
0.0543273
0.00655071
0.0336521
0.201116
0.255519
0.295743
0.295743
0.130389
0.0400751
0.0478171
0.0260333
0.135168
0.288131
0.288131
0.174419
0.0601551
0.0382938
0.0354935
0.0241552
0.0554718
0.119881
0.212583
0.159439
0.210455
0.158274
0.115117
0.0707827
0.0861565
0.00608384
0.0434384
0.196424
0.257517
0.288131
0.288131
0.0772086
0.0323931
0.0339559
0.0084473
0.0727504
0.288131
0.288131
0.288131
0.221285
0.0700256
0.0721324
0.00744472
0.0160495
0.0485577
0.0665114
0.249502
0.350154
0.224629
0.0455609
0.057576
0.0245311
0.0167468
0.0397797
0.0581688
0.1733
0.350154
0.272775
0.0394057
0.0210735
0.0212024
0.00638276
0.0296329
0.0589909
0.229031
0.350154
0.307411
0.0178531
0.0166307
0.00774892
0.00946376
0.0193002
0.045524
0.2784
0.350154
0.186933
0.054111
0.0343334
0.0243479
0.0160453
0.031553
0.0509495
0.166502
0.364987
0.245787
0.0208544
0.0205582
0.0189765
0.00892197
0.0207481
0.0549496
0.210432
0.364987
0.309476
0.0615084
0.0147294
0.0124361
0.0100469
0.0246353
0.0538676
0.233788
0.364987
0.173094
0.0493048
0.0352153
0.0196251
0.0136351
0.0258091
0.0288745
0.142308
0.364987
0.333019
0.0308001
0.00781896
0.00793991
0.0130924
0.0231678
0.064147
0.225858
0.335447
0.325301
0.0569764
0.0244407
0.0157661
0.0140006
0.0244532
0.0538841
0.218949
0.335447
0.244008
0.0946467
0.0817624
0.0436264
0.0151143
0.0269863
0.0376113
0.140658
0.335447
0.294968
0.0304033
0.011988
0.0104631
0.0061636
0.0122292
0.0294824
0.174964
0.335447
0.327969
0.0745614
0.0141419
0.00998349
0.0166771
0.0332476
0.0639138
0.260277
0.304294
0.304294
0.105112
0.0781026
0.0364589
0.0206986
0.0129005
0.0280408
0.163565
0.304294
0.304294
0.222207
0.0911199
0.0443887
0.00758381
0.0170011
0.0420598
0.196979
0.304294
0.304294
0.0821348
0.0149233
0.0106363
0.016773
0.0285663
0.042602
0.132388
0.304294
0.304294
0.0995146
0.025577
0.027799
0.0158594
0.0157431
0.0306262
0.161692
0.3165
0.3165
0.173817
0.0792617
0.0327922
0.0143176
0.0169193
0.0278182
0.0782271
0.3165
0.3165
0.159438
0.0747578
0.0422963
0.00882659
0.02254
0.0352983
0.156482
0.3165
0.3165
0.0784201
0.0257322
0.0221603
0.00667846
0.0152361
0.0365599
0.231402
0.3165
0.3165
0.0578165
0.0211112
0.0267375
0.00895293
0.0166537
0.0303705
0.0942432
0.308275
0.308275
0.121726
0.0793582
0.0371534
0.0262261
0.0336938
0.140773
0.155061
0.308275
0.221559
0.115179
0.0591398
0.0559863
0.00511997
0.00988976
0.0359996
0.275194
0.308275
0.308275
0.0449934
0.0251542
0.0364539
0.04175
0.0073935
0.00871122
0.213799
0.308275
0.308275
0.213325
0.0522463
0.102371
0.0187033
0.0419663
0.152114
0.179959
0.28839
0.223628
0.106878
0.0574333
0.0511298
0.0217357
0.0677639
0.272189
0.28839
0.28839
0.148654
0.0736363
0.062178
0.0207149
0.0333136
0.00482477
0.0134429
0.2235
0.28839
0.28839
0.17809
0.0729993
0.098616
0.0350354
0.0215619
0.0322876
0.146351
0.28839
0.28839
0.177878
0.121121
0.115637
0.0354122
0.0526025
0.0548364
0.256314
0.339021
0.287428
0.0123156
0.0123093
0.00929518
0.0062158
0.0141798
0.0348431
0.247934
0.339021
0.191819
0.0302681
0.0250729
0.0210431
0.053226
0.041972
0.0324026
0.339021
0.339021
0.228565
0.041484
0.0128031
0.00202741
0.00217228
0.00625706
0.0226663
0.250805
0.339021
0.208273
0.0243999
0.0226721
0.0128143
0.00871627
0.021841
0.0479989
0.274305
0.344083
0.217994
0.0385792
0.030373
0.0183752
0.0125235
0.0251308
0.0207597
0.220868
0.344083
0.295132
0.038457
0.00578218
0.00881435
0.0045747
0.00973258
0.0357959
0.266052
0.344083
0.232404
0.0333709
0.0193651
0.00824662
0.00519716
0.0115238
0.0346086
0.241433
0.344083
0.262949
0.0521167
0.00768145
0.00699345
0.0164973
0.0241366
0.0229146
0.224232
0.355093
0.26854
0.0366187
0.0103816
0.0116767
0.00742653
0.0104457
0.0202692
0.21373
0.355093
0.292599
0.0767285
0.0132741
0.0119504
0.00797009
0.0132599
0.0340669
0.226813
0.355093
0.247915
0.0535133
0.00755038
0.00689827
0.0115312
0.03149
0.0298358
0.244589
0.355093
0.219163
0.0620094
0.0320929
0.0134556
0.0100974
0.0133974
0.0276487
0.24009
0.325349
0.303509
0.0867311
0.0165283
0.0149278
0.0167001
0.0296333
0.041675
0.227361
0.325349
0.236707
0.0970181
0.0474265
0.0365109
0.0151189
0.0391294
0.0323231
0.252841
0.325349
0.233048
0.0546799
0.0288275
0.0176442
0.00256926
0.00986044
0.0606923
0.248339
0.325349
0.318287
0.0399483
0.0208111
0.0135789
0.00851372
0.0253804
0.0374289
0.233582
0.331874
0.26307
0.0817476
0.0462562
0.0266439
0.00489457
0.0264443
0.0487779
0.241947
0.331874
0.311731
0.0205838
0.0235419
0.0280845
0.00232329
0.0165057
0.0572727
0.263341
0.331874
0.296331
0.0426646
0.0271648
0.0104765
0.00251362
0.0156105
0.029429
0.195665
0.331874
0.238943
0.0300497
0.0453977
0.0243942
0.00327511
0.0198499
0.0502199
0.251576
0.316058
0.301709
0.0342034
0.0307258
0.0372257
0.0644
0.0175186
0.0148423
0.13696
0.316058
0.316058
0.230155
0.12091
0.126234
0.00473043
0.0193146
0.0387617
0.210365
0.316058
0.22676
0.0454884
0.0490672
0.0202683
0.0141752
0.0123965
0.0197621
0.165873
0.316058
0.292307
0.107136
0.0632308
0.0345766
0.048841
0.0122868
0.0182051
0.155627
0.295073
0.295073
0.23312
0.123579
0.122003
0.066961
0.0500405
0.0229873
0.151252
0.295073
0.280585
0.190592
0.14349
0.147735
0.0137927
0.0140715
0.0277194
0.164644
0.295073
0.295073
0.110654
0.0433667
0.0244602
0.0216061
0.0338937
0.00852372
0.0936315
0.295073
0.295073
0.154543
0.0892934
0.0759742
0.0841752
0.0641044
0.0351347
0.343658
0.343658
0.310752
0.047925
0.0115692
0.00276253
0.00282125
0.0067627
0.0222407
0.251024
0.343658
0.246894
0.0343368
0.0251114
0.0135083
0.0161072
0.00961889
0.0457331
0.179743
0.343658
0.189639
0.0500202
0.0155342
0.00360556
0.00348634
0.0346835
0.0261069
0.180756
0.343658
0.229155
0.103086
0.0180314
0.00684057
0.00658185
0.0102368
0.0332376
0.304697
0.318709
0.29601
0.0411455
0.0235771
0.00889321
0.0084015
0.0177258
0.0527281
0.318709
0.318709
0.232335
0.0383452
0.00590939
0.0094758
0.00485141
0.0281026
0.0211953
0.238748
0.318709
0.266386
0.110045
0.0204444
0.00991634
0.0120678
0.0365017
0.0446984
0.243689
0.318709
0.198191
0.0708047
0.0163883
0.00828426
0.011839
0.0171809
0.0472682
0.338983
0.338983
0.210422
0.036925
0.00662926
0.00884648
0.011227
0.0206294
0.0259223
0.298649
0.338983
0.219118
0.0567745
0.0311987
0.0169963
0.00865866
0.0222662
0.0450843
0.252893
0.338983
0.197789
0.0719554
0.0119305
0.00774319
0.00391803
0.0211818
0.0388125
0.281401
0.338983
0.187263
0.0781393
0.0227205
0.0141419
0.0134365
0.0234885
0.0275857
0.278146
0.329678
0.214099
0.047713
0.0300572
0.0202195
0.00321084
0.0141676
0.0565468
0.300567
0.329678
0.291519
0.0348828
0.0210558
0.0158948
0.00575348
0.0196045
0.0524313
0.276832
0.329678
0.181048
0.0831584
0.0269762
0.0141909
0.0122217
0.0192753
0.0448488
0.265932
0.329678
0.243846
0.0492824
0.0261911
0.00819158
0.00331716
0.019101
0.057674
0.302841
0.336074
0.304137
0.0393824
0.0318626
0.0123526
0.00539732
0.0227658
0.0205988
0.20861
0.336074
0.293839
0.0313736
0.043583
0.0235312
0.0165404
0.018793
0.0472419
0.265159
0.336074
0.232632
0.0576845
0.030399
0.0109983
0.00860434
0.0252461
0.0228694
0.20642
0.336074
0.212771
0.0406903
0.0160266
0.0250968
0.00589461
0.0217183
0.0329583
0.221603
0.332712
0.299732
0.0665745
0.0562596
0.0199051
0.0217071
0.0190659
0.0338909
0.16367
0.332712
0.283228
0.164908
0.118287
0.0539555
0.00702337
0.0183446
0.019072
0.260232
0.332712
0.205558
0.0722332
0.0185708
0.0249436
0.00356607
0.00406703
0.02032
0.249797
0.332712
0.252174
0.100819
0.0447819
0.00889525
0.0167047
0.0199118
0.0407185
0.143354
0.307861
0.307861
0.173157
0.0680627
0.0313198
0.0417219
0.0664902
0.0196959
0.139848
0.307861
0.307861
0.132661
0.0852688
0.102257
0.00408684
0.0116294
0.0236049
0.241254
0.307861
0.252105
0.112939
0.0401087
0.00574351
0.00727799
0.0272371
0.0670361
0.227281
0.307861
0.307861
0.14747
0.0324511
0.00480908
0.0245221
0.0188464
0.0644011
0.228851
0.306913
0.272741
0.0779097
0.0315564
0.00752391
0.00728426
0.0567933
0.0487227
0.286539
0.306913
0.306913
0.119228
0.0268075
0.0099298
0.00815464
0.0232259
0.0666575
0.144348
0.306913
0.306913
0.0844037
0.0210766
0.0031547
0.00520805
0.024144
0.0476525
0.306913
0.306913
0.231793
0.0931901
0.00825288
0.00554068
0.00789077
0.0376446
0.0343598
0.304166
0.304166
0.284294
0.0974113
0.0257342
0.0112373
0.0123043
0.0356588
0.0542152
0.304166
0.304166
0.210457
0.06579
0.0145539
0.0117485
0.00559798
0.0269252
0.0540895
0.280622
0.304166
0.241427
0.0853751
0.00715851
0.00781548
0.00540437
0.0176303
0.0334014
0.232854
0.304166
0.304166
0.0380524
0.00611071
0.00289825
0.0120774
0.0246762
0.0524501
0.312546
0.312546
0.204456
0.0674103
0.0101261
0.0100472
0.00266652
0.0163946
0.044757
0.312051
0.312546
0.237591
0.0835841
0.0197883
0.0106182
0.00566288
0.0160425
0.053004
0.226317
0.312546
0.27007
0.0411347
0.00739371
0.00567802
0.00849686
0.00743977
0.0561673
0.26687
0.312546
0.304358
0.020864
0.0283224
0.0227074
0.00443851
0.015436
0.0629047
0.303081
0.31376
0.230919
0.0913928
0.0286304
0.0117606
0.0116471
0.023073
0.0477918
0.274119
0.31376
0.283645
0.0608571
0.0289293
0.0102798
0.00990302
0.00773659
0.0807982
0.299384
0.31376
0.253918
0.0297707
0.0245244
0.0245182
0.00961303
0.0217936
0.0634936
0.242429
0.31376
0.228337
0.0751015
0.0148997
0.00814946
0.0145807
0.0189772
0.0536999
0.266339
0.32348
0.281983
0.0655263
0.0361058
0.0129368
0.0122825
0.0318944
0.030486
0.233558
0.32348
0.311548
0.0615257
0.0208163
0.0256757
0.0101003
0.022575
0.0696235
0.281965
0.32348
0.20638
0.0613676
0.0154577
0.0161809
0.00671444
0.0226892
0.0403695
0.232196
0.32348
0.258323
0.0880318
0.0219551
0.0171923
0.00824362
0.0188366
0.0246314
0.26757
0.316847
0.282743
0.0964572
0.0225505
0.0263176
0.0056194
0.00686744
0.0371382
0.284202
0.316847
0.259229
0.15161
0.0430555
0.0168194
0.00981175
0.0193944
0.0385039
0.253036
0.316847
0.259947
0.0721704
0.0247721
0.0306071
0.00970261
0.00932566
0.0189032
0.186051
0.316847
0.282055
0.0663055
0.0272661
0.0254572
0.00453673
0.016131
0.0326706
0.26232
0.299687
0.237834
0.158683
0.0394258
0.0169257
0.00664599
0.0323265
0.0702206
0.299687
0.299687
0.299687
0.11166
0.0227584
0.0024882
0.0123978
0.0146916
0.0183457
0.189352
0.299687
0.24997
0.0548716
0.026559
0.0314945
0.00558947
0.0162982
0.0687432
0.292153
0.299687
0.239623
0.0750446
0.021915
0.175235
0.0112585
0.0329284
0.089349
0.18249
0.299759
0.299759
0.0669383
0.02941
0.00868782
0.00494409
0.0244943
0.0549508
0.299759
0.299759
0.269787
0.0699404
0.00865151
0.00664918
0.00650194
0.033241
0.102031
0.218523
0.299759
0.299759
0.10273
0.0230742
0.00753527
0.0235615
0.0386806
0.0668536
0.258306
0.299759
0.299759
0.0808424
0.0384266
0.00953737
0.00339179
0.02251
0.0501257
0.303895
0.303895
0.277903
0.0584383
0.00673106
0.00926879
0.00203498
0.0130805
0.0276171
0.245106
0.303895
0.303895
0.0421803
0.00975724
0.0033408
0.0129418
0.0274027
0.0367057
0.221313
0.303895
0.277499
0.068485
0.0318647
0.00950302
0.0119405
0.0195214
0.0332785
0.303895
0.303895
0.254586
0.0767804
0.0208929
0.00223218
0.00402646
0.0168678
0.038991
0.239022
0.295516
0.295516
0.0487629
0.0102021
0.0065531
0.00714595
0.00984345
0.0525773
0.293575
0.295516
0.295516
0.0336057
0.0235535
0.0184319
0.00503006
0.0198896
0.0329165
0.295516
0.295516
0.236467
0.0865023
0.0271919
0.00287943
0.00219665
0.015593
0.0537878
0.295516
0.295516
0.276443
0.0542004
0.0231654
0.00867256
0.0102101
0.0142723
0.0787677
0.293056
0.293056
0.293056
0.0547258
0.0221128
0.0216093
0.0101868
0.024113
0.0785905
0.262575
0.293056
0.267559
0.10426
0.0306201
0.0099602
0.00404551
0.0272743
0.0649998
0.293056
0.293056
0.293056
0.0679605
0.020888
0.00962246
0.00867461
0.033548
0.0836172
0.273834
0.293056
0.205464
0.0788251
0.035787
0.0125715
0.0110425
0.0270255
0.0914478
0.29551
0.29854
0.272554
0.092561
0.0311697
0.0186569
0.00755898
0.0269044
0.0744389
0.277159
0.29854
0.29789
0.0879152
0.0387374
0.0200173
0.0113649
0.0323796
0.0685349
0.264892
0.29854
0.235663
0.0717702
0.0309617
0.0167203
0.0172927
0.0242723
0.0518422
0.215455
0.29854
0.29854
0.0612322
0.0194757
0.00727683
0.0120728
0.0273374
0.0642105
0.28525
0.306912
0.288401
0.062585
0.0358775
0.036544
0.0141604
0.0165802
0.0326965
0.246369
0.306912
0.306912
0.0837575
0.0202675
0.0272876
0.0159748
0.0235421
0.0286845
0.236464
0.306912
0.288577
0.0667354
0.0221687
0.0104074
0.0160282
0.0175503
0.0322546
0.175937
0.306912
0.306912
0.0964977
0.0222126
0.00872302
0.0167928
0.0288158
0.0264335
0.244722
0.305152
0.287031
0.062491
0.0191291
0.0364651
0.00646126
0.0248058
0.0613326
0.305152
0.305152
0.256907
0.0618765
0.0192754
0.123588
0.0176253
0.0216343
0.0323932
0.17268
0.305152
0.305152
0.0918911
0.0184589
0.00810215
0.00611495
0.00678255
0.0528491
0.255504
0.305152
0.285937
0.0982036
0.00906838
0.0396184
0.00774593
0.0382239
0.127932
0.259866
0.282086
0.282086
0.0699862
0.0168273
0.0117481
0.0113325
0.0200471
0.0901001
0.282086
0.282086
0.282086
0.0719873
0.029716
0.00503483
0.00376742
0.0103841
0.0623306
0.282086
0.282086
0.254457
0.0910986
0.0144807
0.00218155
0.0105759
0.0115441
0.0833098
0.282086
0.282086
0.282086
0.072854
0.0924971
0.0219344
0.0066098
0.0147509
0.0610437
0.239466
0.288193
0.288193
0.0588329
0.02216
0.00602882
0.00672323
0.0149145
0.03611
0.273701
0.288193
0.288193
0.0701962
0.0256313
0.00373958
0.00641206
0.00715981
0.0850021
0.288193
0.288193
0.274712
0.0669737
0.0451493
0.0127435
0.00270011
0.0130706
0.0562411
0.288193
0.288193
0.288193
0.06671
0.0431494
0.0773072
0.00342849
0.0225348
0.0266747
0.266878
0.284724
0.259653
0.080877
0.0301035
0.00479734
0.00115768
0.0197083
0.0458274
0.284724
0.284724
0.27889
0.0714978
0.0194254
0.0072979
0.0101982
0.00809605
0.0471793
0.284724
0.284724
0.284724
0.0711384
0.0224764
0.0505383
0.114353
0.0184318
0.0830134
0.284724
0.284724
0.284724
0.0675111
0.0255921
0.0346069
0.00417813
0.0366191
0.0514267
0.280358
0.280358
0.280358
0.101943
0.0222946
0.00618881
0.00829708
0.0308841
0.0817758
0.280358
0.280358
0.25886
0.0966618
0.0414202
0.0108062
0.130474
0.0237388
0.0659677
0.280358
0.280358
0.280358
0.0849532
0.0319649
0.0335561
0.00373874
0.0142285
0.0783827
0.265704
0.280358
0.280358
0.0605777
0.0256117
0.0241107
0.0117362
0.0345291
0.0785298
0.279414
0.279414
0.279414
0.111128
0.0374978
0.0128381
0.0150813
0.0306737
0.0687697
0.254212
0.279414
0.279414
0.0607886
0.0263916
0.0074418
0.00552362
0.0222909
0.0764916
0.279414
0.279414
0.279414
0.0665364
0.0325376
0.0510419
0.0602078
0.075143
0.103951
0.279414
0.279414
0.279414
0.0580214
0.0167973
0.0813989
0.0144814
0.0301526
0.0399138
0.254
0.292739
0.257122
0.0625513
0.025487
0.00925133
0.0162604
0.0183359
0.0509689
0.278752
0.292739
0.27014
0.0712207
0.0172258
0.00601886
0.0488388
0.0580397
0.0681511
0.28156
0.292739
0.288063
0.0565888
0.0162343
0.0965794
0.0124044
0.0796622
0.0480819
0.292739
0.292739
0.274043
0.0678641
0.00857526
0.0145775
0.0194982
0.0268209
0.0495697
0.273644
0.303742
0.253673
0.0776649
0.0141585
0.00598033
0.00820347
0.00936811
0.0388092
0.259296
0.303742
0.303112
0.0834892
0.00811699
0.00193599
0.014608
0.0804822
0.0405482
0.303742
0.303742
0.265933
0.0660759
0.00748786
0.0238964
0.0225375
0.0154237
0.0329367
0.25845
0.303742
0.254714
0.0646122
0.00896412
0.00516037
