0.277185
0.032409
0.0131629
0.0705389
0.139905
0.0116102
0.0369813
0.197314
0.277185
0.261924
0.0689331
0.0259531
0.254959
0.277185
0.0014947
0.0117418
0.0460044
0.277185
0.136222
0.032207
0.0308836
0.0544471
0.147716
0.0577027
0.258538
0.277185
0.277185
0.23146
0.185865
0.0654024
0.0761881
0.146492
0.0251286
0.155569
0.158263
0.215561
0.270368
0.150494
0.0609378
0.270368
0.270368
0.0101198
0.0278074
0.0637316
0.270368
0.17394
0.178336
0.10771
0.190877
0.270368
0.0119925
0.0220302
0.0583523
0.208088
0.270368
0.270368
0.187195
0.159134
0.270368
0.0566276
0.154804
0.138545
0.161902
0.163008
0.170439
0.0572293
0.0931022
0.115369
0.0192326
0.0465099
0.0620949
0.079197
0.206986
0.220089
0.0882415
0.15478
0.271958
0.0195259
0.0344347
0.091333
0.236168
0.271958
0.128823
0.0572803
0.101373
0.244507
0.0400569
0.0792725
0.135046
0.271958
0.153021
0.161513
0.0486666
0.191664
0.271958
0.0130238
0.028679
0.071
0.13894
0.196481
0.0489174
0.0238926
0.205555
0.271958
0.0651805
0.0318536
0.220077
0.271958
0.273979
0.122647
0.0301606
0.094993
0.253813
0.0216711
0.050448
0.10612
0.273979
0.244903
0.217783
0.043545
0.0633922
0.169317
0.0303582
0.0475555
0.112475
0.273979
0.17598
0.0218599
0.0114302
0.221948
0.273979
0.0423752
0.0421821
0.206681
0.273979
0.161329
0.12434
0.0261828
0.184418
0.273979
0.0346572
0.12471
0.179099
0.189663
0.213163
0.149072
0.0347333
0.07008
0.166306
0.020956
0.0359486
0.110971
0.263156
0.249575
0.0727996
0.0266094
0.282624
0.282624
0.012154
0.00875366
0.0493858
0.156608
0.124629
0.0838477
0.0253719
0.150756
0.282624
0.0336354
0.100023
0.167582
0.211886
0.282624
0.239648
0.0912147
0.282624
0.282624
0.0430652
0.0332211
0.107387
0.173874
0.308047
0.0744235
0.0374081
0.318266
0.318266
0.0154924
0.0132008
0.0644575
0.193576
0.0198775
0.0317879
0.0239956
0.0870548
0.181482
0.0465748
0.0212434
0.0257404
0.0160687
0.318266
0.298452
0.124875
0.317418
0.318266
0.0525533
0.0212482
0.148858
0.282196
0.0237043
0.0256526
0.0354823
0.136624
0.254247
0.0905091
0.0184683
0.0074494
0.0106828
0.0300404
0.113683
0.0744089
0.255526
0.315026
0.181023
0.10372
0.100108
0.0353867
0.0351912
0.0638858
0.121319
0.193512
0.175624
0.155786
0.06286
0.0787141
0.0455298
0.0767139
0.0825581
0.113457
0.315026
0.315026
0.315026
0.0572048
0.0212961
0.0452725
0.016537
0.0467039
0.135218
0.315026
0.315026
0.293551
0.0348483
0.0278827
0.00492266
0.173065
0.0358381
0.0316019
0.0698499
0.161763
0.0696189
0.25204
0.25204
0.25204
0.250761
0.191989
0.0704232
0.0926017
0.179002
0.0384159
0.154344
0.196626
0.240421
0.0205676
0.00943596
0.015305
0.0477679
0.25204
0.25204
0.117011
0.125989
0.122887
0.133734
0.129917
0.0472462
0.0342107
0.25204
0.24676
0.143624
0.229666
0.25204
0.26921
0.26921
0.139183
0.141245
0.26921
0.0703189
0.158659
0.160715
0.199676
0.115289
0.149479
0.0513313
0.0672839
0.119018
0.033549
0.0286558
0.0532177
0.0786519
0.207402
0.216384
0.128375
0.0659799
0.26921
0.26921
0.26921
0.26921
0.26921
0.0580025
0.0867477
0.0933065
0.101644
0.160788
0.0993822
0.142814
0.112683
0.0878718
0.122312
0.14395
0.0446156
0.156999
0.270498
0.0313282
0.0201253
0.0541356
0.130581
0.196194
0.0466539
0.025922
0.185482
0.270498
0.0496943
0.0299857
0.162002
0.270498
0.172503
0.146005
0.147319
0.16122
0.270093
0.0731246
0.118404
0.12928
0.0919221
0.270498
0.107501
0.0369766
0.0866328
0.270498
0.158709
0.192096
0.270498
0.270498
0.193407
0.021371
0.0154789
0.215161
0.269283
0.035935
0.0413288
0.151684
0.269283
0.189383
0.137234
0.0310331
0.162764
0.269283
0.0235501
0.0851421
0.154424
0.202907
0.269283
0.13523
0.0564972
0.126583
0.269283
0.0806286
0.135504
0.222009
0.269283
0.133482
0.224635
0.154833
0.128999
0.223728
0.0890215
0.132193
0.0446659
0.0392944
0.167175
0.105136
0.0349015
0.139607
0.259575
0.024397
0.0771674
0.145773
0.220637
0.259575
0.259575
0.059626
0.259575
0.259575
0.0280775
0.0269038
0.107141
0.172925
0.170343
0.259575
0.172926
0.143
0.213842
0.0668657
0.107644
0.0393197
0.106665
0.259575
0.259575
0.14569
0.133452
0.259575
0.0563281
0.0387563
0.034794
0.109309
0.291683
0.291683
0.0785499
0.25719
0.291683
0.035536
0.0193558
0.133847
0.241097
0.016422
0.0205781
0.0282147
0.124025
0.248694
0.0936816
0.0204789
0.0109401
0.00630854
0.291683
0.291683
0.196712
0.148683
0.291683
0.063902
0.0333138
0.049061
0.221854
0.00533322
0.0176594
0.0102372
0.12027
0.291683
0.18335
0.0078282
0.0108104
0.00700074
0.0242821
0.0332576
0.0472526
0.210583
0.370175
0.195253
0.0396942
0.0172079
0.013308
0.0103303
0.0262589
0.0551791
0.212354
0.370175
0.168327
0.0232513
0.0193696
0.00447777
0.00978761
0.0321767
0.0314881
0.253568
0.370175
0.299838
0.0142918
0.015803
0.0131534
0.00302479
0.0034867
0.0207505
0.280645
0.370175
0.220595
0.0180917
0.0078328
0.0041597
0.0417493
0.0169096
0.0230391
0.07962
0.308867
0.308867
0.142415
0.185327
0.15017
0.166794
0.144436
0.0655191
0.057059
0.308867
0.294468
0.175949
0.308867
0.308867
0.00106552
0.00926704
0.0125709
0.0461261
0.143221
0.111552
0.0491921
0.0134913
0.00642117
0.156251
0.0404512
0.0321549
0.053475
0.1226
0.0671324
0.0479801
0.279061
0.308867
0.195223
0.174678
0.109744
0.0612168
0.306755
0.306755
0.276612
0.306755
0.306755
0.0487587
0.0804688
0.0759832
0.0799342
0.143849
0.101105
0.0982912
0.0645104
0.0767245
0.160562
0.0594284
0.0467754
0.0614075
0.156796
0.105001
0.0825799
0.287466
0.306755
0.0489288
0.0707524
0.122404
0.154972
0.16531
0.164409
0.0971069
0.107067
0.122269
0.124901
0.113978
0.0979403
0.106145
0.219256
0.0794823
0.0765391
0.068125
0.0598599
0.236773
0.0921044
0.0344896
0.0636083
0.268119
0.134422
0.186583
0.218646
0.268119
0.0580914
0.119474
0.125163
0.196894
0.2318
0.137887
0.100419
0.0838829
0.0348356
0.268119
0.146033
0.0859219
0.169555
0.268119
0.268119
0.255961
0.17328
0.189759
0.236244
0.0922931
0.0373882
0.084463
0.27
0.0661782
0.116304
0.146893
0.27
0.0989156
0.15982
0.105491
0.139899
0.169852
0.0562444
0.0750166
0.0210922
0.0275972
0.228149
0.142641
0.0980987
0.200096
0.27
0.27
0.129614
0.098388
0.128222
0.0523475
0.146925
0.27
0.27
0.27
0.27
0.0872594
0.0455067
0.0242859
0.152538
0.231775
0.162614
0.162724
0.202564
0.0510013
0.0806384
0.0247976
0.0833391
0.264524
0.264524
0.134869
0.116145
0.264524
0.0473099
0.0332078
0.0275045
0.0934958
0.0829416
0.264524
0.264524
0.264524
0.264524
0.264524
0.0812698
0.0434932
0.0509311
0.0728535
0.205186
0.197395
0.236869
0.160073
0.0685447
0.0881114
0.0224215
0.0951453
0.28354
0.28354
0.270354
0.178295
0.28354
0.0675074
0.0476123
0.0559696
0.24189
0.00271455
0.0244643
0.0126227
0.120713
0.28354
0.174869
0.0186607
0.0197733
0.00774156
0.140254
0.28354
0.28354
0.262172
0.222363
0.0926802
0.156728
0.0368744
0.195294
0.00448552
0.0160961
0.0321065
0.118624
0.255709
0.0718724
0.0260178
0.0200012
0.00724362
0.00540271
0.0445678
0.0337869
0.268451
0.369172
0.30856
0.0363892
0.0329054
0.0149992
0.00676673
0.00643823
0.0169554
0.253421
0.369172
0.239276
0.0344434
0.0233778
0.00866333
0.014076
0.0406383
0.0769291
0.216554
0.369172
0.12931
0.055359
0.0447547
0.0207581
0.0075147
0.0214773
0.0710376
0.247184
0.369172
0.101779
0.0584599
0.027949
0.00454884
0.00112096
0.0125755
0.0147362
0.0683971
0.224373
0.154976
0.0500997
0.0172387
0.00956068
0.178476
0.0546504
0.0549557
0.0803416
0.202057
0.10759
0.0696968
0.356462
0.356462
0.000152041
0.00109645
0.00268696
0.108425
0.356462
0.266039
0.035746
0.00936141
0.00129358
0.0341415
0.00778696
0.0273849
0.105123
0.356462
0.344159
0.151986
0.148288
0.217669
0.133848
0.0473497
0.0407766
0.0598665
0.152339
0.125478
0.0750422
0.308936
0.368742
0.0383215
0.0628763
0.0905247
0.151279
0.189483
0.180173
0.0996358
0.0741349
0.0926196
0.0260601
0.00693714
0.0144383
0.103499
0.368742
0.313055
0.105631
0.0923618
0.153971
0.012303
0.0177089
0.0178991
0.183926
0.368742
0.311813
0.10187
0.0378488
0.0330171
0.0496998
0.0910237
0.0850298
0.162716
0.203428
0.151161
0.0916884
0.0508176
0.0275244
0.210613
0.13557
0.0670054
0.133494
0.314153
0.314153
0.266282
0.154855
0.162172
0.0255211
0.0379438
0.0402138
0.190419
0.314153
0.300325
0.0813745
0.0200104
0.0210847
0.0562852
0.0518707
0.0791805
0.314153
0.314153
0.16492
0.0463964
0.0272182
0.0036808
0.21239
0.156054
0.0974904
0.194766
0.280716
0.280259
0.154275
0.102982
0.135056
0.0448571
0.135355
0.280716
0.280716
0.280716
0.23506
0.0772379
0.0356609
0.0277277
0.0634101
0.0649385
0.0932896
0.280716
0.280716
0.149524
0.0368629
0.0193132
0.0100635
0.0165452
0.048963
0.0734615
0.226524
0.280716
0.124665
0.0206236
0.0100331
0.0111345
0.0787075
0.280491
0.297123
0.297123
0.297123
0.221672
0.0558755
0.0319329
0.0606298
0.0810331
0.206136
0.213594
0.261345
0.256492
0.0803312
0.0783154
0.0228928
0.0976453
0.0140578
0.0545513
0.0854342
0.242254
0.297123
0.179364
0.032118
0.0144198
0.0231742
0.00485033
0.0239033
0.0466281
0.214883
0.297123
0.112004
0.0204957
0.0173938
0.00535695
0.156555
0.302286
0.302286
0.302286
0.302286
0.0987173
0.137325
0.0401229
0.196421
0.00334984
0.0164853
0.0339453
0.126756
0.302286
0.0780557
0.0290284
0.0210452
0.00839763
0.00231856
0.0384033
0.0770389
0.302286
0.302286
0.180419
0.0403866
0.0237455
0.0103616
0.000760334
0.00143451
0.0246498
0.264065
0.302286
0.194492
0.0165193
0.00475058
0.00027825
0.00884504
0.0302804
0.0560135
0.1713
0.366217
0.102849
0.0402326
0.0320249
0.0167166
0.00675987
0.0160293
0.0452046
0.178864
0.366217
0.0926659
0.042456
0.0247932
0.00432038
0.00174823
0.00389711
0.0379999
0.366217
0.366217
0.278415
0.0300821
0.00229605
0.000656933
0.0014026
0.0097501
0.029251
0.347989
0.366217
0.187327
0.00452372
0.00518825
0.00320282
0
0.000399611
0.0030408
0.149312
0.344731
0.344731
0.0406031
0.0128882
0.00416613
0.0350179
0.0135756
0.0522267
0.140466
0.344731
0.344731
0.22877
0.260243
0.202875
0.0253733
0.0185674
0.0175777
0.155608
0.344731
0.105337
0.0245274
0.0303648
0.0610632
0.0201121
0.0171094
0.0147834
0.13479
0.344731
0.118363
0.0438488
0.0264822
0.0126618
0.0252105
0.00499042
0.0214002
0.132525
0.390626
0.390626
0.139231
0.150845
0.140184
0.0123572
0.0236164
0.0133168
0.262698
0.390626
0.390626
0.154171
0.0510098
0.0356045
0.0160582
0.01065
0.0155781
0.125535
0.279622
0.0835114
0.0270069
0.0195964
0.00909742
0.00398726
0.00455397
0.0269521
0.110008
0.299162
0.0701458
0.0229773
0.027115
0.0189248
0.0452689
0.0565192
0.0572544
0.315412
0.378014
0.378014
0.136923
0.0271614
0.0351282
0.0826459
0.0974543
0.125377
0.378014
0.378014
0.162096
0.120086
0.0650157
0.0193258
0.00393937
0.00863678
0.0375251
0.137994
0.296735
0.0696301
0.0228989
0.028146
0.0201445
0.0172015
0.0477701
0.0204415
0.104036
0.284939
0.0721489
0.0692776
0.0403323
0.0234427
0.13544
0.158725
0.208491
0.348313
0.348313
0.181081
0.106852
0.0550886
0.0442129
0.0423372
0.0985522
0.112109
0.348313
0.348313
0.142715
0.0270106
0.0187631
0.0418588
0.0210844
0.0540434
0.0301641
0.145579
0.339492
0.0847916
0.0849487
0.0454595
0.0275088
0.0247792
0.0365054
0.0189673
0.139573
0.348313
0.15815
0.0318829
0.0417419
0.0489949
0.0305299
0.0859079
0.131559
0.381249
0.381249
0.178236
0.0154333
0.0146067
0.0739887
0.0104968
0.0300692
0.0382528
0.381249
0.381249
0.168978
0.0149222
0.0275715
0.00444416
0.0329731
0.0375486
0.0244618
0.150666
0.381249
0.154958
0.033609
0.0474082
0.0632206
0.0308605
0.0735759
0.024874
0.161079
0.285118
0.0561959
0.0348073
0.0325877
0.0325865
0.00174226
0.0239203
0.0536107
0.387192
0.387192
0.207207
0.0186686
0.0240566
0.00472147
0.000766119
0.00156073
0.0232173
0.387192
0.387192
0.263532
0.0157986
0.0062338
0.00261779
0.0344933
0.0688365
0.0368733
0.172775
0.301976
0.0569308
0.0409766
0.0407137
0.0342117
0.0153851
0.0416178
0.0406414
0.159915
0.330846
0.056057
0.0289494
0.0494018
0.0394871
0.00108848
0.00305023
0.0267411
0.402005
0.402005
0.280829
0.0192039
0.00147134
0.00293111
0.00134912
0.0101597
0.0242451
0.352825
0.402005
0.203465
0.00608393
0.00616637
0.00408293
0.0154336
0.0368142
0.0487334
0.170421
0.351535
0.0602684
0.0295819
0.0552465
0.0380448
0.0242762
0.0366695
0.0348924
0.166384
0.263431
0.0344091
0.0241712
0.0256822
0.0167908
0.0384271
0.0533965
0.0940042
0.32765
0.32765
0.225222
0.0683207
0.0563674
0.103404
0.0445784
0.0370987
0.055979
0.32765
0.32765
0.238308
0.0825078
0.0641293
0.0368586
0.0643847
0.122824
0.216523
0.200366
0.2909
0.190949
0.0737762
0.066061
0.16075
0.0719766
0.0922474
0.0907873
0.193123
0.219359
0.128426
0.11523
0.0599522
0.0942541
0.0463088
0.0329112
0.0638903
0.341233
0.341233
0.254541
0.081693
0.067206
0.0406571
0.0160574
0.0195373
0.0912476
0.341233
0.341233
0.247249
0.101186
0.116453
0.0709478
0.0700758
0.0858401
0.106899
0.21923
0.201154
0.149573
0.163444
0.0938735
0.0973627
0.046688
0.0573451
0.14651
0.212773
0.200565
0.132597
0.153677
0.0863175
0.0983572
0.0169785
0.0334662
0.0951116
0.324684
0.324684
0.200657
0.0946733
0.0955655
0.0600457
0.0531416
0.166046
0.0913878
0.324684
0.324684
0.221198
0.286192
0.167802
0.121409
0.0378806
0.0527063
0.130507
0.175168
0.158389
0.12805
0.138497
0.0818129
0.0916324
0.0356856
0.0699688
0.0831209
0.187138
0.231297
0.171002
0.163934
0.0754283
0.0483365
0.0553679
0.138583
0.0946878
0.347654
0.347654
0.166802
0.243312
0.125093
0.0952148
0.0680963
0.0813805
0.0713391
0.347654
0.347654
0.274215
0.0541694
0.0616736
0.112003
0.0326626
0.0745765
0.0796466
0.158035
0.208642
0.137458
0.115461
0.0572996
0.0521562
0.0432999
0.0971134
0.0440454
0.139119
0.247256
0.19068
0.0934881
0.0444126
0.0472249
0.0680076
0.0629726
0.0690259
0.327795
0.363272
0.203991
0.0352731
0.0464606
0.106278
0.0385268
0.0830601
0.0337351
0.357341
0.363272
0.0940012
0.0496158
0.0484499
0.0560182
0.0299503
0.086716
0.0595199
0.119137
0.203344
0.140305
0.0632724
0.0387511
0.0474959
0.0374667
0.0474685
0.109734
0.145413
0.363272
0.267933
0.0402355
0.0536489
0.254777
0.0414779
0.0746041
0.040144
0.326918
0.326918
0.102386
0.0512955
0.0499083
0.0561805
0.0185405
0.0512849
0.0576959
0.287828
0.326918
0.0993942
0.0554019
0.0649867
0.050382
0.0516501
0.0799462
0.120186
0.152861
0.326918
0.269089
0.0465829
0.0451109
0.22958
0.0933425
0.091721
0.101446
0.122269
0.326918
0.326918
0.038478
0.0296229
0.0362675
0.0258327
0.0644473
0.0784087
0.338495
0.338495
0.139205
0.0702557
0.0909655
0.0761288
0.0419477
0.0711892
0.0699833
0.338495
0.338495
0.0943449
0.0706393
0.0465288
0.0423588
0.142469
0.17182
0.152631
0.186755
0.338495
0.338495
0.0714234
0.0354004
0.032646
0.0221185
0.0728186
0.118376
0.175341
0.20112
0.0975227
0.102823
0.0748838
0.0386855
0.0516211
0.122234
0.21576
0.204657
0.275535
0.176589
0.0823935
0.0564915
0.123821
0.0575468
0.0720733
0.0927403
0.215226
0.223156
0.130171
0.0815327
0.0446314
0.0698908
0.0249184
0.0565906
0.108609
0.313986
0.313986
0.234475
0.207111
0.0687066
0.0489808
0.0437622
0.0623966
0.0788912
0.313986
0.313986
0.151866
0.234519
0.0830228
0.0767894
0.0534097
0.0672609
0.101856
0.255988
0.226399
0.156707
0.130002
0.0631996
0.0738465
0.030654
0.0532556
0.139705
0.219614
0.206775
0.149202
0.143209
0.0916139
0.0932727
0.0750278
0.0696324
0.0891913
0.270806
0.270806
0.215228
0.270806
0.116053
0.10163
0.0248322
0.146728
0.105416
0.270806
0.270806
0.270806
0.186568
0.186288
0.0952671
0.0347536
0.0582868
0.130903
0.216896
0.213947
0.161458
0.164049
0.0912278
0.096793
0.0479383
0.0708567
0.0981457
0.189478
0.237698
0.164505
0.185077
0.0912846
0.0787287
0.0427568
0.09561
0.0851766
0.287368
0.287368
0.287368
0.167566
0.184801
0.0873856
0.0405614
0.0697455
0.0506141
0.287368
0.287368
0.287368
0.184668
0.046725
0.0252864
0.0523778
0.0796034
0.0924972
0.201802
0.265792
0.155985
0.159842
0.0791576
0.0874374
0.0627353
0.134343
0.0758251
0.215099
0.294278
0.215445
0.105345
0.0341913
0.0654331
0.0519815
0.0453597
0.0444123
0.294278
0.294278
0.294278
0.144887
0.0395387
0.0287971
0.0229669
0.0301157
0.0991097
0.286687
0.294278
0.294278
0.153611
0.0265293
0.0526848
0.0392811
0.109282
0.0804865
0.19023
0.25539
0.152478
0.0692109
0.0285946
0.0587578
0.0341111
0.0451201
0.130777
0.159783
0.315955
0.291874
0.0520945
0.0604514
0.20919
0.0192192
0.0328927
0.055932
0.281946
0.315955
0.262347
0.0947359
0.0243446
0.057102
0.00758002
0.0160552
0.0603086
0.2921
0.315955
0.315955
0.069934
0.0380087
0.0671967
0.0393235
0.0641423
0.115825
0.15247
0.312663
0.252499
0.0535196
0.045542
0.172352
0.0634174
0.07292
0.110627
0.132375
0.312663
0.275616
0.0606855
0.0420832
0.0341929
0.0138633
0.0274102
0.0468568
0.25251
0.312663
0.291712
0.0592409
0.0350548
0.0632702
0.019843
0.0260236
0.0450313
0.267078
0.312663
0.312663
0.108788
0.0398111
0.0145534
0.0705146
0.09723
0.107101
0.147919
0.358099
0.309283
0.0703869
0.0304452
0.0313075
0.0155235
0.0458461
0.0942108
0.140538
0.152196
0.0946473
0.091146
0.0618272
0.0469946
0.0294397
0.0410361
0.0493209
0.244782
0.358099
0.312506
0.109283
0.0601809
0.0153856
0.0139103
0.015098
0.196733
0.358099
0.358099
0.170215
0.0843711
0.0670449
0.0355533
0.0302851
0.092725
0.0996196
0.29447
0.311606
0.166272
0.117154
0.154007
0.0783969
0.0487393
0.101376
0.0619052
0.234095
0.311606
0.116709
0.119245
0.080763
0.045412
0.0369393
0.0786146
0.0689072
0.311606
0.311606
0.224308
0.0715815
0.119329
0.073886
0.0518456
0.0706609
0.0310928
0.247985
0.311606
0.211901
0.13538
0.0828967
0.0416496
0.0754747
0.0939377
0.0504039
0.25111
0.295274
0.146092
0.183503
0.08261
0.0448265
0.0130739
0.0987239
0.0768239
0.274624
0.295274
0.229575
0.102258
0.115011
0.0674977
0.0637062
0.0777253
0.0207326
0.252931
0.295274
0.28983
0.161158
0.0647099
0.0345425
0.0301468
0.0283776
0.0495875
0.295274
0.295274
0.205561
0.0989481
0.0419989
0.00868367
0.0288749
0.0674173
0.0639838
0.306976
0.306976
0.226985
0.0992571
0.113429
0.0611896
0.0384961
0.0513694
0.0340234
0.264919
0.306976
0.189341
0.112102
0.0399951
0.0296117
0.0291627
0.0497593
0.0752968
0.306976
0.306976
0.204133
0.0865748
0.0529226
0.023812
0.0637667
0.0517185
0.0394034
0.306976
0.306976
0.206141
0.0848253
0.0704743
0.0454847
0.0471504
0.0332387
0.0263612
0.288737
0.319267
0.177167
0.092857
0.0372276
0.0270697
0.0207074
0.0275954
0.0679656
0.241628
0.319267
0.231973
0.0964697
0.0187084
0.0449764
0.0650498
0.0669754
0.0580214
0.319267
0.319267
0.22222
0.0678055
0.0773901
0.0616996
0.0409227
0.0599842
0.0258952
0.262836
0.319267
0.279442
0.0378242
0.0164609
0.0215028
0.0181168
0.0328338
0.0422845
0.28054
0.309949
0.216035
0.0708949
0.0209084
0.0523246
0.00447298
0.0188203
0.0503436
0.307983
0.309949
0.216028
0.0550885
0.0350205
0.0218761
0.0356415
0.0518222
0.0276615
0.260227
0.309949
0.308643
0.0369496
0.0146249
0.0143157
0.0183635
0.0137741
0.0314948
0.267644
0.309949
0.287974
0.0583072
0.0173544
0.0228668
0.00901025
0.0274062
0.0432726
0.297959
0.297959
0.224279
0.0539952
0.0377066
0.0321622
0.00484815
0.0260188
0.0603728
0.297959
0.297959
0.251357
0.109499
0.0542062
0.0172649
0.0221377
0.00808035
0.0438883
0.293604
0.297959
0.297959
0.0635226
0.0298811
0.0248405
0.0159347
0.0251043
0.0731028
0.297959
0.297959
0.190172
0.0781894
0.070205
0.0310845
0.0112597
0.0312144
0.0547283
0.28239
0.312037
0.221676
0.100377
0.0595066
0.0177042
0.0122455
0.0128527
0.162124
0.312037
0.312037
0.162059
0.0924283
0.0657946
0.0443261
0.0213594
0.026337
0.0606382
0.25006
0.312037
0.189036
0.0860514
0.0629969
0.0341784
0.00684607
0.0333924
0.102666
0.312037
0.312037
0.239494
0.122014
0.0295065
0.0271808
0.0404875
0.121639
0.0925065
0.313933
0.323415
0.22511
0.0619862
0.207479
0.116184
0.0625282
0.120176
0.0462496
0.264627
0.323415
0.195639
0.0967137
0.0888107
0.0411974
0.0116227
0.0230798
0.0489038
0.14027
0.323415
0.215379
0.0800643
0.0508019
0.0214658
0.0570444
0.0613043
0.0611414
0.218494
0.323415
0.223826
0.0681321
0.0861672
0.00618015
0.0807639
0.114692
0.029585
0.265174
0.32142
0.262738
0.095895
0.0640688
0.0266513
0.0176159
0.0236696
0.0641607
0.32142
0.32142
0.217639
0.0676035
0.0252303
0.0101215
0.0594955
0.0559192
0.0579894
0.20724
0.32142
0.247216
0.0633224
0.0883714
0.0135624
0.0341529
0.0466111
0.0877385
0.24607
0.32142
0.223224
0.0551
0.0293387
0.0214596
0.0187572
0.0348561
0.0677294
0.329588
0.329588
0.229112
0.0618183
0.0334004
0.0206718
0.0467117
0.0399669
0.0315585
0.329588
0.329588
0.164172
0.0531204
0.0590838
0.0343285
0.0339091
0.0409159
0.0677612
0.223692
0.329588
0.256973
0.0654441
0.0344709
0.0278297
0.0107789
0.0280038
0.0479102
0.217824
0.329588
0.248058
0.0529213
0.014441
0.00905354
0.0448993
0.0433929
0.0335324
0.302136
0.341208
0.171961
0.0422885
0.062465
0.0425472
0.0268787
0.039912
0.0179174
0.265765
0.341208
0.248552
0.0272764
0.0154155
0.0283833
0.00919106
0.0242464
0.0330964
0.201454
0.341208
0.266386
0.0535916
0.021031
0.010581
0.00714475
0.0148221
0.0390033
0.196378
0.341208
0.316783
0.0660334
0.0339545
0.0336877
0.0222722
0.0330062
0.0253261
0.260364
0.348287
0.266117
0.0306656
0.0133361
0.0212172
0.0143695
0.0154867
0.0269009
0.28819
0.348287
0.229432
0.0302477
0.0155011
0.0216779
0.00751545
0.0181583
0.0451681
0.190493
0.348287
0.284667
0.0694703
0.0274287
0.0265372
0.00425476
0.0201212
0.0224836
0.131311
0.348287
0.292438
0.0643478
0.00390523
0.00373086
0.0157495
0.0116223
0.0409528
0.316481
0.331295
0.242855
0.0411088
0.0230813
0.0200066
0.0319851
0.0284369
0.0621453
0.310011
0.331295
0.180227
0.0610465
0.0725964
0.0151208
0.00443305
0.02716
0.0377473
0.154159
0.331295
0.275928
0.0486212
0.00187119
0.00180447
0.0767575
0.022728
0.0370682
0.16417
0.331295
0.331295
0.0321375
0.0577461
0.0182886
0.0279964
0.0338025
0.0669543
0.299447
0.299447
0.22004
0.0873365
0.070603
0.0199099
0.0178752
0.0354379
0.0830667
0.278489
0.299447
0.24596
0.135216
0.0369456
0.0267954
0.045537
0.0360824
0.0627091
0.228171
0.299447
0.299447
0.030937
0.0546017
0.021997
0.0399292
0.0314011
0.0461502
0.251094
0.299447
0.299447
0.0708445
0.0273139
0.01659
0.0128847
0.0384376
0.0767679
0.22885
0.338986
0.32866
0.103173
0.0600772
0.0412001
0.058537
0.066245
0.0798846
0.324939
0.338986
0.338986
0.0613903
0.0731249
0.0076538
0.0108323
0.0312355
0.0694742
0.0930169
0.317584
0.218753
0.0546843
0.0403271
0.0313747
0.0115976
0.0391383
0.0604029
0.128746
0.296239
0.236142
0.0786026
0.0411636
0.0161831
0.0579205
0.0557664
0.0769793
0.283498
0.327904
0.327904
0.0582603
0.0684165
0.0162101
0.0262301
0.0456887
0.11046
0.327904
0.327904
0.327904
0.0555494
0.022873
0.0250243
0.0163986
0.0299055
0.0481439
0.107048
0.317811
0.237641
0.0657807
0.0417435
0.020033
0.0212505
0.0372326
0.0601786
0.095342
0.327904
0.197589
0.0331584
0.0253556
0.0184708
0.0262342
0.0316741
0.0707136
0.338243
0.343542
0.343542
0.0706408
0.032195
0.0324057
0.00525788
0.0294627
0.0496362
0.265528
0.343542
0.330621
0.0353254
0.0174328
0.00704658
0.0305099
0.0354365
0.0531959
0.107768
0.343542
0.198407
0.0320491
0.0281825
0.0162137
0.0312031
0.0345551
0.0283758
0.127666
0.343542
0.13349
0.0241658
0.0241672
0.0245712
0.00509441
0.0225529
0.0303502
0.258504
0.351195
0.351195
0.0457431
0.0296949
0.00957818
0.010598
0.01862
0.0418097
0.27659
0.351195
0.311159
0.067633
0.0501737
0.0622603
0.0287501
0.0341916
0.0318156
0.151461
0.351195
0.138736
0.0294935
0.0271829
0.0174814
0.0164687
0.0251001
0.0490675
0.216063
0.351195
0.153595
0.054408
0.0384798
0.0182399
0.00983212
0.0203274
0.0558847
0.258492
0.348332
0.280414
0.0725498
0.0409293
0.0497338
0.00830758
0.0350145
0.036257
0.194452
0.348332
0.338688
0.0545162
0.00598658
0.0047894
0.0114714
0.019793
0.0499866
0.220087
0.348332
0.14539
0.0588223
0.038391
0.0136456
0.00242817
0.00476897
0.0304586
0.286589
0.348332
0.187334
0.0431014
0.00660605
0.0141221
0.00573977
0.0387378
0.052439
0.201254
0.337008
0.299
0.0414173
0.00298657
0.000125724
0.108369
0.0330476
0.0493844
0.20146
0.337008
0.337008
0.0329613
0.0817533
0.0148672
0.00121738
0.00293971
0.0236101
0.253194
0.337008
0.190851
0.0445479
0.00642103
0.00994304
0.00855266
0.0305985
0.0342418
0.168812
0.337008
0.312007
0.0327731
0.00608478
0.0016555
0.0561646
0.0444114
0.0708774
0.253919
0.309596
0.309596
0.0333584
0.0679017
0.014834
0.0504026
0.0353341
0.0702187
0.228041
0.309596
0.309596
0.0649987
0.0337432
0.015376
0.00975339
0.0299932
0.0300394
0.189389
0.309596
0.309596
0.0409646
0.00852185
0.00154576
0.0013418
0.0136403
0.053907
0.309596
0.309596
0.208844
0.00896416
0.00196799
0.000783707
0.00816946
0.0343779
0.0669527
0.220441
0.305623
0.305623
0.0428013
0.0278654
0.025187
0.00387856
0.034365
0.045679
0.213298
0.305623
0.305623
0.0628287
0.0181505
0.0164081
0.0340881
0.0503964
0.0540823
0.305623
0.305623
0.237613
0.0752901
0.0258833
0.0315362
0.0164518
0.0153972
0.0556867
0.305623
0.305623
0.251311
0.0493567
0.0332947
0.0336299
0.00997662
0.0257367
0.0433266
0.198274
0.313069
0.313069
0.0636936
0.0203914
0.0244891
0.0218682
0.0360743
0.0569507
0.191443
0.313069
0.313069
0.0339882
0.0279512
0.0253894
0.00968253
0.00520888
0.0758883
0.313069
0.313069
0.217915
0.068861
0.0522486
0.0498803
0.0183951
0.0161089
0.079332
0.313069
0.313069
0.217958
0.0428887
0.0673025
0.0229919
0.0321922
0.0348522
0.0578275
0.208396
0.324306
0.324306
0.0419851
0.0337925
0.0242822
0.0327429
0.0471296
0.0367095
0.16764
0.324306
0.190417
0.0255466
0.0448233
0.0309942
0.0203785
0.0208727
0.117333
0.324306
0.324306
0.247549
0.0512969
0.0649518
0.022635
0.0125492
0.0443061
0.104218
0.193892
0.324306
0.324306
0.0328198
0.054094
0.0281722
0.0337035
0.0539634
0.0533499
0.214896
0.325373
0.220738
0.0386211
0.0527271
0.0224625
0.0357024
0.0554139
0.0767631
0.222184
0.325373
0.166367
0.0604605
0.0807803
0.0447185
0.0166834
0.0429957
0.106389
0.244086
0.325373
0.325373
0.0436241
0.0576769
0.0196539
0.0250374
0.0352086
0.100844
0.321758
0.325373
0.225177
0.0991071
0.0907307
0.0407396
0.0299962
0.0463761
0.0799984
0.268215
0.29526
0.187517
0.0812244
0.0830434
0.0345524
0.00714864
0.0151782
0.0707319
0.29526
0.29526
0.234569
0.0719791
0.0191629
0.0228089
0.0276878
0.0301772
0.0903084
0.29526
0.29526
0.239817
0.109884
0.0968227
0.0309544
0.0526911
0.0302362
0.053413
0.29526
0.29526
0.287865
0.0877885
0.0639601
0.0343105
0.00309273
0.00753159
0.040658
0.2965
0.2965
0.202814
0.0673615
0.0154774
0.0116211
0.0141184
0.0350513
0.0556048
0.234605
0.2965
0.2965
0.036273
0.0210343
0.00696753
0.0497065
0.0459924
0.0440744
0.267363
0.2965
0.288743
0.0649489
0.0454641
0.0175258
0.03952
0.0948288
0.0578763
0.278015
0.2965
0.267077
0.158686
0.0862503
0.0165296
0.0144642
0.0308724
0.0392096
0.219201
0.299824
0.282094
0.0381146
0.0201538
0.00551459
0.00342732
0.0211392
0.101036
0.299824
0.299824
0.229122
0.00886347
0.00474904
0.00397775
0.0364266
0.106225
0.0611648
0.264782
0.299824
0.263425
0.120448
0.0650478
0.0117743
0.0048461
0.0382091
0.105532
0.299824
0.299824
0.273343
0.0526507
0.0150955
0.00828736
0.0139306
0.0292484
0.0344484
0.287653
0.287653
0.187648
0.0445765
0.0147491
0.0142107
0.00716612
0.00787224
0.0329666
0.287653
0.287653
0.191533
0.0367335
0.0247933
0.0219008
0.0401025
0.098281
0.10777
0.287302
0.287653
0.287653
0.106371
0.0767201
0.0391255
0.0969768
0.165998
0.115606
0.251489
0.287653
0.263289
0.0554124
0.136102
0.109387
0.00480197
0.00281961
0.046293
0.288631
0.288631
0.190569
0.0554102
0.0367024
0.0338763
0.0115882
0.0122271
0.0524968
0.288631
0.288631
0.168184
0.0522855
0.0457602
0.0174305
0.122646
0.273979
0.166961
0.288631
0.288631
0.25552
0.0551551
0.126819
0.0724107
0.0170064
0.0258969
0.077365
0.18625
0.288631
0.288631
0.0526036
0.0197275
0.0243103
0.0140832
0.0173279
0.0890768
0.306458
0.306458
0.221121
0.0702828
0.0567714
0.0207506
0.00662386
0.0421189
0.0768605
0.220713
0.306458
0.271731
0.0462384
0.0647256
0.0224802
0.01418
0.0296759
0.0874595
0.248593
0.306458
0.306458
0.0798314
0.029975
0.00587768
0.0124248
0.0188024
0.0391401
0.213489
0.306458
0.306458
0.109481
0.0454417
0.00716995
0.00931634
0.0387196
0.0789993
0.232878
0.307443
0.256093
0.0477792
0.0671239
0.0137926
0.0204409
0.0380007
0.0989807
0.247923
0.307443
0.181027
0.0721078
0.0689758
0.0358562
0.0432332
0.0900297
0.0435065
0.225222
0.307443
0.307443
0.0825224
0.0559464
0.018987
0.0435625
0.118667
0.048764
0.261744
0.307443
0.307443
0.0840054
0.0802023
0.0886853
0.0217738
0.0306488
0.08463
0.267743
0.290291
0.1887
0.0809704
0.0701409
0.0263984
0.0208494
0.0165093
0.0530393
0.255582
0.290291
0.20887
0.0932832
0.0617424
0.0289893
0.0690388
0.181098
0.0601604
0.290291
0.290291
0.290291
0.064532
0.0909394
0.0972978
0.0101485
0.0147393
0.0499694
0.290291
0.290291
0.290291
0.0660523
0.0409731
0.00641403
0.0255632
0.0321838
0.0481472
0.251731
0.2971
0.241335
0.0772514
0.051256
0.0178018
0.0257407
0.0651357
0.0671528
0.27895
0.2971
0.186382
0.127855
0.0786536
0.0200898
0.012142
0.0208328
0.0458477
0.2971
0.2971
0.2971
0.0394513
0.0337404
0.0072838
0.00773749
0.0338581
0.0585648
0.2971
0.2971
0.2971
0.0642487
0.0145946
0.00343063
0.0267217
0.0805104
0.0718994
0.271223
0.296716
0.209825
0.0989085
0.0605207
0.0145938
0.00432434
0.0318679
0.10748
0.268837
0.296716
0.274269
0.0498084
0.0164495
0.011998
0.00792113
0.034467
0.0797655
0.296716
0.296716
0.296716
0.046807
0.00751139
0.00358725
0.000711713
0.0191364
0.04861
0.292219
0.296716
0.258171
0.0175616
0.0138881
0.00426115
0.0231692
0.069587
0.0837756
0.282586
0.282586
0.282586
0.0771422
0.0593632
0.0260397
0.070694
0.11339
0.0821012
0.251219
0.282586
0.229978
0.0662075
0.10674
0.0979001
0.00927523
0.0300128
0.0655519
0.282586
0.282586
0.282586
0.0697017
0.0277101
0.0124305
0.0147745
0.048976
0.0428222
0.282586
0.282586
0.220996
0.0951037
0.106077
0.090276
0.0842907
0.189011
0.113341
0.29951
0.29951
0.240287
0.064329
0.0986103
0.0641156
0.0122349
0.0223169
0.0669227
0.215633
0.29951
0.230447
0.0642537
0.0148146
0.0218099
0.0199673
0.063805
0.0598767
0.29951
0.29951
0.242529
0.0860263
0.0866804
0.0696393
0.00362953
0.00654309
0.0682434
0.29951
0.29951
0.172323
0.0895506
0.0343436
0.0294767
0.00898104
0.0243748
0.0752107
0.265215
0.296757
0.295262
0.0818905
0.0278494
0.00616259
0.0103109
0.0177213
0.0380697
0.246316
0.296757
0.296757
0.0955649
0.0482343
0.003882
0.0094291
0.0125076
0.0888979
0.296757
0.296757
0.216525
0.0803359
0.0140789
0.0256625
0.0207404
0.0268203
0.0353248
0.263592
0.296757
0.296757
0.0620004
0.0085223
0.00501029
0.0374492
0.0818857
0.0447996
0.262124
0.287279
0.287279
0.0765569
0.0637801
0.0163787
0.0395473
0.109477
0.05767
0.287279
0.287279
0.287279
0.0760826
0.0654942
0.0805841
0.0224583
0.0281465
0.0419187
0.279232
0.287279
0.287279
0.0447362
0.0100923
0.0112169
0.0340525
0.029505
0.0508798
0.204134
0.287279
0.287279
0.0659572
0.0134291
0.0263696
0.0620351
0.168985
0.0685428
0.278964
0.278964
0.278964
0.0638367
0.0812547
0.091686
0.0019009
0.0121861
0.0362664
0.278964
0.278964
0.278964
0.0988053
0.0580051
0.00951722
0.0289738
0.0275887
0.0754703
0.230709
0.278964
0.278964
0.0526795
0.0225086
0.0291527
0.00212765
0.0176961
0.0781653
0.278964
0.278964
0.278964
0.0405557
0.0184872
0.00521198
0.00340679
0.0207018
0.0539261
0.286987
0.286987
0.286987
0.0685533
0.0541284
0.0106894
0.00397323
0.0298584
0.0769019
0.286987
0.286987
0.286987
0.0695784
0.0211449
0.00969067
0.000556084
0.020212
0.10105
0.286987
0.286987
0.286987
0.048839
0.0227686
0.00310255
0.000430984
0.0172927
0.0988677
0.249919
0.286987
0.249986
0.0497123
0.0441985
0.0103126
0.00602025
0.03394
0.11534
0.300177
0.300177
0.300177
0.055119
0.0128099
0.00995929
0.00773546
0.0225145
0.0489836
0.271121
0.300177
0.300177
0.0364293
0.0121776
0.00817253
0.00473238
0.0214888
0.106207
0.233151
0.300177
0.287861
0.0707592
0.037545
0.0099972
0.0294994
0.0277825
0.0750521
0.237594
0.300177
0.221235
0.0697728
0.0099558
0.0175157
0.00594494
0.0275859
0.0488764
0.293048
0.293048
0.293048
0.0828035
0.0271252
0.00902402
0.00553312
0.0422212
0.052292
0.293048
0.293048
0.293048
0.127945
0.115773
0.103385
0.00403058
0.0225545
0.107608
0.21898
0.293048
0.188995
0.105508
0.0403
0.0136208
0.00298852
0.0418941
0.0764848
0.289006
0.293048
0.229189
0.0629072
0.0266439
0.00817338
0.00692331
0.0422905
0.0564554
0.303583
0.303583
0.303583
0.107228
0.0838719
0.0740635
0.00450317
0.0102386
0.0889256
0.303583
0.303583
0.194175
0.0953276
0.0466909
0.0347058
0.00216061
0.0352946
0.07415
0.24229
0.303583
0.24311
0.0726442
0.0213781
0.00167436
0.00358061
0.0131049
0.103433
0.246164
0.303583
0.24666
0.0688589
0.0157897
0.00257639
0.0115921
0.0165599
0.10148
0.292167
0.292167
0.233672
0.0865971
0.0210589
0.0329231
0.021557
0.0345019
0.070106
0.292167
0.292167
0.292167
0.0588236
0.0121006
0.00844264
0.00520341
0.0138569
0.115367
0.279304
0.292167
0.288777
0.0815025
0.01694
0.00524194
0.0161542
0.0181638
0.086677
0.221756
0.292167
0.252499
0.121138
0.0149483
0.00793411
0.0232017
0.0374837
0.0773512
0.280845
0.280845
0.280845
0.0507647
0.0132908
0.0175151
0.0271369
0.0274093
0.0748602
0.280845
0.280845
0.280845
0.0621785
0.0236386
0.0306733
0.0173836
0.025697
0.110356
0.256404
0.280845
0.261828
0.107268
0.0262926
0.0207098
0.00599493
0.0424236
0.121544
0.280845
0.280845
0.280845
0.0541859
0.0875817
0.0232097
0.0234078
0.030136
0.102804
0.279524
0.279524
0.279524
0.0666441
0.0374816
0.0367657
0.00452832
0.0331481
0.0865495
0.279524
0.279524
0.279524
0.0728874
0.0411705
0.0127197
0.00584085
0.0314174
0.135676
0.279524
0.279524
0.279524
0.047345
0.0863537
0.0366467
0.00314001
0.022202
0.0829058
0.279524
0.279524
0.246323
0.0450387
0.0639692
0.0297835
0.0024614
0.0343911
0.10868
0.279781
0.279781
0.279781
0.0893045
0.0478961
0.00877565
0.000746894
0.0210437
0.104973
0.250518
0.279781
0.279781
0.0837848
0.0429224
0.0167372
0.00238133
0.0148454
0.108244
0.279781
0.279781
0.279781
0.057817
0.0646093
0.0296864
0.0100878
0.0266775
0.10021
0.274242
0.279781
0.279781
0.0616929
0.0137646
0.0108028
0.00481881
0.0258466
0.105979
0.235077
0.287006
0.287006
0.1058
0.0378067
0.0155353
0.0400928
0.0375007
0.081664
0.236338
0.287006
0.279036
0.105006
0.0114988
0.0223003
0.0062828
0.0290707
0.106944
0.287006
0.287006
0.287006
0.0721238
0.00982237
0.0114403
0.0127694
0.0155775
0.0487736
0.287006
0.287006
0.277416
0.0820791
0.0325391
0.0249901
0.00639425
0.0329529
0.123802
0.260657
0.272185
0.272185
0.141878
0.0495877
0.0186087
0.00252885
0.060731
0.117674
0.272185
0.272185
0.272185
0.10909
0.0377281
0.0105607
0
0.0104781
0.114282
0.272185
0.272185
0.272185
0.108575
0.0192676
0.00659652
0.000725288
0.0229372
0.1766
0.272185
0.272185
0.223172
0.109539
0.0199724
0.0394582
0.00333208
0.0495922
0.108439
0.263702
0.281157
0.281157
0.126452
0.0283085
0.0013191
0.00727925
0.0245858
0.156062
0.281157
0.281157
0.281157
0.111289
0.0360618
0.00711525
0.00348535
0.0255423
0.119895
0.281157
0.281157
0.217694
0.111938
0.0183119
0.0246514
0.0123389
0.0273912
0.100635
0.281157
0.281157
0.234645
0.0735202
0.0374988
0.0210391
0.0100277
0.0266873
0.13757
0.275901
0.275901
0.275901
0.112415
0.0277638
0.0114578
0.0113648
0.0410268
0.135477
0.275901
0.275901
0.238258
0.123308
0.0203577
0.0124912
0.0160574
0.0370396
0.085291
0.275901
0.275901
0.255959
0.0649484
0.0287289
0.0129436
0.00992757
0.0691581
0.0743507
0.275901
0.275901
0.275901
0.148135
0.0275316
0.00764878
0.0115075
0.0502236
0.143
0.275986
0.275986
0.237586
0.0968056
0.0253303
0.0231129
0.00236129
0.0421282
0.117451
0.275986
0.275986
0.275986
0.0719857
0.077383
0.0174177
0.0104382
0.0619229
0.0851181
0.275986
0.275986
0.275986
0.1533
0.0423163
0.0143207
0.0527081
0.0848757
0.0785801
0.216962
0.275986
0.275986
0.122932
0.0753578
0.0216247
0.00169993
0.0342529
0.128659
0.272374
0.272374
0.272374
0.066071
0.071134
0.0256335
0.0100796
0.0339577
0.0911963
0.271452
0.272374
0.264865
0.0738686
0.0666165
0.0317032
0.0395396
0.0639125
0.0969121
0.24726
0.272374
0.272374
0.150681
0.0869309
0.0277268
0.0206749
0.0509564
0.0984958
0.272374
0.272374
0.272374
0.133952
0.0408239
0.02539
0.0082232
0.0229905
0.103165
0.274537
0.274537
0.274537
0.0874001
0.0651848
0.0308829
0.00669867
0.018904
0.0912577
0.274537
0.274537
0.274537
0.0808276
0.00563374
0.0132124
0.0115756
0.0402073
0.106648
0.274537
0.274537
0.274537
0.154838
0.040665
0.0212213
0.0138774
0.0312237
0.0854653
0.274537
0.274537
0.274537
0.0896779
0.00811775
0.0148078
0.0063508
0.023047
0.0839834
0.280339
0.280339
0.280339
0.0934536
0.00341172
0.0120914
0.0141382
0.0257786
0.0526161
0.280339
0.280339
0.280339
0.0908092
0.053578
0.0265947
0.0113269
0.0346758
0.0861812
0.280339
0.280339
0.280339
0.0993844
0.0114307
0.00808082
0.00706769
0.0266184
0.122302
0.280339
0.280339
0.236202
0.103894
0.0482242
0.00896889
