0.222023
0.221586
0.0331986
0.114037
0.286331
0.141956
0.24542
0.286331
0.279596
0.0077547
0.0330466
0.0459139
0.0512093
0.133518
0.172103
0.151542
0.0938851
0.00439135
0.286331
0.286331
0.0224742
0.121432
0.286331
0.0418913
0.147406
0.286331
0.286331
0.0118557
0.0414729
0.0476957
0.0632268
0.124005
0.0686814
0.0326744
0.0198796
0.0386358
0.012033
0.066169
0.127363
0.19454
0.253797
0.253797
0.253797
0.183923
0.00498052
0.0739125
0.253797
0.253797
0.178743
0.134994
0.138659
0.163721
0.0852038
0.0332079
0.0193138
0.10214
0.112003
0.1917
0.253797
0.253797
0.14844
0.0325805
0.0519092
0.021133
0.112438
0.167471
0.213374
0.164705
0.253797
0.253797
0.124441
0.0514364
0.0737556
0.244853
0.244853
0.244853
0.227232
0.218321
0.244853
0.0865638
0.0464273
0.0827337
0.206359
0.149497
0.0773829
0.115806
0.0616182
0.127107
0.147725
0.209438
0.0238711
0.112527
0.176538
0.244853
0.231571
0.244853
0.244853
0.176989
0.0658302
0.045965
0.0919101
0.117284
0.139592
0.178905
0.0514692
0.181272
0.173045
0.119082
0.127563
0.214226
0.213276
0.134758
0.193833
0.101426
0.184074
0.214226
0.214226
0.149885
0.214226
0.131824
0.146324
0.214226
0.0859989
0.214226
0.141173
0.212027
0.0610583
0.145893
0.172622
0.189359
0.214226
0.0609525
0.214226
0.214226
0.151156
0.0322442
0.0916193
0.109478
0.115313
0.210239
0.077112
0.174581
0.15381
0.188521
0.073104
0.139406
0.0708497
0.0769895
0.122385
0.0265372
0.0678366
0.0721768
0.0619999
0.292891
0.248604
0.0453032
0.157644
0.277522
0.0508121
0.0965424
0.167122
0.292891
0.0857861
0.0994808
0.0823145
0.07225
0.155823
0.028067
0.0519494
0.053651
0.0518923
0.292891
0.292891
0.0419535
0.219605
0.292891
0.064405
0.110274
0.292891
0.292891
0.125547
0.104966
0.0258654
0.0643665
0.126753
0.0252025
0.0644845
0.14132
0.191847
0.119356
0.0759574
0.0767999
0.0868887
0.144431
0.0296837
0.147815
0.268675
0.268675
0.268675
0.220464
0.0400556
0.0942949
0.268675
0.0193345
0.0405682
0.11687
0.163397
0.268675
0.253925
0.238968
0.0985888
0.193773
0.0205203
0.194078
0.268675
0.268675
0.0949745
0.0580424
0.0700673
0.0650183
0.11629
0.0320469
0.135203
0.253442
0.253442
0.125178
0.245788
0.253442
0.253442
0.253442
0.0731805
0.0276134
0.0529446
0.0539692
0.232373
0.181221
0.16655
0.0992144
0.136866
0.0202848
0.142764
0.253442
0.253442
0.0869661
0.235988
0.253442
0.253442
0.212333
0.0356141
0.0463377
0.0475232
0.0409492
0.313195
0.313195
0.0279662
0.126034
0.313195
0.0200574
0.131502
0.313195
0.313195
0.0125181
0.0265501
0.0458111
0.0608395
0.146595
0.122427
0.0426497
0.0240547
0.042775
0.313195
0.313195
0.00237892
0.131477
0.313195
0.00572589
0.0221171
0.0640108
0.313195
0.012628
0.0123947
0.0377407
0.0273183
0.0218437
0.0313339
0.037924
0.0444844
0.0786083
0.024143
0.0960347
0.154709
0.248045
0.259314
0.259314
0.21248
0.0537339
0.0778152
0.0279506
0.157445
0.259314
0.259314
0.259314
0.259314
0.259314
0.185227
0.0773161
0.036131
0.0498585
0.124419
0.0977608
0.0814339
0.114334
0.147424
0.162388
0.244119
0.0620764
0.0681338
0.0623741
0.0748067
0.128041
0.204147
0.209352
0.136845
0.138713
0.0277926
0.147256
0.254162
0.254162
0.254162
0.254162
0.254162
0.233095
0.0938654
0.0466574
0.109877
0.14452
0.175561
0.215274
0.0714308
0.235243
0.220516
0.146039
0.0842831
0.0995277
0.0780598
0.0914901
0.150091
0.230997
0.232405
0.166305
0.103244
0.0420419
0.0632427
0.122924
0.121237
0.131773
0.135842
0.135204
0.19302
0.148631
0.0612542
0.151818
0.184061
0.21079
0.215448
0.088729
0.215448
0.215448
0.192046
0.0405443
0.0953788
0.143857
0.166346
0.215448
0.0965368
0.206434
0.198634
0.208157
0.0655177
0.120243
0.170628
0.181408
0.215448
0.189345
0.158332
0.211175
0.0891457
0.133413
0.14417
0.148667
0.171415
0.215448
0.144802
0.12376
0.209878
0.114728
0.0800094
0.0695285
0.0616997
0.0607802
0.11152
0.0213518
0.0334432
0.0430813
0.0372912
0.304023
0.304023
0.0327336
0.20634
0.304023
0.07287
0.0994621
0.191828
0.304023
0.0977734
0.0712913
0.0433945
0.0834358
0.178221
0.0438317
0.0264225
0.0450184
0.0196459
0.304023
0.258559
0.061134
0.170305
0.304023
0.00632712
0.0413303
0.244385
0.304023
0.261409
0.168636
0.0316474
0.0788386
0.183076
0.0184154
0.0395399
0.068205
0.117948
0.239042
0.147947
0.152834
0.0891984
0.182333
0.0190753
0.181445
0.288028
0.288028
0.27466
0.128916
0.0296083
0.0776222
0.222194
0.00231678
0.0124895
0.0600409
0.210595
0.288028
0.159317
0.0444808
0.0478851
0.153919
1.24684e-05
0.0236345
0.288028
0.288028
0.233995
0.154308
0.164288
0.102539
0.167915
0.022959
0.190153
0.276293
0.276293
0.0725388
0.214545
0.276293
0.267803
0.210906
0.0374184
0.0476812
0.0428864
0.0431689
0.276293
0.189038
0.0491206
0.0459958
0.132598
0
0.0182619
0.247112
0.276293
0.0838886
0.140621
0.229504
0.16382
0.155632
0.0474176
0.014356
0.0446655
0.0908644
0.323058
0.323058
0.00342168
0.202856
0.323058
0.00824903
0.0378227
0.114121
0.323058
0.0191737
0.0115896
0.0516243
0.0346823
0.0244806
0.0568351
0.0670027
0.0679843
0.106066
0.323058
0.323058
0.051048
0.213367
0.323058
0.00967787
0.0389046
0.131954
0.305841
0.0277169
0.0153948
0.0210101
0.0346586
0.0414069
0.0574579
0.0411941
0.0541439
0.110493
0.0558776
0.05253
0.182823
0.12013
0.107703
0.182024
0.230803
0.230803
0.230803
0.0651618
0.0943524
0.105317
0.142554
0.202861
0.230803
0.229005
0.210596
0.164533
0.124843
0.0580248
0.0657062
0.157835
0.153949
0.167422
0.168901
0.230803
0.230803
0.0794904
0.129808
0.128592
0.191846
0.185323
0.204557
0.201234
0.205467
0.0920886
0.0792784
0.126151
0.108426
0.128321
0.219118
0.219118
0.219118
0.219118
0.127546
0.0573249
0.100163
0.157058
0.157556
0.196142
0.186692
0.152913
0.219118
0.183184
0.0975871
0.123759
0.119339
0.218628
0.219118
0.151822
0.201807
0.219118
0.132668
0.0851815
0.092171
0.205695
0.12869
0.134078
0.121737
0.198137
0.219118
0.202975
0.0744573
0.134289
0.161803
0.174801
0.215436
0.198389
0.144058
0.215436
0.106105
0.133675
0.18314
0.165946
0.183172
0.215436
0.150801
0.14758
0.215436
0.143083
0.0949213
0.13342
0.215436
0.142823
0.204291
0.101869
0.174141
0.215436
0.201004
0.128984
0.157199
0.201089
0.192292
0.215436
0.0824272
0.141004
0.139155
0.105284
0.11769
0.0726234
0.0407618
0.0805344
0.161286
0.0393892
0.0266093
0.0489295
0.0245796
0.309463
0.251934
0.0519258
0.169046
0.309463
0.00608676
0.0520511
0.16621
0.309463
0.0754267
0.0868663
0.0385412
0.0853788
0.157964
0.0180549
0.0323042
0.0294762
0.0180014
0.309463
0.192509
0.0188208
0.143263
0.309463
0.00165013
0.196218
0.309463
0.309463
0.285337
0.138492
0.0327193
0.0908781
0.240858
0.00209469
0.0179488
0.056105
0.25187
0.285337
0.150778
0.0309027
0.0831816
0.208138
0.0336139
0.0918568
0.285337
0.285337
0.159546
0.11018
0.0108796
0.0827992
0.235364
0.000240764
0.0556122
0.132656
0.18265
0.250526
0.101661
0.0196308
0.0991706
0.285337
0.0559973
0.105659
0.151426
0.285337
0.289385
0.223956
0.0571166
0.0740058
0.220075
0.0457108
0.0713326
0.275492
0.289385
0.100135
0.181833
0.243803
0.186112
0.244156
0.116939
0.0309424
0.0527997
0.103781
0.281536
0.127945
0.0312741
0.105738
0.289385
0.0716008
0.0710864
0.0919032
0.276269
0.0623472
0.0480728
0.187949
0.109608
0.223642
0.0861821
0.038412
0.0406077
0.128652
0.312486
0.312486
0.056522
0.283321
0.312486
0.0123276
0.0332996
0.174535
0.312486
0.0309999
0.0201755
0.0246896
0.0296876
0.0498753
0.0587553
0.0499485
0.0725982
0.130448
0.312486
0.312486
0.00108277
0.123612
0.312486
0.0171582
0.0520848
0.210674
0.278212
0.0192973
0.0130471
0.0179091
0.0153195
0.0328822
0.0516665
0.0850803
0.0797201
0.095818
0.119152
0.065323
0.0743765
0.119935
0.177479
0.156457
0.178642
0.238814
0.238814
0.0666
0.119387
0.156991
0.190817
0.171746
0.182244
0.217359
0.238814
0.0833465
0.0754395
0.0786806
0.085461
0.0761368
0.141174
0.164336
0.238814
0.233061
0.238814
0.0730804
0.19459
0.101334
0.102017
0.183233
0.16028
0.238814
0.238814
0.168741
0.0827707
0.11607
0.148503
0.196781
0.221787
0.136096
0.20384
0.221787
0.120502
0.102764
0.0886634
0.173634
0.126013
0.141037
0.14405
0.21308
0.221787
0.190038
0.09777
0.213404
0.142817
0.141038
0.197777
0.169213
0.221787
0.221787
0.155759
0.0792714
0.118786
0.150384
0.130536
0.145421
0.183822
0.206943
0.221787
0.131723
0.114969
0.126766
0.203003
0.133734
0.214983
0.125335
0.185342
0.217997
0.206848
0.133735
0.182656
0.182012
0.183063
0.211945
0.0872922
0.14191
0.123248
0.133539
0.107925
0.146258
0.157887
0.136826
0.192249
0.211291
0.193662
0.217997
0.136548
0.157281
0.217997
0.217997
0.202099
0.217997
0.0941877
0.0899641
0.108438
0.0509894
0.103271
0.101944
0.0514461
0.111247
0.214295
0.0224047
0.039446
0.0328523
0.0309812
0.303859
0.211119
0.018371
0.204003
0.303859
0.00517828
0.244997
0.303859
0.303859
0.101955
0.0934782
0.0599909
0.0998976
0.224215
0.0352176
0.0344155
0.02666
0.0113986
0.160074
0.106141
0.0432742
0.113584
0.283201
0.0968561
0.210807
0.284347
0.212633
0.231017
0.136316
0.0122743
0.135111
0.259792
0.00140128
0.0848136
0.187876
0.259792
0.259792
0.182933
0.0159237
0.157777
0.259792
0.133011
0.25144
0.186728
0.259792
0.11333
0.0620363
0.0223315
0.0813124
0.194993
0.0475119
0.0991199
0.151984
0.124433
0.259792
0.180287
0.0217751
0.12786
0.259792
0.0055638
0.0659289
0.120133
0.199223
0.267229
0.229803
0.0366072
0.155657
0.267229
0.178813
0.181437
0.117869
0.267229
0.0918958
0.0719541
0.267229
0.195124
0.267229
0.214122
0.0781215
0.0576449
0.17961
0.267229
0.163976
0.0326467
0.147001
0.267229
0.00478794
0.0399665
0.121905
0.236906
0.146518
0.0480381
0.0160741
0.0625413
0.139292
0.00820189
0.0258924
0.0603591
0.172716
0.361145
0.253305
0.00455537
0.157082
0.361145
0.0171556
0.0429588
0.203334
0.243569
0.0136761
0.0100144
0.0190306
0.0118936
0.0349356
0.0492052
0.0713535
0.0744795
0.0874512
0.125689
0.0816839
0.0166397
0.222635
0.361145
0.284042
0.100065
0.172547
0.161608
0.00451375
0.00680537
0.050753
0.0947734
0.361145
0.170843
0.0419882
0.0364036
0.0333442
0.0267338
0.0303569
0.0369023
0.029662
0.0695362
0.074561
0.117536
0.101715
0.133624
0.0321337
0.0732105
0.0502718
0.0472816
0.085372
0.0663658
0.0997237
0.163895
0.0760124
0.0109764
0.0224383
0.0687837
0.17295
0.557506
0.260705
0.0892872
0.0657954
0.0620046
0.0275499
0.0363425
0.0324617
0.304286
0.557506
0.180144
0.0670611
0.058728
0.0339568
0.0387855
0.0795174
0.06303
0.0575777
0.0877075
0.0673075
0.0846243
0.117892
0.0577269
0.0321232
0.0414739
0.0511656
0.0434497
0.0574672
0.0803866
0.0909779
0.101963
0.0507186
0.0212708
0.0380517
0.0202352
0.371601
0.548894
0.153277
0.0765474
0.0676974
0.0306509
0.0134313
0.0225075
0.01641
0.280621
0.548894
0.218385
0.0404264
0.0417484
0.0372349
0.0367402
0.047781
0.06028
0.0429471
0.0620227
0.0822268
0.0774735
0.077095
0.0482267
0.0604137
0.0842185
0.0771573
0.0806599
0.116535
0.0375897
0.0328193
0.0386893
0.0154776
0.00880818
0.0201801
0.018825
0.335296
0.514325
0.171012
0.0414456
0.0384393
0.0337222
0.057135
0.0657175
0.063212
0.465908
0.514325
0.139538
0.0172786
0.0255771
0.00517147
0.082387
0.0748296
0.0567023
0.103637
0.208873
0.0323989
0.0285268
0.0237064
0.00967499
0.128457
0.0855818
0.0351658
0.118075
0.279596
0.0865389
0.190653
0.272476
0.214906
0.0411661
0.0569112
0.0524876
0.388852
0.42685
0.0983412
0.0143344
0.0165043
0.00325548
0.0472563
0.0644395
0.0264112
0.186639
0.42685
0.261554
0.0241984
0.0262514
0.0317551
0.117369
0.0607464
0.0212964
0.1098
0.260307
0.0538539
0.123151
0.195051
0.153256
0.291885
0.291885
0.0268469
0.128342
0.266635
0.00565091
0.0521888
0.121688
0.253091
0.0510873
0.114094
0.0510178
0.19297
0.291885
0.168564
0.0192771
0.0388103
0.0317199
0.181286
0.291885
0.0917089
0.287348
0.291885
0.109498
0.0276255
0.0473592
0.0342434
0.279246
0.279246
0.0396984
0.181314
0.279246
0.00511429
0.0502795
0.164614
0.279246
0.201664
0.0997264
0.0189766
0.0933802
0.175229
0.00727874
0.0278674
0.0854569
0.23595
0.22836
0.279246
0.166741
0.279246
0.279246
0.178424
0.0404589
0.107603
0.0878398
0.0873512
0.141289
0.0353351
0.104258
0.219903
0.0228277
0.0179092
0.0369201
0.113382
0.170274
0.0697066
0.0283303
0.276565
0.339592
0.27195
0.132296
0.269811
0.234183
0.00653065
0.00833998
0.064836
0.0927182
0.339592
0.176105
0.065903
0.0627438
0.0467292
0.0290863
0.033616
0.0396841
0.0636505
0.24215
0.107508
0.0971601
0.277027
0.266197
0.00643675
0.0132927
0.0309923
0.027337
0.327916
0.123562
0.123238
0.0848337
0.0526764
0.0130609
0.0242862
0.0663238
0.140946
0.422803
0.205996
0.0994336
0.0785631
0.0716055
0.0369517
0.0485618
0.0443501
0.237073
0.422803
0.166507
0.0737813
0.055834
0.0438033
0.00949215
0.0200716
0.0462273
0.0519196
0.422803
0.156475
0.163974
0.0651494
0.043258
0.0285413
0.0507953
0.0367954
0.0905206
0.422803
0.125774
0.0584534
0.0326464
0.0122011
0.0303484
0.0539221
0.0309594
0.292472
0.410033
0.142757
0.0860738
0.0727818
0.0409472
0.0143792
0.0286104
0.0278566
0.194221
0.410033
0.182895
0.0717093
0.0642523
0.0542689
0.0273256
0.0436063
0.0384244
0.12784
0.410033
0.110523
0.0670515
0.0361761
0.0152009
0.0566911
0.0160075
0.0415362
0.116757
0.410033
0.0813003
0.0739965
0.111679
0.187374
0.00786424
0.0295473
0.0394337
0.248682
0.390602
0.150425
0.0753882
0.0647331
0.0515802
0.0767974
0.0770269
0.0791991
0.368979
0.390602
0.109621
0.0319588
0.0412888
0.00653233
0.0342977
0.0330154
0.0604278
0.158042
0.390602
0.0753528
0.0716845
0.0857616
0.106956
0.0423633
0.068449
0.0777397
0.205809
0.390602
0.0440615
0.0346067
0.0230603
0.0461756
0.0414401
0.0603732
0.0571262
0.24953
0.345
0.0663237
0.0196933
0.0213606
0.00365974
0.0934274
0.108136
0.0298328
0.133348
0.345
0.163519
0.0232767
0.0269301
0.0397183
0.0297416
0.0665536
0.0522291
0.137028
0.345
0.031336
0.0197987
0.00544209
0.00292393
0.345
0.345
0.263626
0.200039
0.345
0.0505599
0.00225742
0.00410619
0.0264945
0.0798729
0.168885
0.0788102
0.166942
0.288425
0.142362
0.0270231
0.0535084
0.0437648
0.167477
0.288425
0.119127
0.266027
0.288425
0.0849945
0.0249055
0.0642442
0.050743
0.288425
0.288425
0.205376
0.155459
0.288425
0.0473048
0.00381182
0.00656536
0.0202943
0.184927
0.288425
0.158561
0.12656
0.218764
0.0284297
0.0185779
0.022178
0.0380527
0.222267
0.283013
0.245625
0.283013
0.283013
0.155487
0.0600537
0.169898
0.118681
0.120513
0.232924
0.0463342
0.135019
0.261679
0.0253112
0.02258
0.0550798
0.156497
0.262611
0.283013
0.283013
0.18594
0.283013
0.0533515
0.0283348
0.0444317
0.0659603
0.0814674
0.0871318
0.0659365
0.0457467
0.100771
0.0254619
0.0218458
0.0313689
0.0787656
0.0819773
0.055113
0.0832439
0.0775587
0.130123
0.091433
0.140511
0.304685
0.304685
0.0267117
0.0145495
0.0310374
0.0198787
0.179309
0.147478
0.184217
0.146868
0.10129
0.304685
0.197183
0.246469
0.136622
0.244813
0.176508
0.1479
0.304685
0.304685
0.0704248
0.0450978
0.0473732
0.0740202
0.132067
0.089516
0.107814
0.187728
0.166893
0.0518546
0.045338
0.0788951
0.0834564
0.250881
0.250881
0.250881
0.198807
0.116543
0.0910395
0.146885
0.0996631
0.145156
0.250881
0.250881
0.194086
0.0986693
0.0439467
0.131261
0.0749523
0.0518152
0.118711
0.207346
0.241507
0.250881
0.250881
0.250881
0.0803876
0.187739
0.069108
0.0700544
0.250881
0.138915
0.12992
0.133681
0.076827
0.0638948
0.102065
0.0838072
0.144982
0.277802
0.206367
0.163479
0.0809115
0.0406789
0.118902
0.0494019
0.0918887
0.120724
0.19608
0.102408
0.191901
0.244833
0.277802
0.0514514
0.140381
0.0686534
0.0521923
0.202842
0.126753
0.139238
0.120825
0.065224
0.277802
0.218788
0.115571
0.0590985
0.176091
0.1031
0.277802
0.277802
0.277802
0.074046
0.0823454
0.117256
0.156928
0.234292
0.0887145
0.164586
0.170921
0.199506
0.0789575
0.138303
0.128278
0.227319
0.234292
0.0363395
0.0895584
0.0525554
0.0795031
0.234292
0.231309
0.16445
0.0753555
0.221596
0.0757999
0.234292
0.234292
0.234292
0.234292
0.21948
0.166812
0.177784
0.234292
0.00854541
0.105256
0.0797642
0.167724
0.0305495
0.076336
0.0533956
0.0830719
0.113888
0.0193955
0.0295816
0.00838155
0.00316261
0.343023
0.343023
0.263523
0.193663
0.343023
0.00823788
0.00518101
0.00559891
0.0382724
0.0564105
0.078878
0.0732021
0.0561015
0.104839
0.00448607
0.0338561
0.0334112
0.0169563
0.343023
0.343023
0.0523078
0.343023
0.343023
0.0236442
0.0289981
0.021924
0.0300311
0.290157
0.290157
0.26414
0.16626
0.290157
0.0148792
0.00704508
0.00721914
0.0310624
0.204947
0.290157
0.189505
0.0947316
0.229701
0.00271976
0.019549
0.0337678
0.0549753
0.290157
0.290157
0.0498111
0.290157
0.290157
0.0197894
0.0320794
0.0432151
0.0385514
0.149528
0.140536
0.0202741
0.0689961
0.146746
0.0143841
0.0214279
0.0410064
0.0717375
0.317488
0.317488
0.317488
0.234516
0.317488
0.0159939
0.0482601
0.0971369
0.154941
0.182462
0.146157
0.105624
0.0826323
0.179826
0.0442564
0.0367733
0.0681574
0.171011
0.213751
0.125658
0.040113
0.0876838
0.136685
0.0321119
0.0666117
0.155195
0.270296
0.147977
0.189319
0.0486923
0.0759531
0.239239
0.0186855
0.0291312
0.140129
0.166083
0.241345
0.0883008
0.128822
0.0852889
0.16453
0.0893121
0.0921687
0.173615
0.296459
0.0420793
0.0196821
0.0290075
0.0315412
0.0560623
0.0468073
0.0512305
0.101595
0.0884005
0.102062
0.249918
0.296459
0.296459
0.18618
0.166325
0.296459
0.296459
0.296459
0.0266124
0.0380331
0.070478
0.0926828
0.107581
0.0738897
0.120966
0.213373
0.225559
0.146524
0.0680498
0.0549996
0.0929639
0.147533
0.189721
0.21076
0.325594
0.2614
0.0781739
0.172425
0.0468767
0.0680663
0.18808
0.120132
0.114802
0.142262
0.0611327
0.141406
0.154868
0.0911403
0.0983365
0.222497
0.188456
0.183853
0.325594
0.325594
0.080612
0.176231
0.144006
0.127693
0.193679
0.168868
0.0899346
0.102704
0.0633453
0.0348828
0.0769878
0.0304058
0.0307841
0.0913766
0.0564355
0.0634548
0.0642476
0.0299305
0.196404
0.0886187
0.0347101
0.0462826
0.129399
0.0895929
0.208857
0.187435
0.32882
0.09093
0.175678
0.101296
0.0957203
0.131117
0.0855109
0.0403109
0.0342685
0.0271885
0.32882
0.32882
0.163393
0.181323
0.294378
0.0870826
0.189926
0.32882
0.32882
0.16252
0.107663
0.0603302
0.0515501
0.14995
0.0742378
0.186688
0.155021
0.240846
0.152698
0.125625
0.0645557
0.0937957
0.162179
0.013088
0.0594171
0.0420214
0.0820771
0.313891
0.313891
0.214808
0.193622
0.304896
0.0770769
0.174199
0.313891
0.313891
0.210434
0.164814
0.0506794
0.0702015
0.13354
0.0256647
0.0462242
0.0817844
0.0836143
0.0565789
0.0670394
0.0463206
0.046361
0.0722559
0.00557937
0.0290514
0.022039
0.0165368
0.344558
0.344558
0.0443225
0.344558
0.344558
0.0126988
0.0193835
0.0160608
0.0463251
0.074303
0.0701381
0.0408357
0.0301156
0.0562011
0.0121352
0.0260247
0.0145695
0.0415337
0.344558
0.190181
0.0565157
0.344558
0.344558
0.0117439
0.05097
0.0998299
0.272408
0.327985
0.327985
0.0496798
0.327985
0.327985
0.0131889
0.025009
0.0352289
0.0569051
0.102543
0.10668
0.0237793
0.0740177
0.156152
0.00938458
0.0142792
0.0370558
0.0671429
0.327985
0.181306
0.0574275
0.327985
0.327985
0.0135545
0.0396428
0.0790027
0.305597
0.0705244
0.0760834
0.0489516
0.0836431
0.128622
0.0250009
0.0276076
0.0387646
0.0599606
0.226644
0.149409
0.0577146
0.128373
0.212361
0.031564
0.0673186
0.19587
0.226644
0.17942
0.20326
0.0532561
0.115423
0.226644
0.022207
0.0420032
0.202288
0.197018
0.226644
0.177626
0.0879412
0.211073
0.226644
0.0965305
0.090581
0.118762
0.226644
0.226644
0.184451
0.0601024
0.172054
0.226644
0.159696
0.0772493
0.144011
0.226644
0.146257
0.183773
0.222483
0.195178
0.223862
0.114131
0.249642
0.249642
0.249642
0.0624387
0.0333526
0.0513744
0.0592597
0.0813701
0.059948
0.0909394
0.133443
0.208721
0.140597
0.118006
0.123106
0.114424
0.17315
0.0649193
0.249642
0.249642
0.249642
0.12422
0.0494611
0.0408331
0.076565
0.10991
0.196659
0.223589
0.211061
0.249642
0.161837
0.0687012
0.0430203
0.0428917
0.0833865
0.0779608
0.0725544
0.218385
0.309503
0.0343319
0.0836415
0.0875112
0.0560525
0.0698527
0.0577516
0.0432279
0.069986
0.0219061
0.297873
0.12528
0.0620376
0.122528
0.184738
0.274031
0.309503
0.309503
0.309503
0.0180519
0.100129
0.173168
0.214997
0.107904
0.293512
0.241026
0.0823601
0.0082425
0.0657377
0.12572
0.0772394
0.0595953
0.0725255
0.0475507
0.0332553
0.0448135
0.0151934
0.25907
0.263215
0.10116
0.157946
0.228665
0.0941917
0.171575
0.263215
0.263215
0.0511156
0.144652
0.150232
0.137623
0.0746409
0.185025
0.189535
0.0757017
0.00612742
0.263215
0.263215
0.180365
0.185015
0.191943
0.0833891
0.191499
0.23901
0.263215
0.269477
0.269477
0.140824
0.173428
0.2399
0.0948132
0.174464
0.269477
0.269477
0.155438
0.129661
0.0306089
0.0576733
0.0957957
0.0264741
0.040088
0.053151
0.0684966
0.269477
0.269477
0.245892
0.193732
0.201114
0.0823597
0.180342
0.232288
0.269477
0.113388
0.108753
0.0260003
0.0416806
0.112255
0.0266809
0.0344338
0.0396637
0.0753311
0.08274
0.0781898
0.0339678
0.0367603
0.0505451
0.0160624
0.0278602
0.0199928
0.0432669
0.315503
0.186324
0.0686524
0.381292
0.381292
0.00900073
0.0301972
0.0575257
0.248313
0.0518591
0.0727466
0.0245488
0.0283629
0.0846033
0.0266186
0.016125
0.0235517
0.0202502
0.296588
0.169829
0.0732917
0.381292
0.381292
0.0356721
0.17857
0.107616
0.0825033
0.256647
0.146342
0.050317
0.331658
0.331658
0.0125107
0.0241226
0.0594255
0.238005
0.0615066
0.0720526
0.0543019
0.0803646
0.143947
0.0314094
0.0212414
0.0625209
0.0613114
0.238851
0.14016
0.0692027
0.331658
0.331658
0.0357797
0.105055
0.0839634
0.0861314
0.149505
0.10715
0.160255
0.291277
0.261429
0.0457641
0.091502
0.157403
0.0697095
0.1217
0.114591
0.072452
0.0865138
0.175924
0.0778306
0.0505389
0.170041
0.172247
0.13637
0.0984108
0.0309341
0.0821656
0.179815
0.0651239
0.04501
0.0851429
0.127138
0.248014
0.201027
0.248014
0.248014
0.248014
0.149032
0.143499
0.248014
0.233227
0.196519
0.198284
0.0906492
0.207697
0.248014
0.18232
0.107644
0.234151
0.165995
0.181003
0.118565
0.0809082
0.103251
0.214042
0.0818897
0.295655
0.21061
0.303893
0.153936
0.0472519
0.0344581
0.075342
0.12912
0.142803
0.213595
0.15913
0.303893
0.0406642
0.142893
0.14809
0.0843387
0.115646
0.250651
0.303893
0.263679
0.062303
0.0372743
0.0492396
0.0966553
0.168699
0.145082
0.118782
0.193926
0.118906
0.0677174
0.27213
0.0929924
0.0442349
0.115805
0.183275
0.153437
0.246787
0.24839
0.27213
0.0156284
0.0921628
0.180586
0.222491
0.104333
0.169832
0.152652
0.0729607
0.0202784
0.0795413
0.13414
0.127599
0.27213
0.21254
0.133056
0.201573
0.162608
0.119153
0.128931
0.2176
0.170611
0.27213
0.200362
0.0716059
0.0784072
0.0490802
0.093572
0.0530095
0.137448
0.161362
0.188499
0.0886981
0.122578
0.138017
0.0748427
0.012153
0.246982
0.217616
0.166689
0.177723
0.176861
0.0994915
0.199339
0.185213
0.250924
0.0916847
0.183921
0.187383
0.250924
0.191325
0.0782152
0.0925217
0.072615
0.0780226
0.192444
0.206726
0.121483
0.113293
0.113094
0.105522
0.250924
0.250924
0.250924
0.263231
0.263231
0.233933
0.210143
0.213148
0.120746
0.216035
0.207724
0.263231
0.100934
0.114223
0.0276616
0.0414197
0.103999
0.0297372
0.0410525
0.040715
0.0861962
0.215203
0.25386
0.204367
0.199
0.166406
0.175913
0.263231
0.263231
0.263231
0.0568306
0.0881944
0.0497822
0.0676325
0.0594068
0.0452244
0.0822638
0.0599821
0.050911
0.0500492
0.0837986
0.0250466
0.0373836
0.0893608
0.0311726
0.0223939
0.0360444
0.0226708
0.271253
0.167299
0.105631
0.386562
0.386562
0.0305468
0.116594
0.0689012
0.0604238
0.0328428
0.0827106
0.0446215
0.0818626
0.0945219
0.0511178
0.0857589
0.0491742
0.0295222
0.310138
0.3171
0.0501103
0.376171
0.386562
0.0543829
0.0918192
0.0447898
0.016876
0.193633
0.120555
0.0766243
0.328277
0.328277
0.0385483
0.0759631
0.0796579
0.064725
0.134083
0.108694
0.157248
0.259189
0.258814
0.0808349
0.101164
0.193718
0.0653548
0.257496
0.281189
0.0439881
0.326715
0.328277
0.0434356
0.0704248
0.0402916
0.0173771
0.0453008
0.0466862
0.0640886
0.111672
0.120669
0.108241
0.195184
0.0692322
0.0310873
0.153809
0.132751
0.209204
0.229202
0.229202
0.159842
0.135473
0.229202
0.157112
0.137222
0.180562
0.109297
0.151485
0.149339
0.0779403
0.0856874
0.149233
0.137807
0.111791
0.0713574
0.0912908
0.163523
0.171636
0.155822
0.229202
0.145677
0.183956
0.1724
0.229202
0.229202
0.191168
0.206154
0.103898
0.127172
0.13464
0.229202
0.0505158
0.120036
0.164605
0.163333
0.175458
0.257664
0.31843
0.230273
0.0495066
0.047442
0.0493511
0.120213
0.154028
0.168155
0.0953658
0.198459
0.130882
0.113644
0.0197786
0.0361629
0.118715
0.31843
0.31843
0.262077
0.155038
0.0707516
0.102157
0.071148
0.0350324
0.0897437
0.138306
0.150256
0.0464008
0.0419871
0.193495
0.31843
0.103814
0.135006
0.214858
0.26809
0.26809
0.106263
0.198261
0.186771
0.207959
0.0957429
0.183436
0.171346
0.26809
0.225898
0.0455748
0.0754187
0.0469346
0.0970377
0.114834
0.055721
0.180982
0.195971
0.224613
0.088789
0.0825474
0.26809
0.26809
0.117308
0.210836
0.12974
0.118733
0.171629
0.0400642
0.0916216
0.0961478
0.0608968
0.0648709
0.149762
0.16653
0.278959
0.193562
0.0481427
0.073796
0.0584767
0.0612527
0.161892
0.162388
0.116996
0.0957288
0.111455
0.0993773
0.246554
0.278959
0.278959
0.111002
0.144557
0.107993
0.123873
0.19842
0.0346681
0.0714965
0.0746198
0.0528213
0.278959
0.101194
0.0537836
0.158477
0.278959
0.0161553
0.192896
0.278959
0.278959
0.170633
0.206188
0.186023
0.146948
0.162315
0.154028
0.281142
0.281142
0.281142
0.0586308
0.0875314
0.0442904
0.0448135
0.0436101
0.0423784
0.0646817
0.0522288
0.0463401
0.281142
0.12814
0.0962688
0.212825
0.281142
0.0328961
0.221515
0.281142
0.281142
0.17113
0.0775804
0.0525443
0.0963554
0.199787
0.0561865
0.0569135
0.0910636
0.133799
0.0543101
0.0968805
0.0420517
0.0615826
0.0796627
0.0550882
0.0785357
0.0522742
0.0318051
0.322901
0.308499
0.0472335
0.322901
0.322901
0.0393525
0.0664836
0.0403552
0.0265107
0.215298
0.202026
0.0932499
0.0759853
0.155297
0.0584988
0.0652325
0.0952142
0.107716
0.322901
0.322901
0.146591
0.172556
0.322901
0.0399769
0.0315648
0.0827771
0.129246
0.307161
0.295696
0.0373125
0.307699
0.31109
0.0469247
0.0787621
0.0517516
0.0284857
0.0319552
0.0542503
0.0612536
0.110577
0.131607
0.138057
0.225853
0.0908121
0.0258881
0.31109
0.31109
0.189887
0.154847
0.31109
0.0298918
0.0428225
0.110768
0.201244
0.00970787
0.0308943
0.121496
0.189375
0.179151
0.065476
0.0411243
0.0212696
0.0340932
0.0649705
0.0557347
0.0668384
0.129814
0.157106
0.170123
0.251615
0.159168
0.138091
0.139053
0.241738
0.259914
0.259914
0.259914
0.115841
0.148861
0.132211
0.259914
0.024386
0.0326689
0.162629
0.245775
0.259914
0.0672982
0.0623281
0.0560621
0.0658177
0.0292914
0.0550318
0.0636447
0.259914
0.259914
0.254651
0.109368
0.0820898
0.102025
0.0425427
0.0544546
0.201877
0.331633
0.331633
0.331633
0.187128
0.0736711
0.130296
0.128335
0.0506525
0.15969
0.176337
0.173634
0.0676076
0.0480433
0.257751
0.331633
0.0373827
0.029277
0.0290104
0.0529019
0.145823
0.0604757
0.0162688
0.0272788
0.115393
0.329066
0.0184224
0.00761967
0.0173952
0.033853
0.00872174
0.0137028
0.111876
0.331633
0.18205
0.0753412
0.301164
0.182202
0.236495
0.107134
0.0874093
0.373743
0.373743
0.096763
0.204503
0.135384
0.121881
0.202941
0.0455604
0.0957624
0.0891085
0.0387064
0.373743
0.0295118
0.0182019
0.0330415
0.0484416
0.00724246
0.0205874
0.162152
0.373743
0.0659146
0.0505402
0.0585038
0.033296
0.0401797
0.0473585
0.0719243
0.0580063
0.0450295
0.0954654
0.145111
0.126574
0.108835
0.191986
0.0380492
0.0819172
0.0713884
0.0404663
0.31445
0.123622
0.0838578
0.138878
0.269351
0.0227826
0.241833
0.321373
0.321373
0.0832849
0.0747002
0.0816087
0.0541816
0.0589997
0.0278516
0.0418614
0.0479185
0.030531
0.321373
0.1133
0.0625433
0.147405
0.321373
0.0293383
0.0441669
0.170696
0.321373
0.237159
0.119741
0.106665
0.129516
0.261025
0.0275675
0.193963
0.269145
0.269145
0.11611
0.0709368
0.0391807
0.069872
0.149951
0.0387009
0.0442253
0.0701856
0.10775
0.269145
0.125204
0.0802703
0.141911
0.269145
0.0220052
0.0366558
0.104713
0.269145
0.269145
0.269145
0.142788
0.128384
0.269145
0.00764481
0.00629891
0.0435717
0.232194
0.213928
0.20085
0.127145
0.0871184
0.16697
0.0594257
0.0707737
0.0863856
0.0984372
0.274575
0.274575
0.173909
0.18987
0.274575
0.0454657
0.0444546
0.0710316
0.121611
0.274575
0.274575
0.199838
0.169767
0.274575
0.0268626
0.0171902
0.0364946
0.123231
0.115246
0.274575
0.180023
0.0883705
0.16483
0.164457
0.139733
0.0534538
0.0475972
0.298819
0.298819
0.298819
0.232238
0.298819
0.0554118
0.0805639
0.128785
0.23236
0.00878191
0.0520819
0.171016
0.257897
0.26715
0.0926194
0.0610682
0.0365675
0.0386184
0.100356
0.297557
0.28306
0.12825
0.120778
0.192646
0.142912
0.0700644
0.0721792
0.00736871
0.00907647
0.125682
0.0878994
0.0806962
0.109159
0.0611362
0.0185745
0.010486
0.0225629
0.046768
0.206339
0.337499
0.349396
0.108736
0.107938
0.113065
0.100937
0.0293727
0.0618906
0.0867016
0.349396
0.349396
0.349396
0.198465
0.159251
0.177388
0.00890573
0.0168479
0.157254
0.122015
0.11185
0.113504
0.0495686
0.0275153
0.013867
0.0537215
0.148612
0.157044
0.222663
0.166706
0.0385878
0.0138774
0.011953
0.00576997
0.0637735
0.0434892
0.0466927
0.0498051
0.0720608
0.0990032
0.0249342
0.0401162
0.163899
0.462633
0.029318
0.0115062
0.0191425
0.0309096
0.0178058
0.0212637
0.198232
0.462633
0.0638275
0.0266565
0.0263486
0.0394562
0.0461875
0.0311385
0.0290852
0.0370935
0.105578
0.462633
0.0339682
0.0109554
0.0215739
0.0371874
0.0113685
0.0170309
0.14053
0.462633
0.465612
0.0385305
0.0221436
0.0249539
0.0409749
0.0094579
0.0188346
0.202525
0.465612
0.0581384
0.0429722
0.0729357
0.0467518
0.047105
0.0600736
0.0759777
0.0621707
0.0303819
0.465612
0.0398169
0.0141268
0.0216054
0.0367624
0.00959567
0.0140939
0.125878
0.465612
0.0601644
0.142604
0.0408369
0.0333877
0.0705707
0.0270327
0.0349016
0.042597
0.0523581
0.102863
0.0961591
0.12779
0.0701429
0.0619088
0.0406096
0.0547834
0.0602203
0.0329555
0.329091
0.169223
0.104838
0.156982
0.329091
0.072504
0.0723046
0.292741
0.329091
0.0435603
0.100961
0.0574639
0.0398746
0.0700387
0.0434419
0.0406896
0.0406459
0.0195775
0.265236
0.278247
0.0574655
0.0609531
0.217656
0.145606
0.165466
0.27177
0.329091
0.279843
0.140202
0.0996164
0.113848
0.224426
0.0381604
0.0473609
0.125263
0.279843
0.279843
0.279843
0.129848
0.144409
0.279843
0.00684061
0.00607403
0.0518154
0.211309
0.132311
0.171929
0.0518269
0.0484815
0.140042
0.099633
0.0861901
0.115493
0.208594
0.279843
0.153728
0.00664955
0.25348
0.279843
0.0187389
0.0298275
0.0558561
0.127183
0.305655
0.305655
0.248991
0.213515
0.305655
0.0226803
0.0181634
0.0350241
0.103621
0.0941551
0.277234
0.240994
0.120418
0.170636
0.134295
0.104427
0.0442643
0.0517721
0.305655
0.187435
0.0171875
0.305655
0.305655
0.0407557
0.0302569
0.0428838
0.0640216
0.0797051
0.0624871
0.0330337
0.0720421
0.166098
0.0581871
0.0574441
0.0460545
0.0343865
0.130535
0.284082
0.284082
0.284082
0.248263
0.284082
0.237604
0.131747
0.105788
0.0115215
0.0173863
0.284082
0.19461
0.178259
0.220164
0.129267
0.0840335
0.0295911
0.0352656
0.0982242
0.0800131
0.0957671
0.126055
0.151587
0.133953
0.113667
0.0774323
0.00998885
0.00308156
0.0177297
0.0923475
0.234038
0.213205
0.132611
0.208263
0.131425
0.0132033
0.0327865
0.244986
0.244575
0.214425
0.2441
0.125065
0.129837
0.0408363
0.110109
0.215492
0.244986
0.244986
0.244986
0.0824205
0.0537294
0.0578956
0.0601868
0.011573
0.00454991
0.0222462
0.123414
0.244986
0.244986
0.144593
0.244986
0.166945
0.0487753
0.0710365
0.0549553
0.128244
0.244986
0.244986
0.164762
0.22481
0.120796
0.0558164
0.0246671
0.0336254
0.0400521
0.0473378
0.0288863
0.0291227
0.0332167
0.0967766
0.47953
0.0359849
0.0175121
0.0280218
0.0428228
0.0101602
0.0174257
0.122575
0.47953
0.0143082
0.0218369
0.0359452
0.0728631
0.089795
0.0450854
0.0431919
0.0349071
0.0346103
0.47953
0.0447873
0.0368958
0.0333776
0.0658681
0.00510731
0.016355
0.0944812
0.47953
0.464507
0.0409562
0.0210097
0.0287471
0.0418212
0.0123485
0.0146978
0.109464
0.464507
0.0729849
0.100369
0.0470445
0.0467878
0.0833898
0.0402252
0.0278558
0.0443161
0.0480959
0.437219
0.0430791
0.0673634
0.0316476
0.0657799
0.00907455
0.0167415
0.0924895
0.464507
0.117269
0.15089
0.148538
0.0877881
0.0922105
0.0332797
0.0265286
0.0295198
0.113803
0.0474513
0.0803465
0.0610602
0.0405551
0.0691192
0.0397133
0.0339589
0.041017
0.016849
0.30605
0.238325
0.0712898
0.0567313
0.196459
0.121528
0.0890824
0.233901
0.319198
0.068338
0.132606
0.144446
0.066722
0.0901529
0.033232
0.0369595
0.0351877
0.0346944
0.318305
0.319198
0.0796737
0.145239
0.319198
0.0269727
0.0461835
0.319198
0.319198
0.163025
0.167695
0.0685946
0.0441474
0.133519
0.0822573
0.0596307
0.109286
0.254159
0.29691
0.0928034
0.0121469
0.267592
0.29691
0.018542
0.0217929
0.0545852
0.117649
0.175127
0.242733
0.0690637
0.0954481
0.25303
0.0260795
0.0376026
0.186778
0.29691
0.19935
0.117149
0.138253
0.281619
0.29691
0.0323325
0.0256182
0.0743386
0.140504
0.357875
0.134567
0.032362
0.357875
0.357875
0.0346313
0.0312421
0.0437158
0.0414379
0.0689121
0.0490861
0.0290199
0.0800208
0.176964
0.0309843
0.0283657
0.0454404
0.0403994
0.284602
0.203376
0.249002
0.357875
0.357875
0.0489021
0.0340736
0.0547949
0.0600157
0.0181515
0.0165077
0.0159947
0.111368
0.245345
0.119177
0.025999
0.0222677
0.0116871
0.0482994
0.136275
0.092328
0.112032
0.163337
0.127797
0.116667
0.162414
0.102603
0.0141904
0.0163416
0.0202673
0.113187
0.288307
0.288307
0.196702
0.288307
0.151496
0.0275317
0.0554519
0.0600379
0.281906
0.288307
0.288307
0.0643534
0.0690116
0.0392099
0.00916496
0.038734
0.0753562
0.288307
0.288307
0.288307
0.109162
0.0831227
0.0274446
0.0111617
0.0136132
0.0158316
0.10089
0.263783
0.270803
0.159568
0.267728
0.117146
0.0427783
0.0239015
0.0332752
0.0656315
0.275452
0.248947
0.171921
0.213632
0.147322
0.00841185
0.0331899
0.0640848
0.275452
0.275452
0.275452
0.0827766
0.0565977
0.0305073
0.0197444
0.0493801
0.0478875
0.275452
0.275452
0.275452
0.0757664
0.0781473
0.0666276
0.0110094
0.0184785
0.0318273
0.0720921
0.107742
0.0673598
0.0413649
0.0343086
0.0327539
0.348543
0.0371834
0.0458745
0.0450259
0.0765974
0.0167939
0.0548153
0.204175
0.43434
0.0205717
0.0131048
0.0102463
0.11599
0.255881
0.0657903
0.0356311
0.0260134
0.00933886
0.216697
0.0281316
0.0633664
0.0851724
0.138237
0.0654467
0.247037
0.43434
0.43434
0.314563
0.0351174
0.0549853
0.0479021
0.077888
0.0276007
0.0508541
0.179857
0.370334
0.113807
0.128594
0.132238
0.0938792
0.0914314
0.0419113
0.0250965
0.0474782
0.110068
0.173768
0.0290565
0.0611757
0.106425
0.158573
0.0746704
0.181834
0.370334
0.370334
0.172112
0.213807
0.0915622
0.14398
0.104344
0.01389
0.0674603
0.271553
0.238062
0.067058
0.111258
0.113234
0.0631267
0.0771226
0.0325827
0.0335632
0.0392888
0.0344357
0.303897
0.300022
0.0850403
0.122178
0.266483
0.0165377
0.0579178
0.303897
0.303897
0.115525
0.152745
0.0808556
0.115731
0.0676879
0.0130344
0.0233483
0.0374718
0.0629323
0.249186
0.303897
0.216349
0.116373
0.130116
0.0193077
0.0866111
0.303897
0.303897
0.201758
0.23316
0.0790006
0.0855119
0.191255
0.0151
0.0441588
0.16785
0.258378
0.160429
0.12455
0.0929958
0.258378
0.258378
0.0210841
0.0239644
0.0702186
0.129884
0.215858
0.255205
0.142568
0.10323
0.122716
0.0156867
0.0476354
0.243979
0.258378
0.243837
0.258378
0.104417
0.127514
0.258378
0.0314001
0.0318232
0.148054
0.144322
0.258587
0.234312
0.178345
0.336402
0.336402
0.0333142
0.0329914
0.0576566
0.0533744
0.0106794
0.0161031
0.0174545
0.0957283
0.217284
0.075502
0.0233961
0.0245478
0.0135588
0.336402
0.336402
0.172863
0.231485
0.336402
0.0500823
0.0513097
0.151016
0.213975
0.00654502
0.0166811
0.0634341
0.080438
0.176914
0.0811864
0.0366484
0.0264596
0.0136432
0.0278022
0.0475874
0.0548611
0.232541
0.284465
0.23477
0.0669051
0.0765798
0.0396378
0.0142001
0.0469035
0.0745506
0.284465
0.284465
0.253043
0.129858
0.0893396
0.0168121
0.0193983
0.0395147
0.199687
0.264087
0.284465
0.264948
0.0964969
0.0764538
0.043151
0.0451651
0.0438342
0.0897689
0.263357
0.284465
0.284465
0.0843264
0.0479741
0.0254595
0.013576
0.0438567
0.0731695
0.281119
0.291666
0.263382
0.109808
0.0655079
0.0221286
0.0232599
0.0613732
0.0667789
0.223226
0.291666
0.291666
0.101014
0.111845
0.0971252
0.0314727
0.0276898
0.0753316
0.272234
0.291666
0.252174
0.057184
0.0532279
0.0261467
0.0126772
0.0582676
0.0638533
0.210523
0.291666
0.291666
0.112071
0.0897655
0.040635
