0.273898
0.0704239
0.0876893
0.0737288
0.16095
0.0690071
0.1001
0.29466
0.29466
0.29466
0.0972396
0.0197973
0.0787119
0.184346
0.0141421
0.0584684
0.123051
0.29466
0.29466
0.0727793
0.0263766
0.0913171
0.136701
0.0405138
0.0892022
0.0817308
0.29466
0.29466
0.0697342
0.0435387
0.126713
0.162121
0.0226087
0.0202263
0.0592603
0.29466
0.262675
0.140028
0.0105652
0.14617
0.262675
0.0113957
0.0281977
0.0789076
0.262675
0.23631
0.112449
0.00465394
0.123221
0.262675
0.0223072
0.0537143
0.0764508
0.262675
0.262675
0.137613
0.0374757
0.18464
0.262675
0.0110165
0.0136909
0.0470127
0.262675
0.262675
0.138819
0.0271567
0.128514
0.262675
0.0426966
0.0260157
0.0623344
0.262675
0.26875
0.124945
0.00298476
0.158689
0.26875
0.0171233
0.0313175
0.0643996
0.26875
0.163233
0.0497791
0.0188426
0.241193
0.26875
0.0139451
0.0201965
0.0640998
0.26875
0.26875
0.181577
0.027285
0.131511
0.26875
0.0285024
0.0187205
0.058075
0.26875
0.166547
0.0446244
0.0338795
0.208292
0.26875
0.0152799
0.0290478
0.090912
0.26875
0.264064
0.0635553
0.0238354
0.165545
0.264064
0.0153963
0.0189964
0.127778
0.264064
0.220032
0.103107
0.0504078
0.13803
0.264064
0.0489734
0.0344935
0.125088
0.264064
0.264064
0.0535189
0.0393016
0.14254
0.264064
0.0114646
0.0222533
0.116403
0.264064
0.264064
0.146167
0.0348285
0.135577
0.258423
0.0200833
0.0091095
0.0822078
0.264064
0.263484
0.105252
0.0484205
0.0955656
0.169777
0.0555201
0.0425013
0.250922
0.286739
0.264773
0.135712
0.0561052
0.219663
0.286739
0.0254855
0.0258452
0.085781
0.231631
0.286739
0.109071
0.039652
0.0785584
0.136647
0.0243067
0.0106916
0.131214
0.286739
0.189101
0.130179
0.0191884
0.154566
0.286739
0.0139493
0.022184
0.0947451
0.23481
0.221237
0.0839384
0.0399282
0.153276
0.2888
0.0276782
0.026609
0.166828
0.2888
0.121526
0.0908751
0.0493559
0.2888
0.2888
0.0178567
0.0234899
0.0893845
0.2888
0.192682
0.093692
0.0221975
0.0947277
0.26432
0.0166035
0.0215081
0.0870287
0.2888
0.179043
0.0834287
0.0599756
0.227105
0.2888
0.020569
0.0216032
0.0532169
0.199989
0.147474
0.0610543
0.0324268
0.181704
0.274206
0.0141941
0.0377907
0.176871
0.274206
0.24567
0.0680086
0.0119725
0.274206
0.274206
0.0179557
0.0820569
0.15324
0.274206
0.194863
0.0709193
0.0424798
0.109473
0.237292
0.0171588
0.0170728
0.0532048
0.274206
0.113728
0.034729
0.0149615
0.274206
0.274206
0.00662127
0.0259542
0.0599041
0.274206
0.310638
0.0727111
0.039729
0.106497
0.169319
0.0467062
0.0796415
0.0873963
0.310638
0.310638
0.0875551
0.0461166
0.133973
0.207502
0.0248187
0.0213203
0.0803642
0.310638
0.241203
0.0815213
0.0544393
0.110658
0.192971
0.0403964
0.0809906
0.185312
0.310638
0.148335
0.0440051
0.0281888
0.111671
0.25967
0.0238232
0.0503371
0.110095
0.310638
0.268427
0.121278
0.0323809
0.186652
0.268427
0.0162001
0.0155207
0.0616734
0.268427
0.268427
0.120884
0.0176381
0.135339
0.268427
0.0440302
0.0359996
0.0705469
0.268427
0.172171
0.0612732
0.0222134
0.172246
0.268427
0.0138227
0.035222
0.067093
0.268427
0.268427
0.121127
0.0210644
0.123022
0.268427
0.03101
0.0388933
0.0940419
0.268427
0.271077
0.145186
0.0185035
0.15717
0.271077
0.0347364
0.0301101
0.0714377
0.271077
0.196619
0.0660693
0.0302537
0.238618
0.271077
0.0179699
0.0411735
0.0895523
0.271077
0.271077
0.12243
0.0253227
0.144317
0.271077
0.0270006
0.0383176
0.0887374
0.271077
0.206412
0.160162
0.0613052
0.138421
0.237179
0.0133432
0.0281728
0.0668903
0.220176
0.260058
0.0692689
0.032877
0.159824
0.260058
0.0154051
0.0297081
0.11221
0.260058
0.260058
0.213025
0.0467061
0.138513
0.260058
0.027663
0.0120007
0.0954467
0.260058
0.174886
0.124853
0.0549288
0.0948837
0.129144
0.0130396
0.0308271
0.129301
0.260058
0.244395
0.228672
0.0465565
0.173267
0.260058
0.0194751
0.0371825
0.175343
0.260058
0.284724
0.142133
0.0418653
0.0776315
0.139198
0.0329753
0.0148392
0.134105
0.284724
0.17771
0.137851
0.0234277
0.143271
0.284724
0.0167152
0.0353786
0.079751
0.2336
0.239819
0.138021
0.0324241
0.102543
0.252611
0.0211443
0.0495526
0.229313
0.284724
0.210202
0.0705154
0.033729
0.191456
0.284724
0.01097
0.0607819
0.120957
0.284724
0.196539
0.0907799
0.0220156
0.0933455
0.281266
0.0213301
0.0343215
0.0835726
0.282474
0.171354
0.0825551
0.0606294
0.245375
0.282474
0.0276143
0.0317104
0.0482268
0.214965
0.282474
0.0407082
0.0331874
0.118023
0.252243
0.0116854
0.0521409
0.0899357
0.282474
0.273576
0.0693859
0.0310501
0.213237
0.282474
0.0100744
0.0452002
0.144219
0.258045
0.199678
0.0742673
0.0449678
0.128764
0.27125
0.0243668
0.0246671
0.0639336
0.277253
0.173875
0.0350444
0.0144629
0.277253
0.277253
0.00761091
0.0371234
0.073143
0.277253
0.277253
0.0641435
0.0279188
0.106684
0.268536
0.00846225
0.0373627
0.157692
0.277253
0.207092
0.0276984
0.00475205
0.176465
0.277253
0.00442828
0.0422132
0.11134
0.277253
0.238414
0.0766498
0.0638846
0.10831
0.183294
0.0287092
0.0762537
0.183457
0.256604
0.163983
0.0595533
0.0281996
0.111253
0.250928
0.0185393
0.0430271
0.109957
0.256604
0.0854482
0.0925625
0.122835
0.182962
0.256604
0.256604
0.240544
0.23836
0.233151
0.256604
0.0898031
0.0378017
0.13479
0.256604
0.0120131
0.0234419
0.0630651
0.256604
0.196432
0.0631491
0.0215129
0.179218
0.273819
0.0114447
0.029587
0.0675643
0.273819
0.273819
0.125802
0.020225
0.117381
0.273819
0.0191126
0.0393428
0.103665
0.273819
0.273819
0.0671347
0.0238003
0.187363
0.273819
0.00802583
0.0222686
0.0560588
0.273819
0.136379
0.0296273
0.0240727
0.224313
0.273819
0.0285256
0.0442714
0.0990034
0.273819
0.271183
0.106875
0.0255303
0.140005
0.271183
0.0181816
0.0370584
0.0934756
0.271183
0.265743
0.169844
0.0472249
0.112079
0.211846
0.0127635
0.0322133
0.0556468
0.225937
0.194671
0.0312679
0.0282935
0.183254
0.271183
0.0231471
0.0352307
0.114022
0.271183
0.271183
0.149686
0.097602
0.167129
0.271183
0.00763121
0.0258698
0.0803138
0.271183
0.19951
0.133672
0.0489511
0.0834427
0.120743
0.0144586
0.0309198
0.109678
0.272014
0.269389
0.255437
0.055506
0.170172
0.272014
0.0222295
0.0320987
0.182285
0.272014
0.261986
0.104837
0.0864706
0.0817145
0.181188
0.00748187
0.0243519
0.106713
0.272014
0.161805
0.0744015
0.0312692
0.272014
0.272014
0.00996258
0.0519741
0.0922168
0.272014
0.224471
0.14153
0.0320638
0.0925418
0.242577
0.020534
0.0358951
0.200454
0.276234
0.203823
0.0724547
0.0367833
0.171431
0.276234
0.00882897
0.052528
0.0892113
0.276234
0.201262
0.0353532
0.0230733
0.158451
0.276234
0.0122657
0.0473728
0.0982107
0.276234
0.159809
0.0625755
0.0262803
0.276234
0.276234
0.0217958
0.0405515
0.0937166
0.276234
0.274332
0.0390708
0.0314838
0.112178
0.252427
0.00929737
0.0449122
0.081672
0.276624
0.231875
0.0689415
0.0285939
0.202389
0.276624
0.0185744
0.0539079
0.115584
0.247732
0.24811
0.0558986
0.0268949
0.164935
0.276624
0.0256818
0.041742
0.114918
0.276624
0.201444
0.116385
0.0124183
0.174842
0.276624
0.0202159
0.0124585
0.0781709
0.276624
0.258899
0.0662076
0.0269168
0.118463
0.273252
0.015282
0.0420149
0.155526
0.273252
0.273252
0.0426433
0.0063998
0.156667
0.273252
0.00503499
0.0335381
0.10676
0.273252
0.21592
0.0816436
0.0123958
0.100651
0.26055
0.0144592
0.0112636
0.145504
0.273252
0.200884
0.0594198
0.00350671
0.197063
0.273252
0.00551937
0.0209113
0.123265
0.273252
0.0737985
0.0840964
0.112506
0.160987
0.244309
0.157552
0.234774
0.221472
0.244309
0.244309
0.100227
0.0427199
0.141201
0.244309
0.0136696
0.0246921
0.0663848
0.244309
0.144497
0.128304
0.056281
0.106114
0.174
0.244309
0.111414
0.219685
0.244309
0.244309
0.0833663
0.035074
0.165388
0.244309
0.00847774
0.0570089
0.0667814
0.244309
0.272186
0.0716181
0.028167
0.182576
0.272186
0.00866153
0.0191883
0.0495477
0.272186
0.139528
0.0378985
0.0210533
0.20417
0.272186
0.0232596
0.03746
0.078756
0.272186
0.272186
0.0476353
0.0241513
0.173759
0.272186
0.0104731
0.039541
0.04995
0.272186
0.190615
0.0419706
0.0205215
0.25758
0.272186
0.0164104
0.0215964
0.0547617
0.272186
0.191103
0.0359303
0.0226547
0.146243
0.268087
0.0174208
0.0258047
0.0784956
0.268087
0.261741
0.111501
0.0709701
0.145072
0.268087
0.00718625
0.0172864
0.0639671
0.268087
0.268087
0.0416537
0.0179079
0.173152
0.268087
0.0110711
0.0102932
0.0531853
0.268087
0.268087
0.157694
0.0173651
0.175551
0.268087
0.00147287
0.00822086
0.108795
0.268087
0.236446
0.078415
0.0640519
0.0699833
0.178136
0.00811023
0.0163676
0.0854068
0.296966
0.138495
0.0478966
0.0193989
0.256658
0.296966
0.0130285
0.0327981
0.0849922
0.241152
0.296966
0.104224
0.0147582
0.0921033
0.225605
0.000282333
0.00950097
0.120221
0.296966
0.176761
0.0416509
0.00625923
0.282009
0.296966
0.00901274
0.0218051
0.0894153
0.296966
0.192558
0.0288425
0.015424
0.14534
0.285488
0.0160569
0.0349065
0.100103
0.285488
0.160226
0.0626257
0.0280807
0.262757
0.285488
0.0172296
0.0271355
0.0701063
0.285488
0.269045
0.0161035
0.00753104
0.159058
0.285488
0.0108577
0.02747
0.104837
0.285488
0.133705
0.0513714
0.0138092
0.270094
0.285488
0.0153564
0.0378009
0.0671477
0.208897
0.272628
0.0614466
0.0321078
0.164876
0.272628
0.0227943
0.0328878
0.0954066
0.272628
0.225123
0.105163
0.0139987
0.170391
0.272628
0.0252285
0.0212952
0.0599094
0.272628
0.272628
0.054267
0.0235537
0.151216
0.272628
0.017965
0.0387658
0.0720367
0.272628
0.189051
0.0830413
0.0204176
0.236311
0.272628
0.0126346
0.0146887
0.0388282
0.242002
0.243619
0.0744319
0.013703
0.101532
0.258444
0.0172448
0.0158175
0.120599
0.266497
0.266497
0.0662893
0.0108543
0.172091
0.266497
0.00753578
0.0138012
0.114011
0.266497
0.266497
0.0603906
0.0251789
0.122498
0.266497
0.0188705
0.0224551
0.0445741
0.266497
0.239491
0.0655553
0.0409075
0.248545
0.266497
0.0611775
0.0526995
0.0491439
0.266497
0.148844
0.10893
0.0396909
0.111601
0.195113
0.16649
0.0992135
0.216163
0.264924
0.264924
0.0977402
0.0386617
0.166388
0.264924
0.018658
0.040141
0.0638437
0.264924
0.204556
0.108061
0.0177657
0.0972481
0.140059
0.158756
0.105701
0.170313
0.264924
0.264924
0.16491
0.0318563
0.198144
0.264924
0.0543868
0.0238519
0.0636839
0.264924
0.259533
0.0558855
0.0227817
0.165663
0.259533
0.0178065
0.0260255
0.0449715
0.259533
0.196951
0.0382677
0.0201037
0.259533
0.259533
0.0185967
0.0204178
0.0430799
0.259533
0.259533
0.138337
0.0222264
0.163303
0.259533
0.0381934
0.0126534
0.0445272
0.259533
0.259533
0.0685157
0.0235859
0.238387
0.259533
0.00686783
0.0125138
0.0463519
0.259533
0.269284
0.036385
0.0163322
0.171337
0.269284
0.0123139
0.0105047
0.03861
0.269284
0.252102
0.130332
0.0182669
0.206712
0.269284
0.0014712
0.00530463
0.0962967
0.269284
0.269284
0.0554097
0.0271724
0.146052
0.226075
0.00349321
0.00912892
0.0487738
0.269284
0.162308
0.102532
0.034101
0.248614
0.269284
0.00646691
0.0216918
0.0519688
0.269284
0.282194
0.0799599
0.0144522
0.0982982
0.232277
0.000194405
0.00634862
0.0946978
0.297943
0.13153
0.0340813
0.00522223
0.255282
0.297943
0.00943593
0.0187934
0.0972115
0.297943
0.187359
0.0632857
0.036949
0.138162
0.221724
0.0103854
0.0278044
0.0591613
0.297943
0.112652
0.0200324
0.00123965
0.285384
0.297943
0.0197971
0.0400704
0.0730183
0.297943
0.229229
0.0191534
0.0083143
0.15126
0.297127
0.0124888
0.0278749
0.120252
0.297127
0.118297
0.0651002
0.0185724
0.244001
0.297127
0.0162256
0.0292855
0.0621493
0.209483
0.227854
0.0179097
0.00896843
0.171792
0.297127
0.025938
0.0517007
0.0793328
0.297127
0.123406
0.0550316
0.0184792
0.219772
0.297127
0.0241938
0.0361259
0.060229
0.296937
0.266345
0.070216
0.0317253
0.142554
0.26199
0.0211146
0.0358876
0.0700039
0.279405
0.201424
0.0730733
0.0222675
0.247699
0.279405
0.0124814
0.0178388
0.0340578
0.265494
0.250531
0.0736624
0.0410299
0.14461
0.279405
0.0307706
0.0445852
0.0521103
0.279405
0.153165
0.0707576
0.0535905
0.218319
0.279405
0.0215874
0.0104659
0.0568284
0.279405
0.270222
0.0563293
0.0283625
0.13107
0.270222
0.0191742
0.0244759
0.0344753
0.270222
0.270222
0.0872889
0.042565
0.230142
0.270222
0.0495478
0.0413396
0.0435685
0.270222
0.255875
0.0522131
0.0644055
0.135963
0.270222
0.0275615
0.0176173
0.048321
0.270222
0.270222
0.0872181
0.0255612
0.155391
0.270222
0.0348689
0.0331615
0.0320483
0.219189
0.203301
0.10102
0.0195159
0.112973
0.183929
0.166243
0.125955
0.191011
0.276776
0.276776
0.17484
0.0396185
0.202419
0.276776
0.0486269
0.0207377
0.0686363
0.276776
0.210604
0.122887
0.0707915
0.131112
0.170497
0.0180732
0.0388823
0.14504
0.276776
0.154233
0.101766
0.0248864
0.184285
0.276776
0.0568505
0.0510046
0.128489
0.237883
0.26027
0.158749
0.0295926
0.16627
0.26027
0.0339247
0.00945019
0.0591003
0.26027
0.26027
0.0607712
0.0369921
0.26027
0.26027
0.00889305
0.0125194
0.0374252
0.26027
0.181603
0.0968833
0.0208192
0.143549
0.26027
0.0316293
0.0306428
0.12166
0.26027
0.26027
0.106648
0.0579798
0.159516
0.26027
0.0172378
0.0219147
0.0292435
0.26027
0.275717
0.0482416
0.0362469
0.169063
0.275717
0.00521793
0.010004
0.0467805
0.275717
0.186085
0.103664
0.0390633
0.275717
0.275717
0.00594693
0.0192436
0.0671591
0.275717
0.275717
0.0767076
0.0383742
0.0885016
0.192197
0.0108319
0.0155385
0.062093
0.275717
0.145152
0.0437621
0.0171833
0.256039
0.275717
0.0163068
0.0226792
0.0865259
0.275717
0.217583
0.0623257
0.0389683
0.15663
0.245694
0.00994934
0.0275349
0.0708101
0.298417
0.106093
0.0233829
0.0115593
0.298417
0.298417
0.0182084
0.0465318
0.0890112
0.298417
0.187275
0.0230664
0.0066159
0.134622
0.247367
0.0152303
0.0266033
0.110677
0.298417
0.156793
0.0429094
0.0483854
0.24789
0.298417
0.0143379
0.0219033
0.0508945
0.279593
0.197673
0.0224276
0.0196953
0.160184
0.291336
0.0218636
0.0542916
0.0836475
0.291336
0.118446
0.0622927
0.0199369
0.205894
0.291336
0.0142734
0.0253402
0.0612813
0.291336
0.241391
0.0420833
0.0459843
0.133568
0.291336
0.0145157
0.0307206
0.0691892
0.291336
0.151129
0.0187068
0.0105558
0.248878
0.291336
0.0109147
0.0211804
0.0888506
0.291336
0.236102
0.0839917
0.0409654
0.140427
0.279028
0.0211646
0.0376924
0.0636074
0.279028
0.185604
0.0654607
0.0539907
0.239705
0.279028
0.0176304
0.0208316
0.0593988
0.279028
0.2414
0.0257084
0.0205431
0.178085
0.279028
0.0178259
0.0385014
0.10564
0.279028
0.109628
0.024437
0.0661032
0.224007
0.279028
0.0204304
0.0431097
0.100923
0.279028
0.269058
0.0489835
0.0643756
0.15962
0.265444
0.0262226
0.0287378
0.0569637
0.269058
0.269058
0.105543
0.0197685
0.172897
0.269058
0.0267492
0.0185491
0.0409114
0.258792
0.206923
0.0310982
0.0808787
0.141516
0.269058
0.0255967
0.0467754
0.0788478
0.269058
0.269058
0.0924517
0.0320317
0.187118
0.269058
0.0134185
0.00937962
0.0763555
0.269058
0.203761
0.120016
0.0849511
0.118627
0.180674
0.028531
0.0526893
0.194458
0.306808
0.165071
0.113556
0.0356601
0.220696
0.306808
0.0438025
0.050052
0.143122
0.270549
0.186122
0.118386
0.0960692
0.0889654
0.152817
0.0448492
0.049345
0.148024
0.306808
0.0935978
0.087238
0.0459973
0.306808
0.306808
0.0233051
0.0561872
0.153729
0.168906
0.206316
0.128303
0.0312303
0.155647
0.260813
0.0222726
0.0293212
0.142621
0.260813
0.260813
0.119524
0.0612459
0.168892
0.260813
0.018207
0.0191798
0.0343283
0.260813
0.193691
0.0833784
0.0217733
0.18973
0.260813
0.019509
0.0440329
0.153301
0.260813
0.260813
0.168839
0.0585824
0.151697
0.260813
0.0229884
0.0355184
0.043569
0.260813
0.28319
0.0856221
0.042117
0.0912352
0.223784
0.0128452
0.0145718
0.0727659
0.28319
0.156965
0.0448212
0.0126594
0.282029
0.28319
0.0169813
0.0369394
0.113395
0.28319
0.28319
0.109149
0.0417518
0.0754829
0.190357
0.0256294
0.0331968
0.0637966
0.28319
0.245524
0.0629736
0.00829101
0.171289
0.28319
0.0155604
0.0313444
0.0899355
0.28319
0.186756
0.0203305
0.00319615
0.141827
0.258185
0.0166125
0.035928
0.126977
0.289995
0.140498
0.0373513
0.0546498
0.252475
0.289995
0.0246406
0.039145
0.066858
0.289995
0.219292
0.0326451
0.00622028
0.100917
0.236621
0.01569
0.0164397
0.0811781
0.289995
0.190923
0.0466265
0.0477036
0.289995
0.289995
0.0152585
0.0212632
0.114101
0.289995
0.209717
0.0351358
0.0462013
0.122107
0.274543
0.024014
0.04303
0.0715881
0.274543
0.213339
0.0215873
0.00809702
0.218944
0.274543
0.00639087
0.0140372
0.0640504
0.274543
0.22754
0.0524116
0.0411936
0.186822
0.274543
0.0160344
0.0172258
0.0785372
0.274543
0.241617
0.0313419
0.0105717
0.256827
0.274543
0.00806381
0.0195061
0.0717713
0.274543
0.274894
0.0327235
0.0171524
0.170633
0.274894
0.013681
0.0336695
0.0942496
0.274894
0.158019
0.0265212
0.0769856
0.23394
0.274894
0.018944
0.049099
0.0926938
0.274894
0.260479
0.0539889
0.0131579
0.195631
0.274894
0.0142082
0.0369279
0.0835386
0.274894
0.112948
0.028447
0.00805185
0.181766
0.274894
0.0127687
0.0590063
0.116001
0.274894
0.227453
0.0330986
0.0909517
0.162084
0.273781
0.026444
0.0559972
0.0858838
0.273781
0.273781
0.0777994
0.0311001
0.234709
0.273781
0.0184183
0.00569224
0.075305
0.273781
0.155018
0.0503961
0.0116712
0.107764
0.273781
0.0191367
0.0608579
0.0872272
0.273781
0.227975
0.0713902
0.0169879
0.220495
0.273781
0.0143601
0.0172942
0.0502862
0.273146
0.17519
0.107198
0.0832211
0.0811636
0.162809
0.059383
0.0422827
0.172425
0.299265
0.108498
0.0839085
0.04248
0.289872
0.299265
0.0147244
0.0397489
0.156027
0.19929
0.173834
0.0784345
0.0625095
0.115509
0.218145
0.0568667
0.0218313
0.152302
0.299265
0.191966
0.0385283
0.0153237
0.296678
0.299265
0.0414403
0.0571796
0.115566
0.284553
0.204201
0.0884224
0.0216264
0.160358
0.256709
0.0108735
0.0311972
0.149028
0.256709
0.256709
0.153046
0.0440835
0.151287
0.256709
0.0216759
0.0274354
0.0558428
0.256709
0.256709
0.0496272
0.0157872
0.160813
0.256709
0.0254185
0.0389077
0.109602
0.256709
0.256709
0.0904687
0.050981
0.256709
0.256709
0.0235969
0.0250878
0.053793
0.256709
0.282032
0.106118
0.0354622
0.0793237
0.201842
0.0253737
0.0269526
0.0763767
0.282032
0.174976
0.066278
0.00676044
0.176479
0.282032
0.0104524
0.0492001
0.115054
0.282032
0.282032
0.0847312
0.057258
0.132216
0.239196
0.0239687
0.0204388
0.064268
0.282032
0.282032
0.0870262
0.00373107
0.152488
0.282032
0.0046863
0.0358104
0.113929
0.282032
0.157325
0.0312099
0.00666364
0.0985995
0.240514
0.0115163
0.0243233
0.0924607
0.287897
0.172989
0.0396369
0.0425363
0.287897
0.287897
0.0249378
0.0328257
0.120456
0.287897
0.287897
0.0501112
0.0032085
0.0634146
0.163156
0.00459134
0.0279313
0.0781219
0.287897
0.287897
0.0935126
0.0150462
0.188268
0.287897
0.00474237
0.0276874
0.129002
0.287897
0.200905
0.0447891
0.0346857
0.160439
0.272714
0.024325
0.02347
0.0788234
0.272714
0.272714
0.0317358
0.00903797
0.220276
0.272714
0.00632378
0.0107927
0.0533174
0.272714
0.264482
0.0614736
0.0121952
0.0943721
0.254172
0.00597252
0.0249373
0.108494
0.272714
0.251858
0.0209319
0.0025391
0.221397
0.272714
0.0108974
0.0049203
0.0536978
0.272714
0.278019
0.0578629
0.0114788
0.176675
0.278019
0.0119259
0.022507
0.0713848
0.278019
0.142516
0.0279137
0.0123209
0.162079
0.278019
0.00980784
0.0438794
0.101158
0.278019
0.228206
0.0249819
0.00361043
0.176131
0.278019
0.0164812
0.0103918
0.0996073
0.278019
0.278019
0.0516962
0.006084
0.150569
0.278019
0.00174434
0.0253953
0.0823584
0.278019
0.175277
0.0561405
0.0170719
0.106376
0.280455
0.0179421
0.0532589
0.100783
0.280455
0.219184
0.0721242
0.0225326
0.253609
0.280455
0.0146745
0.0205201
0.0594844
0.280455
0.280455
0.0557038
0.00823847
0.0920757
0.222214
0.00928093
0.0301389
0.101342
0.280455
0.280455
0.0576778
0.00507238
0.14653
0.280455
0.0256584
0.029347
0.111479
0.280455
0.176985
0.0828547
0.0537478
0.106416
0.216172
0.0548029
0.0224929
0.154457
0.279541
0.182948
0.0480411
0.0160666
0.279541
0.279541
0.0368413
0.0491703
0.13582
0.279541
0.201379
0.135302
0.0341073
0.0739314
0.172765
0.0255208
0.0752172
0.0986321
0.279541
0.219328
0.165075
0.053288
0.247546
0.279541
0.0422795
0.0371774
0.119261
0.279541
0.261693
0.0642165
0.0146657
0.149515
0.261693
0.0212475
0.0329038
0.118851
0.261693
0.227567
0.082097
0.0437766
0.239035
0.261693
0.0246665
0.0289451
0.0584749
0.248391
0.228504
0.187784
0.0446197
0.114619
0.261693
0.0289584
0.0208259
0.0989362
0.261693
0.214931
0.110868
0.0259107
0.210743
0.261693
0.018327
0.0520088
0.0731957
0.261693
0.27142
0.0778317
0.0478271
0.118792
0.235637
0.0259053
0.0235959
0.0700445
0.27142
0.27142
0.0919096
0.00535663
0.15652
0.27142
0.00440577
0.039655
0.126271
0.27142
0.260394
0.0828855
0.027218
0.101133
0.270678
0.0173057
0.0530781
0.0980284
0.27142
0.244625
0.0461499
0.00372845
0.134775
0.27142
0.00473144
0.0340504
0.15184
0.27142
0.263914
0.0550608
0.00438648
0.0732125
0.188049
0.00501572
0.030975
0.0964475
0.293113
0.293113
0.0805482
0.0113124
0.206501
0.293113
0.00615726
0.0226282
0.106379
0.293113
0.205563
0.0261074
0.00565845
0.0625508
0.21024
0.00581408
0.0250103
0.116525
0.293113
0.228513
0.0191406
0.00591185
0.228995
0.293113
0.0128535
0.0291272
0.0486232
0.293113
0.270775
0.0554344
0.00956334
0.108438
0.275789
0.00778436
0.0205957
0.0866495
0.275789
0.275789
0.0234166
0.00262708
0.233535
0.275789
0.00889597
0.0043737
0.0440818
0.275789
0.148361
0.0162555
0.00708106
0.130046
0.275789
0.0126601
0.0275253
0.0409135
0.275789
0.220191
0.00423348
0.00131971
0.26302
0.275789
0.00715599
0.0146882
0.0480764
0.275789
0.257378
0.0294405
0.0037987
0.171436
0.27184
0.012478
0.00800774
0.0780536
0.27184
0.27184
0.0418345
0.00750398
0.144064
0.27184
0.000515394
0.0192329
0.0735962
0.27184
0.161436
0.00649229
0.0040457
0.209549
0.27184
0.00889166
0.0269494
0.0833607
0.27184
0.27184
0.0102533
0.00297998
0.214333
0.27184
7.36277e-05
0.0307403
0.0712173
0.27184
0.282716
0.05134
0.0105624
0.0966954
0.239296
0.00586468
0.0263392
0.103678
0.282716
0.279744
0.055772
0.011142
0.171048
0.282716
0.0176627
0.0270341
0.113533
0.282716
0.209542
0.0220412
0.00864671
0.161202
0.282716
0.00510046
0.0500294
0.118374
0.282716
0.148013
0.0287339
0.0247925
0.168462
0.282716
0.0418676
0.0358761
0.115282
0.282716
0.221633
0.131758
0.042387
0.0768852
0.173594
0.0199226
0.0788374
0.0948374
0.278596
0.181215
0.154535
0.0549151
0.278596
0.278596
0.0310619
0.0438128
0.123549
0.278596
0.1857
0.0773886
0.0262193
0.113065
0.19646
0.0373168
0.0418781
0.129231
0.278596
0.278596
0.0758813
0.039775
0.231923
0.278596
0.044492
0.028764
0.070248
0.278596
0.226738
0.170085
0.0422753
0.139117
0.262971
0.0230966
0.0272043
0.0997221
0.262971
0.2172
0.0949399
0.0211502
0.210653
0.262971
0.0205528
0.0488319
0.0655457
0.262971
0.262971
0.063578
0.0271047
0.161856
0.262971
0.0319774
0.0317337
0.0811355
0.262971
0.255415
0.146283
0.0489567
0.13325
0.262971
0.0146454
0.0353911
0.0946579
0.262971
0.253359
0.0687155
0.019008
0.0888109
0.257323
0.0203771
0.0473422
0.0924228
0.291268
0.212653
0.0597606
0.00536436
0.144679
0.291268
0.00670598
0.0348691
0.137333
0.291268
0.222841
0.0848594
0.0352201
0.0612316
0.163917
0.0169161
0.0512509
0.143016
0.291268
0.291268
0.131232
0.0214302
0.149495
0.291268
0.00522587
0.0199893
0.0956567
0.291268
0.175284
0.0372606
0.00925528
0.0714955
0.202641
0.00840399
0.0304009
0.118543
0.29599
0.208679
0.0229679
0.00994611
0.214776
0.29599
0.0113019
0.0294784
0.0358025
0.29599
0.23915
0.0802339
0.029343
0.0856636
0.250553
0.0166736
0.0381677
0.125218
0.29599
0.19993
0.0748144
0.0551483
0.286224
0.29599
0.0269323
0.0291023
0.0649006
0.29599
0.158131
0.0233924
0.0148259
0.145395
0.275471
0.014295
0.0368404
0.0401006
0.275471
0.262404
0.00742384
0.0024397
0.275471
0.275471
0.00789231
0.0180677
0.039794
0.275471
0.146067
0.0754702
0.0690913
0.203397
0.275471
0.0355487
0.048384
0.101331
0.275471
0.226997
0.0184033
0.00791114
0.237237
0.275471
0.0035588
0.0148397
0.0241056
0.275471
0.171116
0.0121895
0.00428799
0.205217
0.281714
0.00973619
0.0278289
0.0677985
0.281714
0.274599
0.0149861
0.0015356
0.21319
0.281714
0.00137586
0.02539
0.061191
0.281714
0.138013
0.019264
0.0104184
0.173812
0.281714
0.00570121
0.023405
0.0599622
0.281714
0.233748
0.0228378
0.01326
0.225521
0.281714
0.00595311
0.0123699
0.0479572
0.281714
0.218213
0.0312416
0.0068493
0.171247
0.286786
0.00765599
0.0427891
0.110466
0.286786
0.153899
0.0283335
0.0242879
0.188362
0.286786
0.0357906
0.0315246
0.11101
0.286786
0.186479
0.0434235
0.0236777
0.186856
0.286786
0.0126824
0.0214503
0.114079
0.286786
0.187769
0.0254965
0.00792423
0.186443
0.286786
0.0548211
0.0349923
0.118678
0.286786
0.175772
0.0696879
0.0363784
0.115306
0.200265
0.0266473
0.035963
0.132786
0.277293
0.277293
0.0552977
0.0382757
0.27642
0.277293
0.0288176
0.0327485
0.0747823
0.277293
0.0785719
0.037839
0.0500342
0.153593
0.222172
0.0674426
0.0413694
0.172112
0.277293
0.132598
0.134481
0.101505
0.277293
0.277293
0.0706299
0.0486958
0.118558
0.277293
0.267787
0.0446321
0.0235338
0.196231
0.267787
0.0226736
0.0364242
0.0860342
0.267787
0.251491
0.115655
0.0436967
0.158777
0.267787
0.0167701
0.0416199
0.102918
0.267787
0.140452
0.0785416
0.0618581
0.201086
0.267787
0.0594037
0.0459933
0.130661
0.267787
0.131251
0.0717864
0.0407851
0.23314
0.267787
0.0189064
0.0646672
0.110243
0.267787
0.216209
0.0614972
0.0273692
0.0617676
0.156515
0.0155309
0.0470533
0.129432
0.291207
0.291207
0.124345
0.0185082
0.137584
0.291207
0.00463458
0.0176683
0.0872111
0.291207
0.162504
0.0434397
0.0241344
0.106281
0.2172
0.0263003
0.0496123
0.103595
0.291207
0.291207
0.0448064
0.00642406
0.257504
0.291207
0.0377076
0.0163096
0.0940177
0.291207
0.218209
0.0789218
0.0262224
0.0757304
0.194503
0.0132034
0.0340929
0.110651
0.28705
0.209352
0.0759783
0.0455582
0.20747
0.28705
0.0183719
0.0319174
0.0676543
0.28705
0.235675
0.032091
0.00272805
0.135908
0.262379
0.0515829
0.0228084
0.107229
0.28705
0.173998
0.0210755
0.00342397
0.239653
0.28705
0.0331784
0.047899
0.207728
0.28705
0.164512
0.0848371
0.0671633
0.170155
0.268787
0.0292792
0.0574393
0.107945
0.268787
0.24829
0.0222719
0.00818733
0.224047
0.268787
0.00202544
0.0156598
0.0241155
0.268787
0.109784
0.0239475
0.00965075
0.174951
0.268787
0.0585918
0.0737358
0.263401
0.268787
0.268787
0.0576765
0.00999558
0.147575
0.268787
0.0156256
0.0308987
0.0708967
0.268787
0.152758
0.0254887
0.0119565
0.183266
0.276747
0.00534018
0.0242322
0.0625976
0.276747
0.276559
0.0338619
0.0120062
0.230338
0.276747
0.00817232
0.00959978
0.0512561
0.276747
0.237729
0.0558802
0.019746
0.116521
0.251666
0.0302701
0.0472986
0.0841531
0.276747
0.276747
0.0354536
0.011489
0.163287
0.276747
0.0111123
0.0463687
0.117998
0.276747
0.210358
0.0542049
0.0204672
0.187148
0.270161
0.0163512
0.0163664
0.116198
0.270161
0.185043
0.025635
0.00711928
0.18222
0.270161
0.0526677
0.0328191
0.121623
0.270161
0.260866
0.0370203
0.0205211
0.151269
0.270161
0.0221539
0.0424906
0.132676
0.270161
0.270161
0.0515911
0.00887629
0.18201
0.270161
0.0102045
0.020755
0.103084
0.270161
0.0738015
0.03264
0.0520984
0.132319
0.210488
0.0646323
0.049956
0.156083
0.261721
0.18795
0.112906
0.068333
0.261721
0.261721
0.0455736
0.0431758
0.102505
0.261721
0.157485
0.0843047
0.0897865
0.0821463
0.201843
0.0904151
0.0810803
0.123912
0.261721
0.261721
0.219921
0.151348
0.261721
0.261721
0.0179982
0.106088
0.117647
0.261721
0.151275
0.0659096
0.0416439
0.196817
0.271017
0.0393649
0.0391062
0.116495
0.271017
0.133327
0.055835
0.0372934
0.223077
0.271017
0.0223354
0.0557586
0.123601
0.271017
0.271017
0.186031
0.0868023
0.160817
0.253363
0.0148583
0.0713116
0.117469
0.271017
0.252317
0.170714
0.0312979
0.0820309
0.22476
0.0175425
0.0234626
0.085861
0.271017
0.17267
0.0406222
0.0252563
0.109126
0.220547
0.02768
0.0460436
0.123637
0.291755
0.291755
0.0524774
0.00668534
0.261431
0.291755
0.0313469
0.0214771
0.0938667
0.291755
0.189393
0.124339
0.0217654
0.0392178
0.108643
0.0159307
0.0195798
0.0987862
0.291755
0.291755
0.106003
0.00613889
0.162918
0.291755
0.0202251
0.0361649
0.108326
0.291755
0.266798
0.0421311
0.00314752
0.13577
0.247942
0.0404496
0.0269978
0.102821
0.273704
0.207769
0.0328417
0.00191578
0.23353
0.273704
0.0267249
0.0480116
0.212473
0.273704
0.204303
0.070775
0.00682525
0.104819
0.24226
0.020905
0.0410567
0.119329
0.273704
0.20598
0.139631
0.00875688
0.141876
0.273704
0.00768576
0.0169692
0.149804
0.273704
0.138088
0.035264
0.00734422
0.163242
0.278046
0.0444377
0.0724711
0.250032
0.278046
0.278046
0.0594492
0.00811551
0.166468
0.278046
0.010491
0.0310925
0.0632567
0.278046
0.135489
0.107346
0.00813904
0.101018
0.239335
0.0160082
0.0392698
0.195093
0.278046
0.234329
0.0387278
0.00243488
0.157881
0.278046
0.00506918
0.0225375
0.0959612
0.278046
0.243494
0.0553976
0.0169624
0.133448
0.227672
0.0261053
0.0470358
0.0770301
0.277781
0.277781
0.038476
0.0114224
0.182628
0.277781
0.0151803
0.047571
0.119889
0.277781
0.185963
0.0324522
0.00624465
0.136812
0.277781
0.0296425
0.0510368
0.121521
0.277781
0.209774
0.0246337
0.00759948
0.236938
0.277781
0.0343384
0.057036
0.108959
0.277781
0.228099
0.034014
0.0185322
0.143958
0.269491
0.0266616
0.037538
0.134835
0.269491
0.269491
0.0484871
0.0103497
0.153864
0.269491
0.00548446
0.0208651
0.10287
0.269491
0.133809
0.0367098
0.0150285
0.17923
0.269491
0.0611263
0.069703
0.139022
0.269491
0.269491
0.0216832
0.00370917
0.224165
0.269491
0.00723046
0.0417983
0.0997692
0.269491
0.116104
0.0631162
0.0552334
0.0621104
0.152165
0.0771136
0.0630495
0.0818182
0.189145
0.269348
0.147794
0.0768154
0.177914
0.269348
0.0116387
0.083044
0.0749321
0.25959
0.16707
0.171451
0.242365
0.269348
0.269348
0.269348
0.101568
0.182273
0.161827
0.178053
0.213581
0.109407
0.165695
0.269348
0.0581634
0.0372353
0.0717831
0.113662
0.256315
0.156841
0.0651623
0.148897
0.256315
0.0119165
0.081998
0.105909
0.256315
0.256315
0.140758
0.0232521
0.0879488
0.235354
0.0161239
0.0145898
0.097572
0.256315
0.226946
0.256315
0.079279
0.0752025
0.237925
0.0946289
0.0423885
0.120802
0.256315
0.256315
0.234479
0.037119
0.044424
0.142353
0.00977468
0.0136251
0.147903
0.256315
0.232921
0.110002
0.0187461
0.0546942
0.134276
0.0156852
0.0166052
0.11265
0.28246
0.28246
0.0917352
0.00766082
0.198339
0.28246
0.0104718
0.0391286
0.129628
0.28246
0.265491
0.149981
0.0242076
0.0568644
0.105298
0.01894
0.0424799
0.148984
0.28246
0.28246
0.0591284
0.0047355
0.206744
0.28246
0.0471664
0.0635813
0.0987922
0.28246
0.260587
0.0740783
0.0108754
0.143488
0.260587
0.011733
0.0569445
0.164127
0.260587
0.256198
0.151859
0.0132669
0.210699
0.260587
0.00482986
0.0284817
0.204213
0.260587
0.186791
0.0236403
0.0117883
0.162748
0.258758
0.0547656
0.0935478
0.108862
0.260587
0.207368
0.03731
0.036297
0.139184
0.231401
0.0106879
0.0703717
0.126544
0.260587
0.17296
0.120715
0.0137614
0.149805
0.285245
0.00995454
0.0609795
0.264127
0.285245
0.275411
0.0474215
0.00224217
0.222033
0.285245
0.00376332
0.0379856
0.121404
0.285245
0.127756
0.0325835
0.0453893
0.118854
0.182069
0.0243642
0.0669439
0.106517
0.267157
0.145729
0.0447319
0.00588123
0.109303
0.285245
0.0149679
0.0637676
0.183001
0.285245
0.175884
0.0340684
0.00661831
0.151082
0.282727
0.0244168
0.0567294
0.113042
0.282727
0.230346
0.0387431
0.0133252
0.245304
0.282727
0.0304452
0.0661513
0.116942
0.282727
0.0999608
0.0458768
0.0071551
0.102996
0.270649
0.0240325
0.0452676
0.110766
0.231397
0.246469
0.0584791
0.0541696
0.282727
0.282727
0.0110413
0.0294387
0.0497047
0.282727
0.129874
0.0428131
0.0191319
0.155938
0.278554
0.0467763
0.0603947
0.122053
0.243679
0.278554
0.0381911
0.00350928
0.191064
0.278554
0.00477135
0.0341558
0.0922679
0.278554
0.159081
0.0572015
0.051866
0.250219
0.278554
0.0148848
0.0351467
0.056467
0.278554
0.226274
0.0808808
0.00534517
0.196647
0.278554
0.00177369
0.0430145
0.106153
0.278554
0.117567
0.143937
0.196213
0.209109
0.281339
0.133378
0.0542609
0.126547
0.103108
0.121351
0.12178
0.0574613
0.109333
0.166379
0.0444779
0.0313977
0.0629846
0.0878529
0.0641125
0.167232
0.281339
0.281339
0.217901
0.148255
0.0960479
0.120551
0.0674371
0.0770703
0.0782251
0.281339
0.281339
0.281339
0.155273
0.0979157
0.148126
0.276155
0.160998
0.140105
0.0434375
0.0854555
0.148034
0.0513695
0.0445302
0.125057
0.229633
0.21507
0.130725
0.0220054
0.0472513
0.128143
0.00865317
0.00916997
0.0882008
0.26479
0.131615
0.0759289
0.26479
0.26479
0.26479
0.164584
0.13973
0.226652
0.26479
0.132431
0.132678
0.0591055
0.26479
0.26479
0.0879839
0.0928174
0.151526
0.26479
0.242994
0.114389
0.0227983
0.0664951
0.132106
0.0164757
0.0391684
0.125196
0.263333
0.263333
0.0486646
0.00652617
0.180499
0.263333
0.0314332
0.0493667
0.0977286
0.263333
0.1917
0.133693
0.063961
0.263333
0.263333
0.102868
0.152223
0.226448
0.263333
0.239638
0.0870489
0.0337846
0.105777
0.199535
0.0192356
0.0152505
0.154204
0.263333
0.250073
0.0361867
0.017484
0.192969
0.266041
0.0523083
0.108568
0.156622
0.266041
0.249153
0.0354505
0.0433371
0.171925
0.266041
0.0113282
0.10044
0.142733
0.266041
0.223918
0.0896065
0.0646904
0.128219
0.182346
0.0323798
0.037605
0.140494
0.266041
0.266041
0.144025
0.0506835
0.11331
0.235046
0.0160983
0.034534
0.107985
0.266041
0.154218
0.0340717
0.0533036
0.143832
0.243951
0.0260183
0.097328
0.13369
0.280356
0.173471
0.0716175
0.0129161
0.140239
0.280356
0.0184717
0.0903797
0.221937
0.280356
0.226297
0.155366
0.085706
0.117162
0.201749
0.0365863
0.0549945
0.0712101
0.280356
0.280356
0.0486295
0.0475578
0.161123
0.280356
0.0165778
0.0087373
0.153236
0.280356
0.108948
0.0609588
0.0142321
0.116872
0.273497
0.0271279
0.0615806
0.127994
0.258352
0.265598
0.070582
0.0446117
0.273497
0.273497
0.0136252
0.0388806
0.0655465
0.273497
0.190175
0.0501451
0.0506106
0.13923
0.273497
0.0300331
0.0164913
0.079353
0.273497
0.272302
0.0469968
0.0174885
0.199338
0.273497
0.0103981
0.0239142
0.125718
0.273497
0.15435
0.0603088
0.0408602
0.230674
0.278278
0.0176759
0.0416658
0.0626681
0.278278
0.278278
0.0888648
0.00868969
0.1954
0.278278
0.00174632
0.0362411
0.103703
0.278278
0.152626
0.0443135
0.0164793
0.154395
0.278278
0.0187343
0.032231
0.0868219
0.242675
0.278278
0.0608627
0.00774437
0.148055
0.278278
0.00313821
0.0242907
0.114183
0.278278
0.0618022
0.132688
0.265142
0.265142
0.137099
0.100185
0.0574347
0.0922902
0.0688894
0.0547592
0.0628003
0.265142
0.265142
0.265142
0.121124
0.0621465
0.107286
0.180709
0.00935231
0.0503166
0.265142
0.265142
0.242658
0.123941
0.0835149
0.0631657
0.0372931
0.0684413
0.216853
0.265142
0.265142
0.265142
0.0806642
0.0880583
0.049878
0.0534751
0.0875091
0.0572042
0.257146
0.257146
0.257146
0.102029
0.0772103
0.154853
0.24381
0.0917879
0.0790852
0.081496
0.156223
0.257146
0.0769865
0.0465971
0.101435
0.244845
0.084378
0.257146
0.257146
0.257146
0.257146
0.0575826
0.0934258
0.0583975
0.0410708
0.0914538
0.127384
0.201953
0.247749
0.185789
0.0937314
0.083621
0.097311
0.1595
0.127604
0.0916646
0.111503
0.187122
0.246139
0.0918297
0.0706769
0.120787
0.246139
0.158266
0.0681228
0.0214141
0.0821437
0.142009
0.0281233
0.0273583
0.0903856
0.246139
0.0961239
0.182511
0.246139
0.246139
0.246139
0.135541
0.11309
0.088186
0.11842
0.144737
0.0640293
0.246139
0.246139
0.246139
0.118374
0.206482
0.223672
0.246139
0.159654
0.081653
0.039947
0.113862
0.157639
0.050621
0.0532122
0.0834604
0.224649
0.224411
0.0845158
0.0245676
0.0809314
0.171035
0.0113109
0.0402285
0.0666824
0.280887
0.114607
0.0820203
0.280887
0.280887
0.280887
0.236869
0.227606
0.19212
0.274846
0.115253
0.0883972
0.125022
0.110088
0.248512
0.0989639
0.0686201
0.0753926
0.280887
0.210728
0.115642
0.0575542
0.113734
0.196055
0.0317412
0.0619825
0.0685934
0.28262
0.28262
0.0757181
0.0400875
0.152173
0.28262
0.0135043
0.0220589
0.139525
0.28262
0.0847643
0.121101
0.18586
0.160982
0.28262
0.212759
0.0552146
0.0380177
0.190442
0.28262
0.127904
0.0603148
0.0897034
0.188783
0.0194702
0.112806
0.151998
0.28262
0.194883
0.0784596
0.0522904
0.148772
0.266576
0.0328123
0.0304996
0.0921574
0.266576
0.262539
0.0650924
0.0162398
0.194107
0.266576
0.0158957
0.0297284
0.134358
0.266576
0.266576
0.139199
0.0763085
0.101604
0.187204
0.0363964
0.0788283
0.0939288
0.266576
0.266576
0.139868
0.0429143
0.150525
0.266576
0.0206766
0.0434705
0.131637
0.266576
0.152802
0.0616899
0.017915
0.157755
0.277802
0.0303485
0.0439568
0.0992006
0.255209
0.277802
0.115119
0.0167083
0.162805
0.277802
0.00486196
0.0266246
0.12659
0.277802
0.188136
0.140623
0.0541024
0.129265
0.277802
0.0338298
0.041284
0.0863256
0.257016
0.277802
0.0981438
0.0228312
0.161456
0.277802
0.0106035
0.0325471
0.0840665
0.277802
