0.0964202
0.115702
0.170273
0.243926
0.243926
0.243926
0.177858
0.243926
0.243926
0.149164
0.191986
0.115974
0.243926
0.243926
0.185221
0.0460476
0.0653516
0.0603017
0.125606
0.11205
0.0802906
0.123422
0.197752
0.234232
0.107831
0.200508
0.129211
0.101221
0.153445
0.12511
0.18845
0.209497
0.0863016
0.0489828
0.169265
0.0586795
0.171437
0.239317
0.144959
0.255131
0.255131
0.252826
0.067671
0.072494
0.0792036
0.198736
0.186276
0.113785
0.255131
0.255131
0.149509
0.11658
0.0946147
0.132873
0.125826
0.204281
0.141259
0.241111
0.230232
0.124474
0.0643142
0.165931
0.0497468
0.0972094
0.180574
0.190554
0.108763
0.146451
0.114803
0.138733
0.115384
0.0809584
0.165319
0.170736
0.125914
0.25366
0.29235
0.191748
0.141377
0.117507
0.141318
0.0984167
0.112251
0.123011
0.195753
0.29235
0.21419
0.12531
0.129694
0.148895
0.110622
0.156024
0.14591
0.100717
0.165093
0.127495
0.136404
0.109752
0.0804012
0.126255
0.121556
0.238198
0.130099
0.29235
0.172687
0.121227
0.149853
0.14171
0.0748527
0.100172
0.114745
0.225104
0.292486
0.219992
0.152252
0.167369
0.15932
0.100359
0.112145
0.219051
0.292486
0.292486
0.144202
0.120311
0.154415
0.0828669
0.101439
0.0979598
0.190261
0.116984
0.292486
0.171278
0.13387
0.138458
0.11443
0.0901524
0.0804693
0.136082
0.212427
0.212171
0.125103
0.115339
0.098511
0.0743987
0.0900697
0.104571
0.165037
0.273626
0.273626
0.178021
0.13882
0.1495
0.0710834
0.073233
0.170014
0.171531
0.234427
0.273626
0.273626
0.143736
0.22412
0.102256
0.0630277
0.0908165
0.105389
0.166256
0.198492
0.1206
0.14884
0.102804
0.0630632
0.0592122
0.0937272
0.249651
0.231577
0.201938
0.0511463
0.162675
0.180901
0.0585963
0.0857051
0.140044
0.134577
0.207384
0.277693
0.277693
0.155211
0.205779
0.114306
0.0358472
0.08771
0.128228
0.25321
0.277693
0.277693
0.191974
0.13376
0.114907
0.0821748
0.114457
0.193896
0.203645
0.212129
0.0742865
0.179714
0.194125
0.0605244
0.0962204
0.0935348
0.137101
0.14392
0.146084
0.163535
0.142053
0.108855
0.0759816
0.0589436
0.0869857
0.127726
0.273057
0.273057
0.273057
0.170874
0.120792
0.138709
0.0617048
0.110104
0.117837
0.273057
0.273057
0.225401
0.10578
0.0728895
0.0916173
0.126123
0.111247
0.122079
0.152631
0.191537
0.186087
0.149636
0.140163
0.0879726
0.0837932
0.110708
0.11133
0.210458
0.232794
0.0914711
0.0985016
0.20293
0.233059
0.152024
0.126399
0.0900696
0.162224
0.219035
0.219035
0.137644
0.219035
0.163433
0.114776
0.20639
0.143499
0.219035
0.219035
0.102389
0.0734215
0.190315
0.108436
0.13564
0.164342
0.121185
0.120751
0.219035
0.134368
0.140745
0.219035
0.184785
0.121641
0.219035
0.219035
0.165247
0.192426
0.0875597
0.0905731
0.161504
0.202622
0.129772
0.21768
0.163471
0.21768
0.21768
0.129363
0.0895281
0.186566
0.0889085
0.104596
0.21076
0.200974
0.164151
0.178562
0.166217
0.190919
0.13217
0.0770766
0.109656
0.21768
0.21768
0.189514
0.21768
0.137265
0.132991
0.198828
0.21768
0.0840517
0.176062
0.151688
0.21768
0.168812
0.100618
0.0903348
0.137923
0.130199
0.12015
0.196336
0.164015
0.158063
0.195152
0.188785
0.194896
0.131168
0.0826493
0.140025
0.153256
0.208703
0.160728
0.208703
0.157624
0.141377
0.175746
0.184862
0.0850555
0.153192
0.103971
0.208703
0.198625
0.156856
0.113
0.182693
0.152136
0.112886
0.142559
0.167761
0.179259
0.201981
0.174735
0.172449
0.208703
0.192532
0.124219
0.136289
0.192102
0.160322
0.219321
0.163325
0.16276
0.172412
0.164037
0.147574
0.121569
0.205454
0.219321
0.219321
0.13094
0.13877
0.107657
0.0765721
0.106619
0.177415
0.174102
0.171836
0.219321
0.208463
0.146958
0.204161
0.187128
0.0678104
0.17383
0.156551
0.188516
0.219321
0.15721
0.128206
0.177303
0.0925754
0.102616
0.118839
0.162034
0.200572
0.218419
0.151565
0.201117
0.148446
0.0816984
0.0956109
0.11592
0.218419
0.218419
0.218419
0.0919434
0.203031
0.218419
0.0885529
0.102084
0.218419
0.156672
0.191314
0.218419
0.150859
0.124004
0.161131
0.0928929
0.143147
0.177844
0.194569
0.178306
0.218419
0.088819
0.169689
0.218419
0.0672864
0.0997921
0.123789
0.215713
0.215713
0.215713
0.120449
0.215713
0.215713
0.105853
0.138861
0.144209
0.16613
0.17439
0.171163
0.193754
0.174714
0.139662
0.07487
0.198234
0.215713
0.181138
0.161829
0.179748
0.122174
0.199647
0.215713
0.107443
0.109919
0.156545
0.207835
0.0950578
0.113267
0.189142
0.215713
0.0993209
0.109363
0.153743
0.158551
0.139388
0.179723
0.188421
0.197577
0.181728
0.198342
0.0955492
0.103004
0.131968
0.182969
0.214161
0.214161
0.108605
0.183421
0.214161
0.214161
0.124814
0.165864
0.210037
0.111187
0.141388
0.189276
0.214161
0.121232
0.125311
0.046369
0.142979
0.153573
0.153279
0.214161
0.0650236
0.18244
0.161019
0.205999
0.162203
0.145601
0.115486
0.14704
0.217222
0.161118
0.133491
0.217222
0.212561
0.154113
0.217222
0.217222
0.192797
0.217222
0.0947443
0.103077
0.170149
0.217222
0.215998
0.186288
0.111122
0.17636
0.217222
0.217222
0.11148
0.114387
0.217222
0.0950404
0.0816099
0.136347
0.0841372
0.14804
0.131653
0.153332
0.158483
0.121942
0.152787
0.216182
0.216182
0.204766
0.216182
0.131769
0.149985
0.216182
0.216182
0.0984562
0.185481
0.150125
0.216182
0.216182
0.12469
0.113289
0.160746
0.139097
0.109224
0.102082
0.188217
0.11263
0.189522
0.128121
0.15023
0.195521
0.14742
0.105102
0.195221
0.216182
0.179255
0.160098
0.0990267
0.154118
0.152088
0.108866
0.102053
0.165948
0.11431
0.207122
0.207122
0.170527
0.135405
0.207122
0.157077
0.148118
0.192271
0.162103
0.201356
0.17482
0.155768
0.164453
0.207122
0.207122
0.109288
0.207122
0.207122
0.203004
0.150315
0.115198
0.134791
0.142897
0.124649
0.127192
0.185225
0.103777
0.183511
0.165982
0.151469
0.164075
0.207122
0.102986
0.145306
0.21754
0.166831
0.201077
0.189872
0.177196
0.13334
0.213753
0.216449
0.103419
0.185082
0.153892
0.180268
0.225015
0.14951
0.120042
0.166891
0.101567
0.128796
0.182494
0.132897
0.167712
0.147747
0.17136
0.131562
0.182064
0.0940471
0.107239
0.170291
0.106436
0.225015
0.225015
0.0765998
0.167879
0.225015
0.122006
0.108721
0.209557
0.147423
0.179306
0.217852
0.144427
0.110409
0.15024
0.0928474
0.136366
0.161637
0.197473
0.175877
0.197652
0.115439
0.190916
0.217852
0.0790218
0.136687
0.179347
0.128516
0.217852
0.217852
0.0905231
0.174669
0.209632
0.112297
0.101594
0.160683
0.217852
0.175442
0.130706
0.151842
0.217852
0.215585
0.124436
0.160406
0.214449
0.201007
0.17618
0.166127
0.157479
0.214475
0.214475
0.11421
0.101464
0.162451
0.187469
0.109015
0.100402
0.168506
0.201765
0.155563
0.0844806
0.141167
0.191786
0.214475
0.189143
0.114819
0.174466
0.214475
0.187498
0.149322
0.0711644
0.214475
0.20216
0.165452
0.129598
0.0942152
0.159916
0.172074
0.139434
0.112214
0.202219
0.203849
0.136573
0.126719
0.181974
0.213041
0.189834
0.113757
0.0525454
0.138419
0.165615
0.175789
0.213041
0.0997069
0.186821
0.152527
0.162585
0.0941329
0.213041
0.183245
0.171627
0.166063
0.110961
0.184078
0.192393
0.154311
0.119753
0.213041
0.157281
0.148968
0.109631
0.164461
0.185637
0.213041
0.212463
0.214954
0.189096
0.104959
0.176132
0.214954
0.212342
0.131876
0.148012
0.20316
0.133562
0.0855746
0.116221
0.12572
0.214954
0.157877
0.155259
0.18168
0.135374
0.195593
0.106522
0.165324
0.18468
0.214954
0.194071
0.181455
0.182006
0.16734
0.0881203
0.126108
0.152091
0.214954
0.214954
0.148482
0.11995
0.09317
0.172609
0.145023
0.100854
0.161486
0.141883
0.213984
0.14645
0.136758
0.195608
0.147957
0.0916438
0.17981
0.213984
0.207065
0.213984
0.108616
0.138061
0.160949
0.128906
0.0806967
0.132947
0.213984
0.213984
0.213984
0.177311
0.127091
0.0937392
0.213984
0.0548778
0.187604
0.213984
0.205624
0.168492
0.160497
0.213984
0.108766
0.161755
0.101338
0.202215
0.207638
0.200089
0.199223
0.114826
0.112911
0.152893
0.136199
0.15347
0.19655
0.132032
0.183015
0.176632
0.156893
0.155641
0.200706
0.146461
0.0907565
0.186444
0.207638
0.166144
0.169737
0.170879
0.196105
0.0986314
0.171168
0.176464
0.207638
0.106963
0.142612
0.17797
0.207638
0.119673
0.125667
0.207638
0.157273
0.210111
0.134783
0.165697
0.131226
0.157531
0.11792
0.16529
0.118699
0.0987889
0.148493
0.0884498
0.202655
0.214188
0.107111
0.189246
0.206283
0.126956
0.214188
0.20618
0.124968
0.155207
0.201337
0.214085
0.078647
0.104088
0.214188
0.0902261
0.13384
0.214188
0.214188
0.214188
0.187831
0.144493
0.175599
0.166051
0.128644
0.193947
0.129169
0.187822
0.213598
0.101419
0.184938
0.181038
0.102772
0.0987762
0.172748
0.213598
0.15913
0.106663
0.178453
0.213598
0.213598
0.122597
0.127538
0.149262
0.213598
0.213598
0.213598
0.182563
0.15422
0.177704
0.14568
0.114146
0.145033
0.213598
0.124908
0.204178
0.170907
0.160572
0.10309
0.111574
0.128648
0.214401
0.214401
0.174221
0.0932581
0.190998
0.214401
0.207774
0.130852
0.0552926
0.21187
0.192759
0.147612
0.0955726
0.102507
0.169286
0.214401
0.145592
0.118058
0.152259
0.214401
0.120482
0.214005
0.179838
0.214401
0.133677
0.116487
0.133474
0.192389
0.214401
0.174887
0.185565
0.0779309
0.133843
0.148444
0.149593
0.0712196
0.217676
0.176897
0.15271
0.132728
0.110958
0.175217
0.200666
0.13688
0.121337
0.217676
0.14322
0.134507
0.104381
0.205427
0.175774
0.217676
0.174595
0.13896
0.16171
0.204363
0.169035
0.200787
0.0886107
0.175744
0.182494
0.141947
0.12969
0.217676
0.217676
0.146877
0.217676
0.144548
0.16598
0.162557
0.0837782
0.136316
0.119197
0.169962
0.162882
0.214801
0.211736
0.188213
0.182426
0.128492
0.0975252
0.131004
0.153714
0.214801
0.214801
0.166315
0.131193
0.104839
0.15852
0.0916108
0.188432
0.16772
0.194368
0.214801
0.169026
0.158383
0.101185
0.103474
0.0886655
0.214801
0.163568
0.200506
0.214801
0.150617
0.176786
0.212274
0.124058
0.090062
0.130915
0.206171
0.211359
0.211359
0.18625
0.122296
0.102883
0.190271
0.0567728
0.176176
0.207521
0.195596
0.204041
0.141063
0.192586
0.141385
0.146695
0.087573
0.211359
0.139438
0.180531
0.211359
0.174492
0.161235
0.202413
0.150595
0.0804799
0.211359
0.195846
0.137293
0.201306
0.0942313
0.140677
0.152164
0.144591
0.100722
0.197881
0.20145
0.174813
0.207057
0.15648
0.161481
0.127633
0.166874
0.163672
0.189006
0.129871
0.181006
0.195205
0.179487
0.123938
0.159841
0.20874
0.0916894
0.186399
0.154018
0.124398
0.20874
0.141402
0.14675
0.152064
0.162884
0.0857909
0.164245
0.20874
0.20874
0.20874
0.0943948
0.13542
0.195518
0.165543
0.207431
0.207431
0.118948
0.171992
0.202501
0.174553
0.0867247
0.119486
0.207431
0.0940383
0.156218
0.207431
0.207431
0.207431
0.207431
0.186205
0.167149
0.151854
0.0895138
0.103541
0.122477
0.197886
0.207431
0.118283
0.117993
0.181896
0.182715
0.107435
0.158025
0.135006
0.135104
0.207431
0.107
0.207431
0.185898
0.165908
0.158692
0.203438
0.206793
0.19388
0.205952
0.206793
0.184793
0.194525
0.131027
0.159038
0.206793
0.206793
0.126124
0.19577
0.194079
0.155278
0.145091
0.135004
0.136296
0.133518
0.125461
0.16968
0.206793
0.110028
0.206793
0.154714
0.206793
0.130499
0.113582
0.121617
0.18184
0.206793
0.104751
0.150051
0.0962267
0.0637585
0.163476
0.206795
0.206795
0.115961
0.203621
0.206661
0.198919
0.19697
0.14938
0.147033
0.206795
0.206795
0.156053
0.139642
0.103512
0.125601
0.161079
0.168318
0.146817
0.109235
0.155576
0.205937
0.206795
0.140666
0.135856
0.11765
0.132407
0.0753999
0.141003
0.206795
0.206795
0.17471
0.13076
0.143124
0.206795
0.152428
0.132288
0.16873
0.175151
0.142248
0.152651
0.115219
0.171976
0.163487
0.154907
0.151901
0.209631
0.209631
0.162431
0.209631
0.166774
0.157161
0.151244
0.100014
0.0966536
0.14369
0.185102
0.206432
0.138186
0.173367
0.142189
0.205828
0.19767
0.146448
0.131752
0.209631
0.209631
0.154077
0.168257
0.209631
0.11957
0.157778
0.08683
0.203317
0.185965
0.213575
0.213575
0.213575
0.179661
0.115157
0.116732
0.0976613
0.213575
0.211153
0.196235
0.213575
0.191902
0.20747
0.207581
0.133922
0.143747
0.143588
0.145909
0.188037
0.20371
0.213575
0.150616
0.0697494
0.0411621
0.074642
0.118027
0.146938
0.21253
0.174981
0.19512
0.118641
0.0543461
0.0975238
0.113815
0.213533
0.182386
0.19113
0.213533
0.213533
0.191238
0.211888
0.167327
0.101676
0.213533
0.213533
0.170067
0.213533
0.122471
0.157492
0.213533
0.146877
0.0708336
0.125826
0.13004
0.175525
0.186214
0.213533
0.135801
0.0615236
0.0926916
0.137579
0.149329
0.126955
0.213533
0.196727
0.174931
0.105577
0.0526329
0.148839
0.123326
0.211493
0.164358
0.161863
0.211493
0.156992
0.148053
0.197112
0.165978
0.078738
0.157447
0.211493
0.211493
0.211493
0.0765685
0.17487
0.211493
0.211493
0.12162
0.129811
0.0969125
0.211493
0.210253
0.211493
0.109222
0.0799004
0.168471
0.117882
0.1659
0.0918303
0.211493
0.211493
0.170676
0.0662001
0.150806
0.145297
0.0848757
0.101147
0.114774
0.216309
0.207694
0.0926929
0.139189
0.213932
0.19184
0.112544
0.203244
0.181645
0.160147
0.216309
0.108383
0.216309
0.150981
0.108931
0.103517
0.121654
0.0707848
0.216309
0.216309
0.167501
0.065928
0.123882
0.150307
0.181247
0.203208
0.177544
0.216309
0.216309
0.179492
0.15174
0.143536
0.216309
0.128868
0.151881
0.136469
0.146453
0.21137
0.120334
0.199219
0.136913
0.131721
0.144344
0.161712
0.0976078
0.155969
0.221257
0.124495
0.134969
0.093585
0.0969621
0.159325
0.19499
0.174714
0.221257
0.221257
0.184546
0.135208
0.135042
0.207434
0.0618452
0.117806
0.172506
0.205644
0.221257
0.221257
0.221257
0.221257
0.112376
0.14838
0.124492
0.101775
0.16288
0.2152
0.183626
0.131003
0.137813
0.186087
0.105107
0.181959
0.193238
0.189363
0.136323
0.137499
0.146432
0.145383
0.150569
0.0519052
0.141603
0.2152
0.2152
0.2152
0.2152
0.2152
0.2152
0.14486
0.0996082
0.206372
0.176801
0.138236
0.153142
0.188926
0.20324
0.123359
0.120605
0.111583
0.160696
0.154838
0.170801
0.118762
0.169428
0.137683
0.155048
0.192538
0.150878
0.148213
0.156527
0.213114
0.178037
0.151492
0.185014
0.136576
0.185567
0.083747
0.213114
0.186333
0.151181
0.174306
0.1971
0.188271
0.106602
0.144889
0.0905101
0.154964
0.121418
0.213114
0.213114
0.189383
0.132519
0.213114
0.213114
0.158502
0.148162
0.167447
0.214825
0.214825
0.214825
0.198136
0.111284
0.0665168
0.0787893
0.131237
0.212718
0.214825
0.182543
0.20522
0.125421
0.0511866
0.105284
0.10486
0.187652
0.214825
0.214825
0.206265
0.175613
0.214825
0.174431
0.140841
0.118261
0.214825
0.192397
0.210809
0.1525
0.11214
0.0869292
0.12209
0.0497452
0.0836046
0.138052
0.17053
0.196746
0.198682
0.21407
0.135951
0.0681753
0.105321
0.15526
0.141188
0.118987
0.21407
0.21407
0.209513
0.11829
0.0766566
0.21407
0.108531
0.21407
0.21407
0.21407
0.149985
0.134524
0.0960932
0.156375
0.0783269
0.128308
0.174073
0.085738
0.205107
0.21407
0.180871
0.210822
0.190953
0.204679
0.126268
0.11079
0.0853404
0.204643
0.224823
0.218575
0.107122
0.100569
0.188607
0.102788
0.164714
0.0948006
0.224823
0.211836
0.173856
0.0973715
0.166975
0.149335
0.110197
0.177642
0.0806404
0.153984
0.224823
0.224823
0.210276
0.165415
0.19839
0.102455
0.217849
0.0802067
0.139425
0.224823
0.224823
0.190623
0.0879143
0.1422
0.0876257
0.113983
0.0868694
0.211401
0.211017
0.163047
0.0844984
0.134803
0.128952
0.188244
0.22042
0.227615
0.227615
0.227615
0.201514
0.118302
0.117629
0.157914
0.0963697
0.168895
0.0629752
0.134827
0.227615
0.227615
0.174243
0.0831189
0.128823
0.101028
0.207717
0.140535
0.19021
0.227615
0.227615
0.156032
0.137989
0.0865466
0.147374
0.179012
0.203569
0.225172
0.225172
0.203286
0.108257
0.130017
0.158481
0.0575604
0.132547
0.158838
0.195854
0.225172
0.225172
0.202935
0.175324
0.128754
0.0838711
0.135315
0.124792
0.183512
0.225172
0.225172
0.131844
0.133485
0.0916809
0.0523535
0.0888734
0.105607
0.162545
0.225172
0.225172
0.225172
0.0978724
0.0666825
0.0443648
0.130783
0.178572
0.198871
0.229653
0.229653
0.227081
0.21558
0.175465
0.0982549
0.200722
0.132025
0.114033
0.164906
0.159573
0.195886
0.102424
0.134019
0.0475312
0.076733
0.132608
0.181786
0.222263
0.229653
0.229653
0.112706
0.0793299
0.017355
0.0734902
0.229653
0.177108
0.229653
0.229653
0.17785
0.115066
0.050037
0.0853565
0.216016
0.14484
0.143349
0.191712
0.155659
0.181018
0.112168
0.150355
0.0705893
0.150566
0.0904848
0.21942
0.21942
0.213512
0.1508
0.21942
0.21942
0.0147258
0.0750092
0.21942
0.191659
0.21942
0.21942
0.173762
0.136713
0.0480342
0.0267553
0.113992
0.192845
0.208683
0.195765
0.21942
0.171189
0.146339
0.0948437
0.0879508
0.156462
0.223676
0.223676
0.204654
0.184286
0.182316
0.149424
0.113031
0.10663
0.187567
0.18244
0.167286
0.162784
0.130527
0.0772887
0.106053
0.058773
0.132752
0.178648
0.219956
0.223676
0.223676
0.192767
0.120911
0.127216
0.14964
0.145212
0.144772
0.108397
0.223676
0.223676
0.159435
0.151224
0.198458
0.147093
0.0937868
0.163123
0.165639
0.157077
0.15593
0.130128
0.0689637
0.115408
0.076911
0.106294
0.121597
0.0641163
0.160031
0.222805
0.147025
0.125495
0.147642
0.222805
0.134762
0.138609
0.0909483
0.222805
0.222805
0.196665
0.156791
0.184263
0.108784
0.110939
0.179188
0.203291
0.220473
0.222805
0.222805
0.222805
0.222805
0.214708
0.0928891
0.1348
0.0633851
0.13032
0.217842
0.202165
0.143547
0.143925
0.217842
0.0908721
0.162674
0.0927736
0.114851
0.217842
0.200317
0.169505
0.0771866
0.121089
0.116501
0.172432
0.189938
0.217842
0.217842
0.217842
0.212775
0.215329
0.178328
0.0469173
0.0996912
0.189121
0.13196
0.148037
0.217842
0.217842
0.196755
0.124906
0.107156
0.174988
0.0932646
0.14349
0.218843
0.218843
0.194654
0.0954828
0.11918
0.135905
0.182678
0.177097
0.171496
0.218843
0.218843
0.187639
0.183051
0.0872098
0.0524384
0.109068
0.189552
0.185291
0.189887
0.180658
0.209453
0.150886
0.113036
0.0521269
0.135907
0.218843
0.218843
0.154343
0.190419
0.207038
0.175404
0.0564671
0.121501
0.130628
0.163342
0.185883
0.217461
0.232411
0.148392
0.184301
0.102782
0.0581899
0.103694
0.17396
0.232411
0.232411
0.232411
0.232411
0.0978948
0.0872111
0.0348128
0.115336
0.232411
0.232411
0.161727
0.166582
0.149027
0.13323
0.0534875
0.0225417
0.0659528
0.232411
0.232411
0.232411
0.170001
0.150725
0.0881193
0.126018
0.0447815
0.0861175
0.181313
0.22325
0.226015
0.226015
0.193951
0.108516
0.0849747
0.0270425
0.102938
0.208694
0.167397
0.226015
0.22195
0.205133
0.148089
0.0751019
0.0233482
0.0659638
0.226015
0.226015
0.226015
0.171339
0.119685
0.0869586
0.131397
0.153456
0.151222
0.226015
0.103267
0.226015
0.193756
0.195076
0.144406
0.117629
0.0223723
0.104932
0.196038
0.189656
0.218769
0.218769
0.211728
0.183282
0.0746339
0.0210138
0.0832192
0.148539
0.193188
0.218769
0.218769
0.202115
0.127435
0.0831458
0.191568
0.163908
0.218769
0.126745
0.218769
0.185995
0.178731
0.138718
0.111793
0.0946134
0.167957
0.138284
0.120165
0.218769
0.218769
0.18707
0.169896
0.0630124
0.144942
0.170414
0.205859
0.230103
0.230103
0.218554
0.102372
0.101798
0.14222
0.122109
0.138892
0.123595
0.230103
0.230103
0.202725
0.166647
0.185013
0.17416
0.05844
0.133394
0.124651
0.230103
0.230103
0.0450654
0.121297
0.125215
0.111041
0.0639702
0.0674338
0.134837
0.14231
0.225644
0.11121
0.230103
0.222281
0.154702
0.111848
0.122016
0.0903295
0.221252
0.221252
0.221252
0.159071
0.179679
0.122425
0.0855413
0.163404
0.173914
0.197208
0.221252
0.221252
0.221252
0.221252
0.221252
0.0523874
0.0567057
0.123782
0.105951
0.167999
0.0927678
0.219861
0.221252
0.102573
0.102901
0.221252
0.114347
0.168321
0.168326
0.173324
0.199902
0.130006
0.0612957
0.0772258
0.145062
0.154628
0.188089
0.214041
0.214041
0.178007
0.169799
0.188939
0.0568961
0.1108
0.207269
0.135917
0.116346
0.172754
0.214041
0.159251
0.101034
0.112519
0.214041
0.137471
0.15503
0.148042
0.133259
0.177505
0.127293
0.0608466
0.214041
0.214041
0.214041
0.214041
0.214041
0.214041
0.120055
0.130367
0.15927
0.0582264
0.121257
0.186166
0.1455
0.143148
0.14605
0.184853
0.121665
0.0787429
0.0598177
0.12519
0.20312
0.14511
0.163078
0.200799
0.216664
0.198996
0.0771124
0.216664
0.216664
0.216664
0.203819
0.216664
0.216664
0.140966
0.176479
0.180664
0.0905259
0.144942
0.100919
0.19508
0.216664
0.174294
0.131136
0.20428
0.12044
0.0606164
0.138812
0.233755
0.210075
0.207509
0.203271
0.208649
0.179415
0.0737764
0.0259385
0.0822424
0.233755
0.233755
0.233755
0.145995
0.123253
0.118744
0.129441
0.0675622
0.151773
0.0908061
0.176489
0.233755
0.233755
0.165149
0.233755
0.143913
0.0828236
0.148473
0.14048
0.169019
0.233755
0.173484
0.113894
0.0961273
0.10468
0.028051
0.0858657
0.226855
0.226855
0.226855
0.143995
0.0940808
0.0911484
0.119643
0.17837
0.195326
0.204908
0.125165
0.226855
0.183361
0.226855
0.158785
0.106568
0.0618777
0.102574
0.0974111
0.142278
0.218265
0.21873
0.118921
0.123474
0.134946
0.215342
0.147595
0.162195
0.226855
0.226855
0.204476
0.066935
0.212439
0.0923575
0.168777
0.17054
0.214102
0.126809
0.214102
0.160866
0.173835
0.125827
0.0998998
0.0979387
0.154267
0.103752
0.152511
0.214102
0.214102
0.150478
0.160156
0.0843369
0.156636
0.140578
0.130386
0.214102
0.214102
0.211429
0.0753236
0.212271
0.133662
0.0932304
0.206175
0.124663
0.193871
0.214102
0.214102
0.13141
0.196542
0.141715
0.0750525
0.10428
0.107775
0.224726
0.224726
0.0391445
0.1145
0.0901243
0.0851589
0.0659738
0.0702567
0.109075
0.123791
0.224726
0.142613
0.204777
0.195848
0.169824
0.219156
0.149774
0.181298
0.17529
0.224726
0.145771
0.120505
0.192041
0.107412
0.18553
0.224726
0.224726
0.135792
0.224726
0.224726
0.176821
0.224726
0.137821
0.0440771
0.0669757
0.110013
0.100359
0.179493
0.112659
0.197054
0.217538
0.12982
0.0830861
0.217538
0.101639
0.161164
0.203173
0.135498
0.180214
0.121919
0.0740899
0.135354
0.217538
0.19864
0.121374
0.217538
0.217538
0.176754
0.217538
0.161914
0.095817
0.217538
0.217538
0.217538
0.17517
0.197618
0.148381
0.187136
0.15264
0.0832603
0.208823
0.121955
0.150915
0.180924
0.106895
0.164195
0.125114
0.0686062
0.169897
0.208823
0.208823
0.208823
0.206838
0.178336
0.0840018
0.111695
0.14083
0.0979228
0.208823
0.162571
0.208823
0.189692
0.168367
0.130518
0.191387
0.161812
0.160859
0.16442
0.193081
0.203719
0.208823
0.157897
0.101713
0.208823
0.158439
0.176722
0.213657
0.213657
0.213657
0.213657
0.21125
0.110042
0.142264
0.164535
0.093665
0.147668
0.0742439
0.157079
0.213657
0.197311
0.133887
0.185068
0.13733
0.174071
0.164122
0.210354
0.193248
0.213657
0.174928
0.0963842
0.213657
0.170108
0.123646
0.0745177
0.162206
0.18665
0.177845
0.0759843
0.0637753
0.155788
0.138056
0.0955889
0.181584
0.0625134
0.142196
0.221758
0.221758
0.175217
0.218108
0.17064
0.0752396
0.180386
0.144035
0.148302
0.221758
0.19532
0.0906602
0.141716
0.117081
0.112865
0.0808372
0.221758
0.214701
0.221758
0.137308
0.0887185
0.182336
0.174209
0.113203
0.176446
0.165215
0.149094
0.221758
0.206927
0.14642
0.221758
0.0872698
0.0711812
0.145193
0.112659
0.130541
0.214265
0.214265
0.0996656
0.139047
0.13879
0.214265
0.186681
0.136986
0.214265
0.214265
0.213269
0.0794256
0.208959
0.108764
0.101515
0.189409
0.161715
0.141521
0.214265
0.214265
0.17695
0.201443
0.0771148
0.137211
0.146898
0.130343
0.158241
0.214265
0.20005
0.183059
0.149498
0.137477
0.156499
0.158495
0.106583
0.179085
0.210903
0.210903
0.0773427
0.178191
0.130321
0.0908931
0.210903
0.167241
0.210903
0.210903
0.210903
0.170517
0.20955
0.159569
0.149256
0.166361
0.130967
0.122939
0.210903
0.207016
0.150035
0.107529
0.101025
0.158305
0.163008
0.0916996
0.151869
0.210903
0.210903
0.210903
0.103939
0.0974343
0.157519
0.107116
0.130148
0.159846
0.198572
0.112225
0.120379
0.150483
0.0762734
0.142657
0.211415
0.165562
0.114165
0.199383
0.211415
0.132763
0.211415
0.110597
0.131275
0.126556
0.211415
0.211415
0.18243
0.206912
0.211415
0.211415
0.0812029
0.0839603
0.172782
0.207646
0.174937
0.203293
0.211415
0.186287
0.170193
0.0819245
0.119887
0.211114
0.16583
0.141924
0.211114
0.211114
0.137912
0.211114
0.146478
0.10549
0.202808
0.16966
0.211114
0.196416
0.182254
0.150952
0.152285
0.109181
0.131114
0.20771
0.20219
0.211114
0.211114
0.20262
0.15087
0.148182
0.0618497
0.114413
0.123759
0.114285
0.106608
0.185186
0.112128
0.124971
0.211114
0.155199
0.11612
0.206564
0.148034
0.20827
0.20827
0.158653
0.138625
0.17582
0.147126
0.165614
0.191342
0.20827
0.20827
0.20827
0.125467
0.0893559
0.20827
0.205404
0.125268
0.1351
0.135792
0.163434
0.20827
0.0984038
0.115683
0.20827
0.11492
0.160511
0.131173
0.162129
0.127001
0.196071
0.0904159
0.191098
0.19865
0.157062
0.195571
0.197207
0.211586
0.211586
0.211586
0.148484
0.0928355
0.211586
0.211586
0.150227
0.101063
0.142523
0.181969
0.205124
0.115383
0.0842315
0.15231
0.161811
0.185223
0.156726
0.200466
0.194479
0.211586
0.0995426
0.211586
0.208045
0.134452
0.083996
0.130434
0.130882
0.211586
0.194831
0.0588266
0.122321
0.106274
0.137663
0.139539
0.105304
0.191276
0.204236
0.225253
0.170118
0.094015
0.17106
0.19543
0.0942778
0.187174
0.177056
0.170811
0.225253
0.225253
0.127214
0.225253
0.113413
0.0983209
0.179822
0.145587
0.225253
0.200893
0.0626047
0.128261
0.116629
0.131879
0.0682413
0.165836
0.107586
0.225253
0.225253
0.225253
0.0772247
0.192342
0.0699237
0.084778
0.193884
0.17306
0.165092
0.216888
0.216888
0.148233
0.216888
0.0841293
0.128612
0.172506
0.12793
0.140882
0.216888
0.216888
0.186432
0.136448
0.144675
0.0645825
0.188096
0.0980247
0.216888
0.216888
0.207501
0.132632
0.143549
0.0633383
0.122856
0.16321
0.153266
0.216888
0.198069
0.143264
0.216888
0.163762
0.0506187
0.157484
0.19991
0.140428
0.127571
0.216323
0.216323
0.181539
0.106429
0.103246
0.152648
0.216323
0.152036
0.187764
0.191449
0.216323
0.216323
0.144869
0.0996596
0.112798
0.201587
0.113647
0.183806
0.145512
0.0977384
0.216323
0.143128
0.0572903
0.161078
0.171476
0.149242
0.146714
0.192817
0.174419
0.207836
0.216323
0.0546377
0.12757
0.142164
0.212905
0.212905
0.212905
0.199907
0.212905
0.212905
0.0973084
0.0918303
0.203658
0.212905
0.197978
0.209367
0.173277
0.212905
0.212905
0.0837095
0.107144
0.104747
0.200642
0.212905
0.197177
0.161994
0.117248
0.124967
0.0945717
0.103072
0.111143
0.185089
0.212905
0.183103
0.0757666
0.070862
0.0876032
0.12446
0.148194
0.218816
0.218816
0.218816
0.218816
0.188928
0.188025
0.214345
0.061249
0.141781
0.149758
0.11972
0.125576
0.218816
0.15443
0.169172
0.218816
0.146002
0.10882
0.154229
0.218816
0.218816
0.193567
0.117236
0.0997356
0.127976
0.0974813
0.119341
0.121173
0.0955696
0.138658
0.218816
0.155664
0.131774
0.188869
0.150781
0.150927
0.15569
0.143383
0.191544
0.213202
0.147299
0.151705
0.213202
0.109617
0.168189
0.190116
0.213202
0.168441
0.213202
0.103033
0.210687
0.213202
0.210115
0.0893364
0.0976572
0.102675
0.153958
0.213202
0.152671
0.129871
0.189488
0.154185
0.112848
0.173323
0.157697
0.213202
0.207262
0.0973658
0.111903
0.168459
0.127529
0.167414
0.183721
0.205312
0.185736
0.211554
0.106033
0.198578
0.196907
0.162958
0.0889606
0.157487
0.136986
0.211554
0.211554
0.110004
0.142393
0.109817
0.14904
0.0906798
0.128314
0.157815
0.211554
0.174361
0.145984
0.139892
0.171002
0.169816
0.126852
0.163847
0.211554
0.211554
0.177052
0.200477
0.166341
0.136697
0.138262
0.0973926
0.18262
0.114422
0.211845
0.210563
0.0990128
0.11196
0.109376
0.13205
0.0609179
0.143662
0.0922801
0.211845
0.211845
0.192277
0.0900012
0.192399
0.109727
0.157865
0.205548
0.19875
0.211845
0.177946
0.211845
0.190584
0.156632
0.173483
0.0954861
0.19121
0.0703624
0.190826
0.211845
0.184365
0.192245
0.211845
0.139897
0.0681636
0.181117
0.0870393
0.215867
0.215867
0.172397
0.142444
0.18399
0.107528
0.141615
0.15236
0.149131
0.215867
0.211653
0.130122
0.215867
0.14553
0.0697809
0.171305
0.215867
0.0764959
0.189691
0.215867
0.16156
0.18714
0.215867
0.170633
0.125159
0.136003
0.184589
0.132365
0.215867
0.176629
0.185924
0.0942662
0.10794
0.143219
0.203208
0.119566
0.215796
0.180423
0.126361
0.215796
0.138369
0.0679997
0.177116
0.20271
0.143951
0.17583
0.215796
0.191361
0.215796
0.215796
0.0631567
0.155151
0.151704
0.168867
0.134685
0.215796
0.13953
0.188393
0.0953354
0.121001
0.181768
0.150226
0.148617
0.100092
0.215796
0.181642
0.166099
0.148368
0.134851
0.120273
0.140417
0.213696
0.213696
0.213696
0.178268
0.142622
0.129396
0.120596
0.137505
0.166559
0.213696
0.213696
0.188889
0.0521372
0.106314
0.115069
0.153635
0.0797961
0.187815
0.213696
0.192629
0.169379
0.14911
0.191088
0.165436
0.0538249
0.0793758
0.213696
0.113034
0.15545
0.207995
0.204601
0.131139
0.213696
0.204631
0.11742
0.203624
0.218528
0.218528
0.169721
0.0934626
0.123995
0.149275
0.103292
0.10017
0.177815
0.152657
0.149267
0.19007
0.158348
0.146506
0.218528
0.150993
0.101468
0.218528
0.115286
0.17916
0.214238
0.176496
0.112626
0.218528
0.18798
0.0645554
0.127356
0.14407
0.218528
0.218528
0.114747
0.126006
0.215771
0.185477
0.0773951
0.162891
0.14251
0.147883
0.216611
0.180198
0.142657
0.226574
0.150808
0.0753408
0.197735
0.165137
0.226574
0.226574
0.0931679
0.0981046
0.212544
0.150021
0.0776733
0.170471
0.143395
0.226574
0.226574
0.124919
0.107775
0.226574
0.151985
0.0472323
0.168988
0.156504
0.226574
0.226574
0.104832
0.099042
0.193341
0.121071
0.0727242
0.1524
0.151747
0.219149
0.219149
0.142159
0.113333
0.182892
0.170838
0.120202
0.153399
0.219149
0.219149
0.219149
0.195135
0.161543
0.144318
0.148801
0.0629771
0.170118
0.112928
0.219149
0.219149
0.118043
0.114026
0.183565
0.120636
0.121941
0.142009
0.100151
0.214309
0.219149
0.0995349
0.0750713
0.219149
0.219149
0.148424
0.172256
0.187375
0.212602
0.201903
0.212602
0.165055
0.131108
0.155361
0.085923
0.154905
0.0889547
0.187652
0.212602
0.142813
0.212602
0.212602
0.147134
0.118208
0.150159
0.0737388
0.153598
0.212602
0.125549
0.105603
0.212602
0.176333
0.0625945
0.0972767
0.184203
0.212602
0.212602
0.127131
0.212602
0.196921
0.097462
0.143968
0.184139
0.0808072
0.172084
0.211043
0.144182
0.199187
0.211043
0.160494
0.125852
0.111366
0.163879
0.130451
0.211043
0.105453
0.130895
0.0923594
0.115257
0.088832
0.136132
0.175661
0.200085
0.211043
0.143774
0.211043
0.165599
0.0956175
0.182173
0.211043
0.174793
0.200665
0.211043
0.211043
0.211043
0.156721
0.129795
0.15512
0.127716
0.149266
0.132525
0.212535
0.126755
0.124066
0.0939051
0.11705
0.151911
0.118174
0.140221
0.104028
0.212535
0.191708
0.138581
0.145074
0.153124
0.212535
0.212535
0.181527
0.161052
0.212535
0.212535
0.212535
0.139402
0.157363
0.14527
0.125248
0.191874
0.132452
0.157065
0.164971
0.212535
0.212535
0.212535
0.0564639
0.162776
0.19296
0.182684
0.19987
0.12254
0.17588
0.1311
0.0686107
0.0709703
0.205402
0.135647
0.123326
0.18855
0.156748
0.159722
0.205565
0.180051
0.166011
0.174595
0.120447
0.207957
0.207957
0.207957
0.124884
0.198424
0.207957
0.1065
0.207957
0.13343
0.126993
0.122195
0.207957
0.163417
0.207957
0.183362
0.0877322
0.213049
0.130459
0.139279
0.21193
0.15411
0.148691
0.213049
0.165378
0.055883
0.171591
0.172221
0.213049
0.213049
0.116765
0.0943017
0.213049
0.19198
0.137323
0.203552
0.136542
0.142759
0.177178
0.213049
0.174195
0.15755
0.162446
0.127687
0.0576728
0.0978791
0.213049
0.213049
0.16865
0.107077
0.166526
0.209573
0.0844098
0.231883
0.175828
0.231883
0.231883
0.14778
0.103447
0.231883
0.155465
0.0535628
0.210962
0.174139
0.231883
0.231883
0.0944622
0.100329
0.231883
0.163137
0.167056
0.0833588
0.132867
0.231883
0.231883
0.182568
0.111062
0.13901
0.177093
0.128286
0.145551
0.163796
0.179912
0.157037
0.131749
0.0423077
0.0376264
0.0842372
0.0912908
0.204532
0.123145
0.223721
0.223721
0.110581
0.122826
0.205135
0.129142
0.152432
0.127761
0.113778
0.223721
0.223721
0.0988188
0.0972723
0.223721
0.223721
0.139218
0.155345
0.223721
0.139018
0.121913
0.115343
0.0562764
0.0414954
0.0704926
0.22246
0.152013
0.172635
0.183936
0.205256
0.09958
0.215054
0.202642
0.223721
0.165692
0.143479
0.0886727
0.22007
0.22007
0.147878
0.138985
0.22007
0.181479
0.0579127
0.0882545
0.22007
0.22007
0.22007
0.155139
0.22007
0.22007
0.110095
0.217822
0.145781
0.212512
0.147621
0.169559
0.103139
0.22007
0.187353
0.212628
0.0748888
0.101958
0.0762277
0.134506
0.22007
0.0926492
0.107413
0.125767
0.0845062
0.0861244
0.129829
0.205129
0.22288
0.22288
0.173618
0.22288
0.177908
0.100888
0.176453
0.218404
0.189262
0.218819
0.22288
0.171534
0.222301
0.171911
0.116626
0.0719578
0.0968368
0.074231
0.115917
0.185333
0.1039
0.144334
0.134881
0.0665764
0.169629
0.22288
0.076763
0.188287
0.22288
0.150829
0.22288
0.0902536
0.0793525
0.199156
0.212941
0.160875
0.148717
0.189319
0.168407
0.172647
0.137929
0.137082
0.111918
0.113547
0.193491
0.142387
0.156846
0.144451
0.190935
0.210349
0.212941
0.131628
0.200245
0.0624505
0.153596
0.212941
0.130526
0.165011
0.145682
0.113797
0.144385
0.176802
0.147415
0.212941
0.212941
0.101187
0.203834
0.150481
0.181303
0.136283
0.162377
0.0810766
0.173297
0.210882
0.15526
0.137009
0.151744
0.199968
0.0895502
0.163705
0.138856
0.0879665
0.0983196
0.15493
0.180469
0.155919
0.131601
0.210882
0.210882
0.210882
0.179398
0.210882
0.157514
0.168621
0.210882
0.107592
0.12373
0.131698
0.210882
0.210882
0.192917
0.210882
0.210882
0.138718
0.109686
0.103604
0.166032
0.152423
0.114102
0.184047
0.192625
0.201715
0.145436
0.138874
0.107001
0.0818037
0.109629
0.173404
0.215298
0.142319
0.105008
0.147323
0.184219
0.113233
0.141493
0.215298
0.215298
0.215298
0.215298
0.199596
0.211848
0.121334
0.120831
0.145385
0.20553
0.171477
0.215298
0.215298
0.134118
0.124975
0.168669
0.142564
0.109204
0.1612
0.214844
0.230504
0.173607
0.122232
0.139468
0.162067
0.118215
0.167552
0.195945
0.193164
0.175246
0.133794
0.0610281
0.0437374
0.0766903
0.121422
0.148982
0.200414
0.182468
0.230504
0.230504
0.164829
0.16455
0.230504
0.0609561
0.185934
0.151719
0.198635
0.230504
0.222605
0.205948
0.0316239
0.0537614
0.12771
0.157432
0.223599
0.15646
0.155143
0.134699
0.0847754
0.0470585
0.0563457
0.214972
0.124865
0.166973
0.223599
0.223599
0.148877
0.223599
0.172949
0.223599
0.0373957
0.110234
0.114356
0.194747
0.223599
0.223599
0.223599
0.0476331
0.0568682
0.0799546
0.0844304
0.126895
0.217445
0.223599
0.223599
0.186293
0.162834
0.172425
0.212354
0.126886
0.199463
0.200237
0.225808
0.172005
0.225808
0.181752
0.222451
0.0632749
0.0844682
0.0761921
0.143493
0.225808
0.112352
0.0871622
0.105458
0.112165
0.0698436
0.0828139
0.148654
0.223097
0.225808
0.225808
0.214397
0.156657
0.15182
0.0659949
0.117352
0.115446
0.225808
0.225808
0.176291
0.112638
0.205419
0.117721
0.0709033
0.106288
0.0800772
0.131023
0.23239
0.127425
0.120192
0.131865
0.104289
0.161853
0.23239
0.0856516
0.191911
0.23239
0.173399
0.192007
0.0714941
0.082287
0.0883265
0.171336
0.153471
0.224435
0.23239
0.212152
0.158194
0.204008
0.127934
0.178861
0.23239
0.156585
0.225683
0.23239
0.112212
0.193005
0.101876
0.145504
0.12275
0.191359
0.0663317
0.145901
0.218006
0.130996
0.133647
0.121288
0.105801
0.144425
0.179017
0.139298
0.218006
0.218006
0.0957796
0.19931
0.177333
0.157975
0.14859
0.173643
0.11633
0.170231
0.218006
0.13236
0.139308
0.145852
0.150725
0.193732
0.218006
0.0780925
0.148333
0.218006
0.211048
0.188743
0.218006
0.173049
