0.101891
0.136003
0.24944
0.24944
0.238358
0.190464
0.203444
0.222567
0.24944
0.0660108
0.163931
0.24944
0.24944
0.24944
0.148787
0.127804
0.0843004
0.0434753
0.193134
0.139473
0.0951385
0.24944
0.24944
0.0965732
0.0759439
0.102671
0.144535
0.0897166
0.167279
0.109444
0.0882094
0.119199
0.0445295
0.109064
0.0912741
0.0781257
0.0757341
0.164388
0.288055
0.288055
0.288055
0.213902
0.11584
0.0757192
0.052432
0.0173893
0.090806
0.288055
0.288055
0.288055
0.212558
0.083092
0.0858456
0.0760997
0.112937
0.153729
0.0859285
0.101475
0.1907
0.0509593
0.107242
0.0978349
0.139035
0.173715
0.16774
0.13343
0.0992302
0.0782241
0.0513616
0.0743857
0.162325
0.260578
0.0192601
0.0531447
0.290172
0.290172
0.290172
0.204503
0.0652393
0.0722195
0.0771917
0.00975539
0.0390123
0.290172
0.290172
0.290172
0.261153
0.117972
0.0167238
0.0280736
0.110701
0.0962272
0.101377
0.0986046
0.0579035
0.0512303
0.0858216
0.183332
0.248528
0.0468358
0.107276
0.280999
0.234971
0.099939
0.0574193
0.120899
0.126482
0.0868455
0.0081537
0.0213074
0.252663
0.311947
0.311947
0.244102
0.0584767
0.0172351
0.0236548
0.00179068
0.00828483
0.181679
0.311947
0.311947
0.311947
0.177376
0.00553734
0.00250993
0.0206148
0.0567295
0.173869
0.178031
0.0995982
0.0416917
0.123598
0.144399
0.0846558
0.0371691
0.148993
0.216657
0.211433
0.226001
0.0530819
0.123099
0.109804
0.0616124
0.00581703
0.0176074
0.156181
0.278306
0.309328
0.309328
0.16719
0.0212554
0.0107224
0.036286
0.02795
0.126771
0.260078
0.309328
0.309328
0.235239
0.0287344
0.0386668
0.0270529
0.0851768
0.133833
0.188099
0.209432
0.0575246
0.113463
0.122786
0.0783538
0.0194135
0.0356546
0.22356
0.272931
0.229211
0.092584
0.0666193
0.0884567
0.0325084
0.0360315
0.0404988
0.129855
0.234691
0.284502
0.284502
0.263044
0.0491195
0.0472109
0.0226483
0.0271305
0.105278
0.148436
0.284502
0.284502
0.284502
0.0857153
0.0586207
0.0159797
0.0196188
0.177871
0.269272
0.238241
0.0889999
0.0614488
0.0914701
0.0345258
0.00169984
0.0111204
0.134388
0.234256
0.284502
0.187163
0.168721
0.0334616
0.00266795
0.0272554
0.0841523
0.116566
0.14906
0.260774
0.260774
0.260774
0.0670185
0.0497046
0.0479809
0.21416
0.158821
0.201316
0.260774
0.260774
0.226219
0.0864924
0.0395554
0.000772827
0.0171602
0.153262
0.260774
0.260774
0.140558
0.11719
0.0204349
0.0022405
0.00347444
0.0265088
0.189997
0.260774
0.260774
0.245102
0.0917758
0.00885077
0.0124017
0.265913
0.222434
0.148379
0.265913
0.265913
0.172831
0.117158
0.116969
0.197563
0.157921
0.265913
0.141775
0.105736
0.142456
0.0693577
0.128183
0.149879
0.127894
0.265913
0.244248
0.183849
0.265913
0.265913
0.0453854
0.0430961
0.0558252
0.078694
0.155889
0.119891
0.0636182
0.0932652
0.147757
0.00792233
0.0344248
0.100881
0.096399
0.234463
0.234463
0.119215
0.134291
0.234463
0.0890629
0.165531
0.206901
0.234463
0.234463
0.234463
0.234463
0.135687
0.144877
0.0897061
0.145473
0.234463
0.234463
0.234463
0.166644
0.0438281
0.110512
0.2196
0.00813367
0.0342141
0.125917
0.190101
0.173259
0.109075
0.0684888
0.0691448
0.0887261
0.0346746
0.0356738
0.105862
0.234463
0.184644
0.186924
0.202609
0.157333
0.123058
0.0995281
0.192923
0.2505
0.2505
0.103643
0.2505
0.2505
0.2505
0.192623
0.104928
0.237692
0.225781
0.222657
0.174112
0.0854982
0.0399617
0.051951
0.0850422
0.0304194
0.0274037
0.127516
0.2505
0.149631
0.1363
0.0518237
0.0642658
0.12252
0.0388178
0.0755425
0.159024
0.219319
0.0680481
0.151474
0.249257
0.249257
0.206872
0.0910605
0.249257
0.249257
0.230191
0.100717
0.249257
0.249257
0.249257
0.249257
0.101065
0.229879
0.218165
0.12601
0.123868
0.0982279
0.0302157
0.0563354
0.0992251
0.0277499
0.0623035
0.146678
0.23709
0.111082
0.0802734
0.104278
0.0651648
0.0817186
0.034436
0.0795681
0.136034
0.216183
0.0763508
0.191677
0.267345
0.274965
0.274965
0.126699
0.221275
0.242846
0.165348
0.0476707
0.0830229
0.274965
0.274965
0.274965
0.181208
0.119076
0.161232
0.0762281
0.0890756
0.0580464
0.0757961
0.0818993
0.0883841
0.0357319
0.0829933
0.1361
0.217736
0.16228
0.147216
0.190133
0.0848401
0.0970379
0.0339237
0.081005
0.165302
0.164731
0.0367104
0.0387178
0.289033
0.289033
0.289033
0.153787
0.096386
0.142337
0.0758992
0.0334268
0.0751255
0.289033
0.289033
0.289033
0.218778
0.216937
0.061356
0.0231628
0.0932955
0.0832052
0.114628
0.0899918
0.101833
0.0466715
0.100399
0.155589
0.147986
0.132163
0.272112
0.156476
0.141141
0.240467
0.0679275
0.101162
0.105646
0.0749168
0.0204798
0.050524
0.276139
0.289187
0.289187
0.142705
0.115837
0.0543803
0.0418796
0.0123101
0.0557659
0.289187
0.289187
0.289187
0.289187
0.099387
0.0433629
0.0389733
0.0886208
0.154963
0.106291
0.0971558
0.137449
0.0724644
0.0983088
0.119679
0.19522
0.0873788
0.123407
0.140441
0.223561
0.26889
0.142978
0.087485
0.0726627
0.163944
0.303895
0.298655
0.206876
0.303895
0.303895
0.0381473
0.051836
0.0804461
0.0877875
0.210518
0.136122
0.0623018
0.117954
0.173505
0.00709723
0.0267294
0.115189
0.132814
0.28184
0.124694
0.0664112
0.303895
0.303895
0.0268665
0.0615762
0.0374764
0.0448147
0.180817
0.135894
0.0417628
0.0736153
0.121814
0.00276981
0.0196768
0.0758941
0.242633
0.248814
0.226012
0.0492971
0.169861
0.248814
0.012842
0.0385287
0.198283
0.248814
0.245777
0.163024
0.120517
0.0894068
0.132341
0.0657042
0.0618525
0.157175
0.248814
0.248814
0.218175
0.0741215
0.105862
0.175597
0.00504304
0.0358527
0.121889
0.248814
0.248814
0.153446
0.0227077
0.0697399
0.162558
0.0201966
0.0994822
0.211143
0.248814
0.260917
0.131135
0.0612731
0.071746
0.12852
0.0564062
0.0477132
0.177823
0.260917
0.247197
0.206424
0.0599465
0.093663
0.183372
0.0614796
0.0995328
0.220678
0.260917
0.237758
0.143888
0.0224773
0.0631698
0.161018
0.0203885
0.096141
0.214213
0.260917
0.260917
0.151407
0.00432824
0.0816778
0.260917
0.000865583
0.0102508
0.19684
0.260917
0.250796
0.178017
0.0362814
0.105074
0.187891
0.0526696
0.0794998
0.217619
0.260417
0.218436
0.135158
0.116132
0.0891142
0.145144
0.0800389
0.123875
0.199725
0.260417
0.260417
0.167571
0.00856129
0.0861708
0.260417
0.00108324
0.00812866
0.178029
0.260417
0.260417
0.187385
0.0239218
0.0370517
0.130099
0.0575773
0.060369
0.167859
0.260417
0.187838
0.115584
0.1175
0.128757
0.178466
0.0783589
0.132661
0.196359
0.245274
0.245274
0.245274
0.245274
0.144577
0.208532
0.0447211
0.125209
0.245274
0.245274
0.245274
0.19956
0.0533345
0.0671721
0.139533
0.0259799
0.0420391
0.149168
0.245274
0.245274
0.202378
0.122346
0.0811808
0.0965577
0.0262952
0.0590506
0.149389
0.116827
0.179067
0.151609
0.217337
0.142793
0.188625
0.0603513
0.164887
0.247737
0.247737
0.247737
0.247737
0.247737
0.247737
0.247737
0.0541693
0.109324
0.181898
0.173556
0.124481
0.116033
0.10253
0.0747898
0.074192
0.0124718
0.039018
0.140587
0.171056
0.247737
0.238313
0.0506
0.0974936
0.222786
0.0136467
0.0297527
0.0807205
0.120326
0.185613
0.236748
0.175942
0.140321
0.222594
0.0852737
0.129135
0.220868
0.236748
0.139944
0.210007
0.219785
0.236748
0.236748
0.236748
0.138208
0.179908
0.236748
0.190378
0.127144
0.0323407
0.0532744
0.113864
0.012286
0.0221456
0.0848248
0.236748
0.205473
0.162483
0.0503929
0.0819021
0.131319
0.0184867
0.0564248
0.126546
0.212297
0.290299
0.129671
0.04985
0.290299
0.290299
0.0163659
0.0516968
0.057739
0.0737798
0.218921
0.118149
0.0313585
0.0731641
0.124965
0.00395753
0.0104907
0.0751859
0.255356
0.278848
0.231981
0.069519
0.290299
0.290299
0.0042981
0.0514659
0.0897205
0.224416
0.280757
0.144213
0.0292146
0.0576977
0.125448
0.000561004
0.022524
0.0744671
0.264035
0.257499
0.174893
0.0540091
0.110414
0.174045
0.0104468
0.0355141
0.118379
0.257499
0.257499
0.153165
0.0117155
0.0516776
0.149037
0.0226
0.115869
0.232666
0.257499
0.257499
0.257499
0.0308106
0.0828531
0.234388
0.00916179
0.0300336
0.106764
0.257499
0.257499
0.12832
0.0112014
0.100126
0.257499
0.0111943
0.0264796
0.162608
0.257499
0.258959
0.152379
0.0114434
0.0543771
0.154708
0.0243941
0.119892
0.215445
0.258959
0.258959
0.16984
0.0048083
0.083673
0.258959
0
0.0152652
0.193364
0.258959
0.258959
0.128244
0.0151901
0.0925632
0.258959
0.0190442
0.0353868
0.148584
0.258959
0.258959
0.122417
0
0.0716157
0.217867
0.0267639
0.0108188
0.164105
0.258959
0.269477
0.197944
0.00963206
0.0951213
0.269477
0
0.0124251
0.177961
0.269477
0.269477
0.176235
0.0186879
0.0425064
0.140433
0.0697958
0.0690626
0.171013
0.269477
0.269477
0.114113
0.0002476
0.0816958
0.245921
0.0125803
0.0127924
0.1887
0.269477
0.269477
0.123713
0.018643
0.04524
0.166474
0.00754816
0.00160469
0.113561
0.269477
0.256094
0.236629
0.0678929
0.0843503
0.176053
0.0387857
0.0516683
0.185589
0.256094
0.256094
0.222831
0.145569
0.121043
0.163079
0.0325322
0.0690978
0.212956
0.123136
0.256094
0.141066
0.0228969
0.0712127
0.247774
0.000377541
0.00845141
0.160866
0.256094
0.256094
0.160527
0.0498323
0.0884274
0.256094
0.0103157
0.0324185
0.0974372
0.256094
0.192377
0.167928
0.155842
0.118806
0.135183
0.0092801
0.0500848
0.230963
0.233971
0.249603
0.249603
0.0813163
0.16909
0.249603
0.0124621
0.0392286
0.117796
0.185413
0.248085
0.140696
0.0429451
0.0746004
0.237985
0.0100594
0.0374666
0.13971
0.249603
0.214671
0.106365
0.0427309
0.249603
0.249603
0.00228064
0.0134648
0.142652
0.249603
0.251763
0.211182
0.0637778
0.100896
0.195285
0.0107081
0.0372067
0.140169
0.251763
0.251763
0.251763
0.0771364
0.150702
0.22119
0.0247615
0.102141
0.235899
0.251763
0.221247
0.0911928
0.0309055
0.162082
0.251763
0.0031828
0.0164392
0.124394
0.251763
0.195582
0.125393
0.0174317
0.114878
0.209607
0.0296131
0.06659
0.116391
0.251763
0.264191
0.215402
0.0846183
0.275047
0.275047
0.00653574
0.0377553
0.0956863
0.256619
0.275047
0.143986
0.0373644
0.0665038
0.14727
0.00175363
0.0150435
0.0732691
0.275047
0.177661
0.275047
0.172972
0.202762
0.275047
0.139065
0.176877
0.114035
0.0606995
0.130288
0.105512
0.0356526
0.0522799
0.126981
0.0101176
0.0259336
0.10933
0.248101
0.259483
0.226002
0.0425747
0.118772
0.259483
0.0164433
0.0346281
0.118318
0.259483
0.259483
0.153211
0.0155236
0.103914
0.259483
0.0149441
0.0453558
0.216319
0.259483
0.18558
0.137361
0.0371506
0.0956062
0.19801
0.0200872
0.0445479
0.133596
0.259483
0.182617
0.134981
0.0175296
0.0835157
0.252611
0.040271
0.0884843
0.199772
0.259483
0.263471
0.173142
0.0189806
0.116707
0.263471
0.0301025
0.0661596
0.21495
0.263471
0.263471
0.161541
0.00196084
0.0905206
0.239973
0.0220252
0.0378932
0.191428
0.263471
0.191916
0.145204
0.0167988
0.126814
0.263471
0.0289631
0.074026
0.175558
0.263471
0.115694
0.108664
0.033305
0.0590708
0.184751
0.0728012
0.0665414
0.183573
0.263471
0.263727
0.166195
0.00339143
0.111802
0.263727
0.0168903
0.0328345
0.232681
0.263727
0.263727
0.116159
0.015155
0.0656426
0.247994
0.0083496
0.0129793
0.171458
0.263727
0.154412
0.12745
0.0450813
0.0993525
0.256
0.067852
0.0695623
0.159732
0.263727
0.199534
0.143711
0.0890191
0.0410741
0.178874
0.0548506
0.0537467
0.218812
0.263727
0.258896
0.115181
0.0190388
0.0789788
0.258896
0.00420679
0.0132001
0.188473
0.258896
0.258896
0.145028
0.0401749
0.120344
0.258896
0.0130486
0.0364258
0.118319
0.258896
0.258896
0.157011
0.0881453
0.0586154
0.21635
0.0568219
0.0587631
0.188653
0.236506
0.258896
0.13631
0.0604524
0.0957073
0.258896
0.0192422
0.0232169
0.0913545
0.258896
0.26268
0.134645
0.0317677
0.0898042
0.236212
0.0132038
0.0414326
0.149768
0.26268
0.204512
0.107739
0.0332455
0.26268
0.26268
0.00129756
0.0204397
0.151846
0.249855
0.26268
0.120822
0.0455193
0.083335
0.220869
0.0277907
0.0310776
0.103366
0.26268
0.188791
0.149178
0.0485355
0.23509
0.26268
0.0142854
0.0191403
0.114944
0.23475
0.253072
0.125028
0.0322141
0.216142
0.253072
0.00568831
0.0332171
0.163463
0.253072
0.243327
0.143504
0.0107628
0.148682
0.253072
0.0451092
0.0874134
0.135654
0.253072
0.237146
0.154499
0.05434
0.179235
0.253072
0.0298362
0.0360703
0.160762
0.253072
0.205146
0.0797945
0.0312528
0.121857
0.208582
0.0633607
0.0517928
0.0926646
0.253072
0.235926
0.257348
0.216749
0.257348
0.257348
0.164229
0.230775
0.169614
0.108036
0.199198
0.149367
0.0715102
0.0809688
0.17931
0.0138272
0.0231376
0.13303
0.257348
0.147415
0.205487
0.162574
0.087192
0.0833635
0.186897
0.176241
0.174365
0.153626
0.169613
0.126631
0.109763
0.0771725
0.0985673
0.0454594
0.0251317
0.145461
0.257348
0.210476
0.138765
0.0646497
0.136865
0.223876
0.0237037
0.0369061
0.148282
0.265524
0.234828
0.163818
0.0309417
0.113945
0.265524
0.031683
0.0881185
0.265524
0.265524
0.209662
0.135816
0.125472
0.114595
0.165464
0.076317
0.0377873
0.184524
0.265524
0.237208
0.125499
0.0128173
0.0726413
0.200663
0.0225738
0.0615704
0.172655
0.265524
0.246421
0.173206
0.0270259
0.169005
0.258751
0.0257572
0.0755908
0.241365
0.258751
0.16166
0.125901
0.0413593
0.0705734
0.196778
0.0660622
0.109921
0.211239
0.258751
0.258751
0.14996
0.0155508
0.111421
0.246818
0.0114115
0.0449677
0.165954
0.258751
0.208137
0.158958
0.0394013
0.0636305
0.0804332
0.0201767
0.0852775
0.225993
0.258751
0.194151
0.135152
0.0547584
0.105001
0.256103
0.0629369
0.0895906
0.158067
0.256103
0.225614
0.125426
0.0666094
0.056748
0.240961
0.0481543
0.0800655
0.254599
0.256103
0.239744
0.198613
0.0630911
0.0962318
0.0898869
0.0298194
0.0551394
0.173327
0.201449
0.249156
0.160264
0.0430488
0.0803216
0.166911
0.146086
0.145358
0.256103
0.256103
0.213508
0.103864
0.0581431
0.0581954
0.20205
0.036999
0.0510685
0.145277
0.176908
0.23814
0.109137
0.044628
0.093409
0.21787
0.0141684
0.0233532
0.0830322
0.23814
0.167838
0.140713
0.232787
0.141038
0.23814
0.135485
0.127245
0.220759
0.231414
0.23814
0.167673
0.23814
0.180621
0.23814
0.0816477
0.111175
0.162159
0.23814
0.262432
0.101844
0.0392584
0.0864097
0.190064
0.021413
0.0340405
0.0866905
0.262432
0.153783
0.122073
0.0302448
0.186616
0.262432
0.0174524
0.0203065
0.086488
0.211174
0.262432
0.170915
0.262432
0.234928
0.262432
0.105498
0.15112
0.055147
0.245405
0.170145
0.10598
0.0141327
0.161504
0.262432
0.00887
0.0246426
0.0923719
0.262432
0.252223
0.180438
0.0514585
0.200039
0.252223
0.0413813
0.0509946
0.16572
0.252223
0.224473
0.0924617
0.03388
0.150816
0.252223
0.0860526
0.0485044
0.0863954
0.252223
0.252048
0.165322
0.0264159
0.193136
0.252223
0.016999
0.046337
0.147483
0.252223
0.153433
0.141653
0.0978406
0.145907
0.208307
0.0579137
0.0449568
0.0879655
0.252223
0.198409
0.223278
0.159182
0.0999063
0.063804
0.199615
0.212574
0.18345
0.20992
0.225351
0.1386
0.129248
0.100267
0.105669
0.0487632
0.0253522
0.170495
0.246594
0.199627
0.203648
0.0904357
0.0908105
0.167552
0.0306959
0.0978997
0.246594
0.246594
0.246594
0.0720458
0.0674095
0.186091
0.246594
0.036944
0.0391447
0.142009
0.246594
0.242327
0.138511
0.12287
0.123919
0.152229
0.0663205
0.031979
0.17634
0.264647
0.264647
0.108758
0.0257236
0.0802835
0.211866
0.0204611
0.0690936
0.194156
0.264647
0.253241
0.0755979
0.123393
0.220274
0.264647
0.0429766
0.016468
0.120962
0.264647
0.127508
0.0710207
0.0487511
0.0828022
0.238225
0.0965026
0.096239
0.22092
0.264647
0.259497
0.140919
0.0261797
0.125185
0.259497
0.0128656
0.0503553
0.192445
0.259497
0.23008
0.151149
0.0383988
0.0748807
0.117663
0.0222863
0.119463
0.231887
0.259497
0.134915
0.0803563
0.0807755
0.106361
0.259497
0.0657166
0.0605818
0.210829
0.259497
0.151145
0.0468626
0.0417542
0.135549
0.259497
0.0785387
0.0805561
0.259497
0.259497
0.159597
0.120209
0.0420058
0.0734949
0.0909866
0.0175874
0.0468527
0.114134
0.15104
0.243125
0.0927579
0.0208589
0.0654376
0.138939
0.0722583
0.103286
0.336183
0.336183
0.132494
0.0775869
0.0509746
0.0998328
0.205791
0.0274012
0.0218267
0.130715
0.282635
0.336183
0.0810554
0.00806477
0.0714201
0.153307
0.0731064
0.127688
0.336183
0.336183
0.138462
0.0942542
0.103459
0.0914067
0.183294
0.0564265
0.0605015
0.135133
0.229533
0.202106
0.151444
0.189678
0.123069
0.232491
0.0364591
0.0450239
0.101848
0.234968
0.234968
0.175131
0.151921
0.132525
0.223089
0.0361859
0.055367
0.229931
0.234968
0.152663
0.234524
0.234968
0.189854
0.234968
0.0206097
0.0535453
0.177713
0.234968
0.214228
0.19813
0.257421
0.18126
0.257421
0.05352
0.0676323
0.0596692
0.232283
0.143452
0.0817216
0.00677455
0.136008
0.257421
0.0105146
0.0177802
0.0674966
0.251493
0.121941
0.257421
0.257421
0.257421
0.257421
0.0234727
0.0569632
0.105103
0.15733
0.167912
0.11758
0.0283887
0.13175
0.239308
0.00124057
0.0233824
0.0541851
0.252483
0.258806
0.170724
0.0199576
0.213304
0.258806
0.0222558
0.0545273
0.139646
0.258806
0.170913
0.138538
0.0808671
0.169412
0.221247
0.068511
0.0411124
0.0927424
0.258806
0.258806
0.192544
0.054989
0.232635
0.258806
0.00697856
0.0605693
0.139907
0.258806
0.107416
0.130775
0.0741386
0.142162
0.164989
0.0345292
0.0893959
0.10151
0.258806
0.194299
0.183884
0.080238
0.0970368
0.162474
0.0386808
0.09617
0.23841
0.249147
0.249147
0.0688399
0.0568032
0.194229
0.249147
0.0429303
0.0412496
0.164645
0.249147
0.230857
0.14106
0.0334219
0.112027
0.214579
0.0388623
0.0690165
0.186276
0.249147
0.164241
0.09651
0.0134819
0.164046
0.249147
0.0332928
0.0853992
0.249147
0.249147
0.254375
0.0797429
0.109203
0.236127
0.254375
0.0446568
0.0286667
0.14806
0.254375
0.149883
0.074944
0.0565819
0.095689
0.21881
0.10741
0.138623
0.226868
0.254375
0.180277
0.128989
0.0299346
0.21507
0.254375
0.0364753
0.0798493
0.190724
0.254375
0.135642
0.088944
0.0144339
0.0826665
0.168774
0.0409289
0.140755
0.232468
0.254375
0.152052
0.087256
0.0765236
0.123257
0.251408
0.0740284
0.0901225
0.211138
0.251408
0.149988
0.0401994
0.029595
0.135809
0.251408
0.0814798
0.1015
0.251408
0.251408
0.180315
0.123154
0.0297831
0.111998
0.251408
0.0379231
0.113712
0.152727
0.251408
0.230534
0.132995
0.0388097
0.0773823
0.24914
0.0663375
0.152555
0.239034
0.251408
0.128
0.0659316
0.0336526
0.0992888
0.2288
0.0281152
0.0245282
0.134582
0.277715
0.349205
0.0669938
0.00652412
0.0816566
0.18638
0.0451357
0.109505
0.349205
0.349205
0.192406
0.100534
0.0178759
0.0656494
0.213925
0.0213653
0.0515843
0.103346
0.279278
0.185518
0.0731534
0.0118169
0.0567708
0.228018
0.0220661
0.103277
0.114916
0.291044
0.265847
0.212927
0.150558
0.146702
0.265847
0.0220794
0.046899
0.265847
0.265847
0.203927
0.265847
0.265847
0.224954
0.265847
0.0138989
0.0429823
0.212667
0.265847
0.175193
0.0769987
0.00925155
0.0609912
0.210491
0.0139355
0.0527751
0.0693529
0.229825
0.0725879
0.0845956
0.0248131
0.067021
0.15721
0.0384941
0.0229889
0.0805904
0.0826662
0.173707
0.281293
0.281293
0.281293
0.281293
0.0170976
0.039995
0.146353
0.226289
0.228196
0.138646
0.0228126
0.160641
0.281293
0.00453903
0.0302847
0.0551909
0.281293
0.0883531
0.11287
0.0318315
0.0792304
0.179234
0.0511948
0.0334382
0.0804145
0.0903509
0.281293
0.18835
0.0150916
0.0771661
0.19462
0.00672638
0.022325
0.0478106
0.281293
0.260282
0.205541
0.0400211
0.238114
0.260282
0.017067
0.0796039
0.149577
0.260282
0.129836
0.112109
0.0629253
0.159517
0.177611
0.0388574
0.0802283
0.113846
0.260282
0.260282
0.260282
0.0394158
0.11367
0.260282
0.020978
0.0698211
0.123495
0.260282
0.176653
0.173015
0.102852
0.0911809
0.138706
0.0448888
0.0493499
0.103361
0.260282
0.199535
0.112491
0.0297056
0.102966
0.245947
0.0675626
0.0905379
0.175728
0.245947
0.211266
0.106454
0.0171587
0.147242
0.245947
0.0463075
0.0797209
0.245947
0.245947
0.197257
0.087497
0.0334462
0.132197
0.237029
0.0706254
0.095126
0.166475
0.245947
0.245947
0.189028
0.0515104
0.0871407
0.228433
0.0602866
0.0543928
0.232802
0.245947
0.212262
0.138287
0.0276547
0.168296
0.249096
0.0500059
0.0761738
0.190607
0.249096
0.169639
0.109056
0.0146038
0.0648344
0.137995
0.0478938
0.128022
0.201042
0.249096
0.249096
0.204081
0.0599584
0.101846
0.249096
0.0667135
0.0667218
0.249096
0.249096
0.249096
0.0904876
0.00905438
0.102991
0.204402
0.0663736
0.0643957
0.216103
0.249096
0.21331
0.151524
0.0249886
0.0903938
0.216671
0.0388269
0.104749
0.141363
0.250128
0.250128
0.137066
0.0229942
0.0635114
0.23356
0.0346798
0.103795
0.224913
0.250128
0.250128
0.138557
0.0194406
0.123157
0.250128
0.0469679
0.0716694
0.213953
0.250128
0.250128
0.154737
0.031093
0.0905859
0.154381
0.0398659
0.0559442
0.229844
0.250128
0.248944
0.153772
0.0156315
0.0825048
0.248944
0.014294
0.050405
0.146929
0.248944
0.248944
0.136143
0.0333127
0.0856069
0.248944
0.0246976
0.124729
0.151109
0.248944
0.248944
0.183103
0.0419031
0.0935258
0.164128
0.0264625
0.0392871
0.145932
0.248944
0.248944
0.217439
0.0560206
0.0506841
0.248944
0.0890867
0.0562075
0.196723
0.248944
0.259954
0.208905
0.0369688
0.121326
0.259954
0.0319012
0.106962
0.140712
0.259954
0.183003
0.168711
0.043024
0.110282
0.259954
0.0779465
0.0605484
0.203305
0.176807
0.259954
0.259954
0.0987352
0.0722271
0.259954
0.0964288
0.0644537
0.198686
0.259954
0.132272
0.129127
0.126526
0.0788445
0.146439
0.041727
0.0717312
0.191747
0.140417
0.180891
0.182504
0.0426356
0.0937225
0.274061
0.0870974
0.0674587
0.161063
0.159924
0.279166
0.279166
0.0284865
0.159862
0.279166
0.0143951
0.0343798
0.071261
0.279166
0.11813
0.135433
0.138775
0.0694637
0.10125
0.0419053
0.0627711
0.122891
0.109695
0.279166
0.178798
0.0859903
0.254298
0.279166
0.0200167
0.00815904
0.0476766
0.279166
0.255774
0.255774
0.0417969
0.142457
0.255774
0.025381
0.0637018
0.108525
0.255774
0.200104
0.149708
0.0798046
0.0782196
0.149374
0.0673523
0.0560633
0.102226
0.255774
0.255774
0.198667
0.109673
0.215759
0.255774
0.0381998
0.00872106
0.0597332
0.255774
0.215171
0.155904
0.0624143
0.0699369
0.128635
0.0659657
0.0623719
0.223568
0.255774
0.2048
0.10488
0.0522573
0.125777
0.253018
0.0777123
0.105045
0.200319
0.253018
0.253018
0.216717
0.0743884
0.0625939
0.22945
0.064415
0.0791764
0.249803
0.253018
0.132732
0.199633
0.152166
0.0808801
0.131173
0.0267431
0.165031
0.182485
0.253018
0.201826
0.175758
0.0447683
0.0750293
0.174189
0.093536
0.082949
0.12024
0.253018
0.26274
0.221768
0.0802357
0.0662126
0.254931
0.0719743
0.0827861
0.249024
0.26274
0.26274
0.10262
0.0168062
0.100649
0.208722
0.0637056
0.0519916
0.235385
0.26274
0.168806
0.163068
0.0340776
0.0800096
0.184882
0.0693519
0.0771238
0.136326
0.26274
0.224193
0.129375
0.0272608
0.0887035
0.165336
0.0269588
0.0177117
0.173002
0.26274
0.257023
0.150254
0.02505
0.11435
0.240149
0.0417673
0.0560476
0.228088
0.257023
0.257023
0.16396
0.0266605
0.078448
0.155156
0.027867
0.028799
0.236566
0.257023
0.234386
0.172014
0.0586296
0.106947
0.239475
0.0167955
0.0261263
0.175793
0.257023
0.183196
0.0965829
0.0240095
0.0727124
0.257023
0.0217055
0.0214675
0.181714
0.257023
0.248652
0.208343
0.0434605
0.0911067
0.168833
0.0179694
0.025776
0.174779
0.248652
0.248652
0.248652
0.0773567
0.0459115
0.248652
0.0794612
0.0469376
0.194905
0.248652
0.204592
0.137037
0.0530468
0.0914707
0.248652
0.0155901
0.0353844
0.163204
0.248652
0.248652
0.17009
0.041373
0.0794
0.213419
0.0558645
0.0236844
0.165425
0.248652
0.247321
0.247321
0.133567
0.0755414
0.247321
0.0923443
0.0653812
0.214997
0.247321
0.153454
0.119109
0.1286
0.0899543
0.181962
0.0486648
0.0788454
0.220785
0.177352
0.247321
0.205352
0.0901695
0.133462
0.247321
0.071656
0.0473253
0.202281
0.247321
0.142223
0.0888248
0.0792768
0.102472
0.224232
0.1037
0.0378354
0.14161
0.247321
0.142484
0.129041
0.141928
0.0865653
0.119258
0.0352328
0.0667966
0.146816
0.141393
0.28049
0.176021
0.109144
0.28049
0.28049
0.0190532
0.00822476
0.0566139
0.28049
0.117099
0.0925895
0.103224
0.127741
0.24797
0.0498485
0.0365729
0.0984882
0.152004
0.28049
0.164304
0.0990901
0.28049
0.28049
0.0622831
0.0857809
0.0507941
0.28049
0.251115
0.173579
0.115017
0.221397
0.251115
0.0246632
0.00429792
0.0586522
0.251115
0.233035
0.1186
0.0469668
0.061821
0.116642
0.0710137
0.0796319
0.195214
0.251115
0.251115
0.177681
0.113406
0.217243
0.251115
0.0272577
0.0613519
0.110658
0.238119
0.251115
0.0703905
0.0415182
0.114853
0.22615
0.0331359
0.0517979
0.14737
0.251115
0.138164
0.222453
0.146165
0.109429
0.148163
0.033629
0.150724
0.199922
0.268277
0.225949
0.184851
0.0555618
0.0610312
0.157409
0.105897
0.0955212
0.161907
0.268277
0.124125
0.199666
0.108299
0.175175
0.0953921
0.0777659
0.0702191
0.18487
0.268277
0.220609
0.21359
0.0843209
0.0885514
0.0820486
0.0947845
0.110402
0.268277
0.268277
0.180554
0.159023
0.0448082
0.0603051
0.16189
0.0763571
0.0786182
0.153277
0.254421
0.252141
0.136404
0.0331376
0.0947424
0.148673
0.0232411
0.0361146
0.211783
0.254421
0.223731
0.197647
0.0997156
0.11877
0.156244
0.0613607
0.0759616
0.254421
0.254421
0.22204
0.111429
0.0571695
0.133413
0.254421
0.0778948
0.1569
0.254421
0.254421
0.243819
0.187989
0.0603039
0.117313
0.231276
0.0187812
0.0340268
0.209029
0.243819
0.197017
0.110593
0.0270245
0.0813484
0.243819
0.0251512
0.0191824
0.210268
0.243819
0.243819
0.179686
0.105265
0.209725
0.243819
0.0624215
0.0885922
0.167076
0.243819
0.107865
0.0988319
0.0533927
0.0647015
0.224111
0.0648045
0.105783
0.219807
0.243819
0.250487
0.182128
0.0661133
0.120506
0.250487
0.0230752
0.0301675
0.212347
0.250487
0.250487
0.193179
0.0511203
0.112776
0.250487
0.0628263
0.0275559
0.166399
0.250487
0.159524
0.152912
0.0778308
0.111176
0.250487
0.0678402
0.0711238
0.175837
0.250487
0.122629
0.110139
0.065973
0.146847
0.234187
0.0378643
0.0517387
0.178324
0.250487
0.234563
0.204743
0.0901374
0.144275
0.234563
0.0761028
0.0460623
0.171979
0.234563
0.140033
0.0992053
0.0926834
0.102316
0.217805
0.101528
0.0404586
0.132581
0.234563
0.146284
0.140514
0.0992028
0.185796
0.234563
0.0714458
0.0705504
0.180091
0.234563
0.234563
0.223945
0.136933
0.142186
0.234563
0.0961587
0.114961
0.1772
0.234563
0.119718
0.097284
0.103329
0.118895
0.21829
0.0533057
0.038183
0.0964873
0.159268
0.253565
0.154916
0.12665
0.253565
0.253565
0.0373121
0.0614727
0.0645199
0.253565
0.253565
0.177864
0.112656
0.12329
0.188158
0.0921503
0.121792
0.18187
0.253565
0.253565
0.172897
0.0724532
0.11504
0.253565
0.0457605
0.118652
0.144405
0.253565
0.263811
0.173704
0.142661
0.224519
0.263811
0.01423
0.0560453
0.113502
0.263811
0.263811
0.0662309
0.0418742
0.124513
0.217316
0.0313468
0.0652343
0.158519
0.263811
0.263811
0.164077
0.0656928
0.0936772
0.201459
0.0290717
0.0858146
0.129131
0.263811
0.185854
0.102482
0.0396037
0.109385
0.193496
0.011881
0.0497869
0.15071
0.263811
0.0827884
0.130901
0.0560179
0.124436
0.0780317
0.065104
0.0366695
0.123984
0.167091
0.118849
0.11067
0.0523301
0.0555144
0.0545555
0.0654515
0.068013
0.261255
0.277333
0.277333
0.19228
0.0614681
0.277333
0.277333
0.196351
0.172045
0.244206
0.277333
0.136032
0.111775
0.0832288
0.121754
0.206898
0.0336336
0.0361688
0.24915
0.277333
0.182239
0.164738
0.0928394
0.110481
0.13999
0.0676948
0.0714381
0.230336
0.230336
0.208008
0.116323
0.0673948
0.13681
0.230336
0.0636017
0.13564
0.230336
0.230336
0.179062
0.150986
0.140196
0.193467
0.197228
0.0481555
0.0641014
0.230336
0.230336
0.173599
0.0849094
0.151214
0.230336
0.20101
0.0656324
0.0801332
0.202317
0.230336
0.227196
0.206403
0.121102
0.227196
0.227196
0.0632675
0.0961298
0.202927
0.227196
0.122818
0.0951818
0.0606824
0.0947424
0.224879
0.044266
0.097908
0.217526
0.227196
0.227196
0.141395
0.192837
0.227196
0.227196
0.0768363
0.077514
0.219018
0.20108
0.0659031
0.106589
0.0697534
0.100017
0.194477
0.111924
0.0833919
0.179277
0.227196
0.222914
0.180861
0.0992519
0.186525
0.239398
0.0654043
0.0785299
0.212089
0.239398
0.159134
0.11736
0.0934984
0.210737
0.239398
0.0444606
0.0534289
0.180765
0.239398
0.116262
0.161525
0.0876819
0.148949
0.239398
0.130379
0.0746068
0.239398
0.239398
0.170481
0.141565
0.0817686
0.120349
0.116358
0.0956954
0.136485
0.166242
0.235184
0.176888
0.148776
0.107847
0.21036
0.227246
0.0833749
0.0634758
0.158688
0.227246
0.227246
0.227246
0.143053
0.117112
0.227246
0.102993
0.119909
0.158192
0.227246
0.194674
0.14938
0.0721854
0.137939
0.128583
0.0702708
0.101782
0.135807
0.225416
0.227246
0.206929
0.0707536
0.0879114
0.207644
0.139049
0.204017
0.109763
0.227246
0.246154
0.174475
0.0916036
0.0798242
0.147147
0.0950794
0.107727
0.136982
0.227571
0.269431
0.153203
0.0859335
0.124135
0.255606
0.0194489
0.090885
0.128519
0.269431
0.258558
0.15304
0.0650228
0.0699088
0.15213
0.0812849
0.117291
0.0822781
0.269431
0.269431
0.172194
0.0461515
0.120693
0.269431
0.0370217
0.0812521
0.0710948
0.269431
0.273865
0.153002
0.0794015
0.114042
0.225775
0.0157829
0.0759701
0.11487
0.273865
0.168923
0.109335
0.0403458
0.107735
0.200511
0.02023
0.0593233
0.148942
0.273865
0.273865
0.182542
0.0642644
0.128865
0.273865
0.0335923
0.0658357
0.102707
0.273865
0.166804
0.121982
0.043461
0.0890548
0.245563
0.0325088
0.0553128
0.234574
0.273865
0.145408
0.0894013
0.0862233
0.169988
0.25179
0.110738
0.0799942
0.102576
0.177342
0.061976
0.0523409
0.0484126
0.0660515
0.126287
0.0665353
0.0357342
0.135127
0.214962
0.148256
0.128916
0.26789
0.26789
0.149693
0.158639
0.0994168
0.169947
0.26789
0.200735
0.166928
0.26789
0.26789
0.248854
0.215703
0.0499658
0.146977
0.163143
0.105498
0.0701107
0.080764
0.0987289
0.158314
0.100771
0.0478511
0.140593
0.179913
0.0943421
0.04945
0.0637152
0.111362
0.0859803
0.0288882
0.0294075
0.0931423
0.119585
0.222821
0.201393
0.263168
0.263168
0.263168
0.262115
0.0802099
0.190591
0.179725
0.107025
0.0735777
0.170319
0.263168
0.263168
0.210907
0.170762
0.263168
0.221658
0.195251
0.115528
0.11801
0.2119
0.14593
0.0477068
0.0506085
0.155976
0.151772
0.0631075
0.0698696
0.0555951
0.0749948
0.113204
0.0533032
0.0417983
0.118635
0.168465
0.113826
0.126167
0.294735
0.294735
0.294735
0.294735
0.294735
0.294735
0.294735
0.0939249
0.0992322
0.104025
0.0852781
0.0877357
0.059068
0.0807326
0.124393
0.178536
0.138532
0.147107
0.0949683
0.183937
0.221297
0.104746
0.0804103
0.221297
0.221297
0.18825
0.117045
0.0976346
0.144809
0.134564
0.0914875
0.12023
0.155957
0.221297
0.172627
0.221291
0.221297
0.133093
0.209082
0.0988905
0.14088
0.201948
0.221297
0.185112
0.154713
0.126004
0.097988
0.179264
0.0982985
0.186718
0.200565
0.221297
0.209047
0.136323
0.0758489
0.160555
0.151239
0.0746507
0.10376
0.138024
0.221868
0.221868
0.221868
0.0668446
0.069753
0.209858
0.142555
0.194429
0.151994
0.221868
0.176574
0.155973
0.131837
0.10217
0.221868
0.100644
0.160667
0.154642
0.221868
0.221868
0.218298
0.0803221
0.0706276
0.221868
0.088142
0.104975
0.221868
0.221868
0.243652
0.166738
0.0474707
0.0488159
0.150719
0.0792485
0.10884
0.0936627
0.275793
0.284033
0.165193
0.0394847
0.116947
0.284033
0.0320918
0.0797189
0.105919
0.284033
0.182427
0.148172
0.0558525
0.0575586
0.183137
0.0687441
0.0506015
0.119205
0.240626
0.284033
0.192415
0.0942859
0.0891729
0.233381
0.0067562
0.0180313
0.186307
0.284033
0.262537
0.160091
0.0475172
0.120162
0.262537
0.027873
0.0590772
0.102869
0.262537
0.156893
0.11111
0.0382035
0.0813775
0.218677
0.0329853
0.0565024
0.194437
0.262537
0.262537
0.197061
0.0951798
0.117986
0.262537
0.00776399
0.0108071
0.0929805
0.262537
0.227338
0.166229
0.037693
0.10291
0.131748
0.0101858
0.0901165
0.262537
0.262537
0.0834652
0.0829758
0.257555
0.257555
0.197651
0.150512
0.116833
0.12225
0.257555
0.135547
0.0968944
0.199002
0.257555
0.242299
0.189469
0.048918
0.117457
0.110795
0.0376625
0.0259911
0.0740692
0.257555
0.257555
0.257555
0.123128
0.0797616
0.0972194
0.0609772
0.068966
0.121633
0.257555
0.257555
0.190851
0.0813413
0.0589737
0.00675255
0.174541
0.115036
0.23994
0.23994
0.23994
0.214267
0.0558316
0.137017
0.127759
0.073298
0.062529
0.140831
0.194421
0.232285
0.104813
0.0741881
0.190378
0.107918
0.0847289
0.110965
0.202942
0.23994
0.23994
0.206251
0.122826
0.0725194
0.0264269
0.0435475
0.190256
0.23994
0.23994
0.23994
0.103506
0.113795
0.182939
0.0829146
0.0581845
0.0641524
0.185836
0.248279
0.248279
0.118191
0.0997522
0.212107
0.123098
0.0541355
0.0510351
0.0469771
0.0654115
0.0704722
0.047609
0.045207
0.0788721
0.0917018
0.0394206
0.176576
0.248279
0.248279
0.248279
0.171409
0.194998
0.201566
0.141221
0.084087
0.185126
0.248279
0.248279
0.248279
0.248279
0.117038
0.0761698
0.248279
0.0642934
0.0727396
0.0652235
0.109187
0.12156
0.0800297
0.0841147
0.100555
0.147345
0.0630163
0.0464339
0.0408902
0.0534646
0.0781089
0.0327565
0.0554015
0.076347
0.108541
0.112439
0.195412
0.283941
0.283941
0.283941
0.283941
0.211978
0.201049
0.283941
0.0415638
0.0905038
0.13945
0.28214
0.283941
0.152159
0.0804878
0.283941
0.191497
0.113998
0.109902
0.0830109
0.109985
0.173409
0.0658734
0.107489
0.124945
0.17305
0.134007
0.1471
0.0746591
0.0463248
0.118572
0.0489485
0.072192
0.176013
0.204046
0.0797897
0.146258
0.116757
0.296805
0.296805
0.296805
0.165463
0.296805
0.296805
0.161018
0.16867
0.0911348
0.080006
0.198698
0.127322
0.135065
0.101819
0.245359
0.158163
0.165685
0.0724144
0.0530975
0.133795
0.0552158
0.0528423
0.128945
0.204062
0.2508
0.226165
0.0773849
0.0769224
0.238566
0.00636246
0.0363159
0.227696
0.2508
0.184108
0.217096
0.112906
0.106802
0.18434
0.100348
0.119364
0.103431
0.2508
0.2508
0.2508
0.0731769
0.108983
0.19669
0.116112
0.0839297
0.237192
0.2508
0.246516
0.244546
0.086169
0.103111
0.246516
0.00807775
0.0214487
0.11471
0.246516
0.215116
0.179284
0.0477191
0.102645
0.131148
0.0157545
0.0838006
0.246516
0.246516
0.246516
0.246516
0.0734897
0.124926
0.213035
0.0923084
0.071187
0.143656
0.246516
0.178284
0.18947
0.0645697
0.0814409
0.185137
0.0468142
0.113068
0.132169
0.246516
0.0620627
0.0366898
0.0971431
0.316902
0.316902
0.316902
0.235487
0.138005
0.122959
0.0967899
0.0830658
0.165739
0.316902
0.316902
0.255052
0.116608
0.0860337
0.0123152
0.033676
0.0617686
0.256389
0.190192
0.0630586
0.0336395
0.0378854
0.0158507
0.00629516
0.0672648
0.037328
0.0950135
0.13794
0.316902
0.0702942
0.0400342
0.0255776
0.0915632
0.117591
0.118735
0.243911
0.264859
0.264859
0.197395
0.117049
0.0686137
0.0206008
0.0527038
0.178863
0.264859
0.264859
0.260232
0.14194
0.118219
0.212645
0.0582639
0.0673376
0.0366796
0.0982192
0.131689
0.258651
0.0752614
0.0460372
0.0374334
0.0788207
0.0524813
0.0745076
0.114838
0.264859
0.264859
0.264859
0.103562
0.116862
0.132153
0.0327245
0.114723
0.24222
0.24222
0.199129
0.142272
0.121576
0.137393
0.0825647
0.0659096
0.10888
0.214446
0.24222
0.24222
0.209274
0.0985631
0.0772692
0.220915
0.0498958
0.0542256
0.103766
0.197618
0.24222
0.226885
0.0844914
0.10024
0.112246
0.0341762
0.0784374
0.192413
0.24222
0.24222
0.24222
0.15511
0.178497
0.0937508
0.0692902
0.0957568
0.178718
0.243199
0.243199
0.243199
0.131668
0.0980611
0.243199
0.0445785
0.0510697
0.0696451
0.168011
0.242315
0.0897472
0.063166
0.10909
0.126515
0.065016
0.106976
0.15635
0.243199
0.243199
0.243199
0.156567
0.188677
0.129069
0.117379
0.150424
0.207586
0.243199
0.243199
0.170709
0.075501
0.0720899
0.148535
0.0567458
0.0698604
0.0621179
0.2452
0.254254
0.122399
0.0814292
0.179527
0.142935
0.0523597
0.0646182
0.0505883
0.0292333
0.0810876
0.0550072
0.052794
0.0475367
0.0876859
0.170981
0.232643
0.241372
0.254254
0.254254
0.169629
0.0932796
0.135375
0.209476
0.15518
0.128853
0.180389
0.254254
0.254254
0.254254
0.123676
0.196579
0.254254
0.0774176
0.115504
0.0771545
0.0487448
0.113469
0.0667785
0.0700445
0.078487
0.106272
0.144681
0.151392
0.0387216
0.0486659
0.0869886
0.0426246
0.0678327
0.127786
0.217716
0.174071
0.222474
0.273826
0.273826
0.273826
0.273826
0.169397
0.273826
0.273826
0.161865
0.116774
0.0709571
0.157936
0.273826
0.113467
0.0738749
0.129096
0.262754
0.222662
0.252943
0.0638212
0.0885875
0.147939
0.0553123
0.0852025
0.132108
0.186794
0.193888
0.185977
0.0551569
0.0564546
0.134838
0.0484315
0.099338
0.108563
0.252943
0.211554
0.213655
0.147712
0.252943
0.252943
0.112052
0.0849029
0.14984
0.194741
0.252943
0.252943
0.0337802
0.115736
0.179863
0.0566919
0.0600623
0.198571
0.252943
