0.08274
0.0781898
0.0339678
0.0367603
0.0505451
0.0160624
0.0278602
0.0199928
0.0432669
0.315503
0.186324
0.0686524
0.381292
0.381292
0.00900073
0.0301972
0.0575257
0.248313
0.0518591
0.0727466
0.0245488
0.0283629
0.0846033
0.0266186
0.016125
0.0235517
0.0202502
0.296588
0.169829
0.0732917
0.381292
0.381292
0.0356721
0.17857
0.107616
0.0825033
0.256647
0.146342
0.050317
0.331658
0.331658
0.0125107
0.0241226
0.0594255
0.238005
0.0615066
0.0720526
0.0543019
0.0803646
0.143947
0.0314094
0.0212414
0.0625209
0.0613114
0.238851
0.14016
0.0692027
0.331658
0.331658
0.0357797
0.105055
0.0839634
0.0861314
0.149505
0.10715
0.160255
0.291277
0.261429
0.0457641
0.091502
0.157403
0.0697095
0.1217
0.114591
0.072452
0.0865138
0.175924
0.0778306
0.0505389
0.170041
0.172247
0.13637
0.0984108
0.0309341
0.0821656
0.179815
0.0651239
0.04501
0.0851429
0.127138
0.248014
0.201027
0.248014
0.248014
0.248014
0.149032
0.143499
0.248014
0.233227
0.196519
0.198284
0.0906492
0.207697
0.248014
0.18232
0.107644
0.234151
0.165995
0.233997
0.122572
0.0280999
0.102935
0.23536
0.0810445
0.0740772
0.168001
0.2368
0.193795
0.104504
0.0369364
0.0874165
0.119296
0.06111
0.0813475
0.135809
0.198238
0.2368
0.2368
0.0562993
0.2368
0.2368
0.2368
0.146392
0.2368
0.2368
0.20101
0.169462
0.072625
0.129206
0.163188
0.0894063
0.112074
0.125735
0.2368
0.220729
0.165355
0.0881866
0.142733
0.189842
0.0810651
0.117271
0.177252
0.212913
0.199492
0.135317
0.112992
0.206735
0.220729
0.0907872
0.0405302
0.1463
0.220729
0.220729
0.215202
0.0962255
0.179813
0.220729
0.066431
0.161716
0.156959
0.220729
0.160303
0.183209
0.0933874
0.183857
0.220729
0.0508174
0.0977485
0.220729
0.14033
0.228185
0.221916
0.190858
0.228185
0.228185
0.101789
0.0629983
0.142789
0.228185
0.12676
0.138064
0.106268
0.123044
0.228185
0.13295
0.143617
0.140941
0.193564
0.228185
0.228185
0.158793
0.228185
0.228185
0.0524311
0.14072
0.194477
0.110192
0.0705246
0.141805
0.174529
0.096409
0.204996
0.0871551
0.0943799
0.159737
0.0847701
0.177272
0.167912
0.12902
0.139097
0.220688
0.132449
0.123154
0.15989
0.220688
0.220688
0.148519
0.084859
0.204008
0.216846
0.14565
0.0851085
0.137952
0.220688
0.0956056
0.132673
0.179308
0.11172
0.220688
0.0835333
0.102397
0.178668
0.157573
0.153353
0.220688
0.220688
0.173775
0.207918
0.0981057
0.083781
0.178662
0.220688
0.0500492
0.0837986
0.0250466
0.0373836
0.0893608
0.0311726
0.0223939
0.0360444
0.0226708
0.271253
0.167299
0.105631
0.386562
0.386562
0.0305468
0.116594
0.0689012
0.0604238
0.0328428
0.0827106
0.0446215
0.0818626
0.0945219
0.0511178
0.0857589
0.0491742
0.0295222
0.310138
0.3171
0.0501103
0.376171
0.386562
0.0543829
0.0918192
0.0447898
0.016876
0.193633
0.120555
0.0766243
0.328277
0.328277
0.0385483
0.0759631
0.0796579
0.064725
0.134083
0.108694
0.157248
0.259189
0.258814
0.0808349
0.101164
0.193718
0.0653548
0.257496
0.281189
0.0439881
0.326715
0.328277
0.0434356
0.0704248
0.0402916
0.0173771
0.0453008
0.0466862
0.0640886
0.111672
0.120669
0.108241
0.195184
0.0692322
0.0310873
0.153809
0.132751
0.209204
0.229202
0.229202
0.159842
0.135473
0.229202
0.157112
0.137222
0.180562
0.109297
0.151485
0.149339
0.0779403
0.0856874
0.149233
0.137807
0.111791
0.0713574
0.0912908
0.163523
0.171636
0.155822
0.229202
0.145677
0.183956
0.1724
0.229202
0.229202
0.191168
0.206154
0.103898
0.127172
0.13464
0.229202
0.141802
0.160765
0.0766301
0.156873
0.166508
0.102434
0.0722745
0.20383
0.200785
0.107279
0.0912436
0.0542218
0.0875883
0.0976754
0.0528779
0.063542
0.0856282
0.152218
0.238087
0.243724
0.243724
0.231694
0.225887
0.112092
0.113742
0.214271
0.243724
0.137624
0.201965
0.243724
0.243724
0.20329
0.146721
0.118812
0.160651
0.16917
0.159697
0.110152
0.0605442
0.128866
0.169459
0.0702111
0.0930299
0.12278
0.18021
0.101133
0.0930825
0.0479163
0.0939119
0.124611
0.0337366
0.0470663
0.117778
0.0705271
0.162656
0.252977
0.252977
0.252977
0.252977
0.203224
0.197416
0.251646
0.233687
0.140978
0.135627
0.100313
0.249174
0.252977
0.252977
0.131406
0.162292
0.147754
0.209231
0.162766
0.105956
0.155753
0.25234
0.0499274
0.0876632
0.134762
0.0783145
0.0741683
0.0995639
0.118557
0.07169
0.159078
0.0514628
0.0657571
0.108147
0.0924902
0.231611
0.257725
0.146579
0.257725
0.257725
0.257725
0.257725
0.257725
0.224362
0.257725
0.0817516
0.115285
0.119394
0.208902
0.04631
0.0858479
0.0552476
0.167631
0.121883
0.135913
0.186204
0.0979277
0.217748
0.0672444
0.0964683
0.161204
0.202466
0.14868
0.217748
0.217748
0.172771
0.217748
0.143294
0.104211
0.146547
0.212438
0.217748
0.149127
0.168949
0.125154
0.217748
0.0742637
0.151768
0.0961945
0.217748
0.158245
0.206983
0.203176
0.189245
0.217748
0.130824
0.151631
0.100017
0.114009
0.0543101
0.0968805
0.0420517
0.0615826
0.0796627
0.0550882
0.0785357
0.0522742
0.0318051
0.322901
0.308499
0.0472335
0.322901
0.322901
0.0393525
0.0664836
0.0403552
0.0265107
0.215298
0.202026
0.0932499
0.0759853
0.155297
0.0584988
0.0652325
0.0952142
0.107716
0.322901
0.322901
0.146591
0.172556
0.322901
0.0399769
0.0315648
0.0827771
0.129246
0.307161
0.295696
0.0373125
0.307699
0.31109
0.0469247
0.0787621
0.0517516
0.0284857
0.0319552
0.0542503
0.0612536
0.110577
0.131607
0.138057
0.225853
0.0908121
0.0258881
0.31109
0.31109
0.189887
0.154847
0.31109
0.0298918
0.0428225
0.110768
0.201244
0.00970787
0.0308943
0.121496
0.189375
0.179151
0.065476
0.0411243
0.0212696
0.0340932
0.0649705
0.0557347
0.0668384
0.129814
0.157106
0.170123
0.251615
0.159168
0.138091
0.139053
0.241738
0.259914
0.259914
0.259914
0.115841
0.148861
0.132211
0.259914
0.024386
0.0326689
0.162629
0.245775
0.259914
0.0672982
0.0623281
0.0560621
0.0658177
0.0292914
0.0550318
0.0636447
0.259914
0.259914
0.254651
0.109368
0.0820898
0.102025
0.137355
0.19967
0.24475
0.24475
0.24475
0.108934
0.115184
0.173718
0.24475
0.0839062
0.146771
0.24475
0.24475
0.202254
0.115667
0.111953
0.118568
0.125712
0.0394425
0.0822118
0.0800864
0.24475
0.24475
0.231805
0.130061
0.114534
0.127363
0.0208959
0.107603
0.136841
0.188309
0.24475
0.104118
0.141434
0.0910945
0.0388397
0.0917455
0.205158
0.228218
0.228218
0.228218
0.143555
0.147722
0.162493
0.160201
0.0814079
0.0967783
0.089328
0.179464
0.183284
0.0943613
0.088414
0.131599
0.0965896
0.031214
0.185898
0.21976
0.228218
0.228218
0.164006
0.215524
0.121691
0.0520872
0.06192
0.228218
0.203679
0.228218
0.158644
0.192287
0.204648
0.168073
0.0705874
0.109382
0.151304
0.103957
0.221073
0.227652
0.119685
0.127002
0.138003
0.115713
0.100197
0.0488188
0.0515939
0.0646012
0.126197
0.0347934
0.0483151
0.0492655
0.090778
0.112812
0.241464
0.241464
0.241464
0.241464
0.241464
0.241464
0.188676
0.116321
0.127108
0.241464
0.100112
0.241464
0.241464
0.221829
0.0863703
0.148536
0.223258
0.165369
0.0998553
0.0871533
0.0709696
0.179923
0.0615099
0.0859238
0.0622432
0.155362
0.0691439
0.0962195
0.0991061
0.101456
0.121928
0.0889103
0.0838706
0.0479537
0.0567237
0.225394
0.30088
0.169993
0.30088
0.30088
0.30088
0.100341
0.211304
0.30088
0.0660701
0.119716
0.0626452
0.169504
0.30088
0.129864
0.058144
0.138727
0.201461
0.213928
0.20085
0.127145
0.0871184
0.16697
0.0594257
0.0707737
0.0863856
0.0984372
0.274575
0.274575
0.173909
0.18987
0.274575
0.0454657
0.0444546
0.0710316
0.121611
0.274575
0.274575
0.199838
0.169767
0.274575
0.0268626
0.0171902
0.0364946
0.123231
0.115246
0.274575
0.180023
0.0883705
0.16483
0.164457
0.139733
0.0534538
0.0475972
0.298819
0.298819
0.298819
0.232238
0.298819
0.0554118
0.0805639
0.128785
0.23236
0.00878191
0.0520819
0.171016
0.257897
0.26715
0.0926194
0.0610682
0.0365675
0.0386184
0.100356
0.297557
0.28306
0.12825
0.120778
0.192646
0.142912
0.0700644
0.0721792
0.00736871
0.00907647
0.125682
0.0878994
0.0806962
0.109159
0.0611362
0.0185745
0.010486
0.0225629
0.046768
0.206339
0.337499
0.349396
0.108736
0.107938
0.113065
0.100937
0.0293727
0.0618906
0.0867016
0.349396
0.349396
0.349396
0.198465
0.159251
0.177388
0.00890573
0.0168479
0.157254
0.122015
0.11185
0.113504
0.0495686
0.0275153
0.013867
0.0537215
0.148612
0.157044
0.222663
0.166706
0.0385878
0.0138774
0.011953
0.00576997
0.0384899
0.114672
0.139089
0.311625
0.311625
0.311625
0.238989
0.22224
0.227443
0.0189461
0.177228
0.21597
0.311625
0.311625
0.147331
0.228265
0.119391
0.057055
0.0479531
0.121998
0.145392
0.190926
0.142834
0.029463
0.0179718
0.0181452
0.00387502
0.038689
0.0434264
0.0436601
0.157062
0.140938
0.0627094
0.0395519
0.0157253
0.0150353
0.0293151
0.247289
0.247289
0.247289
0.247289
0.1831
0.247289
0.126749
0.0673945
0.0661755
0.247289
0.247289
0.247289
0.247289
0.179586
0.247289
0.247289
0.0852846
0.041215
0.0449346
0.0536195
0.16308
0.155483
0.0740523
0.0622023
0.0275809
0.0167289
0.00976682
0.0847716
0.11417
0.10989
0.17704
0.234572
0.156072
0.131275
0.0180964
0.0961467
0.220636
0.233354
0.233354
0.233354
0.199259
0.217875
0.224206
0.111134
0.094904
0.192738
0.105691
0.233354
0.233354
0.197443
0.0891268
0.144526
0.18634
0.00800208
0.0709242
0.0946132
0.105573
0.166528
0.220871
0.158051
0.0995873
0.0200818
0.0250324
0.135829
0.144743
0.185097
0.16953
0.233354
0.233354
0.0894051
0.056673
0.125678
0.179356
0.118835
0.238478
0.238478
0.223337
0.0766009
0.104662
0.238478
0.0345878
0.0941188
0.0743763
0.124153
0.174428
0.118086
0.0699544
0.0876638
0.117372
0.031333
0.138084
0.173678
0.224126
0.227668
0.238478
0.238478
0.0870592
0.0646156
0.119825
0.182867
0.231201
0.238478
0.238478
0.219695
0.141224
0.0843312
0.175444
0.305655
0.305655
0.248991
0.213515
0.305655
0.0226803
0.0181634
0.0350241
0.103621
0.0941551
0.277234
0.240994
0.120418
0.170636
0.134295
0.104427
0.0442643
0.0517721
0.305655
0.187435
0.0171875
0.305655
0.305655
0.0407557
0.0302569
0.0428838
0.0640216
0.0797051
0.0624871
0.0330337
0.0720421
0.166098
0.0581871
0.0574441
0.0460545
0.0343865
0.130535
0.284082
0.284082
0.284082
0.248263
0.284082
0.237604
0.131747
0.105788
0.0115215
0.0173863
0.284082
0.19461
0.178259
0.220164
0.129267
0.0840335
0.0295911
0.0352656
0.0982242
0.0800131
0.0957671
0.126055
0.151587
0.133953
0.113667
0.0774323
0.00998885
0.00308156
0.0177297
0.0923475
0.234038
0.213205
0.132611
0.208263
0.131425
0.0132033
0.0327865
0.244986
0.244575
0.214425
0.2441
0.125065
0.129837
0.0408363
0.110109
0.215492
0.244986
0.244986
0.244986
0.0824205
0.0537294
0.0578956
0.0601868
0.011573
0.00454991
0.0222462
0.123414
0.244986
0.244986
0.144593
0.244986
0.166945
0.0487753
0.0710365
0.0549553
0.128244
0.244986
0.244986
0.164762
0.22481
0.120796
0.127288
0.234743
0.254465
0.254465
0.254465
0.0759959
0.0494203
0.0544037
0.0433217
0.126037
0.142619
0.172422
0.254465
0.254465
0.111684
0.0790819
0.0346442
0.0318418
0.0552182
0.100763
0.0807712
0.134477
0.254465
0.254465
0.161074
0.249664
0.0919401
0.0552376
0.139929
0.229496
0.254465
0.254465
0.14806
0.0929015
0.0635339
0.0392917
0.121205
0.153527
0.168831
0.257031
0.257031
0.113491
0.078644
0.0437373
0.0255066
0.0118486
0.0978117
0.182161
0.17093
0.257031
0.257031
0.257031
0.257031
0.0275919
0.060936
0.148241
0.246535
0.257031
0.257031
0.131783
0.0596814
0.0543336
0.0329017
0.024298
0.159425
0.257031
0.257031
0.177839
0.0748098
0.0460493
0.0339683
0.0122805
0.00614037
0.0825551
0.130858
0.153959
0.243564
0.243564
0.240825
0.213487
0.0264584
0.0370872
0.208758
0.243564
0.243564
0.243564
0.243564
0.243564
0.120526
0.0639094
0.0171739
0.110442
0.243564
0.243564
0.146672
0.0661274
0.0381503
0.0327524
0.0157577
0.0240138
0.0604598
0.0693011
0.107353
0.243564
0.224327
0.235772
0.150494
0.0311746
0.029981
0.162913
0.211722
0.225376
0.225376
0.225376
0.225376
0.0742144
0.0357651
0.127773
0.218138
0.225376
0.225376
0.225376
0.225376
0.223249
0.163192
0.185538
0.0331115
0.0515303
0.0544506
0.117528
0.225376
0.133564
0.142031
0.0987043
0.0235761
0.0869958
0.123658
0.0925639
0.131818
0.191463
0.213583
0.225376
0.148867
0.126958
0.357875
0.134567
0.032362
0.357875
0.357875
0.0346313
0.0312421
0.0437158
0.0414379
0.0689121
0.0490861
0.0290199
0.0800208
0.176964
0.0309843
0.0283657
0.0454404
0.0403994
0.284602
0.203376
0.249002
0.357875
0.357875
0.0489021
0.0340736
0.0547949
0.0600157
0.0181515
0.0165077
0.0159947
0.111368
0.245345
0.119177
0.025999
0.0222677
0.0116871
0.0482994
0.136275
0.092328
0.112032
0.163337
0.127797
0.116667
0.162414
0.102603
0.0141904
0.0163416
0.0202673
0.113187
0.288307
0.288307
0.196702
0.288307
0.151496
0.0275317
0.0554519
0.0600379
0.281906
0.288307
0.288307
0.0643534
0.0690116
0.0392099
0.00916496
0.038734
0.0753562
0.288307
0.288307
0.288307
0.109162
0.0831227
0.0274446
0.0111617
0.0136132
0.0158316
0.10089
0.263783
0.270803
0.159568
0.267728
0.117146
0.0427783
0.0239015
0.0332752
0.0656315
0.275452
0.248947
0.171921
0.213632
0.147322
0.00841185
0.0331899
0.0640848
0.275452
0.275452
0.275452
0.0827766
0.0565977
0.0305073
0.0197444
0.0493801
0.0478875
0.275452
0.275452
0.275452
0.0757664
0.0781473
0.0666276
0.0675393
0.0818861
0.0617874
0.088207
0.26578
0.26578
0.155989
0.209131
0.116851
0.0718373
0.156566
0.24152
0.26578
0.26578
0.117493
0.071567
0.0719061
0.0480694
0.0187488
0.0288403
0.0483751
0.26578
0.26578
0.26578
0.0748091
0.0838845
0.0828259
0.0181654
0.012556
0.0141786
0.201345
0.26578
0.26578
0.214808
0.155151
0.103864
0.117373
0.243386
0.258823
0.258823
0.258823
0.147165
0.0599765
0.0789758
0.0552188
0.0278415
0.140732
0.258823
0.258823
0.216471
0.0807603
0.0564588
0.0412593
0.0226164
0.0197055
0.00344929
0.025429
0.258823
0.258823
0.258823
0.211008
0.148703
0.134043
0.00560781
0.028532
0.21663
0.130949
0.196106
0.220848
0.16496
0.106667
0.027775
0.0274866
0.138827
0.253333
0.253333
0.221417
0.106276
0.0624249
0.0485093
0.0311629
0.0413081
0.112806
0.154747
0.209651
0.253333
0.253333
0.253333
0.168108
0.0481966
0.0110527
0.0310036
0.241499
0.175661
0.184008
0.246387
0.160392
0.0730303
0.034591
0.0395431
0.0654248
0.253333
0.253333
0.253333
0.213648
0.115308
0.0554556
0.0339373
0.0432733
0.0749324
0.109633
0.196512
0.243135
0.150125
0.14605
0.106524
0.0296879
0.103889
0.154218
0.126119
0.174542
0.234267
0.243135
0.243135
0.243135
0.141203
0.0286536
0.0562767
0.243135
0.220749
0.243135
0.140688
0.0569172
0.0213392
0.017635
0.0262674
0.0478692
0.203983
0.243135
0.243135
0.243135
0.192445
0.166808
0.109594
0.258587
0.234312
0.178345
0.336402
0.336402
0.0333142
0.0329914
0.0576566
0.0533744
0.0106794
0.0161031
0.0174545
0.0957283
0.217284
0.075502
0.0233961
0.0245478
0.0135588
0.336402
0.336402
0.172863
0.231485
0.336402
0.0500823
0.0513097
0.151016
0.213975
0.00654502
0.0166811
0.0634341
0.080438
0.176914
0.0811864
0.0366484
0.0264596
0.0136432
0.0278022
0.0475874
0.0548611
0.232541
0.284465
0.23477
0.0669051
0.0765798
0.0396378
0.0142001
0.0469035
0.0745506
0.284465
0.284465
0.253043
0.129858
0.0893396
0.0168121
0.0193983
0.0395147
0.199687
0.264087
0.284465
0.264948
0.0964969
0.0764538
0.043151
0.0451651
0.0438342
0.0897689
0.263357
0.284465
0.284465
0.0843264
0.0479741
0.0254595
0.013576
0.0438567
0.0731695
0.281119
0.291666
0.263382
0.109808
0.0655079
0.0221286
0.0232599
0.0613732
0.0667789
0.223226
0.291666
0.291666
0.101014
0.111845
0.0971252
0.0314727
0.0276898
0.0753316
0.272234
0.291666
0.252174
0.057184
0.0532279
0.0261467
0.0126772
0.0582676
0.0638533
0.210523
0.291666
0.291666
0.112071
0.0897655
0.040635
0.0251641
0.0382925
0.071644
0.224578
0.284642
0.284642
0.0924374
0.106239
0.125318
0.0221901
0.0230698
0.0415926
0.180677
0.284642
0.284642
0.157044
0.141544
0.122724
0.0103265
0.041256
0.0685949
0.235455
0.284642
0.284642
0.074263
0.0918682
0.0515891
0.00726481
0.0215755
0.106039
0.253469
0.284642
0.226609
0.177576
0.0765619
0.034158
0.0271413
0.012717
0.0413798
0.214661
0.260922
0.260922
0.148319
0.138565
0.152793
0.00831281
0.0212905
0.197617
0.147897
0.195722
0.260922
0.191279
0.105599
0.0295134
0.0288072
0.026907
0.0962546
0.260922
0.260922
0.258997
0.135418
0.0741909
0.0494619
0.0356068
0.0563865
0.0665584
0.225756
0.260922
0.260922
0.260922
0.16551
0.0483277
0.0140418
0.0243177
0.203729
0.17395
0.174863
0.250031
0.166444
0.0783015
0.0304288
0.026461
0.0466669
0.269717
0.273769
0.273769
0.191986
0.0930298
0.0356866
0.0336522
0.0526481
0.0574755
0.0486695
0.197977
0.273769
0.273769
0.226766
0.149788
0.0649785
0.00920018
0.00932641
0.0163166
0.07922
0.273769
0.273769
0.239279
0.160818
0.103933
0.0259441
0.0520237
0.25804
0.25804
0.25804
0.158551
0.0623417
0.0188746
0.0227489
0.0265352
0.0571825
0.226064
0.25804
0.25804
0.25804
0.25804
0.246482
0.145223
0.0094185
0.0104259
0.0285735
0.0681727
0.25804
0.25804
0.143506
0.141656
0.112409
0.0459611
0.0524982
0.199758
0.198733
0.214975
0.164821
0.0702639
0.0555263
0.0769074
0.296121
0.296121
0.187289
0.230632
0.296121
0.0466646
0.0327254
0.149158
0.236513
0.00640533
0.0147564
0.056321
0.0833739
0.197627
0.0709342
0.0402517
0.0249867
0.0169126
0.296121
0.296121
0.156577
0.296121
0.296121
0.100708
0.0401054
0.119907
0.199192
0.00806982
0.0143781
0.0404083
0.089492
0.215463
0.10806
0.031765
0.0084814
0.00806162
0.017267
0.0378195
0.143848
0.246141
0.318793
0.215402
0.101536
0.069502
0.0539533
0.0312925
0.03509
0.0734093
0.207551
0.318793
0.219419
0.105058
0.0580271
0.030099
0.0301153
0.0480663
0.102638
0.25606
0.318793
0.318793
0.0725786
0.031153
0.0368262
0.0189941
0.0403345
0.0736896
0.28595
0.318793
0.211838
0.08274
0.0422852
0.0256806
0.0257399
0.0341818
0.0732455
0.217502
0.344234
0.215429
0.0851344
0.0644916
0.0316132
0.0275262
0.0634328
0.0825716
0.170592
0.344234
0.225739
0.0761408
0.0855297
0.052348
0.0251906
0.0537306
0.0825391
0.292293
0.344234
0.202839
0.103213
0.0530877
0.0335569
0.0356427
0.0344317
0.0763745
0.29557
0.344234
0.220268
0.0612833
0.0518769
0.0552619
0.02636
0.048166
0.08013
0.185417
0.336036
0.225829
0.0492159
0.0782418
0.0625108
0.0134577
0.0365449
0.10726
0.257784
0.336036
0.208672
0.122653
0.0353474
0.0343351
0.0475204
0.0455538
0.0821403
0.283649
0.336036
0.218986
0.075382
0.0421054
0.0520017
0.0392907
0.0545846
0.0417397
0.247995
0.336036
0.246389
0.12992
0.045203
0.0592837
0.0263483
0.0291751
0.0775756
0.24621
0.312519
0.20051
0.0832848
0.0378403
0.0429924
0.0216859
0.0293771
0.0431817
0.198248
0.312519
0.312519
0.240039
0.127965
0.0388063
0.0362102
0.0424959
0.0392722
0.251703
0.312519
0.206922
0.109165
0.0427922
0.0372112
0.0507134
0.081213
0.0445518
0.270187
0.312519
0.236049
0.0801097
0.0371743
0.0377041
0.0293396
0.0254879
0.0272007
0.152279
0.318026
0.298456
0.176364
0.108655
0.037971
0.00744773
0.0041731
0.00909801
0.0568992
0.318026
0.252186
0.133985
0.119635
0.0624811
0.0395966
0.0422666
0.0505887
0.27413
0.318026
0.173874
0.0717445
0.03906
0.0385234
0.0605672
0.0302541
0.0428117
0.265969
0.318026
0.318026
0.0933388
0.0707957
0.148125
0.0105413
0.00663363
0.0138013
0.0642998
0.300222
0.280012
0.125936
0.130675
0.0854099
0.0377265
0.0534558
0.224632
0.233212
0.150265
0.160703
0.0722397
0.0576225
0.0769705
0.0768648
0.038139
0.0809604
0.300222
0.300222
0.300222
0.125498
0.06835
0.163353
0.0539624
0.0428444
0.0975127
0.172815
0.300222
0.300222
0.201866
0.118127
0.0651084
0.289029
0.289029
0.289029
0.289029
0.289029
0.150073
0.0566214
0.210098
0.289029
0.00692826
0.0134442
0.0368129
0.138414
0.289029
0.149293
0.0455329
0.0139889
0.0162738
0.0629297
0.0822061
0.0741165
0.20015
0.289029
0.152101
0.0538904
0.0105849
0.00923023
0.00472933
0.0117272
0.0440337
0.187079
0.289029
0.0988773
0.0527462
0.0218266
0.00935242
0.016359
0.0379023
0.0666423
0.248235
0.308887
0.290195
0.0680528
0.0297451
0.0469058
0.0102507
0.0315635
0.0629161
0.270639
0.308887
0.210366
0.111998
0.0466481
0.0224461
0.0090507
0.0318614
0.09661
0.282217
0.308887
0.232232
0.0910586
0.0337969
0.0214896
0.0132738
0.0350458
0.0964756
0.234335
0.308887
0.308887
0.0732337
0.0161306
0.0176824
0.0195879
0.0499763
0.0743864
0.267748
0.331439
0.215356
0.121762
0.0533729
0.0292331
0.0476232
0.0366081
0.0786638
0.267181
0.331439
0.152572
0.045749
0.0426627
0.0503571
0.0150671
0.0278047
0.10731
0.253191
0.331439
0.325986
0.0648245
0.0202435
0.0295152
0.0143104
0.0329811
0.0733176
0.263467
0.331439
0.194568
0.043567
0.0159192
0.0145071
0.0548608
0.0428126
0.069568
0.245811
0.33845
0.165463
0.0550417
0.0346021
0.0489452
0.0321332
0.0648123
0.0466885
0.289222
0.33845
0.205715
0.0846891
0.0352872
0.0344921
0.0173272
0.0289967
0.0653422
0.287055
0.33845
0.191876
0.0522667
0.0222714
0.0175469
0.0110236
0.0215732
0.043707
0.25511
0.33845
0.293953
0.0853633
0.0673866
0.0271302
0.0296948
0.0515271
0.044996
0.291139
0.351311
0.192813
0.0705155
0.0366195
0.0287152
0.0287378
0.0416215
0.0356174
0.269465
0.351311
0.223969
0.0510165
0.035861
0.035563
0.0133102
0.0240277
0.0418064
0.236728
0.351311
0.272557
0.0727568
0.0589633
0.0218353
0.0284839
0.0530586
0.0542563
0.132305
0.351311
0.260097
0.0679541
0.0266054
0.0283549
0.0236734
0.0206748
0.0427842
0.263781
0.351913
0.193688
0.046235
0.0423395
0.0355324
0.0452865
0.0217575
0.0406311
0.232749
0.351913
0.278018
0.0884364
0.079337
0.103679
0.0246832
0.0380328
0.0523808
0.135959
0.351913
0.224879
0.0388004
0.0252728
0.0254191
0.0204092
0.0299232
0.0796804
0.201689
0.351913
0.315666
0.0575015
0.017287
0.0279595
0.052577
0.0250508
0.0588814
0.262478
0.291363
0.291363
0.112031
0.0621394
0.0974672
0.0395153
0.0267822
0.0595449
0.127327
0.291363
0.291363
0.188875
0.120211
0.0777901
0.0226336
0.0358116
0.101793
0.226039
0.291363
0.291363
0.0525379
0.0237843
0.0298518
0.0180867
0.0314401
0.079219
0.223255
0.291363
0.289142
0.0991845
0.0798172
0.0341116
0.026535
0.0645096
0.166505
0.31517
0.31517
0.276179
0.0914905
0.0223419
0.0220773
0.00624332
0.0135985
0.0642892
0.315087
0.31517
0.187909
0.0874167
0.0484645
0.0149089
0.0171729
0.0100923
0.0228953
0.299295
0.31517
0.181907
0.049254
0.00811627
0.005829
0.0146341
0.0117093
0.074777
0.249713
0.31517
0.180179
0.0454567
0.0549436
0.0631962
0.00711035
0.0219244
0.0952092
0.293844
0.324036
0.2469
0.0887826
0.0416555
0.0186642
0.0150641
0.0397525
0.0884116
0.226663
0.324036
0.324036
0.0922081
0.0151463
0.00949778
0.0268392
0.0137611
0.0776635
0.25849
0.324036
0.208121
0.0637698
0.0484831
0.0455875
0.0237483
0.0321349
0.0231373
0.241024
0.324036
0.221811
0.0439741
0.0143992
0.0343735
0.016094
0.0266993
0.0972
0.247025
0.328531
0.328531
0.0771919
0.0186794
0.0199548
0.019259
0.0407154
0.0621092
0.252464
0.328531
0.197138
0.0678487
0.0307588
0.0203952
0.0191003
0.0354765
0.0306857
0.220566
0.328531
0.245721
0.057946
0.0116861
0.0278168
0.0151758
0.0856328
0.0707267
0.263041
0.328531
0.241925
0.0780349
0.0600185
0.0436033
0.0208464
0.0342905
0.0594927
0.291254
0.31401
0.207041
0.0691271
0.0356223
0.0281631
0.0138754
0.0473681
0.0687867
0.274626
0.31401
0.232053
0.0561468
0.0720193
0.0237909
0.0116891
0.0914195
0.0786837
0.213074
0.31401
0.294372
0.0648548
0.0435658
0.0371088
0.00710291
0.028013
0.0634305
0.248758
0.31401
0.31401
0.0214106
0.0213152
0.00937561
0.0160495
0.0485577
0.0665114
0.249502
0.350154
0.224629
0.0455609
0.057576
0.0245311
0.0167468
0.0397797
0.0581688
0.1733
0.350154
0.272775
0.0394057
0.0210735
0.0212024
0.00638276
0.0296329
0.0589909
0.229031
0.350154
0.307411
0.0178531
0.0166307
0.00774892
0.00946376
0.0193002
0.045524
0.2784
0.350154
0.186933
0.054111
0.0343334
0.0243479
0.0160453
0.031553
0.0509495
0.166502
0.364987
0.245787
0.0208544
0.0205582
0.0189765
0.00892197
0.0207481
0.0549496
0.210432
0.364987
0.309476
0.0615084
0.0147294
0.0124361
0.0100469
0.0246353
0.0538676
0.233788
0.364987
0.173094
0.0493048
0.0352153
0.0196251
0.0136351
0.0258091
0.0288745
0.142308
0.364987
0.333019
0.0308001
0.00781896
0.00793991
0.0130924
0.0231678
0.064147
0.225858
0.335447
0.325301
0.0569764
0.0244407
0.0157661
0.0140006
0.0244532
0.0538841
0.218949
0.335447
0.244008
0.0946467
0.0817624
0.0436264
0.0151143
0.0269863
0.0376113
0.140658
0.335447
0.294968
0.0304033
0.011988
0.0104631
0.0061636
0.0122292
0.0294824
0.174964
0.335447
0.327969
0.0745614
0.0141419
0.00998349
0.0191633
0.00859826
0.0233832
0.312045
0.336067
0.177449
0.0351942
0.0126972
0.0167151
0.0134516
0.0167503
0.0892925
0.230822
0.336067
0.223065
0.0484081
0.0492936
0.0446208
0.000738707
0.00203594
0.00655187
0.25875
0.336067
0.302859
0.0185302
0.0118515
0.0144135
0.00110336
0.00848908
0.0243747
0.276611
0.336067
0.24529
0.0267531
0.0292883
0.0117147
0.0239783
0.0169674
0.0876445
0.243062
0.345651
0.226493
0.0588046
0.0421643
0.0311682
0.0205967
0.030703
0.0147667
0.243255
0.345651
0.229555
0.0295879
0.0135901
0.0263625
0.00425339
0.0148296
0.0249526
0.264044
0.345651
0.292978
0.0317073
0.0279256
0.00822954
0.0132148
0.0309302
0.0334437
0.275134
0.345651
0.208767
0.0326134
0.0169639
0.0246821
0.0157724
0.0284716
0.0210039
0.223218
0.344064
0.252768
0.0408348
0.0113798
0.0217377
0.0162245
0.0784306
0.081954
0.214293
0.344064
0.271176
0.0906031
0.116854
0.0847359
0.0109063
0.0343045
0.0276916
0.244231
0.344064
0.231256
0.0339749
0.0151413
0.015182
0.0212174
0.0472813
0.060156
0.227151
0.344064
0.203459
0.0586555
0.118604
0.117255
0.0176477
0.0764737
0.0770354
0.188412
0.32165
0.301284
0.0720025
0.0656174
0.0504168
0.0309627
0.050329
0.0606335
0.235057
0.32165
0.279796
0.0130877
0.0297644
0.02075
0.0243841
0.032496
0.0463519
0.265391
0.32165
0.199725
0.0524199
0.0675342
0.0634487
0.0446573
0.0424852
0.0257102
0.314679
0.32165
0.248382
0.0333511
0.0352454
0.0242129
0.0354122
0.0526025
0.0548364
0.256314
0.339021
0.287428
0.0123156
0.0123093
0.00929518
0.0062158
0.0141798
0.0348431
0.247934
0.339021
0.191819
0.0302681
0.0250729
0.0210431
0.053226
0.041972
0.0324026
0.339021
0.339021
0.228565
0.041484
0.0128031
0.00202741
0.00217228
0.00625706
0.0226663
0.250805
0.339021
0.208273
0.0243999
0.0226721
0.0128143
0.00871627
0.021841
0.0479989
0.274305
0.344083
0.217994
0.0385792
0.030373
0.0183752
0.0125235
0.0251308
0.0207597
0.220868
0.344083
0.295132
0.038457
0.00578218
0.00881435
0.0045747
0.00973258
0.0357959
0.266052
0.344083
0.232404
0.0333709
0.0193651
0.00824662
0.00519716
0.0115238
0.0346086
0.241433
0.344083
0.262949
0.0521167
0.00768145
0.00699345
0.0164973
0.0241366
0.0229146
0.224232
0.355093
0.26854
0.0366187
0.0103816
0.0116767
0.00742653
0.0104457
0.0202692
0.21373
0.355093
0.292599
0.0767285
0.0132741
0.0119504
0.00797009
0.0132599
0.0340669
0.226813
0.355093
0.247915
0.0535133
0.00755038
0.00689827
0.0115312
0.03149
0.0298358
0.244589
0.355093
0.219163
0.0620094
0.0320929
0.0134556
0.000459027
0.00591679
0.0212259
0.27885
0.331263
0.311422
0.0171871
0.0197424
0.0261517
0.000204675
0.0181657
0.0571042
0.299134
0.331263
0.29829
0.0254435
0.0171817
0.00309489
0.0138865
0.0229236
0.032002
0.229623
0.331263
0.243414
0.072943
0.0346673
0.0205027
0.00167916
0.0125321
0.0639389
0.204487
0.331263
0.168354
0.0778311
0.0179921
0.00363622
0.00123711
0.0202384
0.0564867
0.292386
0.335231
0.314716
0.0243965
0.0154759
0.00239049
0.00723009
0.0139202
0.0252577
0.302626
0.335231
0.242811
0.0271227
0.012398
0.0155998
0.000936015
0.0159463
0.070629
0.211496
0.335231
0.185624
0.0586346
0.0179547
0.00201892
0.00915198
0.0322509
0.0442971
0.25849
0.335231
0.21881
0.0525998
0.0121159
0.00749323
0.00655716
0.0159192
0.0236339
0.289203
0.327664
0.264625
0.0286957
0.0110031
0.0103554
0.0189205
0.0348245
0.0919244
0.253024
0.327664
0.259693
0.0718808
0.183342
0.175744
0.00954643
0.0339389
0.0461273
0.23508
0.327664
0.234547
0.0461686
0.0136862
0.00626811
0.0123735
0.0187931
0.0297825
0.248929
0.327664
0.148469
0.0370191
0.0254163
0.0200721
0.0310275
0.0299001
0.0676286
0.303164
0.336608
0.266148
0.0663752
0.0931355
0.0852356
0.0680215
0.0590155
0.0373467
0.336608
0.336608
0.316103
0.0419775
0.0471904
0.0384297
0.0132745
0.015045
0.0340885
0.21666
0.336608
0.143487
0.03507
0.0218828
0.0169248
0.0139717
0.0111904
0.0488938
0.164872
0.336608
0.158532
0.0504898
0.0198819
0.00253936
0.0841752
0.0641044
0.0351347
0.343658
0.343658
0.310752
0.047925
0.0115692
0.00276253
0.00282125
0.0067627
0.0222407
0.251024
0.343658
0.246894
0.0343368
0.0251114
0.0135083
0.0161072
0.00961889
0.0457331
0.179743
0.343658
0.189639
0.0500202
0.0155342
0.00360556
0.00348634
0.0346835
0.0261069
0.180756
0.343658
0.229155
0.103086
0.0180314
0.00684057
0.00658185
0.0102368
0.0332376
0.304697
0.318709
0.29601
0.0411455
0.0235771
0.00889321
0.0084015
0.0177258
0.0527281
0.318709
0.318709
0.232335
0.0383452
0.00590939
0.0094758
0.00485141
0.0281026
0.0211953
0.238748
0.318709
0.266386
0.110045
0.0204444
0.00991634
0.0120678
0.0365017
0.0446984
0.243689
0.318709
0.198191
0.0708047
0.0163883
0.00828426
0.011839
0.0171809
0.0472682
0.338983
0.338983
0.210422
0.036925
0.00662926
0.00884648
0.011227
0.0206294
0.0259223
0.298649
0.338983
0.219118
0.0567745
0.0311987
0.0169963
0.00865866
0.0222662
0.0450843
0.252893
0.338983
0.197789
0.0719554
0.0119305
0.00774319
0.00391803
0.0211818
0.0388125
0.281401
0.338983
0.187263
0.0781393
0.0227205
0.0141419
0.0148617
0.0316686
0.0615295
0.296677
0.296677
0.2965
0.0837662
0.0413014
0.0196293
0.00648998
0.0159089
0.0823027
0.24106
0.296677
0.231816
0.0857386
0.0163018
0.00461172
0.00267563
0.0203027
0.117426
0.296677
0.296677
0.27028
0.0642438
0.0213022
0.00856912
0.0198285
0.0144306
0.0891234
0.224021
0.296677
0.296677
0.0641035
0.0227384
0.00500647
0.00559557
0.0169566
0.0961121
0.285132
0.310501
0.242543
0.0694741
0.0196206
0.00289615
0.0165183
0.0253547
0.0540572
0.310501
0.310501
0.269704
0.0782248
0.0172017
0.00980308
0.0227687
0.017393
0.0876107
0.22619
0.310501
0.310501
0.0676343
0.0273268
0.0189885
0.049118
0.0536015
0.0714102
0.224792
0.310501
0.223528
0.0551144
0.0406057
0.0513118
0.0191386
0.0298086
0.0630081
0.294119
0.294119
0.294119
0.0770903
0.0189487
0.00974145
0.0132659
0.014516
0.0620857
0.294119
0.294119
0.267639
0.0774923
0.0415673
0.0246827
0.042297
0.0450157
0.0588844
0.272809
0.294119
0.212353
0.0719134
0.0420072
0.0625836
0.0118077
0.0222455
0.065469
0.260774
0.294119
0.290914
0.0371244
0.044447
0.00766301
0.0192546
0.0198558
0.0680669
0.292663
0.312462
0.284667
0.0722736
0.0346974
0.0205571
0.0236293
0.0210252
0.0777103
0.19546
0.312462
0.255297
0.0967966
0.0371879
0.00654347
0.0073084
0.0173184
0.0583979
0.276948
0.312462
0.300657
0.0496984
0.0389705
0.0066458
0.00712639
0.0169474
0.064382
0.158743
0.312462
0.312059
0.0831456
0.0211948
0.0015528
0.0245221
0.0188464
0.0644011
0.228851
0.306913
0.272741
0.0779097
0.0315564
0.00752391
0.00728426
0.0567933
0.0487227
0.286539
0.306913
0.306913
0.119228
0.0268075
0.0099298
0.00815464
0.0232259
0.0666575
0.144348
0.306913
0.306913
0.0844037
0.0210766
0.0031547
0.00520805
0.024144
0.0476525
0.306913
0.306913
0.231793
0.0931901
0.00825288
0.00554068
0.00789077
0.0376446
0.0343598
0.304166
0.304166
0.284294
0.0974113
0.0257342
0.0112373
0.0123043
0.0356588
0.0542152
0.304166
0.304166
0.210457
0.06579
0.0145539
0.0117485
0.00559798
0.0269252
0.0540895
0.280622
0.304166
0.241427
0.0853751
0.00715851
0.00781548
0.00540437
0.0176303
0.0334014
0.232854
0.304166
0.304166
0.0380524
0.00611071
0.00289825
0.0120774
0.0246762
0.0524501
0.312546
0.312546
0.204456
0.0674103
0.0101261
0.0100472
0.00266652
0.0163946
0.044757
0.312051
0.312546
0.237591
0.0835841
0.0197883
0.0106182
0.00566288
0.0160425
0.053004
0.226317
0.312546
0.27007
0.0411347
0.00739371
0.00567802
0.00849686
0.00743977
0.0561673
0.26687
0.312546
0.304358
0.020864
0.0283224
0.0227074
0.00223771
0.021084
0.11871
0.287342
0.287342
0.287342
0.0609167
0.0169061
0.00642068
0.0208642
0.0139554
0.073524
0.222774
0.287342
0.287342
0.0687425
0.0234075
0.0064896
0.0109247
0.0279989
0.155289
0.287342
0.287342
0.287342
0.0675331
0.0603842
0.00801725
0.00464385
0.00932622
0.0465973
0.287342
0.287342
0.238882
0.0434607
0.0146421
0.00720599
0.0267418
0.0188075
0.0686334
0.247825
0.307805
0.307805
0.084095
0.0298433
0.018422
0.0606535
0.0539109
0.0805388
0.232293
0.307805
0.265031
0.0841874
0.0462448
0.0541468
0.0065037
0.0181675
0.0521285
0.307805
0.307805
0.273791
0.063429
0.0207561
0.0130097
0.00484065
0.0324396
0.0454962
0.216693
0.307805
0.26613
0.0484781
0.0247033
0.00665569
0.0555567
0.0471261
0.0640685
0.2876
0.292976
0.269943
0.110936
0.0492182
0.0638171
0.0135381
0.0344064
0.094049
0.265215
0.292976
0.292976
0.0732138
0.0588479
0.0073739
0.00380668
0.0328171
0.0617066
0.254733
0.292976
0.283421
0.0645209
0.0310617
0.0104506
0.00507486
0.0277958
0.0708579
0.240997
0.292976
0.276419
0.0321026
0.0241429
0.0180491
0.00896252
0.0254684
0.0825907
0.282113
0.291736
0.291736
0.07285
0.0508779
0.00634604
0.0121607
0.0327976
0.0936518
0.194563
0.291736
0.291736
0.0792827
0.0292524
0.00654022
0.00487171
0.0225672
0.0930312
0.237074
0.291736
0.291736
0.0367957
0.0161175
0.0132251
0.00511139
0.0300238
0.119065
0.261737
0.291736
0.291736
0.127963
0.0417484
0.0102028
0.0112585
0.0329284
0.089349
0.18249
0.299759
0.299759
0.0669383
0.02941
0.00868782
0.00494409
0.0244943
0.0549508
0.299759
0.299759
0.269787
0.0699404
0.00865151
0.00664918
0.00650194
0.033241
0.102031
0.218523
0.299759
0.299759
0.10273
0.0230742
0.00753527
0.0235615
0.0386806
0.0668536
0.258306
0.299759
0.299759
0.0808424
0.0384266
0.00953737
0.00339179
0.02251
0.0501257
0.303895
0.303895
0.277903
0.0584383
0.00673106
0.00926879
0.00203498
0.0130805
0.0276171
0.245106
0.303895
0.303895
0.0421803
0.00975724
0.0033408
0.0129418
0.0274027
0.0367057
0.221313
0.303895
0.277499
0.068485
0.0318647
0.00950302
0.0119405
0.0195214
0.0332785
0.303895
0.303895
0.254586
0.0767804
0.0208929
0.00223218
0.00402646
0.0168678
0.038991
0.239022
0.295516
0.295516
0.0487629
0.0102021
0.0065531
0.00714595
0.00984345
0.0525773
0.293575
0.295516
0.295516
0.0336057
0.0235535
0.0184319
0.00503006
0.0198896
0.0329165
0.295516
0.295516
0.236467
0.0865023
0.0271919
0.00287943
0.00219665
0.015593
0.0537878
0.295516
0.295516
0.276443
0.0542004
0.0231654
0.00867256
0.0145125
0.0201674
0.111143
0.274813
0.290395
0.290395
0.0616587
0.0415243
0.0106253
0.00474053
0.0102899
0.0342925
0.264934
0.290395
0.246605
0.0512439
0.0148471
0.0109981
0.0288768
0.0112347
0.0607683
0.290395
0.290395
0.290395
0.0970623
0.0445383
0.0637297
0.0183829
0.0341552
0.120618
0.290395
0.290395
0.235078
0.0367747
0.0314502
0.0467237
0.00838881
0.0177803
0.0393697
0.271008
0.295051
0.273031
0.0707596
0.0153689
0.0144871
0.00490944
0.0245873
0.0464949
0.215255
0.295051
0.295051
0.0638474
0.0144976
0.00334003
0.0155866
0.0466532
0.129144
0.253311
0.295051
0.295051
0.0325281
0.0326732
0.0200322
0.00613083
0.059852
0.0426862
0.295051
0.295051
0.295051
0.0552273
0.0210225
0.00559393
0.00479392
0.0224695
0.050902
0.253445
0.294554
0.294554
0.0803336
0.0197441
0.00366563
0.0055688
0.0357065
0.0651568
0.233186
0.294554
0.270705
0.0524064
0.0227628
0.0155886
0.0099434
0.0476929
0.026911
0.281023
0.294554
0.294554
0.0501692
0.0227845
0.0020797
0.00158235
0.0451271
0.0661249
0.294554
0.294554
0.294554
0.0579121
0.00980787
0.00133102
0.00591202
0.0274371
0.0896417
0.258145
0.286578
0.286578
0.0520404
0.0182498
0.0113941
0.00722038
0.042091
0.143652
0.286578
0.286578
0.280482
0.0961619
0.0346825
0.01534
0.00220528
0.0305301
0.0641492
0.286578
0.286578
0.286578
0.0611125
0.0163491
0.00224777
0.00386643
0.0141764
0.0573548
0.286578
0.286578
0.224251
0.0848274
0.0183697
0.00474938
0.00774593
0.0382239
0.127932
0.259866
0.282086
0.282086
0.0699862
0.0168273
0.0117481
0.0113325
0.0200471
0.0901001
0.282086
0.282086
0.282086
0.0719873
0.029716
0.00503483
0.00376742
0.0103841
0.0623306
0.282086
0.282086
0.254457
0.0910986
0.0144807
0.00218155
0.0105759
0.0115441
0.0833098
0.282086
0.282086
0.282086
0.072854
0.0924971
0.0219344
0.0066098
0.0147509
0.0610437
0.239466
0.288193
0.288193
0.0588329
0.02216
0.00602882
0.00672323
0.0149145
0.03611
0.273701
0.288193
0.288193
0.0701962
0.0256313
0.00373958
0.00641206
0.00715981
0.0850021
0.288193
0.288193
0.274712
0.0669737
0.0451493
0.0127435
0.00270011
0.0130706
0.0562411
0.288193
0.288193
0.288193
0.06671
0.0431494
0.0773072
0.00342849
0.0225348
0.0266747
0.266878
0.284724
0.259653
0.080877
0.0301035
0.00479734
0.00115768
0.0197083
0.0458274
0.284724
0.284724
0.27889
0.0714978
0.0194254
0.0072979
0.0101982
0.00809605
0.0471793
0.284724
0.284724
0.284724
0.0711384
0.0224764
0.0505383
0.114353
0.0184318
0.0830134
0.284724
0.284724
0.284724
0.0675111
0.0255921
0.0346069
