0.125849
0.209518
0.187321
0.26737
0.26737
0.161314
0.0530296
0.0336576
0.0785033
0.0974538
0.101552
0.162247
0.26737
0.26737
0.177308
0.0859299
0.141353
0.0540818
0.0210395
0.088255
0.223024
0.26737
0.26737
0.198168
0.0468187
0.0293859
0.0142808
0.0320324
0.129666
0.21301
0.26737
0.26737
0.148622
0.0294466
0.048899
0.0150671
0.120723
0.166465
0.212581
0.269923
0.269923
0.205628
0.0893563
0.118826
0.101393
0.0732917
0.119351
0.13394
0.183158
0.207264
0.219905
0.0878933
0.109647
0.0811265
0.0490248
0.147144
0.269923
0.269923
0.269923
0.187224
0.0386218
0.0354578
0.00980798
0.0254066
0.090432
0.171934
0.269923
0.269923
0.184145
0.0598077
0.0317972
0.0162718
0.0824543
0.15549
0.153424
0.221572
0.259976
0.243105
0.112604
0.0734468
0.0756586
0.00804761
0.034158
0.0799859
0.189578
0.281748
0.281748
0.220333
0.11911
0.0289102
0.0264084
0.0908179
0.150545
0.281748
0.281748
0.237017
0.0867749
0.0336021
0.00821088
0.00147487
0.0196817
0.105306
0.281748
0.281748
0.193005
0.122298
0.0471707
0.00708453
0.0129828
0.0388562
0.0742861
0.207854
0.279985
0.266434
0.224287
0.0775705
0.0468384
0.0284606
0.0722937
0.12475
0.279985
0.279985
0.242479
0.129285
0.0555845
0.0580637
0.000479645
0.0182526
0.0776204
0.279985
0.279985
0.220131
0.100007
0.0460794
0.00475655
0.0112652
0.0654531
0.0723436
0.279985
0.279985
0.279985
0.0985741
0.0374812
0.0408025
0.0385696
0.0881674
0.124933
0.249905
0.249905
0.205225
0.110815
0.0346791
0.0854531
0.124873
0.194077
0.174778
0.242702
0.249905
0.173037
0.0726516
0.0497058
0.0549566
0.0183775
0.0687762
0.0785986
0.249905
0.249905
0.249905
0.0764242
0.0474771
0.0281254
0.0397879
0.0478431
0.0516712
0.1771
0.23363
0.249905
0.249905
0.241713
0.241121
0.136991
0.223268
0.240472
0.240472
0.240472
0.190836
0.0738553
0.04591
0.0568505
0.0907347
0.166041
0.170307
0.221732
0.240472
0.0705626
0.0493412
0.0443881
0.0522651
0.0621796
0.0884395
0.0787297
0.240472
0.240472
0.240472
0.240472
0.240472
0.193775
0.0540542
0.125803
0.0867494
0.137546
0.231395
0.171317
0.128294
0.152758
0.119709
0.0878919
0.158762
0.238053
0.238053
0.238053
0.133446
0.0721357
0.0773041
0.0732423
0.0816357
0.203984
0.176829
0.223782
0.238053
0.12085
0.118884
0.133165
0.06193
0.0821625
0.171364
0.134363
0.206116
0.238053
0.223826
0.153243
0.166302
0.107235
0.0492724
0.220323
0.172093
0.174087
0.238053
0.0955895
0.173596
0.196597
0.120698
0.0166549
0.0508672
0.164443
0.328649
0.328649
0.221889
0.0222541
0.012892
0.000181261
0.0257713
0.081544
0.138765
0.268847
0.328649
0.146289
0.0229763
0.0460751
0.0210565
0.0464879
0.0856382
0.119141
0.328649
0.328649
0.136032
0.0197166
0.00796663
0.0213418
0.0138521
0.0392729
0.0753108
0.199498
0.328649
0.233425
0.0435426
0.0438059
0.0135925
0.037481
0.0917443
0.16228
0.321147
0.324989
0.156849
0.0336683
0.0329429
0.0127392
0.027207
0.0746632
0.108427
0.261097
0.312637
0.109239
0.0487327
0.0293745
0.0155523
0.0302611
0.0406494
0.0883388
0.259995
0.324989
0.239369
0.0575201
0.0268577
0.00939504
0.036283
0.0163417
0.0557382
0.295788
0.324989
0.288611
0.0403866
0.0297126
0.00985498
0.0301452
0.0808847
0.097874
0.280551
0.321389
0.142435
0.0705294
0.0278817
0.00628681
0.00146882
0.0215728
0.0840549
0.280537
0.321389
0.139522
0.0839676
0.0378978
0.00626362
0.0546365
0.0156912
0.0649325
0.321389
0.321389
0.321389
0.0714763
0.0318244
0.00971309
0.0108773
0.0143007
0.044355
0.150963
0.321389
0.321389
0.0355786
0.0297524
0.00510982
0.000622718
0.0263289
0.0787409
0.301494
0.301494
0.187588
0.0921781
0.0402463
0.00441258
0.00437906
0.0347288
0.0475942
0.272152
0.301494
0.256765
0.110208
0.0563867
0.0252178
0.0116466
0.0138794
0.0382917
0.20366
0.301494
0.301494
0.0532518
0.0481133
0.00896583
0.00382913
0.0151001
0.0565458
0.291045
0.301494
0.301494
0.116843
0.0249338
0.0334939
0.0115506
0.0469354
0.060457
0.267706
0.267706
0.267706
0.100175
0.0535098
0.0226096
0.0313799
0.0328598
0.0386282
0.170846
0.237894
0.262515
0.237551
0.20466
0.193704
0.00489172
0.0159076
0.063109
0.267706
0.267706
0.267706
0.135506
0.028504
0.0302936
0.0304912
0.0148172
0.0214895
0.197
0.267706
0.267706
0.134299
0.0980454
0.144069
0.0503963
0.0696095
0.0672873
0.261012
0.261012
0.261012
0.261012
0.221504
0.177532
0.0561048
0.100035
0.0713364
0.125502
0.207094
0.143139
0.136317
0.156992
0.116963
0.032609
0.0251169
0.0348531
0.261012
0.261012
0.261012
0.176441
0.133026
0.15825
0.0355245
0.0591937
0.0924718
0.185957
0.221056
0.236264
0.136033
0.129855
0.107725
0.0975174
0.15386
0.123638
0.191192
0.224169
0.199968
0.195708
0.1765
0.127969
0.0864449
0.224169
0.176061
0.149573
0.224169
0.0925487
0.160826
0.173412
0.123061
0.0410137
0.0836637
0.124517
0.224169
0.224169
0.224169
0.210345
0.204165
0.163073
0.0581262
0.0753804
0.132939
0.224169
0.224169
0.200347
0.150052
0.117096
0.0827636
0.0581184
0.0979274
0.137127
0.342232
0.342232
0.166986
0.0204954
0.0110067
0.0225668
0.021618
0.043346
0.0735644
0.259529
0.342232
0.23054
0.0435039
0.0445033
0.0160895
0.10077
0.0886334
0.115274
0.254997
0.342232
0.0971541
0.0433605
0.0283671
0.0926536
0.0784751
0.0864977
0.105823
0.252462
0.342232
0.106775
0.042993
0.0157199
0.0467448
0.0372847
0.0472684
0.0757546
0.301514
0.33437
0.235334
0.054798
0.0311393
0.0131244
0.0373726
0.0345141
0.0611695
0.330349
0.33437
0.22084
0.0385992
0.0297785
0.0268748
0.102502
0.112427
0.117983
0.268291
0.33437
0.0886892
0.073826
0.0255499
0.0209176
0.0163314
0.0438383
0.0486056
0.276587
0.33437
0.135803
0.0130399
0.0219307
0.0453825
0.056074
0.0409818
0.0704054
0.326078
0.326078
0.26024
0.0586003
0.0272563
0.0221664
0.0102831
0.017754
0.0572139
0.148363
0.326078
0.326078
0.0326914
0.0213527
0.00942469
0.0247822
0.0438481
0.0489773
0.316306
0.326078
0.135956
0.0259453
0.0293835
0.0498551
0.0136639
0.0176596
0.0309733
0.326078
0.326078
0.12767
0.0221357
0.0135955
0.01724
0.0171778
0.023376
0.046225
0.18158
0.324472
0.324472
0.0534887
0.030446
0.00814473
0.00502974
0.0183457
0.0396308
0.209989
0.324472
0.324472
0.109804
0.0333198
0.036399
0.0263571
0.0309626
0.031773
0.324472
0.324472
0.164841
0.0418167
0.0203445
0.0165788
0.0114853
0.0419258
0.0507278
0.324472
0.324472
0.128868
0.0576712
0.0208578
0.0177247
0.0079345
0.0175003
0.0420891
0.237126
0.312493
0.312493
0.131381
0.0325125
0.0354297
0.0280124
0.0141924
0.0221226
0.136906
0.312493
0.312493
0.141983
0.0976252
0.122552
0.0160957
0.041478
0.0447797
0.312493
0.312493
0.168234
0.0687503
0.0269833
0.0181825
0.0102814
0.0196931
0.0341679
0.312493
0.312493
0.179858
0.0512707
0.0270386
0.0217571
0.0337515
0.020686
0.0397726
0.200187
0.313037
0.313037
0.194982
0.129335
0.155934
0.0374787
0.0556939
0.0796634
0.154806
0.165419
0.17424
0.14302
0.10643
0.102903
0.0120531
0.0165949
0.0426112
0.313037
0.313037
0.265416
0.0907471
0.0687338
0.0501578
0.0358183
0.0553852
0.0554298
0.171812
0.28395
0.313037
0.131319
0.124107
0.120292
0.0582209
0.0873583
0.115065
0.218741
0.237387
0.230783
0.237387
0.162394
0.174379
0.0727015
0.0901292
0.126134
0.237387
0.224359
0.147626
0.150836
0.115478
0.0885016
0.0483672
0.0591534
0.0938537
0.237387
0.237387
0.237387
0.237387
0.23445
0.210934
0.0469376
0.14581
0.16284
0.155909
0.17007
0.187702
0.138455
0.0745441
0.0271284
0.109482
0.105564
0.154449
0.30728
0.30728
0.120948
0.0495173
0.0369994
0.0740486
0.0827379
0.106079
0.137421
0.30728
0.30728
0.135947
0.0430791
0.0190046
0.0408015
0.0253605
0.0907901
0.21921
0.30728
0.30728
0.13903
0.0232625
0.0346808
0.0364117
0.0266344
0.0510821
0.125413
0.30728
0.30728
0.0951452
0.0407713
0.0360993
0.0629785
0.0932521
0.120424
0.149357
0.311011
0.311011
0.124011
0.0695655
0.0326731
0.0266638
0.0195608
0.0641357
0.0787726
0.311011
0.311011
0.131747
0.0225594
0.0366433
0.0769332
0.0269074
0.0556072
0.113916
0.311011
0.311011
0.082815
0.0515023
0.034636
0.0456552
0.00785837
0.0575693
0.14763
0.311011
0.311011
0.242476
0.0900342
0.0306906
0.0156923
0.029251
0.0620599
0.0752143
0.263503
0.328518
0.126605
0.0297323
0.039452
0.0688684
0.0180447
0.023192
0.057951
0.328518
0.328518
0.108868
0.0307473
0.0164679
0.0261315
0.00438872
0.0531087
0.108304
0.313429
0.328518
0.20619
0.0833216
0.0323837
0.0106621
0.0206011
0.0494617
0.0594173
0.243365
0.328518
0.328518
0.0284472
0.0389797
0.00950134
0.0345072
0.0398825
0.0532783
0.270078
0.347144
0.130608
0.0484608
0.017394
0.018129
0.0141789
0.0517831
0.0466778
0.259737
0.347144
0.103165
0.059053
0.0266637
0.0228897
0.0119602
0.0280263
0.041177
0.2361
0.347144
0.330211
0.0305159
0.0387985
0.00714742
0.0100788
0.0432825
0.0464625
0.188181
0.347144
0.347144
0.0375642
0.0106205
0.000495403
0.021264
0.0526797
0.0436403
0.245802
0.348075
0.146357
0.0815551
0.0340177
0.0232071
0.0185522
0.028238
0.0359605
0.273878
0.348075
0.157968
0.0717165
0.0387984
0.0223132
0.00667998
0.0361027
0.0430618
0.180783
0.348075
0.348075
0.0420126
0.0128038
0
0.0217577
0.0156062
0.0475498
0.129001
0.348075
0.348075
0.0884569
0.0497005
0.021769
0.0226195
0.0244139
0.0436963
0.311392
0.311392
0.213803
0.0975021
0.0664235
0.044114
0.0449004
0.0466499
0.0523497
0.15245
0.229389
0.240564
0.108438
0.1043
0.0911048
0.0351269
0.0201155
0.0578461
0.148766
0.311392
0.311392
0.131579
0.0770069
0.072789
0.126061
0.0400326
0.0888999
0.07535
0.311392
0.302588
0.185855
0.177991
0.185653
0.0640078
0.0539338
0.0841736
0.211902
0.25257
0.25257
0.187622
0.186919
0.173256
0.0476604
0.108474
0.130545
0.154215
0.154371
0.129654
0.121578
0.0808666
0.0325431
0.185806
0.0453965
0.116399
0.092643
0.25257
0.25257
0.25257
0.25257
0.25257
0.0708824
0.117999
0.120437
0.205678
0.213728
0.173193
0.198837
0.143162
0.079027
0.0090339
0.0652443
0.161254
0.314008
0.314008
0.152602
0.050141
0.0372601
0.0119835
0.0184189
0.0522447
0.108895
0.314008
0.314008
0.17003
0.0375826
0.0371008
0.0407316
0.0134577
0.0284373
0.0635456
0.314008
0.314008
0.175262
0.0608651
0.0373054
0.0171952
0.0598218
0.0325101
0.0873304
0.314008
0.314008
0.218549
0.0288549
0.0205231
0.0530782
0.0127291
0.0581297
0.114006
0.328222
0.328222
0.170462
0.0524918
0.0489831
0.0370559
0.00987415
0.0457374
0.0993602
0.194811
0.328222
0.230798
0.0633567
0.0326018
0.0264592
0.0387802
0.0446451
0.0942834
0.328222
0.328222
0.177768
0.0349036
0.0365998
0.039177
0.0262925
0.0361212
0.0714032
0.328222
0.328222
0.15528
0.0478441
0.019125
0.0526366
0.00653976
0.0453852
0.0853846
0.195861
0.353094
0.226796
0.0623877
0.0369839
0.0166071
0.0241321
0.0468355
0.0644122
0.163908
0.353094
0.224555
0.0330026
0.0396238
0.0130635
0.0164724
0.0408113
0.0664692
0.297506
0.353094
0.169773
0.0518389
0.0227659
0.0289174
0.026915
0.0159402
0.0532083
0.233741
0.353094
0.347572
0.0417102
0.0251323
0.0131742
0.017465
0.0315346
0.0542588
0.16103
0.343289
0.20184
0.034647
0.0387538
0.00732805
0.0116501
0.0517343
0.0458713
0.125821
0.343289
0.250203
0.0439184
0.0161944
0.00395061
0.0236516
0.0176641
0.0432603
0.23183
0.343289
0.343289
0.0418435
0.0209962
0.00354718
0.00537424
0.0175733
0.0676366
0.293754
0.343289
0.309361
0.0598828
0.0457395
0.0161097
0.0104708
0.0477341
0.0452854
0.121506
0.338719
0.276201
0.0518534
0.0185909
0.00429785
0.0355147
0.0357206
0.0503375
0.0773751
0.338719
0.236983
0.0915634
0.0820235
0.0539752
0.00483607
0.0207956
0.0715696
0.296438
0.338719
0.318897
0.050942
0.0503678
0.0221514
0.0263531
0.0341254
0.0612782
0.269194
0.338719
0.255273
0.0498732
0.0509759
0.090496
0.0563464
0.0404193
0.0588382
0.0889264
0.319722
0.285582
0.117843
0.100652
0.101492
0.159577
0.0605721
0.0614164
0.0856571
0.319722
0.218706
0.140757
0.156649
0.223054
0.0382008
0.0362713
0.0743855
0.291849
0.319722
0.304894
0.0645214
0.0666567
0.0841402
0.0703604
0.0628258
0.0750756
0.150683
0.319722
0.118023
0.0662177
0.0774356
0.11488
0.215141
0.0638897
0.0797996
0.103323
0.260979
0.260979
0.239946
0.246593
0.260979
0.0769759
0.107122
0.0963021
0.173671
0.224782
0.14136
0.132731
0.126242
0.0991538
0.0904754
0.0728283
0.102219
0.226816
0.260979
0.190911
0.118058
0.113394
0.153174
0.0542712
0.0890743
0.179469
0.260979
0.260979
0.116176
0.083948
0.0543004
0.078386
0.0129572
0.0307762
0.0579788
0.285995
0.319797
0.229941
0.082678
0.0393123
0.016391
0.0568691
0.0420682
0.0736432
0.238838
0.319797
0.311677
0.0357298
0.0281683
0.0472481
0.0104529
0.0348137
0.0158756
0.319797
0.319797
0.144831
0.0262284
0.00480286
0.00679165
0.0128123
0.0218873
0.0330016
0.319797
0.319797
0.209231
0.0273549
0.00863936
0.00580385
0.0404418
0.055951
0.0909976
0.259999
0.339447
0.308354
0.0488732
0.0541018
0.0386053
0.0263576
0.0333757
0.0472187
0.210726
0.339447
0.188186
0.0234304
0.0182859
0.0543282
0.0203037
0.0259028
0.0388073
0.339447
0.339447
0.213473
0.0235376
0.0148001
0.0133987
0.0160414
0.02859
0.0298698
0.299975
0.339447
0.106552
0.0276725
0.0177999
0.0123629
0.0191296
0.0396104
0.0554227
0.225969
0.364045
0.218847
0.0303598
0.0258284
0.0329061
0.0356788
0.0259131
0.0397809
0.202758
0.364045
0.187074
0.0436984
0.0293218
0.0168113
0.023234
0.0311704
0.036491
0.352383
0.364045
0.0942435
0.0461644
0.0185969
0.0125169
0.026254
0.0659363
0.0421205
0.343224
0.364045
0.128196
0.0262778
0.0118046
0.0124781
0.0371624
0.0317899
0.0402079
0.226905
0.343695
0.229606
0.0454978
0.0270104
0.00429027
0.00826183
0.0354914
0.0793094
0.297526
0.343695
0.212841
0.0658667
0.0484112
0.0196154
0.0350519
0.0592712
0.0437022
0.343695
0.343695
0.12429
0.0531046
0.0261065
0.0137594
0.0199664
0.0373699
0.0730816
0.297776
0.343695
0.14769
0.0714503
0.033747
0.0133
0.00891185
0.0412512
0.0832068
0.296746
0.316318
0.199178
0.0543555
0.046864
0.0239858
0.0416636
0.0601967
0.101867
0.316318
0.316318
0.210476
0.057089
0.0896535
0.128815
0.0144505
0.0311946
0.0723246
0.316318
0.316318
0.150461
0.0732458
0.0499926
0.016186
0.0208945
0.0215698
0.0792158
0.272584
0.316318
0.194876
0.0701261
0.0557482
0.0700718
0.0650054
0.0672219
0.112507
0.314603
0.314603
0.245281
0.0695054
0.0962536
0.124887
0.114475
0.0939986
0.0703348
0.189589
0.314603
0.137891
0.0865124
0.0891562
0.187943
0.0196879
0.0271745
0.0749742
0.314603
0.314603
0.263052
0.0875946
0.09861
0.0889846
0.0186537
0.00717613
0.0412557
0.105228
0.197222
0.137004
0.160216
0.196627
0.15759
0.142133
0.10706
0.117373
0.258626
0.258626
0.215803
0.136814
0.112661
0.245679
0.0640733
0.107938
0.197091
0.258626
0.258626
0.129661
0.090447
0.0669416
0.110024
0.0284936
0.015128
0.039454
0.145792
0.258626
0.202453
0.258626
0.258626
0.250644
0.0238399
0.0477864
0.180417
0.140325
0.157339
0.110727
0.097546
0.109003
0.103251
0.0205901
0.0756598
0.0385786
0.330771
0.330771
0.281876
0.0430003
0.01848
0.0266909
0.0235105
0.035387
0.0508982
0.330771
0.330771
0.330771
0.0529771
0.0350934
0.0147609
0.00945137
0.0449883
0.0989914
0.247972
0.330771
0.141082
0.0818559
0.0694174
0.0243323
0.0146049
0.0459709
0.0709772
0.184654
0.281146
0.0913056
0.052441
0.0668756
0.0584619
0.0298027
0.0334265
0.0509067
0.347422
0.347422
0.330495
0.0408641
0.0387683
0.0266734
0.0233823
0.0369106
0.0458356
0.309658
0.347422
0.154769
0.0270439
0.0197673
0.0185431
0.0214644
0.0500501
0.0620553
0.210093
0.347422
0.121281
0.0389224
0.0553541
0.0533425
0.0182563
0.03002
0.0665416
0.205688
0.347422
0.132994
0.0514766
0.0263598
0.10664
0.027363
0.0379789
0.0528594
0.365282
0.389569
0.139495
0.0439467
0.0233466
0.0202217
0.0322187
0.0706409
0.0467237
0.389569
0.389569
0.100303
0.0406115
0.0219313
0.0210216
0.0245393
0.049295
0.0670993
0.278387
0.389569
0.176119
0.0596807
0.0327293
0.0914911
0.0559717
0.0975493
0.0391915
0.0812604
0.216756
0.0473623
0.0695382
0.0541398
0.0670958
0.0549902
0.0932634
0.0689045
0.389421
0.389421
0.122607
0.0901111
0.0557763
0.0345027
0.0274676
0.0673719
0.13037
0.389421
0.389421
0.218791
0.129545
0.0633638
0.0259985
0.0925258
0.155596
0.065511
0.124687
0.295751
0.0568036
0.116625
0.099545
0.0907077
0.0405642
0.116425
0.0988023
0.0894777
0.177075
0.0489301
0.095892
0.0661284
0.0502008
0.0241366
0.0771843
0.14227
0.352934
0.352934
0.206214
0.131669
0.0884452
0.0333843
0.034266
0.0468683
0.230601
0.352934
0.352934
0.352934
0.10239
0.123143
0.152585
0.0594916
0.14037
0.112921
0.0946069
0.132042
0.0666994
0.0970068
0.0700407
0.0552868
0.0787714
0.0592882
0.0930116
0.103187
0.126287
0.142328
0.0823382
0.100458
0.0991765
0.0317525
0.0531762
0.17533
0.285086
0.285086
0.285086
0.111188
0.135388
0.146412
0.036069
0.00990078
0.0611672
0.190527
0.237199
0.214477
0.251808
0.265631
0.27257
0.0949455
0.0712257
0.0691142
0.0846279
0.10803
0.133993
0.10935
0.150769
0.114948
0.113987
0.0120505
0.0144062
0.0266466
0.0291902
0.0409947
0.186598
0.285086
0.285086
0.0471048
0.0153507
0.0609578
0.235216
0.256933
0.256933
0.256933
0.256933
0.256933
0.0251026
0.0551297
0.211863
0.200273
0.20112
0.112998
0.137723
0.157302
0.127186
0.112654
0.017428
0.0115481
0.0296212
0.0612181
0.0686782
0.256933
0.256933
0.256933
0.0780814
0.0563469
0.100589
0.192011
0.195616
0.083443
0.0676695
0.215814
0.183039
0.0247608
0.0782554
0.150492
0.253277
0.253277
0.196498
0.118603
0.103883
0.0628359
0.0977478
0.0593331
0.103828
0.201914
0.253277
0.15873
0.204856
0.253277
0.253277
0.0724169
0.102023
0.103256
0.171956
0.14945
0.0792819
0.0648626
0.129844
0.0791519
0.165355
0.0716161
0.0850102
0.211992
0.253277
0.192088
0.157626
0.253277
0.253277
0.041003
0.0577562
0.0877727
0.132479
0.298437
0.144303
0.118627
0.152787
0.114291
0.067635
0.189293
0.201333
0.190261
0.298437
0.153661
0.106459
0.0873701
0.101367
0.0571234
0.0744003
0.0838885
0.147018
0.298437
0.166491
0.105269
0.142733
0.170258
0.0723909
0.256843
0.164164
0.239849
0.298437
0.251162
0.106935
0.101368
0.0779895
0.062918
0.236073
0.248938
0.240908
0.353276
0.237347
0.154404
0.1138
0.0611161
0.0387065
0.0668493
0.0380774
0.0906241
0.221308
0.0483726
0.0598833
0.0514608
0.0627557
0.0571775
0.299285
0.211519
0.31011
0.353276
0.313931
0.156791
0.120724
0.0336036
0.035533
0.048488
0.0468465
0.0587803
0.0731999
0.0688481
0.0381997
0.03502
0.0456229
0.127126
0.232535
0.131507
0.232535
0.232535
0.142795
0.189916
0.189765
0.174378
0.0946853
0.21859
0.155304
0.157129
0.232535
0.0947742
0.168089
0.12726
0.0930125
0.104196
0.169822
0.158559
0.188839
0.232535
0.179882
0.140825
0.100366
0.117828
0.174854
0.205222
0.121836
0.121413
0.174995
0.195881
0.180316
0.13734
0.0798714
0.112414
0.207443
0.176022
0.153455
0.189466
0.116744
0.162258
0.14401
0.105781
0.107237
0.109563
0.183846
0.188975
0.193888
0.207443
0.118671
0.207443
0.207443
0.162994
0.207443
0.178169
0.141546
0.204054
0.207443
0.172889
0.148865
0.0792193
0.136825
0.17504
0.163465
0.207443
0.129747
0.16223
0.179599
0.173109
0.139145
0.107852
0.107632
0.136748
0.150811
0.135691
0.185906
0.156977
0.242445
0.189223
0.156872
0.0227615
0.016209
0.0492523
0.0463131
0.0547374
0.294995
0.303159
0.303159
0.127967
0.148115
0.142035
0.172741
0.123395
0.107119
0.127685
0.20162
0.168649
0.164399
0.00538332
0.0131974
0.0476304
0.0362362
0.0479656
0.204947
0.303159
0.303159
0.133931
0.0191968
0.0142949
0.0492246
0.0654957
0.0816709
0.291248
0.291248
0.291248
0.0869232
0.0739454
0.104155
0.211054
0.228676
0.103186
0.102692
0.245231
0.189499
0.170021
0.0116443
0.0080854
0.0539229
0.079686
0.0601755
0.191628
0.291248
0.291248
0.0962449
0.0880971
0.0988937
0.101945
0.160802
0.168125
0.228753
0.197855
0.211013
0.0453648
0.0627717
0.0569544
0.180982
0.206046
0.0882151
0.051554
0.0778568
0.0510219
0.161817
0.0472507
0.050298
0.189957
0.289956
0.22426
0.185407
0.289956
0.289956
0.0174159
0.0422854
0.0584342
0.289956
0.289956
0.264309
0.0710585
0.0735495
0.048866
0.0597456
0.0856735
0.0478754
0.252238
0.289956
0.244914
0.0922326
0.060358
0.0559127
0.068277
0.0752579
0.0974068
0.160901
0.294241
0.229508
0.163925
0.191713
0.194465
0.100605
0.294241
0.258931
0.268209
0.294241
0.246068
0.144057
0.13996
0.0890707
0.040764
0.0784346
0.0541651
0.169716
0.294241
0.13496
0.0546232
0.0325063
0.0266189
0.0236771
0.0570494
0.058032
0.15642
0.294241
0.106621
0.031855
0.0394918
0.0354949
0.0866142
0.333592
0.333592
0.333592
0.333592
0.333592
0.223613
0.172159
0.0247929
0.0255007
0.0382944
0.0395406
0.0877763
0.149536
0.056296
0.0415004
0.0299199
0.040578
0.0306267
0.0738229
0.0854563
0.168005
0.333592
0.103637
0.0276351
0.0327259
0.0275352
0.0294818
0.0520991
0.0196187
0.162225
0.333592
0.06264
0.0353288
0.0254585
0.0268923
0.0590862
0.0986374
0.0890907
0.175389
0.313128
0.114171
0.0929616
0.0554281
0.0607127
0.0956308
0.121082
0.0656269
0.10504
0.220991
0.179323
0.116722
0.0754057
0.0414153
0.0724731
0.111815
0.0561085
0.338805
0.360357
0.135408
0.0817223
0.0542497
0.0495216
0.0476817
0.0750363
0.0401764
0.314989
0.360357
0.360357
0.107275
0.035127
0.057259
0.0776402
0.131891
0.0841235
0.129367
0.233985
0.158854
0.0988749
0.0739941
0.0354173
0.0591483
0.0757994
0.0637635
0.165404
0.276962
0.111952
0.0975353
0.090062
0.0614729
0.0459528
0.0864991
0.0639306
0.364728
0.375835
0.294559
0.101163
0.0470405
0.0560277
0.0499455
0.0650297
0.0633814
0.308805
0.375835
0.219617
0.10931
0.0373457
0.0756624
0.0489453
0.0590036
0.0565841
0.153631
0.224458
0.085724
0.0727903
0.0979699
0.0718844
0.0712167
0.0034937
0.00450295
0.0415052
0.176453
0.113191
0.127609
0.28328
0.324651
0.0428562
0.0681223
0.0607314
0.294554
0.359997
0.218067
0.0931678
0.0484939
0.0634208
0.0361155
0.0119882
0.00907871
0.0851326
0.359997
0.359997
0.202549
0.163244
0.10972
0.0813363
0.00653606
0.00687618
0.0527519
0.185505
0.113218
0.11963
0.249553
0.327661
0.0495695
0.0499119
0.045377
0.0806108
0.204947
0.138172
0.104254
0.0954008
0.0936574
0.0408997
0.0276187
0.0307021
0.106837
0.346833
0.346833
0.189173
0.13711
0.109415
0.0292891
0.0235085
0.050324
0.198424
0.346833
0.346833
0.174499
0.115794
0.0793343
0.013141
0.0537008
0.0653559
0.324062
0.324062
0.324062
0.0835902
0.0700352
0.049602
0.0727242
0.077185
0.0564561
0.324062
0.324062
0.316836
0.109558
0.0457718
0.0563543
0.0484286
0.120906
0.0614824
0.123286
0.197854
0.127412
0.0497286
0.0608835
0.0954
0.0843502
0.105915
0.0516364
0.204853
0.324062
0.137705
0.0521322
0.0311484
0.15463
0.0751443
0.113776
0.112045
0.326609
0.326609
0.302034
0.125023
0.0438548
0.0543136
0.0364396
0.0880115
0.144735
0.325427
0.326609
0.189071
0.0709178
0.0838582
0.0911031
0.0815486
0.143545
0.0685816
0.227604
0.326609
0.175984
0.083377
0.0433482
0.116171
0.0695157
0.0615871
0.0916319
0.164044
0.199626
0.0615284
0.0739459
0.0716566
0.0562857
0.0561093
0.134381
0.223671
0.388813
0.388813
0.21675
0.0764305
0.0790558
0.0745723
0.0598899
0.103173
0.0509439
0.388813
0.388813
0.130079
0.0945237
0.0590991
0.0525774
0.0872568
0.0982486
0.134783
0.178497
0.146074
0.0932474
0.0873054
0.0975034
0.0571418
0.103975
0.113331
0.144923
0.11893
0.123274
0.0808799
0.0490541
0.0622606
0.0771123
0.0768939
0.107073
0.0561551
0.39102
0.391244
0.140344
0.0919421
0.0586418
0.0399184
0.0355343
0.0736786
0.0503586
0.351741
0.391244
0.391244
0.12281
0.0426125
0.0426962
0.0879245
0.109505
0.150665
0.127373
0.130763
0.0937189
0.0594011
0.0671931
0.0691586
0.0677655
0.0886602
0.0594466
0.0990493
0.174908
0.112426
0.073881
0.0803738
0.0648117
0.0333112
0.0732398
0.0570934
0.400713
0.400713
0.324602
0.107951
0.0491136
0.0466228
0.0345732
0.0516259
0.0495748
0.353027
0.400713
0.26143
0.113726
0.0308096
0.0458538
0.0654906
0.0783976
0.0549854
0.11542
0.188551
0.121628
0.0818437
0.072025
0.0707609
0.0620471
0.108272
0.104672
0.13931
0.113977
0.0828467
0.033939
0.0809767
0.0644503
0.0319469
0.0468351
0.0469815
0.389832
0.407495
0.275626
0.114046
0.0447694
0.0528496
0.0409013
0.0119756
0.00707268
0.114822
0.407495
0.407495
0.222403
0.168269
0.12268
0.06153
0.0993723
0.0947976
0.125226
0.105456
0.0883531
0.040708
0.073927
0.0690681
0.0492758
0.0478639
0.019195
0.0692939
0.0737986
0.090337
0.112748
0.151713
0.120116
0.0431656
0.0207911
0.0313236
0.1365
0.376955
0.376955
0.206256
0.14406
0.112526
0.0302287
0.0247378
0.0481974
0.217081
0.376955
0.376955
0.162976
0.123501
0.0849447
0.0446475
0.0508058
0.0207947
0.064734
0.0772401
0.119009
0.0962191
0.127068
0.110894
0.0954846
0.00203177
0.0269432
0.0192675
0.0422598
0.132599
0.118281
0.224054
0.270085
0.0458656
0.130212
0.0744556
0.147343
0.23512
0.133031
0.0491434
0.0662013
0.0608058
0.0899654
0.100781
0.0657529
0.224555
0.329478
0.186072
0.0501483
0.0264874
0.116381
0.0325247
0.0744776
0.0655971
0.257873
0.329478
0.31717
0.0202849
0.0310636
0.0394817
0.0435389
0.0726859
0.113649
0.329478
0.329478
0.329478
0.0361549
0.0166519
0.0208629
0.0834029
0.126073
0.0810488
0.240619
0.325985
0.218372
0.0842713
0.0391458
0.102348
0.062755
0.0608833
0.104367
0.194235
0.231226
0.0962667
0.0877674
0.0644603
0.0556862
0.0383848
0.0649912
0.0976522
0.325985
0.325985
0.325985
0.0625345
0.0324271
0.0172892
0.0529865
0.0245131
0.0627522
0.198403
0.325985
0.325985
0.0683982
0.0396143
0.0297307
0.0730444
0.100352
0.155177
0.198141
0.211172
0.130784
0.1174
0.0870677
0.0600914
0.0948876
0.120088
0.157383
0.15072
0.255751
0.150595
0.0527441
0.0595661
0.0749739
0.0573335
0.0296041
0.0579948
0.203949
0.34144
0.34144
0.110088
0.0483408
0.0440366
0.0424515
0.0487184
0.130096
0.254998
0.34144
0.34144
0.0736979
0.15361
0.128988
0.0827152
0.116637
0.155377
0.140565
0.257591
0.151035
0.0542134
0.0603353
0.0731821
0.0513709
0.0865541
0.0633558
0.12015
0.316985
0.192916
0.0640959
0.0796695
0.0518343
0.037352
0.0711224
0.120419
0.273594
0.316985
0.316985
0.0853815
0.107045
0.105304
0.0561076
0.142673
0.0883002
0.254113
0.316985
0.316985
0.168514
0.0485806
0.0306752
0.0536967
0.0764866
0.0503293
0.153101
0.311555
0.201939
0.0694128
0.0755679
0.07308
0.0428525
0.120676
0.122275
0.204441
0.311555
0.145015
0.0366997
0.0643912
0.0606708
0.061988
0.157079
0.0969541
0.311555
0.311555
0.311555
0.160316
0.0370233
0.0296955
0.063158
0.0502848
0.0821374
0.245768
0.311555
0.250879
0.127322
0.0601054
0.024409
0.0504233
0.110907
0.1175
0.219239
0.30244
0.177443
0.0621301
0.0750697
0.0858275
0.0637106
0.0598293
0.0238489
0.111173
0.30244
0.201077
0.120416
0.179972
0.172331
0.0727256
0.0615798
0.094288
0.245885
0.30244
0.30244
0.124418
0.0460002
0.0293778
0.0233623
0.0551179
0.141785
0.233757
0.30244
0.30244
0.0923308
0.0531237
0.0443375
0.0702553
0.0566501
0.0222844
0.103136
0.267888
0.260606
0.138237
0.173089
0.175714
0.0972531
0.00223285
0.0379697
0.0459186
0.164519
0.267888
0.180342
0.267888
0.267888
0.0212341
0.0714241
0.147283
0.244164
0.267888
0.267888
0.0908329
0.0448387
0.0366834
0.0425694
0.0299032
0.086408
0.224584
0.267888
0.267888
0.115991
0.078677
0.0861639
0.047898
0.0590011
0.0615714
0.238809
0.319037
0.241155
0.0248045
0.04319
0.0272368
0.0523104
0.0673347
0.0992957
0.276235
0.319037
0.319037
0.0322237
0.021316
0.00883846
0.0415427
0.0523339
0.0719484
0.319037
0.319037
0.142439
0.0332267
0.0418376
0.0364709
0.073844
0.0555613
0.0714259
0.319037
0.319037
0.111258
0.044153
0.0423838
0.0254626
0.0412701
0.0493996
0.0778985
0.286204
0.320192
0.320192
0.0490542
0.0290023
0.00832928
0.0297709
0.0274787
0.0418571
0.1755
0.320192
0.320192
0.0616244
0.0247093
0.0264004
0.0713347
0.0566076
0.092308
0.320192
0.320192
0.0860524
0.0308271
0.0310103
0.0192499
0.0407311
0.0256905
0.0479229
0.320192
0.320192
0.0709089
0.0389769
0.0719826
0.0472349
0.0275243
0.0261379
0.0364538
0.159402
0.326118
0.326118
0.0817656
0.0266458
0.0350535
0.0244947
0.0288565
0.0778837
0.195883
0.326118
0.326118
0.0462935
0.0865771
0.073945
0.0432661
0.0246984
0.0566829
0.326118
0.326118
0.0918324
0.0339571
0.0586381
0.0378621
0.0270545
0.0336814
0.0739595
0.325512
0.326118
0.12206
0.0518009
0.0753947
0.0322027
0.0287519
0.0503779
0.0808704
0.214722
0.319051
0.319051
0.0517477
0.0611107
0.0699089
0.0298025
0.0923824
0.0556822
0.240428
0.319051
0.319051
0.103343
0.0260891
0.022048
0.0265872
0.0502407
0.0836253
0.319051
0.319051
0.128354
0.0389469
0.0419154
0.0186187
0.0281248
0.0910397
0.0734925
0.279554
0.319051
0.104265
0.0260129
0.0523461
0.0268407
0.0324551
0.0942075
0.0599018
0.28135
0.336474
0.318178
0.089391
0.0175402
0.0235362
0.0257432
0.027619
0.064179
0.260354
0.336474
0.206188
0.0612388
0.0324041
0.0111224
0.0411883
0.0854448
0.0890748
0.281353
0.336474
0.0794173
0.0204549
0.0331779
0.0194413
0.0645762
0.0366498
0.0518699
0.266074
0.336474
0.187927
0.0379608
0.0381154
0.0459014
0.0271817
0.0288537
0.0642456
0.255086
0.331521
0.265623
0.0596019
0.027351
0.013616
0.0151624
0.0312464
0.0698301
0.247719
0.331521
0.331521
0.0517461
0.0288232
0.0382051
0.0652899
0.0396079
0.0683628
0.280844
0.331521
0.171234
0.0466228
0.0492896
0.0344762
0.0343602
0.043557
0.065033
0.263918
0.331521
0.148426
0.0298532
0.0709072
0.0533398
0.0196759
0.047628
0.0828226
0.294146
0.294672
0.294672
0.0703515
0.032765
0.0387886
0.0166256
0.0201122
0.0574465
0.204934
0.294672
0.294672
0.133417
0.0708249
0.0481013
0.0309705
0.0573412
0.0718223
0.294672
0.294672
0.174084
0.0506332
0.109341
0.0764552
0.038806
0.0232428
0.016506
0.13891
0.201458
0.199045
0.115098
0.267932
0.239601
0.0964477
0.0779923
0.108722
0.303111
0.303111
0.149676
0.0729502
0.0873054
0.0820494
0.0947739
0.100917
0.126501
0.303111
0.303111
0.116633
0.0535472
0.0553607
0.0515431
0.103012
0.145826
0.142525
0.290661
0.303111
0.120188
0.100135
0.181099
0.0735865
0.153667
0.145671
0.143998
0.170998
0.303111
0.0966585
0.0943686
0.0837547
0.0516291
0.0944848
0.11294
0.166428
0.347035
0.347035
0.105248
0.0456211
0.0439927
0.0455673
0.0443304
0.0686575
0.0641591
0.347035
0.347035
0.114422
0.0602045
0.118647
0.0954615
0.175971
0.146623
0.170507
0.201867
0.347035
0.0980323
0.0939536
0.0813326
0.0734757
0.0937366
0.171913
0.0902214
0.15126
0.163208
0.0941484
0.0469936
0.125075
0.0716011
0.047074
0.0690349
0.0825203
0.361204
0.361204
0.155486
0.05316
0.10056
0.0885382
0.0399646
0.0592501
0.114761
0.361204
0.361204
0.191171
0.0863535
0.0936506
0.0395211
0.0981624
0.180832
0.116923
0.210637
0.19226
0.102243
0.0284341
0.126546
0.0907265
0.0509643
0.147602
0.164648
0.186852
0.200951
0.117624
0.0566217
0.153762
0.0803178
0.0487616
0.0822158
0.137991
0.361875
0.361875
0.214018
0.0624026
0.0535695
0.028843
0.0546314
0.129
0.114175
0.361875
0.361875
0.178858
0.0346519
0.0790448
0.0623299
0.0634754
0.15407
0.174623
0.23864
0.194745
0.117492
0.0618322
0.128907
0.0865927
0.0397218
0.0784924
0.152899
0.149056
0.138038
0.156393
0.132368
0.0808064
0.0533358
0.0654607
0.112735
0.137018
0.378535
0.378535
0.139181
0.0257597
0.0530427
0.0501832
0.0711776
0.0435763
0.090758
0.378535
0.378535
0.266134
0.0526325
0.0763761
0.0602502
0.0571458
0.0820779
0.120054
0.161904
0.155727
0.131508
0.113874
0.0633953
0.0487507
0.0392857
0.0338175
0.0519526
0.194379
0.278983
0.123142
0.0668329
0.082168
0.092341
0.0673648
0.0437804
0.12154
0.365281
0.365281
0.257989
0.0615136
0.095137
0.0538024
0.0468165
0.0642371
0.0792331
0.365281
0.365281
0.263391
0.0498369
0.0851437
0.0844489
0.0538132
0.0573394
0.0675167
0.194178
0.297967
0.112223
0.0494578
0.0961628
0.0782755
0.0774306
0.08461
0.0754825
0.11602
0.142435
0.112086
0.0362558
0.117759
0.126247
0.0411906
0.0692086
0.0785792
0.282322
0.282322
0.278874
0.0673407
0.116374
0.0908184
0.0508793
0.019185
0.0137879
0.217152
0.282322
0.282322
0.193535
0.282322
0.282322
0.0640686
0.0939057
0.096108
0.109541
0.140276
0.10943
0.042514
0.141505
0.122969
0.040018
0.0447259
0.0319455
0.03406
0.0623322
0.0872196
0.246459
0.282322
0.238248
0.161019
0.166185
0.181425
0.234262
0.234262
0.092214
0.139134
0.150224
0.133214
0.149897
0.172639
0.203938
0.188321
0.234262
0.0953844
0.0911413
0.0772923
0.0778566
0.178692
0.174983
0.189441
0.234262
0.234262
0.148155
0.0985357
0.125277
0.126968
0.147687
0.15119
0.218784
0.234262
0.234262
0.131491
0.106229
0.112179
0.082695
0.183865
0.202298
0.230662
0.221675
0.230662
0.135343
0.125525
0.103454
0.121729
0.122412
0.210855
0.123117
0.135753
0.20494
0.118103
0.0830701
0.175931
0.10644
0.143035
0.180857
0.205259
0.230662
0.230662
0.214873
0.149727
0.12938
0.111556
0.128456
0.154307
0.170545
0.150458
0.188104
0.103908
0.188783
0.165284
0.106341
0.139248
0.210858
0.147417
0.193519
0.210858
0.162661
0.0798932
0.171178
0.136322
0.0852098
0.199906
0.210858
0.210858
0.210356
0.166221
0.0872809
0.175832
0.121613
0.122368
0.150293
0.148824
0.166907
0.210858
0.151562
0.210858
0.195051
0.119813
0.143555
0.192255
0.109709
0.111097
0.210858
0.210858
0.20172
0.122809
0.1092
0.108207
0.209551
0.216321
0.216321
0.216321
0.181285
0.0899621
0.144617
0.129965
0.0921501
0.135012
0.163359
0.182747
0.17189
0.201607
0.16513
0.109873
0.105174
0.154261
0.200582
0.119344
0.11259
0.216321
0.216321
0.205824
0.155209
0.100508
0.0855259
0.178734
0.113705
0.120402
0.216321
0.216321
0.198186
0.216321
0.101956
0.124128
0.152777
0.15224
0.224996
0.210082
0.207642
0.180986
0.113933
0.105489
0.0526208
0.0552198
0.0818143
0.224996
0.224996
0.141434
0.167365
0.149863
0.139113
0.125231
0.216668
0.142533
0.152698
0.224996
0.224996
0.200536
0.213739
0.080411
0.0645102
0.160697
0.157963
0.224996
0.224996
0.130102
0.224996
0.124194
0.0269291
0.0782874
0.0934594
0.125549
0.231454
0.231454
0.15256
0.145548
0.183509
0.130833
0.118382
0.174432
0.119826
0.185185
0.220383
0.196395
0.108039
0.138547
0.189979
0.106414
0.212518
0.182858
0.231454
0.231454
0.138279
0.219786
0.111072
0.0336409
0.0905711
0.0742246
0.0937981
0.228518
0.197544
0.231454
0.186949
0.114935
0.162295
0.0945648
0.161082
0.129353
0.147973
0.188002
0.171032
0.114115
0.153718
0.146789
0.0674129
0.0452373
0.0356283
0.0512189
0.109914
0.210531
0.254797
0.254797
0.254797
0.102069
0.0729132
0.0742927
0.20668
0.192092
0.212107
0.197765
0.138292
0.185758
0.118076
0.0234115
0.117105
0.0651201
0.106322
0.254797
0.254797
0.254797
0.254797
0.234098
0.170555
0.209747
0.23799
0.23799
0.156337
0.117373
0.0924258
0.166855
0.152664
0.151711
0.214367
0.23799
0.23799
0.149852
0.10619
0.0923134
0.101457
0.109316
0.228796
0.23799
0.159203
0.166338
0.171917
0.107971
0.0414137
0.0571341
0.0981427
0.147534
0.14086
0.183162
0.23799
0.170635
0.162649
0.0766456
0.0558319
0.140521
0.171812
0.212295
0.229379
0.229379
0.229379
0.168356
0.119299
0.130876
0.134211
0.151507
0.21011
0.125643
0.160555
0.129322
0.212501
0.162842
0.104388
0.116314
0.14696
0.18762
0.229379
0.229379
0.189935
0.189833
0.121439
0.0940774
0.0796098
0.133325
0.172403
0.158465
0.191849
0.145627
0.157107
0.143905
0.0923372
0.134856
0.143801
0.16581
0.118732
0.173372
0.177103
0.208081
0.180209
0.104357
0.158177
0.173904
0.140891
0.0901371
0.208081
0.208081
0.208081
0.128198
0.101891
0.0851892
0.146001
0.181306
0.208081
0.208081
0.167037
0.142869
0.150659
0.127919
0.134525
0.208081
0.204535
0.199936
0.208081
0.110377
0.197324
0.208081
0.123196
0.164641
0.178659
0.137283
0.103675
0.213046
0.213046
0.207425
0.164853
0.0890285
0.111557
0.195276
0.0856627
0.157847
0.213046
0.213046
0.160634
0.177162
0.13154
0.139209
0.213046
0.198582
0.213046
0.213046
0.127321
0.179854
0.213046
0.159025
0.0990037
0.155546
0.102766
0.203799
0.159634
0.118602
0.168994
0.136245
0.0859979
0.138727
0.214459
0.120556
0.179134
0.214459
0.214459
0.178389
0.185395
0.103742
0.0706645
0.187985
0.153178
0.214459
0.214459
0.118904
0.214459
0.116314
0.0492467
0.128178
0.175879
0.101264
0.21164
0.214459
0.138217
0.156332
0.135137
0.106271
0.151054
0.214459
0.136106
0.174256
0.18683
0.193597
0.198442
0.0872757
0.169554
0.0890948
0.188212
0.166666
0.218221
0.218221
0.138164
0.218221
0.106944
0.0444378
0.0875932
0.108093
0.0809514
0.190892
0.187194
0.218221
0.218221
0.0815758
0.134421
0.157676
0.218221
0.132928
0.171935
0.218221
0.203938
0.18716
0.0863512
0.17866
0.0703732
0.0981833
0.13836
0.184523
0.193776
0.215273
0.218221
0.18935
0.132897
0.0975953
0.0920825
0.0610188
0.180322
0.179761
0.199111
0.232055
0.107469
0.159503
0.0957954
0.0175869
0.0821295
0.0813586
0.109712
0.255854
0.255854
0.255854
0.255854
0.0866192
0.093075
0.116861
0.178186
0.201283
0.191197
0.216264
0.196156
0.162789
0.0947797
0.0169636
0.0801871
0.0943849
0.0560435
0.108171
0.255854
0.255854
0.255854
