0.254489
0.254489
0.0920237
0.253926
0.254489
0.0401378
0.0380733
0.0663037
0.0999866
0.129608
0.142971
0.120382
0.215753
0.254489
0.192005
0.185869
0.117219
0.17897
0.254489
0.254489
0.0361958
0.228473
0.254489
0.0310143
0.0235488
0.0151377
0.0490868
0.0582243
0.0412321
0.0628584
0.187732
0.254489
0.0739454
0.0612293
0.14364
0.210281
0.142418
0.169068
0.141009
0.181892
0.222871
0.200865
0.245474
0.165133
0.206646
0.0455774
0.143696
0.15871
0.0820172
0.0622534
0.110256
0.245474
0.245474
0.223756
0.0701264
0.0427938
0.0619089
0.149445
0.245474
0.102443
0.177049
0.190825
0.245474
0.0504256
0.0561803
0.0524613
0.0718822
0.1104
0.107386
0.231255
0.23217
0.245474
0.0791205
0.219758
0.209559
0.0906189
0.0979984
0.203639
0.300631
0.300631
0.214556
0.0244956
0.144334
0.0775729
0.0567784
0.164591
0.283605
0.149355
0.116925
0.057148
0.0877669
0.0741257
0.0730907
0.0582086
0.14367
0.195374
0.300631
0.300631
0.300631
0.0618724
0.155589
0.144614
0.0717779
0.0629008
0.0558073
0.0471774
0.117784
0.09416
0.0668626
0.265854
0.170874
0.156224
0.265854
0.265854
0.220117
0.164885
0.0279742
0.0096438
0.048711
0.0605991
0.0979767
0.159889
0.265854
0.265854
0.123269
0.0607456
0.1461
0.265854
0.265854
0.12562
0.132046
0.106854
0.10683
0.265854
0.242661
0.0365358
0.156678
0.120774
0.0879421
0.118809
0.120662
0.14503
0.0650739
0.0383289
0.0170315
0.100762
0.127365
0.221833
0.276738
0.276738
0.276738
0.172116
0.0875014
0.0166922
0.0381202
0.0528296
0.276738
0.276738
0.276738
0.10462
0.0485987
0.0336079
0.090175
0.276738
0.2043
0.122365
0.175974
0.140837
0.172507
0.0760851
0.0465307
0.0917024
0.08205
0.0616117
0.133987
0.276738
0.176465
0.0962751
0.119328
0.101573
0.0150516
0.0529672
0.11298
0.300897
0.300897
0.300897
0.0475162
0.0469376
0.0412657
0.138403
0.0930943
0.300897
0.300897
0.300897
0.0918787
0.0596951
0.0124396
0.00523613
0.116574
0.111718
0.101934
0.168931
0.300897
0.16189
0.0658146
0.104718
0.102088
0.0921175
0.0937316
0.130879
0.193491
0.280516
0.147093
0.077779
0.0914365
0.0275187
0.0263617
0.0451187
0.142981
0.147465
0.164894
0.0251294
0.0222442
0.0305342
0.0125114
0.308642
0.308642
0.308642
0.304003
0.308642
0.0294895
0.0295772
0.0517029
0.0344795
0.0538942
0.0509683
0.0410799
0.0612421
0.0783507
0.0365762
0.0173887
0.0237054
0.0325356
0.308642
0.308642
0.252928
0.247927
0.308642
0.0393774
0.0343359
0.0372757
0.10455
0.262616
0.269625
0.0391917
0.219004
0.28056
0.039054
0.020045
0.00807862
0.0505943
0.0433982
0.038512
0.0521363
0.206347
0.28056
0.108289
0.143894
0.130486
0.192925
0.28056
0.169595
0.0176273
0.222839
0.28056
0.0296779
0.011685
0.00949457
0.0321054
0.10453
0.016645
0.0131158
0.0792772
0.133805
0.0388996
0.28056
0.28056
0.28056
0.0562725
0.0480217
0.066834
0.208803
0.264173
0.164327
0.254279
0.220269
0.264173
0.0503809
0.0477807
0.0395937
0.0984563
0.163446
0.143842
0.264173
0.264173
0.264173
0.116215
0.0285094
0.0195704
0.0805067
0.122971
0.0504367
0.264173
0.264173
0.264173
0.0288413
0.0540325
0.0307222
0.06528
0.058474
0.0655563
0.264173
0.198484
0.140673
0.0890896
0.0726064
0.0642049
0.0918442
0.262214
0.286857
0.286857
0.286857
0.286857
0.0747263
0.21044
0.192743
0.132245
0.0900665
0.0933176
0.0561452
0.178079
0.138127
0.0470701
0.1094
0.0520293
0.122953
0.106413
0.0917471
0.268136
0.234867
0.12829
0.0548792
0.205446
0.242184
0.0922751
0.0860251
0.0600295
0.109883
0.197333
0.177159
0.110183
0.243227
0.243227
0.161148
0.120785
0.128973
0.0964461
0.243227
0.234961
0.0315446
0.156054
0.167476
0.121412
0.162119
0.100624
0.116619
0.0490542
0.0412589
0.119734
0.243227
0.243227
0.155513
0.13492
0.0863199
0.121369
0.243227
0.243227
0.0652787
0.207965
0.243227
0.243227
0.243227
0.145482
0.0624825
0.0245522
0.014919
0.0659044
0.262493
0.262493
0.159159
0.182045
0.138221
0.145323
0.0501497
0.0415716
0.0726685
0.0738182
0.0931669
0.145465
0.242744
0.223964
0.0896146
0.111275
0.0869215
0.123388
0.262493
0.262493
0.262493
0.262493
0.227207
0.097367
0.0258542
0.0201485
0.0195942
0.0534446
0.127556
0.262493
0.262493
0.237573
0.0873858
0.0378817
0.0380647
0.111075
0.139645
0.16882
0.216746
0.261355
0.261355
0.0837021
0.109934
0.0982638
0.0676281
0.104925
0.14146
0.196658
0.261355
0.191242
0.0909558
0.0767584
0.02732
0.0337599
0.0963392
0.151768
0.261355
0.261355
0.261355
0.11617
0.0630378
0.0393533
0.111065
0.249053
0.0831482
0.186211
0.261355
0.1809
0.0668253
0.164235
0.16568
0.0431742
0.075868
0.0586006
0.0591845
0.0870019
0.0449581
0.0223272
0.0240049
0.0287088
0.229193
0.302258
0.302258
0.302258
0.302258
0.0489671
0.0288563
0.0482474
0.112433
0.152507
0.287983
0.191544
0.0819361
0.157173
0.0356008
0.0233215
0.0524957
0.0329618
0.302258
0.302258
0.302258
0.136145
0.235972
0.0228739
0.0400112
0.0702576
0.049764
0.283814
0.125842
0.0159798
0.229533
0.283814
0.0374985
0.0123363
0.00727662
0.040844
0.103982
0.0142424
0.0087049
0.0661517
0.136985
0.0535649
0.283814
0.283814
0.283814
0.283814
0.142893
0.014959
0.18745
0.283814
0.0449504
0.0608999
0.0245968
0.0597761
0.0611582
0.0133625
0.0125074
0.0357105
0.115513
0.119344
0.283814
0.25935
0.283814
0.134252
0.0289522
0.0183096
0.0935724
0.162131
0.0742537
0.313239
0.313239
0.313239
0.0251083
0.0514249
0.0450174
0.0647854
0.0702045
0.0800982
0.313239
0.244045
0.135777
0.0880399
0.0102239
0.0221221
0.0580314
0.181352
0.20923
0.313239
0.313239
0.313239
0.00542612
0.00962104
0.0547982
0.0610131
0.0844092
0.149172
0.160716
0.0578389
0.0283486
0.0362662
0.14875
0.0996387
0.16327
0.165632
0.128299
0.23572
0.23572
0.113625
0.0783694
0.23572
0.23572
0.171689
0.149445
0.0865504
0.159507
0.23572
0.230377
0.0128675
0.025669
0.113399
0.143414
0.138263
0.23572
0.23572
0.18677
0.0647607
0.147068
0.23572
0.192379
0.0994972
0.223196
0.110182
0.176061
0.18007
0.0912993
0.1109
0.240046
0.240046
0.197977
0.157593
0.0884614
0.126962
0.240046
0.240046
0.0610247
0.19099
0.240046
0.240046
0.240046
0.166386
0.0688123
0.0163746
0.0112531
0.147899
0.240046
0.160119
0.11096
0.216867
0.100224
0.198329
0.240046
0.116634
0.0417559
0.105575
0.115609
0.218253
0.164374
0.171786
0.0838185
0.0155168
0.0242337
0.0920756
0.26078
0.26078
0.26078
0.26078
0.253362
0.10118
0.0175288
0.0151771
0.0176825
0.064757
0.141284
0.26078
0.26078
0.243488
0.0623698
0.0398672
0.0352305
0.039859
0.0900002
0.128407
0.240371
0.23068
0.26078
0.117759
0.0211388
0.0381461
0.0153811
0.0727343
0.179839
0.26078
0.26078
0.142184
0.0517471
0.0122874
0.0131118
0.0158092
0.0803249
0.132647
0.294247
0.294247
0.254298
0.073476
0.0416318
0.0249596
0.0968502
0.130624
0.0729594
0.229901
0.294247
0.153894
0.0468615
0.0824211
0.104086
0.0150348
0.0717999
0.175738
0.2656
0.28918
0.177367
0.0655588
0.0145029
0.0206683
0.105723
0.110529
0.241021
0.294247
0.294247
0.0680247
0.0659773
0.0642644
0.144302
0.128677
0.267926
0.154595
0.109076
0.226129
0.0451218
0.0264763
0.0417473
0.0253257
0.26195
0.267926
0.267926
0.160567
0.258902
0.0284474
0.0386307
0.0734022
0.0398466
0.0972931
0.267926
0.199028
0.211088
0.267926
0.0306154
0.0272362
0.0250653
0.0471838
0.108366
0.267926
0.266485
0.150453
0.267926
0.0954313
0.0270657
0.0285995
0.0630179
0.291046
0.255807
0.0278783
0.291046
0.291046
0.0676851
0.14565
0.0567709
0.0914771
0.0905483
0.0334802
0.0300878
0.0690979
0.197496
0.151297
0.291046
0.291046
0.291046
0.183551
0.24177
0.066
0.164659
0.180681
0.0550182
0.215647
0.0804179
0.0221689
0.0191238
0.0405544
0.0609321
0.0582627
0.0747368
0.0909099
0.257309
0.0922126
0.0288208
0.0968346
0.0251233
0.0349548
0.0793625
0.219519
0.191331
0.312613
0.312613
0.312613
0.00640226
0.00822651
0.0601099
0.0664299
0.0988258
0.139278
0.14205
0.078875
0.0460886
0.0233522
0.0327562
0.0618126
0.0394776
0.0757465
0.130344
0.312613
0.141885
0.0497812
0.0379022
0.122834
0.312613
0.175786
0.105461
0.141832
0.201546
0.271796
0.312613
0.00915802
0.0173849
0.0952341
0.106968
0.109668
0.190446
0.233981
0.153776
0.0802228
0.112355
0.269758
0.120523
0.0912613
0.179293
0.0642215
0.112977
0.145823
0.0674648
0.0537229
0.205604
0.269758
0.201894
0.127743
0.207963
0.269758
0.269758
0.269758
0.0827355
0.144996
0.253857
0.269428
0.157782
0.0624274
0.0559207
0.103536
0.137001
0.160771
0.244506
0.188025
0.15732
0.244506
0.0969345
0.217174
0.244506
0.134095
0.0486982
0.12812
0.143564
0.244506
0.244506
0.164608
0.0766664
0.0172066
0.0216547
0.149405
0.244506
0.244506
0.244506
0.234643
0.0754051
0.0813301
0.0845915
0.0778259
0.0538749
0.170904
0.177118
0.210947
0.244506
0.117819
0.0462818
0.0293633
0.0237493
0.0346099
0.0873738
0.17449
0.261965
0.261965
0.261965
0.112771
0.0236448
0.034175
0.0183568
0.0806742
0.197372
0.261965
0.261965
0.21086
0.0568783
0.0225958
0.0142319
0.068994
0.195134
0.219467
0.261965
0.261965
0.150662
0.0991744
0.0496778
0.0294137
0.046217
0.148762
0.152679
0.191
0.261965
0.22537
0.196751
0.0454552
0.0236693
0.0117938
0.0594006
0.150816
0.290917
0.301187
0.211942
0.0610028
0.0172632
0.0162483
0.141715
0.088166
0.190108
0.301187
0.301187
0.184523
0.0929008
0.0412797
0.115759
0.041397
0.112706
0.12677
0.197457
0.301187
0.183149
0.194283
0.0381192
0.0222843
0.0327165
0.0378673
0.107181
0.157686
0.272773
0.27347
0.135705
0.0616101
0.0462766
0.106709
0.284041
0.16336
0.229948
0.284041
0.0736703
0.0416898
0.0232738
0.0426039
0.107147
0.284041
0.284041
0.181663
0.284041
0.0969492
0.0442839
0.0374375
0.0527844
0.0175461
0.0612663
0.105356
0.0962049
0.166365
0.101058
0.0559714
0.0407668
0.0341409
0.0771527
0.275146
0.284041
0.281348
0.284041
0.0888868
0.0460529
0.106102
0.156141
0.182672
0.272596
0.0645421
0.127904
0.13257
0.0591506
0.258516
0.101115
0.0112231
0.012066
0.0548357
0.0808483
0.0756321
0.0864149
0.0761576
0.275526
0.078591
0.0146807
0.0153301
0.107231
0.294154
0.294154
0.294154
0.232378
0.0871589
0.19402
0.103669
0.00586716
0.0981836
0.294154
0.294154
0.294154
0.0805338
0.0707631
0.0184833
0.0130184
0.0107706
0.0473342
0.0951344
0.0574675
0.0683087
0.0802674
0.294291
0.0832939
0.0177357
0.021827
0.0754329
0.294291
0.126277
0.0757507
0.0835317
0.116926
0.216773
0.248412
0.00396783
0.104921
0.294291
0.294291
0.294291
0.067025
0.0464324
0.0187071
0.013528
0.137938
0.139058
0.294291
0.167248
0.0712072
0.023384
0.163449
0.294291
0.294291
0.0323279
0.13236
0.313654
0.178394
0.103298
0.129829
0.187122
0.224777
0.269636
0.0506413
0.119671
0.168305
0.158818
0.112572
0.0453521
0.0333559
0.0779613
0.0840419
0.161444
0.208949
0.313654
0.264367
0.105308
0.0533723
0.199596
0.313654
0.313654
0.0477081
0.0722713
0.0860022
0.112105
0.146374
0.0654681
0.054899
0.105795
0.100683
0.129509
0.273551
0.273983
0.273983
0.248341
0.0941631
0.077791
0.05678
0.0851874
0.0460666
0.163188
0.192882
0.244775
0.273983
0.128762
0.0425469
0.0286076
0.0232091
0.0688512
0.136598
0.179979
0.237084
0.273983
0.168059
0.0951002
0.0802471
0.059057
0.0138262
0.0359288
0.0583819
0.235991
0.273983
0.273983
0.0656893
0.0330925
0.0100153
0.0467055
0.142678
0.199866
0.266506
0.295415
0.143815
0.0752438
0.0313235
0.0201522
0.0327076
0.0869606
0.116806
0.173248
0.295415
0.233727
0.136193
0.0319919
0.0194754
0.0194679
0.0369209
0.0673107
0.249069
0.295415
0.276287
0.108435
0.0389273
0.00657477
0.0207259
0.074732
0.138448
0.275713
0.295415
0.295415
0.127894
0.00449243
0.00151789
0.0366068
0.0852956
0.109998
0.212217
0.274288
0.223002
0.159855
0.0277956
0.0160713
0.0340916
0.040689
0.096695
0.153105
0.274288
0.274288
0.153556
0.0623909
0.0348813
0.0248975
0.0789138
0.142468
0.274288
0.274288
0.274288
0.185464
0.00869586
0.00139225
0.0334634
0.0464656
0.201841
0.234302
0.274288
0.274288
0.0706696
0.114894
0.114182
0.0146383
0.0288501
0.106858
0.0984699
0.179455
0.126974
0.0608029
0.040681
0.0244677
0.10967
0.291683
0.300511
0.241387
0.300511
0.0860418
0.0528678
0.0951074
0.134646
0.0115533
0.020587
0.0805051
0.113841
0.242798
0.151108
0.0357855
0.0475051
0.0556559
0.231919
0.300511
0.0241134
0.300511
0.300511
0.0477301
0.0536373
0.145023
0.300511
0.049487
0.151835
0.260453
0.256482
0.30118
0.228316
0.113859
0.184566
0.0754548
0.0086632
0.117504
0.30118
0.30118
0.30118
0.097832
0.109529
0.0292967
0.0191689
0.0976829
0.235618
0.17064
0.237521
0.30118
0.0814144
0.0146026
0.0350839
0.0291485
0.00841028
0.00600929
0.0265591
0.0758275
0.270846
0.0768139
0.0171154
0.0118658
0.00611171
0.00659252
0.117927
0.310639
0.310639
0.310639
0.0713557
0.0573295
0.0197674
0.0164352
0.130493
0.148463
0.310639
0.185963
0.0777206
0.0229239
0.131929
0.310639
0.310639
0.0110086
0.00674502
0.0243987
0.0727837
0.221921
0.0509506
0.0155495
0.00898449
0.0274513
0.144147
0.0278069
0.0123897
0.0333565
0.086794
0.028715
0.131379
0.310639
0.310639
0.161739
0.224202
0.347148
0.310029
0.115083
0.0468695
0.146094
0.347148
0.347148
0.0434439
0.0734111
0.0704516
0.0884416
0.12987
0.067284
0.0485229
0.113657
0.104416
0.181164
0.0337156
0.0181811
0.0596649
0.0976292
0.0310888
0.165919
0.347148
0.347148
0.0362785
0.0409601
0.0408003
0.119363
0.113328
0.0192513
0.038464
0.0936496
0.0472996
0.0877729
0.147866
0.178995
0.244922
0.274031
0.211073
0.106165
0.0758566
0.0844311
0.0116836
0.0285122
0.0703962
0.274031
0.274031
0.274031
0.153598
0.0580739
0.015599
0.0463627
0.10304
0.119583
0.274031
0.246155
0.0749093
0.0962624
0.10868
0.0405298
0.00873823
0.0084832
0.065343
0.205367
0.274031
0.274031
0.274031
0.112037
0.0265594
0.0152054
0.0312066
0.0774042
0.247566
0.275998
0.275998
0.139472
0.0427961
0.00775836
0.0196726
0.0805019
0.165974
0.275998
0.275998
0.275998
0.118856
0.00520031
0.00212089
0.0101977
0.0344479
0.125143
0.1745
0.275998
0.240917
0.200466
0.0561274
0.0169261
0.0121588
0.0974286
0.23312
0.224707
0.275998
0.229622
0.0910424
0.0616282
0.00376774
0.0254544
0.0896744
0.173542
0.260076
0.260076
0.260076
0.152798
0.00369544
0
0.0279815
0.0506541
0.201947
0.248773
0.260076
0.244367
0.09802
0.119485
0.0985304
0.0177453
0.111168
0.260076
0.260076
0.260076
0.182334
0.0608099
0.0404718
0.00540302
0.00852347
0.0320603
0.129484
0.228914
0.260076
0.159017
0.17834
0.125873
0.0538557
0.0110007
0.025685
0.0865212
0.119578
0.217952
0.114972
0.0395878
0.0462797
0.0495874
0.284155
0.313817
0.051914
0.313817
0.313817
0.0341874
0.0398557
0.103048
0.313817
0.0103699
0.0225637
0.0811481
0.124105
0.159851
0.0647777
0.0495643
0.0469119
0.0234379
0.313817
0.313817
0.112198
0.156482
0.313817
0.0240402
0.0258627
0.0369659
0.164666
0.369599
0.369599
0.303749
0.369599
0.369599
0.178848
0.042835
0.0137434
0.0140318
0.017387
0.0114146
0.0436766
0.117645
0.369599
0.22669
0.0513113
0.0396136
0.0179869
0.00962069
0.0312246
0.0594806
0.130494
0.173898
0.061448
0.0473872
0.0325088
0.0166693
0.00382147
0.0225075
0.0597924
0.103177
0.165738
0.107633
0.0603367
0.0379641
0.0176051
0.022751
0.0103077
0.0276658
0.0807788
0.340189
0.103692
0.0297843
0.0186783
0.063352
0.256928
0.0392569
0.0213502
0.092799
0.206085
0.118831
0.293995
0.340189
0.340189
0.00182303
0.0113207
0.0386494
0.0538918
0.0849916
0.0550632
0.0345146
0.0242054
0.0104929
0.278576
0.0278458
0.0206242
0.0634183
0.221893
0.218464
0.222414
0.218162
0.340189
0.187744
0.0302572
0.0187056
0.0845308
0.138887
0.0636537
0.183414
0.295885
0.295885
0.0378073
0.0487087
0.0431861
0.125705
0.136171
0.0462749
0.0821462
0.116953
0.0679436
0.140107
0.0197577
0.0131833
0.0933356
0.219901
0.120788
0.175324
0.266232
0.295885
0.139941
0.0432569
0.0255498
0.132471
0.266819
0.0904163
0.286234
0.295885
0.295885
0.0419399
0.0722848
0.0735129
0.192565
0.201363
0.0823206
0.127577
0.133358
0.0646958
0.00637263
0.00471115
0.0418438
0.12484
0.226009
0.226186
0.213067
0.0736728
0.0149673
0.196054
0.063047
0.0294516
0.304969
0.343632
0.129272
0.343632
0.343632
0.343632
0.0212413
0.025561
0.0367755
0.0704435
0.084347
0.0939196
0.12036
0.166537
0.0580405
0.0449865
0.0298185
0.0771111
0.113981
0.22702
0.169935
0.148086
0.0446132
0.0238117
0.101765
0.0876438
0.136178
0.15775
0.324584
0.135081
0.0608847
0.0823623
0.0936035
0.324584
0.0792053
0.0257903
0.122821
0.324584
0.0768446
0.08733
0.0945018
0.219186
0.324584
0.122179
0.0215694
0.140259
0.324584
0.0408861
0.0373649
0.107195
0.324584
0.146588
0.109492
0.176597
0.189825
0.365354
0.11349
0.0387189
0.0782338
0.108935
0.00903649
0.027697
0.0916512
0.137427
0.17325
0.0927144
0.111967
0.0755913
0.0252804
0.393919
0.184335
0.0320829
0.199344
0.393919
0.0348746
0.0349524
0.0967949
0.393919
0.21168
0.123694
0.0954338
0.0671894
0.118793
0.0175948
0.0350432
0.0549848
0.0578327
0.0114635
0.0258691
0.0881402
0.11451
0.137695
0.0547513
0.0489922
0.0404795
0.0187654
0.312833
0.312833
0.165294
0.138062
0.312833
0.0206942
0.0182083
0.0170357
0.133987
0.155918
0.140796
0.216042
0.0694658
0.174435
0.0315308
0.0242075
0.0321139
0.0247875
0.312833
0.312833
0.312833
0.216341
0.312833
0.0806862
0.026169
0.107635
0.0816278
0.0201733
0.0556104
0.136708
0.240535
0.314638
0.128294
0.0915398
0.0534365
0.0233777
0.0061065
0.0431989
0.119035
0.192679
0.326444
0.197328
0.120501
0.0873224
0.0347483
0.0348513
0.0567469
0.087309
0.326444
0.326444
0.179941
0.0247951
0.0226131
0.01845
0.013311
0.0272937
0.0661567
0.326444
0.326444
0.29733
0.0520702
0.0392919
0.0231569
0.0029054
0.0225925
0.0753781
0.0940316
0.168133
0.100449
0.0612018
0.0448022
0.0178304
0.318852
0.0364813
0.0379436
0.177326
0.318852
0.318852
0.318852
0.239434
0.318852
0.00379796
0.00946544
0.0385902
0.212996
0.318852
0.133966
0.0260321
0.0174322
0.0149117
0.0843865
0.0182292
0.0544045
0.166514
0.318852
0.13342
0.0288732
0.0346755
0.115016
0.0911701
0.0161655
0.0135699
0.0977931
0.232221
0.147833
0.20712
0.195114
0.316118
0.122492
0.0434435
0.0246202
0.110316
0.26247
0.111361
0.272949
0.318262
0.318262
0.0303806
0.0080043
0.0185046
0.0689935
0.207685
0.0562501
0.0149817
0.0271495
0.0858909
0.222351
0.0242433
0.0116044
0.0525526
0.127425
0.0230075
0.0629208
0.318262
0.318262
0.133332
0.0475014
0.0200299
0.178989
0.355793
0.114272
0.334427
0.355793
0.355793
0.031858
0.0188764
0.0212889
0.0466088
0.0507473
0.0716846
0.0899432
0.0830362
0.0630775
0.233212
0.0317678
0.0127351
0.0737677
0.194426
0.0330546
0.0713113
0.355793
0.355793
0.091423
0.0519884
0.0245623
0.0354328
0.0593636
0.038468
0.0538144
0.0750526
0.166068
0.196299
0.046629
0.0121961
0.0869978
0.242536
0.0522245
0.0595444
0.0499977
0.138789
0.309057
0.0735181
0.011122
0.110077
0.309057
0.0293336
0.0283753
0.0863983
0.309057
0.186272
0.0588527
0.0157958
0.138028
0.309057
0.0248933
0.0316057
0.0618213
0.216069
0.309057
0.0642498
0.0102252
0.170385
0.309057
0.0102318
0.0160346
0.16159
0.309057
0.307656
0.08201
0.0116376
0.120905
0.307656
0.0193021
0.0194893
0.0662185
0.307656
0.114479
0.0946833
0.041543
0.034749
0.0656925
0.0108482
0.0110184
0.0213004
0.0247798
0.307656
0.0599512
0.00696051
0.211086
0.307656
0.00477696
0.00814031
0.140107
0.307656
0.307656
0.307656
0.0208551
0.148385
0.307656
0.00781337
0.00952867
0.00581339
0.0181322
0.168196
0.14036
0.159642
0.0879983
0.187202
0.0297523
0.0185025
0.0252326
0.0226273
0.279469
0.279469
0.279469
0.235156
0.279469
0.0772783
0.0258246
0.0776412
0.0610252
0.279469
0.279469
0.0570542
0.196121
0.279469
0.0327505
0.0250445
0.0109015
0.019428
0.164537
0.205333
0.0623034
0.169916
0.279469
0.110577
0.0549418
0.115265
0.102043
0.0377601
0.0575857
0.07708
0.314483
0.314483
0.128944
0.0268715
0.0306856
0.017049
0.0208551
0.0249981
0.0548766
0.296978
0.314483
0.269546
0.0461275
0.0428171
0.0418725
0.0460679
0.047241
0.0274065
0.314483
0.314483
0.252623
0.0604398
0.0760792
0.0311546
0.0110225
0.0540382
0.0634876
0.177615
0.314483
0.293802
0.0297552
0.0305953
0.0246402
0.0164156
0.0245578
0.0712997
0.314105
0.316636
0.256138
0.0507064
0.0381003
0.043644
0.018485
0.0373932
0.0741427
0.285197
0.316636
0.2315
0.0692799
0.102871
0.0375737
0.0116028
0.050892
0.0675282
0.222365
0.316636
0.28556
0.0170908
0.0306085
0.022587
0.00779751
0.017427
0.025808
0.143818
0.316636
0.304753
0.0464524
0.0789474
0.029325
0.0149381
0.0101029
0.0145597
0.0586756
0.204711
0.053884
0.0167375
0.030467
0.0625823
0.268364
0.0277649
0.0129475
0.0554931
0.16306
0.0245475
0.0458301
0.426995
0.426995
0.00423184
0.00336107
0.00634699
0.0388511
0.127615
0.0574626
0.00899626
0.0123821
0.0099726
0.426995
0.00521697
0.00602305
0.109177
0.257162
0.0276441
0.0174655
0.103792
0.426995
0.25737
0.0340241
0.0149274
0.0573338
0.196622
0.0323801
0.0476467
0.413148
0.413148
0.117422
0.0474356
0.0308238
0.0408582
0.0614657
0.0302161
0.0370208
0.04656
0.185468
0.413148
0.00752623
0.0155045
0.0895052
0.199262
0.0344074
0.0176444
0.0934554
0.413148
0.085426
0.0313767
0.0333303
0.135309
0.210257
0.0212124
0.0285127
0.0414777
0.0996497
0.179397
0.0543279
0.0234
0.153935
0.284112
0.0231335
0.0397572
0.0536261
0.212962
0.284112
0.0530581
0.0105437
0.181224
0.284112
0.0119695
0.0528289
0.150531
0.284112
0.201656
0.0349601
0.0298689
0.106965
0.279782
0.0290403
0.093042
0.0876033
0.135456
0.284112
0.0625082
0.0217833
0.0932996
0.275458
0.0315285
0.187487
0.226864
0.284112
0.273039
0.0416649
0.00717683
0.190777
0.273039
0.00806762
0.0407713
0.111099
0.273039
0.273039
0.273039
0.0188242
0.106173
0.234925
0.00618652
0.00595341
0.00451797
0.0188382
0.273039
0.0496651
0.0145547
0.0746663
0.273039
0.0248386
0.16109
0.177391
0.273039
0.219962
0.273039
0.0602144
0.126041
0.273039
0.00900517
0.0122362
0.021987
0.00897237
0.287111
0.287111
0.0398785
0.211275
0.287111
0.0317994
0.0244978
0.0118896
0.0266253
0.213944
0.255305
0.0139525
0.196071
0.287111
0.126531
0.0610909
0.107489
0.104676
0.287111
0.287111
0.116696
0.221924
0.287111
0.0377903
0.0254312
0.0396461
0.0178552
0.0861592
0.11189
0.0159397
0.0626277
0.287111
0.0925128
0.0197046
0.0098514
0.00312428
0.0455719
0.0468839
0.0249595
0.331198
0.331198
0.2214
0.0360945
0.0824024
0.0318055
0.0191292
0.0352418
0.0416736
0.160931
0.331198
0.300972
0.0237067
0.0368575
0.0415732
0.0248851
0.0293495
0.0569203
0.267132
0.331198
0.260782
0.0273488
0.0409673
0.0226051
0.0525896
0.0308102
0.0162448
0.217069
0.331198
0.249121
0.0548709
0.0238709
0.0357812
0.0170801
0.0401673
0.0518718
0.208982
0.327793
0.278778
0.0173027
0.0381542
0.0359516
0.0136639
0.0188131
0.0092055
0.191339
0.327793
0.285697
0.0488529
0.0720567
0.0379755
0.0328001
0.0215338
0.0173406
0.250134
0.327793
0.292048
0.0481261
0.0298717
0.036269
0.0107223
0.0075692
0.0274763
0.226123
0.327793
0.303823
0.11684
0.0309763
0.00956225
0.00402147
0.00499064
0.0047533
0.0460363
0.132076
0.0489008
0.0107385
0.0105259
0.00756086
0.399888
0.00819304
0.0100246
0.101692
0.243556
0.0320286
0.0827492
0.183742
0.399888
0.000136079
0.00524718
0.00875171
0.0491506
0.14483
0.0613063
0.0218764
0.00711748
0.00185964
0.384293
0.0296133
0.0126458
0.0624847
0.12481
0.0356699
0.171273
0.399888
0.399888
0.342016
0.00969082
0.0176674
0.0710353
0.164239
0.0311081
0.0606026
0.137596
0.342016
0.0970839
0.0408022
0.0334884
0.10627
0.187597
0.0125748
0.0247234
0.0378482
0.0895886
0.267708
0.0279094
0.0179606
0.0453215
0.0855264
0.0328449
0.122749
0.342016
0.342016
0.177473
0.0661524
0.0183907
0.241973
0.342016
0.0151705
0.0365506
0.0806363
0.298472
0.18699
0.0671605
0.0382087
0.11485
0.262198
0.0272554
0.100372
0.0938755
0.148035
0.262198
0.084985
0.0161634
0.0845461
0.262198
0.0400414
0.215728
0.246856
0.262198
0.247863
0.110898
0.0218866
0.198357
0.262198
0.015595
0.0244986
0.053936
0.262198
0.262198
0.111023
0.0226208
0.157648
0.262198
0.0137343
0.0234325
0.0784072
0.262198
0.268697
0.0829728
0.0152555
0.0777092
0.268697
0.0351492
0.197687
0.206259
0.268697
0.268697
0.268697
0.0599412
0.121581
0.268697
0.0159955
0.00909874
0.0233966
0.0223256
0.268697
0.109356
0.01334
0.119207
0.163703
0.0086295
0.0176225
0.0745121
0.268697
0.268697
0.182357
0.0197323
0.258301
0.268697
0.0241427
0.0146215
0.0145868
0.0422886
0.317633
0.317633
0.115011
0.204654
0.317633
0.0442983
0.0197856
0.0388711
0.043908
0.10978
0.117218
0.016058
0.0593907
0.313505
0.0851471
0.0168151
0.00445813
0.0012991
0.317633
0.317633
0.03955
0.317633
0.317633
0.0390877
0.0190283
0.0207225
0.0906899
0.0251248
0.0286041
0.0137309
0.0990556
0.264715
0.0598581
0.0133016
0.00675355
0.00231868
0.0337233
0.0517116
0.0776027
0.378114
0.378114
0.340463
0.0432701
0.0632119
0.0293201
0.0906207
0.0573135
0.0280937
0.31048
0.378114
0.332585
0.0816154
0.0459043
0.061111
0.0329681
0.0623215
0.0804636
0.132508
0.230866
0.136723
0.0730948
0.0743229
0.0409299
0.048415
0.101214
0.0739722
0.1043
0.201198
0.11689
0.0775082
0.0444501
0.0470024
0.0570281
0.0468057
0.0321616
0.349402
0.367788
0.349768
0.0680194
0.0457081
0.0586323
0.0280092
0.013767
0.0343684
0.367788
0.367788
0.367788
0.130041
0.0361675
0.0180796
0.0535108
0.114595
0.0867383
0.11404
0.185786
0.120943
0.0593474
0.043809
0.0515133
0.0267199
0.0603133
0.0664285
0.132827
0.166564
0.139558
0.0815029
0.0517075
0.0216828
0.0010526
0.00526721
0.009358
0.0626577
0.172475
0.056263
0.020435
0.00673899
0.00219809
0.384212
0.0263041
0.0155073
0.0738312
0.158317
0.0423317
0.232375
0.384212
0.384212
0.00717141
0.011715
0.0129445
0.0200825
0.022922
0.01943
0.0127006
0.0102604
0.00839051
0.384212
0.00789302
0.00674636
0.117963
0.245702
0.00573736
0.0220653
0.245624
0.384212
0.238038
0.020919
0.0166505
0.0418858
0.0900567
0.0292686
0.135746
0.292577
0.292577
0.176052
0.1896
0.0224515
0.162571
0.292577
0.0113806
0.0352346
0.0685472
0.231335
0.292577
0.00842542
0.00843955
0.0583827
0.11735
0.00470704
0.0167476
0.139501
0.292577
0.292577
0.292577
0.0265371
0.176457
0.255543
0.0030284
0.0106519
0.0403347
0.157567
0.265515
0.208434
0.0251514
0.158408
0.265515
0.0132083
0.0186985
0.0488838
0.265515
0.265515
0.172799
0.0200577
0.126291
0.254779
0.0168326
0.0111966
0.0658251
0.265515
0.265515
0.179067
0.0224719
0.13771
0.200483
0.00516933
0.013367
0.081529
0.265515
0.261069
0.128768
0.0324756
0.115825
0.190051
0.00813776
0.0131473
0.117977
0.265515
0.289594
0.164931
0.0151787
0.115335
0.15209
0.0123474
0.00696783
0.0744777
0.289594
0.289594
0.239378
0.0178926
0.264832
0.289594
0.0332951
0.0167741
0.01468
0.0635309
0.223061
0.0593649
0.0205149
0.0897449
0.160384
0.00535994
0.00638236
0.139081
0.289594
0.289594
0.289594
0.00759891
0.145151
0.284158
0.0176455
0.0109673
0.0133476
0.0236731
0.339269
0.339269
0.0371202
0.339269
0.339269
0.0436625
0.0188979
0.0192011
0.122001
0.0335345
0.0257896
0.0155087
0.107552
0.277172
0.0505856
0.013916
0.00948009
0.00345508
0.339269
0.339269
0.01493
0.258691
0.339269
0.0236753
0.0127318
0.0183073
0.0526691
0.0143417
0.00916724
0.0102798
0.05126
0.081289
0.029905
0.015528
0.0148714
0.0118339
0.0343003
0.0868321
0.118735
0.214336
0.295955
0.187232
0.125668
0.0933674
0.036253
0.0536705
0.14692
0.125832
0.15957
0.206134
0.115896
0.109361
0.0861453
0.0752566
0.0190077
0.0547148
0.138009
0.307013
0.307013
0.307013
0.120321
0.0400917
0.0149855
0.0115922
0.0557846
0.1044
0.307013
0.307013
0.291924
0.129713
0.0763404
0.0634915
0.0601239
0.16815
0.137593
0.193207
0.241106
0.12313
0.0828615
0.0622717
0.0646909
0.0470482
0.0839101
0.0836419
0.204318
0.222025
0.183461
0.108139
0.0725232
0.0401654
0.0129635
0.0696452
0.0783492
0.345897
0.345897
0.301234
0.0989249
0.0411276
0.0386749
0.00304616
0.046995
0.0520154
0.242238
0.345897
0.345897
0.0786095
0.0255361
0.0150201
0.00728283
0.0125561
0.0121508
0.0291398
0.0318122
0.0198586
0.0129419
0.0112516
0.00922286
0.428325
0.00777593
0.00606236
0.129056
0.264795
0.00640142
0.0173653
0.310751
0.428325
0.00736882
0.00885174
0.00624921
0.032452
0.139569
0.0646174
0.00699993
0.00724923
0.0211573
0.428325
0.0189023
0.0163341
0.0691191
0.183865
0.0144989
0.00843914
0.120252
0.428325
0.350072
0.00863436
0.00756078
0.0718224
0.141945
0.00341574
0.0130015
0.194404
0.350072
0.350072
0.350072
0.0381788
0.149901
0.211424
0.00350658
0.00913265
0.0445058
0.177502
0.350072
0.0162267
0.0118167
0.0443808
0.118328
0.00719889
0.00734897
0.0842539
0.350072
0.154055
0.151765
0.048087
0.0597563
0.0965795
0.0126074
0.0271987
0.0452281
0.102842
0.266703
0.266703
0.0379075
0.170976
0.242597
0.0086401
0.018532
0.10224
0.266703
0.266703
0.265202
0.0494842
0.150099
0.224152
0.0093677
0.0205469
0.157293
0.266703
0.140322
0.130643
0.062841
0.0945991
0.246883
0.0629208
0.0378245
0.0718217
0.184244
0.116271
0.0933411
0.139009
0.206082
0.266703
0.0843035
0.044849
0.0787643
0.218106
0.286794
0.0644667
0.0236706
0.115605
0.204858
0.00762711
0.0124578
0.149383
0.286794
0.286794
0.286794
0.0103935
0.195636
0.286794
0.0177146
0.0174074
0.0158923
0.0383047
0.113626
0.0910687
0.0927263
0.203483
0.286794
0.0760101
0.0245407
0.0590335
0.241581
0.17388
0.207456
0.0272847
0.286794
0.286794
0.0286642
0.0259642
0.0216976
0.0573017
0.351592
0.351592
0.0153327
0.282102
0.351592
0.020193
0.0163534
0.0174699
0.0702095
0.0132169
0.00750552
0.0172731
0.0481762
0.0594297
0.027768
0.0200525
0.0154557
0.0106052
0.316728
0.351592
0.0421822
0.351592
0.351592
0.0340146
0.0349929
0.0281666
0.123667
0.00255935
0.000800296
0.0165847
0.0636836
0.181192
0.0822435
0.0116858
0.00370102
0.00438314
0.00685527
0.0313775
0.0782375
0.272919
0.32146
0.180244
0.0572179
0.0177095
0.00389502
0.00110129
0.0267687
0.0506141
0.235439
0.32146
0.191095
0.0538137
0.0467015
0.0375833
0.000618344
0.016465
0.0517545
0.32146
0.32146
0.279526
0.0662392
0.0102389
0.000659804
0.0011341
0.00498536
0.0398884
0.252207
0.32146
0.32146
0.0986516
0.000606557
0
0.00110898
0.0340137
0.039075
0.241745
0.325759
0.202698
0.0417428
0.0228805
0.0191824
0.000674566
0.0260541
0.0295177
0.159864
0.325759
0.289584
0.044412
0.0136734
0.00911998
0.00284342
0.00594593
0.0576729
0.251999
0.325759
0.325759
0.0916059
0.00581038
0.00196718
0.00557016
0.0180551
0.0543917
0.256698
0.325759
0.325759
0.0213606
0.0157781
0.00379258
0.00640098
0.0112945
0.0073468
0.0560085
0.176315
0.0731318
0.00854381
0.00701219
0.0259865
0.453512
0.0264307
0.0173898
0.089857
0.1836
0.0187506
0.0122966
0.166913
0.453512
0.0182198
0.00595261
0.0208344
0.0822236
0.218978
0.0833032
0.0047017
0.00622164
0.0441918
0.424579
0.0151203
0.0113867
0.048413
0.121734
0.0290082
0.00901499
0.0897959
0.453512
0.348823
0.0199349
0.0108364
0.0582564
0.112824
0.009901
0.00685213
0.10409
0.348823
0.223431
0.187116
0.0288706
0.0786031
0.118489
0.0126942
0.0227043
0.0440123
0.146365
0.29887
0.00910979
0.0124419
0.0440286
0.0764567
0.0240527
0.0078149
0.0621799
0.348823
0.348823
0.342655
0.0246547
0.125746
0.312545
0.00936002
0.0174372
0.0605454
0.135002
0.160542
0.131807
0.0485698
0.101282
0.203337
0.0393139
0.0392765
0.0789937
0.177691
0.143843
0.118094
0.0988269
0.1445
0.214238
0.0728844
0.0826176
0.131699
0.216216
0.229159
0.229159
0.0528305
0.118374
0.229159
0.0262206
0.114001
0.179086
0.21005
0.229159
0.229159
0.218708
0.182715
0.229159
0.118533
0.229159
0.229159
0.229159
0.126315
0.0963071
0.0927682
0.194698
0.264932
0.0633695
0.0619438
0.118371
0.243289
0.145075
0.132362
0.0238215
0.264932
0.264932
0.0368347
0.0285641
0.023999
0.0665258
0.218787
0.187124
0.197323
0.188644
0.264932
0.087413
0.233983
0.264932
0.264932
0.163033
0.138486
0.10336
0.154158
0.264932
0.0774485
0.03167
0.0384087
0.0330758
0.275401
0.252019
0.0412901
0.350336
0.350336
0.0470502
0.0357057
0.0297642
0.13906
0.0024048
0.000916432
0.0220794
0.0673714
0.208511
0.0849745
0.015559
0.00393161
0.00448325
0.329077
0.285293
0.198061
0.312546
0.350336
0.103937
0.0301169
0.038644
0.0173146
0.00250315
0.00370201
0.00811892
0.0487993
0.250108
0.0758091
0.0097978
0.00582899
0.00347918
0.0106383
0.0448584
0.0902126
0.375671
0.375671
0.327973
0.0900912
0.0261309
0.00870446
0.0112654
0.0136682
0.044336
0.305816
0.375671
0.375671
0.130845
0.0188451
0.0164356
0.0331411
0.083005
0.0746547
0.139759
0.186973
0.085052
0.0618994
0.0430208
0.0307977
0.0353035
0.0583072
0.0453166
0.106225
0.197721
0.184731
0.0998628
0.0792666
0.0765155
0.0171539
0.0219424
0.0635308
0.307287
0.354562
0.354562
0.115993
0.0224396
0.0165886
0.0121067
0.041514
0.0736877
0.315379
0.354562
0.354562
0.0340494
0.0378245
0.0184402
0.0393623
0.0813956
0.0579527
0.131719
0.190092
0.184478
0.0757176
0.0789877
0.0834653
0.0164037
0.0674938
0.0866469
0.179591
0.252377
0.18328
0.0728282
0.0851999
0.0394627
0.0207931
0.0130394
0.0210802
0.0899562
0.228757
0.0813816
0.00717595
0.0102815
0.0512984
0.383819
0.0233752
0.0107632
0.0589961
0.127539
0.0285767
0.0386449
0.181638
0.409865
0.00789098
0.0178056
0.0221946
0.0503914
0.0634779
0.0419902
0.0167986
0.0219521
0.0206696
0.182969
0.0147149
0.00996653
0.0272342
0.0833396
0.0475301
0.409865
0.409865
0.409865
0.218317
0.0124387
0.00923099
0.0425483
0.0623779
0.0198464
0.021634
0.0983941
0.29121
0.29121
0.29121
0.0354333
0.126857
0.235373
0.00941217
0.0213054
0.0497353
0.157373
0.0952482
0.0168705
0.0138364
0.0214195
0.0534749
0.0403777
0.208203
0.29121
0.29121
0.29121
0.29121
0.142959
0.223407
0.29121
0.0377874
0.0799337
0.0933311
0.110337
0.231968
0.203475
0.0541537
0.0955643
0.178886
0.0135449
0.0838914
0.131782
0.199813
0.216909
0.21378
0.13566
0.113836
0.206567
0.0869121
0.192395
0.231968
0.231968
0.231968
0.231968
0.113726
0.153647
0.231968
0.0551722
0.0683637
0.0849448
0.231968
0.206555
0.141624
0.11638
0.15669
0.178384
0.0209322
0.0687273
0.137544
0.231968
0.25183
0.201981
0.189788
0.175121
0.260353
0.0771999
0.235723
0.260353
0.260353
0.228611
0.128199
0.0976749
0.144834
0.260353
0.0829892
0.0331191
0.0424045
0.0326485
0.260353
0.155398
0.112796
0.141279
0.213154
0.0189466
0.0815663
0.174394
0.260353
0.148421
0.138597
0.0602335
0.107064
0.231798
0.0151152
0.0166939
0.0183443
0.0146805
0.314064
0.314064
0.258156
0.314064
0.314064
0.145303
0.0425547
0.0568271
0.0189177
0.00440604
0.00745981
0.0109809
0.06112
0.314064
0.0884989
0.0125465
0.0147311
0.00727885
0.314064
0.314064
0.161253
0.269777
0.314064
0.0191297
0.0201235
0.0277811
0.0155623
0.0106491
0.0131437
0.0186431
0.0239025
0.0491442
0.0203444
0.0161241
0.0219517
0.014881
0.0922172
0.181197
0.187199
0.216898
0.22058
0.110998
0.15175
0.108126
0.0787086
0.0989283
0.111558
0.0763182
0.150247
0.229988
0.224323
0.229988
0.180205
0.181091
0.0639689
0.113948
0.204355
0.229988
0.229988
0.202234
0.185884
0.0895384
0.122562
0.0668696
0.105585
0.0874116
0.174203
0.229988
0.229988
0.210591
0.128936
0.138534
0.0997929
0.145711
0.0864155
0.190601
0.228358
0.223451
0.183364
0.151851
0.165785
0.0411849
0.148366
0.167942
0.228358
0.228358
0.225374
0.149755
0.185372
0.120066
0.0682461
0.0857002
0.0729769
0.159226
0.228358
0.228358
0.227268
0.103796
0.113736
0.0676859
0.0616218
0.0681589
0.184446
0.228358
0.228358
0.228358
0.168621
0.0794162
0.0162781
0.0360309
0.0345839
0.0699959
0.0617476
0.0458276
0.0277778
0.0376115
0.0387998
0.23368
0.0262232
0.0167905
0.0448487
0.131988
0.0712377
0.410733
0.410733
0.410733
0.0122439
0.0102994
0.010546
0.0361222
0.0601509
0.0749452
0.0655193
0.0376787
0.0240007
0.0407103
0.00228162
0.00577698
0.0225156
0.0416718
0.104903
0.275787
0.345905
0.410733
0.117833
0.0253226
0.0179164
0.0321239
0.0794518
0.0600503
0.286924
0.286924
0.286924
0.286924
0.286924
0.238236
0.286924
0.286924
0.0712872
0.123737
0.126493
0.148125
0.0157672
0.00592723
0.00476242
0.0226094
0.0702728
0.0991381
0.109401
0.135043
0.175972
0.133499
0.147078
0.112916
0.176665
0.286924
0.174002
0.0726127
0.0436229
0.0537134
0.252865
0.252865
0.158599
0.215532
0.252865
0.10068
0.093182
0.0995916
0.252865
0.247958
0.196158
0.182971
0.204053
0.252865
0.0773962
0.0986617
0.152493
0.252865
0.0732847
0.0866249
0.0770942
0.142958
0.252865
0.220242
0.0752254
0.0247747
0.0343024
0.0361184
0.0333632
0.112655
0.189232
0.252865
0.130045
0.077736
0.0306323
0.0636405
0.304635
0.2113
0.177533
0.205541
0.304635
0.106368
0.14057
0.238128
0.304635
0.283643
0.188271
0.115824
0.147028
0.303799
0.0208744
0.0220172
0.0281122
0.0167091
0.0295357
0.0367911
0.137219
0.176425
0.304635
0.183892
0.127435
0.0551345
0.122544
0.0339113
0.0647573
0.126219
0.118097
0.146466
0.0192878
0.00590221
0.00215748
0.00217769
0.35886
0.35886
0.322066
0.35886
0.35886
0.0350467
0.0311939
0.0494904
0.0225951
0.016454
0.0253461
0.042184
0.0511366
0.0628717
0.0265824
0.0290904
0.0543595
0.0264558
0.0905247
0.204679
0.35886
0.240045
0.301947
0.042672
0.0151852
0.00902269
0.00290291
0.0328789
0.0511366
0.061258
0.08325
0.116223
0.0478588
0.0359099
0.0151903
0.00463253
