0.290292
0.25017
0.0118601
0.290292
0.290292
0.0233109
0.0110877
0.0111616
0.147109
0.232076
0.113422
0.0951112
0.16083
0.135793
0.00467666
0.015548
0.0190135
0.290292
0.221234
0.0503367
0.00686943
0.290292
0.290292
0.0266779
0.0218295
0.0118855
0.290292
0.205572
0.104553
0.0287615
0.0903724
0.130252
0.013669
0.016955
0.0350669
0.2656
0.268347
0.124542
0.12101
0.195106
0.213004
0.0199176
0.0283657
0.0381846
0.268347
0.115948
0.0674546
0.057853
0.268347
0.268347
0.0355199
0.0447894
0.0905699
0.249665
0.268347
0.138971
0.0369011
0.131703
0.211255
0.0100728
0.0097074
0.0503314
0.268347
0.263442
0.104211
0.0301553
0.158378
0.218213
0.022837
0.0184815
0.210765
0.268347
0.130971
0.0567153
0.0949492
0.299531
0.299531
0.0971894
0.0998687
0.153066
0.299531
0.0512348
0.0521793
0.0383633
0.144494
0.299531
0.141073
0.06779
0.079849
0.0979235
0.285416
0.154753
0.0583158
0.221003
0.288559
0.0543018
0.044989
0.278318
0.299531
0.0894114
0.0697035
0.0566462
0.0889492
0.0743967
0.0608359
0.0459138
0.123233
0.192753
0.0359948
0.0592894
0.0569612
0.110139
0.412314
0.192392
0.120723
0.142426
0.0795053
0.0221325
0.0475084
0.0623562
0.219083
0.412314
0.271853
0.073242
0.0790505
0.0350174
0.0479978
0.10057
0.0971335
0.113978
0.0911825
0.123665
0.100545
0.141594
0.063003
0.0760469
0.0829028
0.0462996
0.237263
0.412314
0.254445
0.0463266
0.108151
0.0893078
0.0168406
0.0394648
0.0553377
0.1793
0.490837
0.225515
0.0707422
0.0781024
0.0291127
0.01298
0.046143
0.0577923
0.154287
0.490837
0.297476
0.0702471
0.0401797
0.0127242
0.040842
0.0715264
0.0563874
0.184621
0.321489
0.221866
0.0511431
0.0955838
0.0717787
0.0235498
0.0819431
0.116537
0.15047
0.111946
0.107242
0.0613817
0.0696104
0.0631111
0.0149892
0.037907
0.0635406
0.172174
0.520864
0.310126
0.0582892
0.0285669
0.0119123
0.0201272
0.0260254
0.0212197
0.133261
0.520864
0.435024
0.0573115
0.0207042
0.0141476
0.0224516
0.0695552
0.0947447
0.106533
0.0977179
0.0908839
0.0544413
0.0661746
0.0581734
0.0283321
0.0307355
0.0746241
0.128201
0.116436
0.0882722
0.0778273
0.0509311
0.033439
0.023048
0.0217585
0.0244695
0.144808
0.498754
0.429504
0.0392692
0.0170012
0.0124961
0.00699269
0.0108805
0.0378939
0.210633
0.498754
0.390509
0.0434504
0.0265986
0.0148759
0.0427182
0.0250338
0.060547
0.0977209
0.138583
0.0824118
0.0554605
0.039113
0.0322947
0.0418367
0.0164499
0.0657548
0.0826812
0.114742
0.0889423
0.0910595
0.03243
0.0354814
0.252615
0.0686741
0.0412752
0.284995
0.284995
0.0372224
0.03146
0.0250353
0.284995
0.26892
0.130609
0.0301659
0.0787637
0.151947
0.014065
0.0196208
0.053019
0.284995
0.176917
0.107997
0.059931
0.20087
0.284995
0.126736
0.152521
0.106359
0.243435
0.22914
0.0812288
0.0292307
0.0964567
0.215102
0.0446028
0.0335864
0.0317732
0.284995
0.282375
0.156873
0.0432228
0.112711
0.20525
0.0116052
0.00971023
0.0676196
0.282375
0.256103
0.0954935
0.0400623
0.173034
0.213958
0.0346948
0.0162364
0.206011
0.282375
0.282375
0.11355
0.081634
0.146694
0.275872
0.0227704
0.019454
0.0346764
0.282375
0.282375
0.083296
0.101783
0.0951895
0.0849566
0.0237174
0.0193902
0.077491
0.282375
0.283175
0.154779
0.0923874
0.271512
0.283175
0.0779388
0.0427686
0.283175
0.283175
0.0962918
0.0757883
0.0563023
0.0867206
0.0988267
0.0773164
0.0455549
0.113021
0.201585
0.283175
0.172778
0.24109
0.198818
0.13204
0.0538707
0.0477713
0.12426
0.283175
0.135965
0.0552
0.082871
0.0658741
0.105653
0.116708
0.0500889
0.0451325
0.283175
0.080364
0.156437
0.14176
0.173473
0.174522
0.188228
0.149775
0.204774
0.0930149
0.0709181
0.0987044
0.0795073
0.260212
0.260212
0.260212
0.0928171
0.152123
0.13721
0.0801834
0.130359
0.178641
0.183035
0.260212
0.244698
0.132374
0.0741589
0.138077
0.0856249
0.0458976
0.0455824
0.149236
0.260212
0.260212
0.190381
0.170393
0.110322
0.064445
0.105428
0.108386
0.255688
0.255688
0.255688
0.10892
0.161375
0.134995
0.0565599
0.138857
0.182457
0.255688
0.255688
0.202391
0.0867301
0.117985
0.107471
0.10839
0.0801478
0.0767508
0.177591
0.255688
0.255688
0.157857
0.117952
0.0844862
0.0576182
0.105642
0.126233
0.174074
0.229446
0.2467
0.167873
0.112756
0.113171
0.0683087
0.139987
0.184481
0.204745
0.228787
0.202106
0.0879188
0.128051
0.118455
0.0666861
0.0788579
0.145232
0.223697
0.228787
0.18957
0.147389
0.114018
0.0945098
0.0661508
0.148591
0.173845
0.180355
0.228787
0.228787
0.126453
0.0912762
0.108387
0.0633571
0.155615
0.150781
0.228787
0.228787
0.228787
0.2048
0.149858
0.228787
0.0981912
0.0832437
0.150769
0.188041
0.227616
0.195059
0.129281
0.100025
0.102316
0.0848892
0.0635302
0.187523
0.184247
0.227616
0.188834
0.219414
0.111451
0.126425
0.0621369
0.155039
0.18251
0.227616
0.227616
0.227616
0.149121
0.169364
0.201809
0.0329101
0.207123
0.223234
0.227616
0.203585
0.144098
0.166607
0.0837379
0.055082
0.199444
0.106252
0.0841716
0.192115
0.289826
0.0954757
0.127138
0.119756
0.248996
0.212751
0.0902461
0.0256727
0.0839547
0.230315
0.034001
0.03611
0.0401321
0.287024
0.289826
0.0911542
0.0108276
0.289826
0.289826
0.0176661
0.0285191
0.0905249
0.289826
0.196648
0.149633
0.0272767
0.043599
0.181812
0.0512057
0.0223942
0.0785713
0.242705
0.279225
0.118337
0.069085
0.136644
0.287956
0.0187622
0.023581
0.0421554
0.287956
0.287956
0.0743257
0.0984962
0.0974203
0.079742
0.0250682
0.0223242
0.0732908
0.287956
0.262525
0.173264
0.028927
0.0818536
0.287956
0.0390101
0.0260177
0.0749471
0.287956
0.287956
0.0548923
0.0189073
0.0900191
0.210749
0.0293433
0.0232359
0.0969245
0.287956
0.314244
0.161205
0.249691
0.220286
0.13179
0.0564786
0.0570973
0.12431
0.314244
0.124309
0.0534259
0.0658541
0.0598871
0.11452
0.110342
0.0444838
0.0391306
0.293292
0.314244
0.107665
0.0489602
0.187778
0.314244
0.0537727
0.0560133
0.118634
0.314244
0.142489
0.0696841
0.0615061
0.0746937
0.113346
0.0479546
0.0218307
0.060447
0.256755
0.0872722
0.138593
0.163344
0.199243
0.229788
0.229788
0.159444
0.0816697
0.142749
0.0753017
0.0496193
0.0872912
0.182158
0.229788
0.229788
0.229788
0.167103
0.113392
0.122355
0.166916
0.157571
0.216726
0.229788
0.151867
0.0913505
0.0984572
0.190844
0.0622821
0.145589
0.218512
0.17219
0.229788
0.229788
0.134015
0.102628
0.138104
0.134076
0.0954634
0.12502
0.2126
0.227772
0.227772
0.218444
0.123677
0.0864437
0.10392
0.163938
0.148875
0.203723
0.227772
0.227772
0.140648
0.147599
0.141176
0.078896
0.1263
0.163523
0.161557
0.227772
0.227772
0.171878
0.116644
0.195137
0.0394652
0.167297
0.159752
0.163767
0.227772
0.208506
0.121079
0.083088
0.11148
0.117407
0.188068
0.195259
0.177807
0.23617
0.23617
0.0942668
0.118461
0.133728
0.0814413
0.157935
0.157718
0.23617
0.23617
0.23617
0.190365
0.155099
0.23617
0.0419912
0.171887
0.124659
0.137848
0.228798
0.167617
0.112782
0.0729477
0.110675
0.0531791
0.150714
0.158283
0.1622
0.204938
0.193629
0.154754
0.127716
0.125129
0.0766908
0.1546
0.195157
0.231511
0.231511
0.231511
0.150077
0.169382
0.212327
0.0262465
0.198781
0.231511
0.231511
0.231511
0.198214
0.13072
0.116105
0.0774548
0.0490339
0.176693
0.166879
0.211842
0.231511
0.159268
0.110916
0.0978446
0.0896283
0.0429309
0.16112
0.111745
0.228987
0.198876
0.119614
0.135739
0.0984766
0.0908915
0.291807
0.060871
0.0097139
0.291807
0.291807
0.00141165
0.0238949
0.083091
0.291807
0.1613
0.11964
0.0232834
0.04122
0.186781
0.03891
0.0215159
0.0679661
0.216787
0.211326
0.0802448
0.104065
0.291807
0.291807
0.177727
0.202953
0.125306
0.291807
0.127524
0.116151
0.0713038
0.0838163
0.183421
0.109075
0.0929635
0.0646578
0.104777
0.241448
0.150144
0.0221131
0.088518
0.275118
0.0343738
0.0260045
0.0754728
0.275118
0.275118
0.0487779
0.0157848
0.0979977
0.231014
0.0241218
0.0226803
0.0963302
0.275118
0.217334
0.165297
0.0656436
0.120677
0.275118
0.161037
0.116597
0.0869133
0.172208
0.274084
0.0571141
0.00994026
0.147066
0.268898
0.0340816
0.136906
0.103342
0.275118
0.309266
0.0745024
0.0357377
0.177556
0.309266
0.0408147
0.0464941
0.105577
0.309266
0.0989667
0.0428316
0.0427454
0.0626956
0.0970734
0.0604611
0.0275369
0.0531847
0.211126
0.309266
0.0864786
0.0346187
0.207883
0.309266
0.0636747
0.142749
0.114399
0.309266
0.059055
0.0160731
0.0265286
0.224557
0.309266
0.161773
0.0571842
0.0407365
0.152124
0.0472662
0.070539
0.0768292
0.129838
0.15187
0.117976
0.0729917
0.0578297
0.0677565
0.0301167
0.0664746
0.11416
0.13537
0.120733
0.156894
0.106415
0.054573
0.0529544
0.0230529
0.0255673
0.0693505
0.391845
0.409398
0.285879
0.0551361
0.0352376
0.0219321
0.00586635
0.0180676
0.027848
0.284971
0.409398
0.398707
0.0518899
0.0358304
0.0164916
0.0389344
0.0529457
0.0847358
0.117317
0.0948908
0.138976
0.125196
0.0577393
0.0654426
0.0325551
0.0968653
0.0807087
0.102241
0.109624
0.093227
0.0566015
0.0458102
0.0520386
0.00532022
0.0165601
0.0334734
0.338306
0.419534
0.419534
0.0731668
0.0380625
0.0197121
0.0212724
0.0645133
0.0449961
0.419534
0.419534
0.167121
0.0591426
0.0423823
0.00607253
0.0391657
0.0969549
0.0784599
0.0933839
0.128242
0.0987721
0.0718932
0.0573705
0.0652888
0.0314641
0.0725827
0.084365
0.109173
0.125247
0.119748
0.105631
0.0961778
0.071328
0.0214897
0.0670842
0.0527893
0.465308
0.465308
0.221394
0.0866813
0.0675792
0.00893551
0.0239151
0.0601736
0.0851237
0.306327
0.465308
0.141284
0.0475919
0.0654525
0.0648292
0.0338252
0.0937466
0.105736
0.153607
0.188275
0.123828
0.0949757
0.0819128
0.0524595
0.0307245
0.0963496
0.0795289
0.168908
0.218122
0.0991871
0.0718934
0.0837813
0.0500896
0.0226124
0.0641855
0.0865892
0.314133
0.47258
0.161221
0.0546977
0.0665983
0.0518806
0.0180112
0.0695724
0.0682842
0.381578
0.47258
0.116539
0.0362958
0.0510525
0.0481388
0.197346
0.0663575
0.0827905
0.279579
0.279579
0.141542
0.120457
0.0847584
0.279579
0.0986662
0.0882307
0.0486154
0.0712054
0.182924
0.0717092
0.055777
0.0512869
0.0986884
0.279579
0.179664
0.152293
0.185292
0.279579
0.210364
0.0890044
0.113765
0.279579
0.149609
0.157923
0.108693
0.211053
0.279579
0.0509781
0.0446547
0.0822343
0.109187
0.168005
0.119068
0.048485
0.122395
0.26104
0.10508
0.0762644
0.0776158
0.173338
0.193576
0.0461176
0.0301197
0.111056
0.244628
0.0618926
0.102555
0.132361
0.26104
0.194115
0.174922
0.0979036
0.26104
0.26104
0.113189
0.0925854
0.165443
0.255445
0.120885
0.0337642
0.0565683
0.160802
0.24388
0.0595988
0.208488
0.242694
0.26104
0.153572
0.0450902
0.0360213
0.122531
0.274482
0.0533713
0.0822743
0.100934
0.301356
0.0257722
0.00564017
0.0149067
0.115877
0.301356
0.10967
0.0352024
0.0303577
0.0801631
0.0989509
0.0288625
0.0592263
0.152635
0.301356
0.0838185
0.18201
0.190976
0.301356
0.0224499
0.0195079
0.0459762
0.301356
0.301356
0.245899
0.0514151
0.216162
0.237035
0.00536409
0.00655694
0.0214256
0.135245
0.376809
0.111359
0.025734
0.0130753
0.00176905
0.000958865
0.0029336
0.00701355
0.0983392
0.376809
0.156201
0.0293214
0.0147846
0.00216527
0.00901766
0.0183961
0.0463726
0.376809
0.376809
0.279538
0.031507
0.178626
0.155524
0.00128824
0.0115824
0.0173316
0.153255
0.376809
0.246371
0.0138815
0.010285
0.0092396
0.00136757
0.0036567
0.0105316
0.126751
0.387131
0.171442
0.0432165
0.0168106
0.00218241
0.010833
0.0261321
0.0173019
0.147361
0.387131
0.0998038
0.0283722
0.0190422
0.00109384
0.00584229
0.0220961
0.0172441
0.180619
0.387131
0.301063
0.0119366
0.00808477
0.00526515
0.0490958
0.123375
0.051327
0.319869
0.387131
0.261012
0.0331654
0.0240294
0.0461483
0.00975063
0.022274
0.0176135
0.152429
0.356704
0.111925
0.0393058
0.0281376
0.00234314
0.00939325
0.0216593
0.0305574
0.0923002
0.356704
0.0924319
0.021457
0.0281699
0.0278862
0.0544453
0.142195
0.0571803
0.356704
0.356704
0.291209
0.0309997
0.0260133
0.0507
0.0146243
0.00877981
0.0397112
0.356704
0.356704
0.213066
0.0610555
0.0768122
0.0680114
0.00784976
0.0197979
0.0281326
0.0941296
0.391158
0.0929535
0.0221996
0.0257621
0.0195129
0.00651368
0.0252602
0.0232775
0.101229
0.391158
0.0863489
0.0121721
0.0207133
0.0162382
0.0114957
0.0133722
0.042672
0.391158
0.391158
0.218787
0.0620696
0.077688
0.0708084
0.00152396
0.000298028
0.0050921
0.288247
0.391158
0.216215
0.00530193
0.0115057
0.00010016
0.282239
0.167358
0.148612
0.183747
0.282239
0.19186
0.0526976
0.0855716
0.282239
0.11631
0.138805
0.0877558
0.199561
0.282239
0.0299698
0.0335562
0.0658944
0.10668
0.282239
0.0778855
0.0637874
0.212323
0.282239
0.0358502
0.0222417
0.0839405
0.282239
0.0847756
0.0827515
0.06071
0.213909
0.282239
0.0257786
0.0387534
0.0292471
0.0579349
0.140349
0.141694
0.0800835
0.299516
0.299516
0.0597464
0.0705844
0.122118
0.23179
0.142595
0.0312493
0.066842
0.137182
0.178634
0.0855022
0.153221
0.212693
0.299516
0.129076
0.0979349
0.0810488
0.299516
0.299516
0.0308273
0.0363144
0.0603112
0.0703038
0.224636
0.017061
0.0441798
0.0909606
0.0959395
0.028264
0.0749622
0.256044
0.299516
0.130506
0.0316252
0.0737302
0.147246
0.247891
0.10234
0.161898
0.183866
0.311887
0.0233391
0.0165267
0.0459381
0.311887
0.311887
0.225647
0.0356158
0.156398
0.194194
0.193322
0.0281076
0.0559487
0.0896883
0.150493
0.0420156
0.0673895
0.235073
0.311887
0.0524395
0.0260905
0.043685
0.166647
0.311887
0.158668
0.0461911
0.0847056
0.134572
0.00832613
0.0178012
0.0492752
0.359096
0.376745
0.26394
0.0252133
0.125228
0.120167
0.00155392
0.0131128
0.0168394
0.153615
0.376745
0.291894
0.0226726
0.0181049
0.0219052
0.0349112
0.0471701
0.0687052
0.159095
0.376745
0.164212
0.0455426
0.0579943
0.0623071
0.0821173
0.0990899
0.0470549
0.0543405
0.227
0.18271
0.107246
0.168768
0.12263
0.00374398
0.020306
0.0223969
0.1849
0.377676
0.343256
0.0230031
0.0144445
0.0135948
0.0288604
0.0847413
0.0562266
0.290807
0.377676
0.28877
0.0630155
0.0460356
0.0437795
0.0698053
0.105852
0.10236
0.0737526
0.265572
0.207665
0.101176
0.148244
0.104304
0.0834301
0.0912811
0.0853112
0.0788393
0.140839
0.107899
0.182685
0.212904
0.214505
0.0331909
0.105362
0.0782025
0.34479
0.34479
0.307272
0.0491275
0.0351604
0.0405428
0.0119789
0.0140453
0.0450573
0.34479
0.34479
0.247216
0.0557563
0.0572268
0.0449546
0.0886985
0.156049
0.159713
0.120886
0.173644
0.12355
0.144634
0.140864
0.141579
0.0997903
0.110977
0.0931745
0.129112
0.251212
0.157491
0.0908156
0.0819812
0.0741043
0.0101965
0.0215309
0.0562604
0.390969
0.390969
0.234386
0.0480676
0.0535769
0.0452844
0.00131585
0.000609405
0.00631718
0.280424
0.390969
0.267329
0.0102315
0.0101105
0
0.117695
0.157384
0.113161
0.150957
0.24875
0.163296
0.0762498
0.0484423
0.0443598
0.00819303
0.021247
0.0738681
0.136979
0.305378
0.169083
0.0676876
0.0307905
0.0133437
0.315062
0.0741306
0.0579059
0.193952
0.315062
0.0409617
0.0298928
0.0613864
0.315062
0.0696355
0.0791777
0.0520384
0.210329
0.315062
0.0247765
0.0418769
0.0266296
0.0580434
0.315062
0.139422
0.0996617
0.134133
0.219812
0.0191576
0.0177967
0.115241
0.315062
0.0927383
0.0910599
0.0812463
0.184827
0.315062
0.0430036
0.0387449
0.054252
0.119352
0.0889439
0.0868855
0.0667704
0.300693
0.328352
0.0176379
0.0330286
0.0427581
0.0484328
0.23594
0.0114206
0.0219516
0.109726
0.10903
0.0385044
0.0713526
0.213031
0.328352
0.0691779
0.117344
0.146618
0.295486
0.328352
0.0309294
0.0298889
0.0473719
0.045089
0.328352
0.0393345
0.0170595
0.121665
0.224138
0.0334673
0.0400339
0.0987913
0.328352
0.251323
0.0261219
0.0469584
0.124359
0.192546
0.05771
0.0813451
0.24008
0.341196
0.054319
0.0238766
0.0419934
0.225588
0.341196
0.137656
0.0388901
0.0543109
0.124178
0.341196
0.040232
0.0245386
0.119616
0.267048
0.0466941
0.0471761
0.113226
0.341196
0.0253833
0.0230128
0.0267446
0.135525
0.341196
0.0728617
0.02586
0.0129628
0.0726087
0.0441461
0.0609663
0.0947415
0.285702
0.344134
0.204256
0.0500786
0.0356933
0.0582667
0.0919312
0.124555
0.0670138
0.182122
0.344134
0.282383
0.125189
0.209635
0.157645
0.00287866
0.0275506
0.0396094
0.17005
0.344134
0.105818
0.0436617
0.0118035
0.00364028
0.0393345
0.0127485
0.0582103
0.23536
0.344134
0.122327
0.0802329
0.0912264
0.143392
0.0554883
0.101046
0.0929717
0.133012
0.27834
0.229775
0.0857716
0.130704
0.0924714
0.0523521
0.0743899
0.0908745
0.119469
0.260568
0.140992
0.222227
0.20058
0.161328
0.104903
0.0633464
0.0523206
0.242222
0.27834
0.0844656
0.0611745
0.102735
0.120399
0.16174
0.0987697
0.0590733
0.27834
0.27834
0.0839943
0.129272
0.27834
0.27834
0.0594511
0.137606
0.172267
0.162086
0.288572
0.140277
0.175343
0.143043
0.108525
0.0735129
0.0841743
0.0888994
0.165068
0.288572
0.157769
0.0805651
0.0585462
0.0443095
0.258825
0.163433
0.0707335
0.288572
0.288572
0.0753314
0.134004
0.288572
0.288572
0.018725
0.0411759
0.0731357
0.1943
0.288572
0.0406398
0.0388193
0.0152435
0.0267607
0.134825
0.184799
0.176559
0.285967
0.321982
0.227869
0.0892573
0.0432501
0.0321012
0.00821827
0.0241247
0.0953049
0.275157
0.321982
0.250474
0.0848237
0.0310468
0.0146211
0.0316677
0.0713618
0.10385
0.280142
0.321982
0.0696981
0.0572725
0.015018
0.0164769
0.0297022
0.0503177
0.0602468
0.279076
0.321982
0.0879086
0.0292517
0.0526871
0.0201167
0.317523
0.136606
0.0876206
0.134817
0.231851
0.035393
0.0299802
0.119654
0.317523
0.100101
0.105365
0.0734873
0.183092
0.317523
0.0467097
0.0383603
0.0507791
0.122936
0.317523
0.0887039
0.0579858
0.101375
0.24221
0.00149419
0.00547204
0.131211
0.317523
0.206115
0.134851
0.0450404
0.109929
0.317523
0.00755188
0.0490024
0.0864916
0.129636
0.0773526
0.119899
0.115129
0.261829
0.32885
0.0304388
0.0265498
0.0394409
0.0426691
0.32885
0.0396511
0.00755316
0.132096
0.23324
0.0423971
0.0542404
0.0880958
0.32885
0.237692
0.142937
0.0388026
0.146241
0.32885
0.00725288
0.0375366
0.0796352
0.0520555
0.32885
0.114907
0.00375036
0.0551619
0.168979
0.00616522
0.0217383
0.0482855
0.32885
0.364888
0.0350189
0.0146998
0.130662
0.295571
0.0529338
0.0617839
0.103895
0.364888
0.031956
0.0309378
0.0214751
0.169623
0.364888
0.068097
0.0284733
0.0187042
0.0620115
0.364888
0.091799
0.00656476
0.049366
0.135315
0.0117657
0.0356862
0.0865326
0.364888
0.154049
0.135842
0.0328459
0.101487
0.203563
0.036672
0.0713424
0.095271
0.146661
0.00785257
0.0297831
0.0339839
0.206803
0.33589
0.0944865
0.0417436
0.0233419
0.00812684
0.025757
0.0468137
0.066151
0.298328
0.33589
0.109265
0.0601758
0.0784498
0.1138
0.12758
0.144894
0.0456989
0.102545
0.154582
0.0309519
0.0907933
0.194455
0.205737
0.132213
0.264256
0.187996
0.311542
0.33589
0.0351228
0.0721804
0.210365
0.202397
0.0614328
0.0714821
0.0580334
0.220689
0.283403
0.0696222
0.0412625
0.0783476
0.0846124
0.111671
0.0972084
0.0611649
0.241932
0.283403
0.0816247
0.102474
0.232602
0.283403
0.144958
0.16169
0.0952168
0.166249
0.283403
0.0126732
0.03859
0.163033
0.225081
0.283403
0.109816
0.0726579
0.159227
0.243506
0.00363033
0.00643148
0.130545
0.283403
0.173468
0.155216
0.086514
0.302835
0.302835
0.0769797
0.110403
0.296044
0.302835
0.0130725
0.0250619
0.0434514
0.181444
0.302835
0.0317362
0.0245971
0.0102018
0.0157477
0.302835
0.139782
0.0760038
0.206917
0.302835
0.00796257
0.0067645
0.142001
0.302835
0.0506678
0.0280768
0.0429315
0.0545372
0.226485
0.0307315
0.0210697
0.015174
0.0595496
0.0218959
0.0497186
0.103766
0.411987
0.411987
0.0748796
0.0546432
0.0246194
0.0140763
0.033573
0.0497752
0.0635857
0.411987
0.411987
0.0895123
0.0301194
0.0452395
0.022264
0.0528147
0.0738226
0.0804988
0.15271
0.411987
0.0876973
0.056207
0.0298077
0.0244238
0.0398304
0.0754956
0.0628298
0.0913611
0.168441
0.0579776
0.0746448
0.0336496
0.0267388
0.29042
0.0916296
0.0488061
0.112817
0.246254
0.00401486
0.024839
0.167793
0.29042
0.196029
0.132568
0.0374357
0.120595
0.29042
0.015156
0.0462744
0.0651407
0.135008
0.29042
0.0438146
0.0315058
0.207436
0.29042
0.0246006
0.113266
0.225448
0.29042
0.100802
0.0541496
0.0351229
0.202068
0.29042
0.0191429
0.0527488
0.104122
0.143254
0.226891
0.140099
0.0279144
0.166183
0.314782
0.0136614
0.0377451
0.0557422
0.0542435
0.314782
0.105446
0.0102044
0.0562141
0.175694
0.007876
0.0185487
0.0358519
0.314782
0.0420604
0.0378054
0.0403873
0.251682
0.314782
0.0188537
0.0563611
0.108918
0.0569211
0.314782
0.149423
0.235389
0.216431
0.171842
0.0266348
0.0673525
0.0721338
0.314782
0.310258
0.069231
0.0124841
0.0449412
0.115917
0.013244
0.0338026
0.0584832
0.310258
0.111321
0.102688
0.0460753
0.0860653
0.193786
0.0402603
0.0673529
0.0848911
0.10471
0.310258
0.105157
0.16816
0.156212
0.200129
0.0781439
0.0657049
0.100866
0.310258
0.0562211
0.0931989
0.282769
0.304744
0.310258
0.251972
0.142938
0.0387406
0.0687354
0.0610427
0.0818955
0.0561622
0.0791771
0.116056
0.0325689
0.07195
0.116426
0.0985974
0.103019
0.261532
0.110171
0.198947
0.261532
0.0916565
0.0590495
0.12879
0.116158
0.0167403
0.0521686
0.215129
0.250671
0.261532
0.261532
0.186671
0.0802935
0.0464865
0.0613397
0.261532
0.261532
0.261532
0.261532
0.261532
0.181947
0.122558
0.0990578
0.10006
0.181449
0.103682
0.157242
0.229585
0.0611938
0.0497153
0.123399
0.14657
0.229585
0.11006
0.0522864
0.120379
0.199209
0.0584532
0.0798354
0.144954
0.229585
0.0356262
0.145661
0.229585
0.229585
0.229585
0.229585
0.162895
0.162724
0.108006
0.0679035
0.145524
0.123976
0.229585
0.216757
0.229585
0.224223
0.229585
0.161744
0.233727
0.123621
0.091505
0.158945
0.233727
0.056946
0.0805622
0.155271
0.233727
0.0595368
0.059996
0.0568983
0.035536
0.100834
0.0222872
0.0743518
0.0889785
0.0644535
0.081091
0.190973
0.177133
0.194952
0.219297
0.209507
0.19261
0.233727
0.174073
0.190868
0.2159
0.170947
0.104658
0.233727
0.212768
0.233727
0.233727
0.233727
0.0727261
0.12031
0.0982781
0.0627249
0.186452
0.0250958
0.0996916
0.12712
0.048522
0.0152487
0.0297671
0.0268347
0.0333948
0.0489639
0.0224198
0.0327414
0.0137231
0.0118264
0.216146
0.260132
0.260132
0.147194
0.260132
0.260132
0.260132
0.260132
0.260132
0.0501985
0.170192
0.249721
0.152358
0.260132
0.260132
0.174449
0.260132
0.054576
0.276669
0.0476657
0.026243
0.223568
0.276669
0.0258252
0.140701
0.225794
0.276669
0.0801885
0.0502509
0.0424498
0.210775
0.276669
0.0405016
0.06368
0.0864795
0.146733
0.182692
0.157698
0.0858412
0.270078
0.276669
0.106661
0.167946
0.204108
0.276669
0.0947258
0.122762
0.0677251
0.134457
0.201897
0.0398353
0.0403925
0.0601187
0.111114
0.0376632
0.0397927
0.0608131
0.299592
0.299592
0.0390021
0.0767347
0.0986174
0.0805803
0.299592
0.139526
0.275749
0.271992
0.236272
0.0244416
0.0705708
0.0931015
0.299592
0.125381
0.149832
0.0939902
0.144514
0.264439
0.031019
0.0343828
0.0777608
0.0998024
0.107864
0.0653165
0.11177
0.161587
0.129095
0.110603
0.182831
0.0924261
0.299592
0.282529
0.0885737
0.178572
0.176076
0.225228
0.075136
0.0720448
0.1096
0.282529
0.0508577
0.0835168
0.282529
0.282529
0.282529
0.242606
0.177588
0.0729918
0.0882293
0.0979744
0.0508009
0.0970195
0.111167
0.0892061
0.0933016
0.126733
0.124921
0.282529
0.0615478
0.0840402
0.134936
0.112772
0.192705
0.207622
0.168118
0.146805
0.0978247
0.0107481
0.0486479
0.249506
0.260353
0.260353
0.254617
0.191697
0.086071
0.0402887
0.0957702
0.260353
0.260353
0.260353
0.260353
0.260353
0.149367
0.111147
0.0691319
0.0478351
0.0629169
0.116155
0.0830771
0.144488
0.182604
0.143482
0.167334
0.10341
0.0830346
0.144859
0.138853
0.147513
0.208366
0.14638
0.147572
0.0690695
0.0332006
0.0492695
0.235488
0.240271
0.240271
0.240271
0.240271
0.16406
0.161709
0.0809507
0.0946867
0.194095
0.119485
0.230506
0.240271
0.240271
0.240271
0.240271
0.142737
0.0744521
0.128736
0.124503
0.131279
0.159775
0.116653
0.129438
0.0827696
0.0425441
0.0694517
0.15088
0.058681
0.131334
0.157581
0.16743
0.120209
0.210444
0.0833835
0.0887505
0.216619
0.190436
0.203755
0.229333
0.229333
0.229333
0.229333
0.141211
0.196742
0.229333
0.195063
0.110088
0.229333
0.206485
0.229333
0.229333
0.229333
0.051368
0.131779
0.0618521
0.113726
0.138007
0.149527
0.122833
0.185585
0.0849062
0.067112
0.149938
0.118438
0.114729
0.148893
0.111904
0.0976955
0.0654628
0.0708284
0.198604
0.231663
0.231663
0.133315
0.217713
0.20663
0.231663
0.231663
0.231663
0.0401568
0.101465
0.137122
0.160684
0.231663
0.231663
0.116172
0.158293
0.0485087
0.073209
0.148899
0.128525
0.117826
0.16798
0.150345
0.121794
0.0573056
0.0807167
0.0765538
0.0927541
0.165291
0.187626
0.222729
0.130802
0.0989142
0.231663
0.197571
0.258782
0.193685
0.0971831
0.258782
0.258782
0.14621
0.187187
0.20616
0.258782
0.11437
0.137986
0.0834287
0.170655
0.258782
0.0609401
0.0404207
0.0751179
0.162239
0.103147
0.241552
0.172579
0.215477
0.258782
0.140052
0.151296
0.195313
0.136394
0.118034
0.137401
0.0456982
0.0907784
0.178992
0.0257666
0.0325544
0.0607021
0.147498
0.172106
0.175731
0.121138
0.214763
0.277322
0.0465415
0.0417059
0.103705
0.162365
0.142141
0.0593869
0.163142
0.219192
0.165207
0.111177
0.244199
0.18325
0.277322
0.199247
0.137072
0.0505683
0.126953
0.277322
0.0409172
0.0397105
0.0758966
0.152112
0.102326
0.00204448
0.0262063
0.0414759
0.136628
0.0641505
0.277322
0.277322
0.277322
0.12457
0.0551767
0.128994
0.144326
0.121677
0.100489
0.160444
0.193806
0.250283
0.105711
0.111926
0.181761
0.147274
0.170996
0.234084
0.235678
0.232044
0.140545
0.0858108
0.0398581
0.0499725
0.057959
0.155883
0.0826461
0.196262
0.250283
0.250283
0.129859
0.119206
0.180265
0.250283
0.250283
0.167202
0.149363
0.161139
0.16337
0.0742511
0.0975941
0.165828
0.125572
0.168662
0.214932
0.190046
0.221231
0.130919
0.10448
0.169097
0.143598
0.214086
0.221231
0.191062
0.164774
0.124817
0.0351765
0.0951651
0.135747
0.171865
0.221231
0.221231
0.187351
0.137353
0.136227
0.159606
0.0508345
0.138728
0.111942
0.215382
0.221231
0.221231
0.198894
0.221231
0.0971165
0.0849277
0.167622
0.156517
0.215125
0.215125
0.154516
0.148727
0.116863
0.0379247
0.145485
0.215125
0.109596
0.166092
0.215125
0.215125
0.157761
0.215125
0.161965
0.0492651
0.149309
0.153268
0.155289
0.215125
0.215125
0.179745
0.179082
0.0917337
0.0793573
0.133715
0.215125
0.215125
0.182097
0.18042
0.154407
0.178277
0.117464
0.105995
0.203914
0.127818
0.169518
0.211641
0.211641
0.194577
0.211641
0.148621
0.0998881
0.203318
0.160723
0.181841
0.211641
0.163912
0.155785
0.0750301
0.0736204
0.0829324
0.151842
0.211641
0.193204
0.211641
0.184931
0.162998
0.144248
0.0826248
0.0918433
0.188599
0.185685
0.211641
0.179104
0.103445
0.211641
0.162089
0.0907126
0.0944383
0.160169
0.135988
0.152198
0.214762
0.179252
0.17432
0.0704313
0.0717481
0.112615
0.11596
0.171361
0.2221
0.2221
0.0962269
0.152747
0.2221
0.205618
0.0805428
0.142018
0.144309
0.185337
0.2221
0.130544
0.206818
0.135821
0.0692076
0.2221
0.2221
0.193607
0.2221
0.2221
0.144854
0.184545
0.12936
0.0767259
0.157844
0.233671
0.146145
0.217242
0.233671
0.1642
0.162365
0.211105
0.142267
0.140794
0.122273
0.0461761
0.0975073
0.21246
0.0307314
0.0295746
0.074305
0.156247
0.233671
0.233671
0.110761
0.233671
0.233671
0.146092
0.211761
0.233671
0.212817
0.0992592
0.123822
0.0790173
0.183466
0.233671
0.0280454
0.0831704
0.140557
0.109489
0.222119
0.11677
0.0415001
0.135484
0.284529
0.036518
0.0372471
0.0797278
0.145493
0.154327
0.00637265
0.0579853
0.0611948
0.126354
0.071309
0.220942
0.284529
0.284529
0.109773
0.123956
0.108847
0.276107
0.284529
0.0403358
0.0538319
0.110271
0.112243
0.206922
0.0477132
0.132359
0.102325
0.178754
0.215353
0.123352
0.26397
0.284529
0.119327
0.0365027
0.0651021
0.0642802
0.133854
0.086703
0.154311
0.24859
0.24859
0.137585
0.11569
0.180448
0.224848
0.24859
0.156251
0.16578
0.169493
0.128953
0.165949
0.0464783
0.10948
0.0955989
0.117774
0.157453
0.166824
0.211872
0.24859
0.0544322
0.0754334
0.224116
0.229607
0.214357
0.216099
0.24859
0.176328
0.0871434
0.105774
0.14002
0.191376
0.205264
0.222117
0.182514
0.17123
0.163612
0.143454
0.0470082
0.128737
0.120892
0.193681
0.222117
0.222117
0.195433
0.222117
0.096982
0.0474117
0.0951635
0.208407
0.222117
0.221342
0.199678
0.222117
0.181441
0.093037
0.0656391
0.0789877
0.164516
0.183053
0.222117
0.161439
0.119739
0.109092
0.0894831
0.0428944
0.159195
0.186356
0.198627
0.216895
0.216895
0.195627
0.208039
0.100239
0.0936213
0.144506
0.216895
0.208094
0.210242
0.216895
0.177223
0.181048
0.193334
0.0578908
0.102249
0.203984
0.216895
0.216895
0.141664
0.149989
0.106268
0.0854893
0.0997679
0.119715
0.122799
0.188607
0.146709
0.0928066
0.211366
0.136599
0.145152
0.0948626
0.170555
0.214883
0.196372
0.214883
0.214883
0.175691
0.12835
0.128651
0.133764
0.214883
0.145147
0.214883
0.183994
0.134368
0.214883
0.137532
0.0858226
0.0958621
0.141399
0.172359
0.208113
0.18182
0.0966501
0.162701
0.143084
0.128774
0.118929
0.203989
0.146128
0.186127
0.201892
0.137588
0.214883
0.181167
0.0818054
0.0953398
0.157581
0.0970399
0.143942
0.193513
0.132845
0.183988
0.100735
0.0465732
0.2344
0.2344
0.166574
0.197845
0.204059
0.151492
0.173955
0.159575
0.0792665
0.113516
0.20663
0.165179
0.111984
0.222489
0.141334
0.15403
0.130093
0.0678705
0.127239
0.2344
0.206371
0.0892589
0.166802
0.2344
0.2344
0.2344
0.082616
0.245725
0.222309
0.0952466
0.245725
0.245725
0.0841203
0.217692
0.245725
0.188757
0.132579
0.102241
0.0705623
0.158278
0.245725
0.0363533
0.0671664
0.110019
0.111496
0.241699
0.178429
0.154989
0.245725
0.245725
0.128924
0.191591
0.144569
0.104929
0.108856
0.0559467
0.0345287
0.13852
0.245725
0.0272321
0.0744444
0.154624
0.121932
0.124307
0.0990121
0.085264
0.234535
0.270004
0.0402508
0.0402064
0.0803557
0.10625
0.244669
0.0680408
0.111486
0.119389
0.172588
0.186701
0.0677282
0.228452
0.270004
0.0616439
0.0483439
0.0266695
0.223196
0.270004
0.0322292
0.0445392
0.113236
0.145696
0.234441
0.101693
0.232494
0.228736
0.188392
0.167598
0.0319796
0.239297
0.270004
0.193122
0.0586535
0.105196
0.109446
0.118058
0.137218
0.103248
0.195908
0.24661
0.0686902
0.0857433
0.189935
0.164012
0.16322
0.199675
0.24661
0.192629
0.103449
0.193582
0.0728928
0.127247
0.130102
0.122918
0.115217
0.0709855
0.218866
0.24661
0.0816223
0.195428
0.176051
0.235909
0.229846
0.190567
0.159707
0.204981
0.192869
0.0796787
0.106023
0.214954
0.214954
0.199338
0.197661
0.214954
0.214954
0.124688
0.080041
0.0904044
0.131015
0.171885
0.214954
0.143447
0.147726
0.0982818
0.0715141
0.0849196
0.178489
0.171762
0.182195
0.181199
0.169273
0.214954
0.214954
0.214954
0.138775
0.160067
0.214954
0.171665
0.203936
0.119536
0.0794234
0.127788
0.193982
0.0848116
0.108889
0.167304
0.222431
0.222431
0.131927
0.172633
0.104742
0.0799655
0.0901498
0.12483
0.118555
0.196491
0.221648
0.119692
0.177558
0.141248
0.135227
0.139438
0.152778
0.222431
0.180161
0.193076
0.114398
0.113399
0.18396
0.219795
0.0982366
0.222431
0.198427
0.222431
0.222431
0.0628847
0.222431
0.222431
0.0969374
0.0926856
0.145314
0.144331
0.218983
0.21995
0.130772
0.144816
0.164805
0.160571
0.127404
0.214208
0.122796
0.190376
0.21995
0.206323
0.21995
0.158778
0.0904544
0.0944757
0.21995
0.163721
0.21995
0.21995
0.08396
0.21995
0.21995
0.135623
0.0579903
0.104064
0.0556604
0.0857122
0.0938996
0.21995
0.21995
0.177468
0.105778
0.155859
0.251898
0.185356
0.151199
0.251898
0.213971
0.215059
0.166346
0.123522
0.172872
0.251898
0.251898
0.106288
0.156379
0.251898
0.251898
0.251898
0.141603
0.0627658
0.068552
0.0473364
0.0696752
0.103203
0.214229
0.251898
0.213701
0.149024
0.0184233
0.0244363
0.031503
0.0297997
0.084281
0.162073
0.114459
0.0244591
0.0132473
0.238011
0.186361
0.184009
0.252813
0.252813
0.0893241
0.190365
0.166165
0.123484
0.122838
0.0505399
0.0355815
0.139953
0.252813
0.0260231
0.0497267
0.137722
0.167774
0.252813
0.252813
0.13072
0.252813
0.252813
0.0724375
0.224963
0.137093
0.102969
0.100167
0.100687
0.0173103
0.145463
0.252813
0.0737203
0.0640808
0.134459
0.12655
0.0729448
0.0447907
0.0246608
0.22232
0.280054
0.0310171
0.0302
0.103078
0.178372
0.27084
0.135882
0.199178
0.216128
0.193648
0.107053
0.030364
0.24649
0.280054
0.0745198
0.0704164
0.0155443
0.150032
0.215843
0.0636091
0.0763652
0.135674
0.183656
0.175584
0.0191473
0.0849888
0.171815
0.180989
0.171632
0.154079
0.280054
0.280054
0.216888
0.0910787
0.104708
0.132093
0.145148
0.0872367
0.0571816
0.217848
0.249225
0.0902354
0.18644
0.150524
0.233733
0.230223
0.16445
0.145744
0.217388
0.211856
0.136459
0.0211213
0.0646485
0.0935429
0.133684
0.116895
0.122828
0.249225
0.249225
0.0833604
0.183152
0.223262
0.171204
0.242403
0.230189
0.120817
0.0907788
0.0635155
0.1089
0.161761
0.146285
0.194845
0.210356
0.167056
0.193224
0.210356
0.210356
0.144227
0.145318
0.17637
0.151976
0.185468
0.105788
0.123623
0.13032
0.162335
0.0731394
0.173191
0.210356
0.158337
0.210356
0.210356
0.160011
0.10516
0.078127
0.135336
0.171034
0.195824
0.172248
0.145744
0.141573
0.210356
0.210356
0.151618
0.164214
0.149038
0.2032
0.164804
0.184354
0.113457
0.140932
0.177488
0.175947
0.0944372
0.221038
0.183847
0.221038
0.221038
0.0650322
0.221038
0.221038
0.0981973
0.129203
0.181833
0.177727
0.17534
0.198409
0.169236
0.221038
0.221038
0.166794
0.0601252
0.116596
0.0464677
0.0860799
0.079818
0.0606178
0.221038
0.221038
0.110196
0.127452
0.251717
0.211212
0.251717
0.251717
0.135455
0.251717
0.251717
0.217722
0.0625468
0.131315
0.0781914
0.128812
0.156208
0.251717
0.251717
0.233606
0.147956
0.0675527
0.16555
0.0468069
0.142544
0.179715
0.112434
0.251717
0.251717
0.146105
0.0468841
0.0858488
0.046753
0.0759717
0.0484449
0.0265148
0.0747538
0.0936645
0.0521052
0.135983
0.192495
0.11747
0.233804
0.319604
0.319604
0.319604
0.319604
0.319604
0.0374368
0.045738
0.0618005
0.109634
0.217273
0.319604
0.13753
0.0623396
0.0398705
0.0817418
0.153906
0.10038
0.142059
0.115827
0.0739308
0.103299
0.143714
0.115977
0.0510794
0.0681672
0.07652
0.036776
0.116377
0.0815791
0.0486247
0.0878805
0.05612
0.270348
0.270348
0.160721
0.270348
0.270348
0.0642278
0.188935
0.156981
0.141032
0.11367
0.0941216
0.0328563
0.182143
0.270348
0.0572659
0.0483042
0.14142
0.149613
0.208732
0.199226
0.138507
0.270348
0.270348
0.127518
0.12277
0.0739915
0.0569534
0.0796169
0.0857888
0.0293029
0.177476
0.270348
0.0369446
0.0493306
0.0827255
0.0434175
0.0916023
0.0677015
0.033648
0.180934
0.223389
0.052114
0.0625814
0.147707
0.2165
0.232522
0.0284354
0.110286
0.198718
0.239949
0.200957
0.142389
0.292419
0.292419
0.0976982
0.0714981
0.0312425
0.0666771
0.0827581
0.0368031
0.0653885
0.13086
0.207883
0.19633
0.0361291
0.090593
0.0291493
0.204065
0.235233
0.21614
0.247274
0.292419
0.195027
0.0318514
0.0733846
0.110972
0.175769
0.135113
0.112345
0.245841
0.268497
0.0648488
0.199972
0.268497
0.212254
0.268497
0.268497
0.140602
0.111842
0.0543497
0.173739
0.0368089
0.0513216
0.0234122
0.125237
0.121643
0.148258
0.21099
0.268497
0.0588786
0.0943807
0.210803
0.0771013
0.133946
0.121638
0.187836
0.249851
0.105862
0.0756468
0.193625
0.214956
0.204869
0.214956
0.214956
0.166698
0.124517
0.0774663
0.137051
0.201307
0.208046
0.202969
0.138508
0.163763
0.214956
0.214956
0.17338
0.0737845
0.131343
0.18005
0.128617
0.127974
0.0853953
0.147804
0.200986
0.0957103
0.0944713
0.210996
0.214956
0.214956
0.104984
0.0811218
0.153719
0.177283
0.17145
0.163084
0.225186
0.200021
0.225186
0.191171
0.193605
0.225186
0.225186
0.225186
0.0796313
0.143746
0.0460868
0.105738
0.0811815
0.079167
0.225186
0.225186
0.156992
0.124099
0.225186
0.225186
0.225186
0.0941174
0.0862097
0.170284
0.225186
0.225186
0.0470837
0.036863
0.0621388
0.0589987
0.039963
0.0614499
0.149934
0.225186
0.151255
0.125168
0.264787
0.070401
0.225459
0.233275
0.173323
0.264787
0.264787
0.264787
0.0699822
0.109797
0.0970399
0.106676
0.0913408
0.0474384
0.100342
0.15629
0.0753808
0.0944625
0.115976
0.071748
0.0475559
0.0520978
0.12497
0.264787
0.264787
0.264787
0.0931111
0.264787
0.155672
0.0863096
0.172912
0.116996
0.20609
0.139054
0.0284373
0.102862
0.189758
0.171578
0.178999
0.182408
0.111334
0.11757
0.232626
0.15338
0.0716765
0.0877707
0.117313
0.05849
0.152376
0.0898664
0.102407
0.120039
0.0816426
0.202855
0.244555
0.244555
0.155409
0.236648
0.192985
0.244555
0.244555
0.0995929
0.0495121
0.126705
0.244555
0.205591
0.166076
0.168353
0.15196
0.175149
0.154762
