0.0852336
0.211718
0.144502
0.180205
0.211718
0.0932101
0.139336
0.211718
0.181154
0.0783321
0.0766196
0.15623
0.211718
0.211718
0.150048
0.197732
0.211718
0.119142
0.101596
0.185995
0.0913461
0.1286
0.211718
0.140864
0.177143
0.211718
0.125997
0.138166
0.126262
0.211718
0.211718
0.191721
0.117268
0.211718
0.211718
0.0768846
0.0761587
0.0931873
0.177751
0.210336
0.210336
0.143418
0.199037
0.190513
0.0979503
0.13141
0.210336
0.210336
0.150433
0.210336
0.210336
0.106834
0.210336
0.197209
0.135487
0.116376
0.183641
0.167462
0.13807
0.111877
0.210336
0.203076
0.0741545
0.184463
0.168808
0.107059
0.122684
0.210336
0.16582
0.141627
0.165952
0.152827
0.112666
0.209806
0.209806
0.15025
0.209806
0.201889
0.120388
0.193608
0.185811
0.10337
0.174846
0.123438
0.209806
0.164149
0.155321
0.150021
0.207658
0.119661
0.155109
0.192296
0.117432
0.112084
0.209806
0.17585
0.155162
0.161485
0.138259
0.155696
0.17246
0.181311
0.209806
0.209806
0.0990989
0.134025
0.194049
0.0441963
0.082517
0.16746
0.118194
0.17815
0.158783
0.142749
0.195978
0.219178
0.154218
0.0548676
0.16507
0.219178
0.219178
0.219178
0.168028
0.113784
0.115851
0.149248
0.115251
0.188691
0.18446
0.198575
0.219178
0.119059
0.133216
0.171323
0.030606
0.0989357
0.104632
0.148239
0.219178
0.219178
0.110564
0.180789
0.219178
0.219178
0.0717435
0.187655
0.215789
0.215789
0.198852
0.121616
0.128373
0.166791
0.153711
0.107836
0.170758
0.215789
0.215789
0.192081
0.172094
0.0683958
0.215789
0.109423
0.109266
0.141029
0.157553
0.211851
0.215789
0.11598
0.151047
0.215789
0.16203
0.0755903
0.0872561
0.165282
0.215789
0.172001
0.0971956
0.200898
0.169251
0.167856
0.122406
0.200501
0.215641
0.215641
0.215641
0.149697
0.106959
0.215641
0.0792238
0.13194
0.215641
0.215641
0.187079
0.215641
0.1904
0.155427
0.108505
0.0660743
0.115631
0.141283
0.186573
0.215641
0.212722
0.103064
0.167967
0.115644
0.089933
0.116113
0.215641
0.145105
0.165651
0.215641
0.140378
0.14088
0.166798
0.0876475
0.102451
0.211322
0.169971
0.163065
0.211322
0.176212
0.192701
0.11223
0.0876969
0.0735344
0.128506
0.211322
0.211322
0.211322
0.104091
0.196877
0.129114
0.133105
0.123964
0.211322
0.135879
0.182481
0.211322
0.129524
0.122733
0.135952
0.0837595
0.209828
0.160302
0.157837
0.211322
0.185636
0.0892149
0.211322
0.211322
0.177633
0.11346
0.211
0.105087
0.152156
0.211
0.145369
0.184734
0.199558
0.12439
0.118711
0.112013
0.165222
0.187858
0.177529
0.175931
0.202253
0.186233
0.0764302
0.0621555
0.163133
0.211
0.122897
0.156563
0.201431
0.211
0.1508
0.115647
0.157093
0.104409
0.184511
0.138233
0.204914
0.194151
0.164099
0.211
0.211
0.123021
0.115656
0.141468
0.153872
0.141058
0.175301
0.209489
0.184471
0.0721559
0.148514
0.183556
0.155087
0.139016
0.209489
0.15802
0.138596
0.128345
0.201758
0.141543
0.148359
0.209489
0.160283
0.209054
0.170734
0.141398
0.183104
0.197263
0.187297
0.160292
0.209489
0.209489
0.209489
0.187164
0.147657
0.129947
0.0813737
0.132696
0.204399
0.154275
0.125723
0.212417
0.150641
0.157765
0.127899
0.172804
0.169091
0.17088
0.212417
0.181867
0.212417
0.105027
0.130953
0.133123
0.0590015
0.166564
0.17656
0.212417
0.196948
0.201204
0.188063
0.154623
0.117005
0.0699101
0.212417
0.212417
0.178235
0.168608
0.182472
0.204482
0.13813
0.109028
0.117964
0.13028
0.190689
0.190069
0.157267
0.213555
0.126926
0.124192
0.117984
0.0538983
0.0930849
0.117518
0.112516
0.213555
0.213555
0.150974
0.177578
0.213555
0.213555
0.213555
0.213555
0.140686
0.134964
0.18006
0.167253
0.140709
0.151044
0.139635
0.164345
0.108785
0.112284
0.185468
0.213555
0.213555
0.159481
0.213555
0.141881
0.09782
0.166546
0.126205
0.210879
0.212494
0.172441
0.158027
0.188622
0.183956
0.0880206
0.0841144
0.185503
0.212494
0.16052
0.120137
0.183037
0.147078
0.195397
0.165507
0.0986451
0.13221
0.174548
0.212494
0.202199
0.155184
0.212494
0.146081
0.101651
0.125689
0.206162
0.153315
0.212494
0.180649
0.136754
0.130752
0.194181
0.12867
0.143092
0.20542
0.217472
0.199651
0.107593
0.154379
0.0978996
0.125688
0.160293
0.217472
0.152408
0.141653
0.203033
0.0933481
0.133508
0.187829
0.168183
0.125989
0.171298
0.190755
0.170117
0.217472
0.154783
0.125053
0.109552
0.17553
0.0969913
0.151986
0.0817562
0.117623
0.217472
0.217472
0.206811
0.217472
0.217472
0.186455
0.214435
0.155857
0.155239
0.198289
0.0930829
0.148251
0.141569
0.143051
0.187844
0.15289
0.186515
0.214435
0.177406
0.0991371
0.214435
0.214435
0.214435
0.138486
0.214435
0.101274
0.148968
0.214435
0.194994
0.168505
0.195793
0.172377
0.165345
0.157307
0.106292
0.0856147
0.212175
0.0625996
0.0892637
0.114619
0.151341
0.0668348
0.14721
0.207356
0.139027
0.168218
0.178892
0.215279
0.133076
0.104077
0.184395
0.0879316
0.14103
0.125964
0.206681
0.166844
0.181012
0.215279
0.215279
0.14185
0.215279
0.156398
0.163608
0.21256
0.203399
0.215279
0.215279
0.14767
0.115107
0.0449654
0.107757
0.130851
0.144968
0.0890168
0.13592
0.215279
0.215279
0.16611
0.115835
0.164429
0.148581
0.199835
0.147015
0.168154
0.158358
0.204326
0.116411
0.138861
0.21513
0.21513
0.21513
0.202395
0.143009
0.135412
0.0748331
0.123366
0.0720898
0.0972244
0.156597
0.178742
0.0986232
0.127843
0.21513
0.21513
0.21513
0.21513
0.189136
0.21513
0.21513
0.0713101
0.127478
0.171817
0.139541
0.110606
0.156895
0.212619
0.212619
0.196754
0.178408
0.155424
0.113741
0.0618161
0.212619
0.212619
0.200995
0.159193
0.186312
0.147479
0.107808
0.128758
0.118668
0.212619
0.212619
0.212619
0.206432
0.212619
0.0793703
0.111052
0.145632
0.113144
0.0862743
0.169058
0.177176
0.155245
0.165712
0.0711872
0.180805
0.212619
0.168387
0.214986
0.214986
0.164996
0.140219
0.177376
0.152649
0.128259
0.141943
0.149623
0.16042
0.127738
0.121588
0.17882
0.214986
0.214986
0.163477
0.210573
0.111068
0.0896367
0.213848
0.214986
0.149084
0.177471
0.0616269
0.158811
0.202181
0.164549
0.101745
0.214986
0.214986
0.150162
0.214986
0.159844
0.117206
0.112541
0.0899266
0.158855
0.110234
0.13399
0.168209
0.219964
0.219964
0.184173
0.193957
0.127315
0.105707
0.119166
0.219964
0.16856
0.219964
0.185089
0.148578
0.158775
0.170156
0.129963
0.219964
0.203292
0.152508
0.219964
0.125941
0.114857
0.105664
0.0865335
0.0559579
0.112949
0.144098
0.15235
0.219964
0.130961
0.219964
0.178224
0.198247
0.138492
0.158131
0.199506
0.162466
0.223949
0.151528
0.145003
0.131856
0.162243
0.127594
0.15608
0.0822662
0.0954049
0.223949
0.219212
0.208017
0.223949
0.223949
0.0732804
0.095561
0.105196
0.142132
0.223949
0.121944
0.223949
0.18646
0.158461
0.113171
0.119063
0.0529159
0.05941
0.151528
0.21359
0.223949
0.194194
0.207096
0.217833
0.217833
0.126122
0.128638
0.217833
0.209232
0.196715
0.217833
0.217833
0.181958
0.195853
0.141562
0.0945843
0.211388
0.0697696
0.139567
0.133375
0.197544
0.122462
0.153803
0.0715769
0.0827387
0.20107
0.217833
0.217833
0.217833
0.182576
0.0704347
0.167254
0.13363
0.0925737
0.217595
0.0762844
0.176228
0.0924883
0.0513961
0.128642
0.222322
0.121726
0.158768
0.222322
0.222322
0.216265
0.210419
0.119253
0.1369
0.080374
0.123849
0.119426
0.139744
0.07645
0.164176
0.222322
0.222322
0.133581
0.185538
0.135249
0.21944
0.195402
0.222322
0.0954844
0.198791
0.135739
0.136356
0.160284
0.106078
0.105095
0.114677
0.103659
0.145525
0.222322
0.222322
0.131681
0.096336
0.0891096
0.130612
0.169196
0.0819954
0.144302
0.191037
0.219061
0.219061
0.219061
0.157941
0.200019
0.219061
0.0715993
0.108557
0.146245
0.166806
0.113602
0.210859
0.106443
0.154908
0.199725
0.103439
0.139618
0.219061
0.219061
0.153967
0.219061
0.120062
0.129645
0.219061
0.118075
0.202131
0.142272
0.219061
0.201906
0.226901
0.179367
0.192747
0.226901
0.0856593
0.108796
0.136037
0.136029
0.0923885
0.141382
0.152718
0.169878
0.19614
0.0493239
0.155731
0.226901
0.149795
0.170648
0.226901
0.178353
0.175899
0.226901
0.123597
0.197298
0.141633
0.226901
0.104876
0.178964
0.151267
0.18057
0.194319
0.0619019
0.1192
0.153706
0.111573
0.123305
0.210427
0.214593
0.174873
0.214593
0.0700525
0.15407
0.214593
0.145048
0.12695
0.214593
0.214593
0.177785
0.214593
0.128355
0.132916
0.129289
0.104
0.154606
0.214593
0.214593
0.214593
0.214593
0.102633
0.142801
0.157284
0.0789083
0.106469
0.214593
0.101923
0.197604
0.214593
0.135661
0.0982835
0.100976
0.115872
0.169499
0.218768
0.218768
0.164044
0.218768
0.133682
0.145235
0.101695
0.0947618
0.0651474
0.107816
0.151916
0.167696
0.218768
0.150463
0.218768
0.218768
0.201394
0.127429
0.198436
0.152748
0.194441
0.218768
0.157944
0.111039
0.101577
0.139638
0.0549693
0.100021
0.160427
0.136712
0.218768
0.17942
0.140432
0.178488
0.218768
0.110691
0.120302
0.136124
0.150433
0.217488
0.146942
0.217488
0.217488
0.166441
0.156947
0.153393
0.0726243
0.0587884
0.17272
0.21314
0.217488
0.217488
0.217488
0.0678587
0.103221
0.217488
0.142102
0.217488
0.150118
0.135816
0.148634
0.184996
0.0838053
0.113575
0.155825
0.14944
0.198941
0.184373
0.210953
0.173142
0.157877
0.202625
0.212729
0.118999
0.0962443
0.217908
0.217908
0.217908
0.217908
0.217908
0.0835042
0.151108
0.150436
0.147494
0.217908
0.0838953
0.214081
0.130746
0.0752145
0.0975777
0.105893
0.187348
0.187925
0.217908
0.192629
0.217908
0.2034
0.200963
0.0847475
0.161649
0.113517
0.142311
0.1521
0.112779
0.143534
0.0824839
0.144422
0.113006
0.217279
0.152564
0.220193
0.202546
0.220193
0.100994
0.220193
0.116576
0.173198
0.190718
0.130214
0.0989621
0.103786
0.119689
0.190656
0.220193
0.220193
0.059486
0.0638859
0.109428
0.196876
0.182625
0.163023
0.185846
0.159732
0.0834843
0.18037
0.136611
0.220193
0.220193
0.13814
0.128143
0.205582
0.120566
0.17077
0.132199
0.221045
0.134812
0.141225
0.169825
0.116544
0.187298
0.221045
0.221045
0.165792
0.221045
0.103689
0.112867
0.221045
0.117809
0.195101
0.171915
0.221045
0.120937
0.115752
0.208535
0.206245
0.143465
0.123242
0.196947
0.106406
0.116477
0.109067
0.221045
0.200037
0.120699
0.143188
0.0659534
0.150841
0.209962
0.143997
0.192685
0.223468
0.14916
0.164517
0.223468
0.130805
0.198547
0.173341
0.223468
0.142903
0.171116
0.147314
0.187734
0.223468
0.0787933
0.136724
0.152772
0.107317
0.0780056
0.202914
0.223468
0.150586
0.18715
0.0818067
0.181656
0.221945
0.116975
0.0726843
0.132357
0.191015
0.170163
0.197466
0.12284
0.16793
0.155345
0.0929143
0.211397
0.211397
0.197166
0.211397
0.211397
0.14466
0.170265
0.177687
0.105534
0.146672
0.211397
0.125701
0.211397
0.211397
0.158271
0.108006
0.0995897
0.133997
0.0708652
0.1232
0.207872
0.211397
0.211397
0.146181
0.194444
0.147764
0.108312
0.107154
0.201457
0.115337
0.111482
0.209414
0.150987
0.102799
0.193527
0.125596
0.164366
0.209549
0.17069
0.19851
0.209549
0.182297
0.108516
0.0980607
0.160403
0.0657406
0.120346
0.160343
0.135118
0.203971
0.181286
0.146739
0.209549
0.209549
0.0977159
0.194516
0.107658
0.111912
0.209549
0.133838
0.107483
0.174633
0.135489
0.114951
0.176995
0.13541
0.120666
0.209549
0.209549
0.209549
0.209549
0.207041
0.0873918
0.139699
0.206011
0.1264
0.197079
0.15121
0.128211
0.170391
0.206011
0.120032
0.141385
0.167907
0.130786
0.180503
0.148049
0.194642
0.200873
0.193686
0.11162
0.175123
0.155019
0.146027
0.206011
0.206011
0.206011
0.192331
0.175019
0.125897
0.202412
0.206011
0.206011
0.118582
0.0827101
0.176196
0.170461
0.0934622
0.140519
0.13989
0.210118
0.186439
0.213494
0.151439
0.213494
0.213494
0.213494
0.0785466
0.138804
0.110391
0.191133
0.171208
0.0813937
0.15911
0.137622
0.131753
0.153606
0.211843
0.213494
0.213494
0.203871
0.0851181
0.213494
0.213494
0.119001
0.0948416
0.149502
0.135958
0.205402
0.213494
0.0799458
0.0968974
0.152064
0.12064
0.0736731
0.0848956
0.114544
0.202381
0.201711
0.178071
0.204346
0.174175
0.0983495
0.207897
0.156036
0.207897
0.207897
0.14365
0.133914
0.207897
0.112268
0.186017
0.134386
0.189178
0.118875
0.194218
0.207897
0.182537
0.204129
0.0702452
0.138205
0.180766
0.207897
0.124927
0.190756
0.160289
0.144703
0.207897
0.114648
0.131466
0.166543
0.157217
0.213502
0.213502
0.13951
0.151038
0.213502
0.112665
0.152118
0.133835
0.213502
0.213502
0.12915
0.195824
0.0897221
0.202095
0.213502
0.126893
0.158998
0.213502
0.115076
0.13766
0.145791
0.131263
0.168282
0.118614
0.142052
0.142039
0.159803
0.156883
0.105557
0.194173
0.0813106
0.213502
0.213502
0.192226
0.101258
0.210679
0.210679
0.152068
0.204517
0.109481
0.210679
0.210679
0.129937
0.0952066
0.127176
0.210679
0.210679
0.190835
0.130714
0.181287
0.180307
0.135078
0.111807
0.17944
0.158506
0.124316
0.207895
0.107819
0.187425
0.210679
0.188769
0.117652
0.163865
0.0918798
0.198377
0.184207
0.198819
0.128365
0.106361
0.149114
0.101742
0.140117
0.20866
0.20866
0.188507
0.155233
0.201369
0.171485
0.185796
0.0925054
0.203716
0.168951
0.155507
0.204877
0.194856
0.145067
0.195931
0.138178
0.130844
0.20866
0.115627
0.20866
0.183158
0.202643
0.1459
0.125668
0.175464
0.113024
0.169978
0.124297
0.133225
0.152293
0.120296
0.20866
0.114162
0.168599
0.0852036
0.209383
0.160688
0.137034
0.195276
0.162305
0.121908
0.171002
0.153541
0.138979
0.193401
0.15477
0.136308
0.209383
0.209383
0.209383
0.209383
0.209383
0.11677
0.169925
0.161668
0.141688
0.152035
0.0872031
0.158065
0.122366
0.185699
0.117524
0.126759
0.209383
0.209383
0.209383
0.123079
0.206229
0.131994
0.152646
0.113244
0.169908
0.154813
0.144134
0.211658
0.189772
0.198732
0.201111
0.211658
0.154518
0.211658
0.201521
0.199329
0.106648
0.0956332
0.170703
0.176401
0.106517
0.0991122
0.114774
0.203163
0.208567
0.193947
0.111042
0.146209
0.137654
0.159736
0.171976
0.110597
0.0961658
0.168978
0.130088
0.211658
0.211658
0.127269
0.202456
0.147953
0.199269
0.200398
0.213861
0.174678
0.0917089
0.207453
0.205109
0.110212
0.0867099
0.130619
0.113896
0.201759
0.213861
0.0663598
0.117375
0.177639
0.122025
0.160752
0.114325
0.112037
0.201219
0.160131
0.213861
0.213861
0.136661
0.190687
0.0790327
0.0756577
0.123769
0.200328
0.213861
0.213861
0.187937
0.153792
0.213861
0.141374
0.19638
0.184518
0.193736
0.210429
0.182141
0.210429
0.103963
0.184118
0.188596
0.210429
0.120769
0.18977
0.157313
0.155531
0.210429
0.121089
0.141785
0.0712721
0.206617
0.195707
0.0940617
0.210429
0.210429
0.210429
0.206851
0.169886
0.0775454
0.0951247
0.148339
0.129642
0.196864
0.120775
0.142784
0.110099
0.0765593
0.202399
0.220984
0.122089
0.165466
0.167247
0.169807
0.213549
0.133671
0.177153
0.168185
0.159424
0.169593
0.146606
0.220984
0.146339
0.220984
0.220984
0.215395
0.0755272
0.109534
0.179651
0.156056
0.207476
0.121235
0.134274
0.102197
0.0728686
0.143133
0.111306
0.0937523
0.180482
0.20335
0.143171
0.155168
0.152083
0.220984
0.125899
0.193802
0.165849
0.155278
0.212374
0.164487
0.212374
0.212374
0.212374
0.117168
0.170164
0.101121
0.212374
0.212374
0.212374
0.144664
0.114661
0.162039
0.156362
0.201718
0.117439
0.177925
0.212374
0.130897
0.107457
0.106045
0.18869
0.158835
0.203539
0.10308
0.111618
0.197505
0.100561
0.111196
0.106806
0.212374
0.111443
0.216364
0.136233
0.216364
0.175644
0.199392
0.151679
0.145237
0.194183
0.104026
0.16328
0.172328
0.153348
0.153852
0.158876
0.216364
0.12664
0.150633
0.203204
0.216364
0.11759
0.111144
0.199196
0.13434
0.16568
0.163379
0.172952
0.0397065
0.136462
0.108696
0.186697
0.216364
0.210076
0.216364
0.145962
0.125819
0.0995203
0.154549
0.208127
0.144996
0.139761
0.114398
0.173968
0.140901
0.168587
0.133394
0.128551
0.205646
0.210389
0.210389
0.103757
0.150396
0.183035
0.198952
0.044092
0.135585
0.113869
0.171667
0.210389
0.210389
0.210389
0.186241
0.129913
0.0878732
0.210389
0.194416
0.132296
0.210389
0.184668
0.177242
0.16192
0.169422
0.0971998
0.111246
0.210041
0.214486
0.205308
0.103746
0.115721
0.173734
0.192803
0.196697
0.126816
0.0823932
0.160601
0.150708
0.214486
0.214486
0.155462
0.214486
0.0929839
0.209214
0.185456
0.137837
0.195187
0.167274
0.164398
0.105902
0.120424
0.211398
0.157544
0.0583579
0.133003
0.194217
0.194398
0.214486
0.162384
0.137934
0.157609
0.126765
0.107158
0.214315
0.172824
0.214315
0.208951
0.137074
0.198392
0.111958
0.0852555
0.105857
0.202091
0.214315
0.196654
0.187531
0.198661
0.214315
0.174227
0.163846
0.0813319
0.177016
0.199715
0.181434
0.214315
0.116856
0.130987
0.147704
0.0700729
0.080469
0.169518
0.182715
0.0957175
0.0774861
0.214315
0.214315
0.0850821
0.215093
0.216137
0.118637
0.216137
0.216137
0.216137
0.216137
0.216137
0.0917954
0.0910477
0.134944
0.141962
0.216137
0.183577
0.148237
0.114449
0.0847028
0.154079
0.216137
0.184648
0.171384
0.176095
0.143
0.172022
0.216137
0.184309
0.181796
0.146215
0.120499
0.20608
0.160679
0.128196
0.0747875
0.112969
0.0818742
0.0996951
0.115967
0.164697
0.188342
0.222139
0.182051
0.154759
0.107561
0.0918018
0.123551
0.132188
0.111834
0.196933
0.222139
0.199412
0.187138
0.186126
0.222139
0.191978
0.156649
0.134785
0.20583
0.183489
0.172174
0.114183
0.147855
0.0982401
0.184422
0.176211
0.104186
0.0538144
0.136484
0.222139
0.222139
0.222139
0.142
0.112583
0.181947
0.118845
0.164323
0.219999
0.148945
0.116466
0.114732
0.151816
0.115309
0.179029
0.0949814
0.12805
0.2065
0.119868
0.143442
0.115582
0.164834
0.101626
0.140232
0.0862706
0.0769961
0.168098
0.225755
0.225755
0.219384
0.0892505
0.146636
0.225755
0.225755
0.225755
0.162082
0.225755
0.225755
0.225755
0.143669
0.132276
0.219313
0.118078
0.128884
0.179044
0.132693
0.154197
0.152111
0.138361
0.0491355
0.149059
0.167473
0.125085
0.175205
0.1966
0.204908
0.137401
0.127421
0.122502
0.219313
0.219313
0.219313
0.203602
0.219313
0.219313
0.219313
0.144431
0.0564438
0.143845
0.219313
0.0980922
0.127263
0.148469
0.17771
0.127706
0.199284
0.052366
0.156229
0.19256
0.141459
0.1786
0.212147
0.212147
0.201606
0.146738
0.0986174
0.212147
0.147835
0.177231
0.207511
0.169793
0.12282
0.212147
0.183725
0.0734711
0.162927
0.212147
0.117933
0.136942
0.164422
0.187596
0.140437
0.212147
0.113949
0.180823
0.10728
0.212147
0.212147
0.132957
0.149352
0.153073
0.103696
0.107254
0.21084
0.168441
0.192425
0.203548
0.189937
0.133949
0.161536
0.134915
0.200618
0.182806
0.0864579
0.161662
0.21084
0.21084
0.208426
0.162572
0.18402
0.146157
0.196016
0.108405
0.21084
0.21084
0.149634
0.141166
0.133944
0.123205
0.10822
0.21084
0.0914413
0.168067
0.21084
0.107851
0.160743
0.123943
0.114189
0.177571
0.215968
0.122913
0.222336
0.222336
0.222336
0.21159
0.114449
0.161839
0.159751
0.0985569
0.0928844
0.210564
0.222336
0.0785082
0.0605127
0.222336
0.222336
0.121329
0.222336
0.100931
0.187662
0.222336
0.12413
0.173407
0.111892
0.136793
0.0639567
0.0915442
0.107087
0.160389
0.174936
0.066575
0.131598
0.222336
0.202196
0.167442
0.219745
0.191497
0.162228
0.158904
0.111723
0.184686
0.219745
0.206647
0.15249
0.174823
0.104302
0.189364
0.188615
0.186535
0.0880237
0.0986414
0.078092
0.112356
0.219745
0.170513
0.219745
0.219745
0.122528
0.109834
0.219745
0.144615
0.113331
0.127064
0.154028
0.151297
0.203049
0.219745
0.184584
0.131833
0.0627633
0.149575
0.170549
0.112987
0.180369
0.190215
0.180687
0.108959
0.107808
0.0979242
0.117904
0.152455
0.122667
0.0484558
0.14443
0.187631
0.219255
0.219255
0.11678
0.114202
0.120667
0.182873
0.162753
0.219255
0.21146
0.197585
0.169213
0.116712
0.190189
0.146743
0.152006
0.193935
0.219255
0.19264
0.219255
0.219255
0.139906
0.0676755
0.115117
0.0956626
0.0709704
0.148884
0.15932
0.215265
0.19739
0.103955
0.11244
0.214654
0.215265
0.205284
0.16151
0.1841
0.215265
0.215265
0.127763
0.131548
0.104624
0.129378
0.13512
0.215265
0.129576
0.212396
0.215265
0.172269
0.11738
0.124888
0.215265
0.215265
0.215265
0.165964
0.153641
0.165557
0.116987
0.11169
0.214439
0.219529
0.219529
0.213938
0.203999
0.219529
0.219529
0.152727
0.0681645
0.157407
0.219529
0.0677193
0.114773
0.136694
0.158113
0.130058
0.190025
0.113974
0.151965
0.219529
0.219529
0.219529
0.154111
0.135203
0.205479
0.182705
0.076816
0.18719
0.116672
0.0965576
0.119741
0.0693026
0.125547
0.105976
0.194082
0.105355
0.210912
0.223694
0.11532
0.164554
0.19483
0.185846
0.167002
0.223694
0.141443
0.218303
0.123301
0.223694
0.223694
0.15203
0.111147
0.196155
0.138273
0.104622
0.215619
0.207083
0.0891227
0.16141
0.095814
0.162777
0.170051
0.223694
0.0951829
0.20056
0.119421
0.185343
0.209262
0.110234
0.100911
0.0726615
0.0965164
0.185404
0.223169
0.124945
0.223169
0.223169
0.195518
0.114665
0.200078
0.165471
0.111594
0.223169
0.140586
0.202844
0.223169
0.109332
0.192068
0.135043
0.134804
0.111965
0.189627
0.0915497
0.150773
0.223169
0.15527
0.107551
0.0910732
0.118389
0.0972453
0.145015
0.158497
0.223169
0.223169
0.215592
0.10629
0.0831826
0.127579
0.126927
0.223582
0.139208
0.194241
0.223582
0.121798
0.196184
0.134638
0.139124
0.0685216
0.11732
0.126809
0.153533
0.218781
0.0688998
0.12582
0.223582
0.223582
0.130365
0.161449
0.122231
0.214095
0.223582
0.223582
0.0893907
0.110313
0.183242
0.146704
0.0996086
0.117023
0.109369
0.223582
0.154618
0.148602
0.221005
0.223582
0.1257
0.214325
0.161562
0.214325
0.214325
0.101861
0.138736
0.182497
0.175572
0.107454
0.18802
0.15176
0.124441
0.197783
0.214325
0.156649
0.125588
0.0880718
0.113143
0.179564
0.113942
0.214325
0.214325
0.131185
0.145343
0.193364
0.180336
0.0782804
0.175899
0.16316
0.159635
0.128574
0.13827
0.182115
0.214325
0.214325
0.0992801
0.162304
0.16981
0.131027
0.199416
0.173804
0.166849
0.152863
0.115315
0.119659
0.130111
0.185862
0.16408
0.211064
0.149848
0.211064
0.211064
0.13755
0.0967996
0.194001
0.205596
0.179415
0.112862
0.130627
0.195572
0.211064
0.210107
0.157498
0.211064
0.13276
0.140124
0.210924
0.148282
0.13465
0.139994
0.162972
0.123225
0.120497
0.164557
0.149244
0.216444
0.129107
0.216444
0.216444
0.201171
0.154573
0.196845
0.216444
0.216444
0.216444
0.151546
0.174232
0.20684
0.134415
0.147687
0.216444
0.139882
0.15113
0.186979
0.144446
0.133336
0.117422
0.137481
0.0796968
0.177585
0.121084
0.167033
0.216444
0.132092
0.148914
0.115508
0.0909933
0.178741
0.221445
0.221445
0.221445
0.221445
0.162228
0.172444
0.221445
0.221445
0.125563
0.221445
0.114795
0.10901
0.14907
0.0667402
0.161577
0.143144
0.221445
0.0804498
0.171991
0.113512
0.196177
0.221445
0.136519
0.187155
0.170717
0.141488
0.111351
0.221445
0.0829832
0.0780735
0.132274
0.0823991
0.107875
0.164363
0.170142
0.134567
0.215151
0.18707
0.0961801
0.179461
0.0952241
0.185092
0.197021
0.215151
0.127161
0.194944
0.137074
0.204955
0.186687
0.106241
0.0883049
0.121649
0.122121
0.09653
0.19494
0.087867
0.119379
0.17926
0.107151
0.192618
0.215151
0.215151
0.192021
0.215151
0.199307
0.215151
0.20304
0.146615
0.196143
0.121488
0.0661916
0.128708
0.177156
0.116269
0.166934
0.209396
0.151538
0.101616
0.153101
0.140655
0.113203
0.152575
0.153711
0.20082
0.210345
0.161021
0.114457
0.105002
0.182154
0.18052
0.203143
0.188583
0.210345
0.197001
0.167774
0.199567
0.191001
0.149056
0.11446
0.133808
0.0950076
0.159507
0.201425
0.156195
0.157148
0.210345
0.210345
0.127569
0.158518
0.127062
0.178721
0.218106
0.169143
0.0948743
0.130076
0.187848
0.146044
0.111593
0.138186
0.0977826
0.218106
0.140762
0.170324
0.180281
0.218106
0.119188
0.119297
0.0888332
0.13918
0.206998
0.123746
0.104173
0.218106
0.218106
0.139702
0.140663
0.14721
0.173903
0.218106
0.195407
0.205565
0.218106
0.218106
0.107918
0.164948
0.109107
0.206245
0.216828
0.129282
0.138407
0.159826
0.192561
0.0846477
0.157601
0.15217
0.145137
0.13005
0.161654
0.180167
0.216828
0.216828
0.105644
0.147425
0.148866
0.17481
0.216828
0.121347
0.154927
0.113903
0.144772
0.0888624
0.216828
0.200644
0.115819
0.200926
0.206976
0.216828
0.159002
0.214619
0.110731
0.187642
0.20904
0.164344
0.127144
0.143885
0.18971
0.213872
0.209705
0.125897
0.213872
0.192979
0.129286
0.175987
0.159855
0.15419
0.16651
0.130161
0.104517
0.213872
0.213872
0.127897
0.167167
0.151796
0.213872
0.155438
0.213872
0.111013
0.137748
0.197361
0.171393
0.168104
0.136329
0.152985
0.122704
0.0916964
0.143232
0.212452
0.212452
0.169638
0.198873
0.184715
0.173716
0.164998
0.124255
0.161468
0.212452
0.121041
0.192864
0.212452
0.158151
0.195865
0.152339
0.131382
0.109001
0.186798
0.212452
0.19154
0.162364
0.117632
0.147083
0.126931
0.122647
0.111622
0.0862681
0.134029
0.209144
0.193317
0.0962029
0.118263
0.181526
0.212452
0.156154
0.210951
0.0954379
0.21245
0.21245
0.169976
0.21245
0.209263
0.179143
0.139516
0.21245
0.090037
0.121404
0.180966
0.0901916
0.106356
0.185826
0.198948
0.104968
0.103358
0.13123
0.20802
0.187566
0.112513
0.123357
0.134734
0.200497
0.21245
0.199935
0.115262
0.143213
0.196506
0.19258
0.152659
0.153934
0.151214
0.099699
0.189866
0.0807233
0.143124
0.180624
0.109942
0.161298
0.208237
0.208237
0.195257
0.208237
0.171962
0.208237
0.208237
0.12583
0.189564
0.15819
0.090458
0.203358
0.171826
0.140313
0.158808
0.204803
0.171773
0.173441
0.142118
0.122807
0.134547
0.159327
0.175793
0.161062
0.208237
0.159788
0.191539
0.140857
0.0918967
0.16306
0.175481
0.157492
0.198344
0.174332
0.152203
0.193538
0.196194
0.156169
0.107457
0.106117
0.0805087
0.113296
0.201218
0.134701
0.135277
0.202728
0.202728
0.143516
0.166554
0.179112
0.156275
0.202728
0.164544
0.202728
0.202728
0.158073
0.188836
0.202728
0.181776
0.092962
0.133434
0.121489
0.142187
0.175508
0.202728
0.119387
0.106475
0.0938027
0.12026
0.21307
0.124249
0.116554
0.206528
0.217721
0.115328
0.120544
0.1436
0.172211
0.217721
0.17348
0.217721
0.217721
0.177752
0.19393
0.185619
0.137676
0.108642
0.131005
0.152524
0.18512
0.217721
0.217721
0.0849692
0.1864
0.193635
0.112662
0.179013
0.149587
0.151197
0.217721
0.124514
0.0961261
0.125126
0.147071
0.146088
0.216621
0.127219
0.110914
0.0733214
0.149676
0.0762657
0.171137
0.183524
0.0956843
0.172339
0.193908
0.216621
0.133803
0.174175
0.0580673
0.137177
0.216621
0.157373
0.207961
0.216621
0.216621
0.171815
0.16226
0.0536095
0.216621
0.208768
0.216621
0.216621
0.113379
0.216621
0.216621
0.0881692
0.110756
0.211213
0.222913
0.114618
0.17995
0.163852
0.222913
0.1548
0.222913
0.0955709
0.130354
0.205136
0.15313
0.131781
0.151947
0.15234
0.130829
0.081364
0.0814907
0.222913
0.222913
0.222913
0.222913
0.128923
0.222913
0.222913
0.0916791
0.147343
0.146902
0.138771
0.106106
0.164775
0.174278
0.144724
0.114664
0.153097
0.11661
0.199614
0.213793
0.194073
0.162606
0.145309
0.140994
0.141626
0.132892
0.184792
0.0822755
0.143513
0.213793
0.213793
0.11454
0.121635
0.150733
0.213793
0.208312
0.164669
0.157403
0.150717
0.197542
0.14434
0.157293
0.107026
0.171936
0.101035
0.100332
0.213793
0.169684
0.213793
0.158778
0.142291
0.183022
0.213793
0.152025
0.0886173
0.114444
0.208036
0.201544
0.109772
0.113869
0.107611
0.208036
0.208036
0.155672
0.0989301
0.177572
0.208036
0.206569
0.128729
0.137765
0.162784
0.134456
0.110152
0.16975
0.149607
0.208036
0.105893
0.179064
0.154576
0.206068
0.208036
0.208036
0.158923
0.202395
0.208036
0.105053
0.125926
0.188289
0.206411
0.176861
0.138485
0.118372
0.161387
0.208959
0.172372
0.14447
0.132073
0.144737
0.116201
0.144022
0.154035
0.149936
0.208959
0.147572
0.208959
0.121971
0.110595
0.208959
0.208959
0.162252
0.198823
0.208959
0.106055
0.162986
0.171833
0.208959
0.0900562
0.153466
0.16937
0.146429
0.158247
0.120433
0.208959
0.208959
0.208959
0.137506
0.17005
0.183616
0.159568
0.205873
0.164922
0.205873
0.158524
0.185584
0.123435
0.175511
0.155401
0.11564
0.162898
0.126671
0.153606
0.144175
0.192223
0.10307
0.175581
0.205873
0.199064
0.205873
0.142334
0.205873
0.205873
0.205873
0.122842
0.178938
0.192541
0.144409
0.205873
0.118046
0.12705
0.0993623
0.115592
0.146312
0.165181
0.134707
0.134179
0.169385
0.157005
0.185846
0.212289
0.212289
0.0677686
0.166188
0.199672
0.135582
0.209628
0.142642
0.118124
0.212289
0.0955201
0.136799
0.212289
0.212289
0.182958
0.212289
0.148071
0.101478
0.126395
0.16046
0.0533663
0.205779
0.158693
0.212289
0.212289
0.148117
0.106652
0.208478
0.125008
0.108339
0.145196
0.216214
0.148868
0.191361
0.216214
0.209382
0.165215
0.20364
0.0669102
0.216214
0.216214
0.216214
0.216214
0.0897781
0.216214
0.216214
0.0975906
0.100513
0.102308
0.100244
0.176174
0.216214
0.216214
0.179763
0.0773608
0.0808643
0.0475658
0.07051
0.123309
0.176082
0.216214
0.189175
0.178509
0.145109
0.104165
0.104001
0.232035
0.232035
0.232035
0.232035
0.115977
0.232035
0.232035
0.102377
0.134295
0.133263
0.112725
0.124371
0.179824
0.152898
0.147837
0.134586
0.123162
0.0822547
0.0829839
0.109427
0.210969
0.232035
0.225027
0.207012
0.160622
0.129285
0.0652081
0.149503
0.232035
0.190234
0.201237
0.177708
0.100646
0.0777596
0.0502304
0.179622
0.145688
0.123495
0.151132
0.186858
0.125954
0.130405
0.131822
0.128804
0.137672
0.114238
0.204733
0.197878
0.219065
0.141046
0.144624
0.177691
0.219065
0.0938055
0.146412
0.219065
0.215721
0.219065
0.215852
0.120725
0.0943763
0.0699384
0.165738
0.0750699
0.147429
0.199224
0.219065
0.219065
0.219065
0.142002
0.137289
0.159384
0.126707
0.164657
0.161566
0.214468
0.100651
0.180521
0.181408
0.214468
0.214468
0.214468
0.144623
0.212598
0.214468
0.13927
0.122277
0.172047
0.214468
0.137168
0.0623736
0.117148
0.171607
0.211449
0.214468
0.214468
0.152006
0.135035
0.0894814
0.176269
0.180285
0.16842
0.106044
0.172732
0.16964
0.0887777
0.0452734
0.212611
0.208202
0.164643
0.196974
0.212611
0.134993
0.174927
0.186405
0.212611
0.0890433
0.177841
0.199495
0.152154
0.172204
0.121168
0.212611
0.212611
0.212611
0.0612368
0.129357
0.149808
0.18009
0.0931023
0.174484
0.184216
0.0953672
0.0737591
0.101386
0.200243
0.147786
0.127403
0.160181
0.13325
0.163342
0.188498
0.179162
0.102899
0.203283
0.215268
0.194112
0.215268
0.132783
0.215268
0.189407
0.215268
0.101629
0.194608
0.166466
0.165762
0.215268
0.120734
0.1215
0.0897298
0.121408
0.0775164
0.136983
0.128459
0.161328
0.215268
0.186908
0.208233
0.162305
0.210855
0.183071
0.215268
0.147481
0.0994936
0.215268
0.157818
0.0993353
0.0715812
0.0959064
0.124095
0.214985
0.18521
0.185103
0.214985
0.14083
0.090602
0.118149
0.193349
0.0632038
0.214985
0.185593
0.209638
0.214985
0.175363
0.114731
0.203541
0.129891
0.141102
0.214985
0.205666
0.153222
0.214985
0.214985
0.110457
0.0781613
0.122414
0.0916546
0.176787
0.154046
0.120371
0.173562
0.191353
0.143357
0.185449
0.0999001
0.161899
0.119764
0.113154
0.20017
0.220153
0.220153
0.209441
0.0974045
0.115515
0.0710643
0.0676007
0.141094
0.220153
0.220153
0.173398
0.220153
0.183715
0.100744
0.113782
0.130871
0.209589
0.220153
0.14037
0.143389
0.149494
0.159482
0.153363
0.0856566
0.0657384
0.215847
0.205571
0.220153
0.173671
0.170095
0.181994
0.137187
0.109705
0.0792076
0.130077
0.226603
0.226603
0.204269
0.226603
0.191236
0.11835
0.0680966
0.136726
0.226603
0.226603
0.226603
0.176135
0.145658
0.123092
0.0367066
0.11061
0.0620544
0.226603
0.226603
0.226603
0.214333
0.170958
0.181484
0.169532
0.028815
0.0713417
0.0775376
0.148228
0.173224
0.140824
0.220437
0.124549
0.132229
0.105668
0.160166
0.221138
0.221138
0.221138
0.221138
0.170777
0.151188
0.0691083
0.21568
0.106583
0.140847
0.21008
0.221138
0.221138
0.221138
0.183341
0.177018
0.0434838
0.0904766
0.0841207
0.154674
0.213327
0.186598
0.219537
0.123969
0.16982
0.0693284
0.0638993
0.150516
0.181157
0.138383
0.178424
0.166325
0.0766023
0.120757
0.183108
0.103933
0.12094
0.160175
0.208733
0.216208
0.216208
0.215158
0.189141
0.122844
0.188399
0.18277
0.178562
0.135335
0.194605
0.195639
0.0915051
0.0689395
0.100369
0.115776
0.163015
0.168426
0.14875
0.200931
0.195478
0.0617255
0.0947228
0.154088
0.203625
0.176556
0.101552
0.216208
0.216208
0.216208
0.160197
0.0910695
0.0889834
0.1576
0.180909
0.181732
0.130274
0.203599
0.216811
0.120472
0.109563
0.119685
0.216811
0.205656
0.172663
0.216811
0.126627
0.205119
0.216811
0.216811
0.148776
0.216811
0.182321
0.129119
0.216811
0.216811
0.216811
0.154585
0.0793615
0.0791872
0.135888
0.0802765
0.125315
0.216811
0.136446
0.0719139
0.129335
0.110882
0.0863377
0.174862
0.179093
0.169021
0.221385
0.167404
0.221385
0.204051
0.221385
0.161927
0.221385
0.187335
0.127918
0.221385
0.152923
0.100774
0.092004
0.104876
0.0818911
0.138659
0.0750213
0.126282
0.221385
0.145567
0.0986635
0.178823
0.123044
0.19239
0.221385
0.133266
0.215595
0.221385
0.090996
0.0971502
0.165451
0.192339
0.124978
0.216104
0.192198
0.134135
0.216104
0.180941
0.104381
0.0943237
0.11785
0.112387
0.202774
0.165799
0.123753
0.152789
0.216104
0.142609
0.138865
0.122824
0.198341
0.216104
0.116365
0.186755
0.216104
0.0888118
0.133571
0.210713
0.16562
0.104891
0.107851
0.174146
0.216104
0.216104
0.181291
0.155046
0.140115
0.216104
0.123823
0.164062
0.212243
0.212243
0.148775
0.144842
0.143911
0.136256
0.156336
0.109725
0.106044
0.202853
0.204026
0.212243
0.186108
0.212243
0.212243
0.14768
0.0917347
0.122096
0.132241
0.117753
0.15734
0.138802
0.123914
0.0946736
0.172214
0.102681
0.149297
0.193889
0.200822
0.212243
0.212243
0.202086
0.176815
0.193791
0.111573
0.110346
0.21659
0.21659
0.21659
0.201318
0.207202
0.197224
0.175454
0.0362559
0.0559847
0.0589803
0.15752
0.18472
0.143137
0.21659
0.163722
0.124722
0.103868
0.148357
0.203043
0.195769
0.21659
0.21659
0.21659
0.20076
0.21659
0.0719365
0.100888
0.116845
0.155355
0.180675
0.150642
0.134702
0.139474
0.136024
0.0580714
0.0947927
0.0865748
0.199587
0.218316
0.213435
0.218316
0.169279
0.206848
0.0684538
0.0993538
0.152618
0.153858
0.145695
0.168589
0.172647
0.0802009
0.111383
0.093682
0.123549
0.125327
0.218316
0.218316
0.218316
0.218316
0.201607
0.218316
0.191936
0.218316
0.153297
0.218316
0.218316
0.0453163
0.101991
0.0678379
0.170555
0.0854295
0.125535
0.148867
0.128884
0.149673
0.156753
0.169431
0.0525931
0.0817212
0.10735
0.181426
0.161591
0.1198
0.222264
0.222264
0.222264
0.143784
0.0969279
0.183101
0.222264
0.140642
0.222264
0.205556
0.0675
0.133258
0.0822986
0.120296
0.14922
0.222264
0.137391
0.222264
0.222264
0.138349
0.222264
0.222264
0.211331
0.0865707
0.15467
0.132498
0.120115
0.214416
0.217912
0.219318
0.104156
0.0611996
0.0687507
0.146336
0.101615
0.155992
0.220291
0.113773
0.0527525
0.100946
0.0896903
0.136572
0.172085
0.153031
0.220291
0.17658
0.145567
0.220291
0.220291
0.164444
0.140862
0.220291
0.220291
0.220291
0.220291
0.205499
0.200838
0.155133
0.141027
0.072244
0.140145
0.0993522
0.146827
0.211272
0.12677
0.0711185
0.146998
0.100428
0.132241
0.179591
0.168618
0.193976
0.211272
0.0723564
0.0825034
0.139061
0.124696
0.135937
0.211272
0.211272
0.211272
0.211272
0.211272
0.211272
0.203978
0.211272
0.0639291
0.139228
0.211272
0.139112
0.199141
0.0943505
0.211272
0.203773
0.21018
0.178104
0.194783
0.159188
0.190392
0.215255
0.102476
0.134345
0.215255
0.156111
0.11923
0.116238
0.154942
0.215255
0.215255
0.193364
0.120704
0.0986069
0.215255
0.0740034
0.159827
0.215255
0.141843
0.19674
0.143243
0.215255
0.215255
0.215255
0.0616927
0.101244
0.14798
0.11485
0.126278
0.215255
0.215255
0.0983759
0.0871331
