0.11552
0.197026
0.198791
0.184134
0.193178
0.15252
0.143303
0.201137
0.170497
0.0632153
0.19907
0.208208
0.15132
0.111849
0.168146
0.194176
0.174458
0.122182
0.123965
0.215319
0.215319
0.166596
0.215319
0.0960275
0.181054
0.215319
0.15497
0.0768636
0.16189
0.130781
0.0647056
0.0960166
0.109625
0.215319
0.215319
0.167601
0.0654711
0.209639
0.215739
0.206406
0.140946
0.191301
0.215739
0.19578
0.121719
0.0251907
0.0754102
0.111576
0.20607
0.215739
0.209755
0.205006
0.163279
0.17933
0.0921922
0.210556
0.149498
0.100899
0.129072
0.111326
0.215739
0.215739
0.153308
0.103161
0.0793542
0.114504
0.186423
0.206453
0.152923
0.131223
0.213098
0.171453
0.0389805
0.0686559
0.12524
0.216914
0.216914
0.216914
0.216914
0.155111
0.189084
0.0897993
0.0781549
0.108323
0.216914
0.216914
0.216914
0.136617
0.216914
0.138206
0.116155
0.110326
0.148918
0.216914
0.216914
0.149968
0.125176
0.180657
0.14042
0.0707184
0.108553
0.112782
0.216914
0.210551
0.216914
0.191879
0.191944
0.0642516
0.109994
0.0858472
0.131073
0.210539
0.214159
0.214159
0.136117
0.181989
0.153485
0.0812103
0.136366
0.140232
0.214159
0.214159
0.202291
0.203775
0.165178
0.159671
0.0832851
0.115804
0.119977
0.20031
0.214159
0.214159
0.160814
0.149167
0.0708482
0.0710014
0.176237
0.214159
0.159294
0.214159
0.1554
0.0660554
0.181599
0.214159
0.0842737
0.122763
0.153604
0.202729
0.231748
0.175759
0.167068
0.100321
0.121255
0.137953
0.209225
0.227761
0.152621
0.231748
0.231748
0.10133
0.113837
0.0849323
0.0674753
0.181629
0.222118
0.117859
0.231748
0.188914
0.0455035
0.134245
0.150856
0.0700908
0.204027
0.16508
0.0656886
0.208522
0.156981
0.115629
0.231748
0.231748
0.110828
0.145353
0.185754
0.157679
0.223775
0.223775
0.0901818
0.090359
0.0618672
0.0988751
0.223775
0.138264
0.157031
0.223775
0.203995
0.147324
0.214875
0.130671
0.0783607
0.21598
0.134203
0.091961
0.223775
0.161417
0.0828326
0.223775
0.160013
0.110868
0.223775
0.223775
0.159646
0.223775
0.110542
0.0855881
0.16662
0.182869
0.0932973
0.185079
0.127979
0.174495
0.210559
0.172392
0.17551
0.210559
0.130561
0.158903
0.210559
0.163344
0.146845
0.183977
0.167534
0.182659
0.180604
0.0901342
0.120383
0.210559
0.210559
0.179689
0.210559
0.146288
0.0919984
0.157852
0.136788
0.169146
0.19412
0.16726
0.144145
0.210559
0.158308
0.0975011
0.182702
0.0975444
0.119641
0.22374
0.208371
0.175069
0.22374
0.115061
0.155974
0.22374
0.157155
0.0804619
0.147851
0.128028
0.0818858
0.110588
0.108488
0.22374
0.22374
0.161305
0.105449
0.166081
0.223256
0.22374
0.22374
0.160192
0.214338
0.170197
0.0959117
0.102103
0.128388
0.12161
0.154992
0.140594
0.17826
0.187444
0.161771
0.143547
0.0912963
0.190687
0.16086
0.121833
0.144201
0.121124
0.218317
0.218317
0.172905
0.0886172
0.0855006
0.0995296
0.199084
0.207881
0.194845
0.203223
0.218317
0.137206
0.139239
0.152287
0.175688
0.202215
0.169915
0.202844
0.190827
0.207624
0.160961
0.0266655
0.0755534
0.174511
0.164688
0.107114
0.0998263
0.218317
0.218317
0.172294
0.0954338
0.114796
0.127114
0.213904
0.213904
0.182145
0.174384
0.213904
0.108663
0.0973897
0.128246
0.125376
0.205956
0.213904
0.213904
0.210879
0.213904
0.0871112
0.0516848
0.0914058
0.165721
0.187225
0.15964
0.135389
0.213904
0.213904
0.176138
0.119511
0.0878486
0.203447
0.18125
0.116923
0.183177
0.213904
0.134516
0.16822
0.112742
0.133807
0.113296
0.180646
0.219208
0.219208
0.160537
0.196962
0.0988806
0.086992
0.166683
0.219208
0.15315
0.219208
0.14879
0.071604
0.161837
0.203927
0.135795
0.138214
0.16478
0.140521
0.153551
0.187458
0.219208
0.109302
0.141107
0.0814898
0.219208
0.219208
0.219208
0.18433
0.182129
0.116121
0.173826
0.137115
0.087208
0.181171
0.18779
0.111062
0.22277
0.168515
0.0469308
0.137953
0.146991
0.082422
0.18921
0.144101
0.0733933
0.22277
0.195477
0.130224
0.22277
0.22277
0.0850182
0.22277
0.22277
0.198131
0.218144
0.178287
0.103925
0.156934
0.102434
0.0697276
0.15107
0.181014
0.22277
0.181624
0.112439
0.136329
0.171915
0.208412
0.0856033
0.201591
0.116918
0.0808618
0.22121
0.181224
0.0849891
0.22121
0.155224
0.101854
0.22121
0.22121
0.184025
0.22121
0.145749
0.0771287
0.164367
0.177651
0.0539725
0.106885
0.139292
0.22121
0.204468
0.129438
0.158732
0.156937
0.142542
0.190352
0.22121
0.22121
0.190417
0.22121
0.119843
0.104589
0.142504
0.129261
0.100438
0.213818
0.200272
0.191562
0.213818
0.18408
0.0861409
0.192985
0.143525
0.185524
0.213481
0.166776
0.160292
0.213818
0.194643
0.0719442
0.140339
0.104693
0.148313
0.174269
0.213818
0.196893
0.213818
0.127806
0.150855
0.18621
0.115582
0.152648
0.178973
0.147622
0.137248
0.213818
0.092671
0.0394522
0.147108
0.16256
0.102275
0.164038
0.21938
0.21938
0.21938
0.129086
0.173003
0.174613
0.0934713
0.0825296
0.102401
0.129569
0.166163
0.157233
0.157271
0.141287
0.124009
0.134781
0.0748981
0.21938
0.21938
0.21938
0.21938
0.157034
0.15891
0.204365
0.146129
0.0318325
0.135039
0.144357
0.196092
0.21938
0.21938
0.176142
0.193892
0.114919
0.100651
0.102728
0.175178
0.190599
0.148691
0.179077
0.155483
0.167659
0.155179
0.0267808
0.0751486
0.108707
0.126137
0.0942671
0.119812
0.220227
0.220227
0.138369
0.0568776
0.162403
0.220227
0.220227
0.220227
0.220227
0.220227
0.181964
0.125499
0.132384
0.209835
0.156234
0.136297
0.220227
0.157757
0.220227
0.220227
0.11127
0.0349018
0.0834423
0.10851
0.151951
0.12912
0.155701
0.221132
0.221132
0.144775
0.0753922
0.0790685
0.201112
0.173631
0.127877
0.175446
0.221132
0.16362
0.143723
0.143353
0.169004
0.150957
0.150972
0.221132
0.167585
0.221132
0.221132
0.144868
0.123128
0.221132
0.221132
0.191173
0.131683
0.180161
0.159367
0.17621
0.15836
0.094427
0.124109
0.164461
0.147549
0.159651
0.168509
0.209518
0.137276
0.122392
0.0798607
0.198395
0.209518
0.209518
0.209518
0.176702
0.142747
0.150051
0.080007
0.118503
0.178188
0.209518
0.188518
0.150445
0.187445
0.153419
0.174257
0.198163
0.0756093
0.109864
0.149978
0.204947
0.209518
0.209518
0.202895
0.173524
0.140649
0.095817
0.209125
0.209125
0.188056
0.209125
0.157223
0.112292
0.132867
0.071858
0.0683432
0.124294
0.153932
0.209125
0.185327
0.136562
0.158222
0.196484
0.180569
0.0906973
0.125901
0.15942
0.205572
0.209125
0.209125
0.155918
0.144628
0.152529
0.139794
0.160817
0.198183
0.187947
0.198132
0.138823
0.170755
0.209125
0.167888
0.0640165
0.108794
0.142709
0.210694
0.210694
0.131858
0.145099
0.189691
0.162042
0.210694
0.210694
0.210694
0.210694
0.210694
0.12111
0.0894883
0.159875
0.106039
0.129723
0.195229
0.209478
0.192267
0.199079
0.114358
0.127076
0.162888
0.150943
0.163504
0.210694
0.138649
0.116085
0.10817
0.188127
0.190624
0.210694
0.0847623
0.148334
0.193213
0.203607
0.218752
0.218752
0.121721
0.110813
0.207487
0.116922
0.137227
0.205163
0.164589
0.160819
0.218752
0.144567
0.0504146
0.108763
0.16117
0.125493
0.218752
0.139814
0.13028
0.151377
0.129693
0.168719
0.20807
0.0830888
0.134504
0.218752
0.172297
0.163511
0.218752
0.218752
0.172716
0.15506
0.0790388
0.090263
0.214907
0.210981
0.214907
0.214907
0.148788
0.147782
0.210636
0.147053
0.0717418
0.131277
0.13682
0.168248
0.214907
0.209863
0.139681
0.164508
0.1225
0.0946225
0.172851
0.174415
0.114995
0.214907
0.214907
0.169498
0.168109
0.0857444
0.126594
0.17954
0.155095
0.214907
0.20976
0.214907
0.10779
0.108327
0.0798355
0.085548
0.154199
0.204672
0.19725
0.216636
0.216636
0.197798
0.185978
0.157211
0.127491
0.194093
0.144019
0.130717
0.214142
0.163458
0.216636
0.216636
0.0891282
0.158616
0.216636
0.17681
0.216636
0.216636
0.216636
0.146343
0.117842
0.104024
0.0899156
0.0832689
0.141608
0.138325
0.166781
0.110016
0.103911
0.122656
0.139442
0.118421
0.155559
0.132204
0.146145
0.200878
0.166272
0.216553
0.216553
0.122765
0.0954992
0.216553
0.216553
0.19952
0.120823
0.156686
0.18302
0.216553
0.158905
0.0932102
0.0854552
0.125006
0.128992
0.18578
0.12943
0.14206
0.148204
0.158763
0.0743006
0.111431
0.127809
0.211628
0.189311
0.216553
0.216553
0.216553
0.190038
0.0818859
0.174712
0.206848
0.192663
0.137764
0.170293
0.175015
0.202753
0.16058
0.0838814
0.080324
0.156259
0.187492
0.206848
0.206848
0.206848
0.202421
0.123397
0.0772599
0.13202
0.1254
0.191854
0.206848
0.206848
0.206848
0.196257
0.14138
0.0427229
0.0720326
0.166308
0.175082
0.194118
0.206848
0.173121
0.162758
0.121216
0.103539
0.103666
0.169846
0.210032
0.210032
0.210032
0.193067
0.153101
0.120653
0.141397
0.173966
0.203053
0.200078
0.209419
0.172595
0.18056
0.210032
0.144256
0.0567734
0.107467
0.177144
0.182426
0.210032
0.206829
0.132826
0.137192
0.0940052
0.0835395
0.161324
0.202134
0.171419
0.210032
0.0913426
0.130701
0.205549
0.112787
0.135007
0.196988
0.209556
0.196897
0.19932
0.134339
0.105558
0.199408
0.139854
0.180336
0.209556
0.160039
0.129459
0.141601
0.178089
0.178351
0.209556
0.0881972
0.106186
0.175535
0.204957
0.157803
0.209556
0.143479
0.0853325
0.144185
0.102419
0.119813
0.187971
0.209556
0.209556
0.209556
0.175089
0.141172
0.17414
0.0597961
0.130638
0.217381
0.137315
0.142766
0.201771
0.138181
0.137631
0.209462
0.0993402
0.107246
0.217381
0.131503
0.178781
0.217381
0.217381
0.158954
0.140304
0.0971771
0.118604
0.144162
0.202713
0.191416
0.217381
0.217381
0.136918
0.177802
0.114731
0.0759111
0.150331
0.145377
0.217381
0.217381
0.142505
0.156954
0.150638
0.157425
0.11994
0.195625
0.14786
0.11637
0.209483
0.209483
0.14886
0.158543
0.110947
0.193682
0.199823
0.15812
0.209483
0.19324
0.194045
0.110808
0.0938042
0.0926606
0.0427434
0.145929
0.209483
0.155058
0.209483
0.172233
0.178015
0.167554
0.137023
0.160224
0.209186
0.209483
0.205507
0.201608
0.114071
0.113818
0.127468
0.179
0.177124
0.206616
0.14332
0.195905
0.209189
0.193896
0.136378
0.108777
0.121063
0.11615
0.096421
0.110432
0.167288
0.109214
0.0659342
0.0953792
0.13535
0.120745
0.146442
0.209189
0.209189
0.209189
0.204271
0.161761
0.202065
0.198506
0.119433
0.209189
0.209189
0.138151
0.209189
0.189664
0.0961808
0.194166
0.209189
0.164822
0.10001
0.0940222
0.109436
0.141708
0.122915
0.0849933
0.132647
0.16911
0.143688
0.077249
0.124572
0.113933
0.141678
0.147873
0.167385
0.220772
0.220772
0.182548
0.202362
0.206711
0.147012
0.220772
0.220772
0.162173
0.220772
0.220772
0.142271
0.10326
0.100008
0.083922
0.220772
0.220772
0.220772
0.220772
0.220772
0.0806226
0.0850232
0.155863
0.136196
0.1341
0.173676
0.199589
0.213855
0.213983
0.124268
0.0787823
0.0913102
0.145743
0.177739
0.164318
0.212294
0.172067
0.176842
0.132959
0.123225
0.126188
0.0929606
0.213983
0.213983
0.213983
0.213983
0.198926
0.0717764
0.119555
0.179501
0.0745293
0.213983
0.213983
0.196075
0.136986
0.178651
0.19125
0.0974523
0.132665
0.156632
0.187061
0.185553
0.221776
0.132163
0.129436
0.0867281
0.104757
0.177548
0.165461
0.223015
0.223015
0.103389
0.0988865
0.184072
0.089999
0.1309
0.220557
0.0884832
0.223015
0.223015
0.212301
0.171277
0.146882
0.195713
0.173375
0.202816
0.075646
0.223015
0.223015
0.13056
0.145468
0.0736088
0.169845
0.112508
0.174145
0.168289
0.184184
0.214287
0.163863
0.0763695
0.148333
0.0934754
0.110399
0.151188
0.214287
0.203991
0.214287
0.198868
0.195676
0.168365
0.0712534
0.0967986
0.136524
0.0783184
0.195177
0.214287
0.152573
0.190498
0.118285
0.181867
0.137026
0.214287
0.214287
0.187871
0.214287
0.0917457
0.146011
0.207034
0.128273
0.112829
0.116674
0.213728
0.181849
0.213728
0.213728
0.17607
0.186004
0.123272
0.0905191
0.121388
0.126625
0.213728
0.213728
0.130559
0.149791
0.143912
0.169487
0.10394
0.204257
0.209209
0.151609
0.20502
0.143576
0.173433
0.211844
0.143124
0.144806
0.207679
0.131967
0.149101
0.174997
0.197546
0.0804166
0.117859
0.179986
0.0942579
0.163128
0.178483
0.154651
0.208598
0.130697
0.134817
0.165442
0.154497
0.161321
0.21416
0.21416
0.178735
0.176734
0.111457
0.125967
0.0962232
0.17383
0.159013
0.21416
0.21416
0.21416
0.21416
0.170113
0.161805
0.178832
0.111102
0.0635024
0.123246
0.120981
0.166665
0.21416
0.206917
0.184871
0.16238
0.104757
0.144856
0.214846
0.214846
0.182829
0.176494
0.150045
0.195388
0.157453
0.139847
0.214846
0.214846
0.127357
0.214846
0.157758
0.0879596
0.210511
0.214846
0.175668
0.0675168
0.127787
0.116174
0.175392
0.214846
0.214846
0.193753
0.191809
0.0847809
0.0615216
0.123473
0.0986816
0.122643
0.190526
0.169727
0.16838
0.109481
0.142101
0.194066
0.213287
0.157542
0.216822
0.190742
0.130678
0.216822
0.216822
0.160929
0.09871
0.116532
0.0927023
0.216822
0.216822
0.187697
0.216822
0.216822
0.104667
0.0663386
0.127602
0.11548
0.146664
0.216822
0.191201
0.178343
0.134938
0.113224
0.0777777
0.102809
0.107058
0.14971
0.194278
0.156221
0.168277
0.173305
0.180439
0.119598
0.151534
0.133663
0.214894
0.214894
0.206533
0.214894
0.214894
0.0932023
0.141366
0.190306
0.0854695
0.214894
0.214894
0.179693
0.123823
0.190796
0.178123
0.0797768
0.0999213
0.117021
0.199232
0.214894
0.159251
0.207519
0.209664
0.136486
0.100089
0.122816
0.0517617
0.214894
0.200328
0.143878
0.121227
0.145169
0.140356
0.169495
0.228821
0.120516
0.228821
0.228821
0.208035
0.143051
0.154618
0.18934
0.203416
0.225174
0.0909524
0.228821
0.228821
0.141787
0.109119
0.0861494
0.169273
0.0894244
0.11718
0.0855608
0.228821
0.19801
0.147886
0.168522
0.17979
0.13008
0.080771
0.169403
0.118354
0.14815
0.205179
0.180172
0.115913
0.140557
0.0628844
0.115821
0.168097
0.0998793
0.217072
0.217072
0.172248
0.170529
0.141445
0.194647
0.13169
0.217072
0.217072
0.217072
0.217072
0.142304
0.217072
0.209275
0.134723
0.0548093
0.12345
0.105399
0.121476
0.162253
0.181688
0.126071
0.153736
0.0808802
0.136454
0.217072
0.121753
0.182722
0.195571
0.183214
0.118264
0.16304
0.162716
0.0778392
0.167567
0.205567
0.173112
0.194888
0.157698
0.206644
0.191488
0.132035
0.138334
0.188195
0.146298
0.181279
0.18329
0.176211
0.095925
0.10526
0.168009
0.114622
0.206644
0.146124
0.143824
0.148536
0.181724
0.13715
0.135388
0.142022
0.132565
0.206081
0.195538
0.206644
0.206644
0.173292
0.162988
0.206644
0.136965
0.166916
0.21028
0.20383
0.21028
0.21028
0.172249
0.134919
0.194863
0.175969
0.0600537
0.132617
0.122056
0.144747
0.21028
0.194276
0.164891
0.122841
0.139792
0.0986896
0.173447
0.164987
0.180669
0.21028
0.165103
0.0833979
0.184157
0.18334
0.0905531
0.160973
0.174797
0.148258
0.21028
0.21028
0.12599
0.193003
0.0803428
0.0684617
0.148718
0.147433
0.170616
0.214331
0.214331
0.186854
0.168289
0.130256
0.0753791
0.141843
0.127156
0.121443
0.170335
0.182542
0.196432
0.11957
0.153076
0.0703079
0.181068
0.214331
0.214331
0.214331
0.214331
0.152297
0.214331
0.068564
0.0534308
0.111613
0.164436
0.214331
0.203306
0.193388
0.194071
0.214331
0.0946856
0.0746751
0.144853
0.150792
0.152199
0.192416
0.174888
0.192733
0.124895
0.131281
0.0834808
0.106154
0.121516
0.167784
0.166725
0.178766
0.214063
0.169881
0.203055
0.0405175
0.0982954
0.216989
0.216989
0.216989
0.162843
0.195722
0.216989
0.101027
0.0474762
0.0858726
0.167473
0.216989
0.216989
0.216989
0.212608
0.192845
0.130897
0.0826805
0.111002
0.15699
0.225781
0.201593
0.150038
0.225781
0.187974
0.181034
0.084219
0.126126
0.0840834
0.225781
0.225781
0.128272
0.112244
0.166457
0.160596
0.0572105
0.0856239
0.225781
0.225781
0.225781
0.186275
0.179865
0.197043
0.134139
0.0497866
0.140113
0.153671
0.216758
0.225781
0.145586
0.157533
0.149628
0.0944182
0.0868299
0.132034
0.149875
0.228595
0.228595
0.131905
0.153884
0.212829
0.179245
0.0912957
0.166224
0.150379
0.167296
0.228595
0.171579
0.123662
0.162648
0.124955
0.0589719
0.131195
0.19828
0.228595
0.228595
0.154287
0.182888
0.195988
0.125686
0.0916182
0.163397
0.182872
0.120577
0.228595
0.157544
0.13303
0.157618
0.158938
0.0714638
0.139321
0.135085
0.14863
0.223157
0.16316
0.119497
0.166976
0.144623
0.171749
0.223157
0.1475
0.223157
0.221937
0.21604
0.145943
0.15785
0.184166
0.0726143
0.10599
0.130953
0.129069
0.223157
0.150027
0.164556
0.163459
0.180838
0.172636
0.223157
0.121506
0.188821
0.208018
0.16017
0.187351
0.0727059
0.142402
0.118861
0.208369
0.13517
0.169513
0.15378
0.180412
0.139989
0.120498
0.145556
0.147579
0.208369
0.181245
0.204807
0.208369
0.191597
0.172409
0.200519
0.156714
0.102228
0.208369
0.115312
0.148855
0.136978
0.123121
0.16661
0.0852009
0.126592
0.149785
0.208369
0.189239
0.208369
0.182629
0.197643
0.13633
0.12468
0.208369
0.0843321
0.119488
0.134607
0.160718
0.221561
0.173536
0.0856736
0.161857
0.199213
0.099001
0.127085
0.143775
0.165443
0.199853
0.18068
0.0984316
0.14568
0.0941841
0.128053
0.163867
0.221561
0.221561
0.221561
0.135402
0.221561
0.221561
0.221561
0.179921
0.140662
0.127384
0.156629
0.221561
0.139133
0.161623
0.204984
0.101229
0.0811182
0.166629
0.208888
0.208888
0.208888
0.19278
0.116675
0.17723
0.0950968
0.0847605
0.11082
0.13283
0.201918
0.16517
0.170349
0.18819
0.208888
0.115745
0.199964
0.15669
0.204553
0.182064
0.208888
0.201822
0.171644
0.173856
0.0986929
0.0789772
0.0930335
0.208888
0.184841
0.146586
0.174493
0.17012
0.201193
0.0976046
0.0652609
0.106359
0.180701
0.229438
0.197596
0.137543
0.169239
0.192288
0.13925
0.0731315
0.0945156
0.14571
0.229636
0.229636
0.217007
0.16274
0.136949
0.128146
0.0738284
0.118641
0.229636
0.171441
0.136339
0.187817
0.155694
0.171395
0.120292
0.229636
0.229636
0.192481
0.229636
0.229636
0.100787
0.0821429
0.115057
0.0686258
0.0664281
0.0815549
0.168218
0.23711
0.23711
0.135173
0.10635
0.109683
0.119022
0.0230166
0.0983594
0.131904
0.181637
0.23711
0.0975431
0.114751
0.143995
0.109058
0.23711
0.23711
0.188992
0.219905
0.230342
0.0802452
0.0627632
0.0985536
0.082647
0.165031
0.108536
0.155465
0.217431
0.23711
0.176647
0.196272
0.226196
0.23711
0.0300757
0.0880397
0.169461
0.240457
0.251029
0.112014
0.141796
0.197481
0.152398
0.0591207
0.112031
0.167882
0.109631
0.251029
0.0915836
0.103561
0.122958
0.154849
0.196909
0.124152
0.175843
0.251029
0.251029
0.17501
0.225665
0.251029
0.251029
0.0606529
0.0974555
0.182004
0.164384
0.159549
0.131827
0.106521
0.132521
0.0751813
0.0726148
0.105119
0.161754
0.148214
0.222755
0.126164
0.158279
0.186801
0.222755
0.188427
0.222755
0.128112
0.190125
0.205568
0.159716
0.141411
0.103454
0.153162
0.0881355
0.1195
0.165589
0.222755
0.222755
0.147866
0.142314
0.168847
0.120074
0.0935545
0.222755
0.181008
0.222755
0.178455
0.13201
0.198105
0.121346
0.151921
0.123789
0.215748
0.12868
0.152172
0.13997
0.123632
0.131519
0.117697
0.149617
0.179367
0.215748
0.203173
0.207251
0.202754
0.215748
0.183897
0.118681
0.215748
0.100354
0.215748
0.134721
0.215748
0.1516
0.130309
0.171203
0.115885
0.134509
0.0816027
0.215748
0.169842
0.215748
0.215748
0.215748
0.0993864
0.0728406
0.0771781
0.0880179
0.112343
0.189343
0.223287
0.224535
0.148869
0.224535
0.210101
0.191311
0.168795
0.111945
0.118891
0.16857
0.224264
0.111889
0.122644
0.153979
0.0964528
0.125924
0.126315
0.14305
0.21741
0.224535
0.20404
0.188063
0.185159
0.209553
0.0691829
0.134305
0.14744
0.11778
0.113065
0.088461
0.103514
0.224535
0.224535
0.205549
0.157519
0.206792
0.211167
0.211167
0.183832
0.154834
0.147389
0.125162
0.119904
0.088508
0.200691
0.198893
0.157494
0.185627
0.185248
0.207208
0.116304
0.0892055
0.211167
0.211167
0.185395
0.197476
0.084788
0.111403
0.211167
0.210576
0.0674077
0.121178
0.171445
0.177008
0.12653
0.102804
0.117772
0.185319
0.141284
0.102255
0.122968
0.220196
0.173114
0.161631
0.189669
0.161338
0.177848
0.144839
0.240439
0.240439
0.172457
0.240439
0.240439
0.1016
0.0701301
0.0708056
0.0769578
0.104911
0.170372
0.190746
0.18285
0.162364
0.0916494
0.10889
0.149411
0.11328
0.139135
0.193711
0.240439
0.240439
0.240439
0.17131
0.100925
0.0665215
0.0465845
0.233056
0.233056
0.143653
0.223691
0.233056
0.0655477
0.048555
0.0653369
0.0731282
0.114303
0.0839298
0.154123
0.205836
0.233056
0.127369
0.154131
0.205274
0.233056
0.153161
0.21099
0.233056
0.233056
0.233056
0.1145
0.0641036
0.0573364
0.0675321
0.14174
0.13233
0.184943
0.151719
0.155431
0.138714
0.0908315
0.127887
0.233056
0.150517
0.106801
0.168605
0.226574
0.256167
0.140877
0.19295
0.256167
0.256167
0.0393462
0.0826196
0.206696
0.15212
0.125097
0.0987767
0.101546
0.11534
0.0694751
0.1888
0.187013
0.230591
0.211579
0.184677
0.174691
0.134363
0.177317
0.256167
0.0210581
0.0976666
0.194628
0.178129
0.118799
0.1026
0.140315
0.122415
0.130179
0.0706499
0.110627
0.21239
0.202928
0.166733
0.134075
0.153523
0.180637
0.136002
0.0973979
0.21239
0.186472
0.21239
0.139663
0.12964
0.161816
0.152283
0.162555
0.0263238
0.127927
0.21239
0.21239
0.160967
0.137694
0.21239
0.176785
0.186457
0.0867829
0.163742
0.15678
0.164531
0.175097
0.129055
0.206442
0.21239
0.21239
0.114539
0.211626
0.170073
0.211626
0.124722
0.137754
0.159385
0.15736
0.166557
0.0874544
0.211626
0.208854
0.211626
0.211626
0.211626
0.128308
0.113521
0.108133
0.0928814
0.164028
0.161491
0.164964
0.174517
0.134878
0.175371
0.194917
0.167308
0.163354
0.210963
0.181568
0.211626
0.211626
0.151712
0.110919
0.125678
0.0737418
0.101514
0.101827
0.125506
0.213609
0.234612
0.190413
0.20549
0.222167
0.21156
0.0657253
0.117223
0.12849
0.126507
0.119526
0.0836737
0.095089
0.22588
0.231088
0.085795
0.0557877
0.0554514
0.119856
0.225437
0.234612
0.234612
0.234612
0.234612
0.121266
0.164184
0.0804684
0.136244
0.197609
0.0964458
0.135442
0.179015
0.201562
0.0765109
0.20143
0.190803
0.187201
0.18729
0.0709712
0.0904749
0.191523
0.187909
0.0821626
0.130715
0.160079
0.188889
0.150208
0.08884
0.0982526
0.153289
0.131049
0.206292
0.219208
0.117183
0.133408
0.219208
0.128403
0.112569
0.219208
0.219208
0.144698
0.219208
0.124767
0.219208
0.219208
0.132505
0.126905
0.195146
0.219208
0.110513
0.175331
0.166769
0.187457
0.182214
0.082801
0.0925572
0.130432
0.113783
0.145276
0.181156
0.222453
0.222453
0.222453
0.125481
0.102563
0.0621737
0.0594669
0.177868
0.222453
0.125623
0.202462
0.222453
0.137374
0.120383
0.178527
0.222453
0.222453
0.222453
0.111992
0.198765
0.222453
0.0693065
0.0653294
0.135281
0.222453
0.196348
0.226705
0.226705
0.226705
0.226705
0.0958863
0.0844687
0.0789688
0.0955632
0.148882
0.157597
0.226705
0.165374
0.169848
0.119694
0.0972752
0.154924
0.226705
0.198194
0.207218
0.110386
0.155789
0.176639
0.0945254
0.0928064
0.16949
0.180197
0.129542
0.163047
0.196761
0.174302
0.222702
0.169316
0.0827733
0.131177
0.164265
0.204916
0.226636
0.236601
0.196276
0.181503
0.133837
0.136193
0.210455
0.236601
0.0164131
0.109797
0.236601
0.213097
0.106187
0.0783827
0.160341
0.116042
0.117604
0.0864311
0.161957
0.200739
0.181027
0.235763
0.231348
0.125811
0.223619
0.190385
0.129695
0.0998066
0.123315
0.172913
0.174188
0.137997
0.0973624
0.0857041
0.0476831
0.0228605
0.131277
0.219404
0.219404
0.139735
0.0995573
0.219404
0.144738
0.153641
0.0847442
0.149214
0.174288
0.161201
0.170576
0.135879
0.219404
0.174994
0.185743
0.117684
0.15162
0.152385
0.219404
0.219404
0.140876
0.163056
0.127471
0.0452804
0.100362
0.215035
0.219404
0.164101
0.219404
0.133111
0.219404
0.219404
0.051241
0.0831446
0.135361
0.173035
0.155646
0.174599
0.131568
0.191772
0.162759
0.140898
0.120843
0.183334
0.187455
0.217152
0.217152
0.156049
0.135518
0.144205
0.078881
0.0795784
0.217152
0.217152
0.15554
0.217152
0.104615
0.217152
0.217152
0.0626289
0.0752598
0.215971
0.217152
0.217152
0.217152
0.153227
0.152176
0.130149
0.0614137
0.0547499
0.0668131
0.0484736
0.0842669
0.152686
0.237472
0.237472
0.237472
0.237472
0.0853369
0.15106
0.0687038
0.133341
0.179161
0.0973704
0.116539
0.132235
0.136396
0.237472
0.235425
0.0886959
0.0728192
0.149422
0.103495
0.0978421
0.237472
0.237472
0.193266
0.237472
0.144656
0.191027
0.193
0.0854057
0.0383919
0.237472
0.237472
0.127692
0.223237
0.0870506
0.124345
0.190841
0.100957
0.0890788
0.153864
0.207198
0.109854
0.173153
0.0815126
0.191617
0.22643
0.100134
0.0932854
0.133848
0.179427
0.22643
0.22643
0.137109
0.173997
0.208208
0.0900611
0.116133
0.22643
0.22643
0.0874565
0.132882
0.12362
0.105969
0.22643
0.207418
0.22643
0.185049
0.182809
0.149674
0.22527
0.0969011
0.17652
0.22527
0.123921
0.102579
0.149569
0.22527
0.22527
0.22527
0.0769776
0.154693
0.188054
0.0418088
0.0595253
0.121853
0.202651
0.140542
0.139247
0.130996
0.10186
0.218529
0.169784
0.22527
0.181563
0.22527
0.22527
0.218341
0.0751808
0.151251
0.22527
0.0411893
0.0190804
0.0205165
0.22527
0.206791
0.225496
0.0934514
0.146384
0.192447
0.080411
0.101764
0.194536
0.210915
0.137977
0.179384
0.193456
0.156586
0.225496
0.195814
0.108175
0.153731
0.160789
0.225496
0.225496
0.106259
0.187259
0.225496
0.0244633
0.0139119
0.0611658
0.225496
0.162259
0.162012
0.225496
0.085513
0.140495
0.148418
0.0862292
0.106911
0.225496
0.103355
0.180908
0.197183
0.163286
0.22167
0.22167
0.147666
0.22167
0.217725
0.142049
0.148699
0.131543
0.18695
0.178806
0.139791
0.11285
0.0941016
0.0556319
0.154256
0.14671
0.22167
0.104104
0.172529
0.172161
0.11548
0.190336
0.22167
0.177616
0.22167
0.22167
0.177398
0.22167
0.0767544
0.099257
0.0606714
0.102121
0.102783
0.167647
0.12713
0.197194
0.214256
0.110084
0.126052
0.107874
0.0472536
0.0951718
0.18742
0.222736
0.169418
0.210327
0.149774
0.222736
0.179602
0.0522558
0.11226
0.21272
0.222736
0.222736
0.222736
0.0605684
0.116607
0.114266
0.122078
0.18146
0.203816
0.128526
0.163842
0.121427
0.113905
0.219197
0.222736
0.222736
0.0883362
0.194721
0.221339
0.183217
0.221339
0.125709
0.221339
0.207063
0.0659958
0.0693309
0.168694
0.221339
0.221339
0.221339
0.169671
0.16293
0.110628
0.0711287
0.165016
0.221339
0.1627
0.207268
0.122774
0.082306
0.205634
0.221339
0.221339
0.123736
0.221339
0.181416
0.0763703
0.0867696
0.0493414
0.0845374
0.112242
0.131589
0.222857
0.212389
0.0948744
0.0693062
0.131009
0.0785169
0.0570201
0.238245
0.238245
0.175704
0.238245
0.102726
0.194131
0.204992
0.0819149
0.0465793
0.228734
0.238245
0.2241
0.0978805
0.0505527
0.0950274
0.185
0.022052
0.0463434
0.204315
0.238245
0.238245
0.148981
0.0371339
0.129947
0.218335
0.0176272
0.0727175
0.203631
0.238245
0.200452
0.241036
0.0976055
0.17362
0.209171
0.0748258
0.0966642
0.241036
0.241036
0.0837998
0.117944
0.0979096
0.09418
0.165284
0.158734
0.183804
0.193965
0.187472
0.241036
0.179019
0.0368158
0.166006
0.241036
0.0190714
0.067161
0.167576
0.241036
0.228545
0.113178
0.0691236
0.0776251
0.118332
0.0439268
0.11187
0.241036
0.241036
0.136049
0.136437
0.117105
0.0933273
0.158474
0.148882
0.241372
0.227361
0.241372
0.238548
0.207991
0.0620475
0.145977
0.241372
0.0316522
0.0227729
0.0275648
0.241372
0.241372
0.189824
0.101051
0.111405
0.162448
0.0402777
0.105357
0.241372
0.241372
0.183142
0.101227
0.04392
0.171638
0.241372
0.0255906
0.0344172
0.121432
0.241372
0.238353
0.238353
0.0938882
0.203818
0.238353
0.0220345
0.0140722
0.073327
0.238353
0.158186
0.157922
0.161122
0.0736933
0.160899
0.196008
0.0968467
0.114259
0.238353
0.230936
0.175375
0.085198
0.238353
0.238353
0.0476266
0.0494778
0.115811
0.238353
0.116189
0.0712661
0.142908
0.193129
0.121898
0.0912801
0.0938006
0.215435
0.238353
0.145727
0.140052
0.165742
0.0944857
0.171574
0.179049
0.103211
0.187495
0.232027
0.181051
0.232027
0.232027
0.154894
0.217949
0.0828259
0.0952018
0.0616273
0.108188
0.121073
0.112774
0.159051
0.18119
0.143854
0.124235
0.133879
0.232027
0.232027
0.232027
0.232027
0.232027
0.166952
0.190343
0.0473907
0.0604135
0.107897
0.166914
0.120248
0.228275
0.228275
0.215896
0.21351
0.0670038
0.0923103
0.111517
0.120539
0.155457
0.203924
0.110537
0.150071
0.12785
0.128206
0.203688
0.228275
0.228275
0.228275
0.228275
0.224789
0.141432
0.169581
0.0653757
0.0736343
0.103111
0.197215
0.114239
0.138937
0.100021
0.05998
0.161578
0.0510115
0.168973
0.228275
0.228275
0.174954
0.2264
0.153101
0.2264
0.161424
0.117646
0.208726
0.2264
0.2264
0.14107
0.216172
0.203315
0.111986
0.12103
0.0590867
0.0835076
0.121522
0.145742
0.121085
0.125309
0.0882024
0.0760987
0.188746
0.0693411
0.170573
0.2264
0.2264
0.191292
0.2264
0.166708
0.180332
0.215392
0.0484396
0.116046
0.140578
0.172393
0.254257
0.134482
0.0841332
0.137462
0.254257
0.0392972
0.0648836
0.254257
0.254257
0.254257
0.21554
0.0532934
0.177203
0.254257
0.0483896
0.103252
0.254257
0.254257
0.138254
0.0643356
0.0338503
0.137216
0.235224
0.0549993
0.0880725
0.149804
0.211608
0.145197
0.0689215
0.0882215
0.154222
0.120679
0.0927141
0.0716211
0.111443
0.254257
0.25451
0.211749
0.0487551
0.168946
0.25451
0.0476295
0.0781496
0.226759
0.25451
0.235782
0.143425
0.0767529
0.0855229
0.105852
0.0423656
0.104564
0.25451
0.25451
0.147507
0.0832808
0.0899572
0.157273
0.122504
0.0882519
0.0882676
0.141791
0.230504
0.248548
0.160904
0.0988447
0.119004
0.11163
0.0290146
0.0864463
0.25451
0.25451
0.247803
0.187148
0.0906157
0.0928716
0.133644
0.0347347
0.0668864
0.247803
0.247803
0.144583
0.087406
0.0338444
0.149489
0.247803
0.0213865
0.033154
0.100287
0.247803
0.247803
0.199858
0.104022
0.129777
0.157039
0.0242571
0.0910024
0.247803
0.247803
0.199213
0.0613902
0.0268006
0.195587
0.247803
0.00213131
0.0437019
0.247803
0.247803
0.206058
0.166361
0.0697935
0.237859
0.253463
0.0460541
0.0596694
0.112512
0.253463
0.108737
0.0714687
0.110217
0.162144
0.145995
0.108578
0.100337
0.188658
0.253463
0.253463
0.144953
0.0529867
0.253463
0.253463
0.0151155
0.0709674
0.180008
0.253463
0.0728238
0.102483
0.0483597
0.132409
0.124706
0.0840743
0.134053
0.253463
0.253463
0.103161
0.0976422
0.125074
0.153513
0.154846
0.124071
0.127816
0.206566
0.226922
0.226922
0.226922
0.226922
0.170098
0.226922
0.0674885
0.0700576
0.0928396
0.150074
0.0836118
0.199575
0.0873848
0.157358
0.155839
0.0847848
0.167804
0.184737
0.211139
0.203848
0.226922
0.226922
0.166145
0.226922
0.048184
0.0457959
0.134619
0.226922
0.216272
0.234642
0.224254
0.155816
0.215633
0.0935419
0.0790823
0.102707
0.16917
0.0856263
0.145032
0.131164
0.0732954
0.144361
0.0505497
0.159155
0.234642
0.234642
0.211455
0.234642
0.234642
0.211748
0.234642
0.0520732
0.0888182
0.110507
0.206698
0.136696
0.201955
0.099243
0.0933279
0.0916263
0.0943474
0.234642
0.154101
0.136969
0.0953664
0.124958
0.121673
0.0867033
0.169014
0.0745729
0.164556
0.226918
0.226918
0.165156
0.199578
0.189868
0.186429
0.226918
0.0623505
0.106424
0.160821
0.156812
0.13826
0.226918
0.166489
0.120764
0.12524
0.147845
0.226918
0.215074
0.10824
0.143073
0.144638
0.169638
0.124494
0.226918
0.226918
0.143413
0.226918
0.114382
0.117662
0.0639936
0.0365657
0.165999
0.243547
0.0820833
0.104155
0.171121
0.229987
0.0897009
0.0900079
0.120044
0.162747
0.22271
0.184034
0.100468
0.127791
0.243547
0.154497
0.0724328
0.0197512
0.0861311
0.237224
0.206166
0.243547
0.188433
0.191183
0.13446
0.181011
0.071919
0.189063
0.243547
0.243547
0.189746
0.194395
0.128741
0.0924866
0.120694
0.12959
0.163531
0.207943
0.173513
0.128616
0.153696
0.245617
0.240325
0.176042
0.116518
0.136002
0.138104
0.0485243
0.0972332
0.245617
0.245617
0.0825775
0.106195
0.0613891
0.171226
0.245617
0.214896
0.19532
0.214943
0.128926
0.092973
0.109584
0.137779
0.147637
0.182662
0.133408
0.136585
0.192105
0.245617
0.227619
0.190525
0.103774
0.125871
0.163777
0.0288188
0.0865976
0.264502
0.266042
0.227677
0.0735512
0.022699
0.187015
0.266042
0.00174888
0.0315641
0.197913
0.266042
0.0993585
0.0693122
0.103036
0.141269
0.1238
0.0904058
0.116856
0.171768
0.266042
0.266042
0.0192154
0.00807965
0.172259
0.266042
0.00962619
0.0120099
0.0977578
0.266042
0.213577
0.118299
0.0383313
0.23345
0.281211
0.00926256
0.0460743
0.102377
0.281211
0.0722671
0.0814113
0.0504491
0.0794915
0.102317
0.0632487
0.090005
0.170952
0.21454
0.281211
0.0365447
0.0184225
0.21892
0.281211
0.00794433
0.0119899
0.0930501
0.281211
0.104646
0.281211
0.281211
0.274206
0.120742
0.0375641
0.0266613
0.0584709
0.186847
0.0806976
0.146583
0.103316
0.13243
0.156855
0.0790177
0.136401
0.160331
0.169192
0.162406
0.230554
0.21262
0.186842
0.264819
0.0656239
0.0530471
0.112224
0.264819
0.0696192
0.264819
0.264819
0.264819
0.182534
0.0557858
0.0422471
0.0544612
0.0536159
0.0583272
0.0987012
0.264819
0.264819
0.264819
0.16814
0.0715691
0.0220192
0.0606883
0.173586
0.258071
0.258071
0.246154
0.258071
0.075764
0.0817553
0.102876
0.186467
0.0924221
0.194195
0.11088
0.110201
0.117049
0.109954
0.237568
0.156353
0.11741
0.0668431
0.0757957
0.258071
0.258071
0.258071
0.172929
0.0756227
0.0188845
0.0377439
0.0264069
0.0429515
0.0108405
0.0904465
0.258071
0.258071
0.24418
0.0916416
0.0325931
0.0910398
0.237397
0.167763
0.136351
0.125768
0.146936
0.249851
0.202177
0.081802
0.141211
0.136425
0.158891
0.110222
0.258865
0.251402
0.135452
0.190281
0.106131
0.0303436
0.0566865
0.0250183
0.106838
0.275718
0.275718
0.241857
0.0887002
0.0210317
0.0537747
0.0950844
0.15462
0.181628
0.275718
0.275718
0.0995818
0.0564724
0.0155859
0.12017
0.0700629
0.0213979
0.108655
0.243174
0.235186
0.243174
0.200127
0.178191
0.170546
0.233395
0.085158
0.161927
0.243174
0.243174
0.208956
0.19282
0.115148
0.0285133
0.022993
0.0185437
0.196856
0.243174
0.243174
0.236176
0.0884588
0.0447536
0.0849756
0.215065
0.0555417
0.10983
0.243174
0.17289
0.0968548
0.0376116
0.029185
0.0961982
0.139781
0.0741345
0.164887
0.230822
0.230822
0.203021
0.201099
0.110102
0.085168
0.124871
0.1487
0.145611
0.211679
0.135043
0.132998
0.188892
0.230822
0.0509483
0.19211
0.118545
0.112829
0.230822
0.139938
0.0639917
0.0324065
0.0353311
0.121343
0.181056
0.230822
0.212999
0.230822
0.219033
0.133257
0.230822
0.195831
0.0741079
0.0719479
0.100541
0.143155
0.154169
0.0804881
0.102454
0.163246
0.259278
0.259278
0.0339601
0.00877903
0.165964
0.259278
0.00738591
0.018913
0.071714
0.259278
0.110837
0.162023
0.259278
0.170373
0.241596
0.149767
0.106782
0.226909
0.195381
0.259278
0.0842046
0.0288091
0.143094
0.259278
0.066091
0.128855
0.209791
0.208872
0.271772
0.058005
0.0511582
0.207027
0.271772
0.00795061
0.0116333
0.0993048
0.271772
0.121621
0.264607
0.271772
0.198994
0.0889736
0.0341547
0.0186835
0.0530951
0.169052
0.271772
0.139009
0.0798297
0.171186
0.271772
0.0544325
0.119766
0.242191
0.22678
0.0784856
0.132434
0.271772
0.124825
0.17049
0.022443
0.0482056
0.0527444
0.0498979
0.116426
0.297222
0.297222
0.297222
0.200457
0.0694661
0.0298183
0.0848151
0.0590542
0.0855627
0.0944758
0.288751
0.297222
0.297222
0.20511
0.0815525
0.0190587
0.0850079
0.132434
0.287487
0.297222
0.191953
0.297222
0.0275415
0.0436028
0.0513113
0.0443307
0.00713945
0.0392004
0.0422151
0.0276052
0.0381214
0.0660211
0.0288635
0.0186665
0.011296
0.141281
0.0912856
0.349304
0.349304
0.349304
0.298672
0.11573
0.0280623
0.0784547
0.0263615
0.0912314
0.0170656
0.166486
0.349304
0.349304
0.349304
0.200629
0.0682628
0.00839242
0.0453417
0.043085
0.0293741
0.052261
0.100015
0.043133
0.0273347
0.0179492
0.00284137
0.0107846
0.0120553
0.0283312
0.118619
0.107726
0.0253512
0.0144992
0.00597499
0.0371254
0.107166
0.0423817
0.198626
0.345683
0.345683
0.345683
0.171995
0.0385106
0.101166
0.193117
0.253136
0.246697
0.345683
0.345683
0.180456
0.050958
0.0281307
0.00285962
0.00453132
0.0126627
0.0320805
0.133822
0.112132
0.0240261
0.00835169
0.0088225
0.014465
0.00861725
0.027171
0.0935842
0.229808
0.11428
0.0222634
0.0118143
0.0145243
