0.10006
0.181449
0.103682
0.157242
0.229585
0.0611938
0.0497153
0.123399
0.14657
0.229585
0.11006
0.0522864
0.120379
0.199209
0.0584532
0.0798354
0.144954
0.229585
0.0356262
0.145661
0.229585
0.229585
0.229585
0.229585
0.162895
0.162724
0.108006
0.0679035
0.145524
0.123976
0.229585
0.216757
0.229585
0.224223
0.229585
0.161744
0.233727
0.123621
0.091505
0.158945
0.233727
0.056946
0.0805622
0.155271
0.233727
0.0595368
0.059996
0.0568983
0.035536
0.100834
0.0222872
0.0743518
0.0889785
0.0644535
0.081091
0.190973
0.177133
0.194952
0.219297
0.209507
0.19261
0.233727
0.174073
0.190868
0.2159
0.170947
0.104658
0.233727
0.212768
0.233727
0.233727
0.233727
0.0727261
0.12031
0.0982781
0.0627249
0.186452
0.0250958
0.0996916
0.12712
0.048522
0.0152487
0.0297671
0.0268347
0.0333948
0.0489639
0.0224198
0.0327414
0.0137231
0.0118264
0.216146
0.260132
0.260132
0.147194
0.260132
0.260132
0.260132
0.260132
0.260132
0.0501985
0.170192
0.249721
0.152358
0.260132
0.260132
0.174449
0.260132
0.054576
0.0166969
0.0431185
0.033429
0.0480919
0.0786768
0.0280512
0.0437571
0.0217147
0.0161453
0.034865
0.0411424
0.0375913
0.0614642
0.0572363
0.0357706
0.0338298
0.0235641
0.0132366
0.0294508
0.291612
0.290347
0.236762
0.311847
0.311847
0.262235
0.298782
0.0493804
0.0053118
0.0906935
0.311847
0.311847
0.311847
0.283632
0.0684919
0.062334
0.00433662
0.0322739
0.0475094
0.0418488
0.0572214
0.0609269
0.0313736
0.0321867
0.0237344
0.0118408
0.0268424
0.0638861
0.0851599
0.0873994
0.136893
0.0416436
0.01709
0.0163539
0.0149373
0.0346446
0.172071
0.300637
0.300637
0.300637
0.233679
0.162854
0.0387036
0.00334157
0.214984
0.300637
0.295458
0.276574
0.300637
0.300637
0.179097
0.017461
0.21485
0.0261932
0.0531714
0.0543159
0.0596931
0.0979008
0.0312602
0.0108406
0.0107508
0.00804541
0.170338
0.126902
0.0585141
0.245693
0.358825
0.0605158
0.0161271
0.017578
0.0936547
0.183801
0.358825
0.247532
0.241412
0.358825
0.170696
0.143908
0.00911598
0.0853288
0.103167
0.0560905
0.0266044
0.17897
0.358825
0.203896
0.0605959
0.0430466
0.194963
0.128621
0.105618
0.0516824
0.274465
0.355313
0.0485183
0.0122218
0.0145748
0.0439419
0.0882012
0.0650181
0.073995
0.355313
0.355313
0.0124895
0.00724124
0.0237561
0.117021
0.127189
0.0385353
0.0429818
0.233897
0.355313
0.130455
0.040014
0.0350778
0.127541
0.110628
0.0769961
0.0514163
0.288097
0.355313
0.0356561
0.00200284
0.00721619
0.104857
0.0492695
0.235488
0.240271
0.240271
0.240271
0.240271
0.16406
0.161709
0.0809507
0.0946867
0.194095
0.119485
0.230506
0.240271
0.240271
0.240271
0.240271
0.142737
0.0744521
0.128736
0.124503
0.131279
0.159775
0.116653
0.129438
0.0827696
0.0425441
0.0694517
0.15088
0.058681
0.131334
0.157581
0.16743
0.120209
0.210444
0.0833835
0.0887505
0.216619
0.190436
0.203755
0.229333
0.229333
0.229333
0.229333
0.141211
0.196742
0.229333
0.195063
0.110088
0.229333
0.206485
0.229333
0.229333
0.229333
0.051368
0.131779
0.0618521
0.113726
0.138007
0.149527
0.122833
0.185585
0.0849062
0.067112
0.149938
0.118438
0.114729
0.148893
0.111904
0.0976955
0.0654628
0.0708284
0.198604
0.231663
0.231663
0.133315
0.217713
0.20663
0.231663
0.231663
0.231663
0.0401568
0.101465
0.137122
0.160684
0.231663
0.231663
0.116172
0.158293
0.0485087
0.073209
0.148899
0.128525
0.117826
0.16798
0.150345
0.121794
0.0573056
0.0807167
0.0765538
0.0927541
0.165291
0.187626
0.222729
0.130802
0.0989142
0.231663
0.197571
0.0373553
0.157771
0.160871
0.205617
0.24187
0.24187
0.168232
0.170037
0.053894
0.00279388
0.0432659
0.169178
0.24187
0.24187
0.218465
0.0727197
0.0456565
0.00648084
0.102002
0.142284
0.210321
0.222448
0.24187
0.21741
0.150363
0.24187
0.202348
0.0218811
0.0347623
0.0827915
0.134265
0.24187
0.174424
0.150047
0.151226
0.112795
0.0197704
0.0890339
0.17877
0.22405
0.25547
0.190636
0.115474
0.0329996
0.00692269
0.118994
0.25547
0.252572
0.251315
0.25547
0.25547
0.100662
0.00671845
0.124444
0.0167345
0.0512263
0.0799488
0.107535
0.191765
0.157992
0.183231
0.129866
0.0882634
0.164182
0.25547
0.25547
0.25547
0.222763
0.0512022
0.071431
0.0194496
0.0978651
0.114051
0.295218
0.21779
0.240078
0.295218
0.143133
0.0876476
0.00483321
0.0571432
0.0874604
0.0460714
0.026969
0.139612
0.295218
0.160757
0.0583348
0.035219
0.144884
0.115697
0.277984
0.175526
0.23963
0.246949
0.0373872
0.0620343
0.027409
0.0610859
0.174011
0.132123
0.0651372
0.18785
0.238839
0.03186
0.0933538
0.129363
0.295218
0.114295
0.0424237
0.0471331
0.236197
0.33771
0.134345
0.0460839
0.0361864
0.121815
0.112842
0.0850188
0.0450793
0.31722
0.33771
0.0320389
0.00633701
0.00721149
0.0998785
0.211591
0.0991148
0.0585008
0.287525
0.33771
0.0149995
0.0543021
0.14166
0.33771
0.192525
0.037454
0.0372267
0.092067
0.158474
0.00988898
0.0249729
0.0106836
0.250379
0.0849277
0.167622
0.156517
0.215125
0.215125
0.154516
0.148727
0.116863
0.0379247
0.145485
0.215125
0.109596
0.166092
0.215125
0.215125
0.157761
0.215125
0.161965
0.0492651
0.149309
0.153268
0.155289
0.215125
0.215125
0.179745
0.179082
0.0917337
0.0793573
0.133715
0.215125
0.215125
0.182097
0.18042
0.154407
0.178277
0.117464
0.105995
0.203914
0.127818
0.169518
0.211641
0.211641
0.194577
0.211641
0.148621
0.0998881
0.203318
0.160723
0.181841
0.211641
0.163912
0.155785
0.0750301
0.0736204
0.0829324
0.151842
0.211641
0.193204
0.211641
0.184931
0.162998
0.144248
0.0826248
0.0918433
0.188599
0.185685
0.211641
0.179104
0.103445
0.211641
0.162089
0.0907126
0.0944383
0.160169
0.135988
0.152198
0.214762
0.179252
0.17432
0.0704313
0.0717481
0.112615
0.11596
0.171361
0.2221
0.2221
0.0962269
0.152747
0.2221
0.205618
0.0805428
0.142018
0.144309
0.185337
0.2221
0.130544
0.206818
0.135821
0.0692076
0.2221
0.2221
0.193607
0.2221
0.2221
0.144854
0.184545
0.12936
0.0767259
0.122628
0.119882
0.168531
0.220879
0.220879
0.151716
0.175169
0.220879
0.169364
0.017869
0.0220669
0.0235096
0.0895902
0.220879
0.211577
0.181071
0.163255
0.100739
0.220879
0.220879
0.169494
0.207663
0.220879
0.166805
0.220879
0.220879
0.126209
0.0629631
0.0365771
0.0195694
0.0605292
0.126077
0.108735
0.220879
0.220879
0.216167
0.0131576
0.0375344
0.0259358
0.0655376
0.199788
0.235199
0.225883
0.162457
0.09277
0.16285
0.266882
0.266882
0.266882
0.233116
0.0494444
0.0405336
0.0168586
0.105351
0.0424573
0.0174727
0.0197636
0.0524584
0.0871456
0.0995384
0.266882
0.266882
0.266882
0.266882
0.266882
0.108772
0.193165
0.266882
0.0443699
0.0279243
0.0127656
0.00418677
0.134677
0.247341
0.246133
0.247341
0.247341
0.0501962
0.0456115
0.0290032
0.0784672
0.222043
0.146838
0.111898
0.243154
0.247341
0.0750482
0.130282
0.132573
0.247341
0.20657
0.247341
0.121294
0.213156
0.247341
0.0475654
0.0294621
0.0241237
0.0106871
0.090855
0.176381
0.0973057
0.195135
0.247341
0.179369
0.0334731
0.0528619
0.0890328
0.27841
0.112053
0.123671
0.283508
0.283508
0.0564365
0.0872342
0.17297
0.283508
0.227311
0.0562804
0.0742799
0.133103
0.212414
0.024041
0.0562397
0.0248673
0.283508
0.0395675
0.157436
0.153512
0.283508
0.283508
0.209693
0.0468451
0.0722148
0.101312
0.039969
0.0202763
0.049583
0.154234
0.283508
0.130338
0.0338414
0.0242452
0.0721014
0.0428944
0.159195
0.186356
0.198627
0.216895
0.216895
0.195627
0.208039
0.100239
0.0936213
0.144506
0.216895
0.208094
0.210242
0.216895
0.177223
0.181048
0.193334
0.0578908
0.102249
0.203984
0.216895
0.216895
0.141664
0.149989
0.106268
0.0854893
0.0997679
0.119715
0.122799
0.188607
0.146709
0.0928066
0.211366
0.136599
0.145152
0.0948626
0.170555
0.214883
0.196372
0.214883
0.214883
0.175691
0.12835
0.128651
0.133764
0.214883
0.145147
0.214883
0.183994
0.134368
0.214883
0.137532
0.0858226
0.0958621
0.141399
0.172359
0.208113
0.18182
0.0966501
0.162701
0.143084
0.128774
0.118929
0.203989
0.146128
0.186127
0.201892
0.137588
0.214883
0.181167
0.0818054
0.0953398
0.157581
0.0970399
0.143942
0.193513
0.132845
0.183988
0.100735
0.0465732
0.2344
0.2344
0.166574
0.197845
0.204059
0.151492
0.173955
0.159575
0.0792665
0.113516
0.20663
0.165179
0.111984
0.222489
0.141334
0.15403
0.130093
0.0678705
0.127239
0.2344
0.206371
0.0892589
0.166802
0.2344
0.2344
0.2344
0.082616
0.214932
0.242947
0.15893
0.171019
0.20871
0.199682
0.229327
0.242947
0.135076
0.0569516
0.0418106
0.0257713
0.0522199
0.0913034
0.108666
0.226221
0.242947
0.199705
0.149313
0.242947
0.242947
0.0742408
0.214425
0.242947
0.242947
0.234258
0.105715
0.0151577
0.011969
0.0188639
0.0310084
0.059796
0.0834775
0.1834
0.149296
0.0654507
0.0495814
0.0270921
0.0295901
0.06061
0.10281
0.168107
0.292046
0.292046
0.292046
0.292046
0.292046
0.211966
0.196482
0.292046
0.055614
0.0337625
0.018016
0.00613919
0.0103742
0.018384
0.0294312
0.0440374
0.0528165
0.0909132
0.275067
0.225189
0.115031
0.0840063
0.292046
0.292046
0.0888985
0.0947317
0.0492138
0.0441358
0.0265643
0.00737952
0.22984
0.263754
0.168115
0.216761
0.263754
0.0618129
0.035236
0.0298351
0.0164784
0.0934393
0.220761
0.14244
0.263754
0.263754
0.245912
0.0510767
0.0522051
0.048298
0.0581093
0.263754
0.263754
0.109324
0.0972574
0.0493641
0.0299177
0.0195328
0.01528
0.05855
0.263754
0.263754
0.203456
0.263754
0.0848595
0.0711901
0.0672866
0.0579245
0.0277667
0.147658
0.150972
0.303032
0.303032
0.212759
0.0520092
0.0615907
0.0571689
0.0311721
0.0286914
0.064766
0.172014
0.303032
0.121925
0.0496018
0.0364332
0.0552089
0.0705731
0.303032
0.303032
0.204006
0.303032
0.0940705
0.0558969
0.0605716
0.0737912
0.136331
0.0678127
0.0836064
0.278178
0.303032
0.0702178
0.035962
0.0453896
0.126465
0.0848116
0.108889
0.167304
0.222431
0.222431
0.131927
0.172633
0.104742
0.0799655
0.0901498
0.12483
0.118555
0.196491
0.221648
0.119692
0.177558
0.141248
0.135227
0.139438
0.152778
0.222431
0.180161
0.193076
0.114398
0.113399
0.18396
0.219795
0.0982366
0.222431
0.198427
0.222431
0.222431
0.0628847
0.222431
0.222431
0.0969374
0.0926856
0.145314
0.144331
0.218983
0.21995
0.130772
0.144816
0.164805
0.160571
0.127404
0.214208
0.122796
0.190376
0.21995
0.206323
0.21995
0.158778
0.0904544
0.0944757
0.21995
0.163721
0.21995
0.21995
0.08396
0.21995
0.21995
0.135623
0.0579903
0.104064
0.0556604
0.0857122
0.0938996
0.21995
0.21995
0.177468
0.105778
0.155859
0.251898
0.185356
0.151199
0.251898
0.213971
0.215059
0.166346
0.123522
0.172872
0.251898
0.251898
0.106288
0.156379
0.251898
0.251898
0.251898
0.141603
0.0627658
0.068552
0.0473364
0.0696752
0.103203
0.214229
0.251898
0.213701
0.149024
0.0184233
0.0244363
0.031503
0.0297997
0.084281
0.162073
0.114459
0.0244591
0.0132473
0.243197
0.304705
0.304705
0.121076
0.267491
0.304705
0.304705
0.304705
0.241339
0.0333871
0.0326307
0.0449931
0.0425198
0.0754152
0.142472
0.304705
0.267942
0.12342
0.0330571
0.0465962
0.0642289
0.0463782
0.155704
0.219203
0.150035
0.0241393
0.0148619
0.0256355
0.0209458
0.0424011
0.0461746
0.0608061
0.0290112
0.0570312
0.04018
0.0269248
0.0252138
0.0589095
0.0892438
0.092496
0.106143
0.241985
0.373004
0.373004
0.321482
0.110875
0.373004
0.373004
0.159669
0.208539
0.102627
0.11956
0.071388
0.0286117
0.0594585
0.0760566
0.0948775
0.104121
0.11808
0.0457327
0.0981551
0.0652166
0.0528464
0.0540651
0.115498
0.150682
0.136669
0.104812
0.0480029
0.0590496
0.0313946
0.0192372
0.0671535
0.318212
0.318212
0.140667
0.133031
0.0645898
0.0494478
0.0316968
0.0303336
0.117094
0.318212
0.318212
0.318212
0.318212
0.105352
0.107646
0.0861484
0.0806933
0.036668
0.0924152
0.0890017
0.0855163
0.0722456
0.0305985
0.026054
0.0116929
0.0109897
0.0925559
0.200897
0.318212
0.318212
0.0790458
0.02406
0.0288744
0.0147306
0.00685197
0.076456
0.281721
0.281721
0.247145
0.281721
0.0734155
0.0499129
0.0495971
0.0618755
0.1511
0.0656148
0.0834253
0.276224
0.281721
0.060249
0.0354541
0.0468149
0.109119
0.0430422
0.13206
0.281721
0.241292
0.0723195
0.0189217
0.0159252
0.00877462
0.0127036
0.104736
0.281721
0.281721
0.273114
0.246204
0.0138169
0.0190725
0.0199496
0.056854
0.164214
0.149038
0.2032
0.164804
0.184354
0.113457
0.140932
0.177488
0.175947
0.0944372
0.221038
0.183847
0.221038
0.221038
0.0650322
0.221038
0.221038
0.0981973
0.129203
0.181833
0.177727
0.17534
0.198409
0.169236
0.221038
0.221038
0.166794
0.0601252
0.116596
0.0464677
0.0860799
0.079818
0.0606178
0.221038
0.221038
0.110196
0.127452
0.251717
0.211212
0.251717
0.251717
0.135455
0.251717
0.251717
0.217722
0.0625468
0.131315
0.0781914
0.128812
0.156208
0.251717
0.251717
0.233606
0.147956
0.0675527
0.16555
0.0468069
0.142544
0.179715
0.112434
0.251717
0.251717
0.146105
0.0468841
0.0858488
0.046753
0.0759717
0.0484449
0.0265148
0.0747538
0.0936645
0.0521052
0.135983
0.192495
0.11747
0.233804
0.319604
0.319604
0.319604
0.319604
0.319604
0.0374368
0.045738
0.0618005
0.109634
0.217273
0.319604
0.13753
0.0623396
0.0398705
0.0817418
0.153906
0.10038
0.142059
0.115827
0.0739308
0.103299
0.143714
0.115977
0.0510794
0.0681672
0.07652
0.036776
0.116377
0.0815791
0.0486247
0.0878805
0.05612
0.076142
0.129912
0.162485
0.255127
0.255127
0.255127
0.238876
0.100642
0.0645967
0.102387
0.0999374
0.170467
0.205444
0.255127
0.143715
0.247973
0.21422
0.126901
0.0980124
0.109996
0.170904
0.0693387
0.255127
0.14227
0.124924
0.128697
0.105345
0.0488169
0.0935712
0.166967
0.216595
0.255127
0.118584
0.127724
0.12361
0.0482976
0.128703
0.172674
0.194015
0.230764
0.230764
0.126362
0.230662
0.180342
0.120813
0.131033
0.230764
0.230764
0.230764
0.230764
0.0801752
0.108015
0.0789569
0.0681717
0.0679129
0.122631
0.193231
0.213834
0.230764
0.12837
0.18061
0.112311
0.042392
0.0662856
0.119013
0.230764
0.230764
0.230764
0.0339322
0.109439
0.14806
0.0344511
0.0913598
0.19173
0.21272
0.235056
0.178402
0.0463594
0.0473336
0.0339991
0.0374925
0.308387
0.415649
0.415649
0.415649
0.16041
0.0509013
0.0787339
0.0208338
0.00682284
0.0475549
0.0786247
0.113029
0.133353
0.131144
0.0244205
0.0698944
0.0937518
0.0254738
0.0855955
0.0833187
0.113253
0.102567
0.128765
0.0710624
0.0830197
0.149322
0.0875272
0.0713081
0.14146
0.287985
0.287985
0.0905385
0.0268066
0.0249308
0.013419
0.0170408
0.192961
0.287985
0.287985
0.287985
0.287985
0.0221247
0.0268047
0.0354527
0.106501
0.0252074
0.0393668
0.0438869
0.0311189
0.0433191
0.023018
0.027969
0.0445151
0.0237621
0.287985
0.287985
0.287985
0.0851431
0.287985
0.0086301
0.0512014
0.133579
0.214239
0.163084
0.225186
0.200021
0.225186
0.191171
0.193605
0.225186
0.225186
0.225186
0.0796313
0.143746
0.0460868
0.105738
0.0811815
0.079167
0.225186
0.225186
0.156992
0.124099
0.225186
0.225186
0.225186
0.0941174
0.0862097
0.170284
0.225186
0.225186
0.0470837
0.036863
0.0621388
0.0589987
0.039963
0.0614499
0.149934
0.225186
0.151255
0.125168
0.264787
0.070401
0.225459
0.233275
0.173323
0.264787
0.264787
0.264787
0.0699822
0.109797
0.0970399
0.106676
0.0913408
0.0474384
0.100342
0.15629
0.0753808
0.0944625
0.115976
0.071748
0.0475559
0.0520978
0.12497
0.264787
0.264787
0.264787
0.0931111
0.264787
0.155672
0.0863096
0.172912
0.116996
0.20609
0.139054
0.0284373
0.102862
0.189758
0.171578
0.178999
0.182408
0.111334
0.11757
0.232626
0.15338
0.0716765
0.0877707
0.117313
0.05849
0.152376
0.0898664
0.102407
0.120039
0.0816426
0.202855
0.244555
0.244555
0.155409
0.236648
0.192985
0.244555
0.244555
0.0995929
0.0495121
0.126705
0.244555
0.205591
0.166076
0.168353
0.15196
0.175149
0.154762
0.113317
0.124746
0.180453
0.0927754
0.233037
0.133744
0.179784
0.16405
0.130781
0.0712135
0.141851
0.155918
0.233037
0.233037
0.118623
0.135375
0.147154
0.0990597
0.0986106
0.104168
0.233037
0.233037
0.19105
0.233037
0.233037
0.233037
0.233037
0.145264
0.201953
0.171778
0.0885743
0.158747
0.0620656
0.0586412
0.123796
0.173047
0.103359
0.17888
0.200054
0.223998
0.223998
0.157852
0.190351
0.149892
0.0897908
0.107553
0.156916
0.223998
0.223998
0.223998
0.0501105
0.107198
0.162995
0.0680552
0.171953
0.219561
0.189566
0.113973
0.189556
0.0797606
0.107775
0.167149
0.170881
0.151466
0.189958
0.217086
0.223998
0.223998
0.0732257
0.12424
0.13802
0.096184
0.104691
0.146746
0.218059
0.218059
0.216334
0.0592595
0.104383
0.162083
0.061479
0.180582
0.159776
0.198401
0.180024
0.218059
0.179768
0.13901
0.218059
0.205293
0.122409
0.13123
0.180876
0.218059
0.21742
0.0910923
0.147863
0.131508
0.067276
0.0859806
0.0954146
0.166732
0.132799
0.20522
0.0627129
0.218059
0.218059
0.218059
0.0515638
0.0676485
0.0716685
0.051845
0.0700208
0.0558942
0.0436159
0.081683
0.0519902
0.33086
0.33086
0.33086
0.121929
0.33086
0.0132955
0.119905
0.240415
0.33086
0.0311338
0.0449507
0.0448499
0.0465999
0.078233
0.0243496
0.0744509
0.0978064
0.0791595
0.296025
0.232682
0.0474594
0.0908504
0.180786
0.00683835
0.0542351
0.0800242
0.318529
0.149035
0.236248
0.236248
0.236248
0.109749
0.0855672
0.141888
0.236248
0.236248
0.0509508
0.0404745
0.0681912
0.0917793
0.0619641
0.10844
0.180374
0.236248
0.18421
0.134251
0.20708
0.146946
0.165415
0.224956
0.117535
0.123386
0.157209
0.134533
0.0666463
0.170944
0.129775
0.125529
0.205647
0.214183
0.236248
0.233602
0.0831057
0.0731402
0.0882305
0.0590516
0.0768686
0.0752322
0.130331
0.247653
0.247653
0.247653
0.0778767
0.208451
0.158198
0.0770327
0.150181
0.0919576
0.140756
0.102607
0.0442253
0.130804
0.247653
0.213234
0.19799
0.247653
0.247653
0.247653
0.247653
0.140976
0.0535882
0.127704
0.100558
0.102707
0.1306
0.0928664
0.232351
0.247653
0.133761
0.137231
0.230101
0.230101
0.125464
0.18871
0.129139
0.230101
0.230101
0.0979086
0.034531
0.0800428
0.215764
0.126966
0.102535
0.0990676
0.136624
0.129655
0.116579
0.114803
0.182858
0.160889
0.198311
0.204906
0.1647
0.230101
0.230101
0.230101
0.0102402
0.111389
0.192799
0.136449
0.0990753
0.0528448
0.230101
0.230101
0.159728
0.0725046
0.105668
0.249698
0.217386
0.123119
0.170327
0.249698
0.249698
0.244193
0.144351
0.188548
0.12359
0.0883392
0.114014
0.0757016
0.0517364
0.117749
0.142261
0.0164864
0.144994
0.249698
0.249698
0.141217
0.1001
0.249698
0.249698
0.249698
0.0568377
0.123269
0.193575
0.106452
0.178082
0.0704019
0.153393
0.13409
0.0456887
0.204857
0.214921
0.166433
0.133033
0.172277
0.131817
0.101114
0.19987
0.188015
0.170856
0.191981
0.193064
0.214921
0.214921
0.0888844
0.123096
0.14032
0.110231
0.062259
0.151729
0.214921
0.211788
0.214921
0.0976034
0.187935
0.155829
0.052926
0.126313
0.212141
0.211176
0.184337
0.214921
0.0742322
0.116668
0.17989
0.0999892
0.144734
0.14202
0.181604
0.222986
0.222986
0.115558
0.151374
0.149853
0.0933992
0.115552
0.128661
0.162144
0.122333
0.211256
0.0864783
0.220929
0.222986
0.222986
0.114953
0.189034
0.177871
0.20433
0.222986
0.0895517
0.122648
0.167553
0.115911
0.101618
0.222986
0.118712
0.111585
0.207306
0.126951
0.194657
0.222986
0.132489
0.0931484
0.107365
0.0845805
0.0918199
0.162378
0.0636001
0.136766
0.207149
0.197252
0.273873
0.273873
0.0785573
0.171882
0.273873
0.0179998
0.178156
0.204204
0.273873
0.0927249
0.112824
0.0615737
0.0664473
0.114165
0.0798631
0.118367
0.204963
0.180702
0.246562
0.273873
0.0840672
0.138344
0.254206
0.0390559
0.0343697
0.155152
0.180962
0.152951
0.221184
0.17168
0.212653
0.228847
0.127764
0.122401
0.182185
0.186532
0.0426833
0.139837
0.13739
0.186501
0.228847
0.228847
0.228847
0.226616
0.0941373
0.103644
0.133294
0.132273
0.210582
0.190936
0.0862215
0.162683
0.197707
0.228847
0.0881953
0.14181
0.154643
0.115141
0.228847
0.104061
0.113833
0.094632
0.0813716
0.070499
0.194414
0.203225
0.235042
0.235042
0.235042
0.235042
0.235042
0.141447
0.0396898
0.117255
0.124712
0.11153
0.150065
0.0934732
0.169638
0.200558
0.163874
0.164526
0.209299
0.196852
0.10784
0.235042
0.0897138
0.160559
0.16143
0.15543
0.155499
0.0910516
0.0375234
0.0324169
0.12289
0.0751587
0.166265
0.223959
0.235042
0.0768273
0.183593
0.200738
0.184128
0.202425
0.144224
0.190177
0.25819
0.25819
0.0116686
0.0914577
0.16864
0.0989483
0.101785
0.0344409
0.201249
0.249593
0.161241
0.25819
0.203779
0.0603513
0.0416673
0.189308
0.118128
0.25819
0.25819
0.25819
0.0915175
0.0762032
0.05999
0.0600593
0.0515984
0.0236613
0.116329
0.19254
0.171151
0.0200714
0.153364
0.259891
0.234047
0.169763
0.0911897
0.259891
0.259891
0.259891
0.0769392
0.105304
0.188794
0.141564
0.215988
0.115785
0.140443
0.154335
0.0495515
0.16263
0.146659
0.115517
0.154864
0.101199
0.0525932
0.259891
0.259891
0.259891
0.0882757
0.164027
0.159895
0.118643
0.140347
0.0900426
0.104134
0.115873
0.0889006
0.0824476
0.131185
0.214099
0.214099
0.214099
0.155351
0.177286
0.188614
0.0679322
0.152793
0.179459
0.189096
0.192143
0.214099
0.0908179
0.138112
0.187207
0.112438
0.0994786
0.214099
0.214099
0.213217
0.212491
0.128061
0.143863
0.185187
0.111522
0.068745
0.141306
0.214099
0.163765
0.214099
0.147202
0.145553
0.158682
0.0800563
0.160002
0.197578
0.191541
0.217638
0.217638
0.0984508
0.147578
0.211859
0.16214
0.129928
0.217638
0.1205
0.126172
0.217638
0.149087
0.217638
0.217638
0.186549
0.0867164
0.158392
0.217638
0.182739
0.217638
0.125806
0.12819
0.186459
0.0784025
0.0735414
0.120715
0.111377
0.0944182
0.217638
0.0949901
0.187259
0.166223
0.114838
0.145254
0.14767
0.0765451
0.0837816
0.15018
0.0971879
0.152926
0.242585
0.242585
0.242585
0.242585
0.115527
0.145845
0.242585
0.0643503
0.0499127
0.222469
0.23147
0.0797988
0.077852
0.0710251
0.056058
0.204381
0.0391459
0.122775
0.222117
0.156817
0.242585
0.242585
0.17183
0.146614
0.137185
0.0198373
0.0532552
0.242585
0.218487
0.101238
0.130706
0.162859
0.213707
0.20526
0.0694608
0.15393
0.193399
0.225421
0.075977
0.141176
0.139577
0.111315
0.225421
0.122804
0.0804778
0.0889637
0.0894274
0.163253
0.178125
0.220008
0.225421
0.225421
0.131859
0.119268
0.225421
0.225421
0.0812756
0.225421
0.098953
0.0777704
0.194509
0.0867056
0.183984
0.225421
0.225421
0.149034
0.224378
0.219043
0.119031
0.246603
0.129694
0.120081
0.179542
0.206687
0.148064
0.0929118
0.04614
0.0314948
0.143002
0.092995
0.146379
0.220355
0.246603
0.157578
0.246603
0.122875
0.0806861
0.221396
0.0993186
0.197363
0.246603
0.246603
0.187637
0.0687469
0.00810127
0.019151
0.0627728
0.0359046
0.103846
0.246603
0.246603
0.302138
0.223376
0.0863173
0.0373124
0.197052
0.147399
0.302138
0.302138
0.302138
0.0848745
0.0751617
0.0519126
0.0589259
0.0899151
0.0313912
0.140102
0.185234
0.196086
0.302138
0.145615
0.0101184
0.0465585
0.0962924
0.0426801
0.147505
0.302138
0.302138
0.0761152
0.0708561
0.0567924
0.0500477
0.0795355
0.0444296
0.0626463
0.116094
0.150462
0.1806
0.16215
0.110203
0.154546
0.186678
0.0880418
0.250686
0.250686
0.250686
0.0963493
0.172669
0.167949
0.155011
0.194062
0.140413
0.129403
0.128371
0.0916215
0.171862
0.163651
0.142537
0.132743
0.194045
0.138038
0.164236
0.250686
0.250686
0.0593185
0.140152
0.0788939
0.197667
0.250686
0.0763117
0.13531
0.135519
0.0786306
0.110233
0.205794
0.221891
0.221891
0.221891
0.194284
0.161502
0.165183
0.104496
0.0822479
0.128288
0.221891
0.204719
0.221891
0.17103
0.215911
0.158134
0.0722018
0.070816
0.188555
0.135055
0.221891
0.221891
0.122152
0.185042
0.19408
0.111872
0.0576874
0.0960856
0.221891
0.179865
0.221891
0.0446892
0.0895549
0.104948
0.0708988
0.106307
0.149784
0.224457
0.224457
0.224457
0.151311
0.174993
0.184354
0.0809192
0.0736085
0.147826
0.131886
0.124839
0.224457
0.116935
0.213404
0.224457
0.14141
0.0741023
0.128996
0.224457
0.195332
0.224457
0.0685879
0.0774714
0.115728
0.0826971
0.0877516
0.140316
0.201806
0.140071
0.224457
0.160374
0.204961
0.224457
0.180649
0.0810179
0.0837171
0.0711203
0.0628816
0.212094
0.0505846
0.133108
0.241473
0.179289
0.241473
0.241473
0.192809
0.166336
0.195621
0.0237529
0.0560163
0.241473
0.218109
0.0820379
0.104717
0.143539
0.0676196
0.158334
0.0784212
0.111266
0.167466
0.186024
0.241473
0.241473
0.17166
0.168214
0.218458
0.0363968
0.056744
0.241473
0.241473
0.176836
0.169226
0.22443
0.23691
0.23691
0.112118
0.148479
0.22142
0.23691
0.101634
0.23691
0.0980912
0.0567327
0.213749
0.100505
0.224195
0.23691
0.23691
0.082086
0.143089
0.160336
0.210899
0.165257
0.120206
0.113457
0.170038
0.136836
0.075986
0.0377413
0.0561453
0.0640214
0.0605172
0.0701163
0.0717678
0.23691
0.23691
0.189868
0.272772
0.123406
0.0679973
0.264806
0.129864
0.244779
0.272772
0.272772
0.189822
0.0646975
0.0081104
0.0257181
0.0795303
0.0462909
0.121796
0.272772
0.272772
0.119335
0.0915789
0.0701144
0.0726576
0.125752
0.140976
0.102444
0.272772
0.272772
0.0956461
0.0482298
0.0244084
0.0404108
0.0847027
0.0188147
0.041306
0.189126
0.272772
0.3187
0.148098
0.0152126
0.094043
0.157991
0.0715084
0.215984
0.3187
0.3187
0.0908985
0.112617
0.0731881
0.0597148
0.116691
0.0782526
0.119465
0.167315
0.211616
0.235022
0.175669
0.0747843
0.129456
0.303391
0.0496764
0.0955519
0.262499
0.3187
0.0531373
0.0854018
0.0664125
0.0939554
0.108273
0.0485642
0.0970346
0.116932
0.0883875
0.168159
0.187804
0.154354
0.126291
0.215745
0.181293
0.215745
0.215745
0.215745
0.0648856
0.175514
0.100467
0.167352
0.215745
0.112195
0.15338
0.120483
0.0665934
0.115661
0.180096
0.125982
0.143694
0.206052
0.0933703
0.207131
0.203104
0.161631
0.189638
0.215745
0.153488
0.135317
0.215745
0.18873
0.116195
0.167872
0.104355
0.0762408
0.193415
0.159508
0.218707
0.218707
0.165501
0.172583
0.139838
0.0912287
0.0608703
0.104051
0.209704
0.211096
0.218707
0.0690436
0.157842
0.111073
0.0585291
0.143413
0.218707
0.187989
0.149795
0.218707
0.157706
0.140413
0.218707
0.118242
0.218707
0.184862
0.160941
0.188032
0.218707
0.105989
0.137016
0.188906
0.130655
0.0701613
0.12111
0.205707
0.219884
0.219884
0.101332
0.123729
0.0996594
0.0624464
0.0836514
0.178154
0.184031
0.10158
0.219884
0.130179
0.173899
0.219884
0.159649
0.148616
0.188499
0.176161
0.218035
0.219884
0.0820097
0.138613
0.186324
0.123464
0.165961
0.167709
0.168645
0.201477
0.219884
0.0735843
0.176932
0.219884
0.176441
0.0772732
0.123435
0.129946
0.0580981
0.168453
0.0843566
0.114078
0.203674
0.158039
0.23257
0.239279
0.170178
0.159985
0.239279
0.0253363
0.054717
0.239279
0.239279
0.138245
0.131239
0.137673
0.163684
0.210354
0.0659622
0.117719
0.179341
0.14214
0.225982
0.239279
0.11385
0.153407
0.203168
0.0532676
0.114787
0.214469
0.239279
0.101653
0.205551
0.2278
0.297226
0.291696
0.160322
0.178745
0.240199
0.177305
0.106163
0.052454
0.0837058
0.0896554
0.0696185
0.0939646
0.109886
0.297226
0.297226
0.0441331
0.0781517
0.0865535
0.102981
0.163295
0.0915793
0.144352
0.129979
0.162647
0.0827738
0.0350777
0.0208554
0.0311271
0.0253116
0.0527921
0.169737
0.297226
0.297226
0.150423
0.104784
0.069387
0.0894851
0.137329
0.173768
0.138941
0.3284
0.3284
0.130373
0.0609094
0.0254455
0.0635745
0.112167
0.0231019
0.0523151
0.261456
0.3284
0.122287
0.0820159
0.0442072
0.0487527
0.109734
0.0677334
0.14865
0.3284
0.3284
0.155088
0.0668819
0.0452552
0.0339807
0.125795
0.0459967
0.0784548
0.207767
0.269524
0.264193
0.200013
0.0751301
0.201278
0.264193
0.0564329
0.13117
0.264193
0.264193
0.0631656
0.11505
0.0779926
0.0834444
0.136268
0.0866471
0.129021
0.160945
0.130108
0.264193
0.212675
0.151692
0.114417
0.264193
0.101804
0.0933194
0.264193
0.264193
0.081112
0.0856195
0.0462547
0.0898559
0.195283
0.0682891
0.0938278
0.177962
0.106946
0.107921
0.185035
0.126676
0.120307
0.216727
0.118668
0.216727
0.216727
0.203336
0.155715
0.216727
0.175123
0.118404
0.216727
0.189031
0.147301
0.152978
0.0903758
0.114008
0.132955
0.0899695
0.157559
0.216727
0.102772
0.156104
0.216727
0.149863
0.149895
0.18941
0.216727
0.177237
0.216727
0.0929756
0.138127
0.192416
0.109583
0.112319
0.216387
0.183404
0.125736
0.216387
0.140805
0.150078
0.181518
0.0919316
0.194384
0.176756
0.163613
0.182442
0.216387
0.144677
0.16514
0.157794
0.123547
0.10293
0.184432
0.216387
0.161527
0.216387
0.0635088
0.183899
0.20246
0.0944252
0.141585
0.216387
0.216387
0.18515
0.16865
0.0800974
0.174903
0.145411
0.0979782
0.146541
0.178279
0.163648
0.199735
0.215433
0.12062
0.172184
0.158682
0.120403
0.166951
0.210326
0.164131
0.152643
0.215433
0.068901
0.193386
0.215433
0.137971
0.101929
0.215433
0.215433
0.166868
0.157927
0.0604338
0.202795
0.172532
0.112541
0.110615
0.158321
0.169827
0.215433
0.215433
0.0737223
0.15646
0.168816
0.113324
0.148067
0.16474
0.137778
0.135496
0.207149
0.0721151
0.147329
0.185
0.130236
0.240662
0.266889
0.122199
0.153124
0.194673
0.0694933
0.105307
0.217855
0.266889
0.0995009
0.10332
0.138411
0.129487
0.153684
0.0724781
0.142876
0.135536
0.107249
0.246571
0.182396
0.112177
0.0766207
0.107852
0.127259
0.184643
0.266889
0.266889
0.0341687
0.106424
0.138666
0.111687
0.171529
0.129445
0.168965
0.168253
0.188075
0.0850512
0.047719
0.0398189
0.0409657
0.0434836
0.0617556
0.193296
0.288406
0.288406
0.0629377
0.112292
0.138756
0.0962603
0.104953
0.119046
0.117792
0.175787
0.146583
0.0880149
0.0564699
0.0678044
0.16503
0.288406
0.288406
0.288406
0.288406
0.288406
0.0979822
0.0740605
0.0359615
0.0439785
0.0918302
0.0512355
0.136427
0.291308
0.291308
0.144214
0.0642319
0.0253894
0.032255
0.112883
0.0309111
0.0605831
0.172976
0.230963
0.108386
0.043423
0.0390198
0.137328
0.226008
0.291308
0.291308
0.291308
0.291308
0.0736175
0.0337127
0.033885
0.111164
0.291308
0.269219
0.128493
0.15895
0.106507
0.282407
0.172026
0.0721364
0.0909139
0.287
0.0632773
0.0691364
0.243374
0.287
0.0589668
0.069667
0.044439
0.0664548
0.143153
0.067926
0.0733628
0.127777
0.0891999
0.160973
0.0748117
0.0687371
0.210915
0.287
0.287
0.251986
0.254617
0.164113
0.0770737
0.0799949
0.139534
0.163698
0.287
0.111619
0.103388
0.0881493
0.0482469
0.0873528
0.111662
0.106959
0.145017
0.242781
0.115105
0.13111
0.183272
0.143435
0.106484
0.13803
0.215182
0.15847
0.209481
0.0802739
0.135235
0.155368
0.0914121
0.116092
0.149207
0.242781
0.242781
0.242781
0.214963
0.181288
0.145832
0.0573403
0.0646052
0.0964249
0.238634
0.17958
0.242781
0.0974868
0.231482
0.228007
0.0899349
0.0932795
0.145122
0.220517
0.17527
0.220517
0.0580725
0.176048
0.176695
0.097189
0.106215
0.220517
0.220517
0.184379
0.194987
0.107704
0.17051
0.119526
0.0960526
0.0885864
0.12228
0.220517
0.185076
0.220517
0.116563
0.220517
0.220517
0.0994341
0.145414
0.220517
0.220517
0.149161
0.220517
0.0336338
0.0893954
0.180157
0.128834
0.108156
0.22303
0.22303
0.170073
0.176536
0.0873736
0.192437
0.158811
0.131577
0.130048
0.175415
0.159328
0.22303
0.22303
0.0843693
0.161456
0.193807
0.110825
0.176607
0.22303
0.22303
0.156721
0.202887
0.0352023
0.103794
0.173908
0.15301
0.105279
0.145446
0.0883141
0.22256
0.159573
0.0522596
0.081412
0.22303
0.22303
0.0761951
0.0784082
0.0795463
0.0770734
0.0841577
0.0497405
0.0836787
0.0878327
0.071092
0.174029
0.113511
0.0755657
0.0716957
0.110317
0.100801
0.106802
0.232634
0.339391
0.0585874
0.0931974
0.0409757
0.098874
0.0775921
0.0339069
0.0551335
0.161236
0.115389
0.339391
0.339391
0.339391
0.339391
0.339391
0.072617
0.0544383
0.110279
0.141289
0.0563736
0.111971
0.154482
0.098418
0.0980079
0.142518
0.158642
0.198506
0.16304
0.0902181
0.0842054
0.130513
0.131761
0.217588
0.219383
0.25653
0.25653
0.25653
0.136582
0.168839
0.171531
0.177011
0.153081
0.151727
0.25653
0.25653
0.25653
0.0779403
0.161237
0.172438
0.132958
0.162884
0.0588366
0.127837
0.0902946
0.0370613
0.115496
0.0723227
0.0893948
0.120699
0.174166
0.230985
0.263774
0.26977
0.26977
0.0844481
0.0599496
0.0662489
0.123818
0.26977
0.26977
0.0888734
0.151333
0.110736
0.0769254
0.14145
0.172792
0.140219
0.157936
0.070793
0.121491
0.0989476
0.0409082
0.219302
0.263194
0.0999217
0.206332
0.26977
0.249851
0.054992
0.0269031
0.022376
0.0960487
0.0619949
0.0539258
0.118369
0.265753
0.265753
0.0845979
0.127381
0.0866522
0.032071
0.0280814
0.0644166
0.0740428
0.265753
0.265753
0.0946305
0.0580857
0.0326147
0.202733
0.228645
0.0808283
0.17149
0.265753
0.25986
0.0478262
0.0773565
0.14305
0.161973
0.145345
0.0423333
0.037456
0.265753
0.265753
0.186589
0.195771
0.265753
0.0241487
0.0277215
0.0632509
0.0662097
0.264208
0.264208
0.0714771
0.0458684
0.0206208
0.0209627
0.0464986
0.0743813
0.0869862
0.243007
0.11072
0.0925248
0.0573843
0.0244805
0.144211
0.14176
0.0464436
0.0518138
0.264208
0.264208
0.136277
0.176046
0.264208
0.200842
0.264208
0.264208
0.21725
0.264208
0.220063
0.217657
0.174968
0.124352
0.0253512
0.0503017
0.0776094
0.0918056
0.235967
0.12243
0.0818974
0.0626478
0.0256461
0.0318389
0.0517535
0.0540313
0.0517817
0.156115
0.154786
0.0347574
0.0372707
0.027847
0.208646
0.342391
0.298973
0.251797
0.342391
0.301453
0.171593
0.117997
0.0487184
0.0148784
0.0885329
0.0927416
0.0992089
0.342391
0.342391
0.0879698
0.0523374
0.0240287
0.0376734
0.0517981
0.0527282
0.0486412
0.133219
0.166726
0.0330057
0.0363844
0.0310941
0.0217721
0.0313118
0.016199
0.0538514
0.0649947
0.0342403
0.0153419
0.0839053
0.0490253
0.00834566
0.0869488
0.0907626
0.0969767
0.3514
0.3514
0.208163
0.02345
0.0106013
0.0268483
0.280834
0.178818
0.350774
0.3514
0.3514
0.3514
0.0251128
0.0148887
0.0210853
0.0335725
0.0137061
0.0366125
0.0451942
0.0266565
0.0184011
0.0574452
0.0355119
0.22778
0.205751
0.221092
0.202942
0.199178
0.0366669
0.0254842
0.0441852
0.0502312
0.0143569
0.169905
0.11477
0.220563
0.31278
0.31278
0.31278
0.0158227
0.00852845
0.12323
0.193266
0.162882
0.31278
0.31278
0.31278
0.0141454
0.0321492
0.0177089
0.106083
0.155836
0.151416
0.170796
0.208204
0.165806
0.263867
0.263867
0.263867
0.0579679
0.158094
0.189416
0.131536
0.110876
0.0180835
0.0962251
0.0648276
0.0199261
0.163601
0.199796
0.0859702
0.263867
0.263867
0.263867
0.263867
0.193589
0.263867
0.102143
0.127125
0.103468
0.0875784
0.133227
0.0258567
0.0194893
0.0185858
0.0289727
0.0727113
0.170774
0.233459
0.178316
0.157667
0.0319031
0.120292
0.0872416
0.0298317
0.2568
0.270587
0.154612
0.25132
0.285647
0.285647
0.0768435
0.0497967
0.0145726
0.0879726
0.120774
0.133595
0.116941
0.230501
0.0475926
0.029449
0.0252676
0.00906026
0.285647
0.285647
0.113523
0.207772
0.285647
0.0282431
0.101449
0.0901434
0.0387379
0.166725
0.182257
0.0988173
0.162426
0.26418
0.26418
0.0404518
0.0590226
0.0966654
0.108346
0.10755
0.0398184
0.0347857
0.26418
0.26418
0.187561
0.183261
0.26418
0.243059
0.248148
0.115759
0.11373
0.26418
0.0313001
0.0660904
0.096513
0.073372
0.0822342
0.103205
0.082735
0.048867
0.12624
0.0969056
0.131373
0.262113
0.26418
0.0826379
0.103798
0.0431587
0.0430809
0.257149
0.257149
0.118031
0.138435
0.257149
0.121054
0.257149
0.239486
0.199909
0.257149
0.228403
0.175834
0.113759
0.075556
0.0608572
0.1138
0.110269
0.0445931
0.102911
0.0520756
0.111535
0.25438
0.257149
0.154883
0.257149
0.111588
0.176994
0.257149
0.0248461
0.0699025
0.0697197
0.0590579
0.130414
0.274963
0.248371
0.232638
0.314492
0.306331
0.144833
0.0792406
0.0345699
0.0154674
0.0598357
0.0657041
0.0820399
0.314492
0.314492
0.0810651
0.0341208
0.0143864
0.184053
0.314492
0.126783
0.207182
0.314492
0.0134586
0.0865639
0.103437
0.0456905
0.0139611
0.0535341
0.135657
0.0550659
0.0741229
0.0272318
0.0686937
0.0542319
0.0150886
0.0112447
0.082559
0.089961
0.10941
0.372334
0.372334
0.197428
0.0234514
0.00961398
0.0275615
0.191673
0.162339
0.284524
0.372334
0.372334
0.302557
0.0308155
0.013812
0.0148315
0.0657553
0.143832
0.0803335
0.0681694
0.0439707
0.12019
0.0980092
0.0298603
0.0328737
0.101388
0.130442
0.139351
0.109818
0.0851032
0.0875924
0.0491779
0.0310104
0.0180062
0.143531
0.129361
0.215969
0.334439
0.334439
0.334439
0.0319068
0.0103926
0.117169
0.274453
0.142548
0.334439
0.334439
0.334439
0.0267938
0.0529727
0.02436
0.0249086
0.0818136
0.0885594
0.134114
0.120894
0.0956204
0.101932
0.0626679
0.0388528
0.0149859
0.0275719
0.0487446
0.130315
0.174596
0.0782717
0.0157204
0.00702844
0.00256553
