0.0700774
0.141666
0.0978959
0.194748
0.226896
0.10906
0.172024
0.14032
0.0817095
0.078998
0.152561
0.169697
0.226896
0.226896
0.192399
0.114178
0.142638
0.159531
0.0320185
0.158657
0.11119
0.226896
0.226896
0.113717
0.143025
0.0869711
0.175959
0.0962091
0.14594
0.166804
0.204935
0.216849
0.226896
0.226896
0.226896
0.18912
0.0897183
0.155447
0.126552
0.209179
0.209179
0.157982
0.125438
0.140854
0.148947
0.0989698
0.139246
0.0797106
0.122971
0.208356
0.135568
0.209179
0.124351
0.156531
0.130299
0.18556
0.196609
0.209179
0.209179
0.205993
0.209179
0.167638
0.128866
0.162855
0.209179
0.207975
0.209179
0.164481
0.110037
0.194019
0.156245
0.135605
0.109218
0.132752
0.081316
0.120789
0.211346
0.130964
0.214405
0.118826
0.162894
0.0761306
0.105633
0.110386
0.168542
0.209119
0.155181
0.155814
0.157943
0.154263
0.164754
0.214405
0.214405
0.214405
0.17189
0.12437
0.134025
0.120515
0.145164
0.151207
0.214405
0.153011
0.137878
0.214405
0.214405
0.214405
0.214405
0.208962
0.0821443
0.117026
0.146455
0.202161
0.216901
0.166898
0.109159
0.117508
0.119827
0.154912
0.133519
0.216901
0.216901
0.195782
0.142488
0.120921
0.102314
0.151454
0.122322
0.216901
0.16
0.159657
0.216901
0.216901
0.216901
0.193137
0.216901
0.141355
0.123857
0.107424
0.122707
0.12831
0.133474
0.208447
0.198409
0.205129
0.177025
0.158509
0.210017
0.210017
0.210017
0.154922
0.143705
0.134355
0.177945
0.0723412
0.129677
0.167786
0.120242
0.195614
0.109962
0.17542
0.210017
0.19224
0.14915
0.124983
0.136079
0.197854
0.210017
0.174654
0.210017
0.210017
0.210017
0.0708608
0.0894589
0.054201
0.126091
0.198608
0.147209
0.155234
0.210017
0.162334
0.0922401
0.195094
0.127446
0.109433
0.193186
0.117413
0.188868
0.21368
0.21368
0.11652
0.21368
0.135182
0.160214
0.21368
0.160484
0.211472
0.151507
0.152785
0.0804193
0.0958417
0.0846441
0.171579
0.21368
0.173287
0.126556
0.210994
0.16604
0.133817
0.21368
0.19117
0.201419
0.21368
0.142893
0.155675
0.147969
0.112105
0.118597
0.214189
0.152187
0.172822
0.214189
0.138431
0.161252
0.168977
0.17214
0.106572
0.189716
0.111514
0.126764
0.214189
0.131855
0.193693
0.160541
0.117676
0.139263
0.214189
0.214189
0.19086
0.183224
0.144173
0.127345
0.16108
0.124254
0.123481
0.186091
0.134049
0.201705
0.214189
0.194004
0.157682
0.180923
0.111221
0.0447719
0.1188
0.0983448
0.204974
0.213718
0.12131
0.127559
0.0948128
0.13257
0.0701504
0.111377
0.152268
0.193043
0.154474
0.213718
0.213718
0.208614
0.148113
0.145785
0.168473
0.145757
0.163999
0.213718
0.136443
0.148588
0.130726
0.11243
0.169167
0.171777
0.204293
0.213718
0.213718
0.199864
0.192784
0.206511
0.213718
0.104595
0.147485
0.162183
0.188679
0.173433
0.193615
0.179736
0.138291
0.0971458
0.142738
0.205285
0.171298
0.214273
0.177395
0.0849608
0.102368
0.15555
0.114353
0.146048
0.150408
0.190585
0.214273
0.214273
0.201828
0.172685
0.196442
0.214273
0.0688986
0.169689
0.214273
0.214273
0.195076
0.10183
0.0783699
0.142193
0.159537
0.163587
0.190541
0.171759
0.215605
0.199279
0.12102
0.108115
0.126681
0.112946
0.121051
0.215605
0.162827
0.134238
0.215605
0.215605
0.215605
0.198133
0.207417
0.0696667
0.133152
0.191249
0.215605
0.215605
0.138425
0.0990389
0.163489
0.178974
0.0925773
0.135574
0.147863
0.118666
0.215605
0.215605
0.10387
0.0796593
0.160709
0.123183
0.221737
0.172539
0.169029
0.221737
0.221737
0.221737
0.202017
0.221737
0.122778
0.128067
0.103389
0.106558
0.184974
0.150163
0.204588
0.217965
0.196338
0.089835
0.125208
0.114614
0.122014
0.221737
0.221737
0.158951
0.0994603
0.197741
0.0794857
0.141281
0.102346
0.133399
0.211288
0.148372
0.117507
0.093615
0.183024
0.132376
0.148028
0.127601
0.170484
0.211359
0.171382
0.211359
0.211359
0.211359
0.0685904
0.102466
0.0583438
0.105306
0.211359
0.179059
0.173612
0.195479
0.169553
0.0773018
0.147174
0.120278
0.177896
0.211359
0.168269
0.154724
0.124295
0.211359
0.0889664
0.211359
0.09277
0.139822
0.211359
0.211359
0.159844
0.20292
0.189759
0.0773215
0.116241
0.0872928
0.13532
0.212686
0.183682
0.130298
0.184598
0.18162
0.147761
0.212686
0.175925
0.155288
0.212686
0.135071
0.188435
0.138714
0.0741682
0.0704049
0.212686
0.128267
0.17837
0.212686
0.212686
0.169796
0.187178
0.190987
0.196709
0.212686
0.153062
0.0992128
0.156304
0.198743
0.192996
0.16578
0.102786
0.140835
0.208182
0.190429
0.130527
0.176347
0.131137
0.142436
0.152987
0.10356
0.0934696
0.152459
0.158092
0.208182
0.208182
0.170404
0.180729
0.132484
0.110416
0.17836
0.208182
0.161885
0.126402
0.157519
0.191427
0.185547
0.16575
0.153696
0.135475
0.208182
0.166781
0.206381
0.208182
0.13332
0.208182
0.130799
0.166539
0.127018
0.144642
0.166003
0.168487
0.210356
0.167251
0.162038
0.146112
0.1035
0.109999
0.178885
0.210356
0.210356
0.210356
0.173734
0.174181
0.183358
0.210356
0.110247
0.119934
0.210356
0.210356
0.164822
0.184241
0.176477
0.0884335
0.113361
0.137339
0.210356
0.156011
0.203977
0.210356
0.117787
0.153688
0.104523
0.107376
0.102052
0.162468
0.21513
0.21513
0.21513
0.200683
0.173415
0.189215
0.21513
0.0551989
0.177944
0.21513
0.21513
0.21513
0.133971
0.0933481
0.159181
0.15924
0.0950492
0.155887
0.144101
0.21513
0.21513
0.147891
0.148717
0.158922
0.144339
0.0422931
0.0828369
0.152504
0.130533
0.124968
0.101151
0.157138
0.196203
0.21513
0.0798948
0.160184
0.189187
0.225077
0.225077
0.201542
0.162398
0.213803
0.202099
0.0902506
0.127105
0.223755
0.159057
0.225077
0.225077
0.132912
0.0826099
0.186202
0.0330328
0.0910551
0.177268
0.157838
0.133805
0.144918
0.199614
0.225077
0.225077
0.0305425
0.112563
0.107889
0.186279
0.225077
0.189878
0.115719
0.0881172
0.059604
0.102346
0.15376
0.184112
0.158181
0.221002
0.221002
0.21638
0.140943
0.221002
0.104141
0.19537
0.138684
0.156593
0.221002
0.176155
0.158488
0.181646
0.194752
0.0423136
0.147287
0.132035
0.198911
0.221002
0.221002
0.161504
0.109995
0.0608847
0.0829716
0.163653
0.0953677
0.132129
0.213545
0.176859
0.147265
0.192725
0.0953121
0.0827128
0.202586
0.132341
0.160195
0.210778
0.149131
0.159288
0.210778
0.20155
0.075597
0.210778
0.149555
0.15336
0.210778
0.203094
0.177965
0.208444
0.163035
0.096175
0.177643
0.157941
0.138199
0.184908
0.153903
0.135118
0.208327
0.0979509
0.0775468
0.14444
0.210778
0.210778
0.207908
0.0983022
0.12709
0.151759
0.1633
0.0595778
0.212479
0.166041
0.169247
0.212479
0.181364
0.172961
0.212479
0.172519
0.194235
0.212479
0.150342
0.11686
0.150098
0.161875
0.17792
0.198031
0.0891196
0.0893721
0.141689
0.212479
0.212479
0.193319
0.0868597
0.112047
0.176798
0.179167
0.121608
0.165179
0.132322
0.162676
0.0998423
0.200189
0.19009
0.21222
0.0953628
0.169379
0.217943
0.141534
0.125218
0.149002
0.158832
0.197465
0.217943
0.140552
0.120392
0.174413
0.173421
0.217943
0.217943
0.143042
0.204813
0.168705
0.183064
0.0975538
0.112917
0.10287
0.1325
0.101394
0.147084
0.206586
0.217943
0.139343
0.0608164
0.130643
0.125077
0.0775194
0.147244
0.213482
0.217943
0.217943
0.20849
0.118258
0.133536
0.215879
0.215879
0.17843
0.206751
0.187487
0.115413
0.13482
0.109195
0.215879
0.215879
0.215879
0.215879
0.142638
0.168855
0.120744
0.129875
0.125926
0.134265
0.180217
0.215879
0.211228
0.113429
0.166387
0.156868
0.0936379
0.109616
0.0917845
0.145777
0.215879
0.215879
0.215841
0.111429
0.138259
0.102836
0.0828797
0.203583
0.210107
0.210107
0.210107
0.169563
0.18966
0.192444
0.186407
0.046726
0.126778
0.142988
0.112331
0.165242
0.151216
0.210107
0.210107
0.210107
0.116175
0.0915047
0.135701
0.192018
0.210107
0.210107
0.14748
0.164219
0.14159
0.0465301
0.117343
0.112397
0.208369
0.210107
0.210107
0.173331
0.129345
0.0869402
0.0404305
0.126642
0.160621
0.160927
0.182213
0.204834
0.217144
0.217144
0.217144
0.0512963
0.108338
0.143592
0.214087
0.217144
0.180271
0.198623
0.122973
0.0863223
0.0637055
0.150201
0.149825
0.202897
0.217144
0.203298
0.164217
0.1518
0.138205
0.0987918
0.161759
0.14187
0.20337
0.217144
0.17874
0.212552
0.126447
0.0775614
0.060517
0.154597
0.173923
0.210686
0.210686
0.210686
0.210686
0.138542
0.0871453
0.113405
0.208403
0.122803
0.176965
0.210686
0.209819
0.185597
0.210686
0.0984897
0.124013
0.193903
0.163037
0.18002
0.210686
0.174533
0.199383
0.106053
0.109232
0.109352
0.115426
0.0839958
0.12805
0.193932
0.210686
0.139124
0.210686
0.118251
0.122215
0.218179
0.195078
0.165955
0.204166
0.187127
0.188074
0.218179
0.109132
0.0734657
0.185461
0.218179
0.218179
0.218179
0.0854126
0.159393
0.172525
0.17406
0.0996583
0.112847
0.0757903
0.13418
0.191617
0.192222
0.147513
0.218179
0.137724
0.085137
0.0989486
0.0964269
0.208838
0.212592
0.10479
0.211201
0.155682
0.146755
0.0845875
0.163555
0.215743
0.215743
0.192053
0.0684265
0.143357
0.210755
0.192964
0.138814
0.163485
0.147625
0.208393
0.124104
0.177919
0.215743
0.215743
0.0910734
0.0884341
0.0997735
0.107815
0.215743
0.20907
0.0994314
0.192595
0.157786
0.135069
0.10259
0.125225
0.215743
0.215743
0.163645
0.215743
0.143115
0.150503
0.155071
0.0964489
0.0976294
0.104171
0.141555
0.100166
0.122732
0.221682
0.221682
0.129139
0.106782
0.119868
0.095033
0.108487
0.146734
0.221682
0.221682
0.221682
0.221682
0.0870882
0.125879
0.183396
0.21667
0.153257
0.190819
0.116949
0.110623
0.134399
0.160074
0.215091
0.149161
0.197951
0.221682
0.221682
0.171469
0.165839
0.221682
0.169247
0.175324
0.185479
0.213959
0.213959
0.134565
0.208707
0.180189
0.123983
0.117295
0.121724
0.193848
0.213959
0.213959
0.213959
0.125423
0.156559
0.147004
0.159016
0.213959
0.17867
0.134284
0.202046
0.115487
0.144949
0.213959
0.164879
0.089282
0.213941
0.0805015
0.153647
0.185761
0.126449
0.146067
0.105546
0.0620978
0.130942
0.128567
0.173652
0.178199
0.214887
0.213139
0.155451
0.181466
0.181313
0.0693848
0.166672
0.124516
0.214887
0.214887
0.214887
0.211397
0.155882
0.0814295
0.149677
0.214887
0.0807046
0.175639
0.18988
0.134356
0.111248
0.0669036
0.0589147
0.174383
0.142202
0.0763166
0.214887
0.214887
0.207814
0.168726
0.214887
0.116552
0.0586726
0.15954
0.139582
0.187398
0.219738
0.191635
0.148128
0.133529
0.0878711
0.0860364
0.140943
0.106453
0.181448
0.191273
0.169317
0.219738
0.127443
0.0889734
0.16385
0.176939
0.101782
0.219738
0.219738
0.181925
0.145094
0.219738
0.152405
0.0942247
0.219738
0.219738
0.219738
0.219738
0.119002
0.0983816
0.187044
0.152292
0.0983126
0.170871
0.140181
0.172323
0.20964
0.160746
0.21873
0.105678
0.105607
0.0887984
0.0999257
0.070275
0.149308
0.166696
0.158208
0.122279
0.169067
0.112916
0.082459
0.21873
0.21873
0.21873
0.21873
0.186274
0.151277
0.209011
0.21873
0.0997699
0.158759
0.154493
0.116308
0.19446
0.21873
0.146965
0.21873
0.20664
0.0997051
0.105412
0.0796641
0.141189
0.181109
0.161871
0.142393
0.182908
0.140727
0.097097
0.126581
0.0858788
0.174638
0.197051
0.113839
0.221549
0.16539
0.135019
0.107935
0.13578
0.125921
0.149574
0.221549
0.221549
0.173962
0.215769
0.221549
0.0719945
0.128875
0.153924
0.221549
0.221549
0.221549
0.221549
0.221549
0.164496
0.0952024
0.115254
0.0990122
0.169547
0.17919
0.113706
0.204222
0.151042
0.129783
0.0860192
0.130254
0.162336
0.204313
0.169608
0.179989
0.193784
0.15311
0.151901
0.0771285
0.139015
0.123525
0.226305
0.226305
0.225266
0.167062
0.164592
0.142481
0.077627
0.11325
0.0973147
0.226305
0.226305
0.226305
0.14701
0.226305
0.226305
0.0744682
0.130865
0.149782
0.170642
0.156891
0.160067
0.145154
0.103235
0.141836
0.209735
0.209735
0.142024
0.181331
0.209735
0.209735
0.161614
0.181472
0.209735
0.085388
0.133618
0.0933983
0.209735
0.209735
0.209735
0.105859
0.209735
0.164624
0.181836
0.17225
0.209735
0.107979
0.205421
0.152279
0.145433
0.154971
0.120763
0.154857
0.221625
0.174226
0.120505
0.221625
0.141063
0.172607
0.191996
0.178898
0.0931958
0.215446
0.0995111
0.142219
0.221625
0.141455
0.155057
0.106411
0.0680689
0.136473
0.221625
0.109576
0.145582
0.221625
0.18829
0.147668
0.107491
0.221625
0.142897
0.183794
0.182069
0.200964
0.221625
0.221625
0.120742
0.0660044
0.0842138
0.128717
0.210733
0.106847
0.165177
0.227572
0.125324
0.100408
0.0607423
0.050017
0.126399
0.120016
0.109317
0.208397
0.227572
0.206233
0.181942
0.227572
0.136237
0.131778
0.166962
0.142047
0.179759
0.227572
0.227572
0.159319
0.0525925
0.0633809
0.156302
0.156938
0.132642
0.163073
0.227572
0.227572
0.227572
0.163947
0.155088
0.113441
0.157038
0.131362
0.218056
0.218753
0.1578
0.142085
0.218753
0.133663
0.079121
0.218753
0.218753
0.218753
0.218753
0.120762
0.105327
0.175284
0.152711
0.106255
0.13631
0.102637
0.148865
0.218753
0.218753
0.218753
0.131729
0.12466
0.0511927
0.177977
0.19644
0.177954
0.175852
0.129642
0.14225
0.167844
0.148002
0.0634313
0.21281
0.20387
0.21281
0.21281
0.168964
0.148621
0.17793
0.204657
0.0816432
0.149021
0.166772
0.157892
0.178333
0.164936
0.156578
0.205078
0.187059
0.0701394
0.173506
0.19803
0.166055
0.170814
0.180161
0.144851
0.151369
0.140585
0.125237
0.189108
0.21281
0.143384
0.110804
0.114528
0.0984659
0.21281
0.16554
0.0772828
0.127514
0.146179
0.148333
0.218188
0.203646
0.148118
0.157741
0.199744
0.0697267
0.134225
0.138778
0.193617
0.218188
0.169773
0.189783
0.197919
0.126316
0.160658
0.199985
0.218188
0.142395
0.146397
0.145627
0.0962953
0.218188
0.127596
0.0895434
0.107678
0.169594
0.181846
0.218188
0.218188
0.174679
0.218188
0.0845008
0.064323
0.160674
0.117461
0.187762
0.216053
0.174513
0.146763
0.161089
0.126827
0.0742549
0.11667
0.0645512
0.216053
0.208357
0.195392
0.161577
0.216053
0.216053
0.0886935
0.139873
0.162465
0.173909
0.216053
0.213946
0.160387
0.216053
0.106274
0.11097
0.183406
0.0807268
0.127373
0.200462
0.155865
0.194731
0.216053
0.176831
0.0881756
0.155566
0.0765123
0.216536
0.216536
0.203681
0.14527
0.216536
0.196711
0.194494
0.166531
0.216536
0.113429
0.216536
0.156378
0.13128
0.177863
0.134429
0.137026
0.202413
0.0663208
0.126285
0.187262
0.133841
0.215781
0.216536
0.216536
0.129887
0.145696
0.17045
0.177675
0.216536
0.0849689
0.0833913
0.113602
0.102595
0.131669
0.192762
0.0982299
0.1123
0.220518
0.183524
0.130703
0.0864039
0.216399
0.111721
0.152104
0.1814
0.193594
0.220518
0.220518
0.122295
0.0954496
0.101396
0.165838
0.220518
0.120282
0.186147
0.220518
0.0987515
0.136135
0.137219
0.163252
0.0544299
0.155669
0.142184
0.116126
0.220518
0.220518
0.210887
0.220518
0.18181
0.108554
0.164461
0.162012
0.182816
0.222374
0.222374
0.142994
0.0802211
0.0652257
0.107918
0.134927
0.133515
0.164692
0.222374
0.222374
0.222374
0.174385
0.168349
0.0818363
0.177199
0.151398
0.0972981
0.222374
0.222374
0.142152
0.166399
0.121199
0.128678
0.222374
0.222374
0.141768
0.181483
0.194466
0.0846429
0.158962
0.137274
0.0953593
0.144607
0.12936
0.17022
0.2124
0.2124
0.2124
0.15537
0.143705
0.0772523
0.2124
0.173348
0.201746
0.179253
0.136115
0.13902
0.196819
0.164734
0.146665
0.2124
0.2124
0.136964
0.191793
0.170427
0.0622596
0.113786
0.130819
0.126793
0.2124
0.2124
0.158638
0.123276
0.0688673
0.148863
0.2124
0.193687
0.0883101
0.188864
0.189779
0.184159
0.168888
0.163702
0.134086
0.176922
0.150605
0.138081
0.179546
0.212182
0.199715
0.122333
0.0880601
0.155315
0.212182
0.159337
0.126565
0.212182
0.209985
0.185092
0.143315
0.0789348
0.134652
0.212182
0.212182
0.0994986
0.143911
0.212182
0.212182
0.179657
0.152378
0.146545
0.124116
0.135978
0.146644
0.189601
0.215661
0.184326
0.147506
0.0975444
0.136557
0.215661
0.125284
0.101063
0.128061
0.150494
0.164092
0.215661
0.212654
0.171296
0.215661
0.0950561
0.11233
0.147817
0.215661
0.215661
0.215661
0.156314
0.163055
0.0862867
0.118351
0.0820503
0.212726
0.105978
0.118374
0.161713
0.205751
0.215661
0.215661
0.109201
0.0845338
0.170468
0.141551
0.154631
0.209439
0.182001
0.179073
0.209439
0.113344
0.108003
0.169801
0.09859
0.141941
0.207761
0.170009
0.209439
0.209439
0.162549
0.0915445
0.203312
0.0876869
0.128786
0.177041
0.192572
0.209439
0.18385
0.145385
0.0876144
0.166445
0.0764619
0.185462
0.19003
0.150599
0.209439
0.18475
0.209439
0.147989
0.200393
0.0902479
0.142916
0.213843
0.1691
0.225856
0.225856
0.225856
0.141449
0.157839
0.169389
0.180231
0.225856
0.109361
0.0878995
0.114399
0.11342
0.0958938
0.194876
0.139693
0.225856
0.205642
0.182866
0.225856
0.212682
0.225856
0.105371
0.212996
0.155607
0.11921
0.133507
0.0483125
0.0970132
0.0979375
0.067319
0.158563
0.1978
0.131511
0.15902
0.205902
0.101919
0.129087
0.138351
0.129652
0.0527445
0.155223
0.156365
0.123898
0.214414
0.214414
0.178339
0.214414
0.181761
0.070478
0.165816
0.214414
0.214414
0.214414
0.116143
0.119049
0.190461
0.144481
0.102485
0.184795
0.214414
0.214414
0.214414
0.146732
0.077652
0.214414
0.0837621
0.0762611
0.188043
0.172815
0.112799
0.216442
0.188957
0.134316
0.202658
0.115521
0.139252
0.210288
0.216442
0.144536
0.192836
0.157283
0.101817
0.13502
0.110686
0.106748
0.181877
0.216442
0.204411
0.216442
0.164049
0.0991932
0.216442
0.0651185
0.0881389
0.216442
0.216442
0.191519
0.216442
0.216442
0.117192
0.10616
0.0497267
0.155036
0.216541
0.216541
0.154216
0.214845
0.119664
0.0828156
0.127786
0.108133
0.15322
0.188433
0.216541
0.183093
0.105992
0.071939
0.15013
0.216541
0.181593
0.0841134
0.216541
0.185257
0.187468
0.216541
0.216541
0.149415
0.118236
0.106624
0.0873318
0.177325
0.216541
0.190848
0.216541
0.132133
0.135502
0.127283
0.136585
0.135307
0.179747
0.210408
0.180139
0.109548
0.0626983
0.139067
0.210408
0.198475
0.0943093
0.113581
0.210408
0.210408
0.1941
0.155994
0.154377
0.118025
0.136545
0.0867382
0.151509
0.185796
0.159366
0.210408
0.156327
0.15188
0.144458
0.210408
0.0420529
0.107538
0.151428
0.210408
0.210408
0.210408
0.210408
0.206304
0.147481
0.0991276
0.120512
0.188483
0.211482
0.211482
0.146881
0.163935
0.105491
0.129193
0.087762
0.199505
0.0720213
0.107076
0.175323
0.164495
0.211482
0.211482
0.115246
0.0461033
0.0923569
0.128526
0.211482
0.211482
0.211482
0.204975
0.211482
0.211482
0.0831377
0.158044
0.0910885
0.211482
0.211482
0.133659
0.211482
0.211482
0.141274
0.107157
0.21416
0.0687288
0.138932
0.21416
0.182804
0.21416
0.208933
0.159213
0.0933081
0.166053
0.108348
0.21416
0.21416
0.17565
0.21416
0.175971
0.21416
0.0874162
0.150502
0.107186
0.197121
0.21416
0.138188
0.21416
0.21416
0.183807
0.0635758
0.122517
0.156187
0.144055
0.213641
0.11522
0.113603
0.121396
0.0964992
0.114088
0.207629
0.198408
0.221512
0.221512
0.221512
0.221512
0.221512
0.221512
0.116866
0.221512
0.167809
0.137828
0.207771
0.0884415
0.137589
0.122877
0.0897612
0.0877331
0.13656
0.193184
0.162315
0.221512
0.161092
0.1728
0.17061
0.140452
0.141784
0.120154
0.163231
0.140964
0.158501
0.120874
0.139562
0.113542
0.101305
0.0717435
0.187655
0.215789
0.215789
0.198852
0.121616
0.128373
0.166791
0.153711
0.107836
0.170758
0.215789
0.215789
0.192081
0.172094
0.0683958
0.215789
0.109423
0.109266
0.141029
0.157553
0.211851
0.215789
0.11598
0.151047
0.215789
0.16203
0.0755903
0.0872561
0.165282
0.215789
0.172001
0.0971956
0.200898
0.169251
0.167856
0.122406
0.200501
0.215641
0.215641
0.215641
0.149697
0.106959
0.215641
0.0792238
0.13194
0.215641
0.215641
0.187079
0.215641
0.1904
0.155427
0.108505
0.0660743
0.115631
0.141283
0.186573
0.215641
0.212722
0.103064
0.167967
0.115644
0.089933
0.116113
0.215641
0.145105
0.165651
0.215641
0.140378
0.14088
0.166798
0.0876475
0.102451
0.211322
0.169971
0.163065
0.211322
0.176212
0.192701
0.11223
0.0876969
0.0735344
0.128506
0.211322
0.211322
0.211322
0.104091
0.196877
0.129114
0.133105
0.123964
0.211322
0.135879
0.182481
0.211322
0.129524
0.122733
0.135952
0.0837595
0.209828
0.160302
0.157837
0.211322
0.185636
0.0892149
0.211322
0.211322
0.177633
0.0629294
0.112066
0.20774
0.177549
0.184461
0.114423
0.200382
0.152384
0.180305
0.035618
0.105986
0.149601
0.20774
0.20774
0.20774
0.176603
0.178615
0.143211
0.138149
0.17457
0.155374
0.193968
0.182158
0.101431
0.20774
0.20774
0.134952
0.122896
0.125862
0.127803
0.153985
0.199369
0.20774
0.20774
0.140522
0.204287
0.0428444
0.113742
0.152678
0.215592
0.215592
0.215592
0.200179
0.215592
0.215592
0.0829749
0.126474
0.0962025
0.209239
0.215592
0.138109
0.215592
0.215592
0.163258
0.0908045
0.173385
0.159823
0.163787
0.215592
0.215592
0.215592
0.157843
0.193661
0.0813781
0.0797458
0.132943
0.10848
0.155448
0.0590606
0.164481
0.107942
0.164457
0.111092
0.161239
0.12924
0.225473
0.225473
0.180091
0.225473
0.225473
0.225473
0.0792764
0.14398
0.201466
0.175702
0.225473
0.152341
0.12959
0.137306
0.106379
0.0773701
0.099101
0.150205
0.136083
0.204068
0.0940777
0.225473
0.15498
0.225473
0.0903535
0.191464
0.174159
0.206443
0.225473
0.126828
0.127109
0.0668158
0.0213601
0.102856
0.172077
0.213003
0.198612
0.213003
0.188989
0.184752
0.184976
0.146477
0.120836
0.117859
0.178971
0.152672
0.213003
0.155545
0.140663
0.142125
0.14317
0.105288
0.213003
0.213003
0.213003
0.213003
0.157471
0.125733
0.115702
0.0734503
0.190066
0.213003
0.149101
0.16446
0.213003
0.105743
0.0842231
0.121275
0.170709
0.09782
0.166546
0.126205
0.210879
0.212494
0.172441
0.158027
0.188622
0.183956
0.0880206
0.0841144
0.185503
0.212494
0.16052
0.120137
0.183037
0.147078
0.195397
0.165507
0.0986451
0.13221
0.174548
0.212494
0.202199
0.155184
0.212494
0.146081
0.101651
0.125689
0.206162
0.153315
0.212494
0.180649
0.136754
0.130752
0.194181
0.12867
0.143092
0.20542
0.217472
0.199651
0.107593
0.154379
0.0978996
0.125688
0.160293
0.217472
0.152408
0.141653
0.203033
0.0933481
0.133508
0.187829
0.168183
0.125989
0.171298
0.190755
0.170117
0.217472
0.154783
0.125053
0.109552
0.17553
0.0969913
0.151986
0.0817562
0.117623
0.217472
0.217472
0.206811
0.217472
0.217472
0.186455
0.214435
0.155857
0.155239
0.198289
0.0930829
0.148251
0.141569
0.143051
0.187844
0.15289
0.186515
0.214435
0.177406
0.0991371
0.214435
0.214435
0.214435
0.138486
0.214435
0.101274
0.148968
0.214435
0.194994
0.168505
0.195793
0.172377
0.165345
0.157307
0.106292
0.0856147
0.212175
0.0625996
0.0892637
0.114619
0.151341
0.15249
0.18128
0.211787
0.220127
0.195506
0.119868
0.220127
0.202611
0.152209
0.106614
0.153943
0.188472
0.204132
0.220127
0.220127
0.220127
0.18647
0.215992
0.143787
0.156622
0.126542
0.1041
0.191349
0.0542437
0.102188
0.106074
0.131777
0.12077
0.0594401
0.0737898
0.0696587
0.147416
0.107047
0.192546
0.220127
0.220127
0.08774
0.216652
0.22078
0.217968
0.22078
0.22078
0.22078
0.209312
0.214285
0.0929063
0.11277
0.170718
0.141735
0.152745
0.0874605
0.199633
0.0899835
0.21511
0.0916288
0.0645702
0.0836665
0.108455
0.181507
0.133117
0.22078
0.22078
0.22078
0.112177
0.214539
0.22078
0.164938
0.195418
0.0348727
0.0497746
0.0593145
0.0958191
0.0951694
0.149793
0.181202
0.190233
0.209935
0.14177
0.220269
0.134771
0.220269
0.105019
0.212892
0.220269
0.220269
0.220269
0.207834
0.143132
0.0841268
0.031183
0.0976033
0.220269
0.220269
0.220269
0.220269
0.0604666
0.0722968
0.0526321
0.0731405
0.0786194
0.18465
0.0971689
0.1274
0.187873
0.220165
0.161307
0.220269
0.040134
0.109262
0.217323
0.217323
0.217323
0.217323
0.193301
0.149624
0.144123
0.0791679
0.163422
0.217323
0.153832
0.189115
0.217323
0.121344
0.0715709
0.165384
0.195057
0.0628603
0.176442
0.112579
0.177596
0.217323
0.177876
0.140575
0.217323
0.0700578
0.056994
0.201338
0.168058
0.217323
0.215949
0.122065
0.0931584
0.11974
0.112429
0.158855
0.110234
0.13399
0.168209
0.219964
0.219964
0.184173
0.193957
0.127315
0.105707
0.119166
0.219964
0.16856
0.219964
0.185089
0.148578
0.158775
0.170156
0.129963
0.219964
0.203292
0.152508
0.219964
0.125941
0.114857
0.105664
0.0865335
0.0559579
0.112949
0.144098
0.15235
0.219964
0.130961
0.219964
0.178224
0.198247
0.138492
0.158131
0.199506
0.162466
0.223949
0.151528
0.145003
0.131856
0.162243
0.127594
0.15608
0.0822662
0.0954049
0.223949
0.219212
0.208017
0.223949
0.223949
0.0732804
0.095561
0.105196
0.142132
0.223949
0.121944
0.223949
0.18646
0.158461
0.113171
0.119063
0.0529159
0.05941
0.151528
0.21359
0.223949
0.194194
0.207096
0.217833
0.217833
0.126122
0.128638
0.217833
0.209232
0.196715
0.217833
0.217833
0.181958
0.195853
0.141562
0.0945843
0.211388
0.0697696
0.139567
0.133375
0.197544
0.122462
0.153803
0.0715769
0.0827387
0.20107
0.217833
0.217833
0.217833
0.182576
0.0704347
0.167254
0.13363
0.0925737
0.217595
0.0762844
0.176228
0.0924883
0.0513961
0.191742
0.192537
0.178811
0.122157
0.218718
0.07534
0.147397
0.107401
0.189911
0.158184
0.109844
0.106904
0.0940243
0.20781
0.143563
0.224754
0.224754
0.224754
0.0622688
0.144126
0.141631
0.116732
0.215758
0.108965
0.189579
0.0997975
0.0486192
0.224754
0.18978
0.143454
0.0741888
0.120672
0.224754
0.224754
0.224754
0.199977
0.105312
0.0858446
0.105365
0.133385
0.225307
0.167212
0.225307
0.225307
0.225307
0.155557
0.225307
0.220751
0.183367
0.225307
0.0682852
0.0716253
0.073354
0.110216
0.191248
0.173551
0.13359
0.108549
0.164559
0.225307
0.225307
0.225307
0.18669
0.0765691
0.200674
0.132122
0.180548
0.225307
0.0701229
0.0921763
0.0951013
0.079237
0.126445
0.225629
0.222436
0.225629
0.225629
0.10233
0.118245
0.085472
0.0831194
0.114186
0.212379
0.114004
0.148072
0.21245
0.225629
0.179681
0.225629
0.0636417
0.0725711
0.225629
0.154369
0.225629
0.225629
0.0979325
0.138373
0.143209
0.0745953
0.1719
0.0911457
0.107453
0.115337
0.225629
0.197637
0.128369
0.115018
0.21857
0.098286
0.206004
0.130368
0.215786
0.215786
0.192394
0.179215
0.215786
0.0955807
0.0704719
0.184576
0.134756
0.215786
0.215786
0.178674
0.135759
0.153308
0.123846
0.215786
0.125097
0.151328
0.130899
0.215786
0.21228
0.169421
0.106931
0.189937
0.180527
0.118989
0.114232
0.161657
0.215786
0.0999971
0.119229
0.107338
0.187378
0.169499
0.218768
0.218768
0.164044
0.218768
0.133682
0.145235
0.101695
0.0947618
0.0651474
0.107816
0.151916
0.167696
0.218768
0.150463
0.218768
0.218768
0.201394
0.127429
0.198436
0.152748
0.194441
0.218768
0.157944
0.111039
0.101577
0.139638
0.0549693
0.100021
0.160427
0.136712
0.218768
0.17942
0.140432
0.178488
0.218768
0.110691
0.120302
0.136124
0.150433
0.217488
0.146942
0.217488
0.217488
0.166441
0.156947
0.153393
0.0726243
0.0587884
0.17272
0.21314
0.217488
0.217488
0.217488
0.0678587
0.103221
0.217488
0.142102
0.217488
0.150118
0.135816
0.148634
0.184996
0.0838053
0.113575
0.155825
0.14944
0.198941
0.184373
0.210953
0.173142
0.157877
0.202625
0.212729
0.118999
0.0962443
0.217908
0.217908
0.217908
0.217908
0.217908
0.0835042
0.151108
0.150436
0.147494
0.217908
0.0838953
0.214081
0.130746
0.0752145
0.0975777
0.105893
0.187348
0.187925
0.217908
0.192629
0.217908
0.2034
0.200963
0.0847475
0.161649
0.113517
0.142311
0.1521
0.112779
0.143534
0.0824839
0.144422
0.0741205
0.14869
0.172486
0.169919
0.224189
0.110772
0.203595
0.132633
0.0721656
0.224189
0.224189
0.158948
0.0688213
0.153491
0.224189
0.224189
0.224189
0.224189
0.0763133
0.140382
0.130225
0.134158
0.135688
0.124438
0.20278
0.113872
0.165291
0.136413
0.224189
0.171871
0.102553
0.224189
0.117696
0.184948
0.154088
0.158392
0.220489
0.220489
0.15562
0.107104
0.19727
0.220489
0.220489
0.220489
0.220489
0.105205
0.213252
0.115435
0.180888
0.220489
0.101139
0.114657
0.102227
0.0777396
0.119417
0.220489
0.185241
0.0839388
0.220489
0.15154
0.220489
0.196982
0.182945
0.0632535
0.104421
0.0928466
0.116343
0.220489
0.133841
0.127418
0.108065
0.120102
0.087119
0.231995
0.1529
0.231995
0.231995
0.147093
0.177256
0.158675
0.0758845
0.191285
0.0992334
0.106535
0.160595
0.231995
0.210364
0.142971
0.123041
0.230314
0.0900574
0.14029
0.132216
0.160633
0.231995
0.194105
0.182356
0.144593
0.137164
0.144601
0.122296
0.137033
0.194188
0.218398
0.177055
0.130871
0.099426
0.139059
0.214847
0.12326
0.136989
0.176746
0.214847
0.214847
0.179596
0.124139
0.208415
0.202327
0.0953069
0.0867927
0.17562
0.214847
0.139121
0.165351
0.130495
0.165048
0.156719
0.144662
0.159526
0.214847
0.214847
0.214847
0.173824
0.0887625
0.103953
0.155835
0.206785
0.178466
0.207923
0.214847
0.0948968
0.115609
0.0677167
0.0784026
0.164366
0.209549
0.17069
0.19851
0.209549
0.182297
0.108516
0.0980607
0.160403
0.0657406
0.120346
0.160343
0.135118
0.203971
0.181286
0.146739
0.209549
0.209549
0.0977159
0.194516
0.107658
0.111912
0.209549
0.133838
0.107483
0.174633
0.135489
0.114951
0.176995
0.13541
0.120666
0.209549
0.209549
0.209549
0.209549
0.207041
0.0873918
0.139699
0.206011
0.1264
0.197079
0.15121
0.128211
0.170391
0.206011
0.120032
0.141385
0.167907
0.130786
0.180503
0.148049
0.194642
0.200873
0.193686
0.11162
0.175123
0.155019
0.146027
0.206011
0.206011
0.206011
0.192331
0.175019
0.125897
0.202412
0.206011
0.206011
0.118582
0.0827101
0.176196
0.170461
0.0934622
0.140519
0.13989
0.210118
0.186439
0.213494
0.151439
0.213494
0.213494
0.213494
0.0785466
0.138804
0.110391
0.191133
0.171208
0.0813937
0.15911
0.137622
0.131753
0.153606
0.211843
0.213494
0.213494
0.203871
0.0851181
0.213494
0.213494
0.119001
0.0948416
0.149502
0.135958
0.205402
0.213494
0.0799458
0.0968974
0.152064
0.12064
0.071339
0.140964
0.133659
0.191146
0.184248
0.0950798
0.220062
0.181717
0.162435
0.146641
0.222209
0.194178
0.106936
0.222209
0.0985476
0.160717
0.163344
0.180132
0.104159
0.144259
0.110804
0.164982
0.222209
0.0925641
0.168511
0.222209
0.185527
0.175652
0.209339
0.0932307
0.169608
0.222209
0.222209
0.191787
0.0953563
0.0877047
0.137502
0.218421
0.216125
0.087601
0.218421
0.151101
0.216258
0.215377
0.218421
0.0932192
0.141231
0.0957425
0.129215
0.218421
0.161961
0.134436
0.10695
0.123778
0.180757
0.218421
0.0964321
0.124051
0.218421
0.195744
0.218421
0.127651
0.156871
0.123675
0.168242
0.140485
0.0972443
0.214845
0.166837
0.181983
0.149121
0.111741
0.112815
0.161303
0.113026
0.157458
0.218366
0.218366
0.16636
0.110793
0.129937
0.14154
0.137159
0.147149
0.209404
0.218366
0.172464
0.122727
0.132053
0.132774
0.15704
0.199714
0.19769
0.114688
0.198456
0.136656
0.174073
0.131375
0.182414
0.140242
0.218366
0.195481
0.148932
0.218366
0.0598178
0.171906
0.20885
0.178117
0.144118
0.147901
0.157877
0.217343
0.217343
0.217343
0.160717
0.122238
0.117016
0.170223
0.160677
0.139329
0.217343
0.217343
0.116069
0.152591
0.0962125
0.100143
0.12099
0.217343
0.217343
0.197862
0.217343
0.0924343
0.145608
0.202262
0.191596
0.0746955
0.108395
0.0714199
0.157467
0.217343
0.186135
0.104322
0.217343
0.146388
0.0852036
0.209383
0.160688
0.137034
0.195276
0.162305
0.121908
0.171002
0.153541
0.138979
0.193401
0.15477
0.136308
0.209383
0.209383
0.209383
0.209383
0.209383
0.11677
0.169925
0.161668
0.141688
0.152035
0.0872031
0.158065
0.122366
0.185699
0.117524
0.126759
0.209383
0.209383
0.209383
0.123079
0.206229
0.131994
0.152646
0.113244
0.169908
0.154813
0.144134
0.211658
0.189772
0.198732
0.201111
0.211658
0.154518
0.211658
0.201521
0.199329
0.106648
0.0956332
0.170703
0.176401
0.106517
0.0991122
0.114774
0.203163
0.208567
0.193947
0.111042
0.146209
0.137654
0.159736
0.171976
0.110597
0.0961658
0.168978
0.130088
0.211658
0.211658
0.127269
0.202456
0.147953
0.199269
0.200398
0.213861
0.174678
0.0917089
0.207453
0.205109
0.110212
0.0867099
0.130619
0.113896
0.201759
0.213861
0.0663598
0.117375
0.177639
0.122025
0.160752
0.114325
0.112037
0.201219
0.160131
0.213861
0.213861
0.136661
0.190687
0.0790327
0.0756577
0.123769
0.200328
0.213861
0.213861
0.187937
0.153792
0.213861
0.0940501
0.122526
0.104561
0.198521
0.224183
0.0789937
0.19682
0.224183
0.171008
0.125646
0.177136
0.116987
0.167296
0.224183
0.180511
0.168279
0.0735796
0.0954975
0.14694
0.100158
0.174582
0.224183
0.224183
0.138832
0.161454
0.124774
0.199272
0.200872
0.122674
0.149075
0.194039
0.224183
0.120972
0.165183
0.124976
0.224105
0.156289
0.20055
0.11271
0.138659
0.215227
0.176322
0.215227
0.0937975
0.150209
0.169207
0.185345
0.105384
0.0906452
0.201453
0.190387
0.173111
0.131671
0.114688
0.215227
0.17097
0.190114
0.215227
0.215227
0.113554
0.204962
0.118983
0.215227
0.123826
0.215026
0.125022
0.132336
0.156068
0.171893
0.179646
0.143511
0.0867253
0.21286
0.213397
0.131213
0.106488
0.213397
0.171189
0.174495
0.108476
0.163768
0.137522
0.213397
0.17414
0.14779
0.213397
0.0760106
0.173734
0.212639
0.147631
0.12541
0.213397
0.145007
0.139686
0.167315
0.213397
0.182913
0.143432
0.108708
0.0841234
0.131041
0.188453
0.213397
0.213397
0.188291
0.135621
0.126256
0.0988895
0.109255
0.19976
0.183061
0.172971
0.226008
0.0987375
0.136852
0.171176
0.141476
0.0791574
0.104258
0.074282
0.145538
0.226008
0.188048
0.119573
0.192574
0.167983
0.0813069
0.0899306
0.157372
0.206305
0.226008
0.226008
0.107025
0.116891
0.100542
0.109506
0.132917
0.226008
0.168512
0.226008
0.226008
0.11452
0.226008
0.226008
0.0995203
0.154549
0.208127
0.144996
0.139761
0.114398
0.173968
0.140901
0.168587
0.133394
0.128551
0.205646
0.210389
0.210389
0.103757
0.150396
0.183035
0.198952
0.044092
0.135585
0.113869
0.171667
0.210389
0.210389
0.210389
0.186241
0.129913
0.0878732
0.210389
0.194416
0.132296
0.210389
0.184668
0.177242
0.16192
0.169422
0.0971998
0.111246
0.210041
0.214486
0.205308
0.103746
0.115721
0.173734
0.192803
0.196697
0.126816
0.0823932
0.160601
0.150708
0.214486
0.214486
0.155462
0.214486
0.0929839
0.209214
0.185456
0.137837
0.195187
0.167274
0.164398
0.105902
0.120424
0.211398
0.157544
0.0583579
0.133003
0.194217
0.194398
0.214486
0.162384
0.137934
0.157609
0.126765
0.107158
0.214315
0.172824
0.214315
0.208951
0.137074
0.198392
0.111958
0.0852555
0.105857
0.202091
0.214315
0.196654
0.187531
0.198661
0.214315
0.174227
0.163846
0.0813319
0.177016
0.199715
0.181434
0.214315
0.116856
0.130987
0.147704
0.0700729
0.080469
0.169518
0.182715
0.0957175
0.0774861
0.214315
0.214315
0.185005
0.109111
0.159557
0.220718
0.220718
0.130085
0.181603
0.144853
0.202051
0.203215
0.116382
0.148919
0.181
0.220718
0.123155
0.181505
0.119764
0.220718
0.165893
0.105675
0.139121
0.220718
0.220718
0.092878
0.0949753
0.160842
0.220718
0.108106
0.144905
0.144097
0.134497
0.146816
0.179969
0.185653
0.159515
0.128447
0.219079
0.159784
0.191853
0.216955
0.219079
0.12747
0.219079
0.11004
0.219079
0.147759
0.201245
0.0938288
0.127745
0.199021
0.167703
0.213157
0.133565
0.0892111
0.146109
0.199973
0.204181
0.169318
0.213094
0.194409
0.211343
0.143965
0.105429
0.135796
0.160058
0.0779213
0.106602
0.104785
0.117326
0.219079
0.11625
0.0683498
0.152976
0.200649
0.113976
0.146371
0.21598
0.202921
0.21598
0.139444
0.102767
0.100471
0.184367
0.172844
0.21598
0.21598
0.198621
0.153098
0.127284
0.0944293
0.149555
0.21598
0.124135
0.127758
0.196469
0.115591
0.21598
0.113717
0.0699213
0.0985739
0.21598
0.21598
0.21598
0.21598
0.141815
0.16328
0.135579
0.059554
0.0914678
0.112124
0.13732
0.171216
0.221688
0.221688
0.122934
0.107658
0.0865325
0.106842
0.175637
0.221688
0.17376
0.221688
0.221688
0.125352
0.219407
0.216368
0.0862575
0.221688
0.194784
0.202325
0.221688
0.165996
0.123006
0.0944127
0.0410928
0.109728
0.152654
0.180273
0.183977
0.221688
0.180839
0.0930981
0.171394
0.0914919
