0.132496
0.13633
0.153343
0.234799
0.234799
0.230103
0.0888999
0.200421
0.139606
0.157823
0.189647
0.163725
0.178278
0.234799
0.144941
0.134734
0.131544
0.133492
0.0701124
0.149584
0.14442
0.161828
0.234799
0.234799
0.234799
0.0818491
0.0985405
0.116232
0.193317
0.130278
0.151711
0.216119
0.150093
0.12889
0.130408
0.104093
0.198251
0.214127
0.1542
0.212276
0.214127
0.214127
0.189703
0.154184
0.161262
0.10715
0.167907
0.121505
0.140286
0.213043
0.155314
0.138092
0.184868
0.181266
0.138873
0.207948
0.110136
0.203849
0.214127
0.177022
0.160614
0.176459
0.15532
0.0690014
0.146431
0.139061
0.0859825
0.166049
0.150603
0.1232
0.173032
0.126676
0.108632
0.17584
0.132583
0.157089
0.206831
0.190054
0.18695
0.206831
0.204078
0.0721063
0.206831
0.190533
0.191994
0.206831
0.13797
0.192233
0.165657
0.133124
0.0926528
0.180092
0.134427
0.118102
0.206831
0.176333
0.128574
0.142677
0.109402
0.16736
0.13528
0.0781607
0.178628
0.206831
0.206831
0.176912
0.133682
0.191972
0.0905833
0.208044
0.154789
0.15655
0.208044
0.140686
0.171541
0.143173
0.15394
0.124869
0.160112
0.136959
0.174789
0.208044
0.17453
0.188106
0.132084
0.187244
0.1268
0.13239
0.0807373
0.175626
0.208044
0.208044
0.150409
0.106122
0.152435
0.107304
0.208044
0.208044
0.208044
0.208044
0.196491
0.168687
0.130592
0.166617
0.147142
0.159329
0.133301
0.182884
0.216432
0.180566
0.149572
0.128796
0.212815
0.0448428
0.211013
0.161393
0.216432
0.216432
0.116918
0.0808112
0.126057
0.106637
0.0665993
0.181066
0.203464
0.184711
0.216432
0.193987
0.178479
0.179888
0.167296
0.121782
0.216432
0.124748
0.216432
0.216432
0.105605
0.0727788
0.169108
0.13761
0.0850707
0.224596
0.184601
0.224596
0.224596
0.154201
0.0995333
0.1495
0.161467
0.0896865
0.174186
0.0790388
0.159764
0.224596
0.130898
0.126241
0.183516
0.157247
0.144574
0.224596
0.146106
0.224596
0.204916
0.123826
0.109208
0.204889
0.173567
0.120172
0.165553
0.146831
0.157033
0.217327
0.0997631
0.068337
0.224596
0.168283
0.120195
0.166729
0.05973
0.135959
0.23099
0.184618
0.151339
0.176225
0.189392
0.0522728
0.222598
0.136297
0.23099
0.23099
0.195864
0.216936
0.12197
0.107176
0.159819
0.211267
0.151075
0.14873
0.200107
0.169961
0.0843758
0.23099
0.173611
0.0936201
0.192123
0.128887
0.135656
0.23099
0.154205
0.129224
0.116529
0.0794092
0.0737571
0.159174
0.166736
0.171113
0.254733
0.254733
0.200485
0.0985851
0.116795
0.11103
0.190605
0.11612
0.208534
0.254733
0.254733
0.173197
0.188138
0.0904071
0.0111925
0.0182964
0.130424
0.249525
0.254733
0.241062
0.085517
0.00886647
0.00660157
0.0159764
0.0215902
0.101209
0.232696
0.254733
0.24443
0.0970762
0.0142639
0.0172325
0.116773
0.198086
0.0975764
0.25225
0.252829
0.252829
0.197507
0.217576
0.124285
0.058284
0.157812
0.125712
0.111112
0.242381
0.196139
0.130846
0.186553
0.104077
0.0196698
0.0217331
0.11205
0.236146
0.252829
0.235643
0.128813
0.0170921
0.0165016
0.0181516
0.034843
0.0608455
0.23327
0.252829
0.224024
0.216022
0.0391053
0.01261
0.0814701
0.200602
0.122772
0.132014
0.243673
0.209267
0.143864
0.152402
0.0862762
0.180741
0.135841
0.0703839
0.175648
0.210568
0.243673
0.243673
0.152564
0.19164
0.0171232
0.0458116
0.0765298
0.243673
0.243673
0.224459
0.222796
0.03644
0.00695172
0.0424086
0.0657118
0.0991915
0.158585
0.243673
0.243673
0.243673
0.0712688
0.057915
0.138975
0.139479
0.0821357
0.159928
0.204311
0.237612
0.195088
0.102758
0.147976
0.112193
0.208627
0.19085
0.214323
0.237612
0.237612
0.19004
0.0961111
0.141129
0.0335887
0.0570961
0.0929034
0.164342
0.237612
0.237612
0.237612
0.0689001
0.0553917
0.0393585
0.100084
0.146058
0.0936604
0.237612
0.237612
0.237612
0.0784036
0.0954652
0.0734492
0.199132
0.186611
0.193804
0.23421
0.23421
0.181397
0.138354
0.129545
0.124972
0.23421
0.0980129
0.197236
0.23421
0.122066
0.0916524
0.198545
0.132803
0.0324311
0.106958
0.143497
0.118518
0.23421
0.23421
0.23421
0.108007
0.109622
0.0528134
0.102082
0.139035
0.144281
0.211339
0.196372
0.23421
0.120259
0.0925436
0.129305
0.215003
0.114957
0.208294
0.215003
0.122154
0.124467
0.215003
0.145203
0.0927357
0.136813
0.12503
0.159919
0.215003
0.0924341
0.0909488
0.215003
0.155011
0.0620438
0.153435
0.177632
0.172908
0.215003
0.215003
0.215003
0.177902
0.121317
0.118131
0.215003
0.158666
0.194827
0.204766
0.175664
0.215003
0.1189
0.0657964
0.132724
0.183395
0.149033
0.169589
0.214604
0.172682
0.118982
0.201684
0.159128
0.0913038
0.190858
0.131168
0.130729
0.214604
0.133811
0.130906
0.128409
0.068335
0.110619
0.214604
0.178142
0.198617
0.214604
0.214604
0.214604
0.185501
0.0768047
0.123738
0.163032
0.132929
0.156532
0.214604
0.214604
0.190234
0.107858
0.168805
0.00281688
0.0127381
0.169755
0.292977
0.292977
0.260765
0.0863863
0.0054517
0.00217422
0.00281688
0.00596192
0.110664
0.292977
0.292977
0.292977
0.201886
0.0123635
0.013936
0.0255662
0.0882646
0.109361
0.202884
0.18433
0.134645
0.0950693
0.0855106
0.113488
0.0268926
0.127157
0.239578
0.292977
0.292977
0.0862729
0.0872265
0.0516732
0.0797578
0.00494915
0.00459016
0.098696
0.272659
0.279445
0.279445
0.2137
0.0141579
0.00899098
0.0233124
0.0500531
0.0926748
0.249361
0.279445
0.279445
0.267478
0.0486952
0.0012528
0.0346334
0.0671892
0.180325
0.279445
0.279445
0.0816992
0.0652285
0.0579879
0.119082
0.0473811
0.0210064
0.164966
0.279445
0.249019
0.119262
0.0368973
0.025791
0.0263574
0.0211499
0.0643735
0.0980071
0.271185
0.271185
0.271185
0.271185
0.0536497
0.00193613
0.048524
0.0989537
0.162723
0.211861
0.271185
0.271185
0.271185
0.102962
0.0671664
0.0412892
0.00272584
0.136045
0.271185
0.271185
0.125345
0.0463249
0.0261349
0.0519401
0.00858722
0.000626502
0.130082
0.271185
0.271185
0.114883
0.0589616
0.00759399
0.0125248
0.0512932
0.110072
0.167657
0.257357
0.262601
0.262601
0.262601
0.101826
0.0855982
0.0463604
0.14222
0.178034
0.139606
0.262601
0.262601
0.262601
0.107093
0.123519
0.00204811
0.000711513
0.0989777
0.262601
0.262601
0.103167
0.0595076
0.00771853
0.00776546
0.00404457
0.00278401
0.126628
0.262601
0.262601
0.195466
0.069731
0.00952039
0.00350374
0.0449079
0.152735
0.178487
0.179475
0.259577
0.259577
0.228493
0.123423
0.132605
0.0418684
0.106496
0.14684
0.18481
0.259577
0.259577
0.259577
0.136041
0.114879
0.00224834
0.00469363
0.110805
0.259577
0.259577
0.174499
0.0694709
0.0120536
0.00208758
0.00952623
0.0164214
0.116838
0.245211
0.259577
0.223325
0.113817
0.0356256
0.00579442
0.0458672
0.140534
0.153304
0.185319
0.248585
0.248585
0.248585
0.150621
0.112532
0.0962902
0.207351
0.150165
0.204034
0.248585
0.248585
0.248585
0.0775614
0.0773566
0.00829527
0.0170769
0.103119
0.236978
0.248585
0.204583
0.0987101
0.0357414
0.00738124
0.0312051
0.0325179
0.0693508
0.202174
0.248585
0.248585
0.179794
0.0141016
0.00589324
0.0852621
0.216943
0.158279
0.194637
0.251642
0.251642
0.251642
0.11859
0.0672031
0.0954744
0.18393
0.139613
0.168064
0.251642
0.216562
0.189232
0.12342
0.129182
0.0289208
0.035287
0.0863729
0.204872
0.251642
0.251642
0.161253
0.025274
0.00893748
0.0526099
0.0879375
0.0490852
0.117351
0.251642
0.251642
0.150572
0.110863
0.111217
0.0408963
0.115316
0.168974
0.253542
0.248899
0.184986
0.130334
0.107799
0.162894
0.0537959
0.215193
0.253542
0.253542
0.253542
0.131762
0.114265
0.0643937
0.129368
0.0653107
0.0940331
0.0538932
0.0329359
0.0537977
0.0567804
0.105432
0.127691
0.235844
0.148468
0.253542
0.189898
0.197051
0.253542
0.0916576
0.181226
0.101199
0.253542
0.0553264
0.124647
0.221027
0.248551
0.248551
0.116174
0.0848538
0.0659375
0.186205
0.0635185
0.0728795
0.247711
0.248551
0.248551
0.169918
0.0631088
0.0576675
0.0859085
0.14357
0.240732
0.14269
0.141651
0.212929
0.0831432
0.183031
0.11577
0.248551
0.248551
0.194969
0.0518328
0.113308
0.151007
0.065844
0.0778997
0.145714
0.248551
0.0656714
0.0509609
0.223445
0.264017
0.264017
0.169018
0.0662453
0.0590858
0.110391
0.0286342
0.0314755
0.264017
0.264017
0.264017
0.152941
0.0637578
0.017705
0.0368137
0.264017
0.174115
0.0905574
0.140125
0.138469
0.0674572
0.0702406
0.10759
0.264017
0.243248
0.18366
0.125325
0.203955
0.264017
0.0537572
0.101746
0.0696142
0.198188
0.0122306
0.0214465
0.244333
0.27517
0.27517
0.129738
0.0725999
0.02103
0.0262139
0.00676362
0.00724894
0.220089
0.27517
0.27517
0.130908
0.0361849
0.0206021
0.0143513
0.200066
0.154031
0.156443
0.215975
0.258549
0.0554009
0.111826
0.0680278
0.229182
0.096545
0.0389075
0.0921299
0.27517
0.199528
0.144215
0.136478
0.208129
0.232231
0.00112742
0.00259336
0.16244
0.286551
0.286551
0.137584
0.0523341
0.0269201
0.0150349
0
0.00272855
0.119802
0.286551
0.286551
0.286551
0.151115
0.0408393
0
0.0925413
0.0336974
0.0918
0.286551
0.127961
0.11486
0.14218
0.192246
0.284
0.0223397
0.0515147
0.2015
0.286551
0.278503
0.109397
0.0471567
0.0615518
0.111884
0.00276189
0.00495583
0.0850681
0.291552
0.291552
0.291552
0.149507
0.0293131
0.00328419
0.0383577
0.022714
0.0451311
0.220729
0.291552
0.291552
0.25898
0.0128642
0.0150036
0.0214433
0.0667864
0.180082
0.291552
0.249085
0.0967675
0.0502927
0.0505819
0.0881221
0.00296289
0.0273887
0.184015
0.291552
0.291552
0.108178
0.0328832
0.0135963
0.00895089
0.0412609
0.0311735
0.0767846
0.213431
0.285971
0.285971
0.261809
0.0144174
0.0175848
0.0579147
0.134837
0.0987978
0.192921
0.285971
0.285971
0.201695
0.158589
0.127955
0.00236207
0.0387611
0.193233
0.285971
0.285971
0.121436
0.0353127
0.0125586
0.00796554
0.0030137
0.00668985
0.137515
0.285971
0.263104
0.100181
0.0169756
0.00724029
0.0037206
0.14162
0.114834
0.07263
0.0455981
0.0734693
0.0641956
0.112212
0.207143
0.270872
0.240045
0.270872
0.229164
0.263119
0.270872
0.145736
0.221039
0.164933
0.270872
0.169042
0.0866775
0.0300681
0.0373396
0.124231
0.00547752
0.0408871
0.10711
0.256054
0.168105
0.0825708
0.0377001
0.0856469
0.270872
0.0160849
0.0913145
0.10499
0.234192
0.212526
0.262834
0.153864
0.152357
0.258592
0.108989
0.187824
0.17041
0.262834
0.262834
0.262834
0.05398
0.0740012
0.178621
0.0994006
0.124389
0.215841
0.262834
0.136729
0.0674089
0.0300599
0.060334
0.202858
0.0129331
0.0753227
0.100287
0.222159
0.233071
0.0943265
0.0207769
0.0620152
0.155537
0.00344867
0.0150829
0.109728
0.262834
0.256643
0.255035
0.119752
0.106971
0.133605
0.0754128
0.0919632
0.168948
0.256643
0.256643
0.249546
0.200964
0.23415
0.256643
0.0768435
0.126319
0.082636
0.256643
0.185762
0.106823
0.0334161
0.0715141
0.153748
0.0060873
0.0166929
0.0908369
0.256643
0.172626
0.0541745
0.010724
0.185664
0.256643
0.00303578
0.00662778
0.0511165
0.216934
0.229053
0.198529
0.242137
0.242137
0.242137
0.078358
0.151222
0.0887111
0.242137
0.119942
0.0447803
0.161218
0.242137
0.242137
0.178258
0.196078
0.227078
0.242137
0.19089
0.0587779
0.0223182
0.12764
0.242137
0.00954943
0.0150113
0.0378387
0.242137
0.0913276
0.0318757
0.0211491
0.0740414
0.130596
0.102799
0.109167
0.0866697
0.242137
0.132312
0.0353611
0.156877
0.280649
0.176264
0.184202
0.232313
0.251942
0.280649
0.0397037
0.0696871
0.25112
0.280649
0.280649
0.159957
0.0754965
0.0779394
0.146216
0.172402
0.0569032
0.0350219
0.0501505
0.0700141
0.0836064
0.100043
0.0822364
0.280649
0.112102
0.100278
0.0972827
0.132776
0.173506
0.0790249
0.101565
0.107825
0.280649
0.0526107
0.0994022
0.245926
0.278242
0.278242
0.155624
0.0819769
0.087166
0.144137
0.0261114
0.030443
0.215233
0.278242
0.278242
0.124783
0.0572307
0.0579477
0.0467906
0.181347
0.182583
0.100535
0.128703
0.203395
0.059508
0.0835665
0.118734
0.278242
0.129586
0.127466
0.074753
0.118008
0.182806
0.0880538
0.103579
0.263615
0.274416
0.0300603
0.0481595
0.245794
0.262407
0.262407
0.131856
0.0613601
0.0624315
0.044211
0.0112038
0.0235811
0.262274
0.262407
0.262407
0.135054
0.0345984
0.0257743
0.0209302
0.210572
0.225853
0.098181
0.11931
0.254831
0.0884977
0.0877157
0.23555
0.235468
0.101751
0.0945662
0.125267
0.202798
0.242613
0.145147
0.162229
0.154718
0.164329
0.255057
0.106779
0.0375727
0.066557
0.218296
0.0130831
0.0484784
0.17619
0.255057
0.239902
0.100364
0.0258594
0.133378
0.255057
0.0205823
0.097751
0.177939
0.255057
0.224238
0.0278195
0.0182833
0.144211
0.255057
0.021425
0.0839722
0.0851223
0.255057
0.255057
0.137634
0.0268859
0.112764
0.255057
0.0159996
0.104486
0.240479
0.255057
0.212305
0.100852
0.0264837
0.0973398
0.268066
0.017039
0.0747443
0.194416
0.268066
0.268066
0.146985
0.0332913
0.103376
0.268066
0.00749305
0.0182763
0.184831
0.268066
0.243933
0.0808973
0.0149293
0.105425
0.268066
0.00596205
0.0640644
0.186356
0.268066
0.268066
0.0641202
0.0158609
0.0843405
0.203875
0.0144826
0.0272489
0.0772863
0.268066
0.277887
0.149581
0.0480113
0.1013
0.239827
0.00750632
0.0173842
0.152212
0.284273
0.246724
0.0678159
0.0123354
0.262208
0.284273
0.00396873
0.00812035
0.0555823
0.284273
0.202843
0.0534655
0.0171711
0.0878838
0.202485
0.0180296
0.0191337
0.0570892
0.284273
0.209771
0.0339168
0.013479
0.202162
0.284273
0.0100186
0.0091601
0.0318733
0.284273
0.270101
0.0760954
0.0268503
0.191611
0.270101
0.0146388
0.0246714
0.0463149
0.270101
0.15287
0.0370529
0.0264954
0.106421
0.237309
0.161452
0.209869
0.137178
0.270101
0.256853
0.0415613
0.0136221
0.158732
0.270101
0.0227567
0.04712
0.0997915
0.270101
0.091132
0.0216069
0.0382595
0.110111
0.222744
0.0488721
0.0895253
0.270101
0.270101
0.264294
0.0773173
0.0428738
0.0717191
0.130222
0.142229
0.178662
0.126648
0.264294
0.196801
0.150471
0.105185
0.141569
0.264133
0.147106
0.159728
0.179873
0.264294
0.147542
0.0338927
0.0348405
0.0928111
0.183568
0.0521121
0.115748
0.264294
0.264294
0.0991899
0.0476203
0.0333817
0.141932
0.264294
0.0378378
0.115345
0.204598
0.261755
0.252451
0.239289
0.0973971
0.146033
0.252451
0.103292
0.111624
0.178496
0.252451
0.196682
0.140229
0.0539612
0.17202
0.252451
0.0980772
0.137728
0.252451
0.252451
0.14406
0.0778708
0.0276126
0.182048
0.252451
0.0332951
0.0919633
0.133591
0.252451
0.168003
0.0722618
0.0204452
0.0619814
0.111072
0.017722
0.0387273
0.154688
0.252451
0.237161
0.237161
0.0943202
0.164652
0.237161
0.0841203
0.113191
0.237161
0.237161
0.127006
0.130932
0.198103
0.237161
0.237161
0.161958
0.210045
0.195129
0.205638
0.237161
0.112973
0.0203624
0.100555
0.195988
0.00788853
0.0208408
0.0815188
0.237161
0.196183
0.073522
0.0441576
0.0774421
0.17269
0.0353563
0.0865049
0.119108
0.203084
0.214097
0.0218226
0.0207249
0.161282
0.248023
0.0345244
0.0939654
0.100141
0.248023
0.248023
0.141318
0.0309828
0.148784
0.248023
0.0130525
0.0779242
0.248023
0.248023
0.234889
0.0568649
0.0177073
0.119769
0.23219
0.0514587
0.05189
0.122448
0.248023
0.184155
0.0991288
0.0347337
0.181017
0.248023
0.0844938
0.155796
0.218654
0.248023
0.253018
0.0939174
0.0199669
0.152386
0.269033
0.00541562
0.0515491
0.237024
0.269033
0.269033
0.0743952
0.0167514
0.100914
0.249281
0.0208836
0.0319758
0.080735
0.269033
0.196817
0.085372
0.0212966
0.165112
0.269033
0.0907545
0.106784
0.170859
0.269033
0.269033
0.14861
0.0158095
0.0708882
0.144206
0.00556255
0.0551449
0.0756771
0.269033
0.267944
0.0634901
0.0205164
0.108574
0.252873
0.0211704
0.025965
0.0645313
0.283798
0.242242
0.037007
0.0114139
0.265323
0.283798
0.0104262
0.0151866
0.0323419
0.283798
0.235045
0.123036
0.0166615
0.0682543
0.160599
0.00983045
0.0382364
0.0649416
0.283798
0.209818
0.067387
0.0458323
0.255466
0.283798
0.00624742
0.0247704
0.0636842
0.283798
0.276332
0.0474954
0.0154031
0.212193
0.276332
0.0237482
0.0424095
0.111598
0.276332
0.123921
0.0273339
0.0490792
0.142977
0.276332
0.0573792
0.0833346
0.276332
0.276332
0.161416
0.0589882
0.0485677
0.194387
0.276332
0.0356962
0.133417
0.165459
0.276332
0.0954132
0.0300997
0.0444802
0.0668375
0.122811
0.0672632
0.182556
0.187335
0.238714
0.210006
0.0497901
0.0494951
0.127125
0.248905
0.0704181
0.112159
0.266455
0.266455
0.145782
0.0603265
0.0338549
0.18737
0.266455
0.0629087
0.148314
0.266455
0.266455
0.0955502
0.0539325
0.0576537
0.054302
0.117056
0.0943871
0.266455
0.266455
0.266455
0.11187
0.0692696
0.0283745
0.102159
0.227537
0.0149139
0.0614725
0.0631009
0.266455
0.220867
0.0998464
0.0316942
0.268945
0.268945
0.0636549
0.135042
0.209198
0.268945
0.234229
0.0812195
0.0295595
0.111986
0.200598
0.0215759
0.0440063
0.268945
0.268945
0.149636
0.0992879
0.0356914
0.191589
0.268945
0.0157865
0.0809775
0.0604992
0.268945
0.126922
0.0637353
0.0145758
0.103395
0.217285
0.0132795
0.0292198
0.13421
0.268945
0.256102
0.139032
0.0301352
0.179605
0.256102
0.00854636
0.0213424
0.157707
0.256102
0.256102
0.118633
0.0866912
0.145147
0.234004
0.0479641
0.148123
0.186412
0.256102
0.220413
0.0654477
0.00948082
0.156897
0.256102
0.00752003
0.0217705
0.126243
0.256102
0.179156
0.0420329
0.00662134
0.204826
0.256102
0.0106945
0.0384168
0.0625574
0.256102
0.244445
0.0638087
0.0211352
0.153979
0.244445
0.0558476
0.066573
0.166984
0.244445
0.224601
0.0909287
0.0387341
0.244445
0.244445
0.0702908
0.151891
0.244445
0.244445
0.211556
0.121239
0.0197283
0.0618038
0.131262
0.0354758
0.0577324
0.140795
0.244445
0.244445
0.108506
0.0078805
0.0980817
0.22365
0.0395432
0.111716
0.244445
0.244445
0.2569
0.0846362
0.024299
0.239578
0.261453
0.0814544
0.10948
0.229823
0.261453
0.261453
0.160031
0.015099
0.108285
0.227394
0.00824388
0.0577468
0.0755239
0.261453
0.230779
0.105335
0.00975302
0.0897771
0.20892
0.0509163
0.095988
0.195386
0.215431
0.261453
0.137185
0.0494733
0.0578527
0.211303
0.0117747
0.0384814
0.0738541
0.261453
0.26774
0.131922
0.0186088
0.103779
0.239508
0.013682
0.0460531
0.0650742
0.26774
0.252778
0.0871588
0.0603627
0.26774
0.26774
0.00809972
0.0360113
0.0847076
0.26774
0.195567
0.121534
0.0463281
0.0681943
0.215014
0.0169457
0.0314216
0.0556754
0.235208
0.26774
0.169067
0.0613165
0.218458
0.26774
0.00405555
0.0194975
0.064939
0.26774
0.184634
0.0874087
0.0805649
0.236867
0.265864
0.0391867
0.127124
0.234344
0.265864
0.13131
0.0438956
0.074079
0.0901983
0.141295
0.0742632
0.169075
0.221255
0.265864
0.265864
0.154641
0.065333
0.189963
0.265864
0.0208168
0.0578611
0.165808
0.265864
0.184086
0.0640144
0.0455128
0.0668841
0.116359
0.046724
0.0829093
0.172613
0.265864
0.144424
0.085211
0.109626
0.0868971
0.150902
0.105771
0.273651
0.273651
0.273651
0.173752
0.10321
0.0352084
0.12636
0.273651
0.0195489
0.0832872
0.088191
0.273651
0.273651
0.0686125
0.051077
0.0579714
0.13117
0.0642605
0.120936
0.273651
0.273651
0.273651
0.081426
0.0190144
0.075592
0.165459
0.0106129
0.0518218
0.0827119
0.273651
0.225815
0.144047
0.0430281
0.224312
0.270528
0.0181127
0.109643
0.0791847
0.270528
0.147026
0.0792503
0.0205347
0.140331
0.270528
0.0122941
0.038136
0.168148
0.270528
0.270528
0.1263
0.0116502
0.152469
0.270528
0.00804412
0.0233133
0.0534718
0.270528
0.234759
0.127059
0.00853142
0.113411
0.237053
0.0188396
0.0565575
0.0857752
0.270528
0.237987
0.0835678
0.0136502
0.191134
0.265657
0.00727293
0.0268535
0.150183
0.265657
0.195615
0.0498352
0.00860966
0.245973
0.265657
0.0114173
0.0344457
0.073305
0.265657
0.265657
0.127797
0.0064863
0.147346
0.265657
0.0114789
0.0295346
0.06869
0.265657
0.169665
0.049694
0.0160587
0.229949
0.265657
0.0122452
0.0227197
0.0655018
0.265657
0.244335
0.13398
0.0306745
0.076233
0.151676
0.0440043
0.0701948
0.168651
0.255953
0.255953
0.0876955
0.0117004
0.134323
0.255953
0.0531106
0.0929964
0.255953
0.255953
0.255953
0.148156
0.0419944
0.0817846
0.193828
0.0550938
0.028695
0.10162
0.255953
0.255953
0.0909583
0.0083982
0.129634
0.255953
0.121208
0.0979515
0.182301
0.255953
0.259044
0.0963337
0.0156977
0.123429
0.259044
0.0682981
0.0932308
0.239082
0.259044
0.259044
0.145321
0.0409066
0.10085
0.259044
0.0109911
0.0281908
0.110467
0.259044
0.259044
0.100771
0.0201299
0.106335
0.259044
0.12588
0.090835
0.142617
0.259044
0.259044
0.158715
0.0402395
0.0650148
0.137077
0.00690516
0.0148338
0.0640386
0.259044
0.231625
0.138428
0.0476081
0.0976608
0.261552
0.015528
0.0305967
0.0715018
0.261552
0.261552
0.220655
0.0882902
0.217111
0.261552
0.00544984
0.0320281
0.0917187
0.261552
0.261552
0.158738
0.0458174
0.0705528
0.142848
0.00947483
0.0157379
0.0378764
0.261552
0.261552
0.118057
0.0129127
0.191585
0.261552
0.0076836
0.0276527
0.0763226
0.261552
0.2701
0.199585
0.103691
0.177159
0.2701
0.0204387
0.0592384
0.225426
0.2701
0.204848
0.0649354
0.0727734
0.0720111
0.12872
0.060357
0.0796087
0.218902
0.2701
0.2701
0.125561
0.0135635
0.167185
0.2701
0.0120014
0.0266053
0.0820701
0.2701
0.216463
0.06617
0.0267043
0.0644738
0.133667
0.064321
0.105106
0.0887695
0.2701
0.273898
0.0704239
0.0876893
0.0737288
0.16095
0.0690071
0.1001
0.29466
0.29466
0.29466
0.0972396
0.0197973
0.0787119
0.184346
0.0141421
0.0584684
0.123051
0.29466
0.29466
0.0727793
0.0263766
0.0913171
0.136701
0.0405138
0.0892022
0.0817308
0.29466
0.29466
0.0697342
0.0435387
0.126713
0.162121
0.0226087
0.0202263
0.0592603
0.29466
0.262675
0.140028
0.0105652
0.14617
0.262675
0.0113957
0.0281977
0.0789076
0.262675
0.23631
0.112449
0.00465394
0.123221
0.262675
0.0223072
0.0537143
0.0764508
0.262675
0.262675
0.137613
0.0374757
0.18464
0.262675
0.0110165
0.0136909
0.0470127
0.262675
0.262675
0.138819
0.0271567
0.128514
0.262675
0.0426966
0.0260157
0.0623344
0.262675
0.26875
0.124945
0.00298476
0.158689
0.26875
0.0171233
0.0313175
0.0643996
0.26875
0.163233
0.0497791
0.0188426
0.241193
0.26875
0.0139451
0.0201965
0.0640998
0.26875
0.26875
0.181577
0.027285
0.131511
0.26875
0.0285024
0.0187205
0.058075
0.26875
0.166547
0.0446244
0.0338795
0.208292
0.26875
0.0152799
0.0290478
0.090912
0.26875
0.263064
0.152784
0.050614
0.0833366
0.183142
0.0625157
0.0321578
0.0965915
0.270288
0.233092
0.0739773
0.0208375
0.122723
0.270288
0.12757
0.0777267
0.183844
0.270288
0.236054
0.176802
0.114588
0.0940434
0.270288
0.036069
0.0456509
0.128114
0.270288
0.270288
0.158004
0.0420409
0.0622244
0.141072
0.020528
0.0556159
0.156709
0.270288
0.266864
0.0903881
0.0264372
0.126289
0.27134
0.153315
0.0851274
0.160213
0.27134
0.27134
0.131787
0.0256688
0.102565
0.210287
0.00866062
0.0125911
0.107991
0.27134
0.27134
0.171275
0.0164162
0.0700005
0.173386
0.0190732
0.0447085
0.174692
0.27134
0.27134
0.166503
0.0185653
0.060242
0.136576
0.019906
0.0347297
0.156458
0.27134
0.269023
0.155043
0.0350779
0.101515
0.196715
0.0126921
0.0171162
0.0654474
0.269023
0.269023
0.130512
0.0125878
0.226234
0.269023
0.0105395
0.0343428
0.0799463
0.269023
0.208145
0.180769
0.033207
0.0712506
0.186659
0.0242102
0.0281003
0.115075
0.246162
0.259927
0.094188
0.0101691
0.220533
0.269023
0.00733933
0.0161547
0.14352
0.269023
0.291189
0.145403
0.0169505
0.186522
0.291189
0.0162551
0.0320674
0.0761393
0.291189
0.230678
0.0594881
0.0409307
0.0798686
0.147694
0.0649675
0.0921188
0.0931251
0.291189
0.263811
0.104119
0.0220622
0.197425
0.291189
0.0130962
0.0233277
0.170237
0.291189
0.156608
0.0591451
0.0512464
0.0825371
0.135215
0.0461222
0.0900324
0.139927
0.291189
0.310638
0.0727111
0.039729
0.106497
0.169319
0.0467062
0.0796415
0.0873963
0.310638
0.310638
0.0875551
0.0461166
0.133973
0.207502
0.0248187
0.0213203
0.0803642
0.310638
0.241203
0.0815213
0.0544393
0.110658
0.192971
0.0403964
0.0809906
0.185312
0.310638
0.148335
0.0440051
0.0281888
0.111671
0.25967
0.0238232
0.0503371
0.110095
0.310638
0.268427
0.121278
0.0323809
0.186652
0.268427
0.0162001
0.0155207
0.0616734
0.268427
0.268427
0.120884
0.0176381
0.135339
0.268427
0.0440302
0.0359996
0.0705469
0.268427
0.172171
0.0612732
0.0222134
0.172246
0.268427
0.0138227
0.035222
0.067093
0.268427
0.268427
0.121127
0.0210644
0.123022
0.268427
0.03101
0.0388933
0.0940419
0.268427
0.271077
0.145186
0.0185035
0.15717
0.271077
0.0347364
0.0301101
0.0714377
0.271077
0.196619
0.0660693
0.0302537
0.238618
0.271077
0.0179699
0.0411735
0.0895523
0.271077
0.271077
0.12243
0.0253227
0.144317
0.271077
0.0270006
0.0383176
0.0887374
0.271077
0.206412
0.160162
0.0613052
0.138421
0.237179
0.0133432
0.0281728
0.0668903
0.220176
0.200167
0.152855
0.0989099
0.0943985
0.273473
0.04581
0.0383573
0.126845
0.273473
0.273473
0.119605
0.0456131
0.0651746
0.197456
0.0181004
0.0457197
0.163506
0.273473
0.227953
0.10918
0.0321937
0.11485
0.273473
0.0159679
0.0328528
0.10691
0.273473
0.265019
0.0592546
0.00815581
0.132599
0.273473
0.00845885
0.0558144
0.160267
0.273473
0.26892
0.138727
0.0172291
0.0884958
0.263749
0.0154659
0.0473056
0.189284
0.26892
0.26892
0.150987
0.0193715
0.0846581
0.15958
0.0172414
0.0347633
0.172732
0.26892
0.26892
0.111075
0.0185307
0.134968
0.26892
0.0136651
0.0675138
0.184103
0.26892
0.256747
0.1696
0.0404164
0.104747
0.133179
0.00848164
0.0202438
0.0634392
0.26892
0.203278
0.157492
0.0278249
0.089611
0.19749
0.0205138
0.0315906
0.125322
0.250194
0.212696
0.0912448
0.0109906
0.248561
0.284441
0.00738378
0.0114686
0.155682
0.284441
0.216902
0.179961
0.04168
0.117727
0.147302
0.0121318
0.0187626
0.0643195
0.221315
0.243621
0.106695
0.0187766
0.142703
0.284441
0.00427489
0.0104519
0.284441
0.284441
0.231301
0.101382
0.0226941
0.209154
0.270357
0.0129166
0.025793
0.171946
0.270357
0.144494
0.0528689
0.0593671
0.0799416
0.13298
0.0296623
0.0745071
0.144771
0.270357
0.204563
0.12853
0.0410773
0.147078
0.270357
0.114819
0.11128
0.270357
0.270357
0.0480012
0.0888139
0.108005
0.130021
0.252464
0.146641
0.123873
0.182189
0.254067
0.238414
0.0766498
0.0638846
0.10831
0.183294
0.0287092
0.0762537
0.183457
0.256604
0.163983
0.0595533
0.0281996
0.111253
0.250928
0.0185393
0.0430271
0.109957
0.256604
0.0854482
0.0925625
0.122835
0.182962
0.256604
0.256604
0.240544
0.23836
0.233151
0.256604
0.0898031
0.0378017
0.13479
0.256604
0.0120131
0.0234419
0.0630651
0.256604
0.196432
0.0631491
0.0215129
0.179218
0.273819
0.0114447
0.029587
0.0675643
0.273819
0.273819
0.125802
0.020225
0.117381
0.273819
0.0191126
0.0393428
0.103665
0.273819
0.273819
0.0671347
0.0238003
0.187363
0.273819
0.00802583
0.0222686
0.0560588
0.273819
0.136379
0.0296273
0.0240727
0.224313
0.273819
0.0285256
0.0442714
0.0990034
0.273819
0.271183
0.106875
0.0255303
0.140005
0.271183
0.0181816
0.0370584
0.0934756
0.271183
0.265743
0.169844
0.0472249
0.112079
0.211846
0.0127635
0.0322133
0.0556468
0.225937
0.194671
0.0312679
0.0282935
0.183254
0.271183
0.0231471
0.0352307
0.114022
0.271183
0.271183
0.149686
0.097602
0.167129
0.271183
0.00763121
0.0258698
0.0803138
0.271183
0.18603
0.0751639
0.0261781
0.095935
0.27156
0.0145962
0.0259742
0.0802121
0.27156
0.23163
0.0420067
0.00697599
0.10154
0.27156
0.00652335
0.0415103
0.128933
0.27156
0.148585
0.0432987
0.00993061
0.157603
0.27156
0.147858
0.0172565
0.088421
0.27156
0.27156
0.054476
0.0157222
0.185626
0.27156
0.249851
0.0211499
0.123489
0.27156
0.264714
0.0746646
0.0137787
0.0973483
0.286733
0.00844502
0.0551781
0.134892
0.286733
0.199874
0.13692
0.0394555
0.0780046
0.105723
0.00429174
0.0184775
0.0693628
0.286733
0.286733
0.0868243
0.0243024
0.19963
0.286733
0.286733
0.0230713
0.0814769
0.286733
0.187708
0.0881251
0.0367852
0.0891875
0.146553
0.0171907
0.0288447
0.151304
0.286733
0.22152
0.185107
0.0483062
0.109008
0.151118
0.00594432
0.0244677
0.0840234
0.230564
0.246798
0.107636
0.0274974
0.16994
0.275857
0.00496799
0.00843237
0.275857
0.275857
0.223234
0.131437
0.0639999
0.116587
0.228504
0.0167097
0.0240086
0.125
0.220176
0.275857
0.0910187
0.0667135
0.182444
0.275857
0.0216899
0.0292732
0.103104
0.275857
0.225426
0.13106
0.0481681
0.161713
0.260997
0.0645014
0.104272
0.260997
0.260997
0.0472469
0.0859348
0.0964493
0.109883
0.227191
0.0898504
0.123304
0.176719
0.260997
0.260997
0.105057
0.0930881
0.169146
0.260997
0.123655
0.0611952
0.151603
0.260997
0.135535
0.170071
0.0620496
0.0866222
0.127954
0.12519
0.0606738
0.147402
0.260997
0.0737985
0.0840964
0.112506
0.160987
0.244309
0.157552
0.234774
0.221472
0.244309
0.244309
0.100227
0.0427199
0.141201
0.244309
0.0136696
0.0246921
0.0663848
0.244309
0.144497
0.128304
0.056281
0.106114
0.174
0.244309
0.111414
0.219685
0.244309
0.244309
0.0833663
0.035074
0.165388
0.244309
0.00847774
0.0570089
0.0667814
0.244309
0.272186
0.0716181
0.028167
0.182576
0.272186
0.00866153
0.0191883
0.0495477
0.272186
0.139528
0.0378985
0.0210533
0.20417
0.272186
0.0232596
0.03746
0.078756
0.272186
0.272186
0.0476353
0.0241513
0.173759
0.272186
0.0104731
0.039541
0.04995
0.272186
0.190615
0.0419706
0.0205215
0.25758
0.272186
0.0164104
0.0215964
0.0547617
0.272186
0.191103
0.0359303
0.0226547
0.146243
0.268087
0.0174208
0.0258047
0.0784956
0.268087
0.261741
0.111501
0.0709701
0.145072
0.268087
0.00718625
0.0172864
0.0639671
0.268087
0.268087
0.0416537
0.0179079
0.173152
0.268087
0.0110711
0.0102932
0.0531853
0.268087
0.268087
0.157694
0.0173651
0.175551
0.268087
0.00147287
0.00822086
0.108795
0.268087
0.177053
0.0552179
0.0156183
0.153683
0.274076
0.114543
0.0213063
0.0724703
0.274076
0.274076
0.0714206
0.0235427
0.154469
0.274076
0.1934
0.0333839
0.0934622
0.274076
0.244928
0.0799179
0.018961
0.0853778
0.213133
0.0672017
0.0256418
0.0937043
0.274076
0.221363
0.0899255
0.0208295
0.165614
0.274076
0.0978783
0.0455788
0.123259
0.274076
0.275158
0.0886972
0.0322147
0.14176
0.275158
0.275158
0.037217
0.0568301
0.275158
0.180641
0.0907979
0.0361574
0.0901522
0.16277
0.018972
0.0374107
0.146116
0.275158
0.171179
0.0922723
0.0243608
0.151405
0.275158
0.153198
0.0617524
0.138176
0.275158
0.273635
0.0936146
0.00478592
0.0731757
0.23043
0.0210356
0.0393583
0.094657
0.275158
0.189701
0.124495
0.0586474
0.108559
0.227324
0.0148772
0.0328476
0.11921
0.216021
0.268122
0.0874793
0.0616598
0.183835
0.268122
0.0188294
0.0250279
0.0883743
0.268122
0.268122
0.140494
0.0118691
0.0907746
0.268122
0.0249403
0.0571101
0.107901
0.268122
0.268122
0.168687
0.0273127
0.186521
0.268122
0.0036085
0.019177
0.10185
0.268122
0.274213
0.11488
0.0975491
0.192684
0.274213
0.081258
0.0517336
0.152153
0.274213
0.154051
0.143274
0.048671
0.0847623
0.138691
0.0877481
0.0590266
0.138901
0.274213
0.274213
0.192558
0.0388509
0.198248
0.274213
0.0646851
0.057747
0.157332
0.274213
0.187846
0.103089
0.0235816
0.0790668
0.107043
0.0790988
0.0656103
0.133273
0.274213
0.148844
0.10893
0.0396909
0.111601
0.195113
0.16649
0.0992135
0.216163
0.264924
0.264924
0.0977402
0.0386617
0.166388
0.264924
0.018658
0.040141
0.0638437
0.264924
0.204556
0.108061
0.0177657
0.0972481
0.140059
0.158756
0.105701
0.170313
0.264924
0.264924
0.16491
0.0318563
0.198144
0.264924
0.0543868
0.0238519
0.0636839
0.264924
0.259533
0.0558855
0.0227817
0.165663
0.259533
0.0178065
0.0260255
0.0449715
0.259533
0.196951
0.0382677
0.0201037
0.259533
0.259533
0.0185967
0.0204178
0.0430799
0.259533
0.259533
0.138337
0.0222264
0.163303
0.259533
0.0381934
0.0126534
0.0445272
0.259533
0.259533
0.0685157
0.0235859
0.238387
0.259533
0.00686783
0.0125138
0.0463519
0.259533
0.269284
0.036385
0.0163322
0.171337
0.269284
0.0123139
0.0105047
0.03861
0.269284
0.252102
0.130332
0.0182669
0.206712
0.269284
0.0014712
0.00530463
0.0962967
0.269284
0.269284
0.0554097
0.0271724
0.146052
0.226075
0.00349321
0.00912892
0.0487738
0.269284
0.162308
0.102532
0.034101
0.248614
0.269284
0.00646691
0.0216918
0.0519688
0.269284
0.205626
0.0762267
0.0235916
0.0722271
0.230403
0.0596407
0.0226343
0.0867978
0.250347
0.213519
0.099222
0.038824
0.128739
0.250347
0.101478
0.0484373
0.0833474
0.250347
0.250347
0.0652796
0.0144947
0.123564
0.250347
0.1564
0.0601621
0.0963639
0.250347
0.250347
0.191239
0.108008
0.19602
0.250347
0.250347
0.088419
0.100088
0.250347
0.157465
0.101246
0.0437671
0.109378
0.261173
0.141923
0.0675852
0.100915
0.261173
0.241368
0.0847328
0.00282729
0.0661883
0.200589
0.0176056
0.0481004
0.098298
0.261173
0.261173
0.216095
0.114965
0.17667
0.261173
0.261173
0.145777
0.101457
0.261173
0.261173
0.0651232
0.00373488
0.0708734
0.181725
0.0153822
0.0385265
0.115061
0.261173
0.234005
0.118456
0.00942651
0.0818256
0.236021
0.018702
0.0619649
0.106634
0.266628
0.260615
0.11732
0.0178771
0.176357
0.266628
0.00161395
0.0127961
0.0986138
0.266628
0.266628
0.078202
0.00175766
0.0878282
0.236386
0.0170602
0.0426225
0.127154
0.266628
0.24286
0.0489173
0.00589979
0.217641
0.266628
0.00153848
0.0962717
0.162779
0.266628
0.269389
0.151324
0.0300202
0.205563
0.281859
0.0580003
0.0515526
0.166239
0.281859
0.17143
0.0718041
0.0210467
0.0852238
0.131494
0.0795515
0.0738527
0.115598
0.281859
0.281859
0.0716479
0.0138185
0.241026
0.281859
0.000512238
0.0653522
0.200688
0.281859
0.149593
0.113728
0.0529982
0.0978973
0.137784
0.017108
0.0552076
0.0944725
0.281859
0.203301
0.10102
0.0195159
0.112973
0.183929
0.166243
0.125955
0.191011
0.276776
0.276776
0.17484
0.0396185
0.202419
0.276776
0.0486269
0.0207377
0.0686363
0.276776
0.210604
0.122887
0.0707915
0.131112
0.170497
0.0180732
0.0388823
0.14504
0.276776
0.154233
0.101766
0.0248864
0.184285
0.276776
0.0568505
0.0510046
0.128489
0.237883
0.26027
0.158749
0.0295926
0.16627
0.26027
0.0339247
0.00945019
0.0591003
0.26027
0.26027
0.0607712
0.0369921
0.26027
0.26027
0.00889305
0.0125194
0.0374252
0.26027
0.181603
0.0968833
0.0208192
0.143549
0.26027
0.0316293
0.0306428
0.12166
0.26027
0.26027
0.106648
0.0579798
0.159516
0.26027
0.0172378
0.0219147
0.0292435
0.26027
0.275717
0.0482416
0.0362469
0.169063
0.275717
0.00521793
0.010004
0.0467805
0.275717
0.186085
0.103664
0.0390633
0.275717
0.275717
0.00594693
0.0192436
0.0671591
0.275717
0.275717
0.0767076
0.0383742
0.0885016
0.192197
0.0108319
0.0155385
0.062093
0.275717
0.145152
0.0437621
0.0171833
0.256039
0.275717
0.0163068
0.0226792
0.0865259
0.275717
0.181829
0.0399421
0.0102463
0.0961023
0.25438
0.108737
0.0388809
0.0792275
0.264502
0.212178
0.125434
0.0786825
0.165926
0.264502
0.20219
0.0555136
0.0825121
0.264502
0.194353
0.0385274
0.00709333
0.166588
0.264502
0.062619
0.0279724
0.196465
0.264502
0.190909
0.0359435
0.00554767
0.264502
0.264502
0.0810023
0.0272546
0.106347
0.264502
0.258422
0.143368
0.0857936
0.171607
0.290436
0.290436
0.0962932
0.103969
0.290436
0.1813
0.0394973
0.0032761
0.0633198
0.143538
0.0120182
0.0375204
0.0888439
0.290436
0.203121
0.0401294
0.00416653
0.290436
0.290436
0.120244
0.0369885
0.180881
0.290436
0.120931
0.0568522
0.0167814
0.0443178
0.14092
0.0177238
0.0217415
0.0594354
0.247164
0.25884
0.0688315
0.00255422
0.109891
0.263954
0.019478
0.0612637
0.141625
0.268114
0.254074
0.0433792
0.00338823
0.250157
0.268114
0.00673631
0.111459
0.150071
0.268114
0.173074
0.0990589
0.0157821
0.0666755
0.211023
0.0229479
0.0396418
0.0766656
0.268114
0.268114
0.0811177
0.0132524
0.207737
0.268114
0.0207311
0.0642262
0.0606153
0.268114
0.287317
0.068633
0.0110536
0.263053
0.287317
0.00846109
0.0934784
0.213466
0.287317
0.138866
0.0824185
0.0594642
0.0914248
0.148033
0.0278055
0.0606715
0.102235
0.287317
0.287317
0.111828
0.0215167
0.203675
0.287317
0.0279991
0.0815576
0.0976086
0.287317
0.134251
0.102479
0.0881067
0.0700154
0.130793
0.0343459
0.0417055
0.061326
0.287317
0.203761
0.120016
0.0849511
0.118627
0.180674
0.028531
0.0526893
0.194458
0.306808
0.165071
0.113556
0.0356601
0.220696
0.306808
0.0438025
0.050052
0.143122
0.270549
0.186122
0.118386
0.0960692
0.0889654
0.152817
0.0448492
0.049345
0.148024
0.306808
0.0935978
0.087238
0.0459973
0.306808
0.306808
0.0233051
0.0561872
0.153729
0.168906
0.206316
0.128303
0.0312303
0.155647
0.260813
0.0222726
0.0293212
0.142621
0.260813
0.260813
0.119524
0.0612459
0.168892
0.260813
0.018207
0.0191798
0.0343283
0.260813
0.193691
0.0833784
0.0217733
0.18973
0.260813
0.019509
0.0440329
0.153301
0.260813
0.260813
0.168839
0.0585824
0.151697
0.260813
0.0229884
0.0355184
0.043569
0.260813
0.28319
0.0856221
0.042117
0.0912352
0.223784
0.0128452
0.0145718
0.0727659
0.28319
0.156965
0.0448212
0.0126594
0.282029
0.28319
0.0169813
0.0369394
0.113395
0.28319
0.28319
0.109149
0.0417518
0.0754829
0.190357
0.0256294
0.0331968
0.0637966
0.28319
0.245524
0.0629736
0.00829101
0.171289
0.28319
0.0155604
0.0313444
0.0899355
0.28319
