0.108666
0.172641
0.149299
0.190196
0.202462
0.165223
0.212149
0.200088
0.176218
0.0688496
0.0857153
0.129285
0.182848
0.212149
0.127017
0.212149
0.200821
0.154267
0.0978429
0.145688
0.0923532
0.13468
0.127099
0.101443
0.154249
0.212149
0.196286
0.106283
0.18179
0.212149
0.193658
0.146389
0.151296
0.174924
0.212149
0.212149
0.0899075
0.139385
0.114367
0.152501
0.219892
0.131731
0.219892
0.210935
0.124804
0.1016
0.157207
0.102971
0.123585
0.219892
0.18561
0.191407
0.193921
0.219892
0.126369
0.195834
0.189463
0.175884
0.190528
0.139022
0.193017
0.219892
0.219892
0.0793359
0.180698
0.112199
0.110734
0.219892
0.150923
0.10675
0.177758
0.0839869
0.101559
0.215193
0.167674
0.106855
0.215193
0.178242
0.155986
0.17374
0.202964
0.12411
0.215193
0.188594
0.107437
0.180104
0.215193
0.174485
0.156991
0.215193
0.0725748
0.169384
0.107973
0.107637
0.215193
0.152909
0.153578
0.206215
0.0832947
0.13042
0.164759
0.123495
0.130554
0.163676
0.215193
0.215193
0.144588
0.156164
0.118585
0.212481
0.212481
0.149512
0.212481
0.212481
0.148847
0.144922
0.212481
0.131024
0.159097
0.176792
0.139126
0.209761
0.0774583
0.100325
0.168407
0.212481
0.113226
0.115806
0.10064
0.11893
0.171408
0.212481
0.212481
0.204573
0.183001
0.200249
0.187698
0.158562
0.154832
0.142712
0.115632
0.185621
0.130348
0.11346
0.136606
0.160411
0.204312
0.177445
0.213639
0.114368
0.132903
0.195462
0.213639
0.159923
0.131921
0.203035
0.160037
0.213639
0.153577
0.153057
0.213639
0.117854
0.167293
0.163894
0.122072
0.171572
0.192667
0.140461
0.213639
0.152402
0.154382
0.141898
0.159943
0.201115
0.213639
0.185394
0.0934933
0.0920092
0.0912805
0.14033
0.195064
0.161974
0.20512
0.147727
0.212925
0.190046
0.170575
0.212925
0.157002
0.136706
0.212925
0.165851
0.133657
0.1902
0.166694
0.115511
0.212925
0.11992
0.136893
0.131735
0.18489
0.212925
0.187568
0.119886
0.130134
0.11783
0.206346
0.038975
0.123555
0.140668
0.12809
0.105485
0.131815
0.184763
0.212925
0.212925
0.161026
0.213009
0.166119
0.109568
0.183155
0.209326
0.141186
0.184524
0.158072
0.0789844
0.139476
0.112438
0.163228
0.213009
0.204342
0.134685
0.166955
0.197757
0.0808755
0.107649
0.124026
0.189064
0.114291
0.158611
0.195379
0.213009
0.213009
0.1366
0.213009
0.08854
0.213009
0.213009
0.0865942
0.213009
0.180266
0.105621
0.0836928
0.155998
0.0668155
0.139033
0.152117
0.113292
0.181943
0.210675
0.193294
0.0998588
0.165109
0.190568
0.210675
0.176815
0.137519
0.164114
0.210675
0.210675
0.110163
0.133454
0.0864616
0.201315
0.210675
0.210675
0.154281
0.198248
0.210675
0.0858923
0.172447
0.133417
0.12931
0.209071
0.210675
0.151322
0.168934
0.157667
0.118932
0.173557
0.167227
0.197499
0.201394
0.134083
0.200946
0.214977
0.214977
0.0820546
0.177316
0.12718
0.119556
0.214977
0.146982
0.113048
0.177711
0.0736276
0.0772005
0.197423
0.164849
0.140662
0.214977
0.214977
0.155603
0.175685
0.151806
0.0754064
0.214977
0.205677
0.135434
0.212211
0.164555
0.147241
0.146839
0.1443
0.0804835
0.177794
0.131645
0.11011
0.215712
0.153914
0.177634
0.215712
0.0763147
0.142442
0.21383
0.151701
0.116107
0.166421
0.215712
0.215712
0.14705
0.168087
0.0684312
0.215712
0.15833
0.14118
0.215712
0.168596
0.175277
0.175136
0.18714
0.108991
0.194611
0.0852865
0.146951
0.215712
0.120418
0.154253
0.166181
0.215712
0.131081
0.159036
0.139553
0.110295
0.165129
0.214291
0.214291
0.210021
0.195125
0.168103
0.177539
0.205993
0.163476
0.169808
0.119917
0.174758
0.177748
0.143243
0.126248
0.187551
0.0879202
0.162411
0.214291
0.134562
0.195093
0.182561
0.214291
0.131947
0.126388
0.13124
0.214291
0.163948
0.116385
0.122079
0.163934
0.156525
0.175755
0.172915
0.185586
0.196361
0.209099
0.157471
0.20325
0.203116
0.186333
0.172268
0.183778
0.209099
0.209099
0.188259
0.133169
0.0770358
0.12507
0.151245
0.15534
0.128458
0.154273
0.209099
0.146192
0.156138
0.158437
0.201622
0.143528
0.121277
0.146253
0.147857
0.209099
0.154248
0.10043
0.11708
0.17345
0.110764
0.155012
0.147929
0.212435
0.227353
0.171301
0.147006
0.105294
0.121148
0.182714
0.0486729
0.152507
0.153419
0.0955482
0.0932983
0.140259
0.193021
0.227353
0.218458
0.111263
0.133139
0.127173
0.213596
0.15557
0.103006
0.125312
0.181131
0.11841
0.118262
0.114903
0.122614
0.222759
0.227353
0.227353
0.189678
0.227353
0.227353
0.0622954
0.105341
0.101105
0.116658
0.0895413
0.133481
0.167116
0.198057
0.210096
0.0873752
0.209576
0.0957838
0.147537
0.15075
0.081892
0.188997
0.146509
0.0874436
0.129453
0.164554
0.127071
0.210302
0.219025
0.219025
0.118476
0.198398
0.166917
0.200198
0.219025
0.105794
0.219025
0.219025
0.219025
0.163655
0.219025
0.219025
0.10409
0.156919
0.0862445
0.218647
0.221286
0.221286
0.192076
0.220016
0.190528
0.0752184
0.159869
0.112083
0.152175
0.221286
0.209148
0.153255
0.178875
0.145643
0.0211076
0.0500945
0.0828755
0.153678
0.221286
0.221286
0.221286
0.163285
0.129198
0.0348984
0.209898
0.221286
0.221286
0.221286
0.157429
0.0599192
0.087703
0.0384321
0.0633741
0.169067
0.13586
0.13721
0.220495
0.201981
0.161839
0.172356
0.138927
0.0483052
0.182169
0.154717
0.125688
0.195151
0.172579
0.14381
0.164042
0.111158
0.0381064
0.220495
0.220495
0.220495
0.220495
0.173813
0.0818449
0.062786
0.0342838
0.0900172
0.220495
0.220495
0.156208
0.220495
0.201183
0.220495
0.220495
0.0917131
0.0508129
0.183804
0.132276
0.118965
0.210892
0.179449
0.159748
0.162148
0.132878
0.0898871
0.160328
0.083143
0.116373
0.214142
0.133718
0.16387
0.149622
0.184546
0.0760696
0.217428
0.217428
0.143296
0.185908
0.197716
0.217428
0.217428
0.130984
0.110019
0.110337
0.118873
0.199743
0.201828
0.132166
0.217428
0.217428
0.217428
0.119438
0.175495
0.106961
0.149989
0.219688
0.164272
0.191663
0.161451
0.19332
0.112546
0.103031
0.123989
0.220406
0.207616
0.115032
0.109302
0.159158
0.150486
0.110709
0.122156
0.125678
0.220406
0.20471
0.141802
0.220406
0.220406
0.220406
0.0673903
0.0639569
0.149022
0.220406
0.200605
0.149806
0.190861
0.220406
0.125178
0.127042
0.0864189
0.137486
0.250113
0.150626
0.131476
0.116224
0.174854
0.122004
0.10351
0.127948
0.125228
0.187892
0.147204
0.119157
0.109354
0.168483
0.0744169
0.0555409
0.0655773
0.210538
0.285567
0.255195
0.113354
0.180556
0.209937
0.101947
0.0252621
0.0867473
0.184982
0.285567
0.285567
0.285567
0.195993
0.108675
0.0248799
0.0914828
0.111334
0.115656
0.183236
0.133869
0.0936987
0.10811
0.15507
0.0689141
0.0864237
0.12101
0.117548
0.127604
0.221487
0.256819
0.161007
0.266242
0.164852
0.0316414
0.0729172
0.209864
0.266242
0.266242
0.260847
0.153221
0.108533
0.0885986
0.0854458
0.123328
0.145143
0.141599
0.266242
0.266242
0.156151
0.120627
0.162117
0.0996405
0.16987
0.144163
0.149724
0.2066
0.197358
0.127888
0.194536
0.123735
0.118572
0.201231
0.103857
0.169186
0.176372
0.187221
0.180353
0.190512
0.2066
0.106848
0.12941
0.133285
0.173882
0.2066
0.200473
0.147752
0.11676
0.194071
0.181276
0.164803
0.127319
0.171846
0.129351
0.2066
0.2066
0.200169
0.123094
0.0428158
0.0588527
0.0867541
0.159447
0.236089
0.248289
0.248289
0.195022
0.130547
0.0184731
0.208674
0.248289
0.239043
0.248289
0.133957
0.073828
0.0890665
0.0242615
0.248289
0.128243
0.118959
0.0709665
0.186211
0.248289
0.248289
0.248289
0.248289
0.080915
0.18426
0.176799
0.0863426
0.09157
0.0374868
0.0467091
0.0389959
0.0125416
0.0416257
0.214061
0.228023
0.228023
0.228023
0.158414
0.101646
0.0679126
0.0251423
0.117933
0.193318
0.228023
0.130604
0.228023
0.228023
0.200874
0.228023
0.114646
0.10177
0.205612
0.199508
0.110577
0.0962035
0.0377759
0.0340312
0.0294577
0.0128172
0.228023
0.228023
0.228023
0.114955
0.147414
0.0441547
0.114424
0.224674
0.228023
0.10894
0.181067
0.214848
0.104443
0.177791
0.194232
0.199914
0.20638
0.0981776
0.0926651
0.128329
0.113904
0.127515
0.18809
0.153044
0.214848
0.214848
0.138422
0.214848
0.214848
0.214848
0.135292
0.150279
0.0476198
0.0788852
0.137433
0.1647
0.0980416
0.186183
0.143217
0.196619
0.213132
0.153887
0.184641
0.2081
0.168385
0.089609
0.137738
0.116548
0.137576
0.188384
0.155997
0.215989
0.209291
0.138872
0.102953
0.13021
0.188779
0.215989
0.175343
0.125616
0.148398
0.171176
0.0832893
0.080053
0.208106
0.148542
0.210484
0.197604
0.152132
0.15735
0.154824
0.123269
0.215989
0.215989
0.170301
0.215989
0.215989
0.127212
0.18838
0.106022
0.188619
0.072389
0.0846538
0.162811
0.227301
0.197521
0.109657
0.157726
0.173166
0.0835844
0.0354593
0.100629
0.142762
0.227301
0.227301
0.227301
0.157712
0.122179
0.0751867
0.218637
0.220276
0.12935
0.227301
0.227301
0.18193
0.174612
0.109563
0.140713
0.0742311
0.155897
0.125282
0.145831
0.227301
0.149612
0.0915446
0.227301
0.227301
0.0327036
0.0692145
0.130821
0.237149
0.237149
0.171148
0.136387
0.120139
0.110178
0.0688662
0.121943
0.121572
0.103029
0.237149
0.191231
0.142399
0.115202
0.141643
0.0356633
0.0949098
0.109302
0.150951
0.237149
0.237149
0.100326
0.23205
0.237149
0.0509361
0.111706
0.174686
0.237149
0.237149
0.237149
0.180855
0.133238
0.237149
0.0900431
0.123947
0.117928
0.127548
0.231531
0.162115
0.132858
0.112694
0.174349
0.162029
0.113964
0.108396
0.122119
0.120872
0.182285
0.156951
0.129874
0.137219
0.0956309
0.129144
0.170666
0.231531
0.231531
0.231531
0.135906
0.200709
0.231531
0.231531
0.231531
0.114222
0.0930713
0.140349
0.0876047
0.218941
0.21373
0.231531
0.156683
0.0631814
0.0525802
0.0410191
0.162218
0.157465
0.274441
0.283057
0.289268
0.0445032
0.130155
0.130996
0.0609926
0.0605413
0.019034
0.0271275
0.0365237
0.0241087
0.164617
0.130713
0.204104
0.275485
0.289268
0.15517
0.160364
0.189904
0.289268
0.0338956
0.0134495
0.0464713
0.263367
0.289268
0.215444
0.0425143
0.0478731
0.0912141
0.0861962
0.153875
0.144806
0.0834806
0.0774677
0.0224894
0.0165126
0.0273749
0.0168319
0.265234
0.301901
0.15573
0.0868105
0.138178
0.043262
0.0577483
0.165849
0.209851
0.0322616
0.0546707
0.0843158
0.306813
0.308822
0.234931
0.0482724
0.0250079
0.0448037
0.122072
0.291677
0.181962
0.203907
0.308822
0.308822
0.0920111
0.0649608
0.0715851
0.240885
0.240885
0.18752
0.118359
0.164719
0.0544277
0.0501784
0.115274
0.142434
0.101932
0.178765
0.126659
0.146258
0.237242
0.189592
0.172377
0.179404
0.124476
0.133086
0.240885
0.217602
0.23282
0.240885
0.240885
0.137272
0.0559822
0.064259
0.0439141
0.0770735
0.10177
0.0941031
0.236091
0.240885
0.122871
0.135187
0.159733
0.0905243
0.204316
0.136827
0.15244
0.222551
0.17965
0.158043
0.12959
0.100991
0.22622
0.22622
0.22622
0.182126
0.216691
0.133015
0.169533
0.104739
0.173222
0.0457701
0.103337
0.114274
0.118628
0.22622
0.22622
0.173133
0.145288
0.137193
0.104172
0.22622
0.147199
0.191114
0.22622
0.0648558
0.141381
0.158941
0.142309
0.235204
0.235204
0.180682
0.213573
0.235204
0.221853
0.195914
0.123915
0.187115
0.105488
0.155215
0.131863
0.112819
0.148066
0.132945
0.110461
0.235204
0.235204
0.145221
0.235204
0.18252
0.235204
0.235204
0.0915239
0.181848
0.177907
0.115557
0.0432345
0.0701035
0.0618038
0.120787
0.203087
0.0720436
0.0631531
0.0756958
0.0432385
0.0494069
0.071869
0.0740244
0.115006
0.173022
0.209122
0.102602
0.244631
0.257815
0.0701256
0.0921903
0.13908
0.225225
0.257815
0.173837
0.175249
0.16656
0.257815
0.0532378
0.0606405
0.053567
0.122834
0.21296
0.145989
0.0676985
0.0680649
0.0222854
0.00482214
0.0353957
0.0509868
0.159824
0.257815
0.257815
0.248883
0.257815
0.257815
0.0926248
0.0969749
0.10751
0.168496
0.237407
0.143706
0.0936283
0.163835
0.237407
0.237407
0.212302
0.10234
0.0931161
0.149485
0.0594294
0.124444
0.177606
0.237407
0.0479438
0.0643451
0.0847196
0.135018
0.190657
0.237407
0.14232
0.164275
0.237407
0.208371
0.152527
0.16732
0.187307
0.179771
0.0609277
0.128673
0.237407
0.237407
0.197887
0.147887
0.153008
0.241088
0.287217
0.159324
0.160691
0.264072
0.287217
0.0378947
0.0233473
0.0654285
0.233855
0.287217
0.191191
0.044809
0.0771461
0.123435
0.0687595
0.204803
0.18641
0.250364
0.287217
0.0996511
0.0338684
0.0122465
0.0300027
0.00429602
0.029886
0.0325632
0.155327
0.287217
0.142902
0.0193495
0.0132165
0.00536993
0.0370909
0.0605732
0.0864515
0.243774
0.275586
0.187257
0.0328512
0.0364728
0.0551072
0.154273
0.275586
0.175553
0.178504
0.275586
0.262786
0.0767119
0.131161
0.094146
0.00990698
0.0315343
0.0615812
0.147871
0.275586
0.14127
0.0295255
0.00929287
0.00355345
0.0360656
0.111975
0.21662
0.227831
0.189431
0.134255
0.275586
0.275586
0.173525
0.162103
0.22942
0.182799
0.18435
0.22942
0.22942
0.0990662
0.100158
0.0769933
0.0522369
0.08217
0.105507
0.091456
0.193299
0.22942
0.14643
0.10057
0.124137
0.0362333
0.1149
0.22942
0.22942
0.227814
0.194724
0.225067
0.182658
0.117115
0.132421
0.0901426
0.145515
0.120475
0.22942
0.22942
0.22942
0.155822
0.0764252
0.05405
0.10125
0.10972
0.120962
0.22151
0.231043
0.178498
0.113721
0.134194
0.139093
0.231043
0.134683
0.187829
0.204462
0.086759
0.153381
0.15139
0.126436
0.0764708
0.0751438
0.169379
0.146811
0.231043
0.231043
0.231043
0.196956
0.104512
0.120921
0.169151
0.150779
0.136439
0.214063
0.145437
0.231043
0.231043
0.164564
0.16604
0.245037
0.15933
0.245037
0.245037
0.0982949
0.181563
0.171224
0.136443
0.043823
0.0506298
0.0458422
0.130124
0.1698
0.179382
0.157921
0.047147
0.0289198
0.081405
0.154965
0.13308
0.155215
0.20442
0.177955
0.245037
0.245037
0.245037
0.059676
0.158864
0.102026
0.146897
0.163028
0.245037
0.245037
0.126679
0.11958
0.0540924
0.0466838
0.0429577
0.149877
0.210492
0.208267
0.149004
0.0373314
0.0156567
0.0194195
0.0475912
0.0674601
0.139509
0.258072
0.258862
0.258862
0.258862
0.258862
0.0513875
0.132082
0.101228
0.114757
0.151931
0.258862
0.258862
0.144182
0.136205
0.0446261
0.126494
0.165069
0.221731
0.136379
0.258862
0.258862
0.0981689
0.0340796
0.0608338
0.0829751
0.0785137
0.125546
0.201981
0.228298
0.176602
0.177138
0.228298
0.228298
0.190162
0.182876
0.192902
0.228298
0.0806547
0.158596
0.228298
0.228298
0.0675761
0.0976658
0.163749
0.187112
0.115589
0.228298
0.228298
0.0892551
0.0326319
0.0864732
0.139318
0.136955
0.131879
0.228298
0.12706
0.153676
0.210805
0.104956
0.192512
0.311634
0.311634
0.311634
0.311634
0.228981
0.0599296
0.0199135
0.0626739
0.00915734
0.0862555
0.0924123
0.267052
0.311634
0.299534
0.0501169
0.0399178
0.0102242
0.0246348
0.0376297
0.0527938
0.0902985
0.159422
0.0674284
0.0677582
0.0419619
0.0148106
0.0358274
0.0675371
0.0747454
0.133333
0.285199
0.255488
0.0901933
0.0446996
0.0158172
0.0224252
0.0735361
0.139567
0.220788
0.28782
0.260346
0.0536306
0.0276358
0.00415776
0.0788027
0.233952
0.28782
0.28782
0.209512
0.13881
0.28782
0.28782
0.28782
0.02932
0.0398438
0.0679658
0.126763
0.21249
0.201085
0.0695315
0.0683289
0.03374
0.0417714
0.102533
0.18171
0.177982
0.0603918
0.066903
0.102188
0.121085
0.061089
0.0587114
0.160553
0.243731
0.243731
0.189513
0.142401
0.243731
0.243731
0.192772
0.176176
0.144388
0.231946
0.168165
0.243731
0.243731
0.243731
0.186378
0.087874
0.0241555
0.0598201
0.156998
0.110081
0.0437883
0.0498472
0.0597118
0.0947289
0.0489283
0.0403546
0.238177
0.243731
0.0910406
0.11218
0.11644
0.20763
0.167809
0.0379618
0.0660527
0.070736
0.161682
0.136822
0.216518
0.242917
0.28322
0.156671
0.0973909
0.127004
0.176769
0.124087
0.140949
0.188266
0.151779
0.274985
0.266266
0.148876
0.0149356
0.111046
0.281925
0.0554297
0.072409
0.0791842
0.205891
0.170015
0.0434192
0.0450807
0.123002
0.100354
0.0324461
0.108063
0.177451
0.28322
0.28322
0.0644617
0.0782475
0.142187
0.0968807
0.148284
0.172041
0.181778
0.296787
0.296787
0.249668
0.0470621
0.103156
0.0646709
0.0912483
0.126991
0.296787
0.296787
0.0822219
0.0652868
0.0468555
0.108518
0.0938821
0.0593097
0.104227
0.173852
0.296787
0.296787
0.117944
0.0256253
0.042066
0.141359
0.0910916
0.069284
0.0950737
0.222763
0.218373
0.114642
0.047367
0.120389
0.0942554
0.103734
0.185964
0.272798
0.272798
0.150226
0.112616
0.0767542
0.184335
0.239965
0.270638
0.201355
0.272798
0.272798
0.101511
0.0128422
0.0500286
0.0572193
0.210943
0.14888
0.0748899
0.112062
0.174372
0.272353
0.216425
0.0222068
0.0141649
0.0229178
0.0323078
0.0675875
0.122718
0.206975
0.233367
0.114813
0.0906235
0.168362
0.239138
0.239138
0.216049
0.239138
0.239138
0.130914
0.0306792
0.0939118
0.239138
0.239138
0.200439
0.239138
0.1903
0.239138
0.239138
0.152667
0.0355327
0.0335118
0.0436686
0.0360715
0.0662158
0.0988224
0.231099
0.239138
0.110846
0.0585036
0.126282
0.186555
0.159309
0.14559
0.0939737
0.0553493
0.0658859
0.126011
0.0666037
0.0837266
0.122932
0.208357
0.254338
0.172842
0.146461
0.0863329
0.0345998
0.0952983
0.12037
0.140375
0.254338
0.254338
0.254338
0.193344
0.10992
0.0640841
0.237374
0.212813
0.115779
0.0783104
0.185631
0.0715021
0.125559
0.254338
0.100012
0.111905
0.137832
0.160698
0.114095
0.202651
0.0985121
0.112904
0.254338
0.254338
0.0765623
0.0866222
0.140948
0.256711
0.256711
0.256711
0.168579
0.168854
0.102736
0.0750909
0.222794
0.256711
0.256711
0.129719
0.128807
0.193393
0.256711
0.137915
0.0636464
0.105711
0.173189
0.113861
0.148707
0.0993632
0.130329
0.256711
0.256711
0.0359172
0.110114
0.178052
0.156221
0.125218
0.110166
0.104405
0.0869453
0.0632913
0.0374627
0.119664
0.290684
0.225237
0.0524516
0.0532136
0.0999745
0.198408
0.100427
0.0883651
0.290684
0.290684
0.204104
0.185936
0.191354
0.290684
0.290684
0.0937724
0.0226848
0.0605125
0.122262
0.0978588
0.055064
0.055483
0.0599359
0.0903086
0.0504149
0.166982
0.251246
0.290684
0.115551
0.0624112
0.0119563
0.102651
0.240018
0.0802497
0.0251771
0.157902
0.329179
0.0830243
0.0684178
0.0717409
0.329179
0.255479
0.0698663
0.100255
0.188979
0.133255
0.0494682
0.165594
0.295109
0.329179
0.329179
0.100694
0.047541
0.0840097
0.166686
0.0707945
0.030623
0.0190826
0.0488155
0.135299
0.0617247
0.149345
0.22245
0.0908063
0.116096
0.0973192
0.0517939
0.190835
0.223138
0.0609946
0.0660779
0.103325
0.0831786
0.0568707
0.101351
0.198729
0.306587
0.306587
0.113359
0.0339625
0.0343894
0.0952087
0.0793692
0.0801858
0.136559
0.241205
0.265937
0.106326
0.102704
0.141038
0.0941187
0.108198
0.0784434
0.0480967
0.202786
0.279013
0.176653
0.129008
0.052201
0.0678723
0.139957
0.0733188
0.0252781
0.306587
0.306587
0.306587
0.0497263
0.0409351
0.131674
0.131835
0.090072
0.168376
0.340322
0.340322
0.182559
0.0272737
0.0132025
0.012507
0.0210053
0.0718306
0.108937
0.20885
0.248344
0.102064
0.198637
0.0700764
0.126665
0.237699
0.109756
0.0412297
0.340322
0.340322
0.340322
0.034213
0.0412899
0.028991
0.0356323
0.0511253
0.0323551
0.0312439
0.113723
0.157413
0.0454572
0.0693338
0.0832615
0.0631954
0.153959
0.209144
0.260438
0.260438
0.182922
0.135168
0.238367
0.260438
0.260438
0.260438
0.187752
0.0785147
0.141983
0.260438
0.0811831
0.099567
0.0782055
0.0950255
0.120713
0.0688033
0.0911195
0.159633
0.252793
0.120865
0.160285
0.119362
0.1582
0.260438
0.0459975
0.0560549
0.121175
0.147218
0.126426
0.107952
0.0567774
0.0764957
0.121941
0.0510086
0.06594
0.115311
0.0536287
0.0566269
0.0598081
0.0607269
0.0800122
0.0985302
0.079297
0.0667094
0.13018
0.1538
0.0568794
0.14057
0.142125
0.22965
0.285117
0.0865327
0.114967
0.0907658
0.0440909
0.285117
0.285117
0.168419
0.20458
0.285117
0.285117
0.285117
0.285117
0.285117
0.0350097
0.0600033
0.0728228
0.085643
0.0724838
0.0756195
0.0825369
0.157421
0.176615
0.024679
0.0749082
0.101435
0.107764
0.104003
0.0661038
0.050816
0.0601036
0.0372644
0.267124
0.267124
0.148093
0.173014
0.267124
0.267124
0.267124
0.262339
0.267124
0.120515
0.216417
0.191904
0.220239
0.267124
0.267124
0.114817
0.0689809
0.041478
0.0373145
0.115658
0.169089
0.167294
0.135151
0.0829996
0.0768922
0.138926
0.0714201
0.230831
0.263502
0.263502
0.165186
0.0974337
0.0552527
0.128385
0.263502
0.134912
0.0389072
0.203858
0.229969
0.263502
0.263502
0.263502
0.12456
0.061459
0.0166151
0.0390348
0.031165
0.12062
0.136321
0.263502
0.263502
0.122128
0.138202
0.0689019
0.0989558
0.179013
0.245
0.14797
0.0800071
0.0491638
0.08347
0.245
0.138597
0.245
0.245
0.148692
0.245
0.217306
0.0861452
0.0495567
0.245
0.156252
0.0300327
0.043667
0.076986
0.110298
0.245
0.179881
0.0759456
0.085724
0.0572506
0.0805222
0.245
0.243891
0.245
0.245
0.192916
0.138157
0.0292754
0.0679591
0.127627
0.170725
0.0883565
0.117251
0.0904749
0.042043
0.192635
0.315155
0.216982
0.137745
0.0691388
0.0496772
0.138145
0.0925685
0.0324149
0.315155
0.315155
0.315155
0.0822147
0.0930014
0.0933146
0.0914442
0.123547
0.0819589
0.0668762
0.0690891
0.264804
0.188859
0.0572654
0.0582244
0.056736
0.0461931
0.0350636
0.0954931
0.308971
0.315155
0.159983
0.0676992
0.0725671
0.169379
0.0989868
0.0417976
0.394142
0.394142
0.394142
0.0297485
0.035263
0.0239568
0.0392009
0.0468389
0.0229046
0.0449948
0.104677
0.130282
0.258448
0.0268071
0.0534977
0.0465152
0.0246743
0.0497358
0.117689
0.370698
0.394142
0.046572
0.0599532
0.0546252
0.0359927
0.0642405
0.0223028
0.0434243
0.141378
0.0508601
0.106137
0.134567
0.0994231
0.161378
0.166685
0.102899
0.179437
0.227991
0.227991
0.181135
0.227626
0.133007
0.194828
0.227991
0.0832368
0.0965168
0.188004
0.18961
0.147321
0.173461
0.15875
0.113988
0.165312
0.125015
0.158985
0.227991
0.170505
0.206393
0.227991
0.104648
0.0966442
0.120434
0.0512955
0.162134
0.227991
0.175596
0.0517014
0.111668
0.113731
0.192375
0.226281
0.0696045
0.0842654
0.0618236
0.0315083
0.246391
0.246391
0.13194
0.142735
0.246391
0.246391
0.246391
0.246391
0.246391
0.0527418
0.134036
0.030027
0.0535651
0.120059
0.0223696
0.0313723
0.0401658
0.0200974
0.236392
0.246391
0.100194
0.0213997
0.188238
0.160279
0.241043
0.234004
0.246391
0.204826
0.235497
0.115679
0.132815
0.235497
0.235497
0.235497
0.220179
0.235497
0.0830441
0.175652
0.116708
0.140948
0.235497
0.221003
0.0809521
0.077214
0.0372081
0.161192
0.235497
0.10481
0.0165588
0.152909
0.14276
0.216286
0.208832
0.235497
0.042913
0.0453155
0.0570853
0.0837971
0.152183
0.132655
0.178526
0.197384
0.0611359
0.0554039
0.243958
0.192462
0.255583
0.255583
0.255583
0.108231
0.0988204
0.0314369
0.0247618
0.0318988
0.154573
0.194741
0.255583
0.255583
0.119274
0.129439
0.068087
0.0190957
0.0377615
0.117649
0.158817
0.255583
0.224558
0.255583
0.255583
0.0718198
0.0649761
0.196791
0.171804
0.150488
0.106692
0.0666924
0.13504
0.152764
0.085475
0.0411064
0.0563816
0.0944828
0.169202
0.256441
0.189625
0.0759844
0.0807036
0.0679375
0.0994339
0.256441
0.227475
0.256441
0.256441
0.174926
0.106969
0.0532321
0.115776
0.0700824
0.119048
0.12992
0.127481
0.106266
0.0683489
0.116675
0.108898
0.0806991
0.109025
0.256441
0.256441
0.22743
0.256441
0.256441
0.256441
0.0929755
0.143271
0.103015
0.131845
0.0816938
0.10504
0.149526
0.0845755
0.0755309
0.112168
0.292792
0.16862
0.059299
0.0452651
0.0442665
0.0861437
0.12387
0.247368
0.292792
0.292792
0.0703199
0.0942835
0.0869071
0.0982689
0.178038
0.292792
0.188339
0.0994227
0.124377
0.0353465
0.0292574
0.0351213
0.0164207
0.0710613
0.292792
0.292792
0.292792
0.232959
0.208626
0.0209711
0.0292266
0.0268125
0.0513318
0.132636
0.251919
0.336114
0.336114
0.0351821
0.0484242
0.0493532
0.0483561
0.0962703
0.0894983
0.0720635
0.129223
0.0502003
0.0407579
0.0031182
0.0114854
0.0133248
0.0695527
0.336114
0.336114
0.336114
0.261322
0.0115188
0.00927823
0.00745873
0.0120648
0.157323
0.336114
0.189123
0.0787272
0.0254539
0.0654642
0.084419
0.0867911
0.0947035
0.151262
0.187605
0.111954
0.2404
0.0928925
0.0983978
0.133414
0.0693892
0.0658583
0.0852115
0.0526809
0.119567
0.171381
0.0916937
0.0174926
0.0145597
0.0125253
0.0526132
0.341677
0.341677
0.335825
0.141606
0.0488024
0.0221219
0.0283248
0.0512957
0.341677
0.341677
0.341677
0.087853
0.0430969
0.0210276
0.09941
0.230596
0.0603062
0.0824732
0.182426
0.0418059
0.0524331
0.0722832
0.0333647
0.277372
0.277372
0.18313
0.020189
0.277372
0.277372
0.277372
0.277372
0.277372
0.126212
0.142763
0.0976837
0.0966589
0.110331
0.013724
0.0416939
0.0532293
0.0204624
0.0567359
0.277372
0.241723
0.0908651
0.0280034
0.0406016
0.141743
0.247362
0.082457
0.194734
0.238528
0.146753
0.0162666
0.213002
0.201432
0.238528
0.238528
0.238528
0.0688179
0.0859271
0.0823806
0.108083
0.149252
0.123302
0.227731
0.238528
0.0782166
0.0248201
0.238528
0.230236
0.0821854
0.0120902
0.0442533
0.173146
0.233572
0.0727003
0.0333109
0.214042
0.238528
0.0974067
0.0575486
0.0621686
0.217293
0.234654
0.108831
0.0219073
0.0438161
0.0935444
0.124441
0.151308
0.106818
0.229752
0.25624
0.0771147
0.0428728
0.118866
0.144176
0.183182
0.122887
0.0539889
0.148774
0.14847
0.0819994
0.0317179
0.266725
0.266725
0.104333
0.0578459
0.0670084
0.266725
0.266725
0.151855
0.099691
0.122665
0.14436
0.266725
0.114283
0.0680541
0.266725
0.266725
0.266725
0.0676882
0.0941942
0.130357
0.165137
0.107599
0.0837291
0.11732
0.139771
0.100941
0.126587
0.267529
0.267529
0.232683
0.267529
0.267529
0.212817
0.112801
0.153154
0.0723076
0.0628514
0.0906153
0.15255
0.0876501
0.12886
0.258947
0.267529
0.267529
0.020807
0.0791579
0.0661854
0.104288
0.163175
0.267529
0.209601
0.051847
0.0190119
0.126315
0.184014
0.130172
0.165175
0.262621
0.316359
0.260123
0.19531
0.190812
0.0139859
0.0498416
0.0468659
0.0291684
0.15207
0.316359
0.316359
0.316359
0.224091
0.0110949
0.0509023
0.0436174
0.0334912
0.130222
0.316359
0.207134
0.0486451
0.00818485
0.0141685
0.0224777
0.0407042
0.0578018
0.0331672
0.0935481
0.149281
0.0847518
0.0471764
0.0138111
0.00259543
0.00690301
0.03284
0.158678
0.371328
0.371328
0.371328
0.271216
0.00840288
0.00736557
0.00599509
0.0309852
0.300618
0.371328
0.300033
0.112842
0.0377693
0.017229
0.0198222
0.0451574
0.0428225
0.0334845
0.102564
0.190106
0.115765
0.0667159
0.00585897
0.00740469
0.0384897
0.0770228
0.0820519
0.152865
0.13111
0.131556
0.102139
0.00814125
0.00828317
0.00991862
0.0711458
0.327663
0.327663
0.293932
0.124316
0.0460425
0.0136934
0.0170564
0.0608154
0.276504
0.327663
0.327663
0.0946919
0.059054
0.0197938
0.0125665
0.0123411
0.0572442
0.121081
0.130877
0.160039
0.131321
0.146533
0.101522
0.0143993
0.040665
0.120111
0.327663
0.327663
0.141708
0.0710106
0.0300405
0.0274194
0.154493
0.188053
0.152704
0.151664
0.184112
0.0544239
0.0648019
0.0610746
0.0321791
0.0843481
0.260499
0.260499
0.109847
0.0445416
0.0800143
0.226528
0.260499
0.0834632
0.0801848
0.185047
0.153206
0.183505
0.260499
0.260499
0.110844
0.0365359
0.00289363
0.0618202
0.260499
0.211633
0.0614566
0.0973504
0.237765
0.260499
0.237217
0.0404992
0.0339365
0.253205
0.253205
0.084518
0.0188727
0.0631369
0.23944
0.24793
0.0860506
0.0473781
0.253205
0.253205
0.0886948
0.0485567
0.0611472
0.253205
0.253205
0.105176
0.0474225
0.253205
0.185541
0.0406447
0.0671451
0.140681
0.253205
0.141956
0.0367164
0.00707765
0.253205
0.253205
0.0708004
0.0210799
0.0723516
0.253205
0.181807
0.0269233
0.0221061
0.17
0.179854
0.05515
0.0249925
0.0309678
0.234682
0.224258
0.0948542
0.0711247
0.0974299
0.0882616
0.179239
0.106718
0.0518309
0.253055
0.292225
0.292225
0.0094174
0.180799
0.292225
0.0466823
0.0131096
0.0537223
0.279812
0.110135
0.0404302
0.110921
0.0748039
0.15574
0.0345949
0.0107355
0.0414587
0.290615
0.292225
0.292225
0.068653
0.0732149
0.0666608
0.119188
0.0918795
0.12713
0.270175
0.291371
0.291371
0.0140722
0.0630088
0.0485274
0.0883311
0.145272
0.291371
0.17469
0.0486872
0.0134481
0.120859
0.10364
0.182803
0.0351899
0.0284347
0.066295
0.291371
0.291371
0.291371
0.0435691
0.284334
0.115561
0.0448697
0.0706964
0.166849
0.291371
0.105613
0.0599332
0.0231091
0.100039
0.0725865
0.0794472
0.262453
0.293048
0.293048
0.102868
0.011378
0.0304471
0.0591622
0.0834997
0.117294
0.0622779
0.172509
0.264655
0.19605
0.0715686
0.0997822
0.293048
0.233557
0.0906659
0.153732
0.288657
0.293048
0.162701
0.0165282
0.0322484
0.119566
0.180182
0.11202
0.112552
0.151409
0.252241
0.111981
0.0620188
0.0499826
0.0667225
0.101541
0.11487
0.0710433
0.211727
0.240935
0.240935
0.138845
0.0325285
0.0402228
0.0778575
0.13948
0.220312
0.240935
0.240935
0.240935
0.240935
0.0450122
0.0808285
0.240935
0.11759
0.115048
0.152136
0.240935
0.204915
0.0932178
0.0301149
0.0543604
0.155389
0.141473
0.240935
0.240935
0.240935
0.158157
0.0512833
0.036717
0.0324915
0.0745424
0.163032
0.219534
0.237144
0.18149
0.224911
0.168957
0.0215729
0.0793344
0.232734
0.239415
0.239415
0.239415
0.104513
0.0515215
0.0409653
0.0290749
0.0588638
0.170829
0.125383
0.213893
0.206478
0.223246
0.107391
0.0339297
0.000808086
0.0926766
0.239415
0.239415
0.239415
0.239415
0.239415
0.0581819
0.046119
0.033739
0.075782
0.076662
0.0956605
0.224483
0.230895
0.0642786
0.0210803
0.00568214
0.0313624
0.137771
0.144804
0.0280839
0.0482627
0.0931483
0.196323
0.115279
0.0155705
0.00494204
0.0299496
0.0367107
0.229881
0.367561
0.367561
0.0601434
0.0104619
0.00805278
0.0337843
0.166774
0.203646
0.367561
0.367561
0.303671
0.0491687
0.0211747
0.0124818
0.030351
0.153986
0.136415
0.0234876
0.040579
0.0699551
0.153492
0.0832919
0.020377
0.00641163
0.180484
0.31363
0.0261432
0.0150877
0.0795884
0.31363
0.118382
0.00703655
0.0293511
0.151937
0.176067
0.31363
0.31363
0.31363
0.041279
0.0160619
0.012606
0.006669
0.0238912
0.0554468
0.31363
0.31363
0.31363
0.127838
0.0272272
0.00885439
0.00858796
0.149668
0.234487
0.026994
0.0125958
0.0697792
0.24577
0.0937752
0.0272366
0.108201
0.0773093
0.0985692
0.0167097
0.0113513
0.0330272
0.277164
0.300209
0.300209
0.00845683
0.0137017
0.047099
0.300209
0.300209
0.300209
0.115448
0.0589981
0.0537494
0.0958794
0.00961051
0.0345744
0.0412348
0.222227
0.0811102
0.141178
0.300209
0.300209
0.115417
0.105643
0.10984
0.0202529
0.0203711
0.0509288
0.279019
0.279019
0.279019
0.0469942
0.214479
0.0861338
0.0349416
0.0570784
0.122025
0.259466
0.0790598
0.0467392
0.115223
0.0358616
0.0582984
0.0717767
0.279019
0.0745517
0.19579
0.279019
0.279019
0.161028
0.235509
0.149594
0.0983585
0.257663
0.161388
0.215574
0.115798
0.096956
0.0888808
0.262142
0.135184
0.0647291
0.0894864
0.180219
0.262142
0.113286
0.00767277
0.0241655
0.0899649
0.111733
0.071863
0.0807291
0.099751
0.173645
0.0634577
0.0467592
0.262142
0.262142
0.201279
0.170246
0.262142
0.262142
0.262142
0.235576
0.0897746
0.0416507
0.129303
0.182973
0.143058
0.105384
0.262142
0.262142
0.0445313
0.00948122
0.046979
0.0973786
0.178855
0.108267
0.104783
0.118382
0.261159
0.124689
0.0699503
0.0423394
0.0717789
0.0912925
0.0844824
0.261159
0.261159
0.261159
0.134437
0.0442586
0.0471342
0.116103
0.226201
0.212357
0.187899
0.261159
0.261159
0.0752088
0.0179194
0.0388192
0.130324
0.137044
0.246072
0.261159
0.261159
0.241269
0.0400073
0.0142494
0.0552693
0.0881846
0.148356
0.11154
0.24016
0.24016
0.24016
0.113931
0.03874
0.00124177
0.1144
0.24016
0.24016
0.24016
0.24016
0.24016
0.0571411
0.0302748
0.0501927
0.129326
0.152158
0.24016
0.24016
0.24016
0.219714
0.0330688
0.0228066
0.0608206
0.118432
0.146884
0.1899
0.182037
0.175802
0.192844
0.129641
0.0532739
0.00725393
0.0287942
0.0480408
0.174029
0.297641
0.297641
0.0783359
0.020342
0.0161963
0.0293954
0.167501
0.178291
0.297641
0.297641
0.218415
0.0488375
0.026232
0.0110784
0.0384844
0.0416077
0.0671408
0.157617
0.297641
0.297641
0.0959584
0.0368313
0.0154973
0.0138263
0.018495
0.0680693
0.265028
0.297641
0.297641
0.140529
0.0284671
0.0068756
0.0266381
0.15815
0.177193
0.278913
0.278913
0.245009
0.040588
0.0191747
0.0112786
0.00952966
0.0288289
0.0437054
0.263844
0.278913
0.278913
0.144712
0.0276426
0.0131675
0.0183364
0.0206746
0.094242
0.265504
0.278913
0.278913
0.10744
0.0161575
0.00303672
0.0326373
0.0377244
0.130135
0.278913
0.278913
0.222123
0.0478176
0.0249949
0.0205597
0.012289
0.0257531
0.0543446
0.275695
0.303576
0.303576
0.153697
0.0732613
0.0629161
0.133997
0.0184723
0.03622
0.0473691
0.164225
0.0801495
0.163292
0.303576
0.303576
0.0591962
0.0393913
0.144063
0.303576
0.303576
0.207515
0.0500203
0.0542793
0.0746332
0.133816
0.0170164
0.024552
0.076344
0.132893
0.0708602
0.0288776
0.179507
0.303576
0.122462
0.0439254
0.0509403
0.0508776
0.187823
0.0704504
0.183866
0.262838
0.262838
0.180755
0.260815
0.163956
0.0824718
0.177674
0.0946803
0.225145
0.146255
0.130391
0.162734
0.0231332
0.0250984
0.0630137
0.149923
0.0756518
0.0319588
0.180145
0.262838
0.262838
0.247159
0.165936
0.135953
0.262838
0.0365503
0.0949202
0.120843
0.262838
0.250832
0.250832
0.193907
0.110617
0.250832
0.152612
0.250832
0.244049
0.134591
0.0351772
0.105733
0.135624
0.107924
0.0817289
0.155998
0.250832
0.0539103
0.00723707
0.250832
0.250832
0.23413
0.150244
0.250832
0.0591809
0.103462
0.162439
0.250832
0.0267022
0.0730852
0.146816
0.111758
0.0650639
0.0699404
0.148148
0.111914
0.0695443
0.0581852
0.147875
0.237358
0.201623
0.169321
0.24703
0.24703
0.121497
0.0143307
0.0561734
0.137132
0.135216
0.201492
0.240459
0.24703
0.24703
0.0652297
0.0275045
0.0455169
0.114664
0.24703
0.187015
0.11592
0.126944
0.24703
0.211247
0.12227
0.0335299
0.0706865
0.24703
0.219575
0.0629945
0.0967837
0.167467
0.163481
0.0389599
0.0820883
0.173369
0.187694
0.240467
0.240467
0.240467
0.240467
0.074136
0.0395384
0.0530446
0.136814
0.160825
0.240467
0.240467
0.240467
0.208838
0.134954
0.0478652
0.0581416
0.0895305
0.240467
0.240467
0.122276
0.123635
0.235135
0.18208
0.0591969
0.0753784
0.161642
0.156746
0.156138
0.150864
0.0968843
0.169259
0.0991256
0.0634282
0.0372288
0.0534626
0.112307
0.226999
0.274386
0.274386
0.129784
0.0645238
0.036231
0.0143149
0.0387494
0.115588
0.274386
0.274386
0.274386
0.211581
0.0965803
0.0203623
0.0442234
0.0854405
0.105545
0.159788
0.200203
0.0947216
0.0768187
0.0949691
0.065077
0.0243491
0.102902
0.260915
0.256788
0.200064
0.22464
0.274386
0.188189
0.0524958
0.0165324
0.0468261
0.159526
0.277252
0.277252
0.277252
0.170583
0.0551722
0.0108487
0.0344941
0.0855403
0.190282
0.277252
0.277252
0.234291
0.0778226
0.0503295
0.0348329
0.0321981
0.113837
0.214567
0.254033
0.20185
0.158436
0.245443
0.156769
0.0525443
0.0882361
0.205776
0.20527
0.12273
0.0710415
0.048582
0.0979228
0.167408
0.125423
0.0616578
0.0972155
0.205586
0.30773
0.30773
0.229786
0.0842354
0.0750947
0.104251
0.170878
0.0371534
0.0378712
0.102492
0.134341
0.0858748
0.0441711
0.235259
0.30773
0.10494
0.210878
0.199808
0.123255
0.0746975
0.0314883
0.120466
0.244171
0.184325
0.11356
0.0406833
0.0235764
0.046051
0.0423904
0.0233655
0.15654
0.30773
0.30773
0.156272
0.0382051
0.0325596
0.0477881
0.105057
0.0774816
0.0352198
0.189748
0.258692
0.258692
0.258692
0.208601
0.134657
0.258692
0.0103649
0.122809
0.171105
0.258692
0.0932684
0.0316625
0.0143784
0.0322773
0.0360916
0.0317032
0.12681
0.258692
0.258692
0.254522
0.179601
0.245115
0.115681
0.258692
0.0279081
0.0272075
0.0820115
0.258692
0.268897
0.268897
0.268897
0.147225
0.268897
0.00932714
0.121825
0.240134
0.268897
0.0341186
0.0838966
0.152304
0.114503
0.0789259
0.0376004
0.136644
0.125893
0.0631629
0.268897
0.234861
0.268897
0.135055
0.268897
0.051634
0.04411
0.104676
0.268897
0.0338982
0.0528753
0.088202
0.151601
0.166354
0.0592073
0.0608969
0.0422397
0.0630222
0.0701936
0.163937
0.233143
0.214758
0.121844
0.0679553
0.233143
0.233143
0.128492
0.0565906
0.0927161
0.233143
0.221474
0.0639959
0.1003
0.197362
0.196003
0.0618836
0.0288526
0.113204
0.13403
0.233143
0.233143
0.148682
0.190712
0.12126
0.166918
0.020847
0.0729728
0.233143
0.203567
0.170127
0.1618
0.233143
0.233143
0.0756402
0.0786443
0.104415
0.234372
0.234372
0.0968774
0.12914
0.234372
0.197607
0.0745851
0.0807429
0.1764
0.16159
0.128391
0.16349
0.136083
0.20451
0.111854
0.0776022
0.0424699
0.10914
0.234372
0.234372
0.196979
0.207986
0.234372
0.234372
0.0899647
0.140895
0.234372
0.234372
0.148175
0.220609
0.0460309
0.134062
0.0773201
0.107768
