0.0322739
0.0475094
0.0418488
0.0572214
0.0609269
0.0313736
0.0321867
0.0237344
0.0118408
0.0268424
0.0638861
0.0851599
0.0873994
0.136893
0.0416436
0.01709
0.0163539
0.0149373
0.0346446
0.172071
0.300637
0.300637
0.300637
0.233679
0.162854
0.0387036
0.00334157
0.214984
0.300637
0.295458
0.276574
0.300637
0.300637
0.179097
0.017461
0.21485
0.0261932
0.0531714
0.0543159
0.0596931
0.0979008
0.0312602
0.0108406
0.0107508
0.00804541
0.170338
0.126902
0.0585141
0.245693
0.358825
0.0605158
0.0161271
0.017578
0.0936547
0.183801
0.358825
0.247532
0.241412
0.358825
0.170696
0.143908
0.00911598
0.0853288
0.103167
0.0560905
0.0266044
0.17897
0.358825
0.203896
0.0605959
0.0430466
0.194963
0.128621
0.105618
0.0516824
0.274465
0.355313
0.0485183
0.0122218
0.0145748
0.0439419
0.0882012
0.0650181
0.073995
0.355313
0.355313
0.0124895
0.00724124
0.0237561
0.117021
0.127189
0.0385353
0.0429818
0.233897
0.355313
0.130455
0.040014
0.0350778
0.127541
0.110628
0.0769961
0.0514163
0.288097
0.355313
0.0356561
0.00200284
0.00721619
0.104857
0.107578
0.0934096
0.107881
0.333167
0.333167
0.0188143
0.0167453
0.0313859
0.136146
0.183377
0.120544
0.0865466
0.107876
0.23746
0.184147
0.0997908
0.102798
0.264165
0.150714
0.107556
0.0900522
0.333167
0.333167
0.0711697
0.0167414
0.034179
0.0821145
0.183027
0.109076
0.0912027
0.0922873
0.20678
0.1104
0.163055
0.171245
0.165158
0.201212
0.137461
0.106852
0.144039
0.221473
0.167653
0.141405
0.135945
0.221473
0.199335
0.14797
0.0803026
0.110556
0.188626
0.221473
0.221473
0.205933
0.221473
0.177442
0.112469
0.109821
0.13165
0.221473
0.154394
0.171518
0.201588
0.164857
0.0585101
0.11671
0.0844098
0.221473
0.221473
0.0374466
0.121892
0.174768
0.160022
0.142865
0.118493
0.120942
0.0971571
0.169349
0.183683
0.226733
0.210758
0.217842
0.126144
0.197209
0.226013
0.214994
0.158531
0.226733
0.226733
0.226733
0.226733
0.0516533
0.0967075
0.110628
0.191835
0.203072
0.0365374
0.0842614
0.121964
0.14477
0.0550195
0.107553
0.155617
0.180332
0.188173
0.14124
0.140744
0.171952
0.174011
0.0907892
0.189402
0.228281
0.195973
0.16156
0.170622
0.228281
0.228281
0.13618
0.041725
0.103908
0.228281
0.216292
0.196277
0.222735
0.228281
0.217483
0.124259
0.0512911
0.103239
0.14884
0.126643
0.163203
0.115837
0.114664
0.108767
0.144552
0.0715209
0.070213
0.0878843
0.205474
0.228281
0.120856
0.15513
0.180751
0.228281
0.0197704
0.0890339
0.17877
0.22405
0.25547
0.190636
0.115474
0.0329996
0.00692269
0.118994
0.25547
0.252572
0.251315
0.25547
0.25547
0.100662
0.00671845
0.124444
0.0167345
0.0512263
0.0799488
0.107535
0.191765
0.157992
0.183231
0.129866
0.0882634
0.164182
0.25547
0.25547
0.25547
0.222763
0.0512022
0.071431
0.0194496
0.0978651
0.114051
0.295218
0.21779
0.240078
0.295218
0.143133
0.0876476
0.00483321
0.0571432
0.0874604
0.0460714
0.026969
0.139612
0.295218
0.160757
0.0583348
0.035219
0.144884
0.115697
0.277984
0.175526
0.23963
0.246949
0.0373872
0.0620343
0.027409
0.0610859
0.174011
0.132123
0.0651372
0.18785
0.238839
0.03186
0.0933538
0.129363
0.295218
0.114295
0.0424237
0.0471331
0.236197
0.33771
0.134345
0.0460839
0.0361864
0.121815
0.112842
0.0850188
0.0450793
0.31722
0.33771
0.0320389
0.00633701
0.00721149
0.0998785
0.211591
0.0991148
0.0585008
0.287525
0.33771
0.0149995
0.0543021
0.14166
0.33771
0.192525
0.037454
0.0372267
0.092067
0.158474
0.00988898
0.0249729
0.0106836
0.250379
0.141637
0.123459
0.0869837
0.30651
0.30651
0.0634098
0.0171981
0.0293469
0.0916055
0.158913
0.132773
0.0955473
0.0949039
0.237022
0.133288
0.173273
0.168079
0.20186
0.225063
0.0779575
0.101634
0.208567
0.30651
0.0217197
0.0403549
0.0308761
0.199937
0.176441
0.136008
0.0556813
0.206938
0.30651
0.107289
0.0916805
0.0776483
0.242272
0.16734
0.13584
0.122479
0.138891
0.242756
0.171925
0.196909
0.199529
0.230196
0.0378382
0.129327
0.103178
0.242756
0.242756
0.045184
0.163861
0.197543
0.241554
0.189622
0.164696
0.0878742
0.242756
0.242756
0.143659
0.153948
0.117303
0.242756
0.0678169
0.0321504
0.00416122
0.204024
0.242756
0.0518812
0.0591856
0.0379029
0.0820441
0.0496507
0.177148
0.181097
0.243961
0.243961
0.0596708
0.141958
0.173549
0.243961
0.0786049
0.221764
0.230776
0.243961
0.243961
0.21803
0.188975
0.243961
0.243961
0.0877869
0.0252999
0.00254162
0.130411
0.243961
0.0678776
0.0763733
0.04694
0.141704
0.23288
0.00555828
0.00421673
0.0650444
0.161056
0.0429729
0.0298698
0.082063
0.243961
0.0642672
0.201307
0.188756
0.179399
0.239945
0.155953
0.136683
0.146625
0.204913
0.0919741
0.105633
0.0924314
0.239945
0.239945
0.154973
0.239945
0.239629
0.239945
0.146802
0.017006
0.0109747
0.0406078
0.139042
0.0418262
0.0268303
0.0546645
0.239945
0.157925
0.0366138
0.073517
0.239945
0.239945
0.232671
0.0458782
0.1302
0.239945
0.0131576
0.0375344
0.0259358
0.0655376
0.199788
0.235199
0.225883
0.162457
0.09277
0.16285
0.266882
0.266882
0.266882
0.233116
0.0494444
0.0405336
0.0168586
0.105351
0.0424573
0.0174727
0.0197636
0.0524584
0.0871456
0.0995384
0.266882
0.266882
0.266882
0.266882
0.266882
0.108772
0.193165
0.266882
0.0443699
0.0279243
0.0127656
0.00418677
0.134677
0.247341
0.246133
0.247341
0.247341
0.0501962
0.0456115
0.0290032
0.0784672
0.222043
0.146838
0.111898
0.243154
0.247341
0.0750482
0.130282
0.132573
0.247341
0.20657
0.247341
0.121294
0.213156
0.247341
0.0475654
0.0294621
0.0241237
0.0106871
0.090855
0.176381
0.0973057
0.195135
0.247341
0.179369
0.0334731
0.0528619
0.0890328
0.27841
0.112053
0.123671
0.283508
0.283508
0.0564365
0.0872342
0.17297
0.283508
0.227311
0.0562804
0.0742799
0.133103
0.212414
0.024041
0.0562397
0.0248673
0.283508
0.0395675
0.157436
0.153512
0.283508
0.283508
0.209693
0.0468451
0.0722148
0.101312
0.039969
0.0202763
0.049583
0.154234
0.283508
0.130338
0.0338414
0.0242452
0.0721014
0.198438
0.112314
0.170216
0.244248
0.286356
0.0305477
0.0714126
0.0479632
0.224878
0.207227
0.229836
0.0835949
0.224313
0.286356
0.143802
0.131633
0.0901022
0.286356
0.0519877
0.0306444
0.0796222
0.226032
0.286356
0.1414
0.037357
0.0151459
0.049711
0.0320085
0.0413546
0.042675
0.233202
0.286356
0.202877
0.0426667
0.0218744
0.0609937
0.192708
0.234964
0.118376
0.235959
0.279209
0.189164
0.197327
0.120073
0.279209
0.0732694
0.0363201
0.00558935
0.243501
0.279209
0.0686405
0.0594006
0.045795
0.0849806
0.0352295
0.0394963
0.0534868
0.271441
0.279209
0.279209
0.0650466
0.035241
0.063964
0.0715553
0.0463932
0.0476918
0.196373
0.279209
0.188064
0.0864655
0.103736
0.0829961
0.0847707
0.0216378
0.00355096
0.15403
0.275646
0.106359
0.0762389
0.0635274
0.141333
0.213304
0.00385977
0.00126528
0.0748389
0.21315
0.0844001
0.0851667
0.126975
0.275646
0.0883006
0.0423783
0.0341905
0.159726
0.275646
0.275646
0.104469
0.143574
0.131298
0.132952
0.153439
0.157494
0.177248
0.275646
0.100477
0.275646
0.275646
0.275646
0.118128
0.0166124
0.0102444
0.0441121
0.160693
0.0565507
0.0452603
0.0675177
0.231959
0.162015
0.0699738
0.0903497
0.230501
0.231959
0.155436
0.0916592
0.110426
0.231959
0.0831949
0.10292
0.0739162
0.100243
0.219805
0.0715866
0.221227
0.231959
0.231959
0.193268
0.231959
0.170902
0.130673
0.231959
0.231959
0.231959
0.231959
0.231959
0.0495814
0.0270921
0.0295901
0.06061
0.10281
0.168107
0.292046
0.292046
0.292046
0.292046
0.292046
0.211966
0.196482
0.292046
0.055614
0.0337625
0.018016
0.00613919
0.0103742
0.018384
0.0294312
0.0440374
0.0528165
0.0909132
0.275067
0.225189
0.115031
0.0840063
0.292046
0.292046
0.0888985
0.0947317
0.0492138
0.0441358
0.0265643
0.00737952
0.22984
0.263754
0.168115
0.216761
0.263754
0.0618129
0.035236
0.0298351
0.0164784
0.0934393
0.220761
0.14244
0.263754
0.263754
0.245912
0.0510767
0.0522051
0.048298
0.0581093
0.263754
0.263754
0.109324
0.0972574
0.0493641
0.0299177
0.0195328
0.01528
0.05855
0.263754
0.263754
0.203456
0.263754
0.0848595
0.0711901
0.0672866
0.0579245
0.0277667
0.147658
0.150972
0.303032
0.303032
0.212759
0.0520092
0.0615907
0.0571689
0.0311721
0.0286914
0.064766
0.172014
0.303032
0.121925
0.0496018
0.0364332
0.0552089
0.0705731
0.303032
0.303032
0.204006
0.303032
0.0940705
0.0558969
0.0605716
0.0737912
0.136331
0.0678127
0.0836064
0.278178
0.303032
0.0702178
0.035962
0.0453896
0.126465
0.0355851
0.0558998
0.124368
0.254667
0.353187
0.14746
0.0618036
0.0315916
0.0411779
0.0402756
0.0728855
0.0680558
0.233448
0.353187
0.210743
0.0662152
0.0325474
0.0538027
0.170072
0.101341
0.141224
0.303333
0.353187
0.114091
0.0412114
0.0614786
0.191039
0.0678802
0.0240413
0.0478124
0.203822
0.353187
0.0542927
0.0389873
0.0449259
0.0872162
0.038211
0.0816035
0.105271
0.303048
0.316277
0.316277
0.108294
0.0449832
0.0410912
0.0880152
0.0785017
0.076626
0.273831
0.316277
0.195525
0.0801212
0.100986
0.103371
0.0606693
0.0243721
0.0629527
0.23288
0.316277
0.101647
0.0628581
0.0841612
0.110632
0.148906
0.179433
0.0854437
0.164982
0.316277
0.0747639
0.0382855
0.0914185
0.11265
0.0602775
0.0392086
0.0338505
0.134061
0.258302
0.183415
0.0623257
0.0877372
0.0918238
0.0838077
0.102633
0.0830972
0.140442
0.258302
0.126432
0.258302
0.258302
0.258302
0.0987772
0.0835406
0.0390706
0.0985596
0.224591
0.098277
0.0282008
0.16785
0.181474
0.145368
0.101985
0.0989989
0.141184
0.258302
0.258302
0.258302
0.258302
0.223963
0.0535472
0.0851292
0.0556224
0.0976108
0.184357
0.0887464
0.224376
0.224376
0.20239
0.126563
0.224376
0.165106
0.135041
0.224376
0.179364
0.224376
0.191256
0.224376
0.0897953
0.0500135
0.0426644
0.101706
0.224376
0.224376
0.152398
0.224376
0.224376
0.118158
0.138516
0.0995034
0.122682
0.224376
0.173522
0.132163
0.159849
0.182216
0.0252138
0.0589095
0.0892438
0.092496
0.106143
0.241985
0.373004
0.373004
0.321482
0.110875
0.373004
0.373004
0.159669
0.208539
0.102627
0.11956
0.071388
0.0286117
0.0594585
0.0760566
0.0948775
0.104121
0.11808
0.0457327
0.0981551
0.0652166
0.0528464
0.0540651
0.115498
0.150682
0.136669
0.104812
0.0480029
0.0590496
0.0313946
0.0192372
0.0671535
0.318212
0.318212
0.140667
0.133031
0.0645898
0.0494478
0.0316968
0.0303336
0.117094
0.318212
0.318212
0.318212
0.318212
0.105352
0.107646
0.0861484
0.0806933
0.036668
0.0924152
0.0890017
0.0855163
0.0722456
0.0305985
0.026054
0.0116929
0.0109897
0.0925559
0.200897
0.318212
0.318212
0.0790458
0.02406
0.0288744
0.0147306
0.00685197
0.076456
0.281721
0.281721
0.247145
0.281721
0.0734155
0.0499129
0.0495971
0.0618755
0.1511
0.0656148
0.0834253
0.276224
0.281721
0.060249
0.0354541
0.0468149
0.109119
0.0430422
0.13206
0.281721
0.241292
0.0723195
0.0189217
0.0159252
0.00877462
0.0127036
0.104736
0.281721
0.281721
0.273114
0.246204
0.0138169
0.0190725
0.0199496
0.056854
0.169061
0.0895988
0.118642
0.307982
0.320922
0.100186
0.0391912
0.0668433
0.171663
0.0604746
0.0207069
0.0533035
0.203136
0.320922
0.0313624
0.0286787
0.0365349
0.0731656
0.0999356
0.320922
0.320922
0.320922
0.306784
0.0369774
0.0358181
0.0322556
0.110276
0.0785968
0.0617273
0.0897105
0.104251
0.258165
0.0581859
0.0601306
0.0373173
0.115798
0.0606511
0.0238227
0.092213
0.266324
0.266324
0.0774514
0.05658
0.0854202
0.130041
0.193715
0.206992
0.124876
0.224237
0.266324
0.0684503
0.0447178
0.1031
0.137448
0.0943562
0.0289254
0.096107
0.148898
0.266324
0.115501
0.116363
0.0821435
0.222358
0.266324
0.266324
0.157384
0.197324
0.266324
0.148554
0.11146
0.131173
0.187795
0.103932
0.0853661
0.0540361
0.11942
0.240114
0.0908166
0.0350454
0.139597
0.188999
0.12039
0.112198
0.0962578
0.185884
0.263679
0.263679
0.263679
0.263679
0.195877
0.184671
0.117597
0.102391
0.0940503
0.155363
0.0980839
0.0801036
0.158103
0.263679
0.146535
0.126369
0.0679938
0.156792
0.263679
0.140967
0.0662973
0.151947
0.263679
0.084536
0.0670955
0.0532819
0.138949
0.241542
0.241542
0.232976
0.241542
0.241542
0.120219
0.20486
0.139608
0.166151
0.235066
0.208383
0.196038
0.168715
0.188141
0.112075
0.0990242
0.0695226
0.107086
0.241542
0.118037
0.0613914
0.174653
0.241542
0.197844
0.119634
0.0936356
0.0999464
0.191234
0.0464966
0.0226972
0.0266327
0.241542
0.128703
0.172674
0.194015
0.230764
0.230764
0.126362
0.230662
0.180342
0.120813
0.131033
0.230764
0.230764
0.230764
0.230764
0.0801752
0.108015
0.0789569
0.0681717
0.0679129
0.122631
0.193231
0.213834
0.230764
0.12837
0.18061
0.112311
0.042392
0.0662856
0.119013
0.230764
0.230764
0.230764
0.0339322
0.109439
0.14806
0.0344511
0.0913598
0.19173
0.21272
0.235056
0.178402
0.0463594
0.0473336
0.0339991
0.0374925
0.308387
0.415649
0.415649
0.415649
0.16041
0.0509013
0.0787339
0.0208338
0.00682284
0.0475549
0.0786247
0.113029
0.133353
0.131144
0.0244205
0.0698944
0.0937518
0.0254738
0.0855955
0.0833187
0.113253
0.102567
0.128765
0.0710624
0.0830197
0.149322
0.0875272
0.0713081
0.14146
0.287985
0.287985
0.0905385
0.0268066
0.0249308
0.013419
0.0170408
0.192961
0.287985
0.287985
0.287985
0.287985
0.0221247
0.0268047
0.0354527
0.106501
0.0252074
0.0393668
0.0438869
0.0311189
0.0433191
0.023018
0.027969
0.0445151
0.0237621
0.287985
0.287985
0.287985
0.0851431
0.287985
0.0086301
0.0512014
0.133579
0.214239
0.123826
0.261541
0.261541
0.261541
0.261541
0.0361463
0.0333664
0.0471292
0.135944
0.0860092
0.086167
0.100985
0.117216
0.215918
0.0518422
0.0766617
0.0392883
0.116814
0.261541
0.261541
0.261541
0.089431
0.210926
0.0113792
0.041964
0.0903302
0.137025
0.261541
0.261541
0.195839
0.202627
0.261541
0.041692
0.0553053
0.0386397
0.0368607
0.0750555
0.0501241
0.0573615
0.117921
0.244748
0.0663823
0.0918222
0.0666141
0.162908
0.254274
0.174299
0.0754613
0.164537
0.264042
0.0645514
0.0768593
0.123273
0.159463
0.264042
0.264042
0.113453
0.231633
0.264042
0.0527748
0.0573884
0.0476201
0.0467983
0.256532
0.167737
0.0619721
0.20969
0.264042
0.0455701
0.0813711
0.21591
0.264042
0.180397
0.104378
0.0726169
0.0969547
0.173156
0.0697853
0.0744144
0.149218
0.268259
0.1378
0.107455
0.0660087
0.140804
0.268259
0.126685
0.114439
0.152721
0.268259
0.238769
0.121389
0.0700948
0.15074
0.268259
0.0432664
0.0673343
0.151608
0.268259
0.201046
0.0799503
0.0701663
0.0816697
0.139448
0.0610287
0.24256
0.266618
0.268259
0.119789
0.0885755
0.0785079
0.119548
0.268378
0.115698
0.0908023
0.150484
0.268378
0.190055
0.116291
0.115363
0.130062
0.183124
0.0351807
0.0277557
0.0267795
0.268378
0.245585
0.112996
0.108006
0.101005
0.144183
0.045451
0.169715
0.171985
0.268378
0.268378
0.222372
0.183917
0.156914
0.268378
0.0399175
0.0672476
0.0505881
0.268378
0.103359
0.17888
0.200054
0.223998
0.223998
0.157852
0.190351
0.149892
0.0897908
0.107553
0.156916
0.223998
0.223998
0.223998
0.0501105
0.107198
0.162995
0.0680552
0.171953
0.219561
0.189566
0.113973
0.189556
0.0797606
0.107775
0.167149
0.170881
0.151466
0.189958
0.217086
0.223998
0.223998
0.0732257
0.12424
0.13802
0.096184
0.104691
0.146746
0.218059
0.218059
0.216334
0.0592595
0.104383
0.162083
0.061479
0.180582
0.159776
0.198401
0.180024
0.218059
0.179768
0.13901
0.218059
0.205293
0.122409
0.13123
0.180876
0.218059
0.21742
0.0910923
0.147863
0.131508
0.067276
0.0859806
0.0954146
0.166732
0.132799
0.20522
0.0627129
0.218059
0.218059
0.218059
0.0515638
0.0676485
0.0716685
0.051845
0.0700208
0.0558942
0.0436159
0.081683
0.0519902
0.33086
0.33086
0.33086
0.121929
0.33086
0.0132955
0.119905
0.240415
0.33086
0.0311338
0.0449507
0.0448499
0.0465999
0.078233
0.0243496
0.0744509
0.0978064
0.0791595
0.296025
0.232682
0.0474594
0.0908504
0.180786
0.00683835
0.0542351
0.0800242
0.318529
0.245287
0.245287
0.245287
0.0926155
0.192513
0.00894049
0.049093
0.0966377
0.136188
0.245287
0.245287
0.213204
0.2275
0.245287
0.0513009
0.0903267
0.0430998
0.0374988
0.245287
0.245287
0.0506507
0.101201
0.240701
0.00521348
0.029165
0.0545981
0.11016
0.245287
0.245287
0.153971
0.179863
0.245287
0.0145378
0.0278525
0.0364512
0.0760525
0.261212
0.261212
0.0844176
0.219058
0.261212
0.0467149
0.0692645
0.0474096
0.0359388
0.1962
0.102507
0.036443
0.195825
0.261212
0.0312143
0.0691252
0.173534
0.261212
0.261212
0.261212
0.149525
0.214455
0.261212
0.0122259
0.033038
0.048859
0.0789299
0.152074
0.129669
0.083168
0.174341
0.261212
0.0112805
0.0319631
0.0590684
0.188787
0.205962
0.0942472
0.0531052
0.161831
0.287113
0.038593
0.0713802
0.144566
0.287113
0.166125
0.0625089
0.0688069
0.0954985
0.137917
0.0816201
0.287113
0.287113
0.287113
0.133597
0.125587
0.0810803
0.158313
0.228174
0.0123457
0.0391165
0.051794
0.201533
0.121587
0.0426148
0.0331926
0.0748252
0.0779206
0.0424523
0.225058
0.287113
0.287113
0.178168
0.0863616
0.0882434
0.104077
0.109521
0.05523
0.178323
0.170723
0.24836
0.205633
0.195482
0.182999
0.12728
0.24836
0.0326079
0.0781372
0.0873866
0.24836
0.106772
0.0515709
0.0558357
0.0795752
0.0900004
0.0352644
0.124661
0.232873
0.24836
0.150467
0.203202
0.186678
0.199085
0.24836
0.0671252
0.24836
0.24836
0.209456
0.204857
0.214921
0.166433
0.133033
0.172277
0.131817
0.101114
0.19987
0.188015
0.170856
0.191981
0.193064
0.214921
0.214921
0.0888844
0.123096
0.14032
0.110231
0.062259
0.151729
0.214921
0.211788
0.214921
0.0976034
0.187935
0.155829
0.052926
0.126313
0.212141
0.211176
0.184337
0.214921
0.0742322
0.116668
0.17989
0.0999892
0.144734
0.14202
0.181604
0.222986
0.222986
0.115558
0.151374
0.149853
0.0933992
0.115552
0.128661
0.162144
0.122333
0.211256
0.0864783
0.220929
0.222986
0.222986
0.114953
0.189034
0.177871
0.20433
0.222986
0.0895517
0.122648
0.167553
0.115911
0.101618
0.222986
0.118712
0.111585
0.207306
0.126951
0.194657
0.222986
0.132489
0.0931484
0.107365
0.0845805
0.0918199
0.162378
0.0636001
0.136766
0.207149
0.197252
0.273873
0.273873
0.0785573
0.171882
0.273873
0.0179998
0.178156
0.204204
0.273873
0.0927249
0.112824
0.0615737
0.0664473
0.114165
0.0798631
0.118367
0.204963
0.180702
0.246562
0.273873
0.0840672
0.138344
0.254206
0.0390559
0.0343697
0.155152
0.180962
0.274114
0.251491
0.0438071
0.12263
0.254122
0.00619804
0.0362987
0.0545259
0.114396
0.286976
0.286976
0.145802
0.21981
0.286976
0.0136616
0.0381789
0.0303098
0.0797125
0.140652
0.149657
0.0252224
0.0709253
0.151066
0.00498903
0.0138134
0.0806291
0.0994777
0.286976
0.286976
0.102842
0.286976
0.286976
0.0705665
0.0199625
0.0454695
0.0488073
0.257851
0.257851
0.116697
0.21829
0.257851
0.0108037
0.0311176
0.0293714
0.0637366
0.126153
0.0891532
0.0607757
0.162569
0.257851
0.0337118
0.0373624
0.0502861
0.155999
0.257851
0.257851
0.0911125
0.248169
0.257851
0.0430226
0.0408133
0.0822654
0.0989381
0.168271
0.15237
0.140151
0.18386
0.218037
0.150604
0.198235
0.128544
0.250888
0.116201
0.0934164
0.0727117
0.167248
0.222048
0.0349804
0.0546023
0.0500369
0.167102
0.107822
0.0711146
0.0547633
0.0967029
0.0865826
0.068513
0.271889
0.271889
0.271889
0.181729
0.176149
0.148223
0.159507
0.160279
0.1592
0.259397
0.180231
0.253929
0.042821
0.116028
0.172982
0.0667686
0.0309265
0.096401
0.271889
0.271889
0.251112
0.12285
0.0879526
0.0646045
0.111129
0.109184
0.0761908
0.243455
0.261479
0.261479
0.165975
0.261479
0.203656
0.185709
0.261479
0.118001
0.261479
0.261479
0.233834
0.049797
0.134258
0.173643
0.059747
0.0366172
0.122328
0.261479
0.261479
0.133472
0.0159139
0.0786777
0.0643004
0.0546348
0.130793
0.149261
0.116563
0.0874312
0.0451823
0.0824476
0.131185
0.214099
0.214099
0.214099
0.155351
0.177286
0.188614
0.0679322
0.152793
0.179459
0.189096
0.192143
0.214099
0.0908179
0.138112
0.187207
0.112438
0.0994786
0.214099
0.214099
0.213217
0.212491
0.128061
0.143863
0.185187
0.111522
0.068745
0.141306
0.214099
0.163765
0.214099
0.147202
0.145553
0.158682
0.0800563
0.160002
0.197578
0.191541
0.217638
0.217638
0.0984508
0.147578
0.211859
0.16214
0.129928
0.217638
0.1205
0.126172
0.217638
0.149087
0.217638
0.217638
0.186549
0.0867164
0.158392
0.217638
0.182739
0.217638
0.125806
0.12819
0.186459
0.0784025
0.0735414
0.120715
0.111377
0.0944182
0.217638
0.0949901
0.187259
0.166223
0.114838
0.145254
0.14767
0.0765451
0.0837816
0.15018
0.0971879
0.152926
0.242585
0.242585
0.242585
0.242585
0.115527
0.145845
0.242585
0.0643503
0.0499127
0.222469
0.23147
0.0797988
0.077852
0.0710251
0.056058
0.204381
0.0391459
0.122775
0.222117
0.156817
0.242585
0.242585
0.17183
0.146614
0.137185
0.0198373
0.0532552
0.242585
0.218487
0.156954
0.172204
0.0288552
0.0735281
0.157973
0.00651898
0.0125852
0.0873961
0.110955
0.321892
0.321892
0.112793
0.321892
0.321892
0.0661945
0.0182457
0.043936
0.0598799
0.0900151
0.0743177
0.0377645
0.0465199
0.0573916
0.00109619
0.0121341
0.0845105
0.0640391
0.321892
0.321892
0.050134
0.321892
0.321892
0.0665837
0.0432283
0.0215808
0.0362779
0.254489
0.254489
0.0920237
0.253926
0.254489
0.0401378
0.0380733
0.0663037
0.0999866
0.129608
0.142971
0.120382
0.215753
0.254489
0.192005
0.185869
0.117219
0.17897
0.254489
0.254489
0.0361958
0.228473
0.254489
0.0310143
0.0235488
0.0151377
0.0490868
0.0582243
0.0412321
0.0628584
0.187732
0.254489
0.0739454
0.0612293
0.14364
0.210281
0.142418
0.169068
0.141009
0.181892
0.222871
0.200865
0.245474
0.165133
0.206646
0.0455774
0.143696
0.15871
0.0820172
0.0622534
0.110256
0.245474
0.245474
0.223756
0.0701264
0.0427938
0.0619089
0.149445
0.245474
0.102443
0.177049
0.190825
0.245474
0.0504256
0.0561803
0.0524613
0.0718822
0.1104
0.107386
0.231255
0.23217
0.245474
0.0791205
0.219758
0.209559
0.0906189
0.0979984
0.203639
0.300631
0.300631
0.214556
0.0244956
0.144334
0.0775729
0.0567784
0.164591
0.283605
0.149355
0.116925
0.057148
0.0877669
0.0741257
0.0730907
0.0582086
0.14367
0.195374
0.300631
0.300631
0.300631
0.0618724
0.155589
0.144614
0.0717779
0.0629008
0.0558073
0.0471774
0.117784
0.09416
0.110233
0.205794
0.221891
0.221891
0.221891
0.194284
0.161502
0.165183
0.104496
0.0822479
0.128288
0.221891
0.204719
0.221891
0.17103
0.215911
0.158134
0.0722018
0.070816
0.188555
0.135055
0.221891
0.221891
0.122152
0.185042
0.19408
0.111872
0.0576874
0.0960856
0.221891
0.179865
0.221891
0.0446892
0.0895549
0.104948
0.0708988
0.106307
0.149784
0.224457
0.224457
0.224457
0.151311
0.174993
0.184354
0.0809192
0.0736085
0.147826
0.131886
0.124839
0.224457
0.116935
0.213404
0.224457
0.14141
0.0741023
0.128996
0.224457
0.195332
0.224457
0.0685879
0.0774714
0.115728
0.0826971
0.0877516
0.140316
0.201806
0.140071
0.224457
0.160374
0.204961
0.224457
0.180649
0.0810179
0.0837171
0.0711203
0.0628816
0.212094
0.0505846
0.133108
0.241473
0.179289
0.241473
0.241473
0.192809
0.166336
0.195621
0.0237529
0.0560163
0.241473
0.218109
0.0820379
0.104717
0.143539
0.0676196
0.158334
0.0784212
0.111266
0.167466
0.186024
0.241473
0.241473
0.17166
0.168214
0.218458
0.0363968
0.056744
0.241473
0.241473
0.0921804
0.0726029
0.0382772
0.0462341
0.0624303
0.00179528
0.0117968
0.0960152
0.0629542
0.346845
0.346845
0.0623192
0.346845
0.346845
0.0870719
0.0346375
0.0165256
0.0364849
0.0645331
0.0503553
0.0454435
0.0361203
0.0509582
0.0039802
0.00958153
0.059363
0.0974509
0.346845
0.274567
0.0208663
0.346845
0.346845
0.0583528
0.0234215
0.0183492
0.0558691
0.262616
0.269625
0.0391917
0.219004
0.28056
0.039054
0.020045
0.00807862
0.0505943
0.0433982
0.038512
0.0521363
0.206347
0.28056
0.108289
0.143894
0.130486
0.192925
0.28056
0.169595
0.0176273
0.222839
0.28056
0.0296779
0.011685
0.00949457
0.0321054
0.10453
0.016645
0.0131158
0.0792772
0.133805
0.0388996
0.28056
0.28056
0.28056
0.0562725
0.0480217
0.066834
0.208803
0.264173
0.164327
0.254279
0.220269
0.264173
0.0503809
0.0477807
0.0395937
0.0984563
0.163446
0.143842
0.264173
0.264173
0.264173
0.116215
0.0285094
0.0195704
0.0805067
0.122971
0.0504367
0.264173
0.264173
0.264173
0.0288413
0.0540325
0.0307222
0.06528
0.058474
0.0655563
0.264173
0.198484
0.140673
0.0890896
0.0726064
0.0642049
0.0918442
0.262214
0.286857
0.286857
0.286857
0.286857
0.0747263
0.21044
0.192743
0.132245
0.0900665
0.0933176
0.0561452
0.178079
0.138127
0.0470701
0.1094
0.0520293
0.122953
0.106413
0.0917471
0.268136
0.234867
0.12829
0.0548792
0.205446
0.242184
0.0922751
0.0860251
0.0600295
0.109883
0.197333
0.177159
0.0762408
0.193415
0.159508
0.218707
0.218707
0.165501
0.172583
0.139838
0.0912287
0.0608703
0.104051
0.209704
0.211096
0.218707
0.0690436
0.157842
0.111073
0.0585291
0.143413
0.218707
0.187989
0.149795
0.218707
0.157706
0.140413
0.218707
0.118242
0.218707
0.184862
0.160941
0.188032
0.218707
0.105989
0.137016
0.188906
0.130655
0.0701613
0.12111
0.205707
0.219884
0.219884
0.101332
0.123729
0.0996594
0.0624464
0.0836514
0.178154
0.184031
0.10158
0.219884
0.130179
0.173899
0.219884
0.159649
0.148616
0.188499
0.176161
0.218035
0.219884
0.0820097
0.138613
0.186324
0.123464
0.165961
0.167709
0.168645
0.201477
0.219884
0.0735843
0.176932
0.219884
0.176441
0.0772732
0.123435
0.129946
0.0580981
0.168453
0.0843566
0.114078
0.203674
0.158039
0.23257
0.239279
0.170178
0.159985
0.239279
0.0253363
0.054717
0.239279
0.239279
0.138245
0.131239
0.137673
0.163684
0.210354
0.0659622
0.117719
0.179341
0.14214
0.225982
0.239279
0.11385
0.153407
0.203168
0.0532676
0.114787
0.214469
0.239279
0.0569131
0.0502687
0.0440942
0.0393671
0.0618443
0.00513308
0.0128626
0.06555
0.0925997
0.36926
0.22254
0.0231648
0.36926
0.36926
0.0821896
0.0253219
0.013222
0.0606298
0.0578438
0.0595114
0.0325662
0.0479574
0.0852892
0.0129276
0.0213654
0.0443838
0.141962
0.36926
0.273938
0.0173508
0.326582
0.36926
0.078652
0.017715
0.0140408
0.0425869
0.283814
0.125842
0.0159798
0.229533
0.283814
0.0374985
0.0123363
0.00727662
0.040844
0.103982
0.0142424
0.0087049
0.0661517
0.136985
0.0535649
0.283814
0.283814
0.283814
0.283814
0.142893
0.014959
0.18745
0.283814
0.0449504
0.0608999
0.0245968
0.0597761
0.0611582
0.0133625
0.0125074
0.0357105
0.115513
0.119344
0.283814
0.25935
0.283814
0.134252
0.0289522
0.0183096
0.0935724
0.162131
0.0742537
0.313239
0.313239
0.313239
0.0251083
0.0514249
0.0450174
0.0647854
0.0702045
0.0800982
0.313239
0.244045
0.135777
0.0880399
0.0102239
0.0221221
0.0580314
0.181352
0.20923
0.313239
0.313239
0.313239
0.00542612
0.00962104
0.0547982
0.0610131
0.0844092
0.149172
0.160716
0.0578389
0.0283486
0.0362662
0.14875
0.0996387
0.16327
0.165632
0.128299
0.23572
0.23572
0.113625
0.0783694
0.23572
0.23572
0.171689
0.149445
0.0865504
0.159507
0.23572
0.230377
0.0128675
0.025669
0.113399
0.143414
0.138263
0.23572
0.23572
0.18677
0.0647607
0.147068
0.23572
0.192379
0.0994972
0.223196
0.110182
0.176061
0.18007
0.0912993
0.112319
0.216387
0.183404
0.125736
0.216387
0.140805
0.150078
0.181518
0.0919316
0.194384
0.176756
0.163613
0.182442
0.216387
0.144677
0.16514
0.157794
0.123547
0.10293
0.184432
0.216387
0.161527
0.216387
0.0635088
0.183899
0.20246
0.0944252
0.141585
0.216387
0.216387
0.18515
0.16865
0.0800974
0.174903
0.145411
0.0979782
0.146541
0.178279
0.163648
0.199735
0.215433
0.12062
0.172184
0.158682
0.120403
0.166951
0.210326
0.164131
0.152643
0.215433
0.068901
0.193386
0.215433
0.137971
0.101929
0.215433
0.215433
0.166868
0.157927
0.0604338
0.202795
0.172532
0.112541
0.110615
0.158321
0.169827
0.215433
0.215433
0.0737223
0.15646
0.168816
0.113324
0.148067
0.16474
0.137778
0.135496
0.207149
0.0721151
0.147329
0.185
0.130236
0.240662
0.266889
0.122199
0.153124
0.194673
0.0694933
0.105307
0.217855
0.266889
0.0995009
0.10332
0.138411
0.129487
0.153684
0.0724781
0.142876
0.135536
0.107249
0.246571
0.182396
0.112177
0.0766207
0.107852
0.127259
0.184643
0.266889
0.266889
0.0751455
0.0728174
0.0391647
0.0586603
0.102742
0.0203146
0.0262556
0.0557062
0.177162
0.31946
0.31946
0.0333733
0.31946
0.31946
0.109536
0.114882
0.0640117
0.0433515
0.0679528
0.0476333
0.0312873
0.0264085
0.0430175
0.0371898
0.0520904
0.0886865
0.139239
0.25875
0.31946
0.113012
0.278414
0.268338
0.0948414
0.306188
0.143766
0.0307855
0.291046
0.255807
0.0278783
0.291046
0.291046
0.0676851
0.14565
0.0567709
0.0914771
0.0905483
0.0334802
0.0300878
0.0690979
0.197496
0.151297
0.291046
0.291046
0.291046
0.183551
0.24177
0.066
0.164659
0.180681
0.0550182
0.215647
0.0804179
0.0221689
0.0191238
0.0405544
0.0609321
0.0582627
0.0747368
0.0909099
0.257309
0.0922126
0.0288208
0.0968346
0.0251233
0.0349548
0.0793625
0.219519
0.191331
0.312613
0.312613
0.312613
0.00640226
0.00822651
0.0601099
0.0664299
0.0988258
0.139278
0.14205
0.078875
0.0460886
0.0233522
0.0327562
0.0618126
0.0394776
0.0757465
0.130344
0.312613
0.141885
0.0497812
0.0379022
0.122834
0.312613
0.175786
0.105461
0.141832
0.201546
0.271796
0.312613
0.00915802
0.0173849
0.0952341
0.106968
0.109668
0.190446
0.233981
0.153776
0.0802228
0.112355
0.269758
0.120523
0.0912613
0.179293
0.0642215
0.112977
0.145823
0.0674648
0.0537229
0.205604
0.269758
0.201894
0.127743
0.207963
0.269758
0.269758
0.269758
0.0827355
0.144996
0.253857
0.269428
0.157782
0.0624274
0.0559207
0.103536
0.137001
0.0932795
0.145122
0.220517
0.17527
0.220517
0.0580725
0.176048
0.176695
0.097189
0.106215
0.220517
0.220517
0.184379
0.194987
0.107704
0.17051
0.119526
0.0960526
0.0885864
0.12228
0.220517
0.185076
0.220517
0.116563
0.220517
0.220517
0.0994341
0.145414
0.220517
0.220517
0.149161
0.220517
0.0336338
0.0893954
0.180157
0.128834
0.108156
0.22303
0.22303
0.170073
0.176536
0.0873736
0.192437
0.158811
0.131577
0.130048
0.175415
0.159328
0.22303
0.22303
0.0843693
0.161456
0.193807
0.110825
0.176607
0.22303
0.22303
0.156721
0.202887
0.0352023
0.103794
0.173908
0.15301
0.105279
0.145446
0.0883141
0.22256
0.159573
0.0522596
0.081412
0.22303
0.22303
0.0761951
0.0784082
0.0795463
0.0770734
0.0841577
0.0497405
0.0836787
0.0878327
0.071092
0.174029
0.113511
0.0755657
0.0716957
0.110317
0.100801
0.106802
0.232634
0.339391
0.0585874
0.0931974
0.0409757
0.098874
0.0775921
0.0339069
0.0551335
0.161236
0.115389
0.339391
0.339391
0.339391
0.339391
0.339391
0.072617
0.0544383
0.110279
0.141289
0.0615592
0.039364
0.0280409
0.0269113
0.0401373
0.0376212
0.0417888
0.0680643
0.115182
0.238563
0.297804
0.100994
0.199024
0.184917
0.094461
0.297804
0.159372
0.0188084
0.161899
0.155939
0.236325
0.150639
0.195207
0.0756034
0.0591558
0.131902
0.0953024
0.0833951
0.144787
0.297804
0.297804
0.297804
0.29221
0.0737039
0.152231
0.0816445
0.182672
0.272596
0.0645421
0.127904
0.13257
0.0591506
0.258516
0.101115
0.0112231
0.012066
0.0548357
0.0808483
0.0756321
0.0864149
0.0761576
0.275526
0.078591
0.0146807
0.0153301
0.107231
0.294154
0.294154
0.294154
0.232378
0.0871589
0.19402
0.103669
0.00586716
0.0981836
0.294154
0.294154
0.294154
0.0805338
0.0707631
0.0184833
0.0130184
0.0107706
0.0473342
0.0951344
0.0574675
0.0683087
0.0802674
0.294291
0.0832939
0.0177357
0.021827
0.0754329
0.294291
0.126277
0.0757507
0.0835317
0.116926
0.216773
0.248412
0.00396783
0.104921
0.294291
0.294291
0.294291
0.067025
0.0464324
0.0187071
0.013528
0.137938
0.139058
0.294291
0.167248
0.0712072
0.023384
0.163449
0.294291
0.294291
0.0323279
0.13236
0.313654
0.178394
0.103298
0.129829
0.187122
0.224777
0.269636
0.0506413
0.119671
0.168305
0.158818
0.112572
0.0453521
0.0333559
0.0779613
0.0840419
0.161444
0.208949
0.313654
0.264367
0.105308
0.0533723
0.199596
0.313654
0.313654
0.0477081
0.0722713
0.0860022
0.112105
0.146374
0.0654681
0.054899
0.105795
0.100683
0.0253512
0.0503017
0.0776094
0.0918056
0.235967
0.12243
0.0818974
0.0626478
0.0256461
0.0318389
0.0517535
0.0540313
0.0517817
0.156115
0.154786
0.0347574
0.0372707
0.027847
0.208646
0.342391
0.298973
0.251797
0.342391
0.301453
0.171593
0.117997
0.0487184
0.0148784
0.0885329
0.0927416
0.0992089
0.342391
0.342391
0.0879698
0.0523374
0.0240287
0.0376734
0.0517981
0.0527282
0.0486412
0.133219
0.166726
0.0330057
0.0363844
0.0310941
0.0217721
0.0313118
0.016199
0.0538514
0.0649947
0.0342403
0.0153419
0.0839053
0.0490253
0.00834566
0.0869488
0.0907626
0.0969767
0.3514
0.3514
0.208163
0.02345
0.0106013
0.0268483
0.280834
0.178818
0.350774
0.3514
0.3514
0.3514
0.0251128
0.0148887
0.0210853
0.0335725
0.0137061
0.0366125
0.0451942
0.0266565
0.0184011
0.0574452
0.0355119
0.22778
0.205751
0.221092
0.202942
0.199178
0.0366669
0.0254842
0.0441852
0.0502312
0.0143569
0.169905
0.11477
0.220563
0.31278
0.31278
0.31278
0.0158227
0.00852845
0.12323
0.193266
0.162882
0.31278
0.31278
0.31278
0.0141454
0.0321492
0.0177089
0.129725
0.158017
0.147905
0.130995
0.180355
0.0695997
0.0590881
0.104289
0.0645975
0.081569
0.140901
0.253601
0.24069
0.304657
0.213382
0.0773466
0.117224
0.0495689
0.0993571
0.198221
0.121542
0.304657
0.304657
0.304657
0.0144506
0.0387259
0.0219972
0.0797269
0.160331
0.149985
0.213372
0.304657
0.123874
0.0148465
0.0226475
0.0204583
0.049487
0.151835
0.260453
0.256482
0.30118
0.228316
0.113859
0.184566
0.0754548
0.0086632
0.117504
0.30118
0.30118
0.30118
0.097832
0.109529
0.0292967
0.0191689
0.0976829
0.235618
0.17064
0.237521
0.30118
0.0814144
0.0146026
0.0350839
0.0291485
0.00841028
0.00600929
0.0265591
0.0758275
0.270846
0.0768139
0.0171154
0.0118658
0.00611171
0.00659252
0.117927
0.310639
0.310639
0.310639
0.0713557
0.0573295
0.0197674
0.0164352
0.130493
0.148463
0.310639
0.185963
0.0777206
0.0229239
0.131929
0.310639
0.310639
0.0110086
0.00674502
0.0243987
0.0727837
0.221921
0.0509506
0.0155495
0.00898449
0.0274513
0.144147
0.0278069
0.0123897
0.0333565
0.086794
0.028715
0.131379
0.310639
0.310639
0.161739
0.224202
0.347148
0.310029
0.115083
0.0468695
0.146094
0.347148
0.347148
0.0434439
0.0734111
0.0704516
0.0884416
0.12987
0.067284
0.0485229
0.113657
0.104416
0.181164
0.0337156
0.0181811
0.0596649
0.0976292
0.0310888
0.165919
0.347148
0.347148
0.0362785
0.0409601
0.0408003
0.119363
0.113328
0.0192513
0.038464
0.0936496
0.0472996
0.130414
0.274963
0.248371
0.232638
0.314492
0.306331
0.144833
0.0792406
0.0345699
0.0154674
0.0598357
0.0657041
0.0820399
0.314492
0.314492
0.0810651
0.0341208
0.0143864
0.184053
0.314492
0.126783
0.207182
0.314492
0.0134586
0.0865639
0.103437
0.0456905
0.0139611
0.0535341
0.135657
0.0550659
0.0741229
0.0272318
0.0686937
0.0542319
0.0150886
0.0112447
0.082559
0.089961
0.10941
0.372334
0.372334
0.197428
0.0234514
0.00961398
0.0275615
0.191673
0.162339
0.284524
0.372334
0.372334
0.302557
0.0308155
0.013812
0.0148315
0.0657553
0.143832
0.0803335
0.0681694
0.0439707
0.12019
0.0980092
0.0298603
0.0328737
0.101388
0.130442
0.139351
0.109818
0.0851032
0.0875924
0.0491779
0.0310104
0.0180062
0.143531
0.129361
0.215969
0.334439
0.334439
0.334439
0.0319068
0.0103926
0.117169
0.274453
0.142548
0.334439
0.334439
0.334439
0.0267938
0.0529727
0.02436
0.0249086
0.0818136
0.0885594
0.134114
0.120894
0.0956204
0.101932
0.0626679
0.0388528
0.0149859
0.0275719
0.0487446
0.130315
0.174596
0.0782717
0.0157204
0.00702844
0.00256553
0.164865
0.350364
0.154059
0.350364
0.350364
0.350364
0.0293971
0.0537576
0.018472
0.149999
0.30349
0.133089
0.27315
0.350364
0.15853
0.0265753
0.0118325
0.0123341
0.0100838
0.0203072
0.039388
0.157614
0.212533
0.0812574
0.0182729
0.011553
0.00337134
0.00662961
0.0183449
0.0273045
0.0684782
0.101754
0.043166
0.0263204
0.0126155
0.0105118
0.369599
0.369599
0.303749
0.369599
0.369599
0.178848
0.042835
0.0137434
0.0140318
0.017387
0.0114146
0.0436766
0.117645
0.369599
0.22669
0.0513113
0.0396136
0.0179869
0.00962069
0.0312246
0.0594806
0.130494
0.173898
0.061448
0.0473872
0.0325088
0.0166693
0.00382147
0.0225075
0.0597924
0.103177
0.165738
0.107633
0.0603367
0.0379641
0.0176051
0.022751
0.0103077
0.0276658
0.0807788
0.340189
0.103692
0.0297843
0.0186783
0.063352
0.256928
0.0392569
0.0213502
0.092799
0.206085
0.118831
0.293995
0.340189
0.340189
0.00182303
0.0113207
0.0386494
0.0538918
0.0849916
0.0550632
0.0345146
0.0242054
0.0104929
0.278576
0.0278458
0.0206242
0.0634183
0.221893
0.218464
0.222414
0.218162
0.340189
0.187744
0.0302572
0.0187056
0.0845308
0.138887
0.0636537
0.183414
0.295885
0.295885
0.0378073
0.0487087
0.0431861
0.125705
0.136171
0.0462749
0.0821462
0.116953
0.0679436
0.140107
0.0197577
0.0131833
0.0933356
0.219901
0.120788
0.175324
0.266232
0.295885
0.139941
0.0432569
0.0255498
0.132471
0.266819
0.0904163
0.286234
0.295885
0.295885
