0.10841
0.107064
0.118141
0.26618
0.30407
0.192003
0.102823
0.156676
0.148766
0.0443196
0.0446883
0.105161
0.267707
0.30407
0.243213
0.100083
0.145509
0.101312
0.103616
0.15963
0.108574
0.130369
0.207842
0.240083
0.168318
0.13849
0.153706
0.0635207
0.175654
0.0856938
0.145225
0.180494
0.215657
0.135278
0.116553
0.119911
0.0557991
0.0640935
0.0980927
0.234936
0.303665
0.25335
0.118511
0.16587
0.100454
0.0633081
0.115568
0.178111
0.27943
0.303665
0.163173
0.0896148
0.0902471
0.087048
0.0733204
0.162472
0.119067
0.172287
0.167529
0.205447
0.174781
0.12464
0.11577
0.06813
0.125414
0.211748
0.194045
0.199009
0.210173
0.117189
0.147466
0.150478
0.0611323
0.114008
0.162173
0.21782
0.28791
0.179032
0.0958658
0.0979521
0.0709671
0.0696462
0.0599218
0.0949732
0.185732
0.28791
0.265149
0.14009
0.211843
0.207839
0.0628228
0.110461
0.179245
0.147047
0.194353
0.178152
0.142405
0.14485
0.12801
0.0882622
0.0945904
0.141081
0.189828
0.196694
0.119199
0.10343
0.204153
0.28791
0.0708896
0.0738152
0.112774
0.19386
0.283687
0.232326
0.13092
0.180833
0.164777
0.0519504
0.0858131
0.111723
0.216813
0.283687
0.109351
0.156101
0.18469
0.127289
0.0752915
0.109546
0.144798
0.170751
0.20649
0.129923
0.122888
0.18723
0.240531
0.116443
0.153175
0.232771
0.1636
0.176011
0.138504
0.213453
0.165417
0.12138
0.0747753
0.131307
0.150494
0.266197
0.282682
0.154841
0.137642
0.192846
0.125007
0.0788983
0.0629955
0.0843002
0.23815
0.282682
0.215395
0.0876751
0.12953
0.156031
0.100496
0.169357
0.243955
0.193801
0.195234
0.16107
0.233719
0.161537
0.114405
0.0627675
0.128532
0.143021
0.197786
0.177285
0.102614
0.142972
0.129731
0.0767779
0.0932308
0.114307
0.126987
0.25397
0.29023
0.29023
0.0905284
0.185161
0.137852
0.116742
0.182536
0.14585
0.24159
0.29023
0.157002
0.099399
0.0918383
0.119269
0.0601864
0.126285
0.179635
0.215624
0.179423
0.122343
0.175142
0.135651
0.118474
0.168939
0.151281
0.0895121
0.159652
0.251623
0.0850157
0.11119
0.0876466
0.124649
0.0820309
0.190993
0.158088
0.24633
0.315277
0.182993
0.0886506
0.0792559
0.0933622
0.0605745
0.0953472
0.147046
0.315277
0.315277
0.1911
0.15567
0.0624809
0.119726
0.125006
0.110604
0.0867758
0.149871
0.239323
0.0872425
0.122137
0.105263
0.160371
0.100128
0.176971
0.169662
0.126467
0.209816
0.120088
0.144769
0.127454
0.216751
0.109079
0.175899
0.125864
0.147469
0.21201
0.21201
0.192006
0.166636
0.179729
0.0747356
0.204237
0.104357
0.144279
0.201765
0.21201
0.165345
0.172489
0.103438
0.106966
0.157972
0.121728
0.151243
0.21201
0.195095
0.21201
0.152041
0.155611
0.104347
0.201645
0.176241
0.207242
0.21201
0.173322
0.105115
0.12905
0.150523
0.0891538
0.190144
0.144076
0.180711
0.191103
0.208732
0.208332
0.18518
0.113769
0.084687
0.133196
0.208732
0.173726
0.195445
0.208732
0.153996
0.184148
0.150713
0.0828726
0.182396
0.164666
0.208732
0.208732
0.198554
0.142883
0.159093
0.208732
0.0612034
0.0769987
0.0791427
0.180993
0.208732
0.162397
0.176923
0.132324
0.142921
0.0791297
0.125854
0.207936
0.155864
0.190378
0.189479
0.16726
0.164908
0.128933
0.104813
0.104073
0.165093
0.196191
0.22084
0.136933
0.128449
0.22084
0.22084
0.0456986
0.0764872
0.102649
0.194791
0.216933
0.127983
0.182673
0.123286
0.165091
0.0951061
0.115512
0.176739
0.22084
0.22084
0.169541
0.22084
0.22084
0.155468
0.0800216
0.117128
0.16029
0.178008
0.208411
0.124862
0.123116
0.178507
0.208411
0.119571
0.158558
0.208411
0.151688
0.208411
0.13838
0.14401
0.188676
0.112388
0.082193
0.148106
0.193134
0.205469
0.208411
0.121006
0.185352
0.208411
0.152824
0.12411
0.208411
0.205368
0.105624
0.208411
0.105633
0.20443
0.195109
0.146708
0.118234
0.183633
0.212434
0.20099
0.212434
0.170567
0.181048
0.198779
0.107646
0.0583655
0.114058
0.150945
0.199753
0.212278
0.128969
0.133637
0.143278
0.0725156
0.167899
0.212434
0.212434
0.131311
0.203092
0.151235
0.188705
0.212434
0.14276
0.0893872
0.0955545
0.142559
0.074308
0.158008
0.202788
0.175847
0.195452
0.212434
0.0678835
0.11828
0.181775
0.215468
0.215468
0.166653
0.192634
0.176212
0.13104
0.215468
0.199511
0.102604
0.205425
0.215468
0.0863615
0.0945192
0.115542
0.145559
0.101592
0.141667
0.198342
0.119926
0.179874
0.215468
0.202167
0.215468
0.197726
0.0406756
0.215468
0.196478
0.174893
0.208137
0.145504
0.107172
0.141556
0.0592651
0.177718
0.148905
0.0820563
0.172146
0.210579
0.111023
0.11091
0.127109
0.183011
0.129633
0.210537
0.199639
0.200565
0.210579
0.156485
0.182501
0.132522
0.210579
0.0242099
0.210579
0.210579
0.17199
0.210579
0.125112
0.117452
0.19532
0.0346284
0.0586327
0.210579
0.186784
0.210579
0.210579
0.154376
0.13428
0.150836
0.134286
0.0995084
0.201296
0.157007
0.206246
0.212834
0.193633
0.212834
0.206843
0.172301
0.101951
0.212834
0.187666
0.212834
0.212834
0.189438
0.163243
0.200638
0.135599
0.10841
0.159947
0.163476
0.188532
0.169766
0.131513
0.0902236
0.166369
0.133662
0.0459617
0.102742
0.125074
0.160375
0.207571
0.110805
0.103205
0.212834
0.119966
0.0799014
0.178776
0.153881
0.184422
0.213616
0.186245
0.16091
0.19043
0.192111
0.0896095
0.106422
0.157705
0.185173
0.199908
0.174317
0.213616
0.152483
0.163582
0.064939
0.0961361
0.141074
0.155467
0.182599
0.137362
0.107072
0.19977
0.114571
0.0934472
0.136147
0.213616
0.213616
0.213616
0.213616
0.213616
0.194407
0.112303
0.0760543
0.115992
0.185865
0.200474
0.166777
0.13818
0.18461
0.129863
0.18207
0.102699
0.104835
0.157726
0.214345
0.214345
0.162285
0.198352
0.214345
0.153558
0.114704
0.141114
0.214345
0.205703
0.179413
0.214345
0.214345
0.160304
0.129044
0.0732979
0.203406
0.206694
0.137103
0.1227
0.135833
0.214345
0.140421
0.0795478
0.0926953
0.155281
0.209358
0.209358
0.209358
0.12805
0.14745
0.209358
0.178463
0.126018
0.197923
0.209358
0.106915
0.209358
0.10949
0.195797
0.209358
0.139646
0.0802828
0.209358
0.204934
0.129894
0.118781
0.101215
0.209358
0.154885
0.112813
0.0920866
0.186014
0.114221
0.182767
0.168241
0.0920922
0.200774
0.209358
0.172272
0.161382
0.210443
0.210443
0.13085
0.210443
0.149129
0.169427
0.210443
0.140195
0.0896827
0.0904742
0.164471
0.0730107
0.177092
0.210443
0.207122
0.182426
0.192978
0.0999293
0.209316
0.147356
0.19042
0.180047
0.123003
0.183844
0.210443
0.178621
0.0526122
0.114051
0.138114
0.194119
0.18113
0.210443
0.160972
0.0892192
0.136391
0.0980962
0.12266
0.200621
0.102707
0.180127
0.210525
0.210525
0.210525
0.157231
0.0498601
0.210525
0.192679
0.192265
0.186537
0.165407
0.136369
0.130612
0.0471103
0.0769864
0.142438
0.177887
0.210525
0.178866
0.210525
0.177703
0.110521
0.137039
0.136229
0.210525
0.191312
0.200269
0.207758
0.138235
0.125635
0.127855
0.196005
0.04409
0.213496
0.204162
0.174428
0.191468
0.152673
0.132417
0.166431
0.0309462
0.0742324
0.193267
0.168377
0.213496
0.213496
0.176273
0.155072
0.120761
0.100176
0.143391
0.213496
0.182884
0.213496
0.194202
0.125513
0.117665
0.116995
0.204283
0.213496
0.210313
0.114774
0.213496
0.213496
0.143352
0.0878332
0.115078
0.168941
0.0997872
0.187709
0.187228
0.213396
0.201694
0.134769
0.088453
0.189963
0.14995
0.0555912
0.123783
0.120054
0.191884
0.19805
0.120814
0.171959
0.213396
0.135535
0.0761895
0.202981
0.213396
0.169072
0.213396
0.210619
0.201036
0.167157
0.127954
0.0852161
0.193756
0.15864
0.213396
0.213396
0.122731
0.118981
0.168033
0.133337
0.0740085
0.10733
0.132404
0.156989
0.167001
0.141627
0.153441
0.186896
0.128298
0.130168
0.158882
0.225865
0.225865
0.225865
0.225865
0.225865
0.210904
0.143425
0.0618288
0.168219
0.113257
0.199115
0.225865
0.105522
0.109513
0.165115
0.12382
0.0509944
0.196728
0.164145
0.190375
0.208307
0.167652
0.193643
0.191497
0.0643617
0.151552
0.164705
0.215959
0.215959
0.168059
0.215959
0.215959
0.178967
0.169661
0.107418
0.184184
0.185955
0.177639
0.142438
0.144372
0.204583
0.147806
0.113595
0.0712171
0.21405
0.161012
0.160434
0.170154
0.134018
0.173985
0.178735
0.0921015
0.141171
0.183848
0.131803
0.215959
0.109576
0.131564
0.170633
0.125435
0.181354
0.117844
0.197945
0.206776
0.18398
0.149303
0.120008
0.194318
0.170385
0.169575
0.0911968
0.146824
0.149153
0.195532
0.202495
0.12068
0.206776
0.206776
0.149736
0.156672
0.202774
0.17241
0.206776
0.135228
0.13299
0.199276
0.154446
0.20495
0.124938
0.162236
0.206776
0.189441
0.101896
0.0551785
0.206776
0.136557
0.0955922
0.096727
0.167408
0.201228
0.214092
0.220154
0.141468
0.220154
0.220154
0.163515
0.0536484
0.112022
0.12923
0.202154
0.220154
0.220154
0.220154
0.108796
0.130668
0.119926
0.163687
0.220154
0.159748
0.157165
0.109654
0.220154
0.165115
0.117104
0.0353293
0.126649
0.104694
0.14507
0.220154
0.167828
0.154006
0.184123
0.109316
0.0745496
0.139776
0.160982
0.204607
0.213348
0.213348
0.213348
0.12369
0.131976
0.139336
0.213348
0.213348
0.190634
0.212919
0.20868
0.213348
0.136906
0.169926
0.0401233
0.129053
0.103402
0.136572
0.213348
0.213348
0.211732
0.167875
0.129487
0.103269
0.10405
0.0864309
0.101527
0.163944
0.213348
0.156736
0.130047
0.165783
0.149035
0.213193
0.186757
0.19825
0.169609
0.177251
0.17787
0.131141
0.165401
0.213193
0.200222
0.119038
0.195196
0.213193
0.145089
0.154246
0.110477
0.138335
0.101858
0.0926658
0.0952612
0.120725
0.171185
0.209447
0.132737
0.100192
0.128657
0.106321
0.203718
0.188033
0.200745
0.213193
0.213193
0.213193
0.152444
0.11952
0.086641
0.203955
0.197157
0.158119
0.211059
0.155145
0.138681
0.148211
0.120263
0.101802
0.165162
0.124795
0.186721
0.211059
0.131867
0.128615
0.132083
0.144079
0.147394
0.211059
0.211059
0.211059
0.211059
0.160452
0.211059
0.211059
0.143556
0.120921
0.19292
0.16444
0.134894
0.191291
0.180709
0.166714
0.128645
0.109371
0.105638
0.169332
0.107476
0.190111
0.213391
0.124612
0.155405
0.183167
0.18576
0.0806127
0.169382
0.177668
0.197975
0.213391
0.174753
0.185229
0.194718
0.0928285
0.154429
0.20806
0.127133
0.15864
0.213391
0.142366
0.154821
0.117696
0.152369
0.139079
0.132488
0.0639753
0.110179
0.210094
0.213391
0.202983
0.177447
0.213391
0.0996648
0.174326
0.170168
0.184697
0.188991
0.131235
0.149174
0.176999
0.116346
0.144337
0.179607
0.126337
0.213273
0.19604
0.149002
0.117096
0.143097
0.213273
0.148248
0.122891
0.060646
0.119661
0.213273
0.183932
0.159187
0.14621
0.20075
0.171493
0.213273
0.147414
0.19589
0.213273
0.114978
0.201736
0.142851
0.213273
0.148385
0.175265
0.161531
0.208225
0.187247
0.142482
0.154775
0.158188
0.208225
0.151001
0.163333
0.175282
0.167936
0.145447
0.110912
0.208225
0.143844
0.0765909
0.16781
0.208225
0.14012
0.173383
0.208225
0.145756
0.199985
0.129983
0.204923
0.13969
0.192004
0.127929
0.145495
0.208225
0.192615
0.150729
0.135046
0.135322
0.136933
0.150417
0.204872
0.144846
0.17361
0.140566
0.216318
0.190572
0.0922496
0.028611
0.136565
0.113014
0.111122
0.216318
0.149918
0.200299
0.191856
0.101422
0.120305
0.216318
0.138429
0.119199
0.209616
0.216318
0.216318
0.199193
0.136378
0.11932
0.216318
0.197536
0.10911
0.186567
0.12938
0.215202
0.193427
0.124132
0.0305627
0.152255
0.132161
0.118244
0.227697
0.212609
0.227697
0.227697
0.134588
0.0933662
0.104259
0.118379
0.0953418
0.142329
0.227697
0.200722
0.149035
0.175969
0.135588
0.227697
0.227697
0.10718
0.153014
0.152757
0.227697
0.227697
0.169207
0.109247
0.122368
0.118911
0.0897068
0.124124
0.207239
0.144487
0.156569
0.227697
0.123845
0.107174
0.132422
0.120884
0.160668
0.221923
0.188112
0.157656
0.155091
0.147779
0.221923
0.221923
0.221923
0.221923
0.221923
0.221923
0.177414
0.129256
0.110235
0.150414
0.150806
0.106173
0.13827
0.17775
0.138812
0.125548
0.221923
0.133954
0.135812
0.139417
0.173613
0.221923
0.168025
0.114284
0.141313
0.126019
0.152946
0.207689
0.212222
0.212222
0.212222
0.136826
0.173047
0.212222
0.129943
0.109658
0.181757
0.148952
0.105677
0.168411
0.20903
0.165651
0.151674
0.131005
0.0780423
0.174734
0.186371
0.173784
0.212222
0.174193
0.0755232
0.149604
0.204469
0.113661
0.212222
0.0883428
0.126323
0.212222
0.143543
0.163704
0.13663
0.173293
0.157178
0.183958
0.13887
0.138073
0.217607
0.170867
0.158881
0.143425
0.184963
0.126562
0.107973
0.0555088
0.11278
0.217607
0.217607
0.185871
0.126383
0.217607
0.142416
0.217607
0.0896548
0.117116
0.217607
0.163134
0.167637
0.162015
0.179378
0.118158
0.0956818
0.0149872
0.145328
0.204525
0.205064
0.217607
0.193768
0.217607
0.150832
0.0999462
0.0677189
0.138759
0.21736
0.181762
0.142129
0.102167
0.21736
0.126703
0.185398
0.146321
0.21736
0.21736
0.128279
0.184174
0.1577
0.21736
0.121219
0.124871
0.020824
0.134678
0.182741
0.162356
0.205116
0.169498
0.180214
0.21736
0.21736
0.150652
0.121085
0.202678
0.123556
0.209157
0.152614
0.171218
0.137795
0.190941
0.14735
0.200863
0.212187
0.14649
0.1824
0.145128
0.185071
0.173044
0.212187
0.105506
0.166721
0.212187
0.212187
0.135009
0.124665
0.127665
0.197446
0.212187
0.11555
0.105917
0.182945
0.124905
0.18919
0.136905
0.127088
0.106729
0.202985
0.204589
0.191071
0.212187
0.135646
0.132545
0.137079
0.119774
0.152584
0.2228
0.122134
0.13414
0.191614
0.221109
0.2228
0.222339
0.133798
0.102613
0.2228
0.21311
0.125062
0.153958
0.140938
0.2228
0.169263
0.114468
0.0953265
0.168091
0.164257
0.172243
0.2228
0.168904
0.158776
0.140083
0.112196
0.0902811
0.205758
0.13809
0.176521
0.2228
0.116496
0.119022
0.102753
0.131038
0.110853
0.240313
0.240313
0.126267
0.12675
0.148727
0.240313
0.240313
0.169639
0.0934121
0.111945
0.141785
0.101064
0.108605
0.216842
0.143622
0.157088
0.240313
0.104636
0.22045
0.140633
0.207647
0.240313
0.139846
0.16125
0.146048
0.210071
0.094003
0.114582
0.121906
0.118884
0.157616
0.115171
0.110594
0.176453
0.191613
0.11964
0.160504
0.182274
0.123302
0.126524
0.21169
0.158388
0.16149
0.21169
0.15573
0.182795
0.164701
0.183713
0.21169
0.172735
0.0962931
0.147636
0.158892
0.112566
0.141619
0.151422
0.147616
0.158064
0.129126
0.126354
0.21169
0.21169
0.122363
0.21169
0.21169
0.167874
0.209415
0.159878
0.145161
0.189161
0.146444
0.0966693
0.157479
0.193415
0.168605
0.206748
0.18138
0.0835229
0.177162
0.179541
0.108879
0.206748
0.114471
0.145304
0.206748
0.118924
0.163526
0.182665
0.206748
0.0919036
0.194077
0.206748
0.191529
0.147122
0.138539
0.169053
0.168298
0.184248
0.131667
0.17314
0.143443
0.171491
0.175873
0.116887
0.206748
0.194416
0.159874
0.119837
0.21123
0.118979
0.118679
0.21123
0.133877
0.150626
0.177119
0.19574
0.129479
0.106633
0.015606
0.14211
0.190643
0.188541
0.21123
0.16222
0.21123
0.1458
0.193514
0.178806
0.159506
0.183269
0.148914
0.18821
0.174426
0.134759
0.165819
0.21123
0.196228
0.170805
0.183785
0.12229
0.21123
0.140564
0.114266
0.13429
0.140313
0.0319866
0.142136
0.168071
0.155773
0.205138
0.130421
0.2026
0.165889
0.207631
0.184626
0.141767
0.207631
0.146752
0.191604
0.157986
0.124491
0.161345
0.207631
0.207631
0.16925
0.17898
0.140941
0.207631
0.123413
0.12219
0.115819
0.207631
0.173641
0.193924
0.184113
0.141923
0.199676
0.115338
0.155584
0.172122
0.21185
0.160711
0.130519
0.202577
0.153299
0.181176
0.153937
0.102815
0.12169
0.206007
0.21185
0.21185
0.21185
0.136273
0.131596
0.133051
0.123174
0.121749
0.205827
0.170015
0.209332
0.21185
0.17439
0.205215
0.115359
0.144941
0.13837
0.132534
0.0884677
0.126667
0.21185
0.21185
0.106056
0.124151
0.17807
0.123448
0.18891
0.181177
0.194446
0.229896
0.17512
0.178657
0.153429
0.126137
0.0954537
0.229896
0.158852
0.19479
0.229896
0.153436
0.150435
0.0737949
0.126769
0.135878
0.135849
0.105679
0.152719
0.229896
0.229896
0.126538
0.129576
0.160626
0.0445551
0.141902
0.229896
0.222239
0.188941
0.115067
0.097969
0.184412
0.158887
0.0924179
0.2261
0.134218
0.193651
0.228529
0.152916
0.185983
0.111162
0.171771
0.0737204
0.129629
0.101565
0.149368
0.173102
0.133234
0.144839
0.170772
0.159925
0.0316716
0.156317
0.228529
0.228529
0.228529
0.0878834
0.125954
0.204973
0.202927
0.0884653
0.145926
0.146853
0.228529
0.228529
0.148803
0.143123
0.12481
0.228529
0.0831825
0.144713
0.117899
0.147073
0.148572
0.132047
0.143973
0.186581
0.193373
0.112282
0.21284
0.183338
0.17807
0.193099
0.182348
0.137256
0.128774
0.169525
0.0776139
0.183227
0.151484
0.21284
0.21284
0.154689
0.167792
0.149553
0.21284
0.0705852
0.174544
0.21284
0.183219
0.21284
0.147921
0.13595
0.167506
0.21284
0.129514
0.180562
0.19976
0.149087
0.127459
0.150639
0.163131
0.187468
0.167229
0.117044
0.145901
0.155023
0.172843
0.208897
0.0939347
0.208897
0.208897
0.16044
0.208897
0.208897
0.208897
0.155701
0.174141
0.0778799
0.143949
0.208897
0.136555
0.0838618
0.201767
0.0882596
0.175878
0.208897
0.105291
0.170162
0.208897
0.130863
0.137371
0.185863
0.182474
0.168955
0.210708
0.1215
0.203928
0.196206
0.1406
0.163884
0.210708
0.17505
0.177413
0.20967
0.0943984
0.210708
0.165218
0.137844
0.106447
0.210708
0.100231
0.161097
0.210708
0.105751
0.186284
0.210708
0.112598
0.114589
0.172098
0.0981054
0.112378
0.146886
0.158987
0.210708
0.111448
0.202551
0.155095
0.208013
0.192128
0.167972
0.199507
0.116877
0.187364
0.116156
0.135281
0.102265
0.208013
0.185881
0.175511
0.208013
0.151391
0.189661
0.117997
0.137045
0.1488
0.208013
0.104292
0.111565
0.196586
0.12988
0.187108
0.0736343
0.146832
0.114686
0.171398
0.132285
0.208013
0.208013
0.180083
0.197338
0.184061
0.187564
0.110085
0.185528
0.167531
0.177487
0.208573
0.173724
0.175696
0.110643
0.138679
0.156744
0.172588
0.0820016
0.104495
0.208573
0.208573
0.0921268
0.112677
0.208573
0.144607
0.200141
0.106128
0.208573
0.208573
0.158192
0.162939
0.17255
0.190778
0.135506
0.168549
0.111257
0.182506
0.208573
0.172392
0.15934
0.158168
0.202758
0.160183
0.182423
0.0865935
0.132344
0.211205
0.211205
0.114802
0.148685
0.20899
0.0609265
0.161373
0.211205
0.181233
0.157185
0.128198
0.109272
0.141155
0.155263
0.140692
0.187892
0.125576
0.198381
0.211205
0.207261
0.173643
0.203039
0.211205
0.114109
0.108469
0.211205
0.206709
0.137127
0.134554
0.0992901
0.162123
0.211205
0.0391005
0.143179
0.184985
0.18884
0.195904
0.0976657
0.127667
0.17266
0.165629
0.0894087
0.133563
0.118611
0.225359
0.225359
0.142157
0.158601
0.113308
0.186942
0.108542
0.109497
0.215187
0.225359
0.225359
0.115309
0.088484
0.16036
0.213969
0.195652
0.167234
0.196946
0.225359
0.225359
0.117267
0.0994846
0.0817825
0.225359
0.0815144
0.156521
0.134245
0.228727
0.228727
0.131417
0.17664
0.141828
0.201734
0.0797987
0.156122
0.186149
0.204827
0.228727
0.148607
0.160531
0.146375
0.195779
0.179971
0.181684
0.177152
0.228727
0.228727
0.088807
0.0762845
0.0704338
0.228727
0.129552
0.119016
0.172305
0.145622
0.179396
0.133445
0.1456
0.176977
0.113559
0.197804
0.216786
0.216786
0.132042
0.198966
0.105843
0.126337
0.216786
0.122455
0.0853182
0.15951
0.0861659
0.165092
0.216786
0.105712
0.178393
0.174655
0.131774
0.162652
0.216786
0.216786
0.216786
0.216786
0.0982108
0.155108
0.216786
0.119108
0.0715467
0.186657
0.216786
0.116723
0.166695
0.117864
0.151053
0.190618
0.0685396
0.117791
0.214354
0.0949431
0.186582
0.214354
0.118357
0.201529
0.214354
0.124045
0.0979998
0.154748
0.0843687
0.140227
0.205789
0.149467
0.194769
0.105374
0.208354
0.109872
0.20603
0.214354
0.176395
0.214354
0.156691
0.180706
0.214354
0.102388
0.0855687
0.137657
0.124723
0.191415
0.214354
0.205242
0.115851
0.0992204
0.189734
0.1407
0.219036
0.0904781
0.16305
0.219036
0.143246
0.160181
0.0788235
0.165825
0.12244
0.187461
0.137384
0.219036
0.219036
0.216756
0.219036
0.208039
0.219036
0.113708
0.121845
0.0950759
0.210097
0.219036
0.214854
0.116671
0.0833584
0.183161
0.0577975
0.0695444
0.11708
0.219036
0.208908
0.0939277
0.139086
0.186588
0.112792
0.145114
0.202995
0.105971
0.212806
0.218293
0.175726
0.175273
0.186011
0.218293
0.179708
0.218293
0.112788
0.200988
0.218293
0.164101
0.179381
0.183851
0.218293
0.0606862
0.0824025
0.099777
0.174969
0.20028
0.0986255
0.148654
0.188168
0.0955901
0.12407
0.180298
0.148084
0.164456
0.146783
0.0886071
0.11782
0.218293
0.114502
0.161202
0.213526
0.110294
0.192883
0.213526
0.160145
0.174553
0.213526
0.213526
0.116856
0.116038
0.167199
0.206188
0.166327
0.130959
0.103413
0.15663
0.213526
0.112538
0.191069
0.135231
0.149797
0.211936
0.131773
0.142115
0.213526
0.145984
0.0838239
0.0486501
0.15886
0.213526
0.213526
0.126791
0.150664
0.140864
0.198033
0.109324
0.11367
0.174964
0.218184
0.225262
0.107141
0.0933483
0.186259
0.22038
0.200465
0.151359
0.181259
0.225262
0.225262
0.119808
0.10689
0.0869182
0.213469
0.0876793
0.0545603
0.167691
0.225262
0.225262
0.143134
0.133019
0.140628
0.225262
0.0819078
0.184754
0.177089
0.225262
0.178788
0.0944695
0.129796
0.174633
0.0788883
0.196426
0.171158
0.185314
0.229249
0.229249
0.0883042
0.0927064
0.0947997
0.221126
0.1627
0.12004
0.179293
0.184471
0.203218
0.113661
0.177625
0.187689
0.122982
0.089471
0.19361
0.184983
0.229249
0.176938
0.0790453
0.113509
0.178477
0.102112
0.128865
0.229249
0.187024
0.151923
0.172167
0.0922243
0.101893
0.190401
0.195537
0.165772
0.221154
0.221154
0.221154
0.221154
0.157562
0.177346
0.221154
0.135624
0.111522
0.186682
0.207574
0.159622
0.221154
0.131636
0.166343
0.158349
0.0945476
0.0544719
0.143403
0.104511
0.221154
0.221154
0.131291
0.153988
0.150196
0.103109
0.0923303
0.141307
0.14697
0.160692
0.221154
0.108251
0.171893
0.133946
0.138148
0.129063
0.1802
0.209017
0.209017
0.209017
0.152053
0.17706
0.201751
0.136406
0.0774963
0.147815
0.126029
0.195468
0.209017
0.209017
0.11423
0.10124
0.187608
0.0912323
0.204238
0.171014
0.172937
0.209017
0.107277
0.180234
0.154007
0.169807
0.113041
0.1904
0.149771
0.0879521
0.158477
0.192535
0.147992
0.147698
0.209017
0.0988672
0.141945
0.108807
0.221493
0.221493
0.221493
0.108705
0.105321
0.189109
0.0823497
0.11004
0.145663
0.221493
0.221493
0.119974
0.14713
0.195476
0.169144
0.117392
0.221493
0.202366
0.11544
0.197421
0.163573
0.0982074
0.155933
0.187469
0.0940703
0.173822
0.203319
0.221493
0.218402
0.11597
0.0614132
0.126123
0.221493
0.0909358
0.118787
0.130434
0.216715
0.216715
0.135666
0.164793
0.209896
0.162493
0.148545
0.216715
0.120915
0.198862
0.194698
0.134019
0.158856
0.216715
0.152205
0.104073
0.214889
0.200108
0.216715
0.216715
0.12366
0.0439289
0.122499
0.216715
0.128924
0.146836
0.140139
0.110204
0.216715
0.216715
0.0908704
0.125802
0.134411
0.130199
0.211075
0.100314
0.171135
0.219503
0.148045
0.16147
0.219503
0.165486
0.0798744
0.0739968
0.138086
0.219503
0.219503
0.151572
0.171343
0.125616
0.202567
0.112725
0.120981
0.113757
0.102554
0.209906
0.219503
0.114076
0.125914
0.138304
0.0769428
0.184002
0.219503
0.219503
0.219503
0.139838
0.21059
0.13804
0.180709
0.0922672
0.0881193
0.149466
0.221981
0.221981
0.151043
0.150272
0.130669
0.221981
0.0692929
0.1548
0.160764
0.221981
0.221981
0.100327
0.119565
0.132191
0.0940283
0.0579101
0.133819
0.221981
0.221981
0.221981
0.174021
0.221981
0.155194
0.216812
0.045157
0.169588
0.221981
0.198894
0.221981
0.141711
0.135882
0.129294
0.0577524
0.0902904
0.192022
0.182434
0.215574
0.215574
0.0875314
0.122705
0.168313
0.133866
0.157965
0.215574
0.201375
0.215574
0.215574
0.112408
0.122401
0.171061
0.215574
0.0490738
0.135733
0.215574
0.215574
0.215574
0.165356
0.157656
0.115264
0.0508838
0.0650252
0.152411
0.113821
0.214897
0.215574
0.101351
0.182664
0.166983
0.136387
0.0971433
0.163274
0.113355
0.210989
0.210989
0.19225
0.177679
0.113093
0.123831
0.138192
0.170172
0.130069
0.200286
0.210989
0.183183
0.184171
0.114566
0.160361
0.100166
0.164453
0.111582
0.165435
0.210989
0.162608
0.178531
0.171988
0.193319
0.105136
0.205023
0.210989
0.140479
0.210989
0.186457
0.119997
0.152152
0.169103
0.112279
0.197221
0.149201
0.197864
0.210739
0.145836
0.177899
0.117503
0.18188
0.101967
0.159503
0.144496
0.122359
0.153431
0.201823
0.160696
0.150103
0.210739
0.102996
0.210739
0.210739
0.200396
0.210739
0.184028
0.13527
0.109235
0.122688
0.060115
0.130634
0.174555
0.203972
0.184556
0.210739
0.210739
0.163317
0.0932049
0.0925853
0.202168
0.186196
0.146699
0.194778
0.139313
0.0894401
0.147332
0.167847
0.126286
0.186892
0.212349
0.212349
0.212349
0.0950035
0.0746913
0.116804
0.212349
0.0448495
0.14768
0.173191
0.212349
0.19065
0.200371
0.212349
0.166138
0.0891506
0.0924837
0.191632
0.204644
0.146528
0.212349
0.195251
0.185877
0.173002
0.0853245
0.133909
0.211288
0.211288
0.211288
0.211288
0.0986165
0.0467624
0.120544
0.211288
0.133455
0.128654
0.0993083
0.0961657
0.17132
0.211288
0.121113
0.138185
0.144407
0.0896822
0.190062
0.205154
0.156818
0.211288
0.177164
0.206372
0.188241
0.09925
0.128268
0.211288
0.19684
0.209846
0.211288
0.156771
0.129604
0.146249
0.155871
0.131051
0.133964
0.100573
0.103473
0.176865
0.213669
0.129437
0.130999
0.169168
0.0784672
0.21326
0.213669
0.213669
0.213669
0.190352
0.204881
0.123409
0.201689
0.128078
0.213669
0.206477
0.213669
0.184152
0.142988
0.169135
0.17505
0.136164
0.0968768
0.202449
0.110287
0.130268
0.213669
0.14315
0.144911
0.160581
0.0833231
0.0662224
0.180868
0.221291
0.221291
0.221291
0.219827
0.217756
0.145224
0.221291
0.0463801
0.180909
0.221291
0.196795
0.221291
0.138431
0.123063
0.100265
0.0907592
0.0724904
0.186856
0.13115
0.148438
0.209934
0.125862
0.208401
0.221291
0.0971451
0.0792404
0.14196
0.0742503
0.110068
0.148279
0.110231
0.201514
0.215144
0.140704
0.0587366
0.152638
0.219441
0.219437
0.219441
0.169976
0.157197
0.099948
0.0975774
0.0612158
0.140522
0.152915
0.219441
0.219441
0.14946
0.219441
0.159447
0.151699
0.0765253
0.155082
0.101785
0.158985
0.180912
0.141957
0.219441
0.219441
0.14997
0.11716
0.103391
0.0963878
0.219441
0.213622
0.219441
0.188733
0.16245
0.136666
0.126639
0.171329
0.104846
0.128534
0.218035
0.19496
0.177158
0.135814
0.18747
0.126301
0.206661
0.218035
0.108245
0.218035
0.218035
0.145372
0.122068
0.161303
0.0754526
0.180217
0.154788
0.118052
0.218035
0.13513
0.148045
0.140651
0.19313
0.103078
0.091859
0.133848
0.177498
0.218035
0.133181
0.178374
0.218035
0.218035
0.126845
0.213399
0.213399
0.165605
0.213399
0.213399
0.125224
0.0969252
0.137264
0.0764306
0.118556
0.177026
0.213399
0.161557
0.213399
0.196133
0.154141
0.105402
0.103525
0.0982556
0.140578
0.201158
0.213399
0.109663
0.204997
0.203316
0.181651
0.104278
0.20113
0.213399
0.156519
0.208868
0.126623
0.16972
0.11268
0.107763
0.069571
0.13092
0.179393
0.20991
0.175743
0.16562
0.186874
0.166267
0.106438
0.1225
0.199084
0.209107
0.150102
0.20991
0.20991
0.173551
0.196579
0.0804506
0.109763
0.203487
0.20991
0.17793
0.200078
0.144331
0.180587
0.0841329
0.0881849
0.11682
0.20991
0.20991
0.152489
0.187478
0.20991
0.146369
0.1331
0.0665543
0.106003
0.19103
0.18974
0.134034
0.203567
0.179882
0.169026
0.186233
0.0876298
0.102007
0.203567
0.174664
0.183813
0.192768
0.140228
0.127093
0.139785
0.130521
0.117057
0.203567
0.160577
0.179449
0.173697
0.199269
0.198723
0.200271
0.0892623
0.104963
0.203567
0.178861
0.179857
0.203567
0.0927723
0.143374
0.203567
0.168736
0.105545
0.212048
0.212048
0.194499
0.16094
0.144828
0.161684
0.161906
0.130625
0.0995598
0.208163
0.146856
0.123978
0.212048
0.175427
0.139827
0.140942
0.111195
0.114283
0.191514
0.161659
0.212048
0.212048
0.0900641
0.212048
0.212048
0.211726
0.0943209
0.167777
0.121058
0.138599
0.212048
0.169529
0.137892
0.167944
0.163106
0.0833531
0.208653
0.183926
0.152945
0.208653
0.162101
0.189356
0.208653
0.127762
0.0870428
0.19814
0.0973676
0.117374
0.17554
0.0964533
0.208653
0.208653
0.170523
0.114981
0.190928
0.111992
0.154547
0.208653
0.170298
0.187301
0.186639
0.164817
0.208653
0.208653
0.196787
0.0918978
0.131929
0.124994
0.201095
0.168272
0.0930667
0.0801057
0.194351
0.107258
0.155133
0.182947
0.126101
0.214991
0.214991
0.164506
0.0943139
0.118998
0.118019
0.211923
0.199719
0.214991
0.20494
0.160908
0.129618
0.214991
0.214991
0.190852
0.0757095
0.113917
0.125445
0.199381
0.171677
0.0698188
0.095873
0.141903
0.15509
0.160843
0.0613749
0.210332
0.214991
0.214991
0.203847
0.0822759
0.20538
0.158607
0.0998691
0.208291
0.146536
0.131843
0.150934
0.18049
0.113946
0.11139
0.11581
0.12779
0.208291
0.189967
0.181923
0.200204
0.208291
0.111289
0.208291
0.208291
0.197829
0.208291
0.167506
0.208291
0.202704
0.135604
0.0690774
0.104542
0.113352
0.122775
0.186931
0.172117
0.208291
0.190334
0.163566
0.134531
0.123301
0.11272
0.158241
0.214172
0.171919
0.212396
0.214172
0.205373
0.129375
0.214172
0.214172
0.181365
0.214172
0.133544
0.176471
0.0975045
0.0919014
0.107018
0.118139
0.152085
0.168701
0.214172
0.190501
0.200273
0.151546
0.149276
0.0695922
0.132626
0.189334
0.178899
0.214172
0.195896
0.131506
0.0889654
0.148124
0.133494
0.207418
0.187664
0.168767
0.211599
0.137979
0.158893
0.0817728
0.0856748
0.126305
0.211599
0.19139
0.184953
0.211599
0.211599
0.175729
0.211599
0.107708
0.0718571
0.124263
0.209126
0.191151
0.211599
0.18463
0.120273
0.0921077
0.130225
0.113391
0.118291
0.173004
0.165017
0.211599
0.211599
0.157127
0.13293
0.168624
0.133102
0.208335
0.167321
0.192284
0.208335
0.208335
0.190734
0.208335
0.125629
0.0995775
0.208335
0.172669
0.208335
0.208335
0.123287
0.122499
0.208335
0.178996
0.102534
0.107522
0.169152
0.148021
0.181836
0.175695
0.168981
0.198171
0.181188
0.0931971
0.116648
0.180616
0.142612
0.186113
0.12586
0.102122
0.174197
0.110724
0.110492
0.215022
0.188919
0.215022
0.215022
0.134389
0.179998
0.215022
0.215022
0.103963
0.196672
0.162273
0.139532
0.215022
0.200727
0.150018
0.164193
0.205435
0.0881682
0.109177
0.167295
0.176229
0.207991
0.113801
0.132671
0.215022
0.143119
0.11801
0.134101
0.14836
0.122752
0.215022
0.132478
0.135394
0.116488
0.114213
0.105185
0.190652
0.139796
0.132381
0.217364
0.177454
0.170476
0.163809
0.186995
0.178889
0.217364
0.217364
0.131642
0.133952
0.127822
0.217364
0.199138
0.0816994
0.106273
0.147813
0.110266
0.126565
0.217364
0.125006
0.143049
0.147034
0.127461
0.196105
0.217364
0.123722
0.141899
0.178154
0.164861
0.217364
0.217364
0.130981
0.188176
0.215863
0.214568
0.105437
0.116266
0.133072
0.215863
0.186486
0.0596049
0.0984395
0.169313
0.12655
0.139324
0.0831979
0.215863
0.215863
0.212339
0.152775
0.215863
0.215863
0.146764
0.127596
0.164464
0.159524
0.211969
0.214662
0.117087
0.119052
0.146749
0.0940552
0.171025
0.215863
0.137095
0.129174
0.179198
0.16166
0.118527
0.209447
0.209447
0.209447
0.183699
0.163108
0.196606
0.207586
0.137347
0.08706
0.148264
0.120322
0.0947492
0.170263
0.155542
0.209447
0.172444
0.152763
0.0906469
0.152408
0.169406
0.190882
0.209447
0.110146
0.151104
0.209447
0.175463
0.0899377
0.191859
0.161148
0.102033
0.152558
0.18892
0.209447
0.193686
0.13621
0.105781
0.16315
0.165983
0.134487
0.212689
0.204236
0.212689
0.163011
0.164392
0.0839784
0.133307
0.167507
0.174395
0.212689
0.196306
0.135333
0.0877306
0.138069
0.0899872
0.212689
0.212689
0.146413
0.164041
0.209526
0.212689
0.196595
0.181832
0.121518
0.0934089
0.155589
0.212689
0.194375
0.118498
0.147801
0.148241
0.149272
0.0825223
0.129193
0.2072
0.202157
0.214013
0.214013
0.127506
0.110342
0.138603
0.1371
0.152748
0.169773
0.207537
0.214013
0.214013
0.214013
0.214013
0.214013
0.0922351
0.0981922
0.165928
0.214013
0.175365
0.109468
0.154673
0.152313
0.214013
0.0960908
0.110943
0.0706416
0.0924813
0.214013
0.122637
0.214013
0.152723
0.135015
0.129043
0.148174
0.177075
0.180847
0.218721
0.217769
0.194539
0.218721
0.218721
0.102162
0.156766
0.185151
0.196698
0.218721
0.151617
0.123197
0.189162
0.151257
0.0883781
0.127183
0.0666332
0.0868475
0.218721
0.117072
0.208026
0.169448
0.194858
0.175904
0.218721
0.17854
0.149103
0.218721
0.127472
0.0682475
0.064919
0.0507651
0.103571
0.134415
0.178567
0.222795
0.222795
0.161897
0.132506
0.222795
0.169746
0.11906
0.167603
0.186178
0.149209
0.222795
0.166725
0.140939
0.137541
0.155742
0.150192
0.222795
0.161316
0.191627
0.222795
0.150766
0.084482
0.118546
0.0849554
0.134774
0.125601
0.0831803
0.157965
0.136619
0.148841
0.222795
0.222795
0.191157
0.0986532
0.163582
0.140226
0.146988
0.22262
0.160471
0.152758
0.158505
0.150854
0.191435
0.22262
0.163183
0.178042
0.195367
0.22262
0.22262
0.22262
0.105798
0.086331
0.0968105
0.0910271
0.162111
0.169768
0.149784
0.22262
0.22262
0.174462
0.0623965
0.139121
0.175929
0.0666536
0.133491
0.113424
0.22262
0.187113
0.164425
0.178763
0.215248
0.173291
0.141363
0.177025
0.20902
0.215248
0.215248
0.0973914
0.126263
0.18944
0.132335
0.175038
0.215248
0.174493
0.146656
0.20466
0.139695
0.0742593
0.202783
0.183701
0.0707986
0.169038
0.126105
0.215248
0.167316
0.133595
0.0598574
0.171815
0.176987
0.126389
0.215248
0.203448
0.139849
0.127606
0.0940355
0.104171
0.163141
0.168618
0.213707
0.213707
0.111952
0.181204
0.213707
0.165947
0.104732
0.212978
0.179362
0.117938
0.153487
0.168771
0.213707
0.213707
0.147113
0.110481
0.122059
0.125215
0.148517
0.213707
0.115314
0.164416
0.213707
0.213707
0.102431
0.149294
0.10205
0.0943273
0.213707
0.110231
0.200581
0.213707
0.136925
0.0791638
0.210055
0.210055
0.141891
0.168385
0.191879
0.210055
0.210055
0.192559
0.0953861
0.0997784
0.149806
0.182854
0.195408
0.126719
0.154294
0.180368
0.169574
0.110683
0.178212
0.0941335
0.121718
0.210055
0.129423
0.18525
0.210055
0.210055
0.0850718
0.119633
0.136587
0.210055
0.174168
0.205729
0.171035
0.140736
0.153027
0.0969419
0.12575
0.21119
0.21119
0.21119
0.158399
0.176651
0.208474
0.21119
0.114378
0.144868
0.0725776
0.0947959
0.21119
0.163765
0.21119
0.18801
0.146886
0.0924324
0.18376
0.181809
0.21119
0.21119
0.21119
0.163337
0.178421
0.163178
0.0562501
0.103724
0.170134
0.171147
0.125878
0.126698
0.186478
0.178835
0.10118
0.124742
0.155673
0.0637266
0.0895401
0.226102
0.153063
0.21865
0.188835
0.177622
0.160799
0.226102
0.188198
0.193644
0.226102
0.138176
0.0928808
0.0883107
0.0812527
0.069315
0.149658
0.17684
0.152171
0.123355
0.105575
0.182532
0.193756
0.0992804
0.133938
0.226102
0.226102
0.226102
0.165467
0.226102
0.120332
0.226102
0.106331
0.131698
0.215235
0.143734
0.208448
0.215235
0.121977
0.0951506
0.0988969
0.0890335
0.114539
0.121312
0.10811
0.198542
0.143454
0.158525
0.191224
0.215235
0.191966
0.147316
0.215235
0.215235
0.215235
0.141408
0.166378
0.128842
0.156095
0.0669504
0.120636
0.172713
0.206839
0.215235
0.215235
0.206962
0.14914
0.165881
0.116803
0.0789572
0.0831016
0.131255
0.212485
0.155096
0.159561
0.212485
0.212485
0.187571
0.0653083
0.11746
0.181545
0.126007
0.107278
0.133937
0.212485
0.19114
0.14409
0.120495
0.146993
0.212485
0.212485
0.166027
0.178437
0.212485
0.162081
0.11417
0.0736951
0.109291
0.167243
0.212485
0.211132
0.183836
0.212485
0.212485
0.145742
0.0682911
0.167092
0.201223
0.125627
0.14137
0.148796
0.216744
0.190682
0.134527
0.06516
0.179024
0.216744
0.134653
0.216744
0.216744
0.151866
0.147343
0.111528
0.0794486
0.0948127
0.170401
0.216744
0.216744
0.198239
0.216744
0.216744
0.155002
0.127621
0.139971
0.201535
0.119841
0.216744
0.111057
0.208015
0.144925
0.0706762
