0.132799
0.10617
0.0802878
0.304713
0.389106
0.250562
0.115435
0.152478
0.116915
0.116985
0.201661
0.113554
0.168969
0.389106
0.216727
0.0639656
0.128047
0.129091
0.066564
0.154785
0.109984
0.174075
0.155611
0.0942696
0.116352
0.113361
0.0786923
0.0854062
0.131821
0.124522
0.105157
0.166389
0.129496
0.0962422
0.142302
0.119881
0.12948
0.178163
0.101312
0.231544
0.34785
0.195742
0.0615237
0.106758
0.144084
0.0781216
0.0884162
0.0871816
0.212646
0.34785
0.283554
0.208695
0.127521
0.13414
0.0978189
0.150604
0.143859
0.0965755
0.185719
0.113015
0.120139
0.114809
0.116881
0.0878255
0.132502
0.14622
0.112466
0.110593
0.126444
0.207897
0.199349
0.158485
0.091056
0.0749042
0.0706307
0.2755
0.361726
0.278535
0.178128
0.115764
0.14907
0.11915
0.181597
0.0887831
0.0956989
0.361726
0.180579
0.0703711
0.0484781
0.0575292
0.104306
0.157897
0.201673
0.15043
0.137151
0.113087
0.215629
0.159214
0.151486
0.101523
0.14742
0.131001
0.150385
0.240308
0.110643
0.0990042
0.0732172
0.0931396
0.0855911
0.141251
0.0802349
0.12916
0.357644
0.182445
0.079601
0.0749437
0.0902459
0.0576292
0.127994
0.114349
0.216338
0.357644
0.173893
0.130594
0.204248
0.171475
0.0921565
0.129595
0.148741
0.146459
0.224457
0.11627
0.126163
0.0834836
0.12953
0.185368
0.0998389
0.15891
0.225421
0.205458
0.115934
0.122576
0.168818
0.224509
0.0540466
0.0920171
0.112447
0.263355
0.321678
0.162131
0.153349
0.226163
0.186496
0.0447899
0.111578
0.105797
0.258677
0.321678
0.235814
0.128377
0.122483
0.137123
0.145394
0.0598211
0.148283
0.184983
0.154787
0.114113
0.165618
0.218292
0.251725
0.10526
0.0853181
0.11935
0.156638
0.148233
0.0712063
0.0996241
0.084496
0.088721
0.0669688
0.126291
0.121946
0.332253
0.332253
0.204524
0.145106
0.135976
0.1237
0.057503
0.132008
0.12752
0.306868
0.332253
0.209846
0.170058
0.113242
0.120071
0.0791462
0.0642493
0.117229
0.179752
0.136727
0.0767468
0.13889
0.119198
0.121435
0.102073
0.102625
0.196774
0.165182
0.165473
0.0877703
0.106186
0.0953481
0.183851
0.06091
0.153371
0.168688
0.288231
0.320964
0.201442
0.141776
0.127872
0.0938468
0.0760264
0.139311
0.18568
0.269656
0.320964
0.203273
0.0975446
0.203128
0.0983828
0.0789266
0.0914539
0.169484
0.185524
0.173357
0.0961484
0.121474
0.110155
0.14969
0.143175
0.178622
0.114082
0.1231
0.150597
0.106884
0.0823662
0.169878
0.13622
0.112636
0.195935
0.147336
0.189163
0.207974
0.162463
0.170434
0.167025
0.104219
0.13687
0.181163
0.195659
0.146492
0.207974
0.207974
0.136078
0.153761
0.184179
0.127211
0.207974
0.119982
0.186161
0.178401
0.104718
0.158176
0.194825
0.0956982
0.188085
0.151864
0.203139
0.126903
0.153338
0.207974
0.150033
0.1966
0.113772
0.137745
0.175282
0.192979
0.131924
0.2135
0.196742
0.146591
0.13746
0.178521
0.0870222
0.157003
0.20087
0.142848
0.13416
0.147971
0.2135
0.2135
0.206023
0.195321
0.155693
0.164708
0.115909
0.129184
0.164318
0.120581
0.169712
0.13274
0.131841
0.198486
0.2135
0.0915418
0.130932
0.162203
0.2135
0.161597
0.197835
0.0960404
0.168935
0.215964
0.161667
0.162136
0.112834
0.215964
0.209189
0.170546
0.103042
0.215964
0.172841
0.152314
0.215964
0.143857
0.131243
0.0776408
0.124251
0.116332
0.180887
0.185246
0.124128
0.145132
0.131442
0.167788
0.151332
0.215964
0.123771
0.215964
0.215964
0.215964
0.215964
0.162354
0.169203
0.0921529
0.131229
0.104111
0.196659
0.175427
0.14188
0.213678
0.151441
0.147316
0.0755697
0.159017
0.152662
0.0929649
0.187874
0.213678
0.213678
0.13356
0.121441
0.155547
0.213678
0.104459
0.213678
0.176497
0.188538
0.213678
0.164563
0.147252
0.125019
0.183324
0.0556283
0.0722364
0.153003
0.200496
0.213678
0.133571
0.153701
0.213678
0.213678
0.154674
0.0649234
0.163985
0.215128
0.215128
0.162808
0.177179
0.215128
0.215128
0.136029
0.101599
0.135726
0.161639
0.184895
0.0828198
0.122507
0.123893
0.140087
0.0796488
0.0941617
0.176335
0.215128
0.215128
0.18342
0.153778
0.215128
0.215128
0.129352
0.188434
0.164347
0.185877
0.191991
0.0992568
0.147351
0.142577
0.215128
0.127133
0.089445
0.148267
0.208751
0.212091
0.0936728
0.154887
0.157566
0.179889
0.102925
0.118747
0.212091
0.208367
0.212091
0.132054
0.139866
0.133463
0.203699
0.139311
0.212091
0.212091
0.212091
0.212091
0.120806
0.150486
0.151193
0.188229
0.0694871
0.202471
0.212091
0.169756
0.14963
0.0837243
0.0990303
0.206751
0.156583
0.0807881
0.0986917
0.211594
0.211594
0.211594
0.134907
0.158236
0.134967
0.159902
0.181739
0.18515
0.187903
0.18183
0.165741
0.136371
0.104148
0.211594
0.130785
0.0427156
0.182416
0.211594
0.178384
0.168644
0.12478
0.107235
0.191146
0.120067
0.105548
0.211594
0.19299
0.211594
0.181445
0.172393
0.0739694
0.197364
0.211594
0.134444
0.197132
0.100513
0.157266
0.189343
0.137824
0.156947
0.164421
0.0780901
0.174731
0.146545
0.161977
0.172231
0.200744
0.220543
0.155441
0.133205
0.117632
0.119886
0.188558
0.220543
0.220543
0.176303
0.189418
0.220543
0.220543
0.12068
0.0579992
0.131366
0.173318
0.220543
0.220543
0.123305
0.165575
0.11021
0.119651
0.217628
0.177269
0.158326
0.174595
0.209433
0.217628
0.14266
0.134785
0.140186
0.135539
0.16888
0.183921
0.12115
0.204022
0.167179
0.215239
0.17105
0.217628
0.0773299
0.124261
0.157966
0.217628
0.217628
0.138227
0.169266
0.125013
0.122265
0.111309
0.156641
0.144005
0.217628
0.217628
0.130337
0.085242
0.0977459
0.150742
0.123965
0.161121
0.158227
0.120434
0.190183
0.124163
0.156723
0.156755
0.217604
0.170673
0.217604
0.217604
0.217604
0.217604
0.168772
0.168713
0.11232
0.179684
0.091739
0.116377
0.123065
0.148608
0.213
0.101736
0.0955927
0.12058
0.151261
0.145002
0.217334
0.217604
0.21661
0.217604
0.0612176
0.116211
0.199595
0.149117
0.130468
0.217906
0.185467
0.175254
0.217906
0.169029
0.129567
0.119822
0.176886
0.0555896
0.104289
0.174228
0.191618
0.217906
0.145369
0.165088
0.203308
0.217906
0.10621
0.154835
0.165916
0.144694
0.207533
0.054597
0.121528
0.146628
0.154083
0.128268
0.165883
0.195885
0.190608
0.217906
0.0829201
0.0916125
0.217906
0.217906
0.0830379
0.117723
0.161135
0.182642
0.21346
0.174502
0.137053
0.187876
0.21346
0.121919
0.171799
0.17723
0.136493
0.151875
0.0914436
0.128898
0.163233
0.191107
0.124806
0.183328
0.164361
0.188771
0.21346
0.0880865
0.0911653
0.21346
0.21346
0.0885176
0.21346
0.19951
0.21346
0.194663
0.104161
0.21346
0.183177
0.0860173
0.137215
0.207253
0.209397
0.186111
0.209397
0.109763
0.11801
0.165404
0.159611
0.0562115
0.163674
0.209397
0.16817
0.133209
0.0899746
0.0992035
0.159957
0.113092
0.0843264
0.209397
0.209397
0.209397
0.208244
0.140226
0.209397
0.209397
0.123691
0.0618951
0.15949
0.209397
0.209397
0.202903
0.134004
0.148764
0.148227
0.189941
0.0408789
0.161559
0.213653
0.176912
0.146458
0.116599
0.11299
0.166942
0.100101
0.113197
0.18951
0.213653
0.213653
0.144797
0.146016
0.0783327
0.165395
0.19258
0.0622355
0.122079
0.213653
0.213024
0.211268
0.154312
0.180172
0.162307
0.212399
0.0880725
0.213653
0.213653
0.211119
0.133276
0.112852
0.213653
0.185735
0.142326
0.0761759
0.153208
0.176282
0.181505
0.190148
0.169246
0.227684
0.214989
0.0990293
0.067227
0.123925
0.131084
0.227684
0.227684
0.108502
0.141323
0.0986693
0.123528
0.0788833
0.162672
0.177477
0.11526
0.175774
0.14313
0.195396
0.206396
0.12997
0.209861
0.227684
0.107927
0.179456
0.227684
0.0634609
0.103702
0.227684
0.227684
0.089149
0.142247
0.135958
0.238053
0.238053
0.128135
0.159019
0.112876
0.117588
0.0852138
0.132164
0.133913
0.228895
0.238053
0.104691
0.052337
0.0929413
0.145204
0.238053
0.238053
0.12076
0.203267
0.238053
0.0890215
0.137128
0.212924
0.238053
0.0961408
0.187172
0.238053
0.139057
0.22148
0.0710257
0.144851
0.127877
0.101089
0.0869417
0.12114
0.131659
0.174642
0.220822
0.106893
0.0791343
0.144944
0.150715
0.168391
0.190508
0.220822
0.220822
0.220822
0.0734075
0.110391
0.220822
0.187307
0.0828975
0.142977
0.194212
0.13357
0.20882
0.124081
0.193714
0.17164
0.0863921
0.155603
0.178916
0.220822
0.220822
0.220822
0.125347
0.145041
0.220822
0.0552661
0.113831
0.141727
0.144822
0.155785
0.207709
0.0658301
0.110966
0.175298
0.13785
0.158471
0.207307
0.211089
0.186545
0.218815
0.092975
0.126953
0.218815
0.218815
0.115898
0.107632
0.165966
0.163362
0.218815
0.128652
0.136644
0.218815
0.101941
0.137923
0.101248
0.143314
0.186213
0.218815
0.117163
0.18402
0.218815
0.218815
0.140246
0.212753
0.170708
0.182584
0.211482
0.0826061
0.118187
0.217139
0.217139
0.094155
0.217139
0.217139
0.21105
0.177236
0.0787618
0.176506
0.207115
0.0737011
0.129129
0.0728941
0.0907298
0.1601
0.217139
0.126953
0.179015
0.217139
0.217139
0.0933571
0.119976
0.172147
0.217139
0.217139
0.0898675
0.141774
0.142361
0.0837865
0.105836
0.216683
0.216683
0.216683
0.201467
0.101233
0.197166
0.216683
0.111008
0.081561
0.157503
0.216683
0.216683
0.191775
0.130988
0.170334
0.145025
0.178603
0.118014
0.144748
0.159497
0.216683
0.216683
0.109342
0.145357
0.149062
0.0944131
0.0602207
0.0841323
0.151569
0.16745
0.177463
0.15509
0.183599
0.203704
0.163736
0.0886824
0.133623
0.208442
0.203053
0.18263
0.132904
0.194511
0.157131
0.20834
0.118753
0.194773
0.208598
0.208598
0.140444
0.119395
0.208598
0.123516
0.139038
0.0827208
0.112712
0.129902
0.208598
0.208411
0.139254
0.175906
0.205846
0.16753
0.150784
0.188909
0.163974
0.208598
0.141876
0.0819272
0.133528
0.14365
0.207931
0.083326
0.177312
0.139738
0.130642
0.207905
0.123292
0.174626
0.230257
0.176286
0.215064
0.230257
0.0863507
0.192638
0.230257
0.0823815
0.114257
0.227689
0.230257
0.0976674
0.0811243
0.0721209
0.0942134
0.157864
0.143736
0.10814
0.213034
0.165257
0.106604
0.230257
0.161455
0.230257
0.230257
0.112377
0.117635
0.152941
0.154725
0.227125
0.227125
0.0990283
0.218532
0.227125
0.103506
0.125133
0.175576
0.211608
0.0821528
0.201636
0.227125
0.151665
0.196903
0.0724371
0.143417
0.131369
0.105489
0.0958864
0.227125
0.150822
0.227125
0.227125
0.149239
0.122572
0.15907
0.149547
0.147548
0.152249
0.131311
0.13978
0.206969
0.15713
0.0903931
0.0709738
0.191338
0.08167
0.173687
0.198961
0.168028
0.20765
0.129913
0.186445
0.186943
0.0964483
0.16228
0.181673
0.212045
0.212045
0.212045
0.134879
0.187063
0.212045
0.04689
0.156691
0.115002
0.0991056
0.123421
0.212045
0.165133
0.110599
0.124576
0.171694
0.205957
0.212045
0.148226
0.16414
0.210917
0.0760193
0.105246
0.212045
0.163914
0.13568
0.126513
0.15683
0.164079
0.212735
0.150563
0.173415
0.212735
0.0894921
0.156086
0.135627
0.152612
0.203131
0.212735
0.187566
0.212735
0.212735
0.212735
0.148491
0.190447
0.128144
0.129305
0.196223
0.0616059
0.0946794
0.212735
0.148662
0.071273
0.131094
0.20883
0.184467
0.161999
0.142088
0.166623
0.170849
0.160994
0.134706
0.102955
0.116245
0.201654
0.220086
0.198718
0.216831
0.220086
0.220086
0.117969
0.142554
0.220086
0.220086
0.220086
0.112637
0.131149
0.163724
0.128396
0.0539936
0.122994
0.20151
0.161444
0.195619
0.136908
0.159339
0.209334
0.188703
0.110215
0.0810298
0.105788
0.143671
0.220086
0.146313
0.148376
0.145224
0.14997
0.136831
0.160738
0.207295
0.226174
0.226174
0.104305
0.131868
0.160509
0.147466
0.098138
0.117067
0.155185
0.194903
0.194489
0.167919
0.21817
0.226174
0.154715
0.107
0.0652904
0.119503
0.127875
0.226174
0.137506
0.166013
0.197335
0.166254
0.05059
0.165822
0.211213
0.191212
0.159974
0.106601
0.117104
0.226174
0.191475
0.119476
0.145067
0.135595
0.212674
0.196758
0.138507
0.197032
0.212674
0.166418
0.149889
0.149551
0.180616
0.212674
0.148744
0.0906037
0.110148
0.126815
0.212674
0.0464877
0.158529
0.204994
0.17049
0.163318
0.132659
0.129287
0.212674
0.14763
0.114484
0.125262
0.212674
0.207218
0.212674
0.212674
0.094256
0.168086
0.184391
0.131512
0.0862967
0.0814745
0.131514
0.18785
0.131929
0.104661
0.225958
0.225958
0.124035
0.225958
0.176132
0.225958
0.225958
0.142905
0.164753
0.133124
0.124584
0.0681778
0.0937878
0.152563
0.18933
0.225958
0.120003
0.182752
0.136795
0.180825
0.0897032
0.225958
0.225958
0.225958
0.225958
0.173435
0.145547
0.104129
0.0892351
0.0899414
0.226142
0.161678
0.226142
0.226142
0.15479
0.136138
0.125631
0.108664
0.144328
0.159264
0.105601
0.139375
0.205398
0.170928
0.12491
0.104894
0.162421
0.0963921
0.226142
0.211824
0.226142
0.226142
0.153276
0.159832
0.11723
0.0777092
0.107329
0.126909
0.128254
0.226142
0.226142
0.163296
0.181412
0.208137
0.124293
0.134097
0.131859
0.0790194
0.108034
0.183582
0.164917
0.119166
0.137168
0.136939
0.177722
0.182209
0.138678
0.119484
0.220981
0.0905773
0.151635
0.211895
0.147381
0.153671
0.17088
0.0812288
0.220981
0.220981
0.116957
0.189866
0.220981
0.123492
0.220981
0.200563
0.147442
0.127243
0.220981
0.138083
0.160199
0.220981
0.220981
0.161957
0.188396
0.149866
0.118924
0.215188
0.0872195
0.136728
0.215188
0.145478
0.0759957
0.150502
0.207187
0.195237
0.161945
0.180199
0.142907
0.162908
0.168911
0.215188
0.215188
0.149815
0.122041
0.215188
0.09838
0.160058
0.215188
0.179815
0.112296
0.122111
0.107975
0.188226
0.215188
0.0889593
0.12824
0.190162
0.215188
0.0674604
0.14505
0.204508
0.182404
0.204508
0.172407
0.148557
0.201395
0.187904
0.120068
0.0882187
0.151852
0.126148
0.204508
0.202648
0.140227
0.144157
0.204508
0.140952
0.16429
0.124131
0.166548
0.204508
0.0829694
0.140199
0.180505
0.204508
0.101438
0.164596
0.168893
0.174207
0.204508
0.198995
0.204508
0.180273
0.136851
0.120378
0.0773546
0.170898
0.116174
0.211232
0.164045
0.163878
0.189533
0.211232
0.0819119
0.146164
0.167253
0.204365
0.199673
0.138142
0.120335
0.211232
0.185406
0.129085
0.183445
0.200979
0.172987
0.211232
0.180801
0.182525
0.173774
0.134045
0.080134
0.178917
0.163347
0.166263
0.187509
0.157577
0.13854
0.183875
0.14994
0.0806774
0.156325
0.177283
0.181529
0.199055
0.147399
0.119723
0.210138
0.153946
0.110432
0.130763
0.210138
0.210138
0.210138
0.210138
0.110834
0.173083
0.208198
0.0807419
0.18056
0.172943
0.141042
0.196265
0.123888
0.114787
0.178297
0.178565
0.0928502
0.169881
0.123015
0.175881
0.173751
0.210138
0.210138
0.16335
0.145731
0.0644074
0.0932112
0.160308
0.170917
0.226621
0.124934
0.153004
0.110242
0.21596
0.108417
0.195094
0.226621
0.226621
0.225334
0.17912
0.173682
0.109792
0.0985243
0.0468519
0.177678
0.202924
0.143239
0.12435
0.119479
0.114499
0.226564
0.147363
0.074913
0.226621
0.226621
0.225797
0.226621
0.226621
0.114046
0.0876565
0.0412174
0.100769
0.18887
0.205221
0.223804
0.211098
0.135124
0.14772
0.106111
0.0775131
0.0961067
0.144504
0.133373
0.223804
0.223804
0.138218
0.159902
0.196055
0.103603
0.0658468
0.194633
0.193949
0.189246
0.223804
0.202033
0.110741
0.0865771
0.0328597
0.0614168
0.129935
0.189732
0.200299
0.223804
0.223804
0.223804
0.20014
0.060385
0.135353
0.187883
0.104658
0.216382
0.222418
0.11035
0.159598
0.222418
0.10996
0.202552
0.139085
0.142967
0.1225
0.222418
0.120596
0.134246
0.21338
0.19856
0.0671501
0.110197
0.153338
0.18047
0.222418
0.217596
0.222418
0.215624
0.0865704
0.111292
0.155665
0.190198
0.105448
0.222418
0.19963
0.125622
0.08287
0.0906831
0.215991
0.215991
0.162605
0.137785
0.215991
0.114595
0.14085
0.215991
0.175217
0.11708
0.144401
0.122675
0.193599
0.215991
0.0856887
0.101212
0.194023
0.215991
0.116178
0.177452
0.215991
0.136334
0.215991
0.213531
0.154801
0.0938566
0.118853
0.107564
0.182383
0.151741
0.178493
0.215991
0.172664
0.113178
0.152017
0.0848375
0.16218
0.186778
0.138685
0.187809
0.209966
0.0883166
0.131676
0.185213
0.200134
0.101998
0.154711
0.181028
0.209966
0.209966
0.209966
0.209966
0.157685
0.170639
0.0987635
0.171184
0.19048
0.206621
0.209966
0.178856
0.141335
0.135763
0.110545
0.0635073
0.0808078
0.0880164
0.18327
0.209966
0.0983965
0.177325
0.167895
0.182356
0.133706
0.18736
0.210989
0.210989
0.210989
0.210259
0.210989
0.153357
0.161846
0.109524
0.185105
0.125492
0.174506
0.210989
0.157045
0.166999
0.169745
0.174927
0.0694754
0.0819111
0.128051
0.204368
0.210989
0.123277
0.204074
0.148745
0.198578
0.11293
0.0961387
0.190031
0.210989
0.210989
0.0720714
0.0909909
0.124226
0.132011
0.115285
0.203204
0.16579
0.171705
0.209709
0.121584
0.136387
0.191515
0.209709
0.135633
0.202179
0.125363
0.209709
0.186819
0.209709
0.209709
0.16051
0.204028
0.0986714
0.101573
0.209709
0.209709
0.209709
0.0818783
0.137667
0.130953
0.126107
0.125463
0.0846244
0.183667
0.165143
0.195172
0.138309
0.0994585
0.124587
0.209709
0.0638639
0.174871
0.196553
0.164295
0.130591
0.139793
0.11547
0.22385
0.186212
0.102754
0.22889
0.22889
0.198514
0.22889
0.22889
0.108048
0.09634
0.0599828
0.0637525
0.133269
0.183923
0.179532
0.223256
0.175229
0.157397
0.0885302
0.0997002
0.0982839
0.208256
0.22889
0.181237
0.22889
0.22889
0.101625
0.105589
0.0735402
0.0842534
0.183298
0.207209
0.171155
0.222264
0.222264
0.099445
0.0938004
0.0458733
0.0879586
0.179024
0.194603
0.203915
0.222264
0.222264
0.222264
0.174913
0.0736801
0.0812721
0.140094
0.195212
0.178487
0.222264
0.214897
0.094383
0.0756112
0.0595024
0.0928844
0.222264
0.175895
0.152905
0.180018
0.16798
0.171715
0.200237
0.107313
0.0892176
0.15246
0.174038
0.19558
0.214472
0.203741
0.214472
0.204288
0.0950592
0.089299
0.154745
0.148073
0.124093
0.214472
0.205444
0.124825
0.117406
0.105948
0.0892615
0.173683
0.165494
0.154659
0.16913
0.141905
0.207053
0.207581
0.127005
0.14952
0.214472
0.206121
0.137838
0.176859
0.151783
0.214472
0.203469
0.0781617
0.106768
0.196976
0.195087
0.168746
0.217987
0.217987
0.158324
0.12893
0.132913
0.0983543
0.201402
0.160193
0.185216
0.217987
0.189181
0.13304
0.166495
0.0743098
0.167141
0.217987
0.217987
0.196189
0.217987
0.131434
0.188185
0.161082
0.0934372
0.0812904
0.152233
0.076083
0.11086
0.217987
0.133225
0.217987
0.144829
0.0803159
0.11568
0.225511
0.226667
0.226667
0.226667
0.21615
0.178248
0.178308
0.114714
0.0811431
0.102538
0.110656
0.226667
0.226667
0.136029
0.226667
0.208812
0.205876
0.0923147
0.193982
0.136826
0.183987
0.226667
0.12685
0.186472
0.0996154
0.109826
0.0449086
0.0418528
0.115266
0.152544
0.199476
0.12488
0.151018
0.112281
0.127054
0.0901322
0.106222
0.169686
0.228078
0.228078
0.153215
0.228078
0.189349
0.228078
0.156639
0.133317
0.191988
0.228078
0.228078
0.0911096
0.118232
0.160533
0.198854
0.0538254
0.0380791
0.165687
0.189345
0.228078
0.128767
0.143395
0.100492
0.129917
0.100925
0.196774
0.153408
0.228078
0.228078
0.118143
0.11716
0.103752
0.121948
0.125413
0.14833
0.214756
0.214952
0.214952
0.0902061
0.147009
0.152177
0.176686
0.191106
0.130473
0.133715
0.167884
0.214952
0.140685
0.135139
0.130944
0.214952
0.0920714
0.214952
0.175501
0.204115
0.214952
0.106129
0.122365
0.121166
0.0913838
0.132482
0.214952
0.162756
0.12554
0.192288
0.181687
0.12608
0.178004
0.214952
0.0842737
0.122763
0.153604
0.202729
0.231748
0.175759
0.167068
0.100321
0.121255
0.137953
0.209225
0.227761
0.152621
0.231748
0.231748
0.10133
0.113837
0.0849323
0.0674753
0.181629
0.222118
0.117859
0.231748
0.188914
0.0455035
0.134245
0.150856
0.0700908
0.204027
0.16508
0.0656886
0.208522
0.156981
0.115629
0.231748
0.231748
0.110828
0.145353
0.185754
0.157679
0.223775
0.223775
0.0901818
0.090359
0.0618672
0.0988751
0.223775
0.138264
0.157031
0.223775
0.203995
0.147324
0.214875
0.130671
0.0783607
0.21598
0.134203
0.091961
0.223775
0.161417
0.0828326
0.223775
0.160013
0.110868
0.223775
0.223775
0.159646
0.223775
0.110542
0.0855881
0.16662
0.182869
0.0932973
0.185079
0.127979
0.174495
0.210559
0.172392
0.17551
0.210559
0.130561
0.158903
0.210559
0.163344
0.146845
0.183977
0.167534
0.182659
0.180604
0.0901342
0.120383
0.210559
0.210559
0.179689
0.210559
0.146288
0.0919984
0.157852
0.136788
0.169146
0.19412
0.16726
0.144145
0.210559
0.158308
0.0975011
0.182702
0.0975444
0.176516
0.212972
0.212972
0.212972
0.212972
0.155688
0.176437
0.175887
0.0990755
0.0916416
0.169363
0.0843448
0.117455
0.212972
0.142519
0.212972
0.153567
0.118032
0.195683
0.198842
0.198726
0.184076
0.212972
0.212972
0.131951
0.212972
0.118923
0.0730641
0.0863432
0.0586607
0.101811
0.198463
0.123237
0.119813
0.186716
0.18851
0.115976
0.21907
0.158401
0.217506
0.21907
0.150123
0.205639
0.153586
0.176701
0.0597504
0.0963413
0.138557
0.150405
0.21907
0.136831
0.192235
0.184845
0.14831
0.0945758
0.130994
0.110033
0.172485
0.21907
0.15796
0.142435
0.21907
0.21907
0.0518788
0.111563
0.137094
0.202013
0.21907
0.11129
0.21907
0.186565
0.0945119
0.076444
0.0864597
0.158379
0.178493
0.215725
0.124062
0.169602
0.164834
0.142001
0.150181
0.215725
0.159625
0.215725
0.215725
0.114395
0.128952
0.13797
0.155766
0.113136
0.156435
0.184169
0.202332
0.215725
0.0956286
0.215725
0.160079
0.0646393
0.170924
0.215725
0.215725
0.205018
0.215725
0.114502
0.150183
0.111637
0.167068
0.120269
0.213281
0.164814
0.188882
0.213281
0.0970891
0.109185
0.123709
0.122879
0.17853
0.213281
0.116695
0.114547
0.195242
0.195299
0.160032
0.163262
0.213281
0.193305
0.208126
0.207546
0.171951
0.213281
0.097932
0.108648
0.0848688
0.143993
0.145425
0.213281
0.150197
0.213281
0.213281
0.155763
0.0795389
0.0927904
0.185292
0.087208
0.181171
0.18779
0.111062
0.22277
0.168515
0.0469308
0.137953
0.146991
0.082422
0.18921
0.144101
0.0733933
0.22277
0.195477
0.130224
0.22277
0.22277
0.0850182
0.22277
0.22277
0.198131
0.218144
0.178287
0.103925
0.156934
0.102434
0.0697276
0.15107
0.181014
0.22277
0.181624
0.112439
0.136329
0.171915
0.208412
0.0856033
0.201591
0.116918
0.0808618
0.22121
0.181224
0.0849891
0.22121
0.155224
0.101854
0.22121
0.22121
0.184025
0.22121
0.145749
0.0771287
0.164367
0.177651
0.0539725
0.106885
0.139292
0.22121
0.204468
0.129438
0.158732
0.156937
0.142542
0.190352
0.22121
0.22121
0.190417
0.22121
0.119843
0.104589
0.142504
0.129261
0.100438
0.213818
0.200272
0.191562
0.213818
0.18408
0.0861409
0.192985
0.143525
0.185524
0.213481
0.166776
0.160292
0.213818
0.194643
0.0719442
0.140339
0.104693
0.148313
0.174269
0.213818
0.196893
0.213818
0.127806
0.150855
0.18621
0.115582
0.152648
0.178973
0.147622
0.137248
0.213818
0.092671
0.0394522
0.147108
0.16256
0.178901
0.183753
0.170954
0.193046
0.207738
0.207738
0.110481
0.207738
0.123404
0.0737702
0.104605
0.0735952
0.101607
0.164337
0.137883
0.11154
0.194184
0.195493
0.159333
0.194489
0.139507
0.161142
0.207738
0.131795
0.0659358
0.207738
0.194146
0.171348
0.174065
0.204366
0.164388
0.202406
0.207738
0.108292
0.164219
0.196725
0.0817435
0.128457
0.115121
0.162176
0.175127
0.152212
0.129234
0.213779
0.213779
0.0669724
0.146557
0.128333
0.165674
0.213779
0.100247
0.213779
0.188154
0.108499
0.149997
0.164193
0.185169
0.145509
0.213779
0.213779
0.174184
0.213779
0.213779
0.166868
0.170286
0.213779
0.213779
0.178013
0.156045
0.127768
0.0945911
0.0958666
0.117153
0.199906
0.174425
0.184571
0.206533
0.0918065
0.206533
0.175131
0.091101
0.146433
0.206533
0.206533
0.151264
0.206533
0.123824
0.157841
0.145757
0.116274
0.159053
0.146883
0.206533
0.175966
0.186348
0.159876
0.160239
0.139804
0.125696
0.158045
0.164589
0.206533
0.206533
0.17252
0.158994
0.122215
0.127694
0.190648
0.168847
0.211295
0.211295
0.142728
0.211295
0.119231
0.119927
0.105562
0.113483
0.186856
0.211295
0.110173
0.204355
0.211295
0.211295
0.102162
0.114975
0.176752
0.14214
0.137058
0.196048
0.186308
0.206051
0.179869
0.134479
0.139472
0.170582
0.0604072
0.107964
0.199766
0.211295
0.211295
0.181672
0.0686327
0.149611
0.169508
0.095817
0.209125
0.209125
0.188056
0.209125
0.157223
0.112292
0.132867
0.071858
0.0683432
0.124294
0.153932
0.209125
0.185327
0.136562
0.158222
0.196484
0.180569
0.0906973
0.125901
0.15942
0.205572
0.209125
0.209125
0.155918
0.144628
0.152529
0.139794
0.160817
0.198183
0.187947
0.198132
0.138823
0.170755
0.209125
0.167888
0.0640165
0.108794
0.142709
0.210694
0.210694
0.131858
0.145099
0.189691
0.162042
0.210694
0.210694
0.210694
0.210694
0.210694
0.12111
0.0894883
0.159875
0.106039
0.129723
0.195229
0.209478
0.192267
0.199079
0.114358
0.127076
0.162888
0.150943
0.163504
0.210694
0.138649
0.116085
0.10817
0.188127
0.190624
0.210694
0.0847623
0.148334
0.193213
0.203607
0.218752
0.218752
0.121721
0.110813
0.207487
0.116922
0.137227
0.205163
0.164589
0.160819
0.218752
0.144567
0.0504146
0.108763
0.16117
0.125493
0.218752
0.139814
0.13028
0.151377
0.129693
0.168719
0.20807
0.0830888
0.134504
0.218752
0.172297
0.163511
0.218752
0.218752
0.172716
0.15506
0.0790388
0.115861
0.197003
0.142002
0.182082
0.221519
0.162704
0.064616
0.156849
0.16898
0.134197
0.164589
0.205036
0.151225
0.177875
0.205469
0.118012
0.14863
0.177127
0.119485
0.221519
0.192812
0.190374
0.221519
0.221519
0.168805
0.18005
0.0741906
0.124521
0.172511
0.149876
0.175723
0.221519
0.153429
0.0640481
0.106916
0.149139
0.130464
0.162738
0.197171
0.147635
0.205852
0.212348
0.170389
0.212348
0.208956
0.150209
0.158644
0.212348
0.201802
0.191807
0.17694
0.0997956
0.0917254
0.0908402
0.137384
0.179576
0.154746
0.177681
0.212348
0.152385
0.0834466
0.165087
0.192342
0.136907
0.131599
0.212348
0.212348
0.201648
0.0971835
0.0950377
0.0795548
0.156279
0.152212
0.150425
0.20817
0.170346
0.200951
0.190426
0.1414
0.138853
0.127821
0.132408
0.145646
0.187894
0.20817
0.187226
0.171953
0.126552
0.143093
0.154248
0.134762
0.155248
0.20817
0.20817
0.20817
0.137928
0.120265
0.106219
0.160657
0.119872
0.205218
0.121523
0.199546
0.20817
0.171004
0.20817
0.093644
0.169437
0.124522
0.127755
0.187202
0.195553
0.208343
0.207264
0.148763
0.149901
0.148292
0.0901929
0.120772
0.137451
0.208343
0.208343
0.208343
0.118275
0.196359
0.147466
0.113911
0.16278
0.128718
0.146274
0.208343
0.202049
0.208343
0.122254
0.182742
0.127639
0.208343
0.183004
0.147838
0.190801
0.149247
0.206656
0.109826
0.117884
0.103539
0.103666
0.169846
0.210032
0.210032
0.210032
0.193067
0.153101
0.120653
0.141397
0.173966
0.203053
0.200078
0.209419
0.172595
0.18056
0.210032
0.144256
0.0567734
0.107467
0.177144
0.182426
0.210032
0.206829
0.132826
0.137192
0.0940052
0.0835395
0.161324
0.202134
0.171419
0.210032
0.0913426
0.130701
0.205549
0.112787
0.135007
0.196988
0.209556
0.196897
0.19932
0.134339
0.105558
0.199408
0.139854
0.180336
0.209556
0.160039
0.129459
0.141601
0.178089
0.178351
0.209556
0.0881972
0.106186
0.175535
0.204957
0.157803
0.209556
0.143479
0.0853325
0.144185
0.102419
0.119813
0.187971
0.209556
0.209556
0.209556
0.175089
0.141172
0.17414
0.0597961
0.130638
0.217381
0.137315
0.142766
0.201771
0.138181
0.137631
0.209462
0.0993402
0.107246
0.217381
0.131503
0.178781
0.217381
0.217381
0.158954
0.140304
0.0971771
0.118604
0.144162
0.202713
0.191416
0.217381
0.217381
0.136918
0.177802
0.114731
0.0759111
0.150331
0.145377
0.217381
0.217381
0.142505
0.156954
0.150638
0.157425
0.0929241
0.223983
0.140965
0.223983
0.223983
0.198514
0.145034
0.156563
0.0772927
0.105664
0.165517
0.166274
0.163065
0.219088
0.122708
0.0933468
0.117617
0.158505
0.082924
0.116415
0.126645
0.223983
0.223983
0.196595
0.153868
0.171779
0.196572
0.140938
0.223936
0.189487
0.14663
0.219121
0.135939
0.221099
0.106324
0.0718139
0.124078
0.190166
0.213645
0.195577
0.213645
0.113294
0.103291
0.168558
0.189575
0.123947
0.141342
0.213645
0.21204
0.213645
0.112819
0.0748466
0.0949799
0.151022
0.129272
0.201856
0.213645
0.188283
0.213645
0.213645
0.213645
0.139138
0.0975222
0.0866978
0.129738
0.159036
0.196643
0.213645
0.1236
0.127517
0.12243
0.156412
0.116449
0.162158
0.219693
0.219693
0.219693
0.152356
0.0918525
0.121371
0.170588
0.101488
0.177178
0.107309
0.209607
0.21788
0.137715
0.175152
0.0934378
0.155781
0.0612631
0.109777
0.196352
0.219693
0.219693
0.188896
0.152023
0.168773
0.19772
0.0464014
0.219693
0.15415
0.219693
0.219693
0.101603
0.165188
0.136271
0.0920115
0.0969377
0.157753
0.129448
0.17402
0.217984
0.188878
0.196593
0.123116
0.198175
0.146372
0.217984
0.200649
0.194732
0.186562
0.190619
0.212348
0.132442
0.105896
0.0426184
0.193264
0.170138
0.217984
0.217984
0.133753
0.17089
0.165798
0.116828
0.0932391
0.194612
0.185344
0.217984
0.217984
0.100069
0.0633354
0.0696224
0.0639511
0.0974523
0.132665
0.156632
0.187061
0.185553
0.221776
0.132163
0.129436
0.0867281
0.104757
0.177548
0.165461
0.223015
0.223015
0.103389
0.0988865
0.184072
0.089999
0.1309
0.220557
0.0884832
0.223015
0.223015
0.212301
0.171277
0.146882
0.195713
0.173375
0.202816
0.075646
0.223015
0.223015
0.13056
0.145468
0.0736088
0.169845
0.112508
0.174145
0.168289
0.184184
0.214287
0.163863
0.0763695
0.148333
0.0934754
0.110399
0.151188
0.214287
0.203991
0.214287
0.198868
0.195676
0.168365
0.0712534
0.0967986
0.136524
0.0783184
0.195177
0.214287
0.152573
0.190498
0.118285
0.181867
0.137026
0.214287
0.214287
0.187871
0.214287
0.0917457
0.146011
0.207034
0.128273
0.112829
0.116674
0.213728
0.181849
0.213728
0.213728
0.17607
0.186004
0.123272
0.0905191
0.121388
0.126625
0.213728
0.213728
0.130559
0.149791
0.143912
0.169487
0.10394
0.204257
0.209209
0.151609
0.20502
0.143576
0.173433
0.211844
0.143124
0.144806
0.207679
0.131967
0.149101
0.174997
0.197546
0.0804166
0.117859
0.179986
0.0960792
0.113921
0.116584
0.219442
0.219442
0.178866
0.134142
0.159759
0.196368
0.138904
0.184163
0.215872
0.167105
0.212889
0.105393
0.219442
0.147894
0.110739
0.123291
0.172996
0.131134
0.191046
0.219442
0.219442
0.101024
0.146468
0.19268
0.121294
0.148825
0.0774894
0.185633
0.202803
0.133244
0.103816
0.219442
0.168242
0.113574
0.184343
0.218753
0.218753
0.218753
0.168267
0.217778
0.173499
0.120146
0.101896
0.162458
0.17202
0.193349
0.198094
0.119221
0.112796
0.131345
0.155671
0.120123
0.13139
0.0975154
0.218753
0.218753
0.159266
0.118889
0.218753
0.196227
0.194269
0.164616
0.158563
0.218753
0.218753
0.0934214
0.0830365
0.10477
0.0530824
0.0822342
0.168025
0.216405
0.216405
0.216405
0.185019
0.129431
0.185524
0.215322
0.0484928
0.216405
0.145465
0.216405
0.216405
0.0835712
0.18094
0.152062
0.098008
0.216405
0.191067
0.205373
0.216405
0.216405
0.112519
0.0825997
0.0993704
0.101255
0.12529
0.136433
0.106364
0.216405
0.171959
0.158769
0.15984
0.138306
0.0747555
0.0509068
0.189889
0.171163
0.23184
0.23184
0.122207
0.169569
0.185876
0.139442
0.136723
0.23184
0.225008
0.23184
0.23184
0.141513
0.0744129
0.0852327
0.071807
0.108059
0.135648
0.143146
0.222635
0.198956
0.172992
0.157909
0.156514
0.123544
0.157117
0.192177
0.104958
0.23184
0.23184
0.086962
0.126519
0.107042
0.0938981
0.169495
0.228821
0.120516
0.228821
0.228821
0.208035
0.143051
0.154618
0.18934
0.203416
0.225174
0.0909524
0.228821
0.228821
0.141787
0.109119
0.0861494
0.169273
0.0894244
0.11718
0.0855608
0.228821
0.19801
0.147886
0.168522
0.17979
0.13008
0.080771
0.169403
0.118354
0.14815
0.205179
0.180172
0.115913
0.140557
0.0628844
0.115821
0.168097
0.0998793
0.217072
0.217072
0.172248
0.170529
0.141445
0.194647
0.13169
0.217072
0.217072
0.217072
0.217072
0.142304
0.217072
0.209275
0.134723
0.0548093
0.12345
0.105399
0.121476
0.162253
0.181688
0.126071
0.153736
0.0808802
0.136454
0.217072
0.121753
0.182722
0.195571
0.183214
0.118264
0.16304
0.162716
0.0778392
0.167567
0.205567
0.173112
0.194888
0.157698
0.206644
0.191488
0.132035
0.138334
0.188195
0.146298
0.181279
0.18329
0.176211
0.095925
0.10526
0.168009
0.114622
0.206644
0.146124
0.143824
0.148536
0.181724
0.13715
0.135388
0.142022
0.132565
0.206081
0.195538
0.206644
0.206644
0.173292
0.162988
0.206644
0.136965
0.107218
0.178462
0.142049
0.208143
0.214801
0.207912
0.104707
0.123604
0.171007
0.108622
0.103451
0.0882126
0.174343
0.183745
0.105162
0.101819
0.214801
0.167574
0.157577
0.214801
0.214801
0.214801
0.214801
0.214801
0.182994
0.214801
0.151052
0.126824
0.214801
0.0647354
0.116319
0.138988
0.197683
0.184633
0.151874
0.0689162
0.119091
0.139588
0.11721
0.221183
0.221183
0.145425
0.126562
0.221183
0.211605
0.161289
0.192137
0.208607
0.221183
0.221183
0.108969
0.0824209
0.085584
0.0587371
0.171437
0.221183
0.099328
0.153086
0.189682
0.221183
0.204992
0.212259
0.0986646
0.101141
0.221183
0.180205
0.174051
0.143715
0.134593
0.0704421
0.167275
0.0565458
0.215065
0.217515
0.217515
0.217515
0.217515
0.13067
0.0758053
0.0931959
0.102193
0.118647
0.128902
0.138289
0.217515
0.200546
0.155095
0.21578
0.155893
0.0924935
0.124652
0.217515
0.198092
0.168549
0.168163
0.161853
0.123046
0.19809
0.0828023
0.198844
0.169894
0.190882
0.193815
0.217515
0.0963453
0.132598
0.110333
0.0822237
0.11782
0.134157
0.142714
0.22381
0.214578
0.150347
0.180602
0.173
0.120416
0.192324
0.22381
0.0930693
0.22381
0.22381
0.106202
0.14309
0.11203
0.0878797
0.156011
0.137283
0.134414
0.144343
0.179325
0.122819
0.217651
0.141296
0.1003
0.217798
0.22381
0.121839
0.180628
0.22381
0.0426992
0.22381
0.176538
0.138285
0.0868299
0.132034
0.149875
0.228595
0.228595
0.131905
0.153884
0.212829
0.179245
0.0912957
0.166224
0.150379
0.167296
0.228595
0.171579
0.123662
0.162648
0.124955
0.0589719
0.131195
0.19828
0.228595
0.228595
0.154287
0.182888
0.195988
0.125686
0.0916182
0.163397
0.182872
0.120577
0.228595
0.157544
0.13303
0.157618
0.158938
0.0714638
0.139321
0.135085
0.14863
0.223157
0.16316
0.119497
0.166976
0.144623
0.171749
0.223157
0.1475
0.223157
0.221937
0.21604
0.145943
0.15785
0.184166
0.0726143
0.10599
0.130953
0.129069
0.223157
0.150027
0.164556
0.163459
0.180838
0.172636
0.223157
0.121506
0.188821
0.208018
0.16017
0.187351
0.0727059
0.142402
0.118861
0.208369
0.13517
0.169513
0.15378
0.180412
0.139989
0.120498
0.145556
0.147579
0.208369
0.181245
0.204807
0.208369
0.191597
0.172409
0.200519
0.156714
0.102228
0.208369
0.115312
0.148855
0.136978
0.123121
0.16661
0.0852009
0.126592
0.149785
0.208369
0.189239
0.208369
0.182629
0.197643
0.13633
0.12468
0.208369
0.155417
0.211558
0.209633
0.198418
0.211558
0.211558
0.18292
0.211558
0.157084
0.104936
0.211558
0.0748774
0.111952
0.156843
0.150034
0.152163
0.131163
0.0729771
0.155392
0.211558
0.211558
0.211558
0.189852
0.196479
0.1278
0.147326
0.172903
0.100301
0.127618
0.082209
0.167204
0.199903
0.140766
0.102414
0.211558
0.107636
0.148107
0.21561
0.0961287
0.135502
0.207441
0.188062
0.166554
0.17699
0.100927
0.0737624
0.21561
0.181229
0.1241
0.167263
0.146356
0.103184
0.134911
0.0564031
0.150969
0.201198
0.13906
0.21561
0.212125
0.169799
0.153644
0.21561
0.100291
0.136961
0.176886
0.191162
0.21561
0.21561
0.21561
0.197335
0.159063
0.0367577
0.0879068
0.213862
0.158457
0.122822
0.160446
0.152641
0.142247
0.165695
0.0720138
0.141239
0.178426
0.190462
0.17729
0.191865
0.0875947
0.108878
0.0869456
0.0618362
0.103325
0.176942
0.219704
0.219704
0.190514
0.219704
0.219704
0.190361
0.0281544
0.193938
0.193231
0.178099
0.199278
0.219704
0.219704
0.164557
0.14112
0.137492
0.13435
0.151051
0.139185
0.16907
0.160216
0.117357
0.193008
0.150074
0.0845882
0.210335
0.210335
0.098866
0.186078
0.210335
0.050143
0.186481
0.164901
0.129952
0.161152
0.17767
0.210335
0.210335
0.210335
0.175332
0.210335
0.169294
0.158673
0.094698
0.188799
0.1569
0.178391
0.210335
0.121432
0.1208
0.162756
0.1616
