0.270734
0.270972
0.238836
0.175213
0.270972
0.121881
0.0626524
0.0914056
0.184309
0.0883097
0.270972
0.270972
0.070501
0.0677362
0.0353057
0.0433662
0.113779
0.206169
0.259182
0.270972
0.270972
0.270972
0.260796
0.0491478
0.0542121
0.0686622
0.0402246
0.0303088
0.0476608
0.0838965
0.0392447
0.04301
0.0328246
0.0586145
0.14039
0.0567455
0.154687
0.342726
0.342726
0.105337
0.0978581
0.0587851
0.0457665
0.173332
0.342726
0.144865
0.0506378
0.073935
0.0347207
0.0252645
0.0530703
0.0810955
0.17859
0.342726
0.0247707
0.030319
0.1027
0.0574197
0.0579633
0.0352719
0.116838
0.223432
0.0997219
0.0771566
0.0586473
0.0220455
0.0657564
0.102626
0.0674523
0.141811
0.342726
0.342726
0.139051
0.0910018
0.115761
0.183951
0.163235
0.0921317
0.103192
0.210596
0.265723
0.0913933
0.132551
0.0874994
0.252747
0.243212
0.0520339
0.0581767
0.0643453
0.156054
0.168525
0.146086
0.0412994
0.167504
0.265723
0.0476391
0.152827
0.265723
0.265723
0.163827
0.196023
0.0604026
0.18783
0.265723
0.0708273
0.139172
0.178534
0.158707
0.10481
0.190041
0.1546
0.285203
0.285203
0.0632226
0.0698617
0.0831964
0.0425367
0.19536
0.159751
0.0617464
0.0977901
0.160435
0.0512217
0.056133
0.0756584
0.0128264
0.285203
0.285203
0.107836
0.285203
0.285203
0.0785484
0.147342
0.109576
0.0582935
0.0553774
0.180585
0.175893
0.285203
0.285203
0.072037
0.102718
0.0904735
0.0272433
0.126426
0.107952
0.0567774
0.0764957
0.121941
0.0510086
0.06594
0.115311
0.0536287
0.0566269
0.0598081
0.0607269
0.0800122
0.0985302
0.079297
0.0667094
0.13018
0.1538
0.0568794
0.14057
0.142125
0.22965
0.285117
0.0865327
0.114967
0.0907658
0.0440909
0.285117
0.285117
0.168419
0.20458
0.285117
0.285117
0.285117
0.285117
0.285117
0.0350097
0.0600033
0.0728228
0.085643
0.0724838
0.0756195
0.0825369
0.157421
0.176615
0.024679
0.0749082
0.101435
0.107764
0.104003
0.0661038
0.050816
0.0601036
0.0372644
0.267124
0.267124
0.148093
0.173014
0.267124
0.267124
0.267124
0.262339
0.267124
0.120515
0.216417
0.191904
0.220239
0.267124
0.267124
0.114817
0.0689809
0.041478
0.0373145
0.115658
0.169089
0.167294
0.135151
0.0829996
0.0768922
0.138926
0.0714201
0.230831
0.263502
0.263502
0.165186
0.0974337
0.0552527
0.128385
0.263502
0.134912
0.0389072
0.203858
0.229969
0.263502
0.263502
0.263502
0.12456
0.061459
0.0166151
0.0390348
0.031165
0.12062
0.136321
0.263502
0.263502
0.122128
0.138202
0.0689019
0.294879
0.294879
0.294879
0.294879
0.294879
0.0886815
0.115552
0.0953742
0.0578731
0.0326785
0.0843122
0.130102
0.0515737
0.0628696
0.0486891
0.0989221
0.212585
0.108134
0.0493417
0.217644
0.152269
0.294879
0.294879
0.0696356
0.124624
0.134177
0.0991435
0.0252071
0.0242765
0.0278072
0.044282
0.0583028
0.144273
0.29429
0.123702
0.0749761
0.0251852
0.0188569
0.0397632
0.0674717
0.0744231
0.0387449
0.144628
0.255378
0.129281
0.0928354
0.0840437
0.0341641
0.0835276
0.135222
0.092103
0.208336
0.302427
0.302427
0.0319521
0.024693
0.0267675
0.0609003
0.0876801
0.162259
0.28519
0.177449
0.125639
0.124319
0.0750046
0.00424271
0.213282
0.302427
0.0987848
0.294374
0.302427
0.302427
0.136567
0.136979
0.0409404
0.157852
0.27686
0.0510636
0.160248
0.27686
0.27686
0.12092
0.172045
0.0414071
0.175998
0.27686
0.0752479
0.140979
0.155595
0.131252
0.102521
0.0522822
0.00241691
0.169411
0.27686
0.081898
0.233813
0.27686
0.27686
0.0803048
0.0861037
0.0206367
0.139211
0.27686
0.0465962
0.0487851
0.0674523
0.0672012
0.288047
0.307576
0.0977207
0.307576
0.307576
0.0995859
0.161661
0.103186
0.0597781
0.071092
0.163116
0.181009
0.307576
0.307576
0.0788067
0.117685
0.104221
0.0316822
0.132985
0.165034
0.0301829
0.259637
0.307576
0.0547881
0.0393146
0.048691
0.0423948
0.0795921
0.124469
0.0362945
0.0808807
0.181497
0.0388347
0.047298
0.0663935
0.0223208
0.0517014
0.111668
0.113731
0.192375
0.226281
0.0696045
0.0842654
0.0618236
0.0315083
0.246391
0.246391
0.13194
0.142735
0.246391
0.246391
0.246391
0.246391
0.246391
0.0527418
0.134036
0.030027
0.0535651
0.120059
0.0223696
0.0313723
0.0401658
0.0200974
0.236392
0.246391
0.100194
0.0213997
0.188238
0.160279
0.241043
0.234004
0.246391
0.204826
0.235497
0.115679
0.132815
0.235497
0.235497
0.235497
0.220179
0.235497
0.0830441
0.175652
0.116708
0.140948
0.235497
0.221003
0.0809521
0.077214
0.0372081
0.161192
0.235497
0.10481
0.0165588
0.152909
0.14276
0.216286
0.208832
0.235497
0.042913
0.0453155
0.0570853
0.0837971
0.152183
0.132655
0.178526
0.197384
0.0611359
0.0554039
0.243958
0.192462
0.255583
0.255583
0.255583
0.108231
0.0988204
0.0314369
0.0247618
0.0318988
0.154573
0.194741
0.255583
0.255583
0.119274
0.129439
0.068087
0.0190957
0.0377615
0.117649
0.158817
0.255583
0.224558
0.255583
0.255583
0.0718198
0.0649761
0.196791
0.171804
0.150488
0.106692
0.0666924
0.13504
0.152764
0.085475
0.0466045
0.180754
0.0796665
0.249555
0.249555
0.124694
0.164923
0.121833
0.0717591
0.0192035
0.0195648
0.0394027
0.0777249
0.174711
0.219279
0.221475
0.128799
0.0591767
0.103509
0.0516446
0.128899
0.182171
0.23145
0.205683
0.229249
0.152121
0.133201
0.0374787
0.0812449
0.201044
0.249555
0.249555
0.249555
0.249555
0.249555
0.0557755
0.016108
0.0110977
0.0263699
0.0544929
0.121881
0.160105
0.154774
0.119712
0.0666939
0.0879323
0.0708644
0.0337165
0.149035
0.231488
0.10464
0.182297
0.231488
0.231488
0.0345648
0.0330639
0.147621
0.231488
0.223484
0.231488
0.220915
0.224716
0.0990268
0.150993
0.231488
0.199758
0.225076
0.231488
0.15415
0.186642
0.231488
0.220594
0.118452
0.0644229
0.0255802
0.155832
0.255077
0.141918
0.234691
0.255077
0.255077
0.0885323
0.085399
0.0223501
0.117048
0.255077
0.0412152
0.0390819
0.0527346
0.0517292
0.206059
0.255077
0.172171
0.197452
0.255077
0.179988
0.24109
0.255077
0.255077
0.125313
0.222863
0.123804
0.118973
0.157071
0.0321798
0.0126448
0.0200929
0.0199481
0.289325
0.246615
0.0443621
0.308102
0.308102
0.0803257
0.0478262
0.062492
0.0546624
0.132071
0.159252
0.0466456
0.10611
0.229539
0.0534804
0.069637
0.111109
0.0382672
0.308102
0.308102
0.212052
0.219286
0.308102
0.0552852
0.0144772
0.0392336
0.044768
0.191705
0.195678
0.0874758
0.127822
0.182407
0.00471227
0.0135666
0.0137448
0.0152224
0.09941
0.230596
0.0603062
0.0824732
0.182426
0.0418059
0.0524331
0.0722832
0.0333647
0.277372
0.277372
0.18313
0.020189
0.277372
0.277372
0.277372
0.277372
0.277372
0.126212
0.142763
0.0976837
0.0966589
0.110331
0.013724
0.0416939
0.0532293
0.0204624
0.0567359
0.277372
0.241723
0.0908651
0.0280034
0.0406016
0.141743
0.247362
0.082457
0.194734
0.238528
0.146753
0.0162666
0.213002
0.201432
0.238528
0.238528
0.238528
0.0688179
0.0859271
0.0823806
0.108083
0.149252
0.123302
0.227731
0.238528
0.0782166
0.0248201
0.238528
0.230236
0.0821854
0.0120902
0.0442533
0.173146
0.233572
0.0727003
0.0333109
0.214042
0.238528
0.0974067
0.0575486
0.0621686
0.217293
0.234654
0.108831
0.0219073
0.0438161
0.0935444
0.124441
0.151308
0.106818
0.229752
0.25624
0.0771147
0.0428728
0.118866
0.144176
0.183182
0.122887
0.0539889
0.148774
0.14847
0.0819994
0.0317179
0.266725
0.266725
0.104333
0.0578459
0.0670084
0.266725
0.266725
0.151855
0.099691
0.122665
0.14436
0.266725
0.114283
0.0680541
0.266725
0.266725
0.266725
0.114028
0.0338163
0.119931
0.194308
0.24998
0.241853
0.24998
0.151646
0.118586
0.0322416
0.0632118
0.167923
0.24998
0.24998
0.24998
0.24998
0.23592
0.0328644
0.0953408
0.0474632
0.0237523
0.0479244
0.098524
0.0585179
0.126855
0.0930736
0.220498
0.0240292
0.0355387
0.157309
0.24998
0.166974
0.169486
0.24998
0.24998
0.0433682
0.0216981
0.0211363
0.109818
0.231896
0.231896
0.231896
0.181229
0.186403
0.0693721
0.121907
0.231896
0.187701
0.220296
0.231896
0.164593
0.194867
0.231896
0.186217
0.0136093
0.0135616
0.0646217
0.123072
0.0882094
0.105352
0.196908
0.186171
0.0422409
0.0675926
0.231896
0.213336
0.222008
0.231896
0.0798698
0.166403
0.165278
0.107267
0.181407
0.234511
0.158139
0.175443
0.234511
0.219926
0.234511
0.234511
0.234511
0.120992
0.185381
0.107591
0.117218
0.149022
0.0330229
0.0200333
0.0148194
0.0156961
0.0736321
0.234511
0.234511
0.234511
0.234511
0.135867
0.234511
0.234511
0.167491
0.0303517
0.0890281
0.137968
0.166371
0.178227
0.0834029
0.114651
0.0113257
0.0026179
0.26007
0.26007
0.188501
0.189698
0.250784
0.0856299
0.0444437
0.0303182
0.0379038
0.161362
0.178754
0.0944444
0.133356
0.186776
0.0349926
0.0162447
0.0147348
0.0161333
0.0827734
0.128902
0.26007
0.26007
0.26007
0.26007
0.259284
0.0309102
0.00719256
0.0826968
0.102595
0.122682
0.211022
0.26007
0.26007
0.147978
0.0272777
0.000149689
0.154493
0.188053
0.152704
0.151664
0.184112
0.0544239
0.0648019
0.0610746
0.0321791
0.0843481
0.260499
0.260499
0.109847
0.0445416
0.0800143
0.226528
0.260499
0.0834632
0.0801848
0.185047
0.153206
0.183505
0.260499
0.260499
0.110844
0.0365359
0.00289363
0.0618202
0.260499
0.211633
0.0614566
0.0973504
0.237765
0.260499
0.237217
0.0404992
0.0339365
0.253205
0.253205
0.084518
0.0188727
0.0631369
0.23944
0.24793
0.0860506
0.0473781
0.253205
0.253205
0.0886948
0.0485567
0.0611472
0.253205
0.253205
0.105176
0.0474225
0.253205
0.185541
0.0406447
0.0671451
0.140681
0.253205
0.141956
0.0367164
0.00707765
0.253205
0.253205
0.0708004
0.0210799
0.0723516
0.253205
0.181807
0.0269233
0.0221061
0.17
0.179854
0.05515
0.0249925
0.0309678
0.234682
0.224258
0.0948542
0.0711247
0.0974299
0.0882616
0.179239
0.106718
0.0518309
0.253055
0.292225
0.292225
0.0094174
0.180799
0.292225
0.0466823
0.0131096
0.0537223
0.279812
0.110135
0.0404302
0.110921
0.0748039
0.15574
0.0345949
0.0107355
0.0414587
0.290615
0.292225
0.292225
0.177896
0.0581843
0.0210633
0.0923202
0.191423
0.124407
0.250423
0.164696
0.254774
0.0699898
0.0680034
0.1672
0.254774
0.254774
0.254774
0.254774
0.254774
0.0996264
0.254774
0.0571761
0.00869982
0.0867264
0.174142
0.0199335
0.0293234
0.145376
0.254774
0.114126
0.0738152
0.0595977
0.145319
0.105639
0.0564271
0.0629601
0.239624
0.254774
0.0315109
0.0261825
0.0626795
0.150231
0.146368
0.166698
0.270586
0.238831
0.0756466
0.13617
0.27422
0.256513
0.27422
0.27422
0.109503
0.27422
0.27422
0.224577
0.0694932
0.0482105
0.037071
0.0790255
0.0721023
0.0372349
0.050117
0.104987
0.115475
0.0913432
0.119698
0.171272
0.159943
0.27422
0.19596
0.110795
0.0929882
0.0595782
0.0980216
0.263754
0.215742
0.24921
0.263754
0.135623
0.263754
0.263754
0.226569
0.0307829
0.109898
0.176446
0.218456
0.229035
0.115037
0.109649
0.010326
0.00367226
0.0913613
0.110536
0.162276
0.154229
0.263754
0.138351
0.0878174
0.0646524
0.0293274
0.0102445
0.0896447
0.162851
0.106859
0.263754
0.263754
0.0802281
0.0155091
0.00105282
0.0322137
0.0745456
0.216233
0.220265
0.169048
0.179688
0.130082
0.0120327
0.00473182
0.0398422
0.0522682
0.0700384
0.122222
0.216946
0.247799
0.0885224
0.0251329
0.0050487
0.0134265
0.0980546
0.170832
0.184036
0.375474
0.336835
0.0814903
0.0120775
0
0.00465856
0.014629
0.0467525
0.23536
0.375474
0.375474
0.0694444
0.016289
0.0106657
0.033739
0.075782
0.076662
0.0956605
0.224483
0.230895
0.0642786
0.0210803
0.00568214
0.0313624
0.137771
0.144804
0.0280839
0.0482627
0.0931483
0.196323
0.115279
0.0155705
0.00494204
0.0299496
0.0367107
0.229881
0.367561
0.367561
0.0601434
0.0104619
0.00805278
0.0337843
0.166774
0.203646
0.367561
0.367561
0.303671
0.0491687
0.0211747
0.0124818
0.030351
0.153986
0.136415
0.0234876
0.040579
0.0699551
0.153492
0.0832919
0.020377
0.00641163
0.180484
0.31363
0.0261432
0.0150877
0.0795884
0.31363
0.118382
0.00703655
0.0293511
0.151937
0.176067
0.31363
0.31363
0.31363
0.041279
0.0160619
0.012606
0.006669
0.0238912
0.0554468
0.31363
0.31363
0.31363
0.127838
0.0272272
0.00885439
0.00858796
0.149668
0.234487
0.026994
0.0125958
0.0697792
0.24577
0.0937752
0.0272366
0.108201
0.0773093
0.0985692
0.0167097
0.0113513
0.0330272
0.277164
0.300209
0.300209
0.00845683
0.0137017
0.047099
0.300209
0.300209
0.300209
0.115448
0.0589981
0.0537494
0.0958794
0.00961051
0.0345744
0.0412348
0.222227
0.0811102
0.141178
0.300209
0.300209
0.293392
0.0576119
0.0119166
0.146245
0.269354
0.0297319
0.0296897
0.161741
0.293392
0.181384
0.0910491
0.0168201
0.113606
0.131955
0.0589086
0.0392521
0.204628
0.293392
0.261592
0.17224
0.0279476
0.0809496
0.250846
0.0263868
0.0494995
0.197526
0.293392
0.218873
0.126376
0.0289054
0.0445921
0.0933643
0.0121744
0.0421648
0.194282
0.293392
0.166414
0.102837
0.0533452
0.12821
0.149258
0.056489
0.0401563
0.132413
0.237649
0.198692
0.216647
0.237649
0.237649
0.237649
0.237649
0.18349
0.205971
0.214032
0.178437
0.125306
0.0522288
0.0525074
0.116983
0.0128356
0.0381937
0.11702
0.237649
0.128137
0.128084
0.141348
0.110252
0.237649
0.154866
0.112689
0.232443
0.237649
0.114597
0.13994
0.203992
0.172075
0.260725
0.133342
0.0825033
0.0987191
0.0715703
0.0246145
0.159014
0.257694
0.145445
0.260725
0.260725
0.0920205
0.0462902
0.0297696
0.0663575
0.0786309
0.128832
0.121799
0.18241
0.0905979
0.0904296
0.158544
0.163385
0.0175142
0.0638108
0.211741
0.260725
0.260725
0.260725
0.260725
0.223013
0.115581
0.0178025
0.120146
0.189825
0.150157
0.278583
0.260987
0.0697569
0.0357273
0.0219927
0.00661577
0.0118585
0.0414897
0.156136
0.278583
0.278583
0.0795742
0.0324226
0.0232735
0.0205636
0.0657291
0.195533
0.278583
0.278583
0.278583
0.245279
0.205205
0.116425
0.0304237
0.0331217
0.0544999
0.136912
0.278583
0.278583
0.0874845
0.0769278
0.0271578
0.00725393
0.0287942
0.0480408
0.174029
0.297641
0.297641
0.0783359
0.020342
0.0161963
0.0293954
0.167501
0.178291
0.297641
0.297641
0.218415
0.0488375
0.026232
0.0110784
0.0384844
0.0416077
0.0671408
0.157617
0.297641
0.297641
0.0959584
0.0368313
0.0154973
0.0138263
0.018495
0.0680693
0.265028
0.297641
0.297641
0.140529
0.0284671
0.0068756
0.0266381
0.15815
0.177193
0.278913
0.278913
0.245009
0.040588
0.0191747
0.0112786
0.00952966
0.0288289
0.0437054
0.263844
0.278913
0.278913
0.144712
0.0276426
0.0131675
0.0183364
0.0206746
0.094242
0.265504
0.278913
0.278913
0.10744
0.0161575
0.00303672
0.0326373
0.0377244
0.130135
0.278913
0.278913
0.222123
0.0478176
0.0249949
0.0205597
0.012289
0.0257531
0.0543446
0.275695
0.303576
0.303576
0.153697
0.0732613
0.0629161
0.133997
0.0184723
0.03622
0.0473691
0.164225
0.0801495
0.163292
0.303576
0.303576
0.0591962
0.0393913
0.144063
0.303576
0.303576
0.207515
0.0500203
0.0542793
0.0746332
0.133816
0.0170164
0.024552
0.076344
0.132893
0.0708602
0.0288776
0.179507
0.303576
0.26082
0.122712
0.0275911
0.101636
0.265181
0.0181826
0.0361247
0.153645
0.304357
0.186068
0.0939905
0.0274033
0.0639456
0.126341
0.0106797
0.0344061
0.150092
0.304357
0.304357
0.160134
0.0116102
0.162627
0.304357
0.020675
0.0183854
0.12288
0.304357
0.167264
0.109921
0.00979318
0.0586799
0.114466
0.0329014
0.0457836
0.19598
0.304357
0.199661
0.151714
0.0757869
0.0873623
0.176005
0.0157666
0.0469092
0.126346
0.272224
0.16925
0.175291
0.183479
0.136725
0.240984
0.113387
0.13246
0.272224
0.272224
0.166588
0.163021
0.0196934
0.0898214
0.162244
0.0434378
0.0782368
0.180741
0.272224
0.272224
0.148601
0.0355201
0.109094
0.190191
0.0189795
0.0297031
0.164524
0.272224
0.0737896
0.116343
0.175071
0.14933
0.156796
0.0813692
0.102217
0.212054
0.251137
0.0543636
0.127021
0.251137
0.251137
0.251137
0.251137
0.251137
0.251137
0.205492
0.133576
0.0747131
0.0219839
0.0617211
0.0920751
0.0178213
0.0331081
0.162492
0.251137
0.183686
0.114113
0.116351
0.116978
0.0852606
0.102163
0.116195
0.208086
0.251137
0.0464698
0.127313
0.261451
0.261451
0.261451
0.261451
0.261451
0.261451
0.22109
0.0337447
0.0431339
0.0801758
0.191506
0.261451
0.261451
0.124857
0.128846
0.064652
0.124586
0.102878
0.105983
0.105553
0.0763671
0.0973317
0.106504
0.246272
0.261451
0.0540206
0.0538473
0.102623
0.125188
0.173295
0.0837848
0.0760128
0.129161
0.0880743
0.0372288
0.0534626
0.112307
0.226999
0.274386
0.274386
0.129784
0.0645238
0.036231
0.0143149
0.0387494
0.115588
0.274386
0.274386
0.274386
0.211581
0.0965803
0.0203623
0.0442234
0.0854405
0.105545
0.159788
0.200203
0.0947216
0.0768187
0.0949691
0.065077
0.0243491
0.102902
0.260915
0.256788
0.200064
0.22464
0.274386
0.188189
0.0524958
0.0165324
0.0468261
0.159526
0.277252
0.277252
0.277252
0.170583
0.0551722
0.0108487
0.0344941
0.0855403
0.190282
0.277252
0.277252
0.234291
0.0778226
0.0503295
0.0348329
0.0321981
0.113837
0.214567
0.254033
0.20185
0.158436
0.245443
0.156769
0.0525443
0.0882361
0.205776
0.20527
0.12273
0.0710415
0.048582
0.0979228
0.167408
0.125423
0.0616578
0.0972155
0.205586
0.30773
0.30773
0.229786
0.0842354
0.0750947
0.104251
0.170878
0.0371534
0.0378712
0.102492
0.134341
0.0858748
0.0441711
0.235259
0.30773
0.10494
0.210878
0.199808
0.123255
0.0746975
0.0314883
0.120466
0.244171
0.184325
0.11356
0.0406833
0.0235764
0.046051
0.0423904
0.0233655
0.15654
0.30773
0.30773
0.254997
0.0809648
0.00788834
0.125664
0.267181
0.00994135
0.0184614
0.12418
0.290544
0.0947353
0.0684673
0.0107286
0.0437828
0.0934632
0.0167867
0.0274404
0.134636
0.290544
0.290544
0.233099
0.129215
0.290544
0.290544
0.0160788
0.0485998
0.290544
0.290544
0.0720233
0.0639838
0.0526893
0.0210722
0.0366552
0.0220167
0.0447397
0.184913
0.258157
0.145692
0.175879
0.0293815
0.0915749
0.172681
0.0351642
0.0738229
0.19473
0.263633
0.263633
0.178909
0.0384532
0.124795
0.191248
0.0241328
0.0441424
0.188386
0.263633
0.122008
0.138916
0.0740056
0.0437894
0.0758937
0.0428521
0.107234
0.263633
0.263633
0.263633
0.200602
0.0748398
0.166185
0.20234
0.037345
0.106452
0.257276
0.263633
0.165589
0.116731
0.0279778
0.0792371
0.111401
0.0234951
0.0478758
0.236489
0.243046
0.219272
0.163073
0.147547
0.129652
0.149947
0.121655
0.10502
0.243046
0.243046
0.204308
0.115153
0.0497032
0.0856082
0.0978678
0.0366747
0.0886403
0.243046
0.243046
0.22069
0.1473
0.135849
0.188184
0.203141
0.172171
0.22441
0.18867
0.243046
0.132221
0.113042
0.117493
0.113112
0.129582
0.101282
0.0896819
0.252101
0.252101
0.0428739
0.052273
0.136485
0.22
0.252101
0.0816281
0.085594
0.151003
0.112866
0.136712
0.109217
0.130115
0.132879
0.17363
0.121922
0.170276
0.252101
0.252101
0.0602056
0.109389
0.225676
0.252101
0.238203
0.0969471
0.252101
0.252101
0.0812933
0.0233668
0.0585879
0.10937
0.187707
0.231848
0.0689418
0.0639385
0.083164
0.0578917
0.0312805
0.107318
0.246708
0.21054
0.199476
0.152627
0.246708
0.195548
0.100726
0.0423093
0.085396
0.217227
0.193375
0.204227
0.0792124
0.246708
0.246708
0.135138
0.0882326
0.0936219
0.246708
0.246708
0.117608
0.0597455
0.163981
0.246708
0.246708
0.0415971
0.146078
0.235107
0.230752
0.221501
0.131177
0.256915
0.1691
0.104168
0.0942566
0.235612
0.227229
0.134883
0.0791552
0.0432457
0.123229
0.144197
0.108774
0.1083
0.118669
0.256915
0.256915
0.133453
0.0664034
0.114626
0.256915
0.256915
0.173167
0.206184
0.19976
0.174471
0.175925
0.0443315
0.0360266
0.0481499
0.044187
0.104843
0.252552
0.2092
0.124161
0.0864503
0.0343609
0.160259
0.19111
0.168256
0.125059
0.0614866
0.030417
0.0372735
0.0448791
0.0219899
0.197163
0.278381
0.278381
0.155544
0.222387
0.201119
0.179704
0.180371
0.0504478
0.0536355
0.0712401
0.0287864
0.121072
0.278381
0.0523663
0.0658266
0.108457
0.122653
0.278381
0.278381
0.278381
0.238268
0.101795
0.0615958
0.228885
0.282614
0.00848761
0.0325938
0.186068
0.282614
0.048639
0.040067
0.0276399
0.0107721
0.0301829
0.013688
0.023808
0.117779
0.160362
0.276515
0.282614
0.282614
0.282614
0.282614
0.0537624
0.106828
0.282614
0.282614
0.0583988
0.0645956
0.0250183
0.0429319
0.0211894
0.0689094
0.0572104
0.129049
0.172965
0.126555
0.135433
0.0641017
0.0346976
0.095145
0.0354654
0.0850435
0.240292
0.240292
0.240292
0.212896
0.0647431
0.136982
0.218069
0.0487196
0.0959605
0.240292
0.240292
0.146138
0.161977
0.0602303
0.110773
0.0805294
0.218733
0.176117
0.240292
0.240292
0.231227
0.232736
0.0772142
0.0946532
0.163141
0.042237
0.0793179
0.217961
0.240001
0.17686
0.123329
0.0417872
0.0748022
0.112428
0.0415244
0.0862419
0.238509
0.238509
0.212498
0.135383
0.128665
0.181664
0.235746
0.120623
0.183164
0.210484
0.238509
0.143734
0.107904
0.0501705
0.0830837
0.132662
0.0286152
0.069638
0.191168
0.238509
0.238509
0.229358
0.184401
0.0899829
0.122805
0.208932
0.217455
0.140592
0.238509
0.110322
0.0763426
0.0996748
0.110824
0.167779
0.085563
0.139071
0.237539
0.237539
0.0495958
0.0633976
0.186322
0.237539
0.237539
0.11944
0.237539
0.231803
0.0773759
0.152252
0.110717
0.11398
0.0771079
0.147534
0.150387
0.148584
0.150206
0.237539
0.0957403
0.118143
0.20468
0.212082
0.237539
0.237539
0.203298
0.187257
0.0927568
0.0287596
0.0463718
0.157347
0.18924
0.19924
0.0945617
0.208445
0.170574
0.0791238
0.082679
0.0597107
0.247043
0.233477
0.174801
0.079745
0.154257
0.244581
0.247043
0.0505911
0.0624967
0.12783
0.142104
0.247043
0.200703
0.138944
0.122611
0.0915108
0.233831
0.0794587
0.161604
0.166737
0.204973
0.107703
0.154596
0.247043
0.247043
0.0970066
0.0915358
0.254875
0.254875
0.16803
0.0982083
0.153926
0.254875
0.254875
0.135553
0.210728
0.171929
0.129632
0.150166
0.051599
0.057033
0.0262245
0.0224832
0.195531
0.0828451
0.171923
0.179627
0.191417
0.167487
0.189422
0.254875
0.254875
0.148452
0.254875
0.0544601
0.120568
0.239003
0.103411
0.0957674
0.0382419
0.0402973
0.105315
0.174767
0.131568
0.104766
0.121018
0.0440255
0.065156
0.0429704
0.0117894
0.0718919
0.224014
0.150027
0.0361134
0.0918454
0.0752002
0.276855
0.276855
0.191355
0.133392
0.230261
0.090199
0.119927
0.248961
0.0754221
0.0563718
0.0299859
0.00413851
0.276855
0.276855
0.276855
0.149927
0.257326
0.0597652
0.0570343
0.23851
0.276855
0.223142
0.194982
0.255211
0.255211
0.255211
0.0499205
0.0667537
0.231097
0.255211
0.0393578
0.0458116
0.0312095
0.0577988
0.0375024
0.0440653
0.0610441
0.105192
0.13544
0.0656169
0.0987515
0.194489
0.255211
0.255211
0.16864
0.108251
0.123344
0.197829
0.0537093
0.0736803
0.19845
0.255211
0.170127
0.157009
0.152587
0.188278
0.212245
0.0590572
0.0711826
0.0386818
0.0944452
0.0738026
0.0728944
0.104923
0.17803
0.185749
0.0813524
0.105552
0.0393215
0.040548
0.0879481
0.0333657
0.0364365
0.0911205
0.0969908
0.0542476
0.144672
0.251453
0.251453
0.251453
0.23534
0.251453
0.251453
0.251453
0.0857225
0.229516
0.251453
0.244617
0.237342
0.17216
0.251453
0.21848
0.074646
0.100099
0.0908727
0.0397948
0.0627499
0.115782
0.0384531
0.0578544
0.145772
0.253924
0.218854
0.159262
0.138988
0.0681047
0.121718
0.134753
0.151177
0.108043
0.255089
0.0864671
0.255089
0.255089
0.255089
0.255089
0.22106
0.255089
0.255089
0.136004
0.102438
0.196783
0.0957612
0.0907456
0.146498
0.0703051
0.123594
0.13045
0.227753
0.223234
0.11909
0.13318
0.0940491
0.203378
0.157818
0.183504
0.19218
0.248625
0.153626
0.1546
0.225547
0.248625
0.248625
0.248625
0.222835
0.187293
0.13374
0.14526
0.212033
0.0924137
0.108333
0.180111
0.0928847
0.0641046
0.186366
0.248625
0.110985
0.154836
0.13704
0.141238
0.101401
0.0508355
0.0457724
0.0443786
0.0652986
0.0580776
0.0656697
0.117171
0.156693
0.277281
0.203283
0.15344
0.1179
0.0883191
0.233102
0.0514565
0.158101
0.177044
0.287445
0.133429
0.224604
0.287445
0.287445
0.0858285
0.07872
0.0609835
0.0856721
0.0587483
0.0325042
0.0388332
0.0325617
0.0850392
0.287445
0.197612
0.0142613
0.0675236
0.0663908
0.0491127
0.153927
0.287445
0.287445
0.169656
0.0569549
0.134467
0.15277
0.228796
0.162744
0.236007
0.268914
0.268914
0.152184
0.251389
0.0521492
0.097954
0.219424
0.0958573
0.104153
0.0393005
0.0308044
0.268914
0.155144
0.0218717
0.0706116
0.0815132
0.0348594
0.113759
0.268914
0.268914
0.247624
0.263274
0.0545027
0.119379
0.230468
0.01565
0.0356783
0.0829236
0.037455
0.108102
0.175361
0.0603454
0.0739583
0.175152
0.0539011
0.0494918
0.0309635
0.00385015
0.242917
0.293012
0.293012
0.0946306
0.200309
0.0469117
0.0618015
0.257902
0.293012
0.179108
0.203938
0.0511908
0.0764207
0.197022
0.0239378
0.0361659
0.0343933
0.0074965
0.293012
0.163035
0.0380509
0.0752278
0.192667
0.0648047
0.128892
0.293012
0.293012
0.0997326
0.0959833
0.249579
0.249579
0.249579
0.206325
0.124566
0.112841
0.249579
0.0593412
0.0824448
0.206618
0.249579
0.249579
0.189187
0.215198
0.249579
0.249579
0.0075408
0.0180323
0.034989
0.0365046
0.0975436
0.224001
0.143959
0.0260442
0.0134656
0.0183202
0.0417295
0.19109
0.113991
0.249579
0.180764
0.0924491
0.10539
0.161781
0.0398168
0.104484
0.197077
0.227804
0.227804
0.187939
0.227804
0.227804
0.227804
0.0819189
0.185849
0.180486
0.169862
0.199468
0.132743
0.227804
0.143052
0.0565768
0.0266416
0.0624364
0.188969
0.152135
0.227804
0.170535
0.0792095
0.0875528
0.138287
0.0445384
0.115
0.177593
0.212304
0.227804
0.227804
0.188432
0.0942802
0.026655
0.0928163
0.232816
0.232816
0.232816
0.232816
0.173856
0.232816
0.216976
0.102237
0.101205
0.123443
0.0531851
0.0688692
0.0929187
0.0285212
0.0747613
0.110507
0.183817
0.0896623
0.162423
0.232816
0.232816
0.232816
0.232816
0.232816
0.170205
0.120405
0.115731
0.0815601
0.0599385
0.0541355
0.0427685
0.0917636
0.210697
0.232816
0.232816
0.212626
0.190643
0.0831141
0.120178
0.168266
0.0488166
0.130036
0.273171
0.288775
0.164426
0.198506
0.133009
0.131868
0.0908199
0.0417473
0.0436497
0.0436356
0.0758947
0.233896
0.153945
0.144372
0.0947832
0.0701591
0.140018
0.288775
0.288775
0.288775
0.155134
0.18518
0.172301
0.152462
0.229004
0.0928538
0.0556713
0.0810178
0.0737648
0.104392
0.0933118
0.0600936
0.077903
0.0594099
0.0195666
0.0431482
0.0422516
0.0955518
0.344793
0.184994
0.0300346
0.0957781
0.11333
0.0497577
0.188942
0.344793
0.344793
0.104192
0.103113
0.122842
0.106823
0.112107
0.0452161
0.0291357
0.0247428
0.0901281
0.344793
0.290157
0.142336
0.147408
0.150846
0.0571299
0.0195053
0.198829
0.344793
0.298642
0.137674
0.0355736
0.0815331
0.101846
0.022822
0.120923
0.263824
0.298642
0.241842
0.265446
0.0706486
0.11076
0.192998
0.0116708
0.0375529
0.0739374
0.0327509
0.298642
0.210965
0.191143
0.124095
0.0920564
0.027977
0.0351561
0.136804
0.298642
0.194733
0.298642
0.163793
0.0975802
0.136891
0.0517629
0.0962595
0.0915698
0.0393394
0.169583
0.208543
0.056944
0.0727225
0.176072
0.0174519
0.0279791
0.0323246
0.0118845
0.271059
0.167106
0.0242824
0.0680695
0.195886
0.0544994
0.129506
0.326526
0.326526
0.112453
0.155705
0.15096
0.0690727
0.104998
0.0355652
0.0793062
0.0662696
0.012951
0.326526
0.114885
0.0561214
0.0766044
0.279425
0.0108844
0.010606
0.326526
0.326526
0.0155527
0.0395524
0.0576114
0.0922229
0.138205
0.280638
0.239489
0.0401429
0.0152073
0.0406274
0.0534626
0.195652
0.134033
0.280638
0.280638
0.254617
0.280638
0.280638
0.00248699
0.00295622
0.0107791
0.0889221
0.280638
0.280638
0.137256
0.0198903
0.00980318
0.0168393
0.0116641
0.0598852
0.0694857
0.230718
0.273401
0.193544
0.0952115
0.143098
0.0489571
0.0878495
0.201673
0.176988
0.264931
0.264931
0.17592
0.163
0.262851
0.106167
0.222759
0.264931
0.264931
0.264931
0.264931
0.199761
0.147534
0.047739
0.00751895
0.0112755
0.0531402
0.0891559
0.188053
0.223509
0.163089
0.0868745
0.0779975
0.0152927
0.0497531
0.179469
0.208699
0.124347
0.0689326
0.0410508
0.0692798
0.0602472
0.133716
0.227805
0.254802
0.254802
0.254802
0.254802
0.226083
0.186426
0.135553
0.137585
0.0845645
0.0624492
0.0733455
0.0398841
0.0940852
0.195256
0.254802
0.254802
0.027291
0.0488092
0.16289
0.16303
0.130047
0.0513665
0.044198
0.107111
0.192625
0.0775791
0.110509
0.205121
0.133875
0.13208
0.0539098
0.0689531
0.240687
0.254802
0.178946
0.102389
0.0944746
0.0735498
0.037732
0.0838226
0.285026
0.285026
0.285026
0.138284
0.151625
0.150526
0.109605
0.135437
0.060018
0.0636583
0.0513055
0.0373715
0.115527
0.117813
0.207948
0.136797
0.219912
0.0663432
0.121496
0.285026
0.285026
0.106278
0.244711
0.203668
0.190047
0.242602
0.087037
0.168027
0.140725
0.0418183
0.0991275
0.0970095
0.112772
0.097639
0.0932935
0.0397435
0.0460326
0.0257698
0.0782822
0.314111
0.302831
0.136009
0.124679
0.150969
0.0329963
0.0534485
0.202764
0.314111
0.0842881
0.15449
0.154858
0.145986
0.191373
0.0668409
0.139929
0.10425
0.0550329
0.238276
0.238173
0.126451
0.0523822
0.108553
0.125018
0.20143
0.314111
0.314111
0.284626
0.233308
0.170744
0.123013
0.116086
0.0221836
0.0486013
0.137171
0.284626
0.182306
0.277851
0.184222
0.107871
0.133099
0.0443047
0.0892219
0.0725877
0.0433791
0.212455
0.242827
0.153656
0.0576084
0.11697
0.117223
0.165745
0.284626
0.284626
0.0507302
0.132431
0.251813
0.148133
0.11186
0.0798555
0.138589
0.13248
0.0651962
0.102582
0.164798
0.160161
0.0739922
0.100647
0.0344554
0.0679659
0.0433754
0.0163773
0.303434
0.14146
0.0979592
0.0729752
0.259579
0.0102687
0.0248055
0.303434
0.303434
0.0389039
0.115063
0.212658
0.112174
0.090843
0.0798712
0.10336
0.0570964
0.0209532
0.187787
0.222464
0.284321
0.121627
0.209863
0.048529
0.146126
0.303434
0.303434
0.00261989
0.00521791
0.0169197
0.13299
0.307561
0.307561
0.198905
0.0342454
0.0168596
0.0205884
0.00251451
0.00574884
0.0699626
0.307561
0.307561
0.307561
0.161813
0.191423
0.00529207
0.00407709
0.00840007
0.0876747
0.307561
0.307561
0.0400045
0.00656587
0.00248547
0.00490658
0.0111376
0.0190555
0.0815587
0.307561
0.307561
0.0641488
0.0149277
0.022208
0.0132852
0.00785735
0.0610635
0.154089
0.290573
0.290573
0.290573
0.191346
0.138206
0.0293779
0.0964538
0.290573
0.290573
0.243709
0.127317
0.0738239
0.120239
0.0895907
0.0063015
0.0161406
0.0288432
0.100333
0.290573
0.290573
0.0515205
0.0159161
0.0209581
0.00998
0.00678768
0.0139274
0.0967934
0.290573
0.290573
0.0945788
0.0773077
0.0616536
0.0369935
0.0753666
0.264442
0.263674
0.171109
0.0669589
0.044801
0.132434
0.257007
0.122448
0.136313
0.195311
0.150203
0.191687
0.108039
0.0829078
0.264442
0.264442
0.0146356
0.00546958
0.0221209
0.0800751
0.264442
0.240438
0.0644376
0.0647301
0.0776121
0.113444
0.107073
0.177451
0.264442
0.178725
0.10973
0.0749603
0.223987
0.264442
0.118555
0.117242
0.148302
0.114699
0.206452
0.0797369
0.0909434
0.26738
0.26738
0.115762
0.207116
0.237459
0.18712
0.204911
0.0867298
0.158255
0.105921
0.024946
0.0951209
0.0998061
0.16352
0.200502
0.139584
0.0968684
0.0765269
0.221777
0.26738
0.0638195
0.229538
0.227113
0.26738
0.252761
0.0518548
0.0845654
0.083181
0.0298248
0.0734142
0.123797
0.154366
0.148772
0.162673
0.0589758
0.128894
0.074831
0.0420835
0.202701
0.196509
0.107856
0.0486526
0.110953
0.107087
0.265223
0.265223
0.265223
0.158949
0.216402
0.142433
0.176686
0.18316
0.0249077
0.0674239
0.0907245
0.159518
0.265223
0.211163
0.0595472
0.126233
0.245072
0.0483515
0.131905
0.265223
0.265223
0.189049
0.188868
0.117439
0.0714269
0.13383
0.106293
0.223847
0.267321
0.267321
0.057546
0.123196
0.202693
0.143724
0.128524
0.0813737
0.146166
0.116171
0.0468595
0.267321
0.25628
0.0517693
0.115074
0.244975
0.0500174
0.132174
0.267321
0.267321
0.134595
0.240375
0.155589
0.137889
0.150391
0.108675
0.0985246
0.0722293
0.0509525
0.0466815
0.119314
0.183129
0.113983
0.106162
0.0634356
0.0955635
0.0398128
0.0125079
0.181466
0.222698
0.269015
0.119274
0.218025
0.0305172
0.127093
0.291633
0.291633
0.120723
0.170945
0.157849
0.0953142
0.097596
0.0750872
0.0565034
0.0381126
0.0476259
0.291633
0.261681
0.198415
0.0955872
0.182665
0.0150065
0.081958
0.282462
0.291633
0.00817827
0.00628638
0.0167534
0.151876
0.349379
0.349379
0.0625859
0.0125775
0.00641508
0.00560588
0.0133885
0.0300573
0.129715
0.349379
0.349379
0.0951604
0.0287648
0.0248627
0.00554841
0.0280453
0.0299085
0.0945052
0.349379
0.308077
0.079851
0.0333323
0.0267455
0.00488249
0.0142028
0.0736663
0.154447
0.349379
0.222962
0.116352
0.0526919
0.0480154
0.0112255
0.0218764
0.0413245
0.151747
0.348243
0.348243
0.0908339
0.0323328
0.0324378
0.0106847
0.00839787
0.0175319
0.117566
0.348243
0.348243
0.152089
0.114255
0.081229
0.013261
0.0317858
0.0790758
0.166841
0.348243
0.222239
0.107966
0.067471
0.0511921
0.0434436
0.0228093
0.0258879
0.103333
0.348243
0.202925
0.110241
0.0767033
0.0557859
0.0162039
0.00837379
0.0190722
0.0815212
0.28416
0.28416
0.0942034
0.0806416
0.089028
0.182009
0.139411
0.154911
0.24207
0.270623
0.150223
0.126762
0.28416
0.28416
0.0310492
0.0275863
0.0251499
0.0615513
0.282385
0.110472
0.0571209
0.0395191
0.0398087
0.205207
0.126285
0.13899
0.128818
0.152535
0.0272331
0.123955
0.28416
0.28416
0.118867
0.122291
0.152335
0.159639
0.184065
0.112061
0.106873
0.253987
0.253987
0.126858
0.243498
0.253987
0.253987
0.253987
0.0783144
0.0831199
0.0652894
0.025093
0.146961
0.0941884
0.105433
0.0904397
0.123948
0.0303316
0.0868241
0.213611
0.253987
0.253987
0.253987
0.253987
0.175172
0.150313
0.0698536
0.0861764
0.0426268
0.0620203
0.146622
0.20018
0.166666
0.163367
0.166335
0.0299138
0.0580477
0.0724993
0.130236
0.26918
0.185741
0.0594351
0.115368
0.210173
0.0539831
0.182005
0.26918
0.26918
0.219696
0.172591
0.122967
0.0923637
0.108874
0.0382698
0.0506516
0.0709589
0.159807
0.26918
0.26918
0.093981
0.0856647
0.144448
0.00395994
0.0764167
0.26918
0.26918
0.29244
0.227561
0.0416456
0.112602
0.21517
0.0514968
0.176266
0.29244
0.29244
0.145974
0.259544
0.128073
0.118671
0.131181
0.0986305
0.107526
0.0768833
0.0338085
0.29244
0.283984
0.0483184
0.0729817
0.138579
0.00841289
0.0831305
0.29244
0.29244
0.0885764
0.143429
0.0777294
0.0960294
0.112557
0.0491673
0.0277401
0.019649
0.0391109
0.151223
0.205414
0.158323
0.11699
0.127191
0.076513
0.0733607
0.0497198
0.040854
0.336062
0.262107
0.178035
0.129458
0.298278
0.00775659
0.0599841
0.290126
0.336062
0.0668631
0.112676
0.0618264
0.0794458
0.116828
0.040967
0.0263264
0.0270121
0.0598334
0.23724
0.154389
0.039509
0.079197
0.163851
0.00322894
0.0561714
0.257419
0.336062
0.0170878
0.0446825
0.0652002
0.224526
0.322227
0.322227
0.118459
0.073646
0.0630221
0.0135278
0.0299042
0.0962184
0.29526
0.322227
0.322227
0.158894
0.112407
0.0878826
0.0429152
0.0332697
0.0547503
0.175668
0.216201
0.233828
0.112632
0.146626
0.0965777
0.0444159
0.0686882
0.164417
0.184046
0.188288
0.208061
0.145966
0.0910801
0.059181
0.0199254
0.0540069
0.0920385
0.261485
0.321498
0.321498
0.138936
0.131009
0.0751225
0.0409041
0.0409335
0.0282991
0.15508
0.321498
0.306753
0.153211
0.118071
0.0698551
0.0399403
0.0653136
0.126509
0.181956
0.208474
0.225506
0.132566
0.104771
0.0559436
0.0339177
0.0463965
0.0591898
0.151361
0.321498
0.207676
0.180656
0.100057
0.0568676
0.0242086
0.0361107
0.0204147
0.0727276
0.354141
0.151833
0.0756745
0.0585515
0.0340126
0.29282
0.16275
0.157761
0.119653
0.207773
0.0341874
0.161909
0.354141
0.354141
0.0178202
0.0201263
0.0233636
0.0584176
0.210005
0.109084
0.0802264
0.0574057
0.0395902
0.141905
0.0417925
0.0460331
0.0397151
0.0686165
0.0293012
0.0827228
0.354141
0.354141
0.189568
0.11466
0.130893
0.0958003
0.181337
0.0382215
0.123111
0.27802
0.27802
0.27802
0.27802
0.27802
0.25389
0.19697
0.0863567
0.109376
0.0643132
0.0628962
0.115935
0.0487667
0.0576823
0.0491908
0.0798907
0.0341279
0.0529388
0.255959
0.27802
0.177851
0.142213
0.171967
0.139264
0.197974
0.0666308
0.0300057
0.09027
0.172132
0.188118
0.152968
0.135869
0.0885827
0.10396
0.0329151
0.0424934
0.0649034
0.132187
0.283572
0.283572
0.0721821
0.0755062
0.130451
0.00515767
0.0643405
0.283572
0.283572
0.136948
0.107637
0.0727047
0.0696762
0.0968811
0.0259993
0.00934006
0.0194355
0.031139
0.283572
0.283572
0.113381
0.176709
0.283572
0.000960996
0.166277
0.283572
0.283572
0.301292
0.295641
0.0357233
0.0666604
0.137873
0.00884578
0.0736387
0.301292
0.301292
0.0976008
0.164133
0.0750382
0.0825955
0.0863693
0.0322084
0.0339301
0.0217061
0.0304119
0.301292
0.301292
0.0835473
0.12034
0.245899
0.00410132
0.177864
0.301292
0.301292
0.084655
0.10216
0.0533573
0.116001
0.179387
0.0141641
0.0340224
0.0654925
0.0406667
0.0844078
0.153063
0.0829155
0.0993121
0.13678
0.0390277
0.0475385
0.0394855
0.0637003
0.326792
0.173328
0.0375049
0.102118
0.239881
0.00337257
0.0589407
0.314589
0.361856
0.0979535
0.113845
0.0497536
0.0823462
0.166748
0.0212269
0.0506755
0.0451674
0.0357158
0.263936
0.0912825
0.0324056
0.124163
0.311419
0.00174005
0.0240172
0.309971
0.361856
