0.177025
0.158509
0.210017
0.210017
0.210017
0.154922
0.143705
0.134355
0.177945
0.0723412
0.129677
0.167786
0.120242
0.195614
0.109962
0.17542
0.210017
0.19224
0.14915
0.124983
0.136079
0.197854
0.210017
0.174654
0.210017
0.210017
0.210017
0.0708608
0.0894589
0.054201
0.126091
0.198608
0.147209
0.155234
0.210017
0.162334
0.0922401
0.195094
0.127446
0.109433
0.193186
0.117413
0.188868
0.21368
0.21368
0.11652
0.21368
0.135182
0.160214
0.21368
0.160484
0.211472
0.151507
0.152785
0.0804193
0.0958417
0.0846441
0.171579
0.21368
0.173287
0.126556
0.210994
0.16604
0.133817
0.21368
0.19117
0.201419
0.21368
0.142893
0.155675
0.147969
0.112105
0.118597
0.214189
0.152187
0.172822
0.214189
0.138431
0.161252
0.168977
0.17214
0.106572
0.189716
0.111514
0.126764
0.214189
0.131855
0.193693
0.160541
0.117676
0.139263
0.214189
0.214189
0.19086
0.183224
0.144173
0.127345
0.16108
0.124254
0.123481
0.186091
0.134049
0.201705
0.214189
0.194004
0.157682
0.180923
0.111221
0.0837844
0.122697
0.0861084
0.114129
0.222781
0.0943293
0.163828
0.190035
0.141567
0.174352
0.162825
0.166883
0.222781
0.222781
0.149801
0.127614
0.165144
0.132816
0.0940961
0.204722
0.15831
0.181111
0.18647
0.142904
0.138684
0.160567
0.0996069
0.122756
0.218763
0.135613
0.132017
0.222781
0.179646
0.222781
0.222781
0.222781
0.130249
0.104916
0.110296
0.154503
0.218865
0.121866
0.132232
0.176853
0.163004
0.125972
0.0944622
0.0957996
0.218865
0.218865
0.175982
0.180246
0.218865
0.218865
0.0787774
0.201109
0.146915
0.108135
0.218865
0.145166
0.218865
0.215318
0.218865
0.0963705
0.138951
0.0849743
0.0567778
0.153401
0.186657
0.18922
0.218865
0.19153
0.121781
0.0955534
0.0865703
0.187964
0.239887
0.202987
0.210144
0.239887
0.239887
0.109418
0.133055
0.13779
0.0871288
0.0782931
0.127915
0.239887
0.216591
0.0739124
0.0979827
0.218819
0.156864
0.0546803
0.131355
0.181386
0.221321
0.218356
0.187212
0.130873
0.239887
0.239887
0.0893598
0.0506263
0.101758
0.0998972
0.175738
0.16005
0.114621
0.145587
0.151837
0.0988567
0.11832
0.168733
0.254772
0.20536
0.0815236
0.108061
0.254772
0.254772
0.139234
0.239362
0.159881
0.127932
0.0896597
0.0772314
0.120218
0.254772
0.254772
0.132724
0.072
0.087359
0.094665
0.127507
0.123236
0.0982899
0.254772
0.192036
0.128948
0.214073
0.178753
0.166904
0.172952
0.154285
0.132376
0.148028
0.127601
0.170484
0.211359
0.171382
0.211359
0.211359
0.211359
0.0685904
0.102466
0.0583438
0.105306
0.211359
0.179059
0.173612
0.195479
0.169553
0.0773018
0.147174
0.120278
0.177896
0.211359
0.168269
0.154724
0.124295
0.211359
0.0889664
0.211359
0.09277
0.139822
0.211359
0.211359
0.159844
0.20292
0.189759
0.0773215
0.116241
0.0872928
0.13532
0.212686
0.183682
0.130298
0.184598
0.18162
0.147761
0.212686
0.175925
0.155288
0.212686
0.135071
0.188435
0.138714
0.0741682
0.0704049
0.212686
0.128267
0.17837
0.212686
0.212686
0.169796
0.187178
0.190987
0.196709
0.212686
0.153062
0.0992128
0.156304
0.198743
0.192996
0.16578
0.102786
0.140835
0.208182
0.190429
0.130527
0.176347
0.131137
0.142436
0.152987
0.10356
0.0934696
0.152459
0.158092
0.208182
0.208182
0.170404
0.180729
0.132484
0.110416
0.17836
0.208182
0.161885
0.126402
0.157519
0.191427
0.185547
0.16575
0.153696
0.135475
0.208182
0.166781
0.206381
0.208182
0.13332
0.208182
0.130799
0.166539
0.0699578
0.149527
0.149513
0.184512
0.206741
0.127697
0.151073
0.136061
0.116063
0.129184
0.216156
0.122259
0.103984
0.216156
0.144924
0.16189
0.216156
0.216156
0.128894
0.175332
0.135887
0.159609
0.191943
0.142684
0.199638
0.183904
0.215681
0.18628
0.114517
0.0508331
0.14368
0.216156
0.153279
0.181739
0.190358
0.216156
0.110136
0.217122
0.147136
0.115491
0.219916
0.145586
0.205559
0.219916
0.219916
0.1332
0.164233
0.0933607
0.0677955
0.16305
0.13792
0.190629
0.197995
0.219916
0.165043
0.101585
0.0482857
0.119483
0.219916
0.17773
0.205556
0.219916
0.219916
0.157073
0.219916
0.178246
0.175853
0.143099
0.164676
0.0911217
0.058054
0.0395895
0.135239
0.201566
0.13971
0.0618208
0.129074
0.142187
0.227189
0.200278
0.213694
0.180985
0.232276
0.232276
0.122614
0.0856544
0.090374
0.145346
0.135018
0.0980538
0.144478
0.232276
0.168493
0.155172
0.138116
0.179572
0.0834599
0.061819
0.042561
0.172821
0.22642
0.21333
0.232276
0.208862
0.1599
0.17995
0.184071
0.126649
0.152205
0.228683
0.228683
0.149937
0.100844
0.0919933
0.138459
0.113541
0.0825018
0.103999
0.228683
0.194481
0.096642
0.199329
0.172745
0.161971
0.191582
0.144804
0.181834
0.218244
0.221474
0.222887
0.199127
0.192219
0.149466
0.191438
0.162406
0.0514549
0.147553
0.144241
0.121439
0.136024
0.222671
0.130543
0.167452
0.118239
0.0827128
0.202586
0.132341
0.160195
0.210778
0.149131
0.159288
0.210778
0.20155
0.075597
0.210778
0.149555
0.15336
0.210778
0.203094
0.177965
0.208444
0.163035
0.096175
0.177643
0.157941
0.138199
0.184908
0.153903
0.135118
0.208327
0.0979509
0.0775468
0.14444
0.210778
0.210778
0.207908
0.0983022
0.12709
0.151759
0.1633
0.0595778
0.212479
0.166041
0.169247
0.212479
0.181364
0.172961
0.212479
0.172519
0.194235
0.212479
0.150342
0.11686
0.150098
0.161875
0.17792
0.198031
0.0891196
0.0893721
0.141689
0.212479
0.212479
0.193319
0.0868597
0.112047
0.176798
0.179167
0.121608
0.165179
0.132322
0.162676
0.0998423
0.200189
0.19009
0.21222
0.0953628
0.169379
0.217943
0.141534
0.125218
0.149002
0.158832
0.197465
0.217943
0.140552
0.120392
0.174413
0.173421
0.217943
0.217943
0.143042
0.204813
0.168705
0.183064
0.0975538
0.112917
0.10287
0.1325
0.101394
0.147084
0.206586
0.217943
0.139343
0.0608164
0.130643
0.125077
0.0775194
0.147244
0.213482
0.217943
0.217943
0.20849
0.131077
0.155491
0.146366
0.1917
0.216796
0.14786
0.216796
0.216548
0.216796
0.181804
0.116929
0.0580829
0.171843
0.216796
0.162725
0.183038
0.199952
0.216796
0.0823625
0.137266
0.110266
0.0926746
0.205793
0.183693
0.216796
0.216796
0.178369
0.0972061
0.153832
0.0884108
0.116327
0.166358
0.159656
0.187498
0.127263
0.099297
0.174215
0.120504
0.0563409
0.151213
0.218176
0.160911
0.218176
0.218176
0.218176
0.189554
0.218176
0.209275
0.198254
0.143023
0.137922
0.0915966
0.0673146
0.0906639
0.148547
0.213557
0.108159
0.144889
0.218176
0.151034
0.105022
0.0825762
0.0703633
0.148648
0.218176
0.218176
0.110576
0.204037
0.200536
0.218176
0.155088
0.0945584
0.167563
0.216758
0.183432
0.152274
0.132854
0.142032
0.0819171
0.054574
0.0488911
0.199534
0.183381
0.201682
0.216758
0.216758
0.178492
0.199966
0.137761
0.0848931
0.156889
0.216143
0.205385
0.117503
0.216758
0.170531
0.176375
0.131227
0.0835142
0.0951347
0.104251
0.1452
0.216758
0.216758
0.216758
0.211131
0.141802
0.0821901
0.213182
0.182451
0.193747
0.207884
0.229916
0.223921
0.189053
0.152003
0.107003
0.0509604
0.16944
0.179344
0.113296
0.14355
0.223432
0.157606
0.171697
0.0882958
0.107892
0.107246
0.115923
0.23128
0.23128
0.23128
0.185832
0.146668
0.110048
0.00311623
0.108573
0.103354
0.086351
0.23128
0.23128
0.212865
0.0955764
0.041118
0.122215
0.218179
0.195078
0.165955
0.204166
0.187127
0.188074
0.218179
0.109132
0.0734657
0.185461
0.218179
0.218179
0.218179
0.0854126
0.159393
0.172525
0.17406
0.0996583
0.112847
0.0757903
0.13418
0.191617
0.192222
0.147513
0.218179
0.137724
0.085137
0.0989486
0.0964269
0.208838
0.212592
0.10479
0.211201
0.155682
0.146755
0.0845875
0.163555
0.215743
0.215743
0.192053
0.0684265
0.143357
0.210755
0.192964
0.138814
0.163485
0.147625
0.208393
0.124104
0.177919
0.215743
0.215743
0.0910734
0.0884341
0.0997735
0.107815
0.215743
0.20907
0.0994314
0.192595
0.157786
0.135069
0.10259
0.125225
0.215743
0.215743
0.163645
0.215743
0.143115
0.150503
0.155071
0.0964489
0.0976294
0.104171
0.141555
0.100166
0.122732
0.221682
0.221682
0.129139
0.106782
0.119868
0.095033
0.108487
0.146734
0.221682
0.221682
0.221682
0.221682
0.0870882
0.125879
0.183396
0.21667
0.153257
0.190819
0.116949
0.110623
0.134399
0.160074
0.215091
0.149161
0.197951
0.221682
0.221682
0.171469
0.165839
0.221682
0.130751
0.159083
0.0986239
0.123401
0.18699
0.182294
0.225304
0.225304
0.204098
0.102925
0.134355
0.0861839
0.160328
0.155448
0.161611
0.174408
0.129175
0.108923
0.145133
0.210034
0.125626
0.166986
0.225304
0.225304
0.190665
0.152945
0.225304
0.0564704
0.132053
0.0870672
0.225304
0.225304
0.170169
0.214964
0.134769
0.0793863
0.137317
0.19821
0.102043
0.171054
0.191021
0.124764
0.110732
0.0825961
0.0651533
0.133397
0.177285
0.177523
0.127272
0.244156
0.179003
0.2229
0.141842
0.126566
0.0450312
0.158796
0.0916392
0.250238
0.250238
0.163386
0.181441
0.12549
0.0857073
0.0431344
0.157524
0.191696
0.250238
0.250238
0.250238
0.226643
0.078093
0.00722688
0.124953
0.174286
0.163676
0.120301
0.240253
0.147803
0.124459
0.114541
0.079456
0.0839149
0.0780425
0.154736
0.240253
0.240253
0.199727
0.143114
0.0886215
0.0762219
0.0536266
0.216367
0.199933
0.240253
0.240253
0.240253
0.14882
0.0670731
0.014246
0.0456774
0.111153
0.105135
0.240253
0.240253
0.240253
0.240253
0.134055
0.0876044
0.0933417
0.0931557
0.128177
0.233238
0.233238
0.233238
0.152063
0.0882096
0.0745666
0.00462835
0.0847761
0.117535
0.126067
0.233238
0.233238
0.203129
0.0849951
0.0411015
0.0655667
0.223587
0.169842
0.233238
0.233238
0.233238
0.233238
0.108024
0.0705064
0.0525056
0.156517
0.185702
0.203376
0.187441
0.233238
0.233238
0.0529354
0.0584015
0.0997051
0.105412
0.0796641
0.141189
0.181109
0.161871
0.142393
0.182908
0.140727
0.097097
0.126581
0.0858788
0.174638
0.197051
0.113839
0.221549
0.16539
0.135019
0.107935
0.13578
0.125921
0.149574
0.221549
0.221549
0.173962
0.215769
0.221549
0.0719945
0.128875
0.153924
0.221549
0.221549
0.221549
0.221549
0.221549
0.164496
0.0952024
0.115254
0.0990122
0.169547
0.17919
0.113706
0.204222
0.151042
0.129783
0.0860192
0.130254
0.162336
0.204313
0.169608
0.179989
0.193784
0.15311
0.151901
0.0771285
0.139015
0.123525
0.226305
0.226305
0.225266
0.167062
0.164592
0.142481
0.077627
0.11325
0.0973147
0.226305
0.226305
0.226305
0.14701
0.226305
0.226305
0.0744682
0.130865
0.149782
0.170642
0.156891
0.160067
0.145154
0.103235
0.141836
0.209735
0.209735
0.142024
0.181331
0.209735
0.209735
0.161614
0.181472
0.209735
0.085388
0.133618
0.0933983
0.209735
0.209735
0.209735
0.105859
0.209735
0.164624
0.181836
0.17225
0.209735
0.107979
0.205421
0.152279
0.145433
0.154971
0.120763
0.206097
0.211586
0.138807
0.163879
0.190243
0.20058
0.166187
0.159187
0.211586
0.0938427
0.129014
0.109156
0.211586
0.211586
0.133196
0.182644
0.157176
0.0919379
0.185995
0.211586
0.211586
0.114691
0.211586
0.131948
0.127684
0.12066
0.101427
0.154104
0.145821
0.179682
0.211586
0.211586
0.0888263
0.129519
0.174342
0.137148
0.0833328
0.160019
0.118814
0.246235
0.246235
0.135249
0.172961
0.163212
0.10542
0.0555151
0.154903
0.159133
0.246235
0.246235
0.246235
0.191449
0.101095
0.0193255
0.167594
0.185837
0.240339
0.246235
0.246235
0.0928028
0.107805
0.140276
0.154228
0.0634974
0.0864572
0.0992622
0.149384
0.246235
0.10588
0.124232
0.0982903
0.136415
0.0594504
0.216513
0.178784
0.250295
0.250295
0.250295
0.150432
0.0938915
0.0230275
0.0405551
0.104723
0.135723
0.250295
0.250295
0.250295
0.250295
0.132156
0.110384
0.0688933
0.114363
0.147466
0.163937
0.250295
0.0999776
0.0802227
0.0719098
0.0935247
0.0759593
0.100122
0.111188
0.101502
0.226257
0.142237
0.213394
0.186448
0.191855
0.0500918
0.195173
0.189609
0.2284
0.2284
0.2284
0.2284
0.0996924
0.0789298
0.063609
0.154352
0.214878
0.2284
0.225746
0.2284
0.2284
0.0551571
0.0746443
0.0829323
0.147529
0.14989
0.164502
0.227594
0.135999
0.193731
0.145416
0.12487
0.0363099
0.0769439
0.116351
0.183146
0.103982
0.153956
0.2284
0.190756
0.0914885
0.0772828
0.127514
0.146179
0.148333
0.218188
0.203646
0.148118
0.157741
0.199744
0.0697267
0.134225
0.138778
0.193617
0.218188
0.169773
0.189783
0.197919
0.126316
0.160658
0.199985
0.218188
0.142395
0.146397
0.145627
0.0962953
0.218188
0.127596
0.0895434
0.107678
0.169594
0.181846
0.218188
0.218188
0.174679
0.218188
0.0845008
0.064323
0.160674
0.117461
0.187762
0.216053
0.174513
0.146763
0.161089
0.126827
0.0742549
0.11667
0.0645512
0.216053
0.208357
0.195392
0.161577
0.216053
0.216053
0.0886935
0.139873
0.162465
0.173909
0.216053
0.213946
0.160387
0.216053
0.106274
0.11097
0.183406
0.0807268
0.127373
0.200462
0.155865
0.194731
0.216053
0.176831
0.0881756
0.155566
0.0765123
0.216536
0.216536
0.203681
0.14527
0.216536
0.196711
0.194494
0.166531
0.216536
0.113429
0.216536
0.156378
0.13128
0.177863
0.134429
0.137026
0.202413
0.0663208
0.126285
0.187262
0.133841
0.215781
0.216536
0.216536
0.129887
0.145696
0.17045
0.177675
0.216536
0.0849689
0.0833913
0.113602
0.102595
0.21189
0.212626
0.212626
0.130485
0.212626
0.134328
0.113699
0.152801
0.127187
0.196274
0.175976
0.205047
0.207066
0.181844
0.0991441
0.11941
0.212626
0.141438
0.18723
0.168047
0.189105
0.187683
0.212626
0.0982208
0.0925827
0.087971
0.110745
0.0988142
0.161001
0.122513
0.153882
0.212626
0.173549
0.187299
0.165373
0.159135
0.218379
0.218379
0.218379
0.218379
0.218379
0.10407
0.106935
0.195503
0.176547
0.108383
0.113314
0.107658
0.144926
0.218379
0.0835492
0.132502
0.133514
0.122759
0.148198
0.19154
0.178094
0.187567
0.218379
0.155113
0.184917
0.182935
0.169546
0.105732
0.145765
0.209954
0.218379
0.218379
0.109403
0.0830278
0.112004
0.102941
0.138186
0.165928
0.176019
0.18786
0.22811
0.114275
0.106996
0.104965
0.106136
0.10382
0.126068
0.126785
0.142624
0.22811
0.22811
0.22811
0.22811
0.217201
0.122791
0.18441
0.22811
0.222843
0.22811
0.107461
0.0833573
0.152207
0.0936362
0.0636417
0.118942
0.128466
0.144455
0.22811
0.202929
0.204334
0.14107
0.0787176
0.102328
0.162079
0.159051
0.199594
0.215607
0.206307
0.215607
0.215607
0.143084
0.0589951
0.0969645
0.152561
0.215607
0.151269
0.166353
0.215607
0.215607
0.140568
0.0703722
0.13067
0.121621
0.136561
0.215607
0.211492
0.175247
0.139752
0.0657874
0.176979
0.124253
0.160699
0.193066
0.156878
0.0813031
0.215607
0.215607
0.119976
0.146644
0.189601
0.215661
0.184326
0.147506
0.0975444
0.136557
0.215661
0.125284
0.101063
0.128061
0.150494
0.164092
0.215661
0.212654
0.171296
0.215661
0.0950561
0.11233
0.147817
0.215661
0.215661
0.215661
0.156314
0.163055
0.0862867
0.118351
0.0820503
0.212726
0.105978
0.118374
0.161713
0.205751
0.215661
0.215661
0.109201
0.0845338
0.170468
0.141551
0.154631
0.209439
0.182001
0.179073
0.209439
0.113344
0.108003
0.169801
0.09859
0.141941
0.207761
0.170009
0.209439
0.209439
0.162549
0.0915445
0.203312
0.0876869
0.128786
0.177041
0.192572
0.209439
0.18385
0.145385
0.0876144
0.166445
0.0764619
0.185462
0.19003
0.150599
0.209439
0.18475
0.209439
0.147989
0.200393
0.0902479
0.142916
0.213843
0.1691
0.225856
0.225856
0.225856
0.141449
0.157839
0.169389
0.180231
0.225856
0.109361
0.0878995
0.114399
0.11342
0.0958938
0.194876
0.139693
0.225856
0.205642
0.182866
0.225856
0.212682
0.225856
0.105371
0.212996
0.155607
0.11921
0.133507
0.0483125
0.0970132
0.0979375
0.067319
0.220086
0.202095
0.216692
0.204267
0.220086
0.137832
0.114273
0.116443
0.157355
0.117696
0.190786
0.139407
0.153046
0.220086
0.205642
0.198215
0.215672
0.167305
0.106737
0.220086
0.220086
0.167647
0.170642
0.0733967
0.0974266
0.0847232
0.0986376
0.0986497
0.152128
0.217619
0.120482
0.132771
0.183255
0.20605
0.116931
0.0789119
0.167071
0.217869
0.192746
0.179842
0.217869
0.187176
0.202506
0.217869
0.175009
0.121601
0.173466
0.217869
0.217869
0.217869
0.127542
0.0944179
0.132013
0.082609
0.0998829
0.132737
0.193635
0.158799
0.176651
0.217869
0.217869
0.111614
0.109735
0.0436712
0.108114
0.138635
0.172506
0.217325
0.155274
0.100297
0.156931
0.0852261
0.152115
0.222
0.222
0.222
0.222
0.152019
0.103741
0.166246
0.0810546
0.0674304
0.13171
0.136399
0.167421
0.222
0.222
0.216116
0.163183
0.0584903
0.0586946
0.111053
0.145809
0.199522
0.211823
0.222
0.139551
0.17827
0.109547
0.133167
0.0994595
0.120394
0.157597
0.222
0.177527
0.156677
0.109312
0.222
0.0812471
0.155564
0.136637
0.148636
0.216033
0.216033
0.20281
0.198546
0.0697064
0.179305
0.186313
0.215265
0.216033
0.190697
0.0880894
0.216033
0.216033
0.17372
0.149245
0.125834
0.154448
0.194529
0.216033
0.210056
0.132674
0.0902396
0.200156
0.156443
0.216033
0.100689
0.129734
0.205257
0.0644261
0.121031
0.0714602
0.0401657
0.0991276
0.120512
0.188483
0.211482
0.211482
0.146881
0.163935
0.105491
0.129193
0.087762
0.199505
0.0720213
0.107076
0.175323
0.164495
0.211482
0.211482
0.115246
0.0461033
0.0923569
0.128526
0.211482
0.211482
0.211482
0.204975
0.211482
0.211482
0.0831377
0.158044
0.0910885
0.211482
0.211482
0.133659
0.211482
0.211482
0.141274
0.107157
0.21416
0.0687288
0.138932
0.21416
0.182804
0.21416
0.208933
0.159213
0.0933081
0.166053
0.108348
0.21416
0.21416
0.17565
0.21416
0.175971
0.21416
0.0874162
0.150502
0.107186
0.197121
0.21416
0.138188
0.21416
0.21416
0.183807
0.0635758
0.122517
0.156187
0.144055
0.213641
0.11522
0.113603
0.121396
0.0964992
0.114088
0.207629
0.198408
0.221512
0.221512
0.221512
0.221512
0.221512
0.221512
0.116866
0.221512
0.167809
0.137828
0.207771
0.0884415
0.137589
0.122877
0.0897612
0.0877331
0.13656
0.193184
0.162315
0.221512
0.161092
0.1728
0.17061
0.140452
0.141784
0.120154
0.163231
0.140964
0.158501
0.120874
0.139562
0.113542
0.101305
0.140569
0.215783
0.215783
0.196604
0.215783
0.127013
0.143327
0.119092
0.142509
0.129654
0.196119
0.215783
0.153853
0.215783
0.215783
0.215783
0.138652
0.102277
0.149887
0.16287
0.175223
0.129555
0.168591
0.134923
0.180777
0.14595
0.154521
0.0780343
0.133219
0.150977
0.163585
0.215783
0.178054
0.215783
0.0678636
0.109845
0.136193
0.168508
0.217249
0.197773
0.217249
0.217249
0.217249
0.130989
0.140858
0.0793707
0.136112
0.150125
0.217249
0.217249
0.168371
0.110996
0.215596
0.140175
0.074641
0.142581
0.163109
0.14133
0.217249
0.178701
0.177718
0.0838517
0.168493
0.123926
0.168264
0.131264
0.160062
0.217249
0.18588
0.10009
0.156013
0.135486
0.0833975
0.125649
0.1477
0.213199
0.213199
0.213199
0.136645
0.213199
0.159014
0.0996674
0.103665
0.162969
0.172824
0.213199
0.213199
0.176265
0.119035
0.213199
0.101802
0.186016
0.130387
0.15756
0.213199
0.173441
0.0934818
0.157761
0.180613
0.140578
0.174676
0.0951977
0.207398
0.213199
0.185651
0.127902
0.122516
0.169546
0.110605
0.140993
0.21611
0.21533
0.221593
0.221593
0.157676
0.112393
0.193318
0.146372
0.221593
0.126458
0.149738
0.221593
0.108778
0.11863
0.0601182
0.0391122
0.130665
0.221593
0.12624
0.221593
0.221593
0.173904
0.156817
0.0972958
0.194899
0.130791
0.221593
0.218826
0.17368
0.221593
0.0900144
0.116863
0.0899388
0.0826523
0.0428444
0.113742
0.152678
0.215592
0.215592
0.215592
0.200179
0.215592
0.215592
0.0829749
0.126474
0.0962025
0.209239
0.215592
0.138109
0.215592
0.215592
0.163258
0.0908045
0.173385
0.159823
0.163787
0.215592
0.215592
0.215592
0.157843
0.193661
0.0813781
0.0797458
0.132943
0.10848
0.155448
0.0590606
0.164481
0.107942
0.164457
0.111092
0.161239
0.12924
0.225473
0.225473
0.180091
0.225473
0.225473
0.225473
0.0792764
0.14398
0.201466
0.175702
0.225473
0.152341
0.12959
0.137306
0.106379
0.0773701
0.099101
0.150205
0.136083
0.204068
0.0940777
0.225473
0.15498
0.225473
0.0903535
0.191464
0.174159
0.206443
0.225473
0.126828
0.127109
0.0668158
0.0213601
0.102856
0.172077
0.213003
0.198612
0.213003
0.188989
0.184752
0.184976
0.146477
0.120836
0.117859
0.178971
0.152672
0.213003
0.155545
0.140663
0.142125
0.14317
0.105288
0.213003
0.213003
0.213003
0.213003
0.157471
0.125733
0.115702
0.0734503
0.190066
0.213003
0.149101
0.16446
0.213003
0.105743
0.0842231
0.121275
0.170709
0.140172
0.138279
0.178157
0.126074
0.187136
0.144835
0.152965
0.160172
0.170263
0.0799724
0.190653
0.116979
0.186295
0.213404
0.162431
0.185993
0.105017
0.123142
0.15278
0.213404
0.136843
0.18263
0.213404
0.121601
0.0864863
0.191214
0.213404
0.0983393
0.138489
0.163483
0.213404
0.213404
0.157124
0.194015
0.213404
0.174088
0.102121
0.196449
0.13145
0.168641
0.21932
0.158808
0.156745
0.119441
0.170711
0.161571
0.21193
0.151474
0.159986
0.21932
0.153706
0.0852241
0.159457
0.164514
0.0792671
0.132364
0.146094
0.21932
0.21932
0.148889
0.185212
0.21932
0.170195
0.0745615
0.21932
0.21932
0.158201
0.190404
0.123244
0.125061
0.159582
0.136724
0.143962
0.202363
0.143465
0.164865
0.210069
0.129714
0.0990747
0.183208
0.210069
0.14042
0.172945
0.159762
0.188137
0.210069
0.17582
0.159135
0.14929
0.179348
0.111421
0.210069
0.175268
0.175257
0.210069
0.120235
0.128235
0.188924
0.173378
0.138528
0.199135
0.195653
0.126027
0.12554
0.122778
0.174043
0.142764
0.153157
0.123738
0.194718
0.162391
0.194071
0.213551
0.150336
0.181708
0.140441
0.208087
0.137399
0.213551
0.196116
0.166147
0.213551
0.123021
0.108623
0.0695853
0.0821503
0.164909
0.175102
0.153821
0.144046
0.149069
0.112622
0.174943
0.179467
0.181853
0.144207
0.213551
0.208657
0.169512
0.213551
0.195359
0.176134
0.110707
0.0709948
0.08774
0.216652
0.22078
0.217968
0.22078
0.22078
0.22078
0.209312
0.214285
0.0929063
0.11277
0.170718
0.141735
0.152745
0.0874605
0.199633
0.0899835
0.21511
0.0916288
0.0645702
0.0836665
0.108455
0.181507
0.133117
0.22078
0.22078
0.22078
0.112177
0.214539
0.22078
0.164938
0.195418
0.0348727
0.0497746
0.0593145
0.0958191
0.0951694
0.149793
0.181202
0.190233
0.209935
0.14177
0.220269
0.134771
0.220269
0.105019
0.212892
0.220269
0.220269
0.220269
0.207834
0.143132
0.0841268
0.031183
0.0976033
0.220269
0.220269
0.220269
0.220269
0.0604666
0.0722968
0.0526321
0.0731405
0.0786194
0.18465
0.0971689
0.1274
0.187873
0.220165
0.161307
0.220269
0.040134
0.109262
0.217323
0.217323
0.217323
0.217323
0.193301
0.149624
0.144123
0.0791679
0.163422
0.217323
0.153832
0.189115
0.217323
0.121344
0.0715709
0.165384
0.195057
0.0628603
0.176442
0.112579
0.177596
0.217323
0.177876
0.140575
0.217323
0.0700578
0.056994
0.201338
0.168058
0.217323
0.215949
0.122065
0.0931584
0.11974
0.112429
0.123021
0.21336
0.145416
0.182505
0.213673
0.10655
0.0808742
0.213673
0.213673
0.0858388
0.195136
0.163424
0.213673
0.213673
0.150941
0.19148
0.213673
0.146504
0.0692368
0.189442
0.188837
0.206125
0.201484
0.0915846
0.0952789
0.125457
0.121038
0.115882
0.166252
0.140332
0.153514
0.213673
0.139139
0.160742
0.213673
0.108978
0.0911541
0.202044
0.149008
0.22461
0.22461
0.157177
0.21878
0.22461
0.163971
0.0926525
0.22461
0.22461
0.164979
0.152745
0.108633
0.122199
0.14224
0.134038
0.138524
0.186604
0.140649
0.151344
0.22461
0.169546
0.195702
0.22461
0.119483
0.119964
0.133564
0.109765
0.0942216
0.203227
0.209269
0.140655
0.0891394
0.0894248
0.145033
0.215816
0.211038
0.192617
0.215816
0.119198
0.165591
0.191831
0.206474
0.167434
0.215816
0.215816
0.178012
0.155972
0.129376
0.174422
0.180112
0.198867
0.119426
0.128143
0.121538
0.119659
0.215816
0.206864
0.141906
0.114422
0.117086
0.138216
0.0944068
0.116879
0.159791
0.215816
0.215816
0.0965089
0.12024
0.0809021
0.18206
0.163361
0.18071
0.148814
0.156395
0.118024
0.193476
0.213413
0.213413
0.16375
0.213413
0.197331
0.213413
0.213413
0.173251
0.134957
0.135894
0.118877
0.108412
0.0909353
0.117761
0.125828
0.213413
0.192187
0.0927841
0.185098
0.116564
0.141555
0.213413
0.11651
0.213413
0.213413
0.137313
0.102398
0.167793
0.137229
0.105312
0.0858446
0.105365
0.133385
0.225307
0.167212
0.225307
0.225307
0.225307
0.155557
0.225307
0.220751
0.183367
0.225307
0.0682852
0.0716253
0.073354
0.110216
0.191248
0.173551
0.13359
0.108549
0.164559
0.225307
0.225307
0.225307
0.18669
0.0765691
0.200674
0.132122
0.180548
0.225307
0.0701229
0.0921763
0.0951013
0.079237
0.126445
0.225629
0.222436
0.225629
0.225629
0.10233
0.118245
0.085472
0.0831194
0.114186
0.212379
0.114004
0.148072
0.21245
0.225629
0.179681
0.225629
0.0636417
0.0725711
0.225629
0.154369
0.225629
0.225629
0.0979325
0.138373
0.143209
0.0745953
0.1719
0.0911457
0.107453
0.115337
0.225629
0.197637
0.128369
0.115018
0.21857
0.098286
0.206004
0.130368
0.215786
0.215786
0.192394
0.179215
0.215786
0.0955807
0.0704719
0.184576
0.134756
0.215786
0.215786
0.178674
0.135759
0.153308
0.123846
0.215786
0.125097
0.151328
0.130899
0.215786
0.21228
0.169421
0.106931
0.189937
0.180527
0.118989
0.114232
0.161657
0.215786
0.0999971
0.119229
0.107338
0.187378
0.0915435
0.202302
0.177387
0.213816
0.212327
0.11797
0.128959
0.172572
0.14942
0.122768
0.197698
0.18818
0.183304
0.213816
0.172553
0.189245
0.213816
0.116578
0.213816
0.149035
0.14655
0.162899
0.213816
0.0935568
0.117729
0.104639
0.144529
0.0805237
0.131295
0.164603
0.213816
0.213816
0.176363
0.10768
0.154642
0.164362
0.147221
0.212193
0.189425
0.169338
0.212193
0.187622
0.212193
0.212193
0.139952
0.137218
0.155177
0.155934
0.113672
0.192258
0.212193
0.15293
0.0878484
0.093786
0.0838742
0.1475
0.206106
0.212193
0.212193
0.202825
0.117353
0.164569
0.166713
0.179702
0.162006
0.175225
0.204036
0.20321
0.151499
0.0562263
0.0735702
0.0451524
0.126133
0.137591
0.158179
0.129965
0.222173
0.203632
0.153149
0.110583
0.119515
0.157696
0.112954
0.107844
0.222173
0.222173
0.222173
0.0997048
0.125481
0.0825757
0.147328
0.154823
0.206683
0.222173
0.186765
0.190591
0.100903
0.107373
0.0720975
0.14092
0.214861
0.12337
0.222173
0.142843
0.173559
0.222173
0.222173
0.192065
0.107048
0.0807299
0.099094
0.158399
0.219728
0.170581
0.0954922
0.163023
0.114452
0.124726
0.1872
0.102375
0.219728
0.219728
0.136582
0.113929
0.182023
0.16627
0.0827652
0.159647
0.119686
0.20166
0.129612
0.18279
0.219728
0.219728
0.201538
0.0908229
0.219728
0.203722
0.219728
0.192376
0.103872
0.219728
0.218237
0.0784115
0.220489
0.220489
0.15562
0.107104
0.19727
0.220489
0.220489
0.220489
0.220489
0.105205
0.213252
0.115435
0.180888
0.220489
0.101139
0.114657
0.102227
0.0777396
0.119417
0.220489
0.185241
0.0839388
0.220489
0.15154
0.220489
0.196982
0.182945
0.0632535
0.104421
0.0928466
0.116343
0.220489
0.133841
0.127418
0.108065
0.120102
0.087119
0.231995
0.1529
0.231995
0.231995
0.147093
0.177256
0.158675
0.0758845
0.191285
0.0992334
0.106535
0.160595
0.231995
0.210364
0.142971
0.123041
0.230314
0.0900574
0.14029
0.132216
0.160633
0.231995
0.194105
0.182356
0.144593
0.137164
0.144601
0.122296
0.137033
0.194188
0.218398
0.177055
0.130871
0.099426
0.139059
0.214847
0.12326
0.136989
0.176746
0.214847
0.214847
0.179596
0.124139
0.208415
0.202327
0.0953069
0.0867927
0.17562
0.214847
0.139121
0.165351
0.130495
0.165048
0.156719
0.144662
0.159526
0.214847
0.214847
0.214847
0.173824
0.0887625
0.103953
0.155835
0.206785
0.178466
0.207923
0.214847
0.0948968
0.115609
0.0677167
0.0784026
0.214245
0.134679
0.118211
0.212228
0.214245
0.133875
0.15936
0.151789
0.157491
0.0855886
0.169592
0.187331
0.214245
0.214245
0.186256
0.119895
0.154215
0.191731
0.133016
0.160542
0.179346
0.214245
0.214245
0.143135
0.159351
0.0964969
0.0958033
0.115603
0.172384
0.100136
0.178528
0.214245
0.142825
0.120015
0.169669
0.202527
0.0756549
0.165104
0.200492
0.214561
0.210597
0.177497
0.114559
0.164202
0.184448
0.167536
0.19689
0.200482
0.202832
0.211829
0.180811
0.0916489
0.0739049
0.0813497
0.0872056
0.151723
0.113709
0.208859
0.214561
0.143781
0.139895
0.176476
0.198638
0.15763
0.142365
0.140391
0.110854
0.214561
0.214561
0.171578
0.127687
0.16007
0.117425
0.177629
0.20305
0.218249
0.184529
0.162035
0.120994
0.100728
0.0896401
0.165388
0.210418
0.122467
0.211488
0.152673
0.160186
0.218249
0.218249
0.184324
0.102815
0.148284
0.14196
0.141246
0.218249
0.201743
0.154036
0.122007
0.132186
0.073272
0.163802
0.218249
0.218249
0.218249
0.192963
0.107031
0.118161
0.0909655
0.109491
0.147981
0.114392
0.213534
0.15985
0.153924
0.213534
0.213534
0.213534
0.089456
0.193576
0.169373
0.213534
0.213534
0.139802
0.213534
0.213233
0.101372
0.0613288
0.162936
0.190954
0.213534
0.213534
0.156399
0.107001
0.10702
0.0900206
0.0441075
0.151863
0.133576
0.213534
0.213534
0.12035
0.120683
0.194837
0.143759
0.137502
0.218421
0.216125
0.087601
0.218421
0.151101
0.216258
0.215377
0.218421
0.0932192
0.141231
0.0957425
0.129215
0.218421
0.161961
0.134436
0.10695
0.123778
0.180757
0.218421
0.0964321
0.124051
0.218421
0.195744
0.218421
0.127651
0.156871
0.123675
0.168242
0.140485
0.0972443
0.214845
0.166837
0.181983
0.149121
0.111741
0.112815
0.161303
0.113026
0.157458
0.218366
0.218366
0.16636
0.110793
0.129937
0.14154
0.137159
0.147149
0.209404
0.218366
0.172464
0.122727
0.132053
0.132774
0.15704
0.199714
0.19769
0.114688
0.198456
0.136656
0.174073
0.131375
0.182414
0.140242
0.218366
0.195481
0.148932
0.218366
0.0598178
0.171906
0.20885
0.178117
0.144118
0.147901
0.157877
0.217343
0.217343
0.217343
0.160717
0.122238
0.117016
0.170223
0.160677
0.139329
0.217343
0.217343
0.116069
0.152591
0.0962125
0.100143
0.12099
0.217343
0.217343
0.197862
0.217343
0.0924343
0.145608
0.202262
0.191596
0.0746955
0.108395
0.0714199
0.157467
0.217343
0.186135
0.104322
0.217343
0.146388
0.145191
0.128246
0.145064
0.222039
0.222039
0.172522
0.198269
0.132455
0.122888
0.110135
0.158191
0.0967567
0.165591
0.222039
0.151441
0.112203
0.131842
0.189023
0.0622879
0.110624
0.0893585
0.220758
0.222039
0.222039
0.11601
0.222039
0.15455
0.114568
0.176335
0.136003
0.138118
0.222039
0.222039
0.138888
0.148859
0.222039
0.082561
0.137682
0.103616
0.177854
0.225026
0.147048
0.133091
0.145386
0.182366
0.114241
0.172589
0.147224
0.102715
0.225026
0.225026
0.197478
0.140762
0.188731
0.118359
0.200325
0.166098
0.145131
0.202991
0.225026
0.129834
0.118926
0.206375
0.115661
0.193899
0.222514
0.201812
0.225026
0.129153
0.106289
0.140278
0.0948346
0.0908372
0.196878
0.153049
0.127855
0.226422
0.214847
0.196178
0.142772
0.168038
0.0764378
0.17504
0.226422
0.226422
0.226422
0.220256
0.0916433
0.0920721
0.117204
0.128174
0.202132
0.226422
0.178627
0.226422
0.126547
0.0871581
0.129674
0.154889
0.0722842
0.0884489
0.155616
0.155038
0.224834
0.116204
0.0646256
0.192393
0.191274
0.0827903
0.192202
0.217853
0.217853
0.217853
0.184543
0.112627
0.110652
0.133189
0.0539479
0.147637
0.141246
0.217853
0.217853
0.17365
0.167338
0.212393
0.185554
0.0940573
0.120058
0.17994
0.152314
0.193609
0.111036
0.0803796
0.179909
0.217853
0.0512985
0.217853
0.142736
0.136444
0.130045
0.184609
0.179876
0.214291
0.162899
0.156289
0.20055
0.11271
0.138659
0.215227
0.176322
0.215227
0.0937975
0.150209
0.169207
0.185345
0.105384
0.0906452
0.201453
0.190387
0.173111
0.131671
0.114688
0.215227
0.17097
0.190114
0.215227
0.215227
0.113554
0.204962
0.118983
0.215227
0.123826
0.215026
0.125022
0.132336
0.156068
0.171893
0.179646
0.143511
0.0867253
0.21286
0.213397
0.131213
0.106488
0.213397
0.171189
0.174495
0.108476
0.163768
0.137522
0.213397
0.17414
0.14779
0.213397
0.0760106
0.173734
0.212639
0.147631
0.12541
0.213397
0.145007
0.139686
0.167315
0.213397
0.182913
0.143432
0.108708
0.0841234
0.131041
0.188453
0.213397
0.213397
0.188291
0.135621
0.126256
0.0988895
0.109255
0.19976
0.183061
0.172971
0.226008
0.0987375
0.136852
0.171176
0.141476
0.0791574
0.104258
0.074282
0.145538
0.226008
0.188048
0.119573
0.192574
0.167983
0.0813069
0.0899306
0.157372
0.206305
0.226008
0.226008
0.107025
0.116891
0.100542
0.109506
0.132917
0.226008
0.168512
0.226008
0.226008
0.11452
0.226008
0.226008
0.0561557
0.0811046
0.0879813
0.174081
0.223479
0.223479
0.10753
0.175132
0.146729
0.0921831
0.101982
0.144111
0.13609
0.184898
0.159993
0.0873037
0.0918614
0.175072
0.0893305
0.0879084
0.223479
0.162755
0.223479
0.223479
0.118427
0.223479
0.208706
0.123451
0.180301
0.223479
0.223479
0.223479
0.11469
0.172404
0.223479
0.184241
0.11748
0.128007
0.178971
0.155592
0.209442
0.209584
0.116196
0.107168
0.187358
0.0810553
0.146298
0.201065
0.188196
0.228216
0.111644
0.104932
0.144128
0.0868319
0.101814
0.166257
0.228216
0.228216
0.220383
0.12648
0.206858
0.228216
0.202346
0.0671399
0.133121
0.175602
0.197591
0.228216
0.163358
0.119625
0.128189
0.117608
0.115743
0.169605
0.214558
0.18401
0.214558
0.137887
0.129237
0.175754
0.154398
0.0724311
0.0866181
0.15726
0.159544
0.203528
0.128697
0.101775
0.16728
0.162538
0.100969
0.159991
0.214558
0.211992
0.214558
0.198961
0.133128
0.168293
0.14156
0.198574
0.205142
0.147312
0.0725838
0.211557
0.161322
0.214558
0.152006
0.170016
0.0874123
0.108248
0.157432
0.146556
0.19127
0.12189
0.10808
0.158964
0.196052
0.0584574
0.181968
0.129276
0.124691
0.125955
0.171054
0.177534
0.205551
0.177378
0.207136
0.193156
0.156798
0.0851106
0.207136
0.160365
0.176582
0.162444
0.1603
0.191065
0.207136
0.168685
0.121703
0.207136
0.173703
0.207136
0.207136
0.207136
0.219079
0.159784
0.191853
0.216955
0.219079
0.12747
0.219079
0.11004
0.219079
0.147759
0.201245
0.0938288
0.127745
0.199021
0.167703
0.213157
0.133565
0.0892111
0.146109
0.199973
0.204181
0.169318
0.213094
0.194409
0.211343
0.143965
0.105429
0.135796
0.160058
0.0779213
0.106602
0.104785
0.117326
0.219079
0.11625
0.0683498
0.152976
0.200649
0.113976
0.146371
0.21598
0.202921
0.21598
0.139444
0.102767
0.100471
0.184367
0.172844
0.21598
0.21598
0.198621
0.153098
0.127284
0.0944293
0.149555
0.21598
0.124135
0.127758
0.196469
0.115591
0.21598
0.113717
0.0699213
0.0985739
0.21598
0.21598
0.21598
0.21598
0.141815
0.16328
0.135579
0.059554
0.0914678
0.112124
0.13732
0.171216
0.221688
0.221688
0.122934
0.107658
0.0865325
0.106842
0.175637
0.221688
0.17376
0.221688
0.221688
0.125352
0.219407
0.216368
0.0862575
0.221688
0.194784
0.202325
0.221688
0.165996
0.123006
0.0944127
0.0410928
0.109728
0.152654
0.180273
0.183977
0.221688
0.180839
0.0930981
0.171394
0.0914919
0.0833955
0.103107
0.217487
0.170642
0.217487
0.217487
0.128072
0.217487
0.185719
0.132469
0.174405
0.217487
0.217487
0.209698
0.149985
0.140737
0.217487
0.162693
0.103869
0.125924
0.163496
0.168443
0.217487
0.217487
0.130931
0.141094
0.0748932
0.0789527
0.130938
0.184116
0.163935
0.168897
0.131856
0.115421
0.148685
0.161501
0.117028
0.146854
0.220346
0.220346
0.208266
0.181477
0.192176
0.220346
0.198557
0.0646019
0.111162
0.166252
0.213864
0.220346
0.163163
0.144264
0.154615
0.103722
0.0948593
0.142618
0.179247
0.198688
0.220346
0.193732
0.184162
0.14836
0.165733
0.067361
0.0975238
0.125515
0.180618
0.220346
0.149943
0.138416
0.0849682
0.124881
0.093097
0.13348
0.199148
0.214457
0.214457
0.213798
0.179027
0.214457
0.139938
0.170823
0.183457
0.130382
0.101882
0.214457
0.200024
0.214457
0.157211
0.138286
0.0988046
0.129584
0.144488
0.214457
0.214457
0.18162
0.187998
0.100793
0.138443
0.0902406
0.144153
0.0792324
0.131308
0.214457
0.175796
0.117002
0.180797
0.140368
0.181925
0.171954
0.122586
0.107036
0.209491
0.176325
0.18656
0.15072
0.135724
0.150962
0.173639
0.165806
0.16218
0.209491
0.182694
0.202587
0.209491
0.209491
0.112198
0.156272
0.0975804
0.128656
0.188599
0.140627
0.124365
0.152405
0.127659
0.136839
0.209491
0.140957
0.204006
0.209491
0.209491
0.183865
0.130226
0.105181
