0.0603501
0.0953606
0.0342356
0.211464
0.331327
0.183028
0.00988166
0.0326214
0.0441794
0.11809
0.0804362
0.219021
0.331327
0.331327
0.206566
0.0242001
0.0210036
0.127482
0.227596
0.22625
0.0945371
0.111058
0.323671
0.0894384
0.0376188
0.0196839
0.0404678
0.0734365
0.107372
0.129421
0.261424
0.317674
0.0566681
0.00989927
0.0133132
0.0147464
0.186289
0.140117
0.230897
0.395844
0.395844
0.166689
0.0248804
0.0240859
0.116587
0.132672
0.0735892
0.127012
0.23416
0.395844
0.0475301
0.00956613
0.00551877
0.0336209
0.0875447
0.151416
0.16842
0.26983
0.323008
0.0626034
0.0134867
0.0168909
0.0218318
0.0475664
0.0495857
0.0816968
0.111414
0.130856
0.00733904
0.00327929
0.0022354
0.0155063
0.265698
0.158978
0.184067
0.423966
0.530286
0.00508955
0.00437847
0.00214243
0.00828663
0.0358293
0.00160218
0.00319377
0.00882715
0.530286
0.028422
0.0219239
0.022682
0.0753122
0.0556089
0.0886607
0.156323
0.160158
0.201052
0.00739381
0.00469971
0.00337282
0.0134793
0.0489607
0.0038845
0.00591907
0.0118673
0.077482
0.0192226
0.0158519
0.0280502
0.0860103
0.0629087
0.00516053
0.00269097
0.0114169
0.31015
0.0833907
0.0341297
0.0109825
0.119171
0.153356
0.0920325
0.141748
0.31015
0.31015
0.31015
0.164305
0.0779787
0.238574
0.0694089
0.0100785
0.0179039
0.0211113
0.0763552
0.0150032
0.0363368
0.0449251
0.145546
0.156072
0.0892075
0.26059
0.31015
0.31015
0.215998
0.0865329
0.11057
0.226604
0.155035
0.0731103
0.0949026
0.236614
0.247736
0.247736
0.147806
0.0645327
0.247736
0.0881208
0.0831401
0.0864615
0.151201
0.247736
0.247736
0.195391
0.142409
0.169556
0.159536
0.0879726
0.204302
0.247736
0.247736
0.120522
0.0784837
0.108298
0.247736
0.0639571
0.0818499
0.177277
0.139435
0.247736
0.0755418
0.0743606
0.0771276
0.0940539
0.0925566
0.107782
0.0896639
0.150563
0.262011
0.262011
0.222494
0.142811
0.183529
0.0590943
0.0922318
0.0925412
0.25898
0.262011
0.228197
0.139621
0.0993448
0.0823486
0.0598632
0.118441
0.186954
0.159352
0.262011
0.0816666
0.111999
0.0932371
0.133072
0.0737569
0.0810853
0.0884634
0.148092
0.236266
0.174158
0.262011
0.23652
0.137802
0.0618991
0.109795
0.102381
0.27167
0.27167
0.27167
0.176745
0.107849
0.0983484
0.0787674
0.104767
0.0748984
0.106349
0.27167
0.175814
0.0932103
0.0808137
0.119186
0.0779947
0.106875
0.0877223
0.15453
0.207268
0.19574
0.27167
0.27167
0.208795
0.0334536
0.0602484
0.0562381
0.125497
0.149514
0.0720822
0.209529
0.27167
0.202378
0.28058
0.265914
0.111656
0.137858
0.28058
0.133288
0.052728
0.0479665
0.0578771
0.0600384
0.0849035
0.268403
0.28058
0.28058
0.0786621
0.0149914
0.0216799
0.0289125
0.216682
0.188369
0.129413
0.220263
0.28058
0.076651
0.0697566
0.0720214
0.128157
0.0491838
0.0593331
0.188127
0.28058
0.28058
0.0873962
0.0279304
0.00903489
0.00967336
0.0756508
0.129626
0.259957
0.356309
0.356309
0.0819438
0.017273
0.0230765
0.0347332
0.0579607
0.0616356
0.115037
0.191889
0.356309
0.0560324
0.004789
0.00335061
0.0277869
0.0345873
0.0516352
0.12319
0.356309
0.356309
0.119098
0.0297702
0.00528497
0.00346239
0.00523059
0.00430691
0.0525049
0.166866
0.356309
0.115932
0.00135174
0.00249199
0.0023067
0.0499323
0.08114
0.115754
0.178644
0.365513
0.0359747
0.0041066
0.002927
0.0137728
0.0295021
0.00356384
0.00583267
0.0430119
0.312503
0.0358568
0.0372202
0.0335922
0.0481126
0.0026807
0.000536596
0.0256064
0.205518
0.365513
0.108984
0.00126097
0.00116427
0.00508838
0.205132
0.0409037
0.0380175
0.130668
0.365513
0.106569
0.202796
0.365513
0.365513
0.0624612
0.0108394
0.0160631
0.056303
0.262568
0.032096
0.0463176
0.0707507
0.113068
0.141524
0.0918085
0.211743
0.256362
0.262568
0.158487
0.10204
0.144434
0.184504
0.146727
0.021291
0.0361514
0.124406
0.262568
0.118195
0.100134
0.262568
0.262568
0.156448
0.126823
0.158356
0.234264
0.262568
0.128889
0.104178
0.22091
0.262568
0.196643
0.113133
0.204461
0.244152
0.244152
0.124547
0.104539
0.175398
0.244152
0.116343
0.108725
0.162833
0.145854
0.244152
0.0748619
0.050465
0.092153
0.107768
0.164707
0.148706
0.17724
0.22646
0.244152
0.144502
0.052468
0.199264
0.218408
0.124994
0.119138
0.149832
0.24314
0.244152
0.0718683
0.0384546
0.0594201
0.160999
0.111241
0.132041
0.154981
0.14605
0.24796
0.0702542
0.0825386
0.0959407
0.130996
0.0627793
0.0664392
0.0744191
0.153184
0.225566
0.17784
0.24796
0.2183
0.164908
0.156552
0.166103
0.175079
0.236199
0.24796
0.0565809
0.0879648
0.0905604
0.135528
0.0367399
0.162427
0.214354
0.100219
0.237066
0.201009
0.24796
0.24796
0.167962
0.0648483
0.0848142
0.0623179
0.138169
0.212026
0.183368
0.234715
0.234715
0.222009
0.0408211
0.0664535
0.0556458
0.096972
0.154887
0.111768
0.226436
0.210984
0.185858
0.0625391
0.144997
0.155724
0.0886763
0.226219
0.234715
0.234715
0.234715
0.181684
0.0446388
0.110445
0.0875867
0.10667
0.129985
0.234715
0.234715
0.234715
0.142361
0.210978
0.122596
0.116542
0.229546
0.312404
0.0967096
0.0544219
0.0761557
0.101094
0.0357121
0.0359424
0.252277
0.312404
0.312404
0.108461
0.0251394
0.00566218
0.0120713
0.104911
0.131733
0.0802048
0.312404
0.312404
0.076628
0.0100488
0.00978287
0.0283365
0.0757263
0.0631364
0.179074
0.312404
0.312404
0.0157161
0.00635316
0.00330597
0.0118892
0.0252136
0.0274464
0.132893
0.363935
0.403834
0.120857
0.0224402
0.00228914
0.00372098
0.00109276
0.000393452
0.0583847
0.169331
0.403834
0.136725
0.00109172
0.00106408
0.00197304
0.0615497
0.0456344
0.106971
0.324939
0.403834
0.00906496
0.00474338
0.00143811
0.00599328
0.00877946
0.00399368
0.0300557
0.0748777
0.403834
0.0247244
0.00083792
0.000730765
0.00236163
0.001468
7.43992e-05
0.0153811
0.152642
0.339688
0.0864472
0.000555364
0.000504146
0.00246133
0.0922911
0.0242682
0.0217946
0.106379
0.339688
0.0791984
0.17257
0.253704
0.248902
0.00253918
5.32098e-05
9.74017e-05
0.0381719
0.339688
0.0390362
0.000490215
0.000378556
0.00127296
0.120636
0.0128427
0.00132471
0.0972139
0.339688
0.095835
0.272266
0.313528
0.339688
0.085976
0.0153735
0.0243751
0.121377
0.26959
0.107928
0.106547
0.265672
0.208914
0.128413
0.0993991
0.103406
0.142298
0.26959
0.0931315
0.113357
0.214334
0.228308
0.0898424
0.0166457
0.00455993
0.0998799
0.26959
0.113019
0.16032
0.19217
0.26959
0.241016
0.0952026
0.0321284
0.13729
0.26959
0.0727405
0.110017
0.169313
0.26959
0.177391
0.15704
0.159868
0.178428
0.273283
0.154974
0.0720473
0.272972
0.165562
0.164423
0.126565
0.14817
0.257345
0.273283
0.0879261
0.034329
0.0500119
0.156475
0.187201
0.122817
0.0656153
0.243234
0.273283
0.122919
0.079208
0.0949204
0.185015
0.117011
0.0495119
0.047565
0.273283
0.273283
0.0786943
0.0533371
0.0462346
0.083642
0.199359
0.176558
0.179879
0.255515
0.256971
0.0651576
0.0781813
0.0691639
0.124204
0.0445726
0.131623
0.148439
0.0955578
0.256971
0.21623
0.256971
0.254739
0.178077
0.0690493
0.0501308
0.0646059
0.256971
0.256971
0.108037
0.0707188
0.0455131
0.0642251
0.0980817
0.170455
0.0480124
0.164486
0.22035
0.180034
0.158185
0.227062
0.130224
0.0680862
0.122911
0.116351
0.0791252
0.228
0.228
0.228
0.228
0.182196
0.0468409
0.0888543
0.0613324
0.100977
0.14776
0.228
0.214095
0.204682
0.115209
0.093304
0.126467
0.0369749
0.106405
0.207839
0.212973
0.196439
0.228
0.219924
0.0829788
0.143845
0.0654537
0.0765028
0.160338
0.228
0.197036
0.222181
0.228
0.0743369
0.0808026
0.0664239
0.230743
0.284438
0.0898632
0.0164618
0.0023095
0.0110684
0.0877353
0.0892059
0.138578
0.229234
0.284438
0.0240049
0.0048143
0.00423538
0.0139427
0.0115646
0.0345983
0.0624178
0.26343
0.284438
0.284438
0.129513
0.0505845
0.00316098
0.284438
0.284438
0.270054
0.284438
0.284438
0.0699105
0.102761
0.0615311
0.0152345
0.0809949
0.0717737
0.110325
0.264083
0.317807
0.0252046
0.00308559
0.00314674
0.0105039
0.0180663
0.0146232
0.029804
0.0598483
0.317807
0.0346806
0.00105886
0.000629355
0.00310645
0.28127
0.317807
0.296888
0.317807
0.317807
0.0876301
0.159068
0.0799723
0.0154806
0.0962772
0.0837735
0.0578317
0.12688
0.317807
0.225156
0.00822774
0.00309813
0.00215812
0.00301779
3.78279e-05
0.00045691
0.0406663
0.328801
0.0495042
0.000585313
0.000378255
0.00135451
0.116047
0.0165226
2.13439e-05
0.0746117
0.328801
0.0976724
0.314066
0.3229
0.328801
0.000328713
0.00670618
0.0287886
0.084853
0.328801
0.183892
0.00813793
0.0002632
0.000328713
0.129643
0.0247747
0.020699
0.0701377
0.328801
0.134559
0.13592
0.119039
0.328801
0.0792352
0.0149998
0.00280012
0.0672253
0.284363
0.103797
0.177839
0.178335
0.284363
0.254064
0.0756246
0.0263795
0.142307
0.284363
0.066487
0.110183
0.139067
0.284363
0.0816944
0.0119039
0.00920675
0.0509894
0.284363
0.132319
0.0954007
0.0956934
0.284363
0.231616
0.0766853
0.0330177
0.13652
0.284363
0.0689592
0.0446613
0.0973756
0.284363
0.183681
0.0975221
0.0482059
0.243742
0.277101
0.0984676
0.0753511
0.0753765
0.188599
0.110857
0.067882
0.0420349
0.277101
0.277101
0.0495734
0.0400492
0.0388986
0.0829676
0.236305
0.13439
0.0526635
0.225094
0.277101
0.10015
0.0364057
0.109242
0.277101
0.171302
0.244197
0.124206
0.263903
0.277101
0.0433788
0.0249918
0.0429994
0.13238
0.0875044
0.0934743
0.0680129
0.28766
0.28766
0.0836351
0.0638385
0.052569
0.0741567
0.121459
0.146393
0.00925306
0.181939
0.284276
0.164048
0.171291
0.272848
0.162675
0.220915
0.28766
0.144629
0.28766
0.28766
0.0872941
0.0341131
0.0545393
0.043823
0.0819717
0.0400017
0.0168503
0.1187
0.28766
0.135283
0.0658483
0.0189781
0.163466
0.105554
0.112649
0.0160417
0.109551
0.233828
0.218162
0.231375
0.233828
0.219297
0.0878941
0.130318
0.0560268
0.102076
0.215093
0.233828
0.233828
0.233828
0.233828
0.0661632
0.026707
0.0113417
0.122099
0.233828
0.164414
0.0947278
0.0913073
0.168225
0.156197
0.0380819
0.0330756
0.072892
0.17637
0.165139
0.233828
0.233828
0.233828
0.0103912
0.0296991
0.0796367
0.257954
0.257954
0.235564
0.0977455
0.0368989
0.00387217
0.257954
0.257954
0.188365
0.257954
0.257954
0.0719358
0.0672184
0.0745134
0.0218181
0.00442361
0.0241213
0.0745115
0.244402
0.257954
0.121056
0.0514863
0.0264628
0.00257311
0.257954
0.257954
0.227453
0.257954
0.257954
0.047681
0.04662
0.0532566
0.0135664
0.249715
0.233766
0.181135
0.232752
0.273573
0.0917944
0.101287
0.0860839
0.0330057
0.100682
0.0815389
0.0468204
0.103212
0.273573
0.160104
0.0362702
0.008144
0.0384085
0.22946
0.221323
0.190071
0.214769
0.273573
0.0888377
0.10658
0.0827742
0.0488054
0.179618
0.186867
0.153402
0.258562
0.273573
0.13748
0.0956214
0.0598471
0.0988506
0.0259496
0.0243442
0.0262818
0.0722497
0.321043
0.153589
0.0288826
0.00711158
0.0447328
0.101248
0.0160297
0.0140033
0.0460998
0.321043
0.17901
0.0929398
0.126098
0.321043
0.143902
0.134535
0.0940088
0.218962
0.321043
0.136421
0.104974
0.0720239
0.120087
0.0870398
0.00537507
0.0118276
0.100588
0.321043
0.205274
0.0384125
0.268739
0.321043
0.0661416
0.00711643
0.00599024
0.0362472
0.303088
0.166592
0.0741703
0.0937909
0.303088
0.170065
0.0620389
0.0522031
0.146237
0.303088
0.08273
0.0532773
0.0861394
0.303088
0.0499391
0.00292436
0.0159974
0.0942857
0.303088
0.15597
0.0307016
0.157025
0.172895
0.078588
0.0955418
0.235458
0.281635
0.303088
0.172553
0.0634177
0.0937958
0.207106
0.164976
0.117071
0.0713274
0.213099
0.262044
0.0903615
0.05336
0.087731
0.262044
0.141014
0.208879
0.118592
0.237878
0.262044
0.0274857
0.0333338
0.0471441
0.121962
0.0858242
0.113716
0.208306
0.262044
0.262044
0.15944
0.0969588
0.0822611
0.154247
0.18918
0.154541
0.158916
0.247006
0.262044
0.0879063
0.113795
0.0638862
0.158021
0.189987
0.261295
0.160508
0.261295
0.261295
0.0472938
0.0439764
0.0654257
0.0651727
0.0857403
0.01437
0.0145512
0.0773424
0.256317
0.0876333
0.0380968
0.0149696
0.167494
0.261295
0.185639
0.164758
0.261295
0.261295
0.128801
0.184023
0.114005
0.250011
0.135122
0.0266472
0.0208815
0.0957734
0.261295
0.211174
0.0900988
0.0569312
0.242004
0.0747013
0.0190591
0.0184174
0.0861467
0.242857
0.145
0.0888237
0.0962848
0.170794
0.150042
0.0296089
0.0315276
0.0698889
0.195484
0.195543
0.242857
0.242857
0.242857
0.173195
0.0281705
0.0381804
0.130501
0.242857
0.196902
0.110869
0.064971
0.242857
0.200399
0.0373304
0.0982392
0.242857
0.20724
0.159722
0.242857
0.241202
0.242857
0.00626516
0.0396239
0.14606
0.313149
0.313149
0.167898
0.0820416
0.0541262
0.00688837
0.313149
0.313149
0.300291
0.313149
0.313149
0.128546
0.0900124
0.167646
0.0344155
0.0160858
0.0402118
0.112096
0.161104
0.119743
0.0277669
0.0173493
0.0157896
0.00373407
0.0131921
0.041285
0.160914
0.232811
0.226295
0.108368
0.045558
0.0601908
0.000154239
0.268869
0.247839
0.172766
0.242483
0.268869
0.138853
0.14264
0.15409
0.0838101
0.250391
0.2424
0.169796
0.268869
0.268869
0.18502
0.145996
0.0842672
0.167398
0.0120138
0.0272649
0.124053
0.19777
0.194554
0.054623
0.0246241
0.0263802
0
0.00693153
0.00912364
0.0331298
0.268869
0.268869
0.0755987
0.0172954
0.00832469
0
0.185162
0.160563
0.096219
0.247674
0.303303
0.155717
0.126103
0.0862381
0.179666
0.0953633
0.00478043
0.0161079
0.124235
0.303303
0.279815
0.0370733
0.303303
0.303303
0.00828247
0.00612996
0.028459
0.263435
0.303303
0.0491656
0.0132605
0.0013069
0
0
0.00144731
0.0202817
0.184834
0.303303
0.157001
0.0156563
0.0186152
0.0173798
0.059328
0.00330756
0.0225679
0.13395
0.312933
0.225974
0.0355078
0.202178
0.188408
0.0987846
0.111923
0.290305
0.312933
0.312933
0.198431
0.0982087
0.140731
0.249612
0.0012895
0.00587888
0.0325895
0.204593
0.312933
0.135348
0.0184753
0.0168857
0.00998334
0.0268901
0.0352237
0.0765836
0.145165
0.312933
0.137914
0.0885722
0.0560164
0.0329074
0.0985619
0.130529
0.254576
0.264024
0.264024
0.166619
0.123417
0.104901
0.181834
0.225363
0.200652
0.264024
0.264024
0.264024
0.0816374
0.113935
0.0683579
0.189673
0.0252104
0.0431662
0.0985016
0.159722
0.264024
0.139889
0.0620205
0.0444282
0.0249425
0.030407
0.0674376
0.20612
0.253089
0.264024
0.0626046
0.0391436
0.0230355
0.018784
0.261665
0.208499
0.261665
0.261665
0.261665
0.10967
0.154242
0.100643
0.255078
0.114951
0.035311
0.0464715
0.120817
0.261665
0.246163
0.0766938
0.0569756
0.216127
0.0296666
0.0659813
0.195227
0.261665
0.261665
0.0913978
0.0339421
0.0226365
0.0236767
0.0176211
0.0156633
0.0644369
0.166246
0.261665
0.240713
0.0412527
0.0507675
0.0402853
0.122107
0.0314344
0.0513982
0.140599
0.253363
0.24596
0.0939205
0.0619372
0.21648
0.136991
0.0272213
0.0821824
0.226223
0.210402
0.230087
0.253363
0.231344
0.253363
0.0242918
0.0178217
0.0516885
0.213546
0.253363
0.233365
0.0440358
0.035022
0.0337427
0.0946167
0.0414296
0.121707
0.253363
0.253363
0.248281
0.148416
0.0617569
0.0862452
0.0156605
0.0475329
0.146105
0.260493
0.180892
0.0379652
0.0170275
0.0144001
0.0026227
0.0103513
0.0319692
0.169225
0.271884
0.323331
0.188777
0.0682602
0.110423
0.000692505
0.0088865
0.0196357
0.0492364
0.153285
0.440739
0.296384
0.00863994
0.00538439
0.00169085
0.00410196
0.00867079
0.0396291
0.238481
0.440739
0.22595
0.0196896
0.00948809
0.000997057
0.0136867
0.0294261
0.163148
0.296945
0.330308
0.103984
0.0385211
0.0580018
0.000490071
0.00699456
0.00350246
0.0281326
0.382687
0.382687
0.106147
0.0183388
0.0191841
0.0011015
0.00647727
0.0105249
0.0420839
0.224918
0.382687
0.177865
0.0125784
0.00707208
0.00238875
0.00132941
0.00233749
0.0165764
0.231669
0.382687
0.148274
0.0196535
0.00670698
0.00592445
0.0103215
0.0042713
0.0348368
0.377909
0.377909
0.0663783
0.00870392
0.00258875
0.000461771
0
0.00900761
0.03537
0.329351
0.377909
0.238233
0.0193013
0.0240991
0.0336872
0.00196175
0.00502461
0.019348
0.223879
0.377909
0.141979
0.0151786
0.00485863
0.00525143
0
0.00860347
0.010554
0.123309
0.377909
0.156704
0.0230362
0.00244853
0.000831189
0.0030869
0.0191117
0.0590229
0.343191
0.343191
0.221644
0.0319466
0.0296807
0.0230806
0.0798652
0.0776877
0.147875
0.261797
0.343191
0.225069
0.181236
0.129968
0.0905894
0.00101043
0.012293
0.014741
0.132406
0.343191
0.204311
0.0328781
0.00903668
0.00255838
0.0513215
0.116032
0.0943335
0.185876
0.343191
0.143004
0.0436498
0.0281529
0.0274855
0.0680727
0.0836244
0.18002
0.261374
0.292386
0.227904
0.11296
0.0959713
0.0671517
0.0739576
0.165045
0.292386
0.292386
0.292386
0.101736
0.047859
0.0310218
0.0410453
0.048856
0.0828834
0.0776117
0.147529
0.292386
0.190192
0.0900649
0.0787065
0.0313735
0.0741793
0.186365
0.131093
0.285181
0.278233
0.0651132
0.0761148
0.133198
0.0365805
0.0536181
0.130739
0.30829
0.30829
0.30829
0.148054
0.0259975
0.0212955
0.0390059
0.00877637
0.0396506
0.124762
0.30829
0.30829
0.30829
0.0686759
0.0592157
0.0276027
0.0675924
0.113555
0.0926971
0.205596
0.278057
0.128232
0.125422
0.177904
0.0435917
0.060021
0.181335
0.0721785
0.117223
0.201159
0.202126
0.0767499
0.0539523
0.0456141
0.00590946
0.0274978
0.078597
0.287571
0.287571
0.287571
0.0687382
0.043122
0.0155205
0.117241
0.0686153
0.136061
0.259967
0.287571
0.287571
0.257189
0.103953
0.0970992
0.0431993
0.129396
0.118103
0.097133
0.22507
0.182847
0.0878689
0.0542061
0.0361235
0.0547581
0.209766
0.202671
0.237449
0.287571
0.122226
0.0366794
0.0132934
0.0113185
0.0089031
0.0248719
0.0631433
0.182654
0.435374
0.212151
0.0137134
0.00648348
0.00108602
0.00661722
0.0113959
0.0364289
0.221095
0.435374
0.198193
0.0271285
0.0145463
0.001733
0.00738488
0.0196592
0.0270269
0.0675277
0.435374
0.156891
0.0291267
0.0331598
0.00881081
0.00709345
0.0195869
0.0264832
0.0838946
0.435374
0.158929
0.0361994
0.0270869
0.00700951
0.010477
0.0166907
0.0439453
0.231211
0.429058
0.191521
0.0211669
0.0123507
0.00363135
6.01124e-05
0.00268845
0.0234103
0.211476
0.429058
0.224364
0.0268614
0.0102553
0.00864517
0.0100617
0.0188893
0.0305689
0.103561
0.429058
0.150664
0.0290171
0.0194939
0.0053531
0.0126933
0.0138167
0.0100036
0.0976469
0.429058
0.164519
0.0283871
0.00899925
0.00627804
0
0.00815051
0.0271614
0.215757
0.426738
0.243497
0.0190903
0.006927
0.00745287
0
0.0164793
0.0105833
0.136393
0.426738
0.24483
0.025777
0.00351839
0.00158943
0.0174124
0.0129361
0.0124324
0.114448
0.426738
0.171249
0.0219603
0.00899671
0.00797976
0.00496946
0.00671413
0.016559
0.110436
0.426738
0.167578
0.0197265
0.0122149
0.00455525
0.000950827
0.0213811
0.0127308
0.125464
0.399602
0.293079
0.0343223
0.00966275
0.00275387
0.0688827
0.123502
0.190989
0.218562
0.399602
0.200283
0.0501497
0.0383888
0.039276
0.00733457
0.00820724
0.0159997
0.097212
0.399602
0.19375
0.0218634
0.0179837
0.00782917
0.00579653
0.0217631
0.148628
0.117412
0.399602
0.145831
0.0188726
0.00595355
0.0397327
0.0621107
0.12236
0.139576
0.188347
0.334462
0.283109
0.111099
0.0707431
0.0360855
0.08276
0.178669
0.124613
0.334462
0.334462
0.162039
0.102929
0.0960348
0.0312922
0.00948784
0.0499918
0.100039
0.125677
0.334462
0.201806
0.0351686
0.0228656
0.033205
0.0222927
0.0998246
0.0854372
0.171863
0.334462
0.188066
0.0737976
0.0654488
0.0485877
0.0680033
0.13593
0.0781609
0.227209
0.256382
0.200865
0.145827
0.114624
0.0315677
0.0607642
0.17001
0.139308
0.239377
0.256382
0.218683
0.10554
0.0407621
0.0448466
0.0291916
0.111242
0.0561425
0.171519
0.256382
0.174061
0.0815154
0.0693555
0.0468909
0.135203
0.140969
0.225622
0.255671
0.256382
0.256382
0.188821
0.063062
0.242938
0.0431331
0.125998
0.138384
0.162711
0.279925
0.197136
0.110808
0.0397363
0.0340926
0.0668456
0.216586
0.176522
0.279925
0.279925
0.173987
0.0632952
0.0110812
0.00755285
0.0991598
0.112323
0.171386
0.225587
0.279925
0.250394
0.154769
0.0436597
0.175385
0.0221313
0.10159
0.128294
0.273314
0.279925
0.211587
0.0493887
0.0251476
0.0461917
0.0168406
0.0394648
0.0553377
0.1793
0.490837
0.225515
0.0707422
0.0781024
0.0291127
0.01298
0.046143
0.0577923
0.154287
0.490837
0.297476
0.0702471
0.0401797
0.0127242
0.040842
0.0715264
0.0563874
0.184621
0.321489
0.221866
0.0511431
0.0955838
0.0717787
0.0235498
0.0819431
0.116537
0.15047
0.111946
0.107242
0.0613817
0.0696104
0.0631111
0.0149892
0.037907
0.0635406
0.172174
0.520864
0.310126
0.0582892
0.0285669
0.0119123
0.0201272
0.0260254
0.0212197
0.133261
0.520864
0.435024
0.0573115
0.0207042
0.0141476
0.0224516
0.0695552
0.0947447
0.106533
0.0977179
0.0908839
0.0544413
0.0661746
0.0581734
0.0283321
0.0307355
0.0746241
0.128201
0.116436
0.0882722
0.0778273
0.0509311
0.033439
0.023048
0.0217585
0.0244695
0.144808
0.498754
0.429504
0.0392692
0.0170012
0.0124961
0.00699269
0.0108805
0.0378939
0.210633
0.498754
0.390509
0.0434504
0.0265986
0.0148759
0.0427182
0.0250338
0.060547
0.0977209
0.138583
0.0824118
0.0554605
0.039113
0.0322947
0.0418367
0.0164499
0.0657548
0.0826812
0.114742
0.0889423
0.0910595
0.03243
0.0354814
0.0110063
0.0129992
0.0290426
0.148826
0.488058
0.392654
0.0335014
0.0290941
0.0182413
0.0207528
0.0139735
0.352332
0.193722
0.488058
0.289167
0.020855
0.0142047
0.0480706
0.0436944
0.0181266
0.063049
0.0897754
0.122048
0.0757318
0.072362
0.0264703
0.0391537
0.0305212
0.0186898
0.0248588
0.0771234
0.172279
0.0879049
0.0715119
0.0292695
0.0371746
0.0246727
0.093854
0.216381
0.19814
0.440151
0.392845
0.0403882
0.0180562
0.0406941
0.0164293
0.105921
0.120578
0.260483
0.440151
0.379458
0.107071
0.0341954
0.0465944
0.0347213
0.0284439
0.0327694
0.106847
0.189288
0.10027
0.0740715
0.0304362
0.0374311
0.012064
0.0249619
0.0279803
0.0926635
0.120725
0.0636318
0.0620777
0.0721321
0.0200973
0.0235769
0.116828
0.0445932
0.163139
0.291556
0.209142
0.0818564
0.0187073
0.0375523
0.127569
0.117255
0.276339
0.291556
0.291556
0.241456
0.184543
0.0557237
0.20638
0.053182
0.0558801
0.0235522
0.0805971
0.122456
0.0443522
0.0264231
0.0288231
0.0513149
0.248157
0.114777
0.0869993
0.291556
0.291556
0.154867
0.0745603
0.0672732
0.291556
0.0993223
0.0981661
0.180546
0.249374
0.283316
0.217605
0.157774
0.0358998
0.155713
0.0185228
0.0509479
0.0895919
0.283107
0.283316
0.247112
0.0488472
0.0129144
0.0309735
0.221986
0.147296
0.0781011
0.253149
0.283316
0.112535
0.0366234
0.0336507
0.283316
0.0338044
0.0376265
0.0336684
0.109491
0.283316
0.230261
0.0615484
0.016204
0.0430612
0.064445
0.105428
0.108386
0.255688
0.255688
0.255688
0.10892
0.161375
0.134995
0.0565599
0.138857
0.182457
0.255688
0.255688
0.202391
0.0867301
0.117985
0.107471
0.10839
0.0801478
0.0767508
0.177591
0.255688
0.255688
0.157857
0.117952
0.0844862
0.0576182
0.105642
0.126233
0.174074
0.229446
0.2467
0.167873
0.112756
0.113171
0.0683087
0.139987
0.184481
0.204745
0.228787
0.202106
0.0879188
0.128051
0.118455
0.0666861
0.0788579
0.145232
0.223697
0.228787
0.18957
0.147389
0.114018
0.0945098
0.0661508
0.148591
0.173845
0.180355
0.228787
0.228787
0.126453
0.0912762
0.108387
0.0633571
0.155615
0.150781
0.228787
0.228787
0.228787
0.2048
0.149858
0.228787
0.0981912
0.0832437
0.150769
0.188041
0.227616
0.195059
0.129281
0.100025
0.102316
0.0848892
0.0635302
0.187523
0.184247
0.227616
0.188834
0.219414
0.111451
0.126425
0.0621369
0.155039
0.18251
0.227616
0.227616
0.227616
0.149121
0.169364
0.201809
0.0329101
0.207123
0.223234
0.227616
0.203585
0.144098
0.166607
0.0837379
0.055082
0.130889
0.0776788
0.206203
0.226711
0.227611
0.188327
0.200873
0.118223
0.166466
0.156216
0.0919763
0.0876033
0.222644
0.227611
0.219217
0.156269
0.139415
0.150395
0.0402486
0.194035
0.201186
0.227611
0.227611
0.160415
0.147501
0.121134
0.0507613
0.045095
0.0659305
0.0637111
0.155403
0.195991
0.227611
0.117337
0.200289
0.174264
0.178631
0.105117
0.108141
0.234332
0.234332
0.230879
0.149273
0.154915
0.166135
0.0372175
0.0819334
0.09707
0.228081
0.234332
0.183334
0.14297
0.190061
0.0642283
0.0614259
0.0799572
0.0945316
0.212792
0.228178
0.234332
0.111914
0.168382
0.143002
0.059658
0.0930312
0.234332
0.234332
0.234332
0.220566
0.101181
0.0874363
0.115819
0.0505928
0.0461891
0.0276324
0.0878756
0.130159
0.0403339
0.0242566
0.0300927
0.0613074
0.257216
0.0975998
0.0817932
0.331385
0.331385
0.0931316
0.0757692
0.0842042
0.331385
0.0411519
0.0672074
0.0568679
0.129001
0.195701
0.0362365
0.0183689
0.0199668
0.0372393
0.331385
0.0903086
0.0314061
0.331385
0.331385
0.0806647
0.0408153
0.0726159
0.331385
0.224045
0.13054
0.0743285
0.283316
0.283316
0.0824446
0.038057
0.0426383
0.283316
0.0426334
0.0485567
0.0293295
0.110886
0.283316
0.266376
0.0644577
0.0129225
0.0417176
0.283316
0.153943
0.0513089
0.283316
0.283316
0.0805384
0.0347471
0.0611654
0.283316
0.0925174
0.107144
0.0559226
0.167729
0.283316
0.0838937
0.0282719
0.0196476
0.0558735
0.134076
0.0954634
0.12502
0.2126
0.227772
0.227772
0.218444
0.123677
0.0864437
0.10392
0.163938
0.148875
0.203723
0.227772
0.227772
0.140648
0.147599
0.141176
0.078896
0.1263
0.163523
0.161557
0.227772
0.227772
0.171878
0.116644
0.195137
0.0394652
0.167297
0.159752
0.163767
0.227772
0.208506
0.121079
0.083088
0.11148
0.117407
0.188068
0.195259
0.177807
0.23617
0.23617
0.0942668
0.118461
0.133728
0.0814413
0.157935
0.157718
0.23617
0.23617
0.23617
0.190365
0.155099
0.23617
0.0419912
0.171887
0.124659
0.137848
0.228798
0.167617
0.112782
0.0729477
0.110675
0.0531791
0.150714
0.158283
0.1622
0.204938
0.193629
0.154754
0.127716
0.125129
0.0766908
0.1546
0.195157
0.231511
0.231511
0.231511
0.150077
0.169382
0.212327
0.0262465
0.198781
0.231511
0.231511
0.231511
0.198214
0.13072
0.116105
0.0774548
0.0490339
0.176693
0.166879
0.211842
0.231511
0.159268
0.110916
0.0978446
0.0896283
0.0429309
0.16112
0.111745
0.228987
0.198876
0.119614
0.135739
0.0984766
0.0908915
0.0509498
0.200832
0.222914
0.222914
0.222914
0.19945
0.135922
0.161147
0.0836257
0.0878599
0.116278
0.103328
0.143527
0.220279
0.222914
0.111964
0.222914
0.222914
0.0541213
0.218845
0.157659
0.222914
0.222914
0.12415
0.101866
0.0824724
0.0936136
0.0509365
0.0414701
0.170163
0.16563
0.206826
0.222914
0.215229
0.163555
0.10713
0.108557
0.116157
0.139874
0.205367
0.226243
0.217077
0.0961839
0.226243
0.192082
0.0700029
0.1195
0.226243
0.226243
0.226243
0.226243
0.0864751
0.095134
0.111248
0.062641
0.068051
0.166467
0.207121
0.216892
0.226243
0.152705
0.149964
0.130866
0.0975755
0.106734
0.117193
0.208751
0.226243
0.226243
0.161541
0.080566
0.104904
0.0428344
0.057341
0.055998
0.156082
0.230987
0.0409636
0.014523
0.0216184
0.0365706
0.325069
0.0688617
0.0273744
0.325069
0.325069
0.0594341
0.0659023
0.10487
0.325069
0.068156
0.0532573
0.032011
0.109451
0.171192
0.0531084
0.0364585
0.0240937
0.0370922
0.320831
0.0970744
0.0532808
0.302745
0.325069
0.0388942
0.125448
0.20568
0.187924
0.290845
0.152055
0.0582857
0.290845
0.290845
0.0802786
0.0595134
0.0830504
0.290845
0.112667
0.155632
0.0692052
0.190153
0.290845
0.110448
0.0407905
0.025675
0.0540257
0.239742
0.127783
0.0619263
0.290845
0.290845
0.0329205
0.109872
0.153313
0.151178
0.0498524
0.0467735
0.0621039
0.156191
0.290845
0.100808
0.0280847
0.0480896
0.0349849
0.0389344
0.0529457
0.0847358
0.117317
0.0948908
0.138976
0.125196
0.0577393
0.0654426
0.0325551
0.0968653
0.0807087
0.102241
0.109624
0.093227
0.0566015
0.0458102
0.0520386
0.00532022
0.0165601
0.0334734
0.338306
0.419534
0.419534
0.0731668
0.0380625
0.0197121
0.0212724
0.0645133
0.0449961
0.419534
0.419534
0.167121
0.0591426
0.0423823
0.00607253
0.0391657
0.0969549
0.0784599
0.0933839
0.128242
0.0987721
0.0718932
0.0573705
0.0652888
0.0314641
0.0725827
0.084365
0.109173
0.125247
0.119748
0.105631
0.0961778
0.071328
0.0214897
0.0670842
0.0527893
0.465308
0.465308
0.221394
0.0866813
0.0675792
0.00893551
0.0239151
0.0601736
0.0851237
0.306327
0.465308
0.141284
0.0475919
0.0654525
0.0648292
0.0338252
0.0937466
0.105736
0.153607
0.188275
0.123828
0.0949757
0.0819128
0.0524595
0.0307245
0.0963496
0.0795289
0.168908
0.218122
0.0991871
0.0718934
0.0837813
0.0500896
0.0226124
0.0641855
0.0865892
0.314133
0.47258
0.161221
0.0546977
0.0665983
0.0518806
0.0180112
0.0695724
0.0682842
0.381578
0.47258
0.116539
0.0362958
0.0510525
0.0481388
0.0384566
0.122891
0.111889
0.210139
0.248538
0.0939178
0.0567446
0.0696887
0.0478993
0.0338656
0.0422348
0.11538
0.0933946
0.161684
0.148535
0.117409
0.141237
0.0719435
0.0150913
0.0593514
0.055752
0.353357
0.487919
0.12761
0.0429999
0.0650866
0.0544326
0.039815
0.0794243
0.0561627
0.226293
0.487919
0.142548
0.0654444
0.0938162
0.0696979
0.0449721
0.0547412
0.11657
0.12384
0.159594
0.151783
0.0960875
0.138462
0.0853724
0.0534235
0.0769975
0.0770519
0.181438
0.235236
0.174254
0.101568
0.0751577
0.0671291
0.0448774
0.065771
0.0425939
0.184968
0.465073
0.18455
0.077937
0.100231
0.0716772
0.0465283
0.079729
0.0989382
0.318766
0.465073
0.242644
0.109456
0.0633008
0.0546742
0.078318
0.0576668
0.0331322
0.134715
0.192421
0.0557923
0.0403291
0.0329722
0.041642
0.292947
0.128675
0.0561009
0.292947
0.292947
0.041169
0.141595
0.226905
0.234992
0.0376383
0.0530828
0.0361384
0.160162
0.292947
0.0894604
0.0568784
0.0335583
0.0189117
0.292947
0.137195
0.0689978
0.292947
0.292947
0.0351383
0.108305
0.120627
0.287776
0.277557
0.156848
0.076356
0.277557
0.277557
0.0399077
0.136471
0.180278
0.195363
0.0723028
0.0723811
0.0577484
0.186324
0.277557
0.102031
0.0404517
0.0463016
0.0257393
0.277557
0.15286
0.0722978
0.277557
0.277557
0.0444084
0.130981
0.11369
0.244833
0.172036
0.0646479
0.0308341
0.11409
0.277557
0.133437
0.0477365
0.0375677
0.0958183
0.00136757
0.0036567
0.0105316
0.126751
0.387131
0.171442
0.0432165
0.0168106
0.00218241
0.010833
0.0261321
0.0173019
0.147361
0.387131
0.0998038
0.0283722
0.0190422
0.00109384
0.00584229
0.0220961
0.0172441
0.180619
0.387131
0.301063
0.0119366
0.00808477
0.00526515
0.0490958
0.123375
0.051327
0.319869
0.387131
0.261012
0.0331654
0.0240294
0.0461483
0.00975063
0.022274
0.0176135
0.152429
0.356704
0.111925
0.0393058
0.0281376
0.00234314
0.00939325
0.0216593
0.0305574
0.0923002
0.356704
0.0924319
0.021457
0.0281699
0.0278862
0.0544453
0.142195
0.0571803
0.356704
0.356704
0.291209
0.0309997
0.0260133
0.0507
0.0146243
0.00877981
0.0397112
0.356704
0.356704
0.213066
0.0610555
0.0768122
0.0680114
0.00784976
0.0197979
0.0281326
0.0941296
0.391158
0.0929535
0.0221996
0.0257621
0.0195129
0.00651368
0.0252602
0.0232775
0.101229
0.391158
0.0863489
0.0121721
0.0207133
0.0162382
0.0114957
0.0133722
0.042672
0.391158
0.391158
0.218787
0.0620696
0.077688
0.0708084
0.00152396
0.000298028
0.0050921
0.288247
0.391158
0.216215
0.00530193
0.0115057
0.00010016
0.00479324
0.0170029
0.0155499
0.0931027
0.381227
0.0884799
0.0139575
0.0240523
0.0159169
0.0108703
0.0528086
0.0630222
0.0730131
0.381227
0.0927343
0.0177286
0.0325322
0.0230923
0.000162488
0.00364225
0.00421441
0.286192
0.381227
0.224552
0.0123807
0.0138292
0.000260288
0.00169757
0.138043
0.16157
0.224848
0.381227
0.381227
0.0611665
0.0192467
0.000618811
0.0120314
0.0328805
0.03354
0.0586951
0.325767
0.108486
0.022403
0.0342708
0.0214566
0.0169734
0.0318417
0.0564036
0.151179
0.325767
0.0730109
0.0314623
0.0317319
0.0442576
0.0176279
0.0979506
0.106671
0.21817
0.325767
0.325767
0.0657149
0.0206806
0.0110443
0.116643
0.158661
0.180767
0.325767
0.325767
0.202462
0.223006
0.0701054
0.25707
0.0314373
0.0438915
0.0348337
0.164067
0.276071
0.0757917
0.0389372
0.0339383
0.0372696
0.276071
0.128748
0.0542263
0.250784
0.276071
0.0255342
0.0697169
0.0764778
0.232491
0.113084
0.110712
0.12867
0.276071
0.276071
0.153509
0.1883
0.0622169
0.227451
0.258691
0.164569
0.0668294
0.263609
0.276071
0.0343966
0.0113615
0.0124016
0.168475
0.28248
0.176371
0.0810661
0.28248
0.28248
0.0760554
0.117692
0.099088
0.2551
0.161
0.070703
0.0246635
0.110932
0.28248
0.147082
0.0416975
0.0269337
0.0807129
0.28248
0.200007
0.0983033
0.28248
0.28248
0.117619
0.0410018
0.0473977
0.162107
0.154931
0.0809068
0.0540432
0.104977
0.256528
0.0986111
0.0548897
0.0679868
0.115831
0.00374398
0.020306
0.0223969
0.1849
0.377676
0.343256
0.0230031
0.0144445
0.0135948
0.0288604
0.0847413
0.0562266
0.290807
0.377676
0.28877
0.0630155
0.0460356
0.0437795
0.0698053
0.105852
0.10236
0.0737526
0.265572
0.207665
0.101176
0.148244
0.104304
0.0834301
0.0912811
0.0853112
0.0788393
0.140839
0.107899
0.182685
0.212904
0.214505
0.0331909
0.105362
0.0782025
0.34479
0.34479
0.307272
0.0491275
0.0351604
0.0405428
0.0119789
0.0140453
0.0450573
0.34479
0.34479
0.247216
0.0557563
0.0572268
0.0449546
0.0886985
0.156049
0.159713
0.120886
0.173644
0.12355
0.144634
0.140864
0.141579
0.0997903
0.110977
0.0931745
0.129112
0.251212
0.157491
0.0908156
0.0819812
0.0741043
0.0101965
0.0215309
0.0562604
0.390969
0.390969
0.234386
0.0480676
0.0535769
0.0452844
0.00131585
0.000609405
0.00631718
0.280424
0.390969
0.267329
0.0102315
0.0101105
0
0.117695
0.157384
0.113161
0.150957
0.24875
0.163296
0.0762498
0.0484423
0.0443598
0.00819303
0.021247
0.0738681
0.136979
0.305378
0.169083
0.0676876
0.0307905
0.0133437
7.24113e-05
0.00176573
0.00458081
0.275318
0.377036
0.265714
0.0128725
0.0104043
0.000820638
0.000506879
0.164262
0.196787
0.215324
0.377036
0.377036
0.0471059
0.011212
0.00246191
0.00527428
0.01791
0.0615704
0.121363
0.269083
0.162165
0.0718383
0.0345955
0.0193242
0.0103162
0.0430319
0.0691151
0.184461
0.357008
0.134397
0.0354379
0.0231504
0.00579129
0.0174464
0.107373
0.110904
0.185519
0.307259
0.307259
0.0452074
0.0135242
0.00967741
0.114376
0.183378
0.182125
0.307259
0.307259
0.22537
0.12373
0.12361
0.268733
0.019443
0.0555147
0.0613755
0.133143
0.291322
0.12164
0.0479526
0.0423108
0.0216368
0.0650997
0.133067
0.0481291
0.107594
0.275247
0.132284
0.126904
0.188787
0.134167
0.107608
0.148528
0.118991
0.298181
0.310974
0.177097
0.101948
0.0999142
0.215942
0.260763
0.189838
0.0863514
0.249627
0.310974
0.0425395
0.00783974
0.00679039
0.146587
0.0577435
0.122154
0.0436513
0.0828829
0.21977
0.113129
0.110569
0.128176
0.106975
0.101854
0.160133
0.0918452
0.310974
0.310974
0.0370794
0.0415115
0.0379985
0.06056
0.311345
0.272722
0.132739
0.315877
0.315877
0.158791
0.0334663
0.0369064
0.154275
0.149224
0.0857113
0.0524446
0.110592
0.26705
0.109036
0.0520548
0.060865
0.120539
0.120526
0.173879
0.107383
0.315877
0.315877
0.09281
0.0633765
0.0300884
0.0748628
0.0474018
0.0411836
0.0330509
0.158751
0.315877
0.0716449
0.0191386
0.00993775
0.0258736
0.0554883
0.101046
0.0929717
0.133012
0.27834
0.229775
0.0857716
0.130704
0.0924714
0.0523521
0.0743899
0.0908745
0.119469
0.260568
0.140992
0.222227
0.20058
0.161328
0.104903
0.0633464
0.0523206
0.242222
0.27834
0.0844656
0.0611745
0.102735
0.120399
0.16174
0.0987697
0.0590733
0.27834
0.27834
0.0839943
0.129272
0.27834
0.27834
0.0594511
0.137606
0.172267
0.162086
0.288572
0.140277
0.175343
0.143043
0.108525
0.0735129
0.0841743
0.0888994
0.165068
0.288572
0.157769
0.0805651
0.0585462
0.0443095
0.258825
0.163433
0.0707335
0.288572
0.288572
0.0753314
0.134004
0.288572
0.288572
0.018725
0.0411759
0.0731357
0.1943
0.288572
0.0406398
0.0388193
0.0152435
0.0267607
0.134825
0.184799
0.176559
0.285967
0.321982
0.227869
0.0892573
0.0432501
0.0321012
0.00821827
0.0241247
0.0953049
0.275157
0.321982
0.250474
0.0848237
0.0310468
0.0146211
0.0316677
0.0713618
0.10385
0.280142
0.321982
0.0696981
0.0572725
0.015018
0.0164769
0.0297022
0.0503177
0.0602468
0.279076
0.321982
0.0879086
0.0292517
0.0526871
0.0201167
0.00559783
0.0198748
0.0849256
0.242342
0.341675
0.262125
0.0905718
0.035928
0.0239614
0.0108381
0.0659998
0.094496
0.308639
0.341675
0.257091
0.0347597
0.0245305
0.0113869
0.0238771
0.0553158
0.0497117
0.247627
0.341675
0.102234
0.0328662
0.0549606
0.0198128
0.0123979
0.0538232
0.0327073
0.317262
0.341675
0.1524
0.0213161
0.0175771
0.00771371
0.0296578
0.0922985
0.0829976
0.196326
0.304929
0.222405
0.0446067
0.0452304
0.0237097
0.104425
0.256961
0.0849463
0.176904
0.304929
0.239853
0.135623
0.283999
0.225236
0.0113434
0.0521709
0.0335174
0.243834
0.304929
0.133579
0.0169026
0.0154584
0.00703493
0.0234101
0.0465007
0.123548
0.304929
0.304929
0.0424026
0.0188591
0.0363046
0.0123886
0.0657982
0.179427
0.0548709
0.0872552
0.306851
0.140706
0.0834841
0.144199
0.110155
0.191183
0.257311
0.116891
0.306851
0.306851
0.0443401
0.0389408
0.0342931
0.0560315
0.0149556
0.0306552
0.0616871
0.171129
0.306851
0.0366847
0.020205
0.0197621
0.010546
0.281632
0.306851
0.103476
0.244967
0.306851
0.0600253
0.061213
0.0798602
0.0609822
0.17706
0.264454
0.128254
0.30877
0.30877
0.0863988
0.0523702
0.0291982
0.0572335
0.0655105
0.0484937
0.033949
0.139675
0.303396
0.0572316
0.0128161
0.00694627
0.0458907
0.288314
0.30877
0.101888
0.30877
0.30877
0.0870215
0.0742005
0.0729531
0.0454315
0.105748
0.0645441
0.0293479
0.15787
0.296446
0.0253426
0.0171689
0.0248838
0.147465
