0.259954
0.208905
0.0369688
0.121326
0.259954
0.0319012
0.106962
0.140712
0.259954
0.183003
0.168711
0.043024
0.110282
0.259954
0.0779465
0.0605484
0.203305
0.176807
0.259954
0.259954
0.0987352
0.0722271
0.259954
0.0964288
0.0644537
0.198686
0.259954
0.132272
0.129127
0.126526
0.0788445
0.146439
0.041727
0.0717312
0.191747
0.140417
0.180891
0.182504
0.0426356
0.0937225
0.274061
0.0870974
0.0674587
0.161063
0.159924
0.279166
0.279166
0.0284865
0.159862
0.279166
0.0143951
0.0343798
0.071261
0.279166
0.11813
0.135433
0.138775
0.0694637
0.10125
0.0419053
0.0627711
0.122891
0.109695
0.279166
0.178798
0.0859903
0.254298
0.279166
0.0200167
0.00815904
0.0476766
0.279166
0.255774
0.255774
0.0417969
0.142457
0.255774
0.025381
0.0637018
0.108525
0.255774
0.200104
0.149708
0.0798046
0.0782196
0.149374
0.0673523
0.0560633
0.102226
0.255774
0.255774
0.198667
0.109673
0.215759
0.255774
0.0381998
0.00872106
0.0597332
0.255774
0.215171
0.155904
0.0624143
0.0699369
0.128635
0.0659657
0.0623719
0.223568
0.255774
0.135427
0.136704
0.094872
0.0847552
0.134305
0.0639813
0.0554968
0.136164
0.268224
0.268224
0.164793
0.0845634
0.187645
0.26695
0.0515981
0.0507471
0.192424
0.268224
0.18804
0.154845
0.0945611
0.0583259
0.118815
0.0705403
0.0483643
0.17046
0.268224
0.268224
0.121631
0.0984561
0.229055
0.268224
0.0483865
0.0517299
0.110648
0.268224
0.249772
0.108803
0.0737163
0.148516
0.230695
0.0368825
0.0391344
0.157536
0.254905
0.249503
0.107233
0.0285306
0.10496
0.219535
0.0158239
0.0199517
0.17718
0.254905
0.254905
0.107043
0.0866244
0.126715
0.254905
0.036929
0.0335543
0.0958834
0.254905
0.254905
0.224484
0.0429583
0.0814519
0.216033
0.012986
0.0124944
0.210074
0.254905
0.245157
0.162404
0.0366245
0.153805
0.253719
0.0212139
0.0216844
0.197677
0.253719
0.222963
0.208182
0.0610781
0.114426
0.206058
0.0346345
0.0389306
0.136937
0.231441
0.253719
0.253719
0.0500885
0.0816463
0.253719
0.0111673
0.0259155
0.253719
0.253719
0.141422
0.124579
0.114925
0.106121
0.156256
0.0245304
0.0338625
0.100254
0.253719
0.254837
0.225377
0.0580557
0.1252
0.239984
0.0335725
0.0423633
0.180231
0.254837
0.254837
0.138298
0.0757764
0.165038
0.254837
0.0227942
0.00739853
0.120513
0.254837
0.161542
0.137642
0.106331
0.109426
0.180723
0.0274638
0.0493984
0.153751
0.254837
0.254837
0.0900181
0.0734862
0.166793
0.254837
0.0189576
0.0184064
0.12508
0.254837
0.247321
0.247321
0.133567
0.0755414
0.247321
0.0923443
0.0653812
0.214997
0.247321
0.153454
0.119109
0.1286
0.0899543
0.181962
0.0486648
0.0788454
0.220785
0.177352
0.247321
0.205352
0.0901695
0.133462
0.247321
0.071656
0.0473253
0.202281
0.247321
0.142223
0.0888248
0.0792768
0.102472
0.224232
0.1037
0.0378354
0.14161
0.247321
0.142484
0.129041
0.141928
0.0865653
0.119258
0.0352328
0.0667966
0.146816
0.141393
0.28049
0.176021
0.109144
0.28049
0.28049
0.0190532
0.00822476
0.0566139
0.28049
0.117099
0.0925895
0.103224
0.127741
0.24797
0.0498485
0.0365729
0.0984882
0.152004
0.28049
0.164304
0.0990901
0.28049
0.28049
0.0622831
0.0857809
0.0507941
0.28049
0.251115
0.173579
0.115017
0.221397
0.251115
0.0246632
0.00429792
0.0586522
0.251115
0.233035
0.1186
0.0469668
0.061821
0.116642
0.0710137
0.0796319
0.195214
0.251115
0.251115
0.177681
0.113406
0.217243
0.251115
0.0272577
0.0613519
0.110658
0.238119
0.251115
0.0703905
0.0415182
0.114853
0.22615
0.0331359
0.0517979
0.14737
0.251115
0.189841
0.116981
0.0797102
0.0599618
0.113548
0.071195
0.0549094
0.13929
0.264174
0.279205
0.0991552
0.109253
0.213885
0.279205
0.043665
0.039429
0.0666634
0.279205
0.216466
0.0882498
0.0540231
0.0898373
0.215189
0.0296097
0.0411923
0.199092
0.279205
0.279205
0.0446947
0.00404282
0.219206
0.279205
0.0148283
0.0359371
0.0576334
0.279205
0.26059
0.0943851
0.100575
0.135354
0.26059
0.0356223
0.0235259
0.0630942
0.26059
0.26059
0.248891
0.0414492
0.0748071
0.200105
0.0122511
0.011452
0.212624
0.26059
0.26059
0.0547108
0.00897418
0.137587
0.26059
0.0107824
0.0180381
0.0617931
0.26059
0.239549
0.147226
0.0404448
0.0924766
0.249155
0.00132523
0.0177251
0.113969
0.26059
0.260836
0.260836
0.0466863
0.0825348
0.229294
0.010153
0.0189592
0.260836
0.260836
0.146307
0.12524
0.125213
0.106959
0.16117
0.0387481
0.0271427
0.0974924
0.260836
0.260836
0.20075
0.0582191
0.118152
0.260836
6.32068e-05
0.0131488
0.164441
0.260836
0.23974
0.148412
0.0564612
0.0620949
0.20653
0.0442788
0.0292733
0.0827155
0.260836
0.172338
0.13166
0.110194
0.109186
0.181001
0.0324621
0.0354849
0.14906
0.27201
0.235261
0.0864762
0.0675512
0.182173
0.27201
0.0187673
0.025751
0.117371
0.27201
0.259231
0.147086
0.047005
0.0748497
0.27201
0.0333338
0.035135
0.132293
0.27201
0.27201
0.0947511
0.0355465
0.139279
0.27201
0.0206882
0.0445949
0.125601
0.27201
0.234563
0.204743
0.0901374
0.144275
0.234563
0.0761028
0.0460623
0.171979
0.234563
0.140033
0.0992053
0.0926834
0.102316
0.217805
0.101528
0.0404586
0.132581
0.234563
0.146284
0.140514
0.0992028
0.185796
0.234563
0.0714458
0.0705504
0.180091
0.234563
0.234563
0.223945
0.136933
0.142186
0.234563
0.0961587
0.114961
0.1772
0.234563
0.119718
0.097284
0.103329
0.118895
0.21829
0.0533057
0.038183
0.0964873
0.159268
0.253565
0.154916
0.12665
0.253565
0.253565
0.0373121
0.0614727
0.0645199
0.253565
0.253565
0.177864
0.112656
0.12329
0.188158
0.0921503
0.121792
0.18187
0.253565
0.253565
0.172897
0.0724532
0.11504
0.253565
0.0457605
0.118652
0.144405
0.253565
0.263811
0.173704
0.142661
0.224519
0.263811
0.01423
0.0560453
0.113502
0.263811
0.263811
0.0662309
0.0418742
0.124513
0.217316
0.0313468
0.0652343
0.158519
0.263811
0.263811
0.164077
0.0656928
0.0936772
0.201459
0.0290717
0.0858146
0.129131
0.263811
0.185854
0.102482
0.0396037
0.109385
0.193496
0.011881
0.0497869
0.15071
0.263811
0.210259
0.0814378
0.0506084
0.099067
0.205256
0.0292177
0.0583888
0.180576
0.28056
0.275764
0.0543737
0.0058598
0.257369
0.28056
0.0126223
0.0318544
0.0554962
0.28056
0.144535
0.117458
0.0497874
0.114077
0.202527
0.0105481
0.0419955
0.0940893
0.28056
0.28056
0.090924
0.0195966
0.183858
0.28056
0.0592862
0.0706189
0.0661398
0.28056
0.267306
0.0823409
0.0149923
0.190306
0.267306
0.0091703
0.0188712
0.0682175
0.267306
0.256681
0.210481
0.0493192
0.0989599
0.248043
0.0026084
0.0185036
0.140566
0.267306
0.267306
0.109708
0.0275805
0.181886
0.267306
0.0481892
0.0611817
0.0674296
0.267306
0.238304
0.0897202
0.060617
0.0621476
0.147518
0.0113372
0.0572498
0.148269
0.267306
0.261929
0.247673
0.0649239
0.103014
0.261929
0.000848798
0.0112411
0.171548
0.261929
0.257941
0.136988
0.0654518
0.0748795
0.252216
0.0650306
0.0295264
0.0920266
0.261929
0.253864
0.13322
0.0713029
0.07933
0.20243
0.00449595
0.0387197
0.14428
0.261929
0.261929
0.0748011
0.0165418
0.0434866
0.261929
0.013976
0.0293724
0.0857106
0.261929
0.2437
0.1054
0.044623
0.0722857
0.271677
0.038243
0.0297519
0.126004
0.271677
0.271677
0.0957851
0.0283697
0.133758
0.271677
0.0184851
0.0462907
0.122601
0.271677
0.271677
0.0972178
0.0313644
0.0451189
0.271677
0.0181324
0.0207347
0.0702432
0.271677
0.271677
0.102626
0.0437836
0.0913953
0.266318
0.03435
0.0165598
0.0961341
0.271677
0.176888
0.148776
0.107847
0.21036
0.227246
0.0833749
0.0634758
0.158688
0.227246
0.227246
0.227246
0.143053
0.117112
0.227246
0.102993
0.119909
0.158192
0.227246
0.194674
0.14938
0.0721854
0.137939
0.128583
0.0702708
0.101782
0.135807
0.225416
0.227246
0.206929
0.0707536
0.0879114
0.207644
0.139049
0.204017
0.109763
0.227246
0.246154
0.174475
0.0916036
0.0798242
0.147147
0.0950794
0.107727
0.136982
0.227571
0.269431
0.153203
0.0859335
0.124135
0.255606
0.0194489
0.090885
0.128519
0.269431
0.258558
0.15304
0.0650228
0.0699088
0.15213
0.0812849
0.117291
0.0822781
0.269431
0.269431
0.172194
0.0461515
0.120693
0.269431
0.0370217
0.0812521
0.0710948
0.269431
0.273865
0.153002
0.0794015
0.114042
0.225775
0.0157829
0.0759701
0.11487
0.273865
0.168923
0.109335
0.0403458
0.107735
0.200511
0.02023
0.0593233
0.148942
0.273865
0.273865
0.182542
0.0642644
0.128865
0.273865
0.0335923
0.0658357
0.102707
0.273865
0.166804
0.121982
0.043461
0.0890548
0.245563
0.0325088
0.0553128
0.234574
0.273865
0.138636
0.129027
0.0526953
0.116725
0.209803
0.0190716
0.0598196
0.0904972
0.272994
0.272994
0.116416
0.0269697
0.188908
0.272994
0.0463276
0.0711139
0.0732759
0.272994
0.135805
0.138116
0.0635733
0.122952
0.272994
0.0306152
0.0489496
0.171071
0.272994
0.272994
0.119344
0.0232616
0.195898
0.272994
0.0706742
0.0399801
0.0963517
0.272994
0.268739
0.148274
0.0427325
0.186232
0.268739
0.0412733
0.0661936
0.0769269
0.268739
0.219564
0.127351
0.0637522
0.070108
0.138252
0.0118198
0.0572061
0.207581
0.268739
0.268739
0.126612
0.0445664
0.201085
0.268739
0.0546493
0.0340182
0.0576375
0.268739
0.190056
0.137778
0.0373419
0.0771565
0.190776
0.0154944
0.049334
0.212786
0.268739
0.246181
0.174704
0.0758894
0.0767484
0.165575
0.00609794
0.0379615
0.182109
0.270677
0.270677
0.0815288
0.0217412
0.0733516
0.270677
0.0148457
0.0313624
0.113869
0.270677
0.20741
0.157281
0.0468247
0.0995523
0.229453
0.0150918
0.0364174
0.1791
0.270677
0.270677
0.0554649
0.0107297
0.137432
0.270677
0.0304087
0.0309398
0.179635
0.270677
0.270824
0.0966264
0.0326584
0.065457
0.270824
0.0186119
0.0218684
0.0936382
0.270824
0.270824
0.104223
0.0468702
0.103225
0.270824
0.0268448
0.0241645
0.113649
0.270824
0.270824
0.0527407
0.0142908
0.126344
0.270824
0.0336273
0.0280707
0.112006
0.270824
0.265067
0.0953715
0.0575473
0.0961113
0.267277
0.0458374
0.0312297
0.0670489
0.270824
0.209047
0.136323
0.0758489
0.160555
0.151239
0.0746507
0.10376
0.138024
0.221868
0.221868
0.221868
0.0668446
0.069753
0.209858
0.142555
0.194429
0.151994
0.221868
0.176574
0.155973
0.131837
0.10217
0.221868
0.100644
0.160667
0.154642
0.221868
0.221868
0.218298
0.0803221
0.0706276
0.221868
0.088142
0.104975
0.221868
0.221868
0.243652
0.166738
0.0474707
0.0488159
0.150719
0.0792485
0.10884
0.0936627
0.275793
0.284033
0.165193
0.0394847
0.116947
0.284033
0.0320918
0.0797189
0.105919
0.284033
0.182427
0.148172
0.0558525
0.0575586
0.183137
0.0687441
0.0506015
0.119205
0.240626
0.284033
0.192415
0.0942859
0.0891729
0.233381
0.0067562
0.0180313
0.186307
0.284033
0.262537
0.160091
0.0475172
0.120162
0.262537
0.027873
0.0590772
0.102869
0.262537
0.156893
0.11111
0.0382035
0.0813775
0.218677
0.0329853
0.0565024
0.194437
0.262537
0.262537
0.197061
0.0951798
0.117986
0.262537
0.00776399
0.0108071
0.0929805
0.262537
0.227338
0.166229
0.037693
0.10291
0.131748
0.0101858
0.0901165
0.262537
0.262537
0.13641
0.143048
0.060782
0.128222
0.253218
0.0355284
0.057156
0.173698
0.253218
0.253218
0.149964
0.0367253
0.164753
0.253218
0.0573529
0.0533088
0.0999685
0.253218
0.219156
0.209181
0.0643741
0.169863
0.237054
0.0141438
0.0602162
0.192804
0.253218
0.253218
0.15613
0.0708571
0.101759
0.205678
0.0474412
0.0546929
0.129448
0.253218
0.259151
0.155522
0.0552498
0.196007
0.259151
0.0508774
0.0503609
0.0743511
0.259151
0.184064
0.168545
0.0437153
0.0963888
0.187271
0.0144205
0.0611977
0.249061
0.259151
0.259151
0.162136
0.086721
0.154778
0.252641
0.0512106
0.0440665
0.114727
0.259151
0.219333
0.112179
0.0814358
0.100539
0.0994848
0.0121924
0.0701931
0.217501
0.259151
0.194358
0.171033
0.0490516
0.121387
0.188485
0.0153521
0.0379417
0.18393
0.271574
0.271574
0.0683074
0.010392
0.171515
0.271574
0.0304022
0.0344661
0.176524
0.271574
0.222553
0.101314
0.0780566
0.149347
0.178647
0.0139334
0.0471457
0.154547
0.271574
0.271574
0.046518
0.0143981
0.158439
0.271574
0.012084
0.0226659
0.11302
0.271574
0.274652
0.0638634
0.0122326
0.143138
0.274652
0.0329656
0.0277976
0.109578
0.274652
0.254266
0.0922806
0.0603734
0.114393
0.274652
0.0316039
0.0371531
0.0629946
0.274652
0.274652
0.0506396
0.00694706
0.136649
0.274652
0.0182143
0.0162121
0.0674966
0.274652
0.250179
0.0612872
0.0209045
0.0982611
0.274652
0.0155144
0.0301407
0.0825134
0.274652
0.113998
0.109902
0.0830109
0.109985
0.173409
0.0658734
0.107489
0.124945
0.17305
0.134007
0.1471
0.0746591
0.0463248
0.118572
0.0489485
0.072192
0.176013
0.204046
0.0797897
0.146258
0.116757
0.296805
0.296805
0.296805
0.165463
0.296805
0.296805
0.161018
0.16867
0.0911348
0.080006
0.198698
0.127322
0.135065
0.101819
0.245359
0.158163
0.165685
0.0724144
0.0530975
0.133795
0.0552158
0.0528423
0.128945
0.204062
0.2508
0.226165
0.0773849
0.0769224
0.238566
0.00636246
0.0363159
0.227696
0.2508
0.184108
0.217096
0.112906
0.106802
0.18434
0.100348
0.119364
0.103431
0.2508
0.2508
0.2508
0.0731769
0.108983
0.19669
0.116112
0.0839297
0.237192
0.2508
0.246516
0.244546
0.086169
0.103111
0.246516
0.00807775
0.0214487
0.11471
0.246516
0.215116
0.179284
0.0477191
0.102645
0.131148
0.0157545
0.0838006
0.246516
0.246516
0.246516
0.246516
0.0734897
0.124926
0.213035
0.0923084
0.071187
0.143656
0.246516
0.178284
0.18947
0.0645697
0.0814409
0.185137
0.0468142
0.113068
0.132169
0.246516
0.226029
0.226029
0.0750422
0.169763
0.226029
0.0186051
0.077279
0.2043
0.226029
0.226029
0.212923
0.0816873
0.0786689
0.213431
0.0363876
0.0584516
0.123455
0.226029
0.212288
0.226029
0.06369
0.102868
0.226029
0.0431296
0.141572
0.147486
0.226029
0.226029
0.21363
0.0529386
0.119853
0.226029
0.0179953
0.0473791
0.109339
0.226029
0.246461
0.191439
0.0833878
0.13336
0.246461
0.037946
0.0602472
0.1339
0.246461
0.188291
0.127751
0.0915465
0.0881922
0.0971495
0.0225067
0.0706515
0.201351
0.246461
0.243815
0.216084
0.0557958
0.132213
0.246461
0.022101
0.0677304
0.206637
0.246461
0.246461
0.192698
0.0524951
0.0603803
0.159272
0.0122537
0.0442297
0.246461
0.246461
0.170828
0.0981822
0.0799343
0.132143
0.157695
0.0215929
0.0439852
0.143039
0.26212
0.277313
0.0606427
0.0237203
0.14075
0.277313
0.0119212
0.0215877
0.0965406
0.277313
0.218094
0.163146
0.0533586
0.106246
0.23555
0.0307922
0.0308149
0.200673
0.277313
0.277313
0.0790182
0.022739
0.214431
0.277313
0.0543683
0.0205571
0.0806535
0.277313
0.278489
0.0642697
0.0157574
0.134718
0.278489
0.0145273
0.0150043
0.0683515
0.278489
0.26247
0.0684342
0.029289
0.113652
0.278489
0.0109428
0.0368084
0.0667215
0.278489
0.278489
0.0641298
0.0286584
0.2052
0.278489
0.0469341
0.0162196
0.0401864
0.278489
0.205652
0.0916843
0.0270757
0.0928458
0.242476
0.0151616
0.0264701
0.100927
0.278489
0.0567458
0.0698604
0.0621179
0.2452
0.254254
0.122399
0.0814292
0.179527
0.142935
0.0523597
0.0646182
0.0505883
0.0292333
0.0810876
0.0550072
0.052794
0.0475367
0.0876859
0.170981
0.232643
0.241372
0.254254
0.254254
0.169629
0.0932796
0.135375
0.209476
0.15518
0.128853
0.180389
0.254254
0.254254
0.254254
0.123676
0.196579
0.254254
0.0774176
0.115504
0.0771545
0.0487448
0.113469
0.0667785
0.0700445
0.078487
0.106272
0.144681
0.151392
0.0387216
0.0486659
0.0869886
0.0426246
0.0678327
0.127786
0.217716
0.174071
0.222474
0.273826
0.273826
0.273826
0.273826
0.169397
0.273826
0.273826
0.161865
0.116774
0.0709571
0.157936
0.273826
0.113467
0.0738749
0.129096
0.262754
0.222662
0.252943
0.0638212
0.0885875
0.147939
0.0553123
0.0852025
0.132108
0.186794
0.193888
0.185977
0.0551569
0.0564546
0.134838
0.0484315
0.099338
0.108563
0.252943
0.211554
0.213655
0.147712
0.252943
0.252943
0.112052
0.0849029
0.14984
0.194741
0.252943
0.252943
0.0337802
0.115736
0.179863
0.0566919
0.0600623
0.198571
0.252943
0.231394
0.231394
0.0678126
0.0824097
0.21006
0.0572452
0.140595
0.151499
0.227444
0.231394
0.220721
0.0418943
0.0981383
0.214594
0.0170086
0.0371554
0.0787635
0.231394
0.231394
0.231394
0.077639
0.153695
0.231394
0.0923558
0.112399
0.231394
0.231394
0.174324
0.156236
0.0626163
0.136775
0.231394
0.0272451
0.0427626
0.113765
0.231394
0.210807
0.188564
0.0404869
0.107358
0.254974
0.0205002
0.0589226
0.169431
0.254974
0.219075
0.147217
0.0356844
0.0595169
0.15544
0.0236942
0.0379444
0.234513
0.254974
0.148381
0.10823
0.0723676
0.135106
0.254974
0.0426573
0.102696
0.135988
0.254974
0.250588
0.0934299
0.0230774
0.102759
0.254974
0.190647
0.123312
0.203147
0.254974
0.177378
0.123998
0.0427549
0.109092
0.234848
0.0356737
0.0336417
0.18985
0.2696
0.2696
0.0901048
0.0328367
0.175386
0.2696
0.0491956
0.0198611
0.0789362
0.2696
0.256586
0.0877036
0.0242204
0.109195
0.2696
0.145425
0.104347
0.16094
0.2696
0.151811
0.0468164
0.0299511
0.189659
0.2696
0.069595
0.0323173
0.0581923
0.2696
0.277311
0.0884246
0.0450971
0.217318
0.277311
0.0440335
0.0188646
0.0587764
0.277311
0.252039
0.104124
0.0294592
0.108325
0.248785
0.014694
0.0275307
0.124861
0.277311
0.22425
0.0731351
0.0394357
0.179192
0.277311
0.0491708
0.018259
0.0690831
0.277311
0.277311
0.119882
0.026841
0.0896939
0.140207
0.0085084
0.02715
0.126894
0.277311
0.139636
0.14101
0.20088
0.239871
0.239871
0.214445
0.117408
0.0960891
0.163824
0.0896086
0.0863731
0.20385
0.239871
0.239871
0.191064
0.102395
0.157745
0.213828
0.0479177
0.0900995
0.0950444
0.113567
0.176249
0.239871
0.155164
0.0658097
0.0781097
0.0339439
0.0527841
0.227716
0.228911
0.149932
0.239871
0.239871
0.115388
0.0714868
0.076976
0.10722
0.226955
0.241543
0.241543
0.205386
0.126001
0.210401
0.170602
0.104014
0.0744351
0.0680214
0.0906742
0.156526
0.0779039
0.10276
0.121239
0.150144
0.0258896
0.0725613
0.241543
0.241543
0.205791
0.241543
0.241543
0.0824546
0.058347
0.0761289
0.145596
0.231092
0.193096
0.20199
0.109659
0.145777
0.182779
0.241543
0.10896
0.103124
0.087628
0.125205
0.230356
0.0982765
0.116792
0.128646
0.115613
0.159715
0.129124
0.0265373
0.0577854
0.0923994
0.0372995
0.054301
0.105435
0.175888
0.116981
0.140597
0.261989
0.261989
0.261989
0.1366
0.165484
0.151286
0.261989
0.152043
0.14317
0.261989
0.261989
0.261989
0.126901
0.103106
0.261989
0.157687
0.16257
0.144572
0.0485193
0.083398
0.132366
0.0614004
0.0794503
0.136913
0.189672
0.109894
0.0996255
0.0416494
0.0604155
0.120343
0.0198477
0.0182583
0.0535212
0.163846
0.230809
0.167329
0.310124
0.310124
0.310124
0.173535
0.133423
0.310124
0.104198
0.0977701
0.180658
0.108268
0.195571
0.310124
0.105301
0.110798
0.216219
0.0742858
0.136433
0.114739
0.0660905
0.0954142
0.21572
0.0398605
0.0577447
0.0942912
0.25215
0.16052
0.0643902
0.0377494
0.0981062
0.25215
0.106218
0.0997863
0.176142
0.25215
0.137267
0.248142
0.13509
0.211402
0.25215
0.191296
0.203293
0.25215
0.14547
0.217025
0.117415
0.0665291
0.131009
0.250789
0.0532992
0.0663371
0.156978
0.25215
0.227251
0.083942
0.0517493
0.148912
0.252585
0.108281
0.10993
0.200784
0.252585
0.185206
0.0623021
0.0379081
0.194964
0.252585
0.0632702
0.0343859
0.101426
0.252585
0.252585
0.204553
0.0776361
0.12743
0.252585
0.083774
0.0938153
0.180857
0.252585
0.115386
0.168037
0.031917
0.0819879
0.22367
0.0603966
0.0914607
0.172608
0.24264
0.256294
0.0891504
0.0530779
0.197744
0.256294
0.0451181
0.0230898
0.112679
0.256294
0.256294
0.122374
0.0340549
0.11231
0.186271
0.0106415
0.042861
0.140668
0.256294
0.150846
0.23868
0.0459833
0.0979043
0.256294
0.0728784
0.0796219
0.170568
0.25204
0.152537
0.0766823
0.0542938
0.195491
0.256294
0.0793511
0.0770736
0.214362
0.256294
0.0570755
0.0801451
0.11548
0.139215
0.225979
0.249235
0.205057
0.106346
0.0964328
0.0268142
0.0602682
0.249235
0.249235
0.15745
0.249235
0.249235
0.0985565
0.0350105
0.021741
0.105401
0.249235
0.249235
0.249235
0.191462
0.122394
0.0229919
0.0327833
0.0468518
0.0836001
0.108567
0.216082
0.249235
0.249235
0.185287
0.115722
0.0490829
0.0118195
0.0546656
0.249471
0.233381
0.156378
0.248641
0.249471
0.0710178
0.0284977
0.0709788
0.0969361
0.187897
0.162336
0.191668
0.1119
0.189967
0.18933
0.249471
0.0254319
0.0688971
0.0841002
0.189632
0.249471
0.249471
0.177778
0.0920989
0.0395985
0.10426
0.0502592
0.0946705
0.0872988
0.226337
0.136806
0.196372
0.225843
0.249471
0.0668929
0.0789198
0.201762
0.188088
0.257986
0.121566
0.181663
0.142917
0.23153
0.0955837
0.102768
0.176565
0.219578
0.270168
0.0699224
0.0670341
0.155807
0.0855669
0.0602643
0.0422068
0.174899
0.143467
0.188811
0.159817
0.215285
0.189751
0.270168
0.0539312
0.127541
0.270168
0.270168
0.15939
0.111036
0.0557618
0.112056
0.141803
0.10999
0.103852
0.243151
0.28408
0.28408
0.0956098
0.072779
0.135187
0.0576234
0.0776483
0.106435
0.0714334
0.144258
0.176747
0.0688865
0.0534324
0.105368
0.0919968
0.08272
0.151588
0.28408
0.28408
0.167657
0.165535
0.103175
0.137444
0.0965443
0.138358
0.144276
0.28408
0.28408
0.28408
0.129056
0.0455074
0.107187
0.144953
0.102568
0.132782
0.0874198
0.172976
0.23837
0.110826
0.0790035
0.125429
0.159649
0.104206
0.0581454
0.0461517
0.0715537
0.111419
0.0174779
0.0335495
0.0859137
0.215122
0.201714
0.230917
0.251757
0.251757
0.251757
0.194247
0.0746714
0.120961
0.185203
0.0991589
0.110274
0.153584
0.251757
0.251757
0.251757
0.200883
0.113456
0.251757
0.176711
0.136003
0.0767409
0.102559
0.201449
0.0399703
0.0582987
0.13219
0.273641
0.103412
0.116806
0.0310772
0.0636825
0.154074
0.0366099
0.0523464
0.121396
0.176277
0.150316
0.248469
0.273641
0.273641
0.273641
0.273641
0.245208
0.140196
0.273641
0.090547
0.0807631
0.0808022
0.195603
0.127593
0.12038
0.112486
0.123225
0.190574
0.175908
0.213231
0.0547619
0.109594
0.23857
0.0695952
0.0668189
0.172359
0.23857
0.130205
0.0876361
0.0641829
0.192187
0.23857
0.0532223
0.0870684
0.219861
0.23857
0.191482
0.170807
0.183789
0.23857
0.180117
0.0848197
0.0967758
0.153671
0.211888
0.221196
0.185688
0.023353
0.0532916
0.178967
0.0546106
0.0921477
0.237066
0.23857
0.0372675
0.102724
0.24965
0.260442
0.260442
0.188679
0.111904
0.0347629
0.0240173
0.0502215
0.114215
0.118018
0.260442
0.260442
0.260442
0.161364
0.137952
0.0574226
0.0217328
0.038749
0.100997
0.216996
0.24148
0.169773
0.0755243
0.0529058
0.0436725
0.0464662
0.171802
0.2125
0.260442
0.260442
0.237715
0.148865
0.101973
0.0211406
0.0217611
0.0649435
0.0687364
0.192396
0.268173
0.223588
0.135553
0.0893206
0.031276
0.100462
0.035029
0.0742872
0.0635155
0.232224
0.171453
0.268404
0.258631
0.268404
0.0297939
0.0927104
0.114885
0.205654
0.268404
0.156643
0.080022
0.0648065
0.0140463
0.00219885
0.0148195
0.103963
0.248857
0.268404
0.268404
0.220898
0.177399
0.139636
0.0448551
0.030421
0.137354
0.0845077
0.179289
0.15487
0.245845
0.175061
0.271256
0.0671821
0.14185
0.271256
0.271256
0.147468
0.109387
0.0394653
0.0628709
0.0992362
0.021044
0.0185479
0.0787715
0.17862
0.271256
0.271256
0.161584
0.113958
0.0875393
0.130469
0.204661
0.119016
0.253096
0.271256
0.271256
0.0984363
0.0308433
0.0406046
0.0527894
0.134925
0.261139
0.261139
0.169442
0.134691
0.0554783
0.0675392
0.0654663
0.103958
0.129322
0.172634
0.261139
0.249413
0.112585
0.0577593
0.0863056
0.132916
0.155908
0.215858
0.0913257
0.249565
0.261139
0.261139
0.0812415
0.0364795
0.0734567
0.0569374
0.203316
0.116053
0.23936
0.261139
0.214753
0.169453
0.0288076
0.06742
0.136918
0.190394
0.207489
0.240086
0.240086
0.159991
0.0797792
0.105047
0.185427
0.0672771
0.0688736
0.16352
0.211156
0.240086
0.165717
0.0838167
0.0701916
0.17826
0.110397
0.240086
0.114477
0.240086
0.240086
0.20622
0.177977
0.0764479
0.156992
0.0531366
0.127542
0.240086
0.240086
0.19065
0.104198
0.0909773
0.0433453
0.0722469
0.0868002
0.116744
0.237493
0.243189
0.243189
0.233212
0.087348
0.0805055
0.233645
0.0680549
0.0504377
0.0665443
0.112894
0.128977
0.085434
0.0541686
0.0848508
0.170456
0.0920048
0.14316
0.243189
0.243189
0.203456
0.148496
0.0863112
0.102109
0.168241
0.0461127
0.0949778
0.243189
0.243189
0.243189
0.163717
0.0553971
0.243189
0.243189
0.104447
0.079335
0.0818511
0.158318
0.156564
0.116991
0.0486124
0.115839
0.214274
0.101154
0.0878524
0.0138722
0.0361041
0.0900615
0.0195134
0.0427789
0.116545
0.230152
0.0538237
0.144116
0.262573
0.262573
0.262573
0.262573
0.0613691
0.237876
0.262573
0.139414
0.108828
0.123824
0.222569
0.234287
0.262573
0.0840163
0.173467
0.262573
0.0442376
0.0400906
0.0871076
0.265687
0.237245
0.184822
0.083371
0.0720212
0.0489547
0.0531427
0.219926
0.187508
0.265687
0.265687
0.265687
0.227866
0.164554
0.0353045
0.0431237
0.031023
0.0232709
0.0891739
0.265687
0.265687
0.225995
0.128828
0.0976058
0.0322728
0.0155274
0.0712098
0.115136
0.134589
0.265687
0.265687
0.12417
0.104394
0.0370035
0.120258
0.119844
0.256575
0.277073
0.220934
0.119365
0.0967403
0.0225455
0.0556357
0.0494318
0.109983
0.276684
0.277073
0.277073
0.277073
0.277073
0.112218
0.0188172
0.0255051
0.0396721
0.0728473
0.104068
0.192849
0.202011
0.0739248
0.055677
0.119269
0.143166
0.181239
0.253551
0.271273
0.166409
0.0355026
0.0187661
0.0197451
0.0628292
0.0479997
0.0898837
0.196494
0.289984
0.289984
0.261396
0.165619
0.0832483
0.163277
0.269999
0.0542077
0.289984
0.289984
0.289984
0.132953
0.0457066
0.056737
0.0712067
0.0969801
0.144875
0.225229
0.20097
0.110425
0.0268254
0.0182825
0.0363461
0.0402097
0.0541028
0.124962
0.243538
0.220126
0.0954189
0.067062
0.0907126
0.0867791
0.159701
0.250084
0.0461562
0.263784
0.263784
0.263784
0.0985329
0.0384533
0.0968843
0.0741032
0.263784
0.114007
0.247277
0.263784
0.209336
0.217595
0.0475497
0.0718571
0.0320978
0.0505088
0.13506
0.263784
0.230587
0.117476
0.0830156
0.0736228
0.0978466
0.0186284
0.041035
0.0558539
0.263784
0.263784
0.123814
0.0899037
0.0708824
0.100494
0.11503
0.255739
0.11544
0.255739
0.255739
0.17533
0.220213
0.103101
0.151
0.0431904
0.139329
0.255739
0.255739
0.239144
0.0680839
0.0768223
0.0435462
0.0455627
0.0262689
0.0622213
0.0678005
0.255739
0.255739
0.196713
0.145296
0.104406
0.149958
0.0483237
0.173389
0.115074
0.249464
0.255739
0.126214
0.0977686
0.0636734
0.069344
0.0622423
0.127135
0.238337
0.238337
0.214915
0.11605
0.064128
0.105658
0.13299
0.0508623
0.0657888
0.238337
0.238337
0.238337
0.166169
0.0480638
0.238337
0.238337
0.0455485
0.192323
0.139287
0.238337
0.238337
0.202871
0.125606
0.0937503
0.0971115
0.0196576
0.169804
0.222071
0.238337
0.153385
0.165891
0.0731154
0.0762112
0.090049
0.0420917
0.0802247
0.236639
0.236639
0.236639
0.234521
0.0481727
0.198689
0.236639
0.0744839
0.0572741
0.121592
0.19384
0.204848
0.142366
0.102689
0.093832
0.23126
0.014327
0.137497
0.234065
0.236639
0.201205
0.236639
0.102837
0.0923181
0.0836053
0.0486571
0.138216
0.236639
0.236639
0.236639
0.1094
0.116224
0.0452249
0.0728278
0.0336476
0.030557
0.0162518
0.0797403
0.252271
0.284503
0.177253
0.081444
0.0726509
0.0341511
0.0418109
0.0371618
0.0784825
0.161146
0.284503
0.284503
0.127835
0.118986
0.0231318
0.0296243
0.0529815
0.158765
0.284503
0.284503
0.126951
0.0558219
0.0543215
0.0475296
0.154681
0.0905397
0.17489
0.284503
0.284503
0.284503
0.114421
0.200532
0.0326217
0.0654649
0.0392137
0.0863115
0.175684
0.258255
0.258255
0.118257
0.113699
0.211181
0.203209
0.204984
0.258255
0.258255
0.21722
0.0376425
0.0183485
0.0250769
0.0502872
0.129076
0.0542514
0.153918
0.258255
0.258255
0.258255
0.11948
0.197761
0.0259456
0.0410414
0.045858
0.0915064
0.258255
0.258255
0.167428
0.0810314
0.0592333
0.206495
0.223037
0.239019
0.239019
0.239019
0.188793
0.0411806
0.0255436
0.0986024
0.0484365
0.0775486
0.239019
0.239019
0.239019
0.152285
0.134162
0.153116
0.14309
0.0404098
0.0239844
0.0458975
0.147774
0.239019
0.239019
0.184472
0.074883
0.0610172
0.0211503
0.0146471
0.239019
0.212169
0.235095
0.239019
0.0843471
0.0922366
0.0951225
0.0293152
0.0653941
0.227115
0.254521
0.254521
0.157742
0.140697
0.112521
0.172786
0.0423206
0.0828978
0.1538
0.254521
0.254521
0.161822
0.132194
0.12568
0.139128
0.0338998
0.0273547
0.222889
0.240917
0.233505
0.220089
0.0670381
0.0661217
0.0676937
0.0709153
0.142331
0.193395
0.254521
0.254521
0.210548
0.0664464
0.122092
0.0624538
0.037421
0.0938651
0.126702
0.253678
0.253678
0.198709
0.148815
0.117859
0.148918
0.0514433
0.201348
0.139326
0.253678
0.253678
0.165603
0.138084
0.089379
0.0990373
0.0943988
0.146571
0.245595
0.253678
0.253678
0.185564
0.0621296
0.0951763
0.0746608
0.0987131
0.0847501
0.103151
0.253678
0.253678
0.20932
0.0835806
0.0975686
0.0529548
0.0442312
0.221079
0.149907
0.229944
0.229944
0.207702
0.168278
0.125265
0.13413
0.0450799
0.217955
0.187913
0.229944
0.197147
0.142738
0.0929113
0.115659
0.127547
0.135246
0.104069
0.127771
0.229944
0.229944
0.229848
0.110159
0.109712
0.0878894
0.0546898
0.149875
0.229944
0.229944
0.216022
0.150639
0.124784
0.105611
0.131752
0.0365873
0.166688
0.205788
0.232033
0.205479
0.165022
0.116895
0.116394
0.0987544
0.0695113
0.129172
0.232033
0.232033
0.232033
0.145249
0.181026
0.0394081
0.0673373
0.0629408
0.126417
0.208945
0.231356
0.232033
0.196161
0.157936
0.109502
0.113341
0.0588463
0.113674
0.13461
0.232033
0.232033
0.181033
0.232033
0.18343
0.0600889
0.0147015
0.0314902
0.028622
0.151618
0.303976
0.303976
0.132388
0.0463737
0.0466143
0.0504323
0.178464
0.0911929
0.175812
0.303976
0.303976
0.303976
0.13208
0.214034
0.077081
0.0146673
0.0420555
0.185625
0.303976
0.217945
0.0599482
0.02391
0.0735242
0.00190359
0.00695921
0.0189042
0.164224
0.303976
0.18332
0.0813583
0.0437081
0.0219828
0.0642464
0.176231
0.0688656
0.178643
0.286147
0.286147
0.286147
0.157616
0.256192
0.0371489
0.0466994
0.0520211
0.107887
0.286147
0.286147
0.154201
0.0711787
0.0726686
0.00133271
0.0106538
0.0318114
0.180767
0.286147
0.20476
0.0922814
0.0536683
0.0227868
0.013208
0.0274072
0.0391442
0.102591
0.286147
0.286147
0.15947
0.0415437
0.0531635
0.0656378
0.0316432
0.0549284
0.177189
0.269506
0.269506
0.168344
0.0790868
0.097559
0.0217258
0.0190093
0.269506
0.24672
0.269506
0.269506
0.125
0.0937915
0.0761633
0.0168767
0.0405594
0.0557795
0.124132
0.269506
0.269506
0.198403
0.0597479
0.0519705
0.00432127
0.00566647
0.0125814
0.0327905
0.269506
0.269506
0.269506
0.171096
0.0355267
0.0351607
0.0307696
0.25889
0.25889
0.252712
0.250547
0.107027
0.0724768
0.0582925
0.0881989
0.162097
0.25889
0.25889
0.25889
0.252244
0.076411
0.163463
0.0696042
0.00438168
0.0108455
0.011375
0.0292279
0.25889
0.25889
0.239951
0.141944
0.0210789
0.0211705
0.021286
0.0136881
0.129515
0.244701
0.239775
0.124293
0.123931
0.0386309
0.108287
0.173788
0.268495
0.268495
0.268495
0.229338
0.0634408
0.113738
0.0883037
0.154947
0.140361
0.152998
0.268495
0.268495
0.251944
0.117254
0.125256
0.0885918
0.0229122
0.0302083
0.0281196
0.120555
0.268495
0.220242
0.110093
0.110115
0.0375705
0.0842804
0.112632
0.100505
0.23514
0.268495
0.160732
0.0485677
0.0562976
0.0272184
0.128667
0.124386
0.135005
0.221658
0.233104
0.178462
0.131887
0.109449
0.109565
0.0789775
0.211497
0.233104
0.228854
0.233104
0.144018
0.198857
0.141761
0.180707
0.05397
0.10889
0.125756
0.202921
0.233104
0.170323
0.0762246
0.0309259
0.0206306
0.110721
0.146212
0.233104
0.233104
0.233104
0.152406
0.14905
0.180791
0.104487
0.0698254
0.163395
0.182665
0.175522
0.222838
0.154735
0.210755
0.115456
0.133149
0.0737571
0.110949
0.10309
0.169779
0.23392
0.231512
0.191032
0.125057
0.0860832
0.0822927
0.126019
0.23392
0.23392
0.23392
0.152614
0.142139
0.134488
0.0857424
0.0403889
0.23392
0.167797
0.23392
0.23392
0.23392
0.050473
0.135184
0.0699322
0.0642144
0.0131677
0.0356184
0.24159
0.2981
0.2981
0.0929818
0.0350402
0.0629597
0.003713
0.0100122
0.0234113
0.231069
0.2981
0.277332
0.134339
0.0561026
0.0204026
0.0212171
0.0181084
0.0503263
0.2981
0.2981
0.2981
0.0540196
0.0306542
0.0190058
0.00522771
0.0111341
0.0495315
0.210673
0.2981
0.2981
0.0603064
0.0238781
0.0041431
0.00531978
0.0118405
0.0398588
0.255269
0.280886
0.280886
0.132079
0.0714688
0.0281225
0.0488047
0.0578344
0.0515709
0.166738
0.280886
0.280886
0.25847
0.0557849
0.083848
0.00762296
0.0132589
0.0491684
0.252633
0.280886
0.280886
0.0582981
0.0262186
0.00495746
0.0279089
0.031751
0.0362022
0.256994
0.280886
0.280886
0.148368
0.0489954
0.0358309
0.0371007
0.053068
0.0570449
0.165449
0.269591
0.269591
0.233588
0.0665865
0.079826
0.0222172
0.0247777
0.0221311
0.0650594
0.269591
0.269591
0.269591
0.168411
0.0700246
0.0174783
0.028244
0.0419056
0.263174
0.269591
0.269591
0.137166
0.0385901
0.031856
0.025752
0.0336424
0.034005
0.23263
0.269591
0.269591
0.212995
0.0868707
0.0563863
0.0157422
0.0239132
0.0206523
0.0699846
0.277412
0.277412
0.277412
0.174362
0.0654503
0.0219942
0.00746107
0.0133004
0.0923601
0.277412
0.277412
0.139689
0.126528
0.0449872
0.0202399
0.0245728
0.0319933
0.24185
0.277412
0.277412
0.232084
0.0779116
0.0554308
0.00780195
0.00466543
0.0109556
0.146821
0.277412
0.277412
0.247073
0.108653
0.0401957
0.019692
0.026022
0.031847
0.0998113
0.270757
0.270757
0.14783
0.116096
0.0405135
0.164189
0.216891
0.149446
0.245971
0.270757
0.239723
0.106992
0.0586082
0.0464565
0.00862508
0
0.0125798
0.146154
0.270757
0.270757
0.270757
0.1231
0.0515371
0.0221549
0.0173905
0.0145908
0.0720058
0.270757
0.270757
0.249653
0.14567
0.0634633
0.0809931
0.17036
0.169836
0.19668
0.24232
0.237069
0.154788
0.035489
0.0345017
0.147026
0.199948
0.24232
0.24232
0.24232
0.231619
0.24232
0.216099
0.15855
0.0149352
0.0154429
0.0135808
0.0612591
0.215074
0.24232
0.22732
0.136454
0.0640759
0.0230545
0.0518653
0.128584
0.154002
0.190874
0.130746
0.117231
0.128894
0.149909
0.0967683
0.152038
0.248634
0.248634
0.248634
0.205684
0.237866
0.149787
0.119248
0.0526993
0.248634
0.211798
0.248634
0.248634
0.248634
0.0509403
0.127424
0.0974535
0.0339823
0.0457566
0.0827468
0.117374
0.146719
0.0897311
0.092493
0.100217
0.1105
0.123116
0.113214
0.122845
0.248634
0.248634
0.248634
0.0954925
0.0368773
0.004686
0.00413402
0.0204633
0.0420589
0.293895
0.293895
0.293895
0.0533639
0.0452847
0.00112314
0.0105508
0.0173689
0.0500767
0.200758
0.293895
0.293895
0.0790993
0.02252
0.000286498
0.0152941
0.0355696
0.0325542
0.24771
0.293895
0.293895
0.0447944
0.0113261
0.0265362
0.00593816
0.00667346
0.112444
0.291252
0.293895
0.293895
0.0338196
0.00906217
0.00236538
0.0140673
0.0136133
0.0416751
0.231194
0.285613
0.285613
0.0719302
0.0280174
0.00242747
0.0528981
0.0464751
0.0294983
0.262946
0.285613
0.285613
0.209257
0.0570557
0.0290811
0.00750282
0.00666417
0.0846842
0.255935
0.285613
0.285613
0.0495228
0.0162508
0.00214035
0.000499742
0.00243828
0.0506414
0.282147
0.285613
0.285613
0.0723696
0.00893238
0.00398446
0.0295255
0.0305001
0.0345669
0.270091
0.270091
0.270091
0.18719
0.0520456
0.033308
0.0433879
0.0502152
0.0478091
0.270091
0.270091
0.263601
0.209423
0.0959853
0.0985591
0.00243681
0.0043562
0.0386273
0.266042
0.270091
0.270091
0.092795
0.0138178
0.0033824
0.0027691
0.00231639
0.0478738
0.270091
0.270091
0.270091
0.0741734
0.0204759
0.0189391
0.0316862
0.0347112
0.0406463
0.275275
0.275275
0.275275
0.234975
0.0822137
0.0964612
0.00856124
0.00684743
0.0179111
0.175208
0.275275
0.275275
0.197412
0.0904095
0.0371253
0.00461586
0.00256026
0.0284857
0.275275
0.275275
0.275275
0.0928119
0.0201148
0.0185801
0.00747084
0.0145549
0.0324015
0.245633
0.275275
0.275275
0.116243
0.042324
0.0166434
0.00811929
0.000560242
0.0150463
0.163383
0.270226
0.270226
0.236773
0.0928663
0.0389816
0.0144276
0.0104728
0.00938773
0.0304166
0.270226
0.270226
0.270226
0.128342
0.0490379
0.00417099
0.016715
0.0210245
0.270226
0.270226
0.270226
0.11951
0.037407
0.0153022
0.0792825
0.109803
0.0243105
0.206037
0.270226
0.270226
0.270226
0.055323
0.0475149
0.0150438
0.0105488
0.00646364
0.0296965
0.221264
0.272038
0.272038
0.142143
0.0678548
0.0261965
0.0516501
0.145552
0.177467
0.196453
0.157359
0.127827
0.139087
0.142788
0.040109
0.0722496
0.0280251
0.188648
0.272038
0.272038
0.272038
0.0588989
0.0587297
0.151636
0.166184
0.0463357
0.0229764
0.272038
0.272038
0.272038
0.151096
0.176737
0.0544982
0.0618607
0.109381
0.158032
0.198135
0.134891
0.126501
0.144268
0.141493
0.167501
0.118921
0.170258
0.271128
0.271128
0.271128
0.182967
0.0575788
0.0042137
0.102694
0.137526
0.0487607
0.0229777
0.271128
0.271128
0.271128
0.141479
0.131948
0.0554406
0.0243041
0.0287208
0.0772469
0.239552
0.271128
0.259068
0.11748
0.0292447
