0.136606
0.160411
0.204312
0.177445
0.213639
0.114368
0.132903
0.195462
0.213639
0.159923
0.131921
0.203035
0.160037
0.213639
0.153577
0.153057
0.213639
0.117854
0.167293
0.163894
0.122072
0.171572
0.192667
0.140461
0.213639
0.152402
0.154382
0.141898
0.159943
0.201115
0.213639
0.185394
0.0934933
0.0920092
0.0912805
0.14033
0.195064
0.161974
0.20512
0.147727
0.212925
0.190046
0.170575
0.212925
0.157002
0.136706
0.212925
0.165851
0.133657
0.1902
0.166694
0.115511
0.212925
0.11992
0.136893
0.131735
0.18489
0.212925
0.187568
0.119886
0.130134
0.11783
0.206346
0.038975
0.123555
0.140668
0.12809
0.105485
0.131815
0.184763
0.212925
0.212925
0.161026
0.213009
0.166119
0.109568
0.183155
0.209326
0.141186
0.184524
0.158072
0.0789844
0.139476
0.112438
0.163228
0.213009
0.204342
0.134685
0.166955
0.197757
0.0808755
0.107649
0.124026
0.189064
0.114291
0.158611
0.195379
0.213009
0.213009
0.1366
0.213009
0.08854
0.213009
0.213009
0.0865942
0.213009
0.180266
0.105621
0.0761049
0.14613
0.128201
0.147117
0.203872
0.209919
0.172415
0.184112
0.195823
0.0190241
0.116092
0.20841
0.201347
0.209919
0.0943576
0.153579
0.163374
0.112568
0.167565
0.205017
0.0970124
0.209919
0.209919
0.127187
0.209919
0.190438
0.115642
0.0913053
0.172733
0.185049
0.146724
0.209919
0.209919
0.209919
0.12652
0.117284
0.0458386
0.124477
0.214352
0.185293
0.174817
0.0990987
0.143175
0.142525
0.0832109
0.100658
0.10073
0.217506
0.217506
0.217506
0.203967
0.153682
0.217506
0.168762
0.0721984
0.140839
0.178318
0.13562
0.191594
0.198801
0.217506
0.121792
0.102892
0.148473
0.217506
0.193904
0.147791
0.217506
0.216331
0.217506
0.102337
0.0768656
0.113218
0.0915831
0.215512
0.197787
0.215512
0.1774
0.121479
0.14437
0.139929
0.111867
0.129559
0.142814
0.19624
0.215512
0.215512
0.215512
0.156359
0.0895351
0.127487
0.215512
0.164972
0.129889
0.183585
0.145798
0.215512
0.0932703
0.0880311
0.0668102
0.215512
0.0895874
0.177665
0.215512
0.213116
0.191322
0.188045
0.145456
0.141306
0.146844
0.156015
0.203921
0.212521
0.191757
0.212521
0.14594
0.131604
0.119314
0.16829
0.183595
0.212521
0.186434
0.0504183
0.128828
0.140074
0.101374
0.085107
0.212521
0.0959077
0.187983
0.212521
0.212521
0.18533
0.176592
0.169449
0.0892359
0.112714
0.175947
0.212521
0.212521
0.130402
0.107687
0.200754
0.170952
0.175755
0.172915
0.185586
0.196361
0.209099
0.157471
0.20325
0.203116
0.186333
0.172268
0.183778
0.209099
0.209099
0.188259
0.133169
0.0770358
0.12507
0.151245
0.15534
0.128458
0.154273
0.209099
0.146192
0.156138
0.158437
0.201622
0.143528
0.121277
0.146253
0.147857
0.209099
0.154248
0.10043
0.11708
0.17345
0.110764
0.155012
0.147929
0.212435
0.227353
0.171301
0.147006
0.105294
0.121148
0.182714
0.0486729
0.152507
0.153419
0.0955482
0.0932983
0.140259
0.193021
0.227353
0.218458
0.111263
0.133139
0.127173
0.213596
0.15557
0.103006
0.125312
0.181131
0.11841
0.118262
0.114903
0.122614
0.222759
0.227353
0.227353
0.189678
0.227353
0.227353
0.0622954
0.105341
0.101105
0.116658
0.0895413
0.133481
0.167116
0.198057
0.210096
0.0873752
0.209576
0.0957838
0.147537
0.15075
0.081892
0.188997
0.146509
0.0874436
0.129453
0.164554
0.127071
0.210302
0.219025
0.219025
0.118476
0.198398
0.166917
0.200198
0.219025
0.105794
0.219025
0.219025
0.219025
0.163655
0.219025
0.219025
0.106773
0.191097
0.107941
0.178324
0.16534
0.116281
0.208585
0.138642
0.102165
0.0638872
0.149181
0.150477
0.117387
0.167294
0.158259
0.21996
0.143864
0.110343
0.21996
0.21996
0.130735
0.21996
0.21996
0.198834
0.137936
0.153276
0.21996
0.0780898
0.0851175
0.124553
0.21996
0.21996
0.192766
0.154535
0.146475
0.21996
0.0645948
0.148317
0.187987
0.141758
0.180825
0.182018
0.215792
0.134058
0.118236
0.167422
0.215792
0.209226
0.148516
0.215792
0.205966
0.215792
0.109964
0.0875924
0.0891918
0.0673822
0.116525
0.215792
0.215792
0.199975
0.163394
0.125546
0.210674
0.144448
0.153498
0.177947
0.162957
0.215792
0.186791
0.113893
0.130232
0.135006
0.148991
0.21274
0.199897
0.141993
0.21274
0.183489
0.21274
0.102453
0.0998909
0.105963
0.21274
0.0887895
0.160228
0.21274
0.21274
0.189385
0.188577
0.206214
0.153231
0.163574
0.149405
0.129069
0.200643
0.17034
0.134655
0.0960128
0.09427
0.0846569
0.194336
0.138373
0.169142
0.21274
0.170607
0.1444
0.118906
0.190996
0.109871
0.21475
0.0957839
0.175944
0.21475
0.21475
0.205607
0.180459
0.207394
0.146661
0.15321
0.150772
0.211869
0.21475
0.119863
0.12617
0.21475
0.192018
0.093298
0.201461
0.136716
0.185301
0.21475
0.183063
0.169752
0.119531
0.163438
0.0812509
0.0989081
0.0991728
0.136327
0.21475
0.13603
0.0762949
0.0989915
0.206846
0.127042
0.0864189
0.137486
0.250113
0.150626
0.131476
0.116224
0.174854
0.122004
0.10351
0.127948
0.125228
0.187892
0.147204
0.119157
0.109354
0.168483
0.0744169
0.0555409
0.0655773
0.210538
0.285567
0.255195
0.113354
0.180556
0.209937
0.101947
0.0252621
0.0867473
0.184982
0.285567
0.285567
0.285567
0.195993
0.108675
0.0248799
0.0914828
0.111334
0.115656
0.183236
0.133869
0.0936987
0.10811
0.15507
0.0689141
0.0864237
0.12101
0.117548
0.127604
0.221487
0.256819
0.161007
0.266242
0.164852
0.0316414
0.0729172
0.209864
0.266242
0.266242
0.260847
0.153221
0.108533
0.0885986
0.0854458
0.123328
0.145143
0.141599
0.266242
0.266242
0.156151
0.120627
0.162117
0.0996405
0.16987
0.144163
0.149724
0.2066
0.197358
0.127888
0.194536
0.123735
0.118572
0.201231
0.103857
0.169186
0.176372
0.187221
0.180353
0.190512
0.2066
0.106848
0.12941
0.133285
0.173882
0.2066
0.200473
0.147752
0.11676
0.194071
0.181276
0.164803
0.127319
0.171846
0.129351
0.2066
0.2066
0.200169
0.123094
0.14881
0.207407
0.143633
0.185618
0.207407
0.179471
0.157078
0.137068
0.175613
0.0707255
0.0998631
0.127487
0.207407
0.179193
0.169601
0.175572
0.152316
0.207407
0.207284
0.1849
0.155579
0.207407
0.160784
0.207407
0.207407
0.163207
0.108074
0.122211
0.11137
0.163428
0.139321
0.161905
0.164837
0.193742
0.121803
0.155771
0.0998167
0.113205
0.142268
0.211545
0.211545
0.194539
0.180883
0.143345
0.211545
0.143988
0.127763
0.205955
0.17861
0.211545
0.170715
0.0791366
0.150729
0.155418
0.154155
0.1365
0.191315
0.173771
0.211545
0.193492
0.201159
0.119262
0.173476
0.0866324
0.067176
0.144856
0.107398
0.211545
0.132744
0.211545
0.211545
0.143639
0.169652
0.148396
0.18015
0.165697
0.218533
0.182022
0.114748
0.115632
0.119386
0.120717
0.192267
0.144489
0.173133
0.218533
0.21058
0.154796
0.105164
0.218533
0.108587
0.0929457
0.14382
0.134847
0.218533
0.118067
0.197695
0.200037
0.130622
0.0686722
0.218533
0.218533
0.193609
0.218533
0.165231
0.100308
0.218533
0.0509086
0.109147
0.180924
0.147498
0.195489
0.216088
0.216088
0.186336
0.097043
0.179789
0.0917827
0.11123
0.136861
0.147259
0.216088
0.120457
0.0946996
0.104823
0.216088
0.0885788
0.216088
0.216088
0.18124
0.209132
0.132206
0.147753
0.183805
0.0993761
0.0899577
0.144507
0.140972
0.107683
0.213751
0.171647
0.216088
0.216088
0.216088
0.072389
0.0846538
0.162811
0.227301
0.197521
0.109657
0.157726
0.173166
0.0835844
0.0354593
0.100629
0.142762
0.227301
0.227301
0.227301
0.157712
0.122179
0.0751867
0.218637
0.220276
0.12935
0.227301
0.227301
0.18193
0.174612
0.109563
0.140713
0.0742311
0.155897
0.125282
0.145831
0.227301
0.149612
0.0915446
0.227301
0.227301
0.0327036
0.0692145
0.130821
0.237149
0.237149
0.171148
0.136387
0.120139
0.110178
0.0688662
0.121943
0.121572
0.103029
0.237149
0.191231
0.142399
0.115202
0.141643
0.0356633
0.0949098
0.109302
0.150951
0.237149
0.237149
0.100326
0.23205
0.237149
0.0509361
0.111706
0.174686
0.237149
0.237149
0.237149
0.180855
0.133238
0.237149
0.0900431
0.123947
0.117928
0.127548
0.231531
0.162115
0.132858
0.112694
0.174349
0.162029
0.113964
0.108396
0.122119
0.120872
0.182285
0.156951
0.129874
0.137219
0.0956309
0.129144
0.170666
0.231531
0.231531
0.231531
0.135906
0.200709
0.231531
0.231531
0.231531
0.114222
0.0930713
0.140349
0.0876047
0.218941
0.21373
0.231531
0.197766
0.163939
0.135441
0.16955
0.164321
0.222421
0.175005
0.114146
0.129427
0.103649
0.138056
0.171565
0.13745
0.135966
0.160831
0.165636
0.140023
0.159247
0.222421
0.222421
0.179496
0.138401
0.18322
0.0872887
0.175633
0.222421
0.222421
0.0851204
0.164403
0.145747
0.18795
0.222421
0.101264
0.124196
0.136281
0.222031
0.147294
0.184726
0.199417
0.16859
0.217882
0.19079
0.175008
0.146142
0.173287
0.0829162
0.075462
0.157578
0.100979
0.217882
0.126498
0.19165
0.170335
0.136323
0.0817695
0.182002
0.192688
0.198623
0.217882
0.143222
0.122411
0.155749
0.217882
0.0369065
0.103794
0.217882
0.189276
0.217882
0.17417
0.13928
0.18106
0.134878
0.11247
0.097613
0.153237
0.126635
0.219383
0.107892
0.173983
0.17528
0.13231
0.0580576
0.204338
0.212995
0.219383
0.219383
0.17418
0.135412
0.172569
0.060073
0.0431391
0.0839714
0.214538
0.188424
0.219383
0.173627
0.131859
0.200164
0.181835
0.0152204
0.0759341
0.200495
0.219383
0.219383
0.149885
0.190973
0.219383
0.149899
0.0837489
0.221653
0.221653
0.221653
0.221653
0.15594
0.184266
0.188842
0.113318
0.0887301
0.13192
0.162601
0.127146
0.192455
0.164412
0.221653
0.221653
0.221653
0.0220771
0.0899343
0.185042
0.221653
0.221653
0.125902
0.203864
0.221653
0.216632
0.0426337
0.0875894
0.0827358
0.0949326
0.148495
0.132559
0.167514
0.100753
0.11234
0.235204
0.235204
0.180682
0.213573
0.235204
0.221853
0.195914
0.123915
0.187115
0.105488
0.155215
0.131863
0.112819
0.148066
0.132945
0.110461
0.235204
0.235204
0.145221
0.235204
0.18252
0.235204
0.235204
0.0915239
0.181848
0.177907
0.115557
0.0432345
0.0701035
0.0618038
0.120787
0.203087
0.0720436
0.0631531
0.0756958
0.0432385
0.0494069
0.071869
0.0740244
0.115006
0.173022
0.209122
0.102602
0.244631
0.257815
0.0701256
0.0921903
0.13908
0.225225
0.257815
0.173837
0.175249
0.16656
0.257815
0.0532378
0.0606405
0.053567
0.122834
0.21296
0.145989
0.0676985
0.0680649
0.0222854
0.00482214
0.0353957
0.0509868
0.159824
0.257815
0.257815
0.248883
0.257815
0.257815
0.0926248
0.0969749
0.10751
0.168496
0.237407
0.143706
0.0936283
0.163835
0.237407
0.237407
0.212302
0.10234
0.0931161
0.149485
0.0594294
0.124444
0.177606
0.237407
0.0479438
0.0643451
0.0847196
0.135018
0.190657
0.237407
0.14232
0.164275
0.237407
0.208371
0.152527
0.16732
0.187307
0.179771
0.0609277
0.128673
0.237407
0.237407
0.231635
0.231635
0.157002
0.139476
0.218241
0.0727021
0.101572
0.231635
0.231635
0.0804548
0.166481
0.138407
0.185766
0.206604
0.0799947
0.0854659
0.148461
0.210603
0.231635
0.231635
0.231635
0.231635
0.205337
0.0455064
0.0957305
0.231635
0.231635
0.0556701
0.0712292
0.0713807
0.0803694
0.123216
0.0601958
0.084025
0.184518
0.111546
0.0930647
0.218839
0.205529
0.223898
0.223898
0.134377
0.107806
0.193579
0.223898
0.0724795
0.154451
0.223898
0.181231
0.223898
0.195353
0.176868
0.110656
0.169502
0.0808317
0.119256
0.0989218
0.125252
0.19647
0.0956138
0.0924167
0.223898
0.0974241
0.153233
0.12662
0.113032
0.161643
0.223898
0.192751
0.129053
0.128096
0.223898
0.0852441
0.12559
0.202979
0.167377
0.217226
0.186189
0.150964
0.150699
0.217226
0.0416646
0.082974
0.154068
0.217226
0.217226
0.174242
0.217226
0.217226
0.182157
0.154965
0.135353
0.119842
0.198776
0.217226
0.179083
0.107297
0.131916
0.217226
0.0673057
0.0847343
0.151559
0.213864
0.143333
0.140168
0.125555
0.20993
0.128632
0.0548727
0.0962814
0.165595
0.231649
0.231649
0.165495
0.231649
0.231649
0.231649
0.0540379
0.0907902
0.0738062
0.0906614
0.133638
0.11602
0.154306
0.127474
0.119278
0.0915458
0.12316
0.164411
0.231649
0.231649
0.177365
0.158366
0.231649
0.182782
0.0959615
0.195039
0.0567083
0.0496089
0.145853
0.231649
0.231649
0.205518
0.169987
0.16604
0.245037
0.15933
0.245037
0.245037
0.0982949
0.181563
0.171224
0.136443
0.043823
0.0506298
0.0458422
0.130124
0.1698
0.179382
0.157921
0.047147
0.0289198
0.081405
0.154965
0.13308
0.155215
0.20442
0.177955
0.245037
0.245037
0.245037
0.059676
0.158864
0.102026
0.146897
0.163028
0.245037
0.245037
0.126679
0.11958
0.0540924
0.0466838
0.0429577
0.149877
0.210492
0.208267
0.149004
0.0373314
0.0156567
0.0194195
0.0475912
0.0674601
0.139509
0.258072
0.258862
0.258862
0.258862
0.258862
0.0513875
0.132082
0.101228
0.114757
0.151931
0.258862
0.258862
0.144182
0.136205
0.0446261
0.126494
0.165069
0.221731
0.136379
0.258862
0.258862
0.0981689
0.0340796
0.0608338
0.0829751
0.0785137
0.125546
0.201981
0.228298
0.176602
0.177138
0.228298
0.228298
0.190162
0.182876
0.192902
0.228298
0.0806547
0.158596
0.228298
0.228298
0.0675761
0.0976658
0.163749
0.187112
0.115589
0.228298
0.228298
0.0892551
0.0326319
0.0864732
0.139318
0.136955
0.131879
0.228298
0.12706
0.153676
0.210805
0.104956
0.231192
0.231192
0.231192
0.231192
0.231192
0.0767036
0.121295
0.231192
0.231192
0.0587562
0.077248
0.0805889
0.107613
0.142787
0.0811099
0.0899163
0.203978
0.143317
0.146924
0.20691
0.196185
0.195966
0.231192
0.132298
0.14181
0.231192
0.137101
0.0290316
0.0910274
0.0505939
0.143634
0.192111
0.175676
0.118482
0.231192
0.0916043
0.0805163
0.124188
0.111655
0.1381
0.198888
0.111048
0.0981251
0.215829
0.143995
0.164259
0.166417
0.126336
0.16627
0.215829
0.215829
0.161816
0.105054
0.215829
0.0798314
0.167184
0.0661254
0.196869
0.195154
0.196949
0.155312
0.215829
0.141431
0.13033
0.215829
0.129756
0.215829
0.18173
0.174106
0.147071
0.197233
0.215829
0.164015
0.16096
0.138576
0.184043
0.210387
0.210387
0.127475
0.109953
0.210387
0.121887
0.137511
0.145874
0.187812
0.105281
0.166604
0.137
0.210387
0.157537
0.165639
0.202143
0.105009
0.208813
0.170235
0.141016
0.133481
0.203839
0.210387
0.185606
0.141188
0.111572
0.134467
0.207988
0.130887
0.194469
0.210387
0.114763
0.134901
0.140372
0.144552
0.199397
0.182917
0.189077
0.14656
0.220457
0.20087
0.0982649
0.162661
0.0403044
0.0451987
0.140543
0.220282
0.220457
0.220457
0.15176
0.17904
0.139508
0.113711
0.144697
0.220457
0.136944
0.160144
0.220457
0.165683
0.126607
0.220457
0.0778424
0.220457
0.220457
0.113924
0.103499
0.134526
0.171438
0.0782475
0.142187
0.0968807
0.148284
0.172041
0.181778
0.296787
0.296787
0.249668
0.0470621
0.103156
0.0646709
0.0912483
0.126991
0.296787
0.296787
0.0822219
0.0652868
0.0468555
0.108518
0.0938821
0.0593097
0.104227
0.173852
0.296787
0.296787
0.117944
0.0256253
0.042066
0.141359
0.0910916
0.069284
0.0950737
0.222763
0.218373
0.114642
0.047367
0.120389
0.0942554
0.103734
0.185964
0.272798
0.272798
0.150226
0.112616
0.0767542
0.184335
0.239965
0.270638
0.201355
0.272798
0.272798
0.101511
0.0128422
0.0500286
0.0572193
0.210943
0.14888
0.0748899
0.112062
0.174372
0.272353
0.216425
0.0222068
0.0141649
0.0229178
0.0323078
0.0675875
0.122718
0.206975
0.233367
0.114813
0.0906235
0.168362
0.239138
0.239138
0.216049
0.239138
0.239138
0.130914
0.0306792
0.0939118
0.239138
0.239138
0.200439
0.239138
0.1903
0.239138
0.239138
0.152667
0.0355327
0.0335118
0.0436686
0.0360715
0.0662158
0.0988224
0.231099
0.239138
0.110846
0.0585036
0.126282
0.186555
0.159309
0.14559
0.0939737
0.0553493
0.0658859
0.126011
0.102453
0.22952
0.22952
0.204803
0.22952
0.162916
0.188258
0.22952
0.136433
0.0365771
0.100425
0.0739428
0.204482
0.22952
0.216168
0.146986
0.216246
0.106835
0.110976
0.172274
0.176157
0.13906
0.180864
0.0683122
0.0482741
0.039359
0.0543361
0.22952
0.22952
0.22952
0.181288
0.22952
0.13797
0.125177
0.0448446
0.0384823
0.0588622
0.1245
0.073241
0.188431
0.213829
0.178117
0.148127
0.221246
0.121053
0.0774728
0.151982
0.128702
0.181499
0.175935
0.188567
0.140189
0.177146
0.148335
0.2401
0.2401
0.21204
0.181966
0.2401
0.0963672
0.148111
0.154336
0.0816403
0.0543352
0.192159
0.136041
0.0930589
0.132037
0.0966114
0.2401
0.2401
0.192829
0.125977
0.161072
0.123099
0.17962
0.201189
0.185846
0.1561
0.237754
0.192347
0.155221
0.151433
0.167706
0.153559
0.174812
0.135817
0.184668
0.220568
0.104721
0.0560463
0.140436
0.0864299
0.0914918
0.173434
0.104166
0.242149
0.242149
0.242149
0.0927472
0.123861
0.107875
0.129316
0.21186
0.118633
0.228951
0.208438
0.117203
0.148352
0.137113
0.154845
0.148513
0.233695
0.137939
0.142881
0.213557
0.130656
0.114293
0.193695
0.102448
0.234007
0.234007
0.119275
0.10178
0.132087
0.134363
0.0998408
0.137632
0.102623
0.129181
0.234007
0.142833
0.171608
0.176885
0.112107
0.120938
0.234007
0.174369
0.234007
0.234007
0.234007
0.138332
0.160358
0.110589
0.0660779
0.103325
0.0831786
0.0568707
0.101351
0.198729
0.306587
0.306587
0.113359
0.0339625
0.0343894
0.0952087
0.0793692
0.0801858
0.136559
0.241205
0.265937
0.106326
0.102704
0.141038
0.0941187
0.108198
0.0784434
0.0480967
0.202786
0.279013
0.176653
0.129008
0.052201
0.0678723
0.139957
0.0733188
0.0252781
0.306587
0.306587
0.306587
0.0497263
0.0409351
0.131674
0.131835
0.090072
0.168376
0.340322
0.340322
0.182559
0.0272737
0.0132025
0.012507
0.0210053
0.0718306
0.108937
0.20885
0.248344
0.102064
0.198637
0.0700764
0.126665
0.237699
0.109756
0.0412297
0.340322
0.340322
0.340322
0.034213
0.0412899
0.028991
0.0356323
0.0511253
0.0323551
0.0312439
0.113723
0.157413
0.0454572
0.0693338
0.0832615
0.0631954
0.153959
0.209144
0.260438
0.260438
0.182922
0.135168
0.238367
0.260438
0.260438
0.260438
0.187752
0.0785147
0.141983
0.260438
0.0811831
0.099567
0.0782055
0.0950255
0.120713
0.0688033
0.0911195
0.159633
0.252793
0.120865
0.160285
0.119362
0.1582
0.260438
0.0459975
0.0560549
0.121175
0.147218
0.0943023
0.183591
0.233007
0.164644
0.217508
0.0882638
0.0387343
0.0356617
0.0677026
0.234785
0.266328
0.266328
0.254909
0.266328
0.193052
0.153775
0.0370671
0.0441054
0.0928446
0.131548
0.0870035
0.0704211
0.131703
0.026521
0.0328263
0.060549
0.0630229
0.218442
0.266328
0.266328
0.157171
0.266328
0.0233655
0.0741065
0.231926
0.078488
0.177935
0.239069
0.159781
0.178053
0.239069
0.0949469
0.131589
0.12124
0.0521428
0.0408829
0.129817
0.147973
0.0934721
0.141541
0.12663
0.239069
0.239069
0.120151
0.162838
0.239069
0.193608
0.112521
0.22535
0.023781
0.0597241
0.177795
0.088125
0.163759
0.239069
0.211368
0.118971
0.189107
0.0590883
0.21641
0.239069
0.157897
0.0358911
0.098907
0.112708
0.0937632
0.186587
0.135392
0.237312
0.237312
0.176919
0.0466495
0.093321
0.146085
0.128702
0.149675
0.141137
0.193838
0.156926
0.0909134
0.137268
0.219664
0.179798
0.134535
0.218178
0.0904286
0.224524
0.237312
0.229478
0.08495
0.145461
0.107526
0.160593
0.18436
0.196021
0.237312
0.237312
0.159106
0.0624298
0.108985
0.143332
0.137184
0.215051
0.161082
0.161592
0.145888
0.0966783
0.0953691
0.214459
0.190653
0.215051
0.215051
0.215051
0.160543
0.153931
0.0978477
0.0800407
0.142792
0.117042
0.169548
0.199257
0.199311
0.215051
0.215051
0.197874
0.0832123
0.139452
0.101306
0.168678
0.215051
0.198612
0.182279
0.179094
0.174088
0.127627
0.170725
0.0883565
0.117251
0.0904749
0.042043
0.192635
0.315155
0.216982
0.137745
0.0691388
0.0496772
0.138145
0.0925685
0.0324149
0.315155
0.315155
0.315155
0.0822147
0.0930014
0.0933146
0.0914442
0.123547
0.0819589
0.0668762
0.0690891
0.264804
0.188859
0.0572654
0.0582244
0.056736
0.0461931
0.0350636
0.0954931
0.308971
0.315155
0.159983
0.0676992
0.0725671
0.169379
0.0989868
0.0417976
0.394142
0.394142
0.394142
0.0297485
0.035263
0.0239568
0.0392009
0.0468389
0.0229046
0.0449948
0.104677
0.130282
0.258448
0.0268071
0.0534977
0.0465152
0.0246743
0.0497358
0.117689
0.370698
0.394142
0.046572
0.0599532
0.0546252
0.0359927
0.0642405
0.0223028
0.0434243
0.141378
0.0508601
0.106137
0.134567
0.0994231
0.161378
0.166685
0.102899
0.179437
0.227991
0.227991
0.181135
0.227626
0.133007
0.194828
0.227991
0.0832368
0.0965168
0.188004
0.18961
0.147321
0.173461
0.15875
0.113988
0.165312
0.125015
0.158985
0.227991
0.170505
0.206393
0.227991
0.104648
0.0966442
0.120434
0.0512955
0.162134
0.227991
0.175596
0.0947925
0.144034
0.0820876
0.0784408
0.164185
0.0398305
0.0410736
0.0809689
0.0656679
0.263664
0.289479
0.289479
0.217931
0.289479
0.0286923
0.0613354
0.21877
0.129285
0.103704
0.103282
0.0526954
0.061305
0.0927626
0.0351969
0.0861345
0.110042
0.0689419
0.289479
0.289479
0.189093
0.20881
0.289479
0.133898
0.157428
0.138048
0.155268
0.144723
0.22639
0.178801
0.123807
0.22639
0.0230511
0.0453922
0.138533
0.103028
0.181996
0.22639
0.214076
0.134881
0.164584
0.0824327
0.223607
0.22639
0.17763
0.148992
0.22639
0.167068
0.136499
0.22639
0.0755334
0.0977573
0.0808963
0.093865
0.22639
0.22639
0.13595
0.131601
0.149613
0.0684173
0.109676
0.22639
0.22639
0.148944
0.192137
0.187933
0.140704
0.181291
0.108367
0.208707
0.2201
0.2201
0.0817221
0.122702
0.117302
0.155881
0.132049
0.213128
0.2201
0.2201
0.143367
0.166266
0.191141
0.189952
0.167177
0.205149
0.0733317
0.110828
0.2201
0.2201
0.1497
0.145205
0.0479321
0.104147
0.210626
0.0791765
0.0713418
0.122396
0.2201
0.087137
0.142222
0.130566
0.169861
0.171828
0.221729
0.222282
0.222282
0.197416
0.0879491
0.144111
0.101978
0.148488
0.196804
0.114177
0.222282
0.212963
0.183503
0.140897
0.152282
0.0433563
0.151697
0.222282
0.10735
0.102647
0.174727
0.222282
0.139191
0.0974357
0.124782
0.185898
0.222282
0.115084
0.0939931
0.222282
0.222282
0.103015
0.131845
0.0816938
0.10504
0.149526
0.0845755
0.0755309
0.112168
0.292792
0.16862
0.059299
0.0452651
0.0442665
0.0861437
0.12387
0.247368
0.292792
0.292792
0.0703199
0.0942835
0.0869071
0.0982689
0.178038
0.292792
0.188339
0.0994227
0.124377
0.0353465
0.0292574
0.0351213
0.0164207
0.0710613
0.292792
0.292792
0.292792
0.232959
0.208626
0.0209711
0.0292266
0.0268125
0.0513318
0.132636
0.251919
0.336114
0.336114
0.0351821
0.0484242
0.0493532
0.0483561
0.0962703
0.0894983
0.0720635
0.129223
0.0502003
0.0407579
0.0031182
0.0114854
0.0133248
0.0695527
0.336114
0.336114
0.336114
0.261322
0.0115188
0.00927823
0.00745873
0.0120648
0.157323
0.336114
0.189123
0.0787272
0.0254539
0.0654642
0.084419
0.0867911
0.0947035
0.151262
0.187605
0.111954
0.2404
0.0928925
0.0983978
0.133414
0.0693892
0.0658583
0.0852115
0.0526809
0.119567
0.171381
0.0916937
0.0174926
0.0145597
0.0125253
0.0526132
0.341677
0.341677
0.335825
0.141606
0.0488024
0.0221219
0.0283248
0.0512957
0.341677
0.341677
0.341677
0.087853
0.0430969
0.0210276
0.0821067
0.0849352
0.0446214
0.0592419
0.0971333
0.0341013
0.0807644
0.108037
0.0516428
0.29673
0.302122
0.178102
0.165643
0.302122
0.0939604
0.129005
0.113741
0.160321
0.0123821
0.0136668
0.030027
0.220697
0.302122
0.294173
0.0497856
0.0231542
0.0142792
0.0691107
0.197526
0.302122
0.302122
0.302122
0.0771266
0.0159915
0.0154163
0.0126611
0.146999
0.253274
0.154393
0.117147
0.253274
0.0583653
0.0862749
0.0731557
0.102083
0.234914
0.206762
0.0929365
0.127927
0.141145
0.069776
0.105965
0.253274
0.253274
0.0338901
0.102062
0.209034
0.253274
0.253274
0.0851049
0.0240041
0.0107434
0.0105304
0.117907
0.158413
0.138262
0.219108
0.253274
0.253274
0.253274
0.0857107
0.0339222
0.182184
0.205698
0.140698
0.160947
0.191003
0.0843848
0.110691
0.240332
0.240332
0.161479
0.130295
0.0432709
0.114985
0.18702
0.0926056
0.070464
0.143886
0.224944
0.119297
0.141824
0.189808
0.240332
0.240332
0.240332
0.240332
0.100259
0.0782103
0.108352
0.0889953
0.102179
0.111886
0.19125
0.130946
0.197286
0.137305
0.240332
0.16298
0.149341
0.0452547
0.163164
0.226772
0.119309
0.101138
0.195932
0.226772
0.117973
0.0936667
0.112868
0.194682
0.226772
0.10787
0.0964163
0.226772
0.223039
0.161181
0.0994624
0.166389
0.139655
0.226772
0.112284
0.117758
0.159187
0.226772
0.0672823
0.0666423
0.167519
0.155672
0.226772
0.163085
0.188182
0.226772
0.214587
0.126315
0.184014
0.130172
0.165175
0.262621
0.316359
0.260123
0.19531
0.190812
0.0139859
0.0498416
0.0468659
0.0291684
0.15207
0.316359
0.316359
0.316359
0.224091
0.0110949
0.0509023
0.0436174
0.0334912
0.130222
0.316359
0.207134
0.0486451
0.00818485
0.0141685
0.0224777
0.0407042
0.0578018
0.0331672
0.0935481
0.149281
0.0847518
0.0471764
0.0138111
0.00259543
0.00690301
0.03284
0.158678
0.371328
0.371328
0.371328
0.271216
0.00840288
0.00736557
0.00599509
0.0309852
0.300618
0.371328
0.300033
0.112842
0.0377693
0.017229
0.0198222
0.0451574
0.0428225
0.0334845
0.102564
0.190106
0.115765
0.0667159
0.00585897
0.00740469
0.0384897
0.0770228
0.0820519
0.152865
0.13111
0.131556
0.102139
0.00814125
0.00828317
0.00991862
0.0711458
0.327663
0.327663
0.293932
0.124316
0.0460425
0.0136934
0.0170564
0.0608154
0.276504
0.327663
0.327663
0.0946919
0.059054
0.0197938
0.0125665
0.0123411
0.0572442
0.121081
0.130877
0.160039
0.131321
0.146533
0.101522
0.0143993
0.040665
0.120111
0.327663
0.327663
0.141708
0.0710106
0.0300405
0.0274194
0.0131531
0.0161415
0.0460774
0.247625
0.312533
0.312533
0.0710136
0.0441339
0.0181464
0.0914281
0.22835
0.312533
0.312533
0.312533
0.0955725
0.0204713
0.0255258
0.00977639
0.0185813
0.0332494
0.0834191
0.28578
0.273971
0.0961711
0.0492513
0.0157829
0.00925563
0.0689751
0.228518
0.28593
0.184936
0.13573
0.0256903
0.020968
0.0030079
0.0016805
0.0428261
0.139754
0.234849
0.266366
0.266366
0.104733
0.0279794
0.0183131
0.00898371
0.171169
0.241112
0.168683
0.266366
0.266366
0.266366
0.266366
0.0866742
0.0521408
0.0491501
0.149534
0.185257
0.122725
0.0989489
0.0292121
0.0206208
0.0033911
0.00217954
0.0438882
0.173327
0.261991
0.200972
0.174325
0.171524
0.219835
0.15527
0.0316433
0.12156
0.165123
0.158081
0.233641
0.233641
0.233641
0.233641
0.0860619
0.0594707
0.0948374
0.0691791
0.0800884
0.136131
0.18613
0.163835
0.230466
0.181324
0.225922
0.0403314
0.196953
0.233641
0.139918
0.139471
0.12623
0.169301
0.0821635
0.0240358
0.0889074
0.200758
0.229617
0.0960019
0.187044
0.233641
0.233641
0.150808
0.0584217
0.125875
0.0694907
0.117353
0.13926
0.207143
0.13854
0.217325
0.189385
0.212427
0.0522216
0.0627304
0.111029
0.129644
0.230929
0.137794
0.149101
0.230929
0.189489
0.0961674
0.230929
0.230929
0.0777965
0.163875
0.230929
0.230929
0.178109
0.113334
0.0540504
0.0911591
0.0538165
0.0694651
0.149745
0.186719
0.230929
0.230929
0.230929
0.0231091
0.100039
0.0725865
0.0794472
0.262453
0.293048
0.293048
0.102868
0.011378
0.0304471
0.0591622
0.0834997
0.117294
0.0622779
0.172509
0.264655
0.19605
0.0715686
0.0997822
0.293048
0.233557
0.0906659
0.153732
0.288657
0.293048
0.162701
0.0165282
0.0322484
0.119566
0.180182
0.11202
0.112552
0.151409
0.252241
0.111981
0.0620188
0.0499826
0.0667225
0.101541
0.11487
0.0710433
0.211727
0.240935
0.240935
0.138845
0.0325285
0.0402228
0.0778575
0.13948
0.220312
0.240935
0.240935
0.240935
0.240935
0.0450122
0.0808285
0.240935
0.11759
0.115048
0.152136
0.240935
0.204915
0.0932178
0.0301149
0.0543604
0.155389
0.141473
0.240935
0.240935
0.240935
0.158157
0.0512833
0.036717
0.0324915
0.0745424
0.163032
0.219534
0.237144
0.18149
0.224911
0.168957
0.0215729
0.0793344
0.232734
0.239415
0.239415
0.239415
0.104513
0.0515215
0.0409653
0.0290749
0.0588638
0.170829
0.125383
0.213893
0.206478
0.223246
0.107391
0.0339297
0.000808086
0.0926766
0.239415
0.239415
0.239415
0.239415
0.239415
0.0581819
0.046119
0.0324446
0.0849646
0.200562
0.26977
0.26977
0.225952
0.0917273
0.0364664
0.0170442
0.136251
0.26977
0.26977
0.164228
0.150588
0.03548
0.0327587
0.0138765
0.00401499
0.0136642
0.129392
0.26977
0.26977
0.243226
0.26977
0.233952
0.0450306
0.0479156
0.12932
0.26977
0.181211
0.140127
0.130703
0.0903582
0.081198
0.0342796
0.00991879
0.118626
0.284962
0.284962
0.161055
0.143483
0.0377244
0.0390599
0.0194698
0.00621437
0.124921
0.284962
0.284962
0.284962
0.284962
0.284962
0.240847
0.284962
0.0631497
0.103208
0.211939
0.123427
0.100618
0.109874
0.0770699
0.0611062
0.0421628
0.0190257
0.052905
0.0889678
0.0988168
0.142194
0.147714
0.109844
0.131856
0.0999021
0.0452147
0.0495569
0.221913
0.248476
0.179539
0.130812
0.0989654
0.159901
0.0842202
0.0250518
0.0929734
0.210449
0.248476
0.149821
0.236683
0.248476
0.248476
0.191875
0.0723582
0.0286291
0.0329149
0.0310297
0.0730809
0.104159
0.0428303
0.0620577
0.0842672
0.0753728
0.196453
0.248476
0.152702
0.248476
0.248476
0.0579562
0.154793
0.248476
0.248476
0.0719799
0.160547
0.19204
0.0753083
0.151783
0.231644
0.232017
0.161293
0.0864527
0.0514556
0.0789304
0.0366241
0.0629106
0.123294
0.141454
0.162423
0.232017
0.232017
0.181615
0.183007
0.0924702
0.156998
0.232017
0.037816
0.138946
0.232017
0.232017
0.206682
0.175219
0.0559549
0.185193
0.16014
0.0498489
0.224712
0.232017
0.232017
0.0888808
0.262142
0.135184
0.0647291
0.0894864
0.180219
0.262142
0.113286
0.00767277
0.0241655
0.0899649
0.111733
0.071863
0.0807291
0.099751
0.173645
0.0634577
0.0467592
0.262142
0.262142
0.201279
0.170246
0.262142
0.262142
0.262142
0.235576
0.0897746
0.0416507
0.129303
0.182973
0.143058
0.105384
0.262142
0.262142
0.0445313
0.00948122
0.046979
0.0973786
0.178855
0.108267
0.104783
0.118382
0.261159
0.124689
0.0699503
0.0423394
0.0717789
0.0912925
0.0844824
0.261159
0.261159
0.261159
0.134437
0.0442586
0.0471342
0.116103
0.226201
0.212357
0.187899
0.261159
0.261159
0.0752088
0.0179194
0.0388192
0.130324
0.137044
0.246072
0.261159
0.261159
0.241269
0.0400073
0.0142494
0.0552693
0.0881846
0.148356
0.11154
0.24016
0.24016
0.24016
0.113931
0.03874
0.00124177
0.1144
0.24016
0.24016
0.24016
0.24016
0.24016
0.0571411
0.0302748
0.0501927
0.129326
0.152158
0.24016
0.24016
0.24016
0.219714
0.0330688
0.0228066
0.0608206
0.118432
0.146884
0.1899
0.182037
0.175802
0.192844
0.129641
0.0532739
0.0137361
0.145949
0.239249
0.239249
0.239249
0.239249
0.222145
0.0462688
0.0336614
0.153379
0.239249
0.222024
0.169291
0.161425
0.0630785
0.0856781
0.0570453
0.0159966
0.0836496
0.14095
0.195531
0.219197
0.208185
0.224626
0.205516
0.145895
0.0656195
0.128204
0.239249
0.166277
0.145028
0.182362
0.0751334
0.191705
0.154131
0.0279862
0.173282
0.221073
0.221073
0.182219
0.221073
0.0905639
0.113913
0.105535
0.0374448
0.110632
0.160814
0.0842365
0.201593
0.221073
0.221073
0.221073
0.142094
0.0645668
0.136333
0.221073
0.20515
0.160285
0.213285
0.143399
0.221073
0.221073
0.0565735
0.125747
0.174327
0.117746
0.198305
0.221073
0.129438
0.109621
0.102094
0.0996012
0.0593313
0.0270324
0.0141141
0.0627622
0.12822
0.047739
0.0705707
0.0659564
0.0906739
0.26553
0.269549
0.178034
0.269549
0.269549
0.0580978
0.136624
0.222102
0.269549
0.106126
0.0819611
0.033649
0.0615009
0.139702
0.0312998
0.0658177
0.112908
0.17004
0.269549
0.269549
0.0462112
0.144338
0.269549
0.00956594
0.124145
0.269549
0.269549
0.19459
0.163271
0.0916304
0.133805
0.228988
0.0289621
0.0968733
0.175804
0.228988
0.171119
0.156615
0.0620661
0.11991
0.153556
0.0537758
0.189638
0.228988
0.228988
0.228988
0.228988
0.0685466
0.0820735
0.228988
0.00672541
0.0925407
0.227084
0.228988
0.141492
0.228988
0.134791
0.0981295
0.134063
0.111393
0.164514
0.228988
0.179843
0.250832
0.250832
0.193907
0.110617
0.250832
0.152612
0.250832
0.244049
0.134591
0.0351772
0.105733
0.135624
0.107924
0.0817289
0.155998
0.250832
0.0539103
0.00723707
0.250832
0.250832
0.23413
0.150244
0.250832
0.0591809
0.103462
0.162439
0.250832
0.0267022
0.0730852
0.146816
0.111758
0.0650639
0.0699404
0.148148
0.111914
0.0695443
0.0581852
0.147875
0.237358
0.201623
0.169321
0.24703
0.24703
0.121497
0.0143307
0.0561734
0.137132
0.135216
0.201492
0.240459
0.24703
0.24703
0.0652297
0.0275045
0.0455169
0.114664
0.24703
0.187015
0.11592
0.126944
0.24703
0.211247
0.12227
0.0335299
0.0706865
0.24703
0.219575
0.0629945
0.0967837
0.167467
0.163481
0.0389599
0.0820883
0.173369
0.187694
0.240467
0.240467
0.240467
0.240467
0.074136
0.0395384
0.0530446
0.136814
0.160825
0.240467
0.240467
0.240467
0.208838
0.134954
0.0478652
0.0581416
0.0895305
0.240467
0.240467
0.122276
0.123635
0.235135
0.18208
0.0591969
0.0753784
0.161642
0.156746
0.156138
0.150864
0.0968843
0.169259
0.0991256
0.0634282
0.0806881
0.165028
0.221139
0.221139
0.221139
0.221139
0.221139
0.149894
0.0514043
0.170776
0.221139
0.206994
0.21384
0.221139
0.0815884
0.219229
0.181142
0.0396672
0.104583
0.172653
0.196344
0.209772
0.221139
0.105539
0.202132
0.0883592
0.0796585
0.139201
0.202251
0.139871
0.12358
0.170468
0.0940911
0.0566651
0.0888146
0.0974747
0.118503
0.2027
0.187705
0.160728
0.209983
0.102916
0.248443
0.192807
0.0452186
0.126668
0.167488
0.105441
0.17818
0.286041
0.136443
0.107503
0.0674766
0.077563
0.108253
0.169045
0.155215
0.137939
0.18789
0.0652714
0.0469898
0.0694043
0.0819118
0.286041
0.286041
0.140917
0.122582
0.280675
0.0508805
0.0844911
0.114417
0.286041
0.126788
0.0817651
0.0339396
0.0564909
0.153857
0.0372882
0.0812467
0.10234
0.182895
0.269626
0.269626
0.0484733
0.142532
0.269626
0.0069552
0.11297
0.244741
0.269626
0.130978
0.106254
0.0426413
0.0366835
0.0917193
0.0101714
0.0824324
0.245285
0.236653
0.247467
0.23155
0.0537866
0.0819361
0.256351
0.0034348
0.124819
0.269626
0.26379
0.249494
0.249494
0.0872493
0.0984707
0.249494
0.00502729
0.106915
0.217526
0.249494
0.192696
0.249494
0.180622
0.116679
0.168427
0.127693
0.220056
0.249494
0.182174
0.147955
0.14822
0.0454335
0.061593
0.167307
0.00187445
0.124264
0.249494
0.238986
0.170733
0.167275
0.139348
0.14716
0.167404
0.0104045
0.0226952
0.0295896
0.0231728
0.268897
0.268897
0.268897
0.147225
0.268897
0.00932714
0.121825
0.240134
0.268897
0.0341186
0.0838966
0.152304
0.114503
0.0789259
0.0376004
0.136644
0.125893
0.0631629
0.268897
0.234861
0.268897
0.135055
0.268897
0.051634
0.04411
0.104676
0.268897
0.0338982
0.0528753
0.088202
0.151601
0.166354
0.0592073
0.0608969
0.0422397
0.0630222
0.0701936
0.163937
0.233143
0.214758
0.121844
0.0679553
0.233143
0.233143
0.128492
0.0565906
0.0927161
0.233143
0.221474
0.0639959
0.1003
0.197362
0.196003
0.0618836
0.0288526
0.113204
0.13403
0.233143
0.233143
0.148682
0.190712
0.12126
0.166918
0.020847
0.0729728
0.233143
0.203567
0.170127
0.1618
0.233143
0.233143
0.0756402
0.0786443
0.104415
0.234372
0.234372
0.0968774
0.12914
0.234372
0.197607
0.0745851
0.0807429
0.1764
0.16159
0.128391
0.16349
0.136083
0.20451
0.111854
0.0776022
0.0424699
0.10914
0.234372
0.234372
0.196979
0.207986
0.234372
0.234372
0.0899647
0.140895
0.234372
0.234372
0.148175
0.220609
0.0460309
0.134062
0.0773201
0.107768
0.117573
0.208286
0.194956
0.196289
0.224793
0.165152
0.224793
0.115349
0.101042
0.164531
0.19128
0.162331
0.165262
0.193951
0.121284
0.0660826
0.0919836
0.0867676
0.159586
0.224793
0.224793
0.198856
0.224793
0.0732347
0.187984
0.137404
0.175007
0.155218
0.224793
0.187731
0.15792
0.128425
0.0559703
0.0521352
0.149119
0.195434
0.0716985
0.105903
0.0992454
0.0984647
0.123798
0.0454616
0.0305772
0.0399606
0.0434606
0.363911
0.283508
0.0880014
0.104134
0.274625
0.0356124
0.0589657
0.0564332
0.363911
0.0590107
0.111728
0.0901873
0.0729574
0.0770214
0.0268037
0.0303214
0.117245
0.136359
0.363911
0.299028
0.0535261
0.0504778
0.253881
0.0138979
0.00324781
0.0377492
0.363911
0.160428
0.143217
0.0540391
0.0514466
0.129682
0.0134757
0.124678
0.251053
0.251053
0.251053
0.251053
0.0998977
0.120627
0.251053
0.00306557
0.173777
0.251053
0.251053
0.251053
0.13756
0.0357492
0.0315711
0.132487
0.0083289
0.0311986
0.138556
0.251053
0.251053
0.214559
0.099318
0.0737084
0.158533
0.0068641
0.049981
0.140002
0.251053
0.237527
0.237527
0.0890584
0.113338
0.230578
0.00116119
0.225881
0.237527
0.237527
0.237527
0.237527
0.227231
0.237527
0.237423
0.00540365
0.0448134
0.0310488
0.0166
0.21149
0.166798
0.081422
0.0852115
0.132645
0.00726959
0.0710786
0.227262
0.237527
0.0439405
0.184177
0.220809
0.223165
0.12761
0.0184096
0.00775881
0.0198777
0.0111662
