0.0880179
0.112343
0.189343
0.223287
0.224535
0.148869
0.224535
0.210101
0.191311
0.168795
0.111945
0.118891
0.16857
0.224264
0.111889
0.122644
0.153979
0.0964528
0.125924
0.126315
0.14305
0.21741
0.224535
0.20404
0.188063
0.185159
0.209553
0.0691829
0.134305
0.14744
0.11778
0.113065
0.088461
0.103514
0.224535
0.224535
0.205549
0.157519
0.206792
0.211167
0.211167
0.183832
0.154834
0.147389
0.125162
0.119904
0.088508
0.200691
0.198893
0.157494
0.185627
0.185248
0.207208
0.116304
0.0892055
0.211167
0.211167
0.185395
0.197476
0.084788
0.111403
0.211167
0.210576
0.0674077
0.121178
0.171445
0.177008
0.12653
0.102804
0.117772
0.185319
0.141284
0.102255
0.122968
0.220196
0.173114
0.161631
0.189669
0.161338
0.177848
0.144839
0.240439
0.240439
0.172457
0.240439
0.240439
0.1016
0.0701301
0.0708056
0.0769578
0.104911
0.170372
0.190746
0.18285
0.162364
0.0916494
0.10889
0.149411
0.11328
0.139135
0.193711
0.240439
0.240439
0.240439
0.17131
0.100925
0.0665215
0.0465845
0.233056
0.233056
0.143653
0.223691
0.233056
0.0655477
0.048555
0.0653369
0.0731282
0.114303
0.0839298
0.154123
0.205836
0.233056
0.127369
0.154131
0.205274
0.233056
0.153161
0.21099
0.233056
0.233056
0.233056
0.1145
0.0641036
0.0573364
0.0675321
0.14174
0.13233
0.184943
0.151719
0.155431
0.138714
0.0908315
0.127887
0.233056
0.150517
0.106801
0.168605
0.226574
0.256167
0.140877
0.19295
0.256167
0.256167
0.0393462
0.0826196
0.206696
0.15212
0.125097
0.0987767
0.101546
0.11534
0.0694751
0.1888
0.187013
0.230591
0.211579
0.184677
0.174691
0.134363
0.177317
0.256167
0.0210581
0.0976666
0.194628
0.178129
0.118799
0.1026
0.140315
0.122415
0.130179
0.0706499
0.110627
0.21239
0.202928
0.166733
0.134075
0.153523
0.180637
0.136002
0.0973979
0.21239
0.186472
0.21239
0.139663
0.12964
0.161816
0.152283
0.162555
0.0263238
0.127927
0.21239
0.21239
0.160967
0.137694
0.21239
0.176785
0.186457
0.0867829
0.163742
0.15678
0.164531
0.175097
0.129055
0.206442
0.21239
0.21239
0.114539
0.211626
0.170073
0.211626
0.124722
0.137754
0.159385
0.15736
0.166557
0.0874544
0.211626
0.208854
0.211626
0.211626
0.211626
0.128308
0.113521
0.108133
0.0928814
0.164028
0.161491
0.164964
0.174517
0.134878
0.175371
0.194917
0.167308
0.163354
0.210963
0.181568
0.211626
0.211626
0.151712
0.110919
0.125678
0.0737418
0.101514
0.101827
0.125506
0.213609
0.234612
0.190413
0.20549
0.222167
0.21156
0.0657253
0.117223
0.12849
0.126507
0.119526
0.0836737
0.095089
0.22588
0.231088
0.085795
0.0557877
0.0554514
0.119856
0.225437
0.234612
0.234612
0.234612
0.234612
0.121266
0.164184
0.0804684
0.136244
0.197609
0.0964458
0.135442
0.179015
0.201562
0.0765109
0.20143
0.190803
0.187201
0.18729
0.0709712
0.0904749
0.191523
0.187909
0.0821626
0.130715
0.160079
0.188889
0.150208
0.08884
0.0982526
0.153289
0.131049
0.206292
0.219208
0.117183
0.133408
0.219208
0.128403
0.112569
0.219208
0.219208
0.144698
0.219208
0.124767
0.219208
0.219208
0.132505
0.126905
0.195146
0.219208
0.110513
0.175331
0.166769
0.187457
0.182214
0.082801
0.0925572
0.130432
0.113783
0.145276
0.181156
0.222453
0.222453
0.222453
0.125481
0.102563
0.0621737
0.0594669
0.177868
0.222453
0.125623
0.202462
0.222453
0.137374
0.120383
0.178527
0.222453
0.222453
0.222453
0.111992
0.198765
0.222453
0.0693065
0.0653294
0.135281
0.222453
0.196348
0.226705
0.226705
0.226705
0.226705
0.0958863
0.0844687
0.0789688
0.0955632
0.148882
0.157597
0.226705
0.165374
0.169848
0.119694
0.0972752
0.154924
0.226705
0.198194
0.207218
0.110386
0.155789
0.176639
0.0945254
0.0928064
0.16949
0.180197
0.129542
0.163047
0.196761
0.174302
0.222702
0.169316
0.0827733
0.131177
0.164265
0.204916
0.226636
0.236601
0.196276
0.181503
0.133837
0.136193
0.210455
0.236601
0.0164131
0.109797
0.236601
0.213097
0.106187
0.0783827
0.160341
0.116042
0.117604
0.0864311
0.161957
0.200739
0.181027
0.235763
0.231348
0.125811
0.223619
0.190385
0.129695
0.0998066
0.123315
0.172913
0.174188
0.137997
0.0973624
0.0857041
0.0476831
0.0228605
0.131277
0.219404
0.219404
0.139735
0.0995573
0.219404
0.144738
0.153641
0.0847442
0.149214
0.174288
0.161201
0.170576
0.135879
0.219404
0.174994
0.185743
0.117684
0.15162
0.152385
0.219404
0.219404
0.140876
0.163056
0.127471
0.0452804
0.100362
0.215035
0.219404
0.164101
0.219404
0.133111
0.219404
0.219404
0.051241
0.0831446
0.135361
0.173035
0.155646
0.174599
0.131568
0.191772
0.162759
0.140898
0.120843
0.183334
0.187455
0.217152
0.217152
0.156049
0.135518
0.144205
0.078881
0.0795784
0.217152
0.217152
0.15554
0.217152
0.104615
0.217152
0.217152
0.0626289
0.0752598
0.215971
0.217152
0.217152
0.217152
0.153227
0.152176
0.130149
0.0614137
0.0547499
0.0668131
0.0484736
0.0842669
0.152686
0.237472
0.237472
0.237472
0.237472
0.0853369
0.15106
0.0687038
0.133341
0.179161
0.0973704
0.116539
0.132235
0.136396
0.237472
0.235425
0.0886959
0.0728192
0.149422
0.103495
0.0978421
0.237472
0.237472
0.193266
0.237472
0.144656
0.191027
0.193
0.0854057
0.0383919
0.237472
0.237472
0.127692
0.223237
0.0870506
0.124345
0.190841
0.100957
0.0890788
0.153864
0.207198
0.109854
0.173153
0.0815126
0.191617
0.22643
0.100134
0.0932854
0.133848
0.179427
0.22643
0.22643
0.137109
0.173997
0.208208
0.0900611
0.116133
0.22643
0.22643
0.0874565
0.132882
0.12362
0.105969
0.22643
0.207418
0.22643
0.185049
0.182809
0.149674
0.22527
0.0969011
0.17652
0.22527
0.123921
0.102579
0.149569
0.22527
0.22527
0.22527
0.0769776
0.154693
0.188054
0.0418088
0.0595253
0.121853
0.202651
0.140542
0.139247
0.130996
0.10186
0.218529
0.169784
0.22527
0.181563
0.22527
0.22527
0.218341
0.0751808
0.151251
0.22527
0.0411893
0.0190804
0.0205165
0.22527
0.206791
0.225496
0.0934514
0.146384
0.192447
0.080411
0.101764
0.194536
0.210915
0.137977
0.179384
0.193456
0.156586
0.225496
0.195814
0.108175
0.153731
0.160789
0.225496
0.225496
0.106259
0.187259
0.225496
0.0244633
0.0139119
0.0611658
0.225496
0.162259
0.162012
0.225496
0.085513
0.140495
0.148418
0.0862292
0.106911
0.225496
0.103355
0.180908
0.197183
0.163286
0.22167
0.22167
0.147666
0.22167
0.217725
0.142049
0.148699
0.131543
0.18695
0.178806
0.139791
0.11285
0.0941016
0.0556319
0.154256
0.14671
0.22167
0.104104
0.172529
0.172161
0.11548
0.190336
0.22167
0.177616
0.22167
0.22167
0.177398
0.22167
0.0767544
0.099257
0.0606714
0.102121
0.102783
0.167647
0.12713
0.197194
0.214256
0.110084
0.126052
0.107874
0.0472536
0.0951718
0.18742
0.222736
0.169418
0.210327
0.149774
0.222736
0.179602
0.0522558
0.11226
0.21272
0.222736
0.222736
0.222736
0.0605684
0.116607
0.114266
0.122078
0.18146
0.203816
0.128526
0.163842
0.121427
0.113905
0.219197
0.222736
0.222736
0.0883362
0.194721
0.221339
0.183217
0.221339
0.125709
0.221339
0.207063
0.0659958
0.0693309
0.168694
0.221339
0.221339
0.221339
0.169671
0.16293
0.110628
0.0711287
0.165016
0.221339
0.1627
0.207268
0.122774
0.082306
0.205634
0.221339
0.221339
0.123736
0.221339
0.181416
0.0763703
0.0867696
0.0493414
0.0845374
0.112242
0.131589
0.222857
0.212389
0.0948744
0.0693062
0.131009
0.0785169
0.0570201
0.238245
0.238245
0.175704
0.238245
0.102726
0.194131
0.204992
0.0819149
0.0465793
0.228734
0.238245
0.2241
0.0978805
0.0505527
0.0950274
0.185
0.022052
0.0463434
0.204315
0.238245
0.238245
0.148981
0.0371339
0.129947
0.218335
0.0176272
0.0727175
0.203631
0.238245
0.200452
0.241036
0.0976055
0.17362
0.209171
0.0748258
0.0966642
0.241036
0.241036
0.0837998
0.117944
0.0979096
0.09418
0.165284
0.158734
0.183804
0.193965
0.187472
0.241036
0.179019
0.0368158
0.166006
0.241036
0.0190714
0.067161
0.167576
0.241036
0.228545
0.113178
0.0691236
0.0776251
0.118332
0.0439268
0.11187
0.241036
0.241036
0.136049
0.136437
0.117105
0.0933273
0.158474
0.148882
0.241372
0.227361
0.241372
0.238548
0.207991
0.0620475
0.145977
0.241372
0.0316522
0.0227729
0.0275648
0.241372
0.241372
0.189824
0.101051
0.111405
0.162448
0.0402777
0.105357
0.241372
0.241372
0.183142
0.101227
0.04392
0.171638
0.241372
0.0255906
0.0344172
0.121432
0.241372
0.238353
0.238353
0.0938882
0.203818
0.238353
0.0220345
0.0140722
0.073327
0.238353
0.158186
0.157922
0.161122
0.0736933
0.160899
0.196008
0.0968467
0.114259
0.238353
0.230936
0.175375
0.085198
0.238353
0.238353
0.0476266
0.0494778
0.115811
0.238353
0.116189
0.0712661
0.142908
0.193129
0.121898
0.0912801
0.0938006
0.215435
0.238353
0.145727
0.140052
0.165742
0.0944857
0.171574
0.179049
0.103211
0.187495
0.232027
0.181051
0.232027
0.232027
0.154894
0.217949
0.0828259
0.0952018
0.0616273
0.108188
0.121073
0.112774
0.159051
0.18119
0.143854
0.124235
0.133879
0.232027
0.232027
0.232027
0.232027
0.232027
0.166952
0.190343
0.0473907
0.0604135
0.107897
0.166914
0.120248
0.228275
0.228275
0.215896
0.21351
0.0670038
0.0923103
0.111517
0.120539
0.155457
0.203924
0.110537
0.150071
0.12785
0.128206
0.203688
0.228275
0.228275
0.228275
0.228275
0.224789
0.141432
0.169581
0.0653757
0.0736343
0.103111
0.197215
0.114239
0.138937
0.100021
0.05998
0.161578
0.0510115
0.168973
0.228275
0.228275
0.174954
0.2264
0.153101
0.2264
0.161424
0.117646
0.208726
0.2264
0.2264
0.14107
0.216172
0.203315
0.111986
0.12103
0.0590867
0.0835076
0.121522
0.145742
0.121085
0.125309
0.0882024
0.0760987
0.188746
0.0693411
0.170573
0.2264
0.2264
0.191292
0.2264
0.166708
0.180332
0.215392
0.0484396
0.116046
0.140578
0.172393
0.254257
0.134482
0.0841332
0.137462
0.254257
0.0392972
0.0648836
0.254257
0.254257
0.254257
0.21554
0.0532934
0.177203
0.254257
0.0483896
0.103252
0.254257
0.254257
0.138254
0.0643356
0.0338503
0.137216
0.235224
0.0549993
0.0880725
0.149804
0.211608
0.145197
0.0689215
0.0882215
0.154222
0.120679
0.0927141
0.0716211
0.111443
0.254257
0.25451
0.211749
0.0487551
0.168946
0.25451
0.0476295
0.0781496
0.226759
0.25451
0.235782
0.143425
0.0767529
0.0855229
0.105852
0.0423656
0.104564
0.25451
0.25451
0.147507
0.0832808
0.0899572
0.157273
0.122504
0.0882519
0.0882676
0.141791
0.230504
0.248548
0.160904
0.0988447
0.119004
0.11163
0.0290146
0.0864463
0.25451
0.25451
0.247803
0.187148
0.0906157
0.0928716
0.133644
0.0347347
0.0668864
0.247803
0.247803
0.144583
0.087406
0.0338444
0.149489
0.247803
0.0213865
0.033154
0.100287
0.247803
0.247803
0.199858
0.104022
0.129777
0.157039
0.0242571
0.0910024
0.247803
0.247803
0.199213
0.0613902
0.0268006
0.195587
0.247803
0.00213131
0.0437019
0.247803
0.247803
0.206058
0.166361
0.0697935
0.237859
0.253463
0.0460541
0.0596694
0.112512
0.253463
0.108737
0.0714687
0.110217
0.162144
0.145995
0.108578
0.100337
0.188658
0.253463
0.253463
0.144953
0.0529867
0.253463
0.253463
0.0151155
0.0709674
0.180008
0.253463
0.0728238
0.102483
0.0483597
0.132409
0.124706
0.0840743
0.134053
0.253463
0.253463
0.103161
0.0976422
0.125074
0.153513
0.154846
0.124071
0.127816
0.206566
0.226922
0.226922
0.226922
0.226922
0.170098
0.226922
0.0674885
0.0700576
0.0928396
0.150074
0.0836118
0.199575
0.0873848
0.157358
0.155839
0.0847848
0.167804
0.184737
0.211139
0.203848
0.226922
0.226922
0.166145
0.226922
0.048184
0.0457959
0.134619
0.226922
0.216272
0.234642
0.224254
0.155816
0.215633
0.0935419
0.0790823
0.102707
0.16917
0.0856263
0.145032
0.131164
0.0732954
0.144361
0.0505497
0.159155
0.234642
0.234642
0.211455
0.234642
0.234642
0.211748
0.234642
0.0520732
0.0888182
0.110507
0.206698
0.136696
0.201955
0.099243
0.0933279
0.0916263
0.0943474
0.234642
0.154101
0.136969
0.0953664
0.124958
0.121673
0.0867033
0.169014
0.0745729
0.164556
0.226918
0.226918
0.165156
0.199578
0.189868
0.186429
0.226918
0.0623505
0.106424
0.160821
0.156812
0.13826
0.226918
0.166489
0.120764
0.12524
0.147845
0.226918
0.215074
0.10824
0.143073
0.144638
0.169638
0.124494
0.226918
0.226918
0.143413
0.226918
0.114382
0.117662
0.0639936
0.0365657
0.165999
0.243547
0.0820833
0.104155
0.171121
0.229987
0.0897009
0.0900079
0.120044
0.162747
0.22271
0.184034
0.100468
0.127791
0.243547
0.154497
0.0724328
0.0197512
0.0861311
0.237224
0.206166
0.243547
0.188433
0.191183
0.13446
0.181011
0.071919
0.189063
0.243547
0.243547
0.189746
0.194395
0.128741
0.0924866
0.120694
0.12959
0.163531
0.207943
0.173513
0.128616
0.153696
0.245617
0.240325
0.176042
0.116518
0.136002
0.138104
0.0485243
0.0972332
0.245617
0.245617
0.0825775
0.106195
0.0613891
0.171226
0.245617
0.214896
0.19532
0.214943
0.128926
0.092973
0.109584
0.137779
0.147637
0.182662
0.133408
0.136585
0.192105
0.245617
0.227619
0.190525
0.103774
0.125871
0.163777
0.0288188
0.0865976
0.264502
0.266042
0.227677
0.0735512
0.022699
0.187015
0.266042
0.00174888
0.0315641
0.197913
0.266042
0.0993585
0.0693122
0.103036
0.141269
0.1238
0.0904058
0.116856
0.171768
0.266042
0.266042
0.0192154
0.00807965
0.172259
0.266042
0.00962619
0.0120099
0.0977578
0.266042
0.213577
0.118299
0.0383313
0.23345
0.281211
0.00926256
0.0460743
0.102377
0.281211
0.0722671
0.0814113
0.0504491
0.0794915
0.102317
0.0632487
0.090005
0.170952
0.21454
0.281211
0.0365447
0.0184225
0.21892
0.281211
0.00794433
0.0119899
0.0930501
0.281211
0.104646
0.281211
0.281211
0.274206
0.120742
0.0375641
0.0266613
0.0584709
0.186847
0.0806976
0.146583
0.103316
0.13243
0.156855
0.0790177
0.136401
0.160331
0.169192
0.162406
0.230554
0.21262
0.186842
0.264819
0.0656239
0.0530471
0.112224
0.264819
0.0696192
0.264819
0.264819
0.264819
0.182534
0.0557858
0.0422471
0.0544612
0.0536159
0.0583272
0.0987012
0.264819
0.264819
0.264819
0.16814
0.0715691
0.0220192
0.0606883
0.173586
0.258071
0.258071
0.246154
0.258071
0.075764
0.0817553
0.102876
0.186467
0.0924221
0.194195
0.11088
0.110201
0.117049
0.109954
0.237568
0.156353
0.11741
0.0668431
0.0757957
0.258071
0.258071
0.258071
0.172929
0.0756227
0.0188845
0.0377439
0.0264069
0.0429515
0.0108405
0.0904465
0.258071
0.258071
0.24418
0.0916416
0.0325931
0.0910398
0.237397
0.167763
0.136351
0.125768
0.146936
0.249851
0.202177
0.081802
0.141211
0.136425
0.158891
0.110222
0.258865
0.251402
0.135452
0.190281
0.106131
0.0303436
0.0566865
0.0250183
0.106838
0.275718
0.275718
0.241857
0.0887002
0.0210317
0.0537747
0.0950844
0.15462
0.181628
0.275718
0.275718
0.0995818
0.0564724
0.0155859
0.12017
0.0700629
0.0213979
0.108655
0.243174
0.235186
0.243174
0.200127
0.178191
0.170546
0.233395
0.085158
0.161927
0.243174
0.243174
0.208956
0.19282
0.115148
0.0285133
0.022993
0.0185437
0.196856
0.243174
0.243174
0.236176
0.0884588
0.0447536
0.0849756
0.215065
0.0555417
0.10983
0.243174
0.17289
0.0968548
0.0376116
0.029185
0.0961982
0.139781
0.0741345
0.164887
0.230822
0.230822
0.203021
0.201099
0.110102
0.085168
0.124871
0.1487
0.145611
0.211679
0.135043
0.132998
0.188892
0.230822
0.0509483
0.19211
0.118545
0.112829
0.230822
0.139938
0.0639917
0.0324065
0.0353311
0.121343
0.181056
0.230822
0.212999
0.230822
0.219033
0.133257
0.230822
0.195831
0.0741079
0.0719479
0.100541
0.143155
0.154169
0.0804881
0.102454
0.163246
0.259278
0.259278
0.0339601
0.00877903
0.165964
0.259278
0.00738591
0.018913
0.071714
0.259278
0.110837
0.162023
0.259278
0.170373
0.241596
0.149767
0.106782
0.226909
0.195381
0.259278
0.0842046
0.0288091
0.143094
0.259278
0.066091
0.128855
0.209791
0.208872
0.271772
0.058005
0.0511582
0.207027
0.271772
0.00795061
0.0116333
0.0993048
0.271772
0.121621
0.264607
0.271772
0.198994
0.0889736
0.0341547
0.0186835
0.0530951
0.169052
0.271772
0.139009
0.0798297
0.171186
0.271772
0.0544325
0.119766
0.242191
0.22678
0.0784856
0.132434
0.271772
0.124825
0.17049
0.022443
0.0482056
0.0527444
0.0498979
0.116426
0.297222
0.297222
0.297222
0.200457
0.0694661
0.0298183
0.0848151
0.0590542
0.0855627
0.0944758
0.288751
0.297222
0.297222
0.20511
0.0815525
0.0190587
0.0850079
0.132434
0.287487
0.297222
0.191953
0.297222
0.0275415
0.0436028
0.0513113
0.0443307
0.00713945
0.0392004
0.0422151
0.0276052
0.0381214
0.0660211
0.0288635
0.0186665
0.011296
0.141281
0.0912856
0.349304
0.349304
0.349304
0.298672
0.11573
0.0280623
0.0784547
0.0263615
0.0912314
0.0170656
0.166486
0.349304
0.349304
0.349304
0.200629
0.0682628
0.00839242
0.0453417
0.043085
0.0293741
0.052261
0.100015
0.043133
0.0273347
0.0179492
0.00284137
0.0107846
0.0120553
0.0283312
0.118619
0.107726
0.0253512
0.0144992
0.00597499
0.0371254
0.107166
0.0423817
0.198626
0.345683
0.345683
0.345683
0.171995
0.0385106
0.101166
0.193117
0.253136
0.246697
0.345683
0.345683
0.180456
0.050958
0.0281307
0.00285962
0.00453132
0.0126627
0.0320805
0.133822
0.112132
0.0240261
0.00835169
0.0088225
0.014465
0.00861725
0.027171
0.0935842
0.229808
0.11428
0.0222634
0.0118143
0.0145243
0.00989193
0.0392519
0.0341622
0.289201
0.289201
0.289201
0.289201
0.154938
0.0461344
0.224345
0.289201
0.116352
0.188733
0.289201
0.210332
0.132425
0.0495166
0.0509452
0.0114171
0.0244898
0.0280376
0.136543
0.224666
0.237333
0.152228
0.0880852
0.0446242
0.00752451
0.0166218
0.0160214
0.175237
0.289201
0.158554
0.0505478
0.0170629
0.0109424
0.108361
0.257605
0.168897
0.166903
0.257605
0.143837
0.0722768
0.0379763
0.0527882
0.19019
0.257605
0.257605
0.257605
0.257605
0.22957
0.171668
0.257605
0.257605
0.00435221
0.0222542
0.0427582
0.173089
0.257605
0.121513
0.0173746
0.0133918
0.0126082
0.0759559
0.0402786
0.155845
0.190079
0.251012
0.0750267
0.0320549
0.0292066
0.0106246
0.128689
0.182523
0.250102
0.168404
0.250102
0.112979
0.100259
0.250102
0.228547
0.250102
0.179704
0.081116
0.179487
0.250102
0.0539015
0.140999
0.250102
0.243639
0.0292247
0.0366585
0.115901
0.139857
0.157829
0.0455979
0.0261369
0.0279035
0.0160224
0.250102
0.250102
0.176598
0.17903
0.250102
0.0292499
0.0315655
0.032339
0.0220002
0.263041
0.259366
0.174324
0.241774
0.263041
0.0448301
0.125554
0.263041
0.263041
0.112531
0.186692
0.263041
0.13389
0.156237
0.0290121
0.0738589
0.086395
0.0669829
0.263041
0.263041
0.193419
0.213783
0.263041
0.0462697
0.0512535
0.058571
0.042099
0.0921464
0.113272
0.0429291
0.0577368
0.109559
0.0641034
0.0831241
0.138577
0.0517439
0.338221
0.342764
0.342764
0.342764
0.342764
0.0578306
0.109226
0.162867
0.1039
0.0179286
0.0564323
0.0405971
0.0427033
0.0772859
0.113769
0.0435874
0.0436831
0.0325635
0.0621017
0.101012
0.0963794
0.159744
0.175409
0.16131
0.188936
0.263219
0.104744
0.0502593
0.174086
0.0925518
0.0885418
0.148778
0.115205
0.0976389
0.122056
0.040193
0.0396217
0.140803
0.112537
0.109244
0.180996
0.23586
0.118651
0.109422
0.0819084
0.0180719
0.0443988
0.0487403
0.108209
0.210387
0.23586
0.0888272
0.0376391
0.0274378
0.157153
0.23586
0.23586
0.23586
0.23586
0.23586
0.23586
0.23586
0.0844408
0.121993
0.23586
0.124004
0.173458
0.23586
0.23586
0.23586
0.0373431
0.0320017
0.0259075
0.0376085
0.0526807
0.127759
0.239292
0.239462
0.0881618
0.0250412
0.0269993
0.0633899
0.0337937
0.0617568
0.246263
0.246263
0.246263
0.0805096
0.0498758
0.040312
0.142572
0.246263
0.165206
0.17391
0.246263
0.246263
0.246263
0.0460703
0.0506909
0.121197
0.246263
0.170743
0.156271
0.229215
0.246263
0.246263
0.143883
0.0707229
0.0170315
0.100762
0.127365
0.221833
0.276738
0.276738
0.276738
0.172116
0.0875014
0.0166922
0.0381202
0.0528296
0.276738
0.276738
0.276738
0.10462
0.0485987
0.0336079
0.090175
0.276738
0.2043
0.122365
0.175974
0.140837
0.172507
0.0760851
0.0465307
0.0917024
0.08205
0.0616117
0.133987
0.276738
0.176465
0.0962751
0.119328
0.101573
0.0150516
0.0529672
0.11298
0.300897
0.300897
0.300897
0.0475162
0.0469376
0.0412657
0.138403
0.0930943
0.300897
0.300897
0.300897
0.0918787
0.0596951
0.0124396
0.00523613
0.116574
0.111718
0.101934
0.168931
0.300897
0.16189
0.0658146
0.104718
0.102088
0.0921175
0.0937316
0.130879
0.193491
0.280516
0.147093
0.077779
0.0914365
0.0275187
0.0263617
0.0451187
0.142981
0.147465
0.164894
0.0251294
0.0222442
0.0305342
0.0125114
0.308642
0.308642
0.308642
0.304003
0.308642
0.0294895
0.0295772
0.0517029
0.0344795
0.0538942
0.0509683
0.0410799
0.0612421
0.0783507
0.0365762
0.0173887
0.0237054
0.0325356
0.308642
0.308642
0.252928
0.247927
0.308642
0.0393774
0.0343359
0.0372757
0.10455
0.292736
0.292736
0.292736
0.292736
0.292736
0.043373
0.0456527
0.0970924
0.0524108
0.104143
0.173536
0.0688574
0.0659236
0.106754
0.0740635
0.0986351
0.18053
0.0672015
0.292736
0.292736
0.242707
0.236747
0.292736
0.0398855
0.0351023
0.0420261
0.13675
0.0379127
0.0460375
0.0338057
0.0364616
0.0975829
0.0866373
0.0707847
0.119703
0.0624254
0.143409
0.183616
0.0914962
0.180534
0.166152
0.183279
0.233982
0.233982
0.141102
0.0742389
0.196926
0.130564
0.124983
0.227207
0.143312
0.12001
0.165837
0.0768883
0.0748583
0.0600017
0.0523022
0.0625073
0.1116
0.167016
0.158565
0.233982
0.233982
0.169128
0.233982
0.121399
0.118997
0.233982
0.0520817
0.233982
0.233982
0.217208
0.111465
0.207806
0.164733
0.169935
0.222637
0.152973
0.1433
0.142329
0.0794013
0.0671795
0.187247
0.0757797
0.109823
0.158262
0.147975
0.150364
0.0225242
0.0148858
0.211733
0.245119
0.145611
0.164227
0.245119
0.0875552
0.245119
0.245119
0.245119
0.0500708
0.245119
0.242821
0.0426857
0.0757145
0.217671
0.245119
0.0445712
0.0317533
0.106824
0.223229
0.108524
0.131002
0.166114
0.221249
0.217493
0.0332031
0.0201134
0.0838889
0.207444
0.106286
0.109394
0.166563
0.254148
0.219257
0.120169
0.0392129
0.0651784
0.254148
0.254148
0.0600904
0.0749695
0.254148
0.254148
0.0684324
0.055427
0.04685
0.254148
0.254148
0.161865
0.0627759
0.181949
0.254148
0.12542
0.0140674
0.0659044
0.262493
0.262493
0.159159
0.182045
0.138221
0.145323
0.0501497
0.0415716
0.0726685
0.0738182
0.0931669
0.145465
0.242744
0.223964
0.0896146
0.111275
0.0869215
0.123388
0.262493
0.262493
0.262493
0.262493
0.227207
0.097367
0.0258542
0.0201485
0.0195942
0.0534446
0.127556
0.262493
0.262493
0.237573
0.0873858
0.0378817
0.0380647
0.111075
0.139645
0.16882
0.216746
0.261355
0.261355
0.0837021
0.109934
0.0982638
0.0676281
0.104925
0.14146
0.196658
0.261355
0.191242
0.0909558
0.0767584
0.02732
0.0337599
0.0963392
0.151768
0.261355
0.261355
0.261355
0.11617
0.0630378
0.0393533
0.111065
0.249053
0.0831482
0.186211
0.261355
0.1809
0.0668253
0.164235
0.16568
0.0431742
0.075868
0.0586006
0.0591845
0.0870019
0.0449581
0.0223272
0.0240049
0.0287088
0.229193
0.302258
0.302258
0.302258
0.302258
0.0489671
0.0288563
0.0482474
0.112433
0.152507
0.287983
0.191544
0.0819361
0.157173
0.0356008
0.0233215
0.0524957
0.0329618
0.302258
0.302258
0.302258
0.136145
0.235972
0.0228739
0.0400112
0.0702576
0.049764
0.239218
0.327582
0.327582
0.267779
0.327582
0.0456776
0.0323925
0.0580867
0.130835
0.0290199
0.0449661
0.0478607
0.0416244
0.102077
0.0737716
0.0692431
0.121303
0.0658842
0.327582
0.327582
0.327582
0.164323
0.279621
0.0211791
0.0493819
0.0779324
0.0519042
0.0175134
0.0108096
0.0267833
0.0822227
0.0546351
0.0544837
0.0967147
0.106739
0.074407
0.0785815
0.063049
0.0497652
0.0453223
0.114296
0.13062
0.149764
0.230904
0.230904
0.16261
0.230904
0.105337
0.118598
0.230904
0.0449839
0.230904
0.230904
0.220247
0.0603926
0.0254995
0.0560781
0.16347
0.142078
0.120489
0.208956
0.230904
0.230904
0.157322
0.230904
0.134744
0.167475
0.230904
0.0519723
0.162192
0.177907
0.230904
0.173341
0.23539
0.0988797
0.12011
0.228112
0.0538893
0.222263
0.23539
0.23539
0.0480408
0.23539
0.185951
0.0345654
0.0466353
0.14389
0.23539
0.0549463
0.0267319
0.147434
0.23539
0.129477
0.191628
0.23539
0.0571235
0.164296
0.21587
0.23539
0.0264897
0.162786
0.23539
0.23539
0.0716157
0.0636726
0.168632
0.072845
0.0206287
0.073744
0.254189
0.254189
0.0590241
0.0553834
0.228035
0.254189
0.0827378
0.0477547
0.0426724
0.254189
0.254189
0.123525
0.0650769
0.162803
0.254189
0.144086
0.0150455
0.0244391
0.169125
0.254189
0.254189
0.0806598
0.104793
0.245178
0.0843319
0.0328956
0.010936
0.0972229
0.254189
0.0568226
0.230695
0.254189
0.158511
0.0723319
0.02421
0.0920756
0.26078
0.26078
0.26078
0.26078
0.253362
0.10118
0.0175288
0.0151771
0.0176825
0.064757
0.141284
0.26078
0.26078
0.243488
0.0623698
0.0398672
0.0352305
0.039859
0.0900002
0.128407
0.240371
0.23068
0.26078
0.117759
0.0211388
0.0381461
0.0153811
0.0727343
0.179839
0.26078
0.26078
0.142184
0.0517471
0.0122874
0.0131118
0.0158092
0.0803249
0.132647
0.294247
0.294247
0.254298
0.073476
0.0416318
0.0249596
0.0968502
0.130624
0.0729594
0.229901
0.294247
0.153894
0.0468615
0.0824211
0.104086
0.0150348
0.0717999
0.175738
0.2656
0.28918
0.177367
0.0655588
0.0145029
0.0206683
0.105723
0.110529
0.241021
0.294247
0.294247
0.0680247
0.0659773
0.0642644
0.144302
0.128677
0.267926
0.154595
0.109076
0.226129
0.0451218
0.0264763
0.0417473
0.0253257
0.26195
0.267926
0.267926
0.160567
0.258902
0.0284474
0.0386307
0.0734022
0.0398466
0.0972931
0.267926
0.199028
0.211088
0.267926
0.0306154
0.0272362
0.0250653
0.0471838
0.108366
0.267926
0.266485
0.150453
0.267926
0.0954313
0.0270657
0.0285995
0.0630179
0.329935
0.329935
0.329935
0.19343
0.301708
0.0256259
0.0496471
0.0856087
0.0356157
0.0163922
0.0097624
0.0362902
0.0683834
0.0613438
0.0501174
0.0983544
0.140121
0.0654666
0.180623
0.329935
0.329935
0.179119
0.329935
0.0945165
0.0431877
0.0472155
0.0732962
0.0257315
0.0434037
0.0459008
0.111746
0.097642
0.10089
0.102365
0.124079
0.120968
0.0475158
0.0249744
0.0684691
0.128112
0.133402
0.0959659
0.172876
0.220351
0.220351
0.184674
0.220351
0.119755
0.150632
0.220351
0.0593551
0.112748
0.131473
0.218461
0.0946835
0.0986341
0.0984508
0.220351
0.220351
0.19038
0.181915
0.220351
0.220351
0.198195
0.220351
0.220351
0.184378
0.220351
0.0976556
0.114331
0.143278
0.136037
0.160492
0.188169
0.116579
0.144623
0.24079
0.0546149
0.123868
0.1408
0.24079
0.0288024
0.135167
0.24079
0.156915
0.0702656
0.103687
0.185779
0.0667709
0.0202277
0.211513
0.24079
0.24079
0.200971
0.24079
0.106596
0.131041
0.170018
0.174032
0.0427928
0.0786871
0.24079
0.24079
0.127187
0.132189
0.24079
0.174963
0.0206565
0.0214105
0.146061
0.283648
0.205671
0.0740834
0.118774
0.221273
0.0712244
0.0272194
0.00836983
0.078541
0.191991
0.0690979
0.224995
0.220396
0.111218
0.0508787
0.0217967
0.0510265
0.0820508
0.283648
0.283648
0.15231
0.192047
0.283648
0.193501
0.0403509
0.0147118
0.0309119
0.0746136
0.283648
0.283648
0.248949
0.196156
0.0247565
0.00195739
0.0346099
0.0873738
0.17449
0.261965
0.261965
0.261965
0.112771
0.0236448
0.034175
0.0183568
0.0806742
0.197372
0.261965
0.261965
0.21086
0.0568783
0.0225958
0.0142319
0.068994
0.195134
0.219467
0.261965
0.261965
0.150662
0.0991744
0.0496778
0.0294137
0.046217
0.148762
0.152679
0.191
0.261965
0.22537
0.196751
0.0454552
0.0236693
0.0117938
0.0594006
0.150816
0.290917
0.301187
0.211942
0.0610028
0.0172632
0.0162483
0.141715
0.088166
0.190108
0.301187
0.301187
0.184523
0.0929008
0.0412797
0.115759
0.041397
0.112706
0.12677
0.197457
0.301187
0.183149
0.194283
0.0381192
0.0222843
0.0327165
0.0378673
0.107181
0.157686
0.272773
0.27347
0.135705
0.0616101
0.0462766
0.106709
0.284041
0.16336
0.229948
0.284041
0.0736703
0.0416898
0.0232738
0.0426039
0.107147
0.284041
0.284041
0.181663
0.284041
0.0969492
0.0442839
0.0374375
0.0527844
0.0175461
0.0612663
0.105356
0.0962049
0.166365
0.101058
0.0559714
0.0407668
0.0341409
0.0771527
0.275146
0.284041
0.281348
0.284041
0.0888868
0.0460529
0.106102
0.156141
0.1495
0.292749
0.292749
0.18817
0.292749
0.079891
0.0468404
0.0518163
0.0516836
0.0238937
0.0355526
0.0535569
0.110646
0.102916
0.0810781
0.0976618
0.177645
0.103761
0.0693071
0.29032
0.292749
0.287271
0.292749
0.0737508
0.0461625
0.1051
0.114243
0.0404996
0.199318
0.167018
0.165614
0.254385
0.0938769
0.0658443
0.164639
0.0942793
0.0785227
0.0922752
0.11038
0.214949
0.235123
0.140768
0.135098
0.235123
0.16596
0.189414
0.235123
0.217465
0.15421
0.20566
0.0934929
0.087468
0.122659
0.0950779
0.129632
0.235123
0.235123
0.235123
0.235123
0.155431
0.112029
0.210287
0.107368
0.154171
0.235123
0.235123
0.103721
0.156769
0.0269604
0.033739
0.0547951
0.0286854
0.245947
0.245947
0.245947
0.213884
0.245947
0.13959
0.1243
0.128503
0.136856
0.0423084
0.0897978
0.245947
0.245947
0.175656
0.202302
0.245947
0.169972
0.0132881
0.245947
0.245947
0.245947
0.157077
0.243169
0.0337461
0.0419628
0.0261652
0.0246828
0.0379545
0.0470204
0.0811366
0.192925
0.127389
0.0992566
0.069547
0.0292892
0.035298
0.04095
0.0855298
0.273885
0.273885
0.20219
0.251011
0.273885
0.163686
0.0209116
0.0122386
0.0354318
0.0651577
0.273885
0.273885
0.271348
0.238421
0.054278
0.0062534
0.0302236
0.0367637
0.0979312
0.232228
0.174121
0.130256
0.0826647
0.034255
0.031314
0.0282902
0.0970138
0.0998212
0.195554
0.273885
0.156593
0.236545
0.0933363
0.0322378
0.0467055
0.142678
0.199866
0.266506
0.295415
0.143815
0.0752438
0.0313235
0.0201522
0.0327076
0.0869606
0.116806
0.173248
0.295415
0.233727
0.136193
0.0319919
0.0194754
0.0194679
0.0369209
0.0673107
0.249069
0.295415
0.276287
0.108435
0.0389273
0.00657477
0.0207259
0.074732
0.138448
0.275713
0.295415
0.295415
0.127894
0.00449243
0.00151789
0.0366068
0.0852956
0.109998
0.212217
0.274288
0.223002
0.159855
0.0277956
0.0160713
0.0340916
0.040689
0.096695
0.153105
0.274288
0.274288
0.153556
0.0623909
0.0348813
0.0248975
0.0789138
0.142468
0.274288
0.274288
0.274288
0.185464
0.00869586
0.00139225
0.0334634
0.0464656
0.201841
0.234302
0.274288
0.274288
0.0706696
0.114894
0.114182
0.0146383
0.0288501
0.106858
0.0984699
0.179455
0.126974
0.0608029
0.040681
0.0244677
0.10967
0.291683
0.300511
0.241387
0.300511
0.0860418
0.0528678
0.0951074
0.134646
0.0115533
0.020587
0.0805051
0.113841
0.242798
0.151108
0.0357855
0.0475051
0.0556559
0.231919
0.300511
0.0241134
0.300511
0.300511
0.0477301
0.0536373
0.145023
0.300511
0.0857533
0.24964
0.260248
0.22346
0.260248
0.0577693
0.0398898
0.0840194
0.0843691
0.0618524
0.164204
0.113571
0.134225
0.208579
0.0653299
0.053662
0.160857
0.0786556
0.189786
0.260248
0.0541616
0.260248
0.260248
0.0584835
0.0536436
0.107491
0.260248
0.181056
0.229885
0.164721
0.0809641
0.234527
0.0258293
0.0526338
0.09057
0.260248
0.115372
0.237914
0.177247
0.206162
0.309674
0.0863861
0.0640219
0.140135
0.0622128
0.103196
0.178514
0.122247
0.0695657
0.134504
0.0207872
0.0261937
0.0420223
0.0132382
0.226315
0.31423
0.21665
0.0928731
0.328444
0.0474372
0.0761968
0.113398
0.284765
0.0282651
0.0486749
0.0684958
0.278622
0.328444
0.0652282
0.0849836
0.0564442
0.135334
0.155662
0.234734
0.189631
0.104738
0.194871
0.030635
0.027162
0.00331572
0.000584671
0.0157111
0.0202364
0.0317409
0.104481
0.121661
0.0633238
0.0306175
0.0119857
0.0185579
0.0162932
0.0313575
0.040908
0.342164
0.497083
0.104615
0.11928
0.0725289
0.187884
0.00785572
0.0322274
0.038969
0.201395
0.497083
0.278542
0.0228495
0.0021071
0.00734404
0.0101229
0.0119356
0.043301
0.129323
0.146112
0.0736484
0.0328659
0.0109705
0.0116129
0.0115342
0.045283
0.0440389
0.119115
0.227686
0.10623
0.164133
0.0668637
0.0187721
0.00677265
0.0193347
0.0297161
0.222072
0.552794
0.261074
0.0223875
0.00526531
0.0168972
0.00240464
0.00976202
0.0583168
0.200954
0.552794
0.225371
0.111837
0.0420973
0.0117362
0.0152054
0.0312066
0.0774042
0.247566
0.275998
0.275998
0.139472
0.0427961
0.00775836
0.0196726
0.0805019
0.165974
0.275998
0.275998
0.275998
0.118856
0.00520031
0.00212089
0.0101977
0.0344479
0.125143
0.1745
0.275998
0.240917
0.200466
0.0561274
0.0169261
0.0121588
0.0974286
0.23312
0.224707
0.275998
0.229622
0.0910424
0.0616282
0.00376774
0.0254544
0.0896744
0.173542
0.260076
0.260076
0.260076
0.152798
0.00369544
0
0.0279815
0.0506541
0.201947
0.248773
0.260076
0.244367
0.09802
0.119485
0.0985304
0.0177453
0.111168
0.260076
0.260076
0.260076
0.182334
0.0608099
0.0404718
0.00540302
0.00852347
0.0320603
0.129484
0.228914
0.260076
0.159017
0.17834
0.125873
0.0538557
0.0110007
0.025685
0.0865212
0.119578
0.217952
0.114972
0.0395878
0.0462797
0.0495874
0.284155
0.313817
0.051914
0.313817
0.313817
0.0341874
0.0398557
0.103048
0.313817
0.0103699
0.0225637
0.0811481
0.124105
0.159851
0.0647777
0.0495643
0.0469119
0.0234379
0.313817
0.313817
0.112198
0.156482
0.313817
0.0240402
0.0258627
0.0369659
0.164666
0.233413
0.260878
0.0646036
0.231542
0.260878
0.0397722
0.0362603
0.0770403
0.248649
0.218436
0.260878
0.146133
0.0727814
0.216529
0.0180756
0.0408855
0.0837383
0.260878
0.260878
0.260878
0.109518
0.104249
0.260878
0.0226106
0.0145668
0.03553
0.145469
0.21602
0.108323
0.0264681
0.0173446
0.0919896
0.00255151
0.0162927
0.16796
0.260878
0.27342
0.32086
0.184019
0.0831324
0.32086
0.037415
0.0617144
0.111518
0.308163
0.0612542
0.0687218
0.0479882
0.240576
0.32086
0.0548382
0.0700965
0.0491677
0.135561
0.189487
0.0796876
0.048315
0.010487
0.02799
0.0148821
0.0446374
0.173711
0.32086
0.101261
0.0557481
0.0195607
0.0498648
0.197233
0.042878
0.0909692
0.128898
0.32086
0.0391324
0.0392173
0.0277225
0.292774
0.438188
0.092539
0.104366
0.0650719
0.184675
0.0184314
0.0346133
0.0388897
0.172086
0.438188
0.231358
0.0367524
0.014359
0.0132824
0.103061
0.0545436
0.0272531
0.0613912
0.20045
0.0697886
0.137558
0.124344
0.36972
0.0639605
0.0696065
0.070925
0.150224
0.283185
0.121247
0.0831202
0.0793857
0.0428267
0.0110334
0.0273248
0.0414459
0.197099
0.482897
0.210592
0.0346224
0.0166567
0.0164497
0.00697964
0.0109873
0.0465506
0.191461
0.482897
0.19999
0.100235
0.0264102
0.0321076
0.0351163
0.0507834
0.088978
0.131463
0.297481
0.123953
0.0918545
0.0827594
0.0639503
0.0523394
0.0539891
0.1228
0.173073
0.270855
0.159827
0.15352
0.0955676
0.144162
0.0449865
0.0298185
0.0771111
0.113981
0.22702
0.169935
0.148086
0.0446132
0.0238117
0.101765
0.0876438
0.136178
0.15775
0.324584
0.135081
0.0608847
0.0823623
0.0936035
0.324584
0.0792053
0.0257903
0.122821
0.324584
0.0768446
0.08733
0.0945018
0.219186
0.324584
0.122179
0.0215694
0.140259
0.324584
0.0408861
0.0373649
0.107195
0.324584
0.146588
0.109492
0.176597
0.189825
0.365354
0.11349
0.0387189
0.0782338
0.108935
0.00903649
0.027697
0.0916512
0.137427
0.17325
0.0927144
0.111967
0.0755913
0.0252804
0.393919
0.184335
0.0320829
0.199344
0.393919
0.0348746
0.0349524
0.0967949
0.393919
0.21168
0.123694
0.0954338
0.0671894
0.118793
0.0175948
0.0350432
0.0549848
0.0578327
0.0114635
0.0258691
0.0881402
0.11451
0.137695
0.0547513
0.0489922
0.0404795
0.0187654
0.312833
0.312833
0.165294
0.138062
0.312833
0.0206942
0.0182083
0.0170357
0.133987
0.155918
0.140796
0.216042
0.0694658
0.174435
0.0315308
0.0242075
0.0321139
0.0247875
0.312833
0.312833
0.312833
0.216341
0.312833
0.0806862
0.026169
0.107635
0.0816278
0.281652
0.281652
0.148797
0.0926274
0.281652
0.0171474
0.00982193
0.0213192
0.136187
0.231829
0.124052
0.0267399
0.0170975
0.0712207
0.00267301
0.0153938
0.140492
0.281652
0.281652
0.281652
0.281652
0.183706
0.281652
0.0954613
0.0327736
0.0585737
0.0736972
0.185856
0.0874218
0.0235623
0.0100529
0.029592
0.034142
0.0499234
0.201424
0.281652
0.294678
0.138307
0.0569751
0.0130471
0.0252982
0.0235093
0.0775456
0.239845
0.294678
0.190527
0.117518
0.0258569
0.0540985
0.177681
0.064787
0.135349
0.180874
0.294678
0.189949
0.0577346
0.0117082
0.0155692
0.0344374
0.121001
0.177242
0.28411
0.294678
0.132255
0.0879576
0.118781
0.110455
0.0701557
0.142116
0.210395
0.22218
0.294678
0.18079
0.120043
0.0498271
0.0728379
0.173838
0.105979
0.218636
0.2032
0.238269
0.115285
0.12223
0.14011
0.196395
0.191694
0.166826
0.141279
0.127299
0.086833
0.0893815
0.0995954
0.128229
0.150311
0.108542
0.197711
0.238269
0.229265
0.238269
0.0237272
0.0986317
0.157419
0.237239
0.238269
0.238269
0.193487
0.12591
0.176002
0.0636059
0.104063
0.179333
0.173423
0.206435
0.16294
0.152558
0.139698
0.0978197
0.0811347
0.0790165
0.174267
0.213771
0.208118
0.2185
0.2185
0.142847
0.2185
0.0165942
0.105929
0.173101
0.2185
0.2185
0.2185
0.188159
0.138214
0.193087
0.0181166
0.0831471
0.18061
0.180737
0.2185
0.2185
0.172946
0.159044
0.0763763
