0.0496022
0.179597
0.215889
0.239041
0.253554
0.170291
0.0999607
0.136555
0.0709308
0.0352368
0.0659064
0.0990476
0.217343
0.253554
0.223868
0.148535
0.158968
0.0918677
0.0917294
0.214071
0.253554
0.253554
0.253554
0.0968614
0.0328661
0.0626693
0.0266423
0.0159186
0.0528625
0.121569
0.253554
0.253554
0.253554
0.15774
0.0623183
0.00955787
0.0245912
0.0595763
0.119109
0.202207
0.259981
0.259981
0.143441
0.14184
0.105091
0.0209794
0.0468847
0.0713988
0.0982843
0.259981
0.259981
0.118944
0.136266
0.0654464
0.013717
0.0432087
0.13985
0.259981
0.259981
0.259981
0.149058
0.0699297
0.01595
0.0287007
0.0191317
0.10979
0.259981
0.259981
0.259981
0.125733
0.114531
0.259981
0.0283142
0.0408176
0.0897701
0.112302
0.264543
0.264543
0.117712
0.148817
0.106995
0.0404246
0.0462305
0.0700467
0.114757
0.264543
0.264543
0.240708
0.113754
0.0738954
0.0260605
0.0186572
0.180985
0.264543
0.264543
0.264543
0.152496
0.110111
0.189961
0.0464088
0.0248727
0.109795
0.213276
0.264543
0.264543
0.127168
0.089199
0.108114
0.0547746
0.0412119
0.0986504
0.125212
0.271016
0.271016
0.223524
0.100123
0.117771
0.0246177
0.0402225
0.116842
0.265905
0.271016
0.271016
0.209415
0.0719067
0.0579967
0.0349887
0.0284256
0.151643
0.207916
0.271016
0.271016
0.134076
0.076011
0.0660578
0.0320653
0.058825
0.105826
0.165209
0.271016
0.271016
0.143462
0.0451634
0.0865326
0.0231521
0.0310312
0.146865
0.250002
0.274714
0.274714
0.20143
0.0794365
0.0884157
0.05685
0.0563883
0.122949
0.274714
0.274714
0.274714
0.0993692
0.0523884
0.0865585
0.0301354
0.0528691
0.0875114
0.153414
0.274714
0.274714
0.14039
0.0629816
0.102491
0.0131371
0.0329941
0.101237
0.142992
0.274714
0.274714
0.164699
0.0915514
0.0483418
0.0419046
0.0473725
0.11208
0.280187
0.280187
0.280187
0.0890287
0.0695784
0.107218
0.0528093
0.123889
0.109825
0.226308
0.280187
0.280187
0.0750755
0.0580411
0.0376548
0.013736
0.0329227
0.0806466
0.163377
0.280187
0.280187
0.17197
0.113932
0.0584659
0.0594404
0.0842378
0.0836173
0.198109
0.280187
0.280187
0.137625
0.0565979
0.0366523
0.036363
0.0994778
0.0964046
0.23116
0.289758
0.289758
0.0743252
0.0553302
0.0500636
0.0727496
0.127758
0.13762
0.282002
0.289758
0.15897
0.0746895
0.0431485
0.0361786
0.0346291
0.0859878
0.0713966
0.229708
0.289758
0.289758
0.122808
0.0547878
0.0426669
0.0460299
0.117738
0.14545
0.289758
0.289758
0.162386
0.144458
0.0487252
0.00611251
0.0689304
0.179917
0.276511
0.270408
0.261774
0.0802276
0.0187787
0.0387276
0.0218538
0.0220425
0.0541329
0.0912293
0.264082
0.276511
0.276511
0.137538
0.0626291
0.014151
0.0401283
0.0993965
0.215462
0.276511
0.276511
0.142139
0.0897777
0.026508
0.0223278
0.0100207
0.0359048
0.0575571
0.276511
0.276511
0.259242
0.103446
0.0519921
0.00695365
0.0123513
0.0303512
0.0769105
0.228602
0.296131
0.283852
0.11668
0.0532735
0.0148022
0.0181881
0.0201873
0.0757915
0.2185
0.296131
0.246732
0.100455
0.0576324
0.0976805
0.00361699
0.013518
0.0277023
0.296131
0.296131
0.225654
0.0929263
0.0485568
0.00587481
0.00577351
0.0133809
0.114384
0.296131
0.296131
0.296131
0.0719361
0.0719661
0.0709609
0.0145448
0.0145101
0.0911627
0.191927
0.318185
0.20858
0.112327
0.0557425
0.064113
0.0161063
0.0111653
0.0658731
0.139708
0.324332
0.243504
0.0860128
0.0490327
0.0424596
0.00357265
0.0197403
0.105847
0.324332
0.324332
0.279534
0.090336
0.0576735
0.0396791
0.00714368
0.0241555
0.0760674
0.310987
0.324332
0.253475
0.0527883
0.0277411
0.0140326
0.0136317
0.00945362
0.0795423
0.147088
0.324777
0.239804
0.0951222
0.0517321
0.0376794
0.022037
0.0438897
0.0573673
0.162539
0.324777
0.211508
0.0845741
0.0141277
0.0405144
0.00525376
0.0364828
0.0794428
0.317175
0.324777
0.260529
0.0581532
0.024851
0.0027693
0.00948152
0.00795811
0.020206
0.324777
0.324777
0.324777
0.0358569
0.0151755
0.0123464
0.0216123
0.0319681
0.0434832
0.157286
0.330544
0.194221
0.0762159
0.028971
0.0520582
0.00809445
0.0160169
0.0673626
0.151234
0.330544
0.215319
0.0988469
0.0548134
0.0312368
0.011022
0.00953926
0.0185433
0.296197
0.330544
0.330544
0.0346773
0.0208539
0.0124462
0.00431819
0.0147669
0.0441439
0.286731
0.330544
0.330544
0.0616881
0.0555879
0.00509344
0.00874076
0.0131815
0.0517009
0.137569
0.334337
0.180972
0.0841553
0.0612811
0.0340459
0.0356059
0.0448367
0.0492793
0.175689
0.334337
0.19308
0.0514153
0.0311778
0.0190978
0.00659765
0.0156234
0.0405845
0.251086
0.334337
0.334337
0.0585158
0.045038
0.00470471
0.00433524
0.00643071
0.0365917
0.334337
0.334337
0.334337
0.0340863
0.00761328
0.00559179
0.0165896
0.036905
0.0401172
0.147205
0.361787
0.149012
0.0397001
0.0249336
0.0193482
0.0241756
0.0537307
0.0501982
0.196621
0.361787
0.0815955
0.0468487
0.0190352
0.00503266
0.00518567
0.0078047
0.0349864
0.361787
0.361787
0.287837
0.0374831
0.00222145
0.00612052
0.00546649
0.00259253
0.0204937
0.263333
0.361787
0.291378
0.0338068
0.016239
0.0158306
0.0436007
0.100961
0.219534
0.287292
0.277986
0.149683
0.0958512
0.031086
0.0211622
0.015049
0.0290129
0.0706133
0.287292
0.287292
0.244045
0.109219
0.0602285
0.00982862
0.0705577
0.076258
0.157166
0.251721
0.226044
0.0967618
0.0591395
0.0387913
0.040746
0.0569861
0.0861053
0.287292
0.287292
0.287292
0.264839
0.0770179
0.0111619
0.0101993
0.00331555
0.00753049
0.0344796
0.299432
0.299432
0.179505
0.085038
0.0457061
0.00539299
0.00112364
0.00590451
0.0863821
0.299432
0.299432
0.293489
0.0787914
0.0355571
0.00885405
0.0473174
0.0675968
0.216008
0.298502
0.299432
0.157347
0.0597947
0.0121979
5.13088e-05
0.00132756
0.0272789
0.13095
0.299432
0.299432
0.19031
0.0540778
0.0159023
0.00517006
0.000727445
0.00835708
0.0801824
0.321339
0.321339
0.244559
0.0984138
0.0355313
0.00570938
0.0113619
0.0103234
0.0658928
0.320725
0.321339
0.216842
0.0601693
0.0272085
0.0078331
0.00165526
0.0284834
0.0778458
0.321339
0.321339
0.173938
0.0666864
0.0265682
0.00415722
0.0378936
0.0256609
0.110629
0.236672
0.321339
0.156772
0.0640431
0.048902
0.0236383
0.00634087
0.0158466
0.067135
0.320362
0.320362
0.201805
0.0660828
0.0292208
0.00419778
0.00824511
0.00504683
0.0219167
0.320362
0.320362
0.31229
0.0320132
0.0137384
0.00646776
0.0232112
0.0258981
0.0732436
0.235989
0.320362
0.168229
0.061918
0.0552863
0.0175261
0.0123007
0.0218587
0.0935327
0.269522
0.320362
0.219467
0.0710736
0.0302179
0.0134773
0.00872825
0.0075104
0.0240977
0.321144
0.321144
0.296049
0.0302634
0.0169784
0.00531679
0.00832681
0.0142907
0.0439612
0.321144
0.321144
0.254428
0.0583357
0.054373
0.00791813
0.00737112
0.0203971
0.0729632
0.279677
0.321144
0.210687
0.0733794
0.0343863
0.01535
0.0265196
0.0244213
0.0617507
0.223291
0.321144
0.145174
0.0421005
0.0673195
0.0262441
0.0103994
0.0168984
0.0469043
0.292266
0.323835
0.277594
0.0538818
0.0412038
0.00686447
0.00413796
0.0104279
0.0405249
0.323835
0.323835
0.323835
0.0422864
0.00976954
0.00677981
0.0187533
0.0343213
0.0561271
0.232239
0.319307
0.143413
0.0456958
0.0620699
0.0301301
0.013494
0.0442036
0.0347319
0.291928
0.323835
0.127376
0.0845981
0.0432722
0.0207997
0.00520463
0.0118164
0.0460028
0.323841
0.347996
0.316239
0.040804
0.00244113
0.00640647
0.0064599
0.00813603
0.0228898
0.293205
0.347996
0.278407
0.0299477
0.0140034
0.0158618
0.00678087
0.049135
0.0340701
0.255398
0.347996
0.129878
0.0696554
0.0409259
0.020041
0.00621831
0.0274355
0.0524478
0.197005
0.311435
0.163156
0.050918
0.0275439
0.0200653
0.0770793
0.104525
0.172942
0.251013
0.250692
0.135747
0.0603736
0.0387008
0.0574754
0.0718107
0.139458
0.272524
0.272524
0.272524
0.272524
0.0956385
0.0209808
0.0144102
0.0615169
0.0921034
0.105135
0.175785
0.169603
0.135956
0.110806
0.0912596
0.0861615
0.076441
0.156287
0.272524
0.272524
0.272524
0.272524
0.088652
0.0637026
0.0160556
0.0582639
0.0993878
0.252978
0.29627
0.29627
0.170491
0.067289
0.0153934
0.00134589
0.000387872
0.0232887
0.130474
0.29627
0.29627
0.292319
0.0800523
0.00619827
0.000613681
0.052281
0.100718
0.155494
0.200551
0.29627
0.20018
0.0363415
0.0347227
0.0109611
0.00502142
0.0230446
0.125328
0.157811
0.29627
0.29627
0.0597368
0.0157488
0.00464777
0.00107839
0.0210506
0.087887
0.303157
0.303157
0.254836
0.085271
0.0216016
0.00123784
0.0569636
0.0250979
0.101479
0.303157
0.303157
0.189486
0.0662191
0.0647617
0.0358903
0.00489727
0.0161962
0.0665409
0.135414
0.303157
0.303157
0.0580002
0.0298627
0.0100275
0.00355496
0.0247479
0.0702173
0.290384
0.303157
0.303157
0.0720883
0.0375392
0.00901715
0.0309169
0.0230292
0.0649458
0.314437
0.314437
0.18304
0.0604754
0.0643374
0.0231978
0.0142352
0.021763
0.0967111
0.314437
0.314437
0.246776
0.0592182
0.0348776
0.0130656
0.0068272
0.0241237
0.0436474
0.217164
0.314437
0.314117
0.0708922
0.0446121
0.0126617
0.00409571
0.0149933
0.0460946
0.226525
0.314437
0.265191
0.056678
0.0231458
0.0108188
0.00654465
0.0213244
0.0787089
0.322056
0.322056
0.239523
0.0548584
0.0307471
0.0110436
0.0290433
0.0276334
0.0596642
0.290863
0.322056
0.186032
0.0419885
0.0583202
0.0200057
0.00626422
0.0129524
0.0377567
0.204684
0.322056
0.276535
0.0457373
0.0179605
0.0110382
0.0137004
0.0018513
0.0148952
0.322056
0.322056
0.236517
0.0186326
0.00902709
0.0167542
0.0235982
0.0353124
0.0562838
0.305121
0.330596
0.208052
0.0452656
0.0528037
0.023368
0.0135164
0.0404703
0.0293223
0.235571
0.330596
0.230095
0.111367
0.0511802
0.0199567
0.00961292
0.00376309
0.0222061
0.330596
0.330596
0.262927
0.0243484
0.014894
0.0142878
0.0124338
0.020322
0.0289119
0.194084
0.330596
0.250055
0.0818943
0.0317714
0.0138033
0.0076879
0.0457215
0.0335765
0.226304
0.330481
0.2267
0.0924616
0.0507948
0.0182608
0.006499
0.0304456
0.0592294
0.246885
0.289228
0.224073
0.0711545
0.0302341
0.0172991
0.0048077
0.0199504
0.0397861
0.26462
0.330481
0.218047
0.0726264
0.0342297
0.00732087
0.00339815
0.00654046
0.0230277
0.330481
0.330481
0.330481
0.0643862
0.00957132
0.010182
0.0570698
0.101671
0.110627
0.131036
0.184515
0.13718
0.0861548
0.0750808
0.0912964
0.0805995
0.191166
0.270066
0.304926
0.304926
0.292751
0.050326
0.0402878
0.0147125
0.0331496
0.0771935
0.118848
0.190774
0.30184
0.213121
0.120118
0.0739741
0.083384
0.0286964
0.0744204
0.182832
0.304926
0.304926
0.205404
0.0301677
0.0255896
0.0161978
0.0552104
0.118431
0.137714
0.207413
0.325784
0.171633
0.0222769
0.0219632
0.00755114
0.00621935
0.0398608
0.123167
0.161185
0.325784
0.325784
0.0701094
0.0150566
0.00530502
0.0156451
0.0490383
0.113485
0.325784
0.325784
0.121363
0.0245357
0.0257327
0.0128923
0.00798225
0.0421982
0.161979
0.266614
0.325784
0.268909
0.0413827
0.0277191
0.0063621
0.00478938
0.0226497
0.0698842
0.156732
0.328181
0.314475
0.0598907
0.0221921
0.00858936
0.00581029
0.0184111
0.0400565
0.265979
0.328181
0.292786
0.0647802
0.0242881
0.0178565
0.00427806
0.0252868
0.137786
0.267899
0.328181
0.225879
0.0398906
0.030697
0.0112163
0.0129589
0.0363983
0.0500442
0.313716
0.328181
0.150903
0.0332579
0.0220393
0.0270761
0.00757127
0.0177939
0.0317079
0.228512
0.323112
0.319262
0.0627732
0.0301633
0.018777
0.00274031
0.0156871
0.065864
0.17785
0.323112
0.285105
0.0415481
0.0213829
0.00816495
0.00909142
0.0322957
0.0526472
0.323112
0.323112
0.183775
0.0302387
0.0197745
0.0238404
0.00174655
0.00726202
0.061031
0.323112
0.323112
0.20598
0.082164
0.024154
0.00445148
0.00424401
0.0162146
0.0664749
0.179522
0.322068
0.320483
0.0303743
0.0160658
0.00707897
0.010881
0.0042175
0.0130476
0.250242
0.322068
0.300861
0.0357111
0.00934129
0.0119196
0.000427736
0.0125455
0.0590156
0.322068
0.322068
0.247304
0.0658987
0.0203611
0.00208923
0.00582104
0.0305421
0.033666
0.273191
0.322068
0.183338
0.0479096
0.04305
0.0385552
0.00829235
0.00538353
0.01564
0.222172
0.331408
0.32798
0.0346486
0.0149342
0.00846519
0.0108766
0.00854601
0.0163598
0.11843
0.331408
0.331408
0.0811165
0.0336915
0.00528879
0.00382173
0.0279502
0.0485638
0.278294
0.331408
0.206614
0.0391158
0.0425006
0.027784
0.0205721
0.0252265
0.0652682
0.255188
0.331408
0.261959
0.017808
0.0520265
0.0190026
0.00434567
0.00747853
0.0235358
0.160693
0.313422
0.310025
0.0690264
0.0365553
0.00258053
0.00236949
0.00201155
0.0185595
0.313422
0.313422
0.313422
0.0633569
0.0100283
0.00705045
0.00969875
0.0229918
0.0826499
0.282006
0.313422
0.223039
0.0184985
0.0304945
0.0164972
0.00758728
0.0262683
0.0572681
0.310349
0.313422
0.191973
0.0350889
0.0193866
0.0182384
0.0517181
0.0919197
0.154473
0.20292
0.321437
0.24457
0.122587
0.0926694
0.109116
0.0726409
0.11611
0.181701
0.321437
0.321437
0.248853
0.0337952
0.0203167
0.0220279
0.0437448
0.130405
0.108208
0.1378
0.167204
0.116798
0.111739
0.0811067
0.0468607
0.200246
0.234004
0.216087
0.252021
0.282985
0.0383118
0.0486633
0.0112616
0.0347895
0.0469484
0.0874157
0.139528
0.347667
0.347667
0.160495
0.0378494
0.0319386
0.0160057
0.022432
0.0959237
0.185282
0.347667
0.347667
0.347667
0.0720008
0.0525794
0.015614
0.13842
0.178815
0.166298
0.163309
0.197208
0.0210996
0.0282131
0.0117805
0.0177721
0.0582605
0.10461
0.178063
0.149562
0.241949
0.0626437
0.0197595
0.0586389
0.0698368
0.0127862
0.0616881
0.157268
0.362453
0.362453
0.325474
0.072479
0.0547536
0.0275589
0.0263127
0.0420199
0.0746386
0.362453
0.362453
0.234544
0.0609874
0.0318432
0.0678992
0.0418394
0.0915838
0.170963
0.157721
0.223686
0.0571259
0.0152249
0.0532976
0.0666334
0.0460645
0.0933587
0.150512
0.156193
0.231762
0.0908963
0.0208272
0.082678
0.0793447
0.0204732
0.0339276
0.0790784
0.348398
0.348398
0.281535
0.049181
0.0324268
0.0688851
0.00847098
0.0350072
0.12792
0.348398
0.348398
0.336331
0.07881
0.0298115
0.00973438
0.0411186
0.0794597
0.147476
0.207801
0.24474
0.0876058
0.0367623
0.0759314
0.089602
0.0539086
0.0697183
0.0792463
0.224888
0.202674
0.0891921
0.0650886
0.0738703
0.0468987
0.00763573
0.0465687
0.140692
0.33062
0.33062
0.33062
0.0670174
0.0267297
0.00523963
0.00938398
0.0531252
0.0619098
0.33062
0.33062
0.33062
0.0951806
0.0779476
0.0555782
0.0480735
0.0670176
0.0731975
0.24052
0.228942
0.105953
0.0780208
0.0750326
0.0542061
0.042773
0.0754401
0.0874112
0.183238
0.220576
0.123825
0.0712353
0.100945
0.125003
0.0181681
0.0641912
0.0756567
0.336979
0.343434
0.343434
0.0811489
0.0683944
0.0477842
0.0632251
0.0581524
0.0788709
0.328018
0.343434
0.343434
0.0390571
0.0546574
0.032925
0.0525276
0.0809087
0.102596
0.173794
0.233877
0.146702
0.0606429
0.080291
0.113131
0.0654323
0.0777203
0.132678
0.14124
0.154294
0.106182
0.103905
0.0732809
0.125875
0.0500843
0.0570696
0.0933956
0.324203
0.324203
0.324203
0.039049
0.0383718
0.0437004
0.027724
0.0396076
0.0935739
0.324203
0.324203
0.301059
0.0636295
0.0492852
0.0459998
0.0819555
0.0842953
0.134887
0.147925
0.1755
0.108357
0.0960614
0.0565375
0.124158
0.124604
0.110448
0.0822317
0.118683
0.287026
0.232531
0.107665
0.0942618
0.122308
0.0887155
0.187196
0.164316
0.200017
0.234117
0.199277
0.156121
0.112742
0.0717293
0.234117
0.234117
0.234117
0.234117
0.234117
0.0592422
0.0943892
0.0259325
0.0616107
0.0922417
0.171863
0.146123
0.105518
0.145946
0.185558
0.108867
0.174028
0.113709
0.191182
0.234117
0.234117
0.234117
0.234117
0.0916824
0.095578
0.0699446
0.0531846
0.228351
0.239262
0.239262
0.218601
0.239262
0.0292782
0.0588438
0.0236339
0.0324249
0.11388
0.180954
0.239262
0.233843
0.235717
0.125262
0.0478532
0.0980207
0.120378
0.109204
0.239262
0.211263
0.178816
0.151788
0.112538
0.0871297
0.0516242
0.0404467
0.129079
0.230216
0.234972
0.239262
0.239262
0.124356
0.0968733
0.0711014
0.0668753
0.0783827
0.169089
0.217025
0.215979
0.218778
0.101321
0.0426655
0.0886219
0.0985102
0.0695876
0.131086
0.223048
0.198085
0.218374
0.171043
0.0786642
0.152461
0.149611
0.0944053
0.242339
0.227311
0.246085
0.246085
0.148909
0.085881
0.0756852
0.0453569
0.0373489
0.12779
0.177909
0.246085
0.246085
0.246085
0.195329
0.0708034
0.0475386
0.0535084
0.110676
0.210865
0.225889
0.238767
0.15684
0.0903284
0.146856
0.152985
0.0876637
0.122927
0.139607
0.248544
0.261855
0.142568
0.0761438
0.0969025
0.0935599
0.0280484
0.128118
0.179531
0.261855
0.261855
0.261855
0.171582
0.0890326
0.0503109
0.0216687
0.0577173
0.0864781
0.261855
0.261855
0.198282
0.111087
0.127996
0.16209
0.0755626
0.113602
0.137383
0.259402
0.259402
0.164237
0.084617
0.100324
0.0917259
0.0655254
0.132278
0.138641
0.259402
0.2319
0.191364
0.0850001
0.131232
0.14673
0.0204206
0.0622875
0.105206
0.259402
0.259402
0.237775
0.12665
0.118446
0.129651
0.0895237
0.133555
0.174247
0.259402
0.259402
0.259402
0.0605674
0.0816125
0.0942037
0.0872175
0.14714
0.147805
0.253523
0.253523
0.227911
0.0727824
0.107982
0.152624
0.116812
0.137457
0.166717
0.199482
0.251416
0.144059
0.122195
0.0795489
0.141727
0.0738338
0.122517
0.18999
0.253523
0.253523
0.253523
0.07424
0.0843537
0.0880264
0.0741748
0.0791535
0.095324
0.253523
0.253523
0.233791
0.0436695
0.108831
0.123089
0.131994
0.134867
0.142936
0.188667
0.259578
0.14448
0.117286
0.0687008
0.162362
0.180934
0.115755
0.0945861
0.152253
0.259578
0.259578
0.162864
0.152383
0.184672
0.0565582
0.0653528
0.109103
0.259578
0.259578
0.207362
0.0613916
0.0993745
0.122986
0.0525929
0.0890986
0.126267
0.259578
0.259578
0.245756
0.128856
0.0971434
0.0681499
0.123128
0.199262
0.141871
0.142152
0.180456
0.219689
0.131148
0.193755
0.147815
0.20615
0.230482
0.230482
0.230482
0.230482
0.0858293
0.111652
0.116014
0.0705742
0.0824164
0.146363
0.0954555
0.118722
0.226335
0.195967
0.202145
0.156102
0.0816794
0.123676
0.178656
0.129034
0.230482
0.230482
0.182187
0.078057
0.169138
0.0563138
0.0944096
0.2022
0.192207
0.201131
0.148344
0.0857522
0.0832531
0.0674448
0.046373
0.135839
0.234691
0.216461
0.285843
0.285843
0.170923
0.0794276
0.0484283
0.0836036
0.0543378
0.111777
0.131374
0.192278
0.240217
0.128033
0.0363756
0.091277
0.037998
0.0757395
0.208644
0.21441
0.285843
0.285843
0.285843
0.0203114
0.0498841
0.0549918
0.0723751
0.161951
0.167999
0.229702
0.202616
0.122924
0.0620505
0.0493286
0.0340333
0.0275994
0.07881
0.126463
0.2618
0.28579
0.198384
0.156241
0.0796509
0.0496521
0.0449674
0.123158
0.156487
0.28579
0.28579
0.180534
0.028803
0.0423232
0.0363018
0.00524282
0.021768
0.217329
0.28579
0.28579
0.224765
0.244839
0.121165
0.0198081
0.0148642
0.0698902
0.122325
0.199157
0.28925
0.184962
0.12338
0.0906611
0.0394112
0.0172286
0.0372243
0.0626206
0.296805
0.312818
0.157432
0.0660991
0.0630818
0.0983363
0.00423546
0.0153124
0.158897
0.312818
0.312818
0.21301
0.188858
0.087066
0.0100926
0.0098223
0.0101887
0.0882715
0.312818
0.312818
0.209725
0.0572364
0.0236435
0.039797
0.0165671
0.0471038
0.0850954
0.310014
0.310014
0.175378
0.0667517
0.0650508
0.0820128
0.0468501
0.0717044
0.0996925
0.255199
0.286326
0.229372
0.0523957
0.0586058
0.0475281
0.00792221
0.0133153
0.10982
0.310014
0.310014
0.246652
0.0491782
0.0179848
0.0272876
0.017536
0.0125479
0.0318062
0.310014
0.310014
0.21755
0.0833161
0.086549
0.0463388
0.0385222
0.0715545
0.108562
0.300015
0.29806
0.213161
0.0503606
0.0609465
0.0461874
0.034349
0.0446249
0.052976
0.245499
0.311711
0.180061
0.0363281
0.0628765
0.0514799
0.0151117
0.0112816
0.0441335
0.311711
0.311711
0.222098
0.0716852
0.0869226
0.0386191
0.0106344
0.0181513
0.0454522
0.311711
0.311711
0.28414
0.0808985
0.0263674
0.0151303
0.0258433
0.0386679
0.059831
0.241765
0.328988
0.164742
0.0500072
0.0575049
0.063074
0.0397513
0.0423538
0.0654132
0.199067
0.328988
0.160777
0.111057
0.0687304
0.0605285
0.0107657
0.0263012
0.0490562
0.328988
0.328988
0.258875
0.0757275
0.0265001
0.0199171
0.00215274
0.0286724
0.0474709
0.328988
0.328988
0.260127
0.0609945
0.0465976
0.0439419
0.0405656
0.0642323
0.0538844
0.103968
0.297217
0.14046
0.100586
0.0571539
0.0482706
0.0657701
0.115354
0.0818154
0.183569
0.348611
0.095558
0.0365828
0.0841505
0.0283744
0.0418563
0.0323638
0.0498952
0.256384
0.384743
0.321225
0.0353255
0.0627746
0.0761201
0.0305277
0.0639644
0.0792828
0.296968
0.384743
0.272877
0.0459794
0.0270243
0.0278327
0.0404469
0.0888117
0.120562
0.164609
0.293826
0.0875491
0.0265021
0.0650065
0.0269359
0.0606118
0.18186
0.181487
0.310964
0.331054
0.239097
0.016274
0.028497
0.035979
0.0286279
0.0611571
0.0940951
0.246144
0.331054
0.197411
0.0432853
0.0326319
0.0246388
0.0573265
0.0901271
0.169484
0.331054
0.331054
0.161907
0.0348879
0.0275281
0.00662844
0.0418488
0.114612
0.159185
0.236405
0.291254
0.158023
0.0250089
0.0366965
0.0285584
0.00691862
0.0284424
0.146577
0.291254
0.291254
0.22472
0.160403
0.127706
0.0471557
0.0316338
0.0646065
0.130183
0.291254
0.291254
0.13844
0.035633
0.0307321
0.00523516
0.00703275
0.0325425
0.13046
0.291254
0.291254
0.284373
0.0708223
0.122035
0.052778
0.00554226
0.0191918
0.112086
0.268591
0.296859
0.196261
0.129972
0.10624
0.0245765
0.010586
0.0113958
0.0901071
0.296859
0.296859
0.228139
0.0710029
0.029207
0.0397787
0.00298216
0.0264904
0.12783
0.296859
0.296859
0.204374
0.0581682
0.0868731
0.0309408
0.00433546
0.0109023
0.136919
0.296859
0.296859
0.240941
0.112438
0.0472523
0.0176254
0.0151212
0.0297578
0.10882
0.31501
0.31501
0.2473
0.0583491
0.0360239
0.0297108
0.0212116
0.0308108
0.0370777
0.31501
0.31501
0.15771
0.0732194
0.0688818
0.0454398
0.0280462
0.0431394
0.167078
0.31501
0.31501
0.228782
0.0977523
0.0554173
0.0151084
0.0722022
0.113879
0.0917545
0.128047
0.31501
0.149075
0.062779
0.067339
0.128105
0.0246807
0.0439652
0.0461282
0.327876
0.327876
0.165746
0.052439
0.0686609
0.0365517
0.00317903
0.00978185
0.032911
0.327876
0.327876
0.290835
0.081563
0.0192028
0.00983774
0.0869529
0.135338
0.0804465
0.121627
0.327876
0.188222
0.059228
0.0615887
0.0842717
0.00913227
0.0388144
0.0660071
0.23424
0.327876
0.243051
0.0526926
0.0180627
0.0344519
0.00538563
0.0113702
0.0288668
0.319957
0.319957
0.255797
0.0692369
0.0154459
0.0147412
0.00377199
0.0115198
0.0346425
0.319957
0.319957
0.204655
0.0756247
0.0333072
0.0429753
0.0077563
0.0388489
0.0435236
0.25219
0.319957
0.243834
0.0612319
0.0143009
0.0135548
0.0102262
0.0295846
0.080356
0.254329
0.319957
0.225901
0.0841787
0.0258067
0.025056
0.0210724
0.030975
0.0423867
0.220641
0.396598
0.282117
0.0374801
0.0291135
0.0462332
0.0218575
0.0573765
0.0725575
0.255813
0.396598
0.223072
0.0374935
0.013899
0.0194972
0.10728
0.0268497
0.0378706
0.118381
0.396598
0.220799
0.0457181
0.0717586
0.251698
0.0773949
0.073982
0.0636824
0.107297
0.2723
0.0943892
0.0843009
0.0332464
0.0270345
0.0317179
0.0938746
0.140629
0.348061
0.395377
0.257376
0.0587309
0.0301972
0.0246991
0.0562969
0.136635
0.242632
0.395377
0.395377
0.199319
0.0550974
0.0499483
0.0124662
0.0623516
0.100375
0.12681
0.106754
0.170962
0.100759
0.10294
0.0478285
0.0459171
0.0690533
0.119913
0.0802606
0.138608
0.167132
0.0660217
0.0701402
0.0559504
0.0446766
0.0356433
0.104353
0.191032
0.32098
0.32098
0.19595
0.0516232
0.0508556
0.00911496
0.0132188
0.0637227
0.176102
0.32098
0.32098
0.32098
0.0728661
0.207082
0.103329
0.0452172
0.0776322
0.0860038
0.115662
0.165266
0.0452276
0.0465458
0.0422491
0.0454381
0.0229023
0.0625019
0.115595
0.32098
0.297481
0.152642
0.0181899
0.0301928
0.016689
0.00789532
0.0445676
0.155895
0.309296
0.309296
0.266141
0.0521824
0.13589
0.0507368
0.00628118
0.0149894
0.17908
0.309296
0.309296
0.309296
0.157339
0.0728883
0.0348874
0.0156561
0.0420338
0.0966436
0.249565
0.277168
0.116266
0.0168287
0.0231771
0.0184685
0.00120835
0.0255297
0.0269526
0.131456
0.309296
0.231847
0.0487912
0.0369779
0.01232
0.0377605
0.0645227
0.20232
0.32199
0.32199
0.300146
0.110729
0.0830551
0.0271181
0.0908218
0.154624
0.0950325
0.151687
0.32199
0.178813
0.0605723
0.0649511
0.154628
0.00272451
0.0253153
0.0293755
0.136436
0.32199
0.265644
0.0493178
0.0474972
0.010114
0.0110424
0.0211365
0.0406041
0.124048
0.32199
0.281443
0.0396078
0.0556485
0.0132622
0.119667
0.208884
0.0900584
0.154866
0.322362
0.227467
0.0439367
0.0645084
0.106978
0.0164562
0.0394397
0.0830532
0.311075
0.322362
0.322362
0.0668707
0.0253079
0.0455291
0.0126712
0.022524
0.0469294
0.133107
0.322362
0.312077
0.0348997
0.0627657
0.0136423
0.0153675
0.0249313
0.0474295
0.0770879
0.322362
0.264818
0.0455223
0.0499592
0.0366263
0.0152635
0.0370838
0.0515406
0.315675
0.315675
0.315675
0.0711318
0.0180382
0.0216364
0.0143589
0.0282542
0.0939566
0.315675
0.315675
0.315675
0.108051
0.0347053
0.0285818
0.0171843
0.02729
0.0494898
0.0981591
0.315675
0.237297
0.0293755
0.0456439
0.0384698
0.031665
0.0609551
0.0352856
0.106878
0.315675
0.271169
0.0459274
0.041034
0.0239891
0.161623
0.0499914
0.0583577
0.204313
0.362731
0.324154
0.09744
0.105913
0.362731
0.102128
0.102389
0.0857419
0.178474
0.362731
0.179953
0.133341
0.0434272
0.0335508
0.0469083
0.0545876
0.0699148
0.148838
0.338285
0.158911
0.1272
0.0963318
0.0328537
0.0542182
0.0831433
0.0686191
0.0976075
0.154836
0.154875
0.106949
0.0961188
0.0354007
0.102405
0.18238
0.214517
0.218227
0.218227
0.218227
0.215887
0.0817133
0.0652871
0.106569
0.218227
0.189469
0.218227
0.218227
0.127566
0.154146
0.135652
0.081817
0.103009
0.194335
0.142833
0.178963
0.218227
0.218227
0.172191
0.155298
0.0756514
0.0685835
0.165839
0.123639
0.184402
0.218227
0.180335
0.135986
0.12844
0.0488894
0.0752811
0.179823
0.191737
0.201829
0.246943
0.0961662
0.0993502
0.104615
0.075145
0.0466874
0.128883
0.273984
0.273984
0.273984
0.238113
0.041707
0.0838671
0.0241718
0.0749086
0.179824
0.14224
0.185257
0.273984
0.0961789
0.0854487
0.0958963
0.0535482
0.0500543
0.117845
0.273984
0.273984
0.273984
0.154213
0.0900368
0.0811863
0.0387487
0.0244634
0.0675122
0.180605
0.304884
0.304884
0.157325
0.0242778
0.042442
0.0197518
0.00261132
0.0404857
0.0453304
0.223933
0.304884
0.304884
0.0639388
0.0559676
0.0197723
0.0383058
0.068455
0.18452
0.304884
0.266282
0.0795547
0.0413688
0.0431262
0.0240532
0.024017
0.0395975
0.12833
0.304884
0.304884
0.270429
0.0369133
0.0447567
0.0765375
0.0024532
0.0342106
0.0372085
0.209696
0.308385
0.308385
0.0407169
0.0536695
0.0144615
0.00954165
0.0242495
0.0421547
0.190217
0.308385
0.308385
0.0377923
0.0775894
0.0196995
0.0217376
0.0337093
0.0892448
0.308385
0.308385
0.230826
0.0260707
0.035102
0.0415733
0.0270605
0.0092471
0.0585666
0.308385
0.308385
0.235061
0.0811655
0.0723781
0.0601091
0.00908677
0.0239528
0.0374874
0.159465
0.307162
0.29719
0.0226548
0.0651769
0.0164118
0.0204392
0.0246845
0.0512717
0.117298
0.307162
0.298346
0.0308744
0.0471174
0.0245473
0.0346841
0.0258984
0.0476607
0.307162
0.307162
0.206729
0.0557479
0.0459241
0.0422372
0.0533914
0.047113
0.100741
0.307162
0.307162
0.307162
0.0397404
0.125036
0.149002
0.0210272
0.0259068
0.046041
0.136761
0.307952
0.281882
0.0188955
0.0423326
0.0306814
0.0219146
0.048469
0.028396
0.154518
0.307952
0.307952
0.0264506
0.0375754
0.0222281
0.0688457
0.0771875
0.118512
0.307952
0.307952
0.307952
0.0427464
0.0903969
0.116647
0.00706128
0.0187732
0.0841017
0.307952
0.307952
0.199089
0.0610249
0.0615692
0.0612431
0.0783394
0.0820696
0.118249
0.222616
0.222616
0.222616
0.222616
0.151773
0.0740051
0.0732553
0.114645
0.139178
0.179574
0.222616
0.222616
0.188558
0.138404
0.044104
0.0975516
0.133186
0.139378
0.156054
0.202073
0.17306
0.195239
0.222616
0.204787
0.0968141
0.17402
0.132975
0.119945
0.193217
0.171951
0.222616
0.222616
0.106454
0.0945532
0.166009
0.172702
0.207746
0.210087
0.210087
0.205197
0.140728
0.0631369
0.0538695
0.158534
0.140434
0.187401
0.210087
0.210087
0.171024
0.11143
0.0586919
0.121379
0.196146
0.166891
0.14409
0.210087
0.153347
0.210087
0.210087
0.146095
0.0679957
0.0843327
0.156495
0.172031
0.171768
0.210087
0.184686
0.210087
0.152618
0.0740379
0.189985
0.172767
0.199433
0.255205
0.149657
0.133023
0.110398
0.066655
0.0564258
0.172529
0.255205
0.255205
0.255205
0.159511
0.0938141
0.113722
0.0421502
0.0967865
0.107943
0.155967
0.204688
0.173178
0.154171
0.140933
0.168816
0.141087
0.143822
0.255205
0.255205
0.200695
0.255205
0.0432981
0.0997408
0.108681
0.0200308
0.0440482
0.100994
0.256741
0.268635
0.268635
0.0904198
0.0530357
0.0668436
0.0252085
0.02471
0.056124
0.184052
0.268635
0.268635
0.268635
0.0525377
0.076953
0.087046
0.0879129
0.202629
0.228806
0.215717
0.202089
0.0491975
0.0479551
0.0496306
0.00810045
0.0492088
0.162658
0.268635
0.268635
0.268635
0.196832
0.0694903
0.061313
0.0516475
0.018614
0.0397634
0.113421
0.285604
0.285604
0.225107
0.0301485
0.0415329
0.0409402
0.0233294
0.0124326
0.0652395
0.285604
0.285604
0.213962
0.0695925
0.0782438
0.0643853
0.0301211
0.0940849
0.2552
0.285604
0.285604
0.176061
0.0423494
0.0260311
0.0248861
0.0159332
0.0301442
0.132277
0.285604
0.285604
0.284119
0.0379775
0.0421459
0.0157046
0.0320225
0.0276786
0.0462448
0.294443
0.294443
0.186464
0.0451888
0.0469169
0.047477
0.0541814
0.0500829
0.0984854
0.294443
0.294443
0.294443
0.033841
0.125886
0.145706
0.017976
0.0286081
0.0915294
0.266166
0.294443
0.241083
0.0536263
0.0377424
0.0129966
0.0143149
0.0366805
0.0660507
0.215877
0.294443
0.294443
0.095004
0.0544923
0.0200138
0.0711768
0.0829925
0.113568
0.292796
0.292796
0.292796
0.0409584
0.0996962
0.1232
0.00238176
0.0208264
0.0833866
0.292796
0.292796
0.199509
0.0621979
0.0522287
0.0497249
0.0190533
0.0495031
0.0714407
0.201654
0.292796
0.292796
0.120088
0.0479705
0.0221329
0.00499154
0.0441964
0.0745911
0.252477
0.292796
0.234648
0.107494
0.0462662
0.0203615
0.114519
0.11203
0.147669
0.164669
0.219883
0.209273
0.219883
0.219883
0.205984
0.109444
0.160062
0.162553
0.160347
0.202004
0.184386
0.219883
0.219239
0.112962
0.179782
0.0480515
0.108809
0.202903
0.132787
0.0914786
0.126604
0.219883
0.219883
0.0783737
0.109256
0.103715
0.15545
0.166562
0.219883
0.131135
0.185327
0.115889
0.12017
0.177324
0.197259
0.169931
0.206848
0.180725
0.206848
0.206848
0.153328
0.0648888
0.0989111
0.153882
0.198495
0.20192
0.206848
0.198069
0.187406
0.167984
0.0633674
0.12842
0.139996
0.146736
0.161016
0.206848
0.169206
0.206848
0.125565
0.104852
0.11453
0.145286
0.13932
0.206848
0.206848
0.182849
0.182503
0.0641776
0.0908071
0.106729
0.155698
0.215596
0.187852
0.195552
0.184419
0.16451
0.152295
0.161049
0.230976
0.230976
0.230976
0.230976
0.0443759
0.1083
0.119598
0.0218139
0.0692171
0.120627
0.145205
0.146392
0.217965
0.207445
0.17351
0.191145
0.0612213
0.0956745
0.214791
0.195841
0.230976
0.230976
0.177555
0.111286
0.126982
0.0293571
0.0936629
0.177807
0.247648
0.218388
0.180401
0.0448362
0.0591356
0.0549461
0.00752257
0.0518077
0.125084
0.291673
0.291673
0.291673
0.234734
0.083839
0.0761942
0.0507375
0.0552386
0.133869
0.127417
0.270082
0.192092
0.11501
0.0710581
0.085226
0.0163413
0.0422239
0.0550211
0.165992
0.291673
0.291673
0.291673
0.0692189
0.0127159
0.00309502
0.0277921
0.0693059
0.248703
0.294075
0.294075
0.164421
0.0538536
0.0323145
0.0229721
0.0158935
0.0247215
0.109225
0.294075
0.294075
0.210992
0.0452325
0.0485423
0.0151379
0.0279032
0.0436535
0.118743
0.294075
0.294075
0.199611
0.0452947
0.0125889
0.00117912
0.0113256
0.0234847
0.027101
0.294075
0.294075
0.294075
0.0211086
0.00982723
0.00113991
0.0194538
0.0327653
0.0914682
0.281794
0.296611
0.211158
0.0631529
0.0505811
0.0170998
0.0244507
0.0477771
0.0966853
0.24427
0.296611
0.291604
0.0672712
0.060518
0.0292002
0.0110173
0.0319359
0.0294169
0.296611
0.296611
0.262088
0.0261268
0.0155461
0.000785913
0.0102525
0.0233938
0.0551889
0.296611
0.296611
0.296611
0.0461559
0.00905237
0.000601968
0.0268156
0.0642457
0.0953756
0.217699
0.291983
0.291983
0.0905104
0.0548523
0.0344751
0.00697977
0.0446635
0.0699482
0.249539
0.291983
0.28582
0.106878
0.0473036
0.0186863
0.00633132
0.0269831
0.0453789
0.291983
0.291983
0.291983
0.0699176
0.0144864
0.00024245
0.0184539
0.0276753
0.0405194
0.25208
0.291983
0.291983
0.0681121
0.0217558
0.00014547
0.175057
0.0455359
0.117549
0.212354
0.166419
0.148858
0.1681
0.215891
0.215891
0.106545
0.0955637
0.103261
0.16589
0.163443
0.215891
0.111323
0.169204
0.154269
0.106778
0.124505
0.14197
0.215891
0.168218
0.152915
0.170005
0.215891
0.192885
0.130793
0.123092
0.149578
0.206155
0.1698
0.215891
0.167945
0.186489
0.215891
0.0950953
0.118175
0.145902
0.153413
0.167572
0.206654
0.163497
0.205415
0.172054
0.10775
0.123936
0.169847
0.150884
0.206654
0.206654
0.206421
0.149199
0.0578833
0.175904
0.134605
0.146067
0.206654
0.19185
0.206654
0.178722
0.206654
0.206654
0.141439
0.146433
0.16317
0.117203
0.12283
0.181261
0.206654
0.191181
0.107988
0.0772446
0.115529
0.16357
0.151274
0.223017
0.212953
0.19186
0.171828
0.0515263
0.0963517
0.182801
0.237102
0.237534
0.237534
0.165408
0.113696
0.104913
0.0295156
0.166321
0.177572
0.144386
0.103217
0.112563
0.137812
0.17547
0.174339
0.0966305
0.1511
0.237534
0.237534
0.237534
0.237534
0.203741
0.116764
0.0617072
0.0518875
0.0609983
0.122768
0.152173
0.257707
0.193106
0.104264
0.0704764
0.071537
0.018672
0.0531094
0.0518173
0.176319
0.292209
0.292209
0.292209
0.0766998
0.0210335
0.00171629
0.0945129
0.215306
0.218149
0.216824
0.216425
0.103408
0.0545588
0.032076
0.0507257
0.0177726
0.125863
0.240121
0.292209
0.292209
0.194229
0.190207
0.0365439
0.0116097
0.0327124
0.053229
0.141006
0.285592
0.285592
0.228507
0.0668905
0.0210871
0.000850193
0.00937194
0.0244983
0.0376641
0.285592
0.285592
0.285592
0.0591147
0.0234806
0.00323649
0.0100082
0.0850982
0.177122
0.285592
0.285592
0.133597
0.117343
0.0347671
0.0147766
0.00580727
0.0210635
0.129774
0.285592
0.285592
0.285592
0.0728663
0.0496523
0.0208068
0.00548051
0.0385429
0.0416242
0.295885
0.295885
0.285726
0.0657112
0.0303057
0.00348457
0.0181825
0.03517
0.0929228
0.295885
0.295885
0.295885
0.0306163
0.0063174
0.00227014
0.00866106
0.0343813
0.0974882
0.295885
0.295885
0.279532
0.0659704
0.0595435
0.0249299
0.0217471
0.0461666
0.0694685
0.204201
0.295885
0.220544
0.0515807
0.0182962
0.0106368
0.0116435
0.0422117
0.0771637
0.301217
0.301217
0.301217
0.0501654
0.0116497
0.00317128
0.0129134
0.0224004
0.0497316
0.301217
0.301217
0.301217
0.0568136
0.0244411
0.00571888
0.0226719
0.0497895
0.0768003
0.233954
0.301217
0.223861
0.0612609
0.0226943
0.0151411
0.0134973
0.00874779
0.0581565
0.243459
0.301217
0.252154
0.106122
0.0224847
0.0106281
0.104211
0.129027
0.128985
0.207984
0.182967
0.207984
0.203896
0.207984
0.170436
0.116804
0.11798
0.126059
0.170817
0.206315
0.203591
0.174757
0.183937
0.201796
0.125038
0.150827
0.157989
0.154805
0.195844
0.10749
0.207984
0.178187
0.108737
0.0845404
0.166445
0.133727
0.207984
0.183879
0.088078
0.193891
0.201732
0.142634
0.165448
0.119377
0.13335
0.183301
0.209892
0.199437
0.194616
0.209892
0.189245
0.130515
0.11676
0.159198
0.138847
0.155059
0.195517
0.209892
0.149775
0.0844396
0.0717737
0.15711
0.149488
0.209892
0.204059
0.107662
0.209892
0.209892
0.12988
0.0497197
0.201582
0.176873
0.209892
0.206464
0.135044
0.208046
0.120543
0.0517148
0.15554
0.157001
0.162887
0.128682
0.143753
0.15093
0.173491
0.143401
0.0846409
0.135434
0.245004
0.245004
0.245004
0.245004
0.166472
0.0900735
0.0571707
0.0495778
0.0516298
0.194256
0.19259
0.16996
0.170081
0.136088
0.198224
0.119403
0.0511783
0.0586206
0.245004
0.245004
0.245004
0.245004
0.115651
0.138808
0.1365
0.0444666
0.0816001
0.203121
0.230178
0.222238
0.249059
0.083363
0.0364985
0.0306899
0.0461976
0.0191888
0.116057
0.213716
0.280449
0.280449
0.19602
0.184239
0.0369909
0.00736086
0.0386757
0.160768
0.219096
0.280449
0.15759
0.0656761
0.0825254
0.0782788
0.0335691
0.0060122
0.103142
0.171753
0.280449
0.280449
0.25844
0.153321
0.0266246
0.00502129
0.0120341
0.10164
0.172157
0.279416
0.279416
0.169732
0.127312
0.0356464
0.0123412
0.00329278
0.0338371
0.133538
0.279416
0.279416
0.279416
0.096075
0.0452471
0.0225532
0.00516386
0.0595232
0.177876
0.279416
0.279416
0.174687
0.0936683
0.0239937
0.0124321
0.0127952
0.0306233
0.114903
0.279416
0.279416
0.279416
0.105973
0.0276703
0.0201854
0.00710389
0.0431564
0.105693
0.290268
0.290268
0.290268
0.0918368
0.0582514
0.0308376
0.0283997
0.0615154
0.0808429
0.227901
0.290268
0.21138
0.06524
0.0173475
0.0169466
0.0115999
0.0210859
0.116914
0.290268
0.290268
0.270829
0.0797191
0.0382669
0.0269546
0.0171566
0.0231271
0.0525331
0.290268
0.290268
0.290268
0.0568925
0.0164091
0.00274349
0.0300481
0.0663492
0.0978007
0.272485
0.292106
0.204207
0.0750091
0.0256489
0.024583
0.00636759
0.0153624
0.081845
0.292106
0.292106
0.221732
0.0974063
0.0298673
0.0184005
0.0122554
0.0360343
0.0726663
0.292106
0.292106
0.292106
0.0580803
0.0287199
0.00405765
0.00560125
0.0343316
0.0680122
0.292106
0.292106
0.292106
0.1009
0.0232744
0.000234416
