0.0287596
0.0463718
0.157347
0.18924
0.19924
0.0945617
0.208445
0.170574
0.0791238
0.082679
0.0597107
0.247043
0.233477
0.174801
0.079745
0.154257
0.244581
0.247043
0.0505911
0.0624967
0.12783
0.142104
0.247043
0.200703
0.138944
0.122611
0.0915108
0.233831
0.0794587
0.161604
0.166737
0.204973
0.107703
0.154596
0.247043
0.247043
0.0970066
0.0915358
0.254875
0.254875
0.16803
0.0982083
0.153926
0.254875
0.254875
0.135553
0.210728
0.171929
0.129632
0.150166
0.051599
0.057033
0.0262245
0.0224832
0.195531
0.0828451
0.171923
0.179627
0.191417
0.167487
0.189422
0.254875
0.254875
0.148452
0.254875
0.0544601
0.120568
0.239003
0.103411
0.0957674
0.0382419
0.0402973
0.105315
0.174767
0.131568
0.104766
0.121018
0.0440255
0.065156
0.0429704
0.0117894
0.0718919
0.224014
0.150027
0.0361134
0.0918454
0.0752002
0.276855
0.276855
0.191355
0.133392
0.230261
0.090199
0.119927
0.248961
0.0754221
0.0563718
0.0299859
0.00413851
0.276855
0.276855
0.276855
0.149927
0.257326
0.0597652
0.0570343
0.23851
0.276855
0.055817
0.0927192
0.0588237
0.0231175
0.0838002
0.073401
0.190295
0.244555
0.166435
0.150908
0.188814
0.0372947
0.0795657
0.244555
0.0797304
0.158461
0.244555
0.14665
0.214707
0.244555
0.243002
0.10447
0.191019
0.0420352
0.0733107
0.192694
0.244555
0.244555
0.244555
0.0351433
0.0812011
0.244555
0.0177971
0.0628838
0.204114
0.244555
0.222023
0.221586
0.0331986
0.114037
0.286331
0.141956
0.24542
0.286331
0.279596
0.0077547
0.0330466
0.0459139
0.0512093
0.133518
0.172103
0.151542
0.0938851
0.00439135
0.286331
0.286331
0.0224742
0.121432
0.286331
0.0418913
0.147406
0.286331
0.286331
0.0118557
0.0414729
0.0476957
0.0632268
0.124005
0.0686814
0.0326744
0.0198796
0.0386358
0.012033
0.066169
0.127363
0.19454
0.253797
0.253797
0.253797
0.183923
0.00498052
0.0739125
0.253797
0.253797
0.178743
0.134994
0.138659
0.163721
0.0852038
0.0332079
0.0193138
0.10214
0.112003
0.1917
0.253797
0.253797
0.14844
0.0325805
0.0519092
0.021133
0.112438
0.167471
0.213374
0.164705
0.253797
0.253797
0.124441
0.0514364
0.0737556
0.244853
0.244853
0.244853
0.227232
0.218321
0.244853
0.0865638
0.0464273
0.0827337
0.206359
0.149497
0.0773829
0.115806
0.0616182
0.127107
0.147725
0.209438
0.0238711
0.112527
0.176538
0.244853
0.231571
0.244853
0.244853
0.176989
0.0658302
0.045965
0.0919101
0.117284
0.139592
0.178905
0.0514692
0.181272
0.173045
0.119082
0.0580776
0.0656697
0.117171
0.156693
0.277281
0.203283
0.15344
0.1179
0.0883191
0.233102
0.0514565
0.158101
0.177044
0.287445
0.133429
0.224604
0.287445
0.287445
0.0858285
0.07872
0.0609835
0.0856721
0.0587483
0.0325042
0.0388332
0.0325617
0.0850392
0.287445
0.197612
0.0142613
0.0675236
0.0663908
0.0491127
0.153927
0.287445
0.287445
0.169656
0.0569549
0.134467
0.15277
0.228796
0.162744
0.236007
0.268914
0.268914
0.152184
0.251389
0.0521492
0.097954
0.219424
0.0958573
0.104153
0.0393005
0.0308044
0.268914
0.155144
0.0218717
0.0706116
0.0815132
0.0348594
0.113759
0.268914
0.268914
0.247624
0.263274
0.0545027
0.119379
0.230468
0.01565
0.0356783
0.0829236
0.037455
0.108102
0.175361
0.0603454
0.0739583
0.175152
0.0539011
0.0494918
0.0309635
0.00385015
0.242917
0.293012
0.293012
0.0946306
0.200309
0.0469117
0.0618015
0.257902
0.293012
0.179108
0.203938
0.0511908
0.0764207
0.197022
0.0239378
0.0361659
0.0343933
0.0074965
0.293012
0.163035
0.0380509
0.0752278
0.192667
0.0648047
0.128892
0.293012
0.293012
0.176205
0.220922
0.220886
0.0817369
0.175961
0.0284838
0.0634052
0.203999
0.236611
0.236611
0.236611
0.0437934
0.0652271
0.235731
0.00538637
0.0453205
0.20395
0.236611
0.236611
0.193666
0.0310568
0.0716824
0.224281
0.0577698
0.0887108
0.214754
0.236611
0.236611
0.185653
0.000508909
0.0574524
0.156655
0.00442366
0.0265819
0.140337
0.236611
0.313195
0.313195
0.0279662
0.126034
0.313195
0.0200574
0.131502
0.313195
0.313195
0.0125181
0.0265501
0.0458111
0.0608395
0.146595
0.122427
0.0426497
0.0240547
0.042775
0.313195
0.313195
0.00237892
0.131477
0.313195
0.00572589
0.0221171
0.0640108
0.313195
0.012628
0.0123947
0.0377407
0.0273183
0.0218437
0.0313339
0.037924
0.0444844
0.0786083
0.024143
0.0960347
0.154709
0.248045
0.259314
0.259314
0.21248
0.0537339
0.0778152
0.0279506
0.157445
0.259314
0.259314
0.259314
0.259314
0.259314
0.185227
0.0773161
0.036131
0.0498585
0.124419
0.0977608
0.0814339
0.114334
0.147424
0.162388
0.244119
0.0620764
0.0681338
0.0623741
0.0748067
0.128041
0.204147
0.209352
0.136845
0.138713
0.0277926
0.147256
0.254162
0.254162
0.254162
0.254162
0.254162
0.233095
0.0938654
0.0466574
0.109877
0.14452
0.175561
0.215274
0.0714308
0.235243
0.220516
0.146039
0.0842831
0.0995277
0.0780598
0.0914901
0.150091
0.230997
0.232405
0.166305
0.103244
0.0420419
0.0632427
0.122924
0.121237
0.131773
0.135842
0.135204
0.19302
0.148631
0.104392
0.0933118
0.0600936
0.077903
0.0594099
0.0195666
0.0431482
0.0422516
0.0955518
0.344793
0.184994
0.0300346
0.0957781
0.11333
0.0497577
0.188942
0.344793
0.344793
0.104192
0.103113
0.122842
0.106823
0.112107
0.0452161
0.0291357
0.0247428
0.0901281
0.344793
0.290157
0.142336
0.147408
0.150846
0.0571299
0.0195053
0.198829
0.344793
0.298642
0.137674
0.0355736
0.0815331
0.101846
0.022822
0.120923
0.263824
0.298642
0.241842
0.265446
0.0706486
0.11076
0.192998
0.0116708
0.0375529
0.0739374
0.0327509
0.298642
0.210965
0.191143
0.124095
0.0920564
0.027977
0.0351561
0.136804
0.298642
0.194733
0.298642
0.163793
0.0975802
0.136891
0.0517629
0.0962595
0.0915698
0.0393394
0.169583
0.208543
0.056944
0.0727225
0.176072
0.0174519
0.0279791
0.0323246
0.0118845
0.271059
0.167106
0.0242824
0.0680695
0.195886
0.0544994
0.129506
0.326526
0.326526
0.112453
0.155705
0.15096
0.0690727
0.104998
0.0355652
0.0793062
0.0662696
0.012951
0.326526
0.114885
0.0561214
0.0766044
0.279425
0.0108844
0.010606
0.326526
0.326526
0.249821
0.211302
0.0205978
0.0838035
0.249821
0.056207
0.089896
0.249821
0.249821
0.249821
0.155549
0.00104156
0.0650878
0.202702
0.00445084
0.0376585
0.192885
0.249821
0.249821
0.174788
0.0655604
0.0914621
0.249821
0.0139175
0.0116202
0.249821
0.249821
0.186913
0.158584
0.0168735
0.0655695
0.177911
0.00536824
0.0169731
0.124721
0.220586
0.323058
0.323058
0.00342168
0.202856
0.323058
0.00824903
0.0378227
0.114121
0.323058
0.0191737
0.0115896
0.0516243
0.0346823
0.0244806
0.0568351
0.0670027
0.0679843
0.106066
0.323058
0.323058
0.051048
0.213367
0.323058
0.00967787
0.0389046
0.131954
0.305841
0.0277169
0.0153948
0.0210101
0.0346586
0.0414069
0.0574579
0.0411941
0.0541439
0.110493
0.0558776
0.05253
0.182823
0.12013
0.107703
0.182024
0.230803
0.230803
0.230803
0.0651618
0.0943524
0.105317
0.142554
0.202861
0.230803
0.229005
0.210596
0.164533
0.124843
0.0580248
0.0657062
0.157835
0.153949
0.167422
0.168901
0.230803
0.230803
0.0794904
0.129808
0.128592
0.191846
0.185323
0.204557
0.201234
0.205467
0.0920886
0.0792784
0.126151
0.108426
0.128321
0.219118
0.219118
0.219118
0.219118
0.127546
0.0573249
0.100163
0.157058
0.157556
0.196142
0.186692
0.152913
0.219118
0.183184
0.0975871
0.123759
0.119339
0.218628
0.219118
0.151822
0.201807
0.219118
0.132668
0.0851815
0.092171
0.205695
0.12869
0.134078
0.121737
0.198137
0.219118
0.202975
0.0991275
0.0970095
0.112772
0.097639
0.0932935
0.0397435
0.0460326
0.0257698
0.0782822
0.314111
0.302831
0.136009
0.124679
0.150969
0.0329963
0.0534485
0.202764
0.314111
0.0842881
0.15449
0.154858
0.145986
0.191373
0.0668409
0.139929
0.10425
0.0550329
0.238276
0.238173
0.126451
0.0523822
0.108553
0.125018
0.20143
0.314111
0.314111
0.284626
0.233308
0.170744
0.123013
0.116086
0.0221836
0.0486013
0.137171
0.284626
0.182306
0.277851
0.184222
0.107871
0.133099
0.0443047
0.0892219
0.0725877
0.0433791
0.212455
0.242827
0.153656
0.0576084
0.11697
0.117223
0.165745
0.284626
0.284626
0.0507302
0.132431
0.251813
0.148133
0.11186
0.0798555
0.138589
0.13248
0.0651962
0.102582
0.164798
0.160161
0.0739922
0.100647
0.0344554
0.0679659
0.0433754
0.0163773
0.303434
0.14146
0.0979592
0.0729752
0.259579
0.0102687
0.0248055
0.303434
0.303434
0.0389039
0.115063
0.212658
0.112174
0.090843
0.0798712
0.10336
0.0570964
0.0209532
0.187787
0.222464
0.284321
0.121627
0.209863
0.048529
0.146126
0.303434
0.303434
0.256291
0.202117
0.11161
0.0971725
0.256291
0.014307
0.0178741
0.256291
0.256291
0.172646
0.129071
0.0170346
0.0800517
0.24646
0.00578953
0.0150917
0.130611
0.23597
0.256291
0.256291
0.256291
0.132124
0.193439
0.0622703
0.104602
0.256291
0.256291
0.159212
0.102268
0.000620495
0.0377759
0.131391
0.00893861
0.0326949
0.127906
0.130179
0.312486
0.312486
0.056522
0.283321
0.312486
0.0123276
0.0332996
0.174535
0.312486
0.0309999
0.0201755
0.0246896
0.0296876
0.0498753
0.0587553
0.0499485
0.0725982
0.130448
0.312486
0.312486
0.00108277
0.123612
0.312486
0.0171582
0.0520848
0.210674
0.278212
0.0192973
0.0130471
0.0179091
0.0153195
0.0328822
0.0516665
0.0850803
0.0797201
0.095818
0.119152
0.065323
0.0743765
0.119935
0.177479
0.156457
0.178642
0.238814
0.238814
0.0666
0.119387
0.156991
0.190817
0.171746
0.182244
0.217359
0.238814
0.0833465
0.0754395
0.0786806
0.085461
0.0761368
0.141174
0.164336
0.238814
0.233061
0.238814
0.0730804
0.19459
0.101334
0.102017
0.183233
0.16028
0.238814
0.238814
0.168741
0.0827707
0.11607
0.148503
0.196781
0.221787
0.136096
0.20384
0.221787
0.120502
0.102764
0.0886634
0.173634
0.126013
0.141037
0.14405
0.21308
0.221787
0.190038
0.09777
0.213404
0.142817
0.141038
0.197777
0.169213
0.221787
0.221787
0.155759
0.0792714
0.118786
0.150384
0.130536
0.145421
0.183822
0.206943
0.221787
0.131723
0.0734142
0.123797
0.154366
0.148772
0.162673
0.0589758
0.128894
0.074831
0.0420835
0.202701
0.196509
0.107856
0.0486526
0.110953
0.107087
0.265223
0.265223
0.265223
0.158949
0.216402
0.142433
0.176686
0.18316
0.0249077
0.0674239
0.0907245
0.159518
0.265223
0.211163
0.0595472
0.126233
0.245072
0.0483515
0.131905
0.265223
0.265223
0.189049
0.188868
0.117439
0.0714269
0.13383
0.106293
0.223847
0.267321
0.267321
0.057546
0.123196
0.202693
0.143724
0.128524
0.0813737
0.146166
0.116171
0.0468595
0.267321
0.25628
0.0517693
0.115074
0.244975
0.0500174
0.132174
0.267321
0.267321
0.134595
0.240375
0.155589
0.137889
0.150391
0.108675
0.0985246
0.0722293
0.0509525
0.0466815
0.119314
0.183129
0.113983
0.106162
0.0634356
0.0955635
0.0398128
0.0125079
0.181466
0.222698
0.269015
0.119274
0.218025
0.0305172
0.127093
0.291633
0.291633
0.120723
0.170945
0.157849
0.0953142
0.097596
0.0750872
0.0565034
0.0381126
0.0476259
0.291633
0.261681
0.198415
0.0955872
0.182665
0.0150065
0.081958
0.282462
0.291633
0.243839
0.261001
0.261001
0.14347
0.235641
0.0348555
0.0906748
0.261001
0.261001
0.140516
0.0717285
0.00241262
0.0507081
0.166822
0.00945604
0.0293075
0.128603
0.137882
0.261001
0.259725
0.236725
0.113931
0.177931
0.0281078
0.0624363
0.218775
0.261001
0.099313
0.0331514
0.0060888
0.0703509
0.261001
0.119632
0.0453128
0.0977607
0.15425
0.361145
0.253305
0.00455537
0.157082
0.361145
0.0171556
0.0429588
0.203334
0.243569
0.0136761
0.0100144
0.0190306
0.0118936
0.0349356
0.0492052
0.0713535
0.0744795
0.0874512
0.125689
0.0816839
0.0166397
0.222635
0.361145
0.284042
0.100065
0.172547
0.161608
0.00451375
0.00680537
0.050753
0.0947734
0.361145
0.170843
0.0419882
0.0364036
0.0333442
0.0267338
0.0303569
0.0369023
0.029662
0.0695362
0.074561
0.117536
0.101715
0.133624
0.0321337
0.0732105
0.0502718
0.0472816
0.085372
0.0663658
0.0997237
0.163895
0.0760124
0.0109764
0.0224383
0.0687837
0.17295
0.557506
0.260705
0.0892872
0.0657954
0.0620046
0.0275499
0.0363425
0.0324617
0.304286
0.557506
0.180144
0.0670611
0.058728
0.0339568
0.0387855
0.0795174
0.06303
0.0575777
0.0877075
0.0673075
0.0846243
0.117892
0.0577269
0.0321232
0.0414739
0.0511656
0.0434497
0.0574672
0.0803866
0.0909779
0.101963
0.0507186
0.0212708
0.0380517
0.0202352
0.371601
0.548894
0.153277
0.0765474
0.0676974
0.0306509
0.0134313
0.0225075
0.01641
0.280621
0.548894
0.218385
0.0404264
0.0417484
0.0372349
0.146622
0.20018
0.166666
0.163367
0.166335
0.0299138
0.0580477
0.0724993
0.130236
0.26918
0.185741
0.0594351
0.115368
0.210173
0.0539831
0.182005
0.26918
0.26918
0.219696
0.172591
0.122967
0.0923637
0.108874
0.0382698
0.0506516
0.0709589
0.159807
0.26918
0.26918
0.093981
0.0856647
0.144448
0.00395994
0.0764167
0.26918
0.26918
0.29244
0.227561
0.0416456
0.112602
0.21517
0.0514968
0.176266
0.29244
0.29244
0.145974
0.259544
0.128073
0.118671
0.131181
0.0986305
0.107526
0.0768833
0.0338085
0.29244
0.283984
0.0483184
0.0729817
0.138579
0.00841289
0.0831305
0.29244
0.29244
0.0885764
0.143429
0.0777294
0.0960294
0.112557
0.0491673
0.0277401
0.019649
0.0391109
0.151223
0.205414
0.158323
0.11699
0.127191
0.076513
0.0733607
0.0497198
0.040854
0.336062
0.262107
0.178035
0.129458
0.298278
0.00775659
0.0599841
0.290126
0.336062
0.0668631
0.112676
0.0618264
0.0794458
0.116828
0.040967
0.0263264
0.0270121
0.0598334
0.23724
0.154389
0.039509
0.079197
0.163851
0.00322894
0.0561714
0.257419
0.336062
0.291565
0.266274
0.231336
0.163575
0.291565
0.0133665
0.0486916
0.246442
0.291565
0.128314
0.0312196
0.00947974
0.0820527
0.291565
0.10553
0.0524017
0.136843
0.209045
0.209743
0.175776
0.0498881
0.092029
0.211222
0.00785677
0.0417488
0.179783
0.291565
0.0308315
0.0163308
0.012369
0.0200325
0.0894248
0.0355365
0.0380548
0.182367
0.222699
0.170274
0.0697066
0.0283303
0.276565
0.339592
0.27195
0.132296
0.269811
0.234183
0.00653065
0.00833998
0.064836
0.0927182
0.339592
0.176105
0.065903
0.0627438
0.0467292
0.0290863
0.033616
0.0396841
0.0636505
0.24215
0.107508
0.0971601
0.277027
0.266197
0.00643675
0.0132927
0.0309923
0.027337
0.327916
0.123562
0.123238
0.0848337
0.0526764
0.0130609
0.0242862
0.0663238
0.140946
0.422803
0.205996
0.0994336
0.0785631
0.0716055
0.0369517
0.0485618
0.0443501
0.237073
0.422803
0.166507
0.0737813
0.055834
0.0438033
0.00949215
0.0200716
0.0462273
0.0519196
0.422803
0.156475
0.163974
0.0651494
0.043258
0.0285413
0.0507953
0.0367954
0.0905206
0.422803
0.125774
0.0584534
0.0326464
0.0122011
0.0303484
0.0539221
0.0309594
0.292472
0.410033
0.142757
0.0860738
0.0727818
0.0409472
0.0143792
0.0286104
0.0278566
0.194221
0.410033
0.182895
0.0717093
0.0642523
0.0542689
0.0273256
0.0436063
0.0384244
0.12784
0.410033
0.110523
0.0670515
0.0361761
0.0152009
0.0566911
0.0160075
0.0415362
0.116757
0.410033
0.0813003
0.0739965
0.111679
0.187374
0.188118
0.152968
0.135869
0.0885827
0.10396
0.0329151
0.0424934
0.0649034
0.132187
0.283572
0.283572
0.0721821
0.0755062
0.130451
0.00515767
0.0643405
0.283572
0.283572
0.136948
0.107637
0.0727047
0.0696762
0.0968811
0.0259993
0.00934006
0.0194355
0.031139
0.283572
0.283572
0.113381
0.176709
0.283572
0.000960996
0.166277
0.283572
0.283572
0.301292
0.295641
0.0357233
0.0666604
0.137873
0.00884578
0.0736387
0.301292
0.301292
0.0976008
0.164133
0.0750382
0.0825955
0.0863693
0.0322084
0.0339301
0.0217061
0.0304119
0.301292
0.301292
0.0835473
0.12034
0.245899
0.00410132
0.177864
0.301292
0.301292
0.084655
0.10216
0.0533573
0.116001
0.179387
0.0141641
0.0340224
0.0654925
0.0406667
0.0844078
0.153063
0.0829155
0.0993121
0.13678
0.0390277
0.0475385
0.0394855
0.0637003
0.326792
0.173328
0.0375049
0.102118
0.239881
0.00337257
0.0589407
0.314589
0.361856
0.0979535
0.113845
0.0497536
0.0823462
0.166748
0.0212269
0.0506755
0.0451674
0.0357158
0.263936
0.0912825
0.0324056
0.124163
0.311419
0.00174005
0.0240172
0.309971
0.361856
0.280934
0.185047
0.0527004
0.118824
0.289832
0.00691794
0.0418964
0.203075
0.306587
0.0497248
0.0182904
0.0187785
0.018479
0.0283691
0.0185097
0.045409
0.229902
0.302551
0.27545
0.116701
0.055427
0.113393
0.306587
0.0117726
0.0220745
0.201232
0.306587
0.125011
0.0690484
0.0808567
0.0515883
0.0980742
0.0445958
0.0389633
0.162923
0.306587
0.0819773
0.055113
0.0832439
0.0775587
0.130123
0.091433
0.140511
0.304685
0.304685
0.0267117
0.0145495
0.0310374
0.0198787
0.179309
0.147478
0.184217
0.146868
0.10129
0.304685
0.197183
0.246469
0.136622
0.244813
0.176508
0.1479
0.304685
0.304685
0.0704248
0.0450978
0.0473732
0.0740202
0.132067
0.089516
0.107814
0.187728
0.166893
0.0518546
0.045338
0.0788951
0.0834564
0.250881
0.250881
0.250881
0.198807
0.116543
0.0910395
0.146885
0.0996631
0.145156
0.250881
0.250881
0.194086
0.0986693
0.0439467
0.131261
0.0749523
0.0518152
0.118711
0.207346
0.241507
0.250881
0.250881
0.250881
0.0803876
0.187739
0.069108
0.0700544
0.250881
0.138915
0.12992
0.133681
0.076827
0.0638948
0.102065
0.0838072
0.144982
0.277802
0.206367
0.163479
0.0809115
0.0406789
0.118902
0.0494019
0.0918887
0.120724
0.19608
0.102408
0.191901
0.244833
0.277802
0.0514514
0.140381
0.0686534
0.0521923
0.202842
0.126753
0.139238
0.120825
0.065224
0.277802
0.218788
0.115571
0.0590985
0.176091
0.1031
0.277802
0.277802
0.277802
0.169899
0.137913
0.100406
0.0884761
0.132959
0.0315983
0.0142218
0.0300514
0.0383054
0.299917
0.299917
0.117943
0.207477
0.299917
0.00273412
0.228453
0.299917
0.299917
0.086041
0.0993537
0.0791439
0.0660331
0.0936513
0.0106051
0.00451526
0.0366221
0.0586846
0.159594
0.187586
0.0814589
0.0828289
0.14566
0.00864894
0.192651
0.299917
0.299917
0.293078
0.293078
0.0971165
0.146559
0.293078
0.00616541
0.242695
0.293078
0.293078
0.141119
0.155555
0.0717174
0.129541
0.197236
0.00898752
0.0571013
0.0818558
0.0622823
0.15393
0.190921
0.102229
0.0786271
0.103121
0.0161119
0.149413
0.276112
0.27958
0.130722
0.151195
0.0873048
0.104268
0.10744
0.0126801
0.0714839
0.0995875
0.110649
0.130356
0.149793
0.0797853
0.0955442
0.173869
0.014665
0.0742001
0.057202
0.0476731
0.33785
0.100068
0.0490794
0.137291
0.33785
0.00319011
0.0466994
0.33785
0.33785
0.14199
0.169883
0.0950092
0.118013
0.11645
0.0175224
0.0499775
0.0500736
0.0918393
0.335716
0.122185
0.0471484
0.121821
0.218516
0.0137116
0.0278617
0.0819107
0.33785
0.260965
0.0949807
0.0655204
0.105486
0.26354
0.0108227
0.0325335
0.194136
0.26354
0.130154
0.0498821
0.079176
0.0528639
0.107756
0.0458948
0.0544846
0.1471
0.26354
0.213569
0.117652
0.048071
0.101043
0.195245
0.0250747
0.130732
0.199706
0.26354
0.0700166
0.14025
0.26354
0.250223
0.136221
0.117511
0.26354
0.26354
0.168396
0.241345
0.0883008
0.128822
0.0852889
0.16453
0.0893121
0.0921687
0.173615
0.296459
0.0420793
0.0196821
0.0290075
0.0315412
0.0560623
0.0468073
0.0512305
0.101595
0.0884005
0.102062
0.249918
0.296459
0.296459
0.18618
0.166325
0.296459
0.296459
0.296459
0.0266124
0.0380331
0.070478
0.0926828
0.107581
0.0738897
0.120966
0.213373
0.225559
0.146524
0.0680498
0.0549996
0.0929639
0.147533
0.189721
0.21076
0.325594
0.2614
0.0781739
0.172425
0.0468767
0.0680663
0.18808
0.120132
0.114802
0.142262
0.0611327
0.141406
0.154868
0.0911403
0.0983365
0.222497
0.188456
0.183853
0.325594
0.325594
0.080612
0.176231
0.144006
0.127693
0.193679
0.168868
0.0899346
0.102704
0.0633453
0.0348828
0.0769878
0.0304058
0.0307841
0.0913766
0.0564355
0.0634548
0.0642476
0.0299305
0.196404
0.0886187
0.0347101
0.0462826
0.129399
0.0895929
0.208857
0.187435
0.32882
0.09093
0.175678
0.101296
0.0957203
0.131117
0.0855109
0.0403109
0.0342685
0.0271885
0.32882
0.32882
0.163393
0.181323
0.294378
0.0870826
0.189926
0.32882
0.32882
0.119263
0.148922
0.116458
0.0975146
0.130634
0.0208588
0.0151532
0.0924459
0.0841456
0.263926
0.244515
0.105985
0.114153
0.232875
0.0182893
0.263926
0.263926
0.263926
0.110296
0.110859
0.0647725
0.0800151
0.120354
0.00712629
0.0797987
0.263926
0.263926
0.214107
0.205509
0.0877324
0.123798
0.201683
0.00795876
0.0592017
0.263926
0.263926
0.222714
0.222714
0.146795
0.108086
0.158759
0.02956
0.222714
0.222714
0.222714
0.222714
0.222714
0.12771
0.112455
0.117364
0.0157527
0.109875
0.131497
0.17881
0.184199
0.217946
0.136751
0.160381
0.208443
0.0334871
0.0738736
0.199564
0.222714
0.14288
0.165048
0.143636
0.203524
0.146956
0.167306
0.137649
0.122585
0.17489
0.211104
0.234042
0.130577
0.132831
0.144746
0.0212928
0.0666068
0.0672523
0.138351
0.279956
0.151475
0.0588804
0.17386
0.279956
0.0188913
0.0469144
0.129329
0.279956
0.19807
0.267141
0.159443
0.168334
0.188862
0.181884
0.159038
0.0812186
0.0854453
0.234611
0.279546
0.0838707
0.139716
0.234822
0.0581183
0.0215668
0.0683044
0.0986076
0.232269
0.130634
0.0503978
0.133204
0.232269
0.0283903
0.138944
0.219937
0.232269
0.135411
0.150589
0.232269
0.229915
0.223809
0.121158
0.232269
0.232269
0.223889
0.199738
0.232269
0.0647477
0.0831321
0.185654
0.0283211
0.0237543
0.0631388
0.0737208
0.0972781
0.084126
0.116467
0.112995
0.137629
0.0673663
0.232269
0.232269
0.193005
0.146257
0.183773
0.222483
0.195178
0.223862
0.114131
0.249642
0.249642
0.249642
0.0624387
0.0333526
0.0513744
0.0592597
0.0813701
0.059948
0.0909394
0.133443
0.208721
0.140597
0.118006
0.123106
0.114424
0.17315
0.0649193
0.249642
0.249642
0.249642
0.12422
0.0494611
0.0408331
0.076565
0.10991
0.196659
0.223589
0.211061
0.249642
0.161837
0.0687012
0.0430203
0.0428917
0.0833865
0.0779608
0.0725544
0.218385
0.309503
0.0343319
0.0836415
0.0875112
0.0560525
0.0698527
0.0577516
0.0432279
0.069986
0.0219061
0.297873
0.12528
0.0620376
0.122528
0.184738
0.274031
0.309503
0.309503
0.309503
0.0180519
0.100129
0.173168
0.214997
0.107904
0.293512
0.241026
0.0823601
0.0082425
0.0657377
0.12572
0.0772394
0.0595953
0.0725255
0.0475507
0.0332553
0.0448135
0.0151934
0.25907
0.263215
0.10116
0.157946
0.228665
0.0941917
0.171575
0.263215
0.263215
0.0511156
0.144652
0.150232
0.137623
0.0746409
0.185025
0.189535
0.0757017
0.00612742
0.263215
0.263215
0.180365
0.185015
0.191943
0.0833891
0.191499
0.23901
0.263215
0.0986382
0.0987652
0.0617229
0.0752613
0.10512
0.0183616
0.0699961
0.254735
0.254735
0.213505
0.174703
0.0824844
0.132107
0.208936
0.0117454
0.0418887
0.204493
0.254735
0.0861688
0.0923553
0.249567
0.186921
0.070641
0.060017
0.095496
0.254735
0.254735
0.18473
0.254735
0.101156
0.254735
0.254735
0.0167206
0.0982704
0.125704
0.216617
0.175378
0.181663
0.118038
0.146034
0.185012
0.0280233
0.0514428
0.134945
0.235307
0.1619
0.164484
0.108835
0.127768
0.121588
0.0955736
0.0898597
0.0953143
0.180957
0.208363
0.233081
0.116235
0.235307
0.235307
0.045662
0.102006
0.159039
0.235307
0.195263
0.184316
0.192209
0.235307
0.235307
0.110559
0.0980506
0.149496
0.235307
0.194397
0.23427
0.129541
0.106675
0.151033
0.105716
0.107755
0.0912738
0.116365
0.185703
0.23427
0.0855194
0.119266
0.186036
0.0497121
0.0332373
0.0797127
0.0800021
0.23427
0.223726
0.216567
0.23427
0.23427
0.138129
0.124588
0.228342
0.23427
0.185768
0.15491
0.101726
0.112165
0.133062
0.0701912
0.23427
0.23427
0.181086
0.199961
0.274899
0.0800704
0.0911306
0.189675
0.0349709
0.0303851
0.0747178
0.0802909
0.126699
0.100459
0.0874273
0.102511
0.184244
0.0985496
0.30152
0.239252
0.221758
0.159186
0.189591
0.0979994
0.056169
0.0829047
0.0876456
0.30152
0.186841
0.124928
0.0280506
0.0907966
0.187646
0.0505625
0.102707
0.251372
0.30152
0.299312
0.056777
0.181003
0.118565
0.0809082
0.103251
0.214042
0.0818897
0.295655
0.21061
0.303893
0.153936
0.0472519
0.0344581
0.075342
0.12912
0.142803
0.213595
0.15913
0.303893
0.0406642
0.142893
0.14809
0.0843387
0.115646
0.250651
0.303893
0.263679
0.062303
0.0372743
0.0492396
0.0966553
0.168699
0.145082
0.118782
0.193926
0.118906
0.0677174
0.27213
0.0929924
0.0442349
0.115805
0.183275
0.153437
0.246787
0.24839
0.27213
0.0156284
0.0921628
0.180586
0.222491
0.104333
0.169832
0.152652
0.0729607
0.0202784
0.0795413
0.13414
0.127599
0.27213
0.21254
0.133056
0.201573
0.162608
0.119153
0.128931
0.2176
0.170611
0.27213
0.200362
0.0716059
0.0784072
0.0490802
0.093572
0.0530095
0.137448
0.161362
0.188499
0.0886981
0.122578
0.138017
0.0748427
0.012153
0.246982
0.217616
0.166689
0.177723
0.176861
0.0994915
0.199339
0.185213
0.250924
0.0916847
0.183921
0.187383
0.250924
0.191325
0.0782152
0.0925217
0.072615
0.0780226
0.192444
0.206726
0.121483
0.113293
0.113094
0.105522
0.250924
0.250924
0.250924
0.0505915
0.0599892
0.152593
0.126063
0.0545818
0.0467983
0.0951638
0.243204
0.243204
0.142129
0.147229
0.0766201
0.243204
0.243204
0.0109047
0.0552837
0.0878566
0.184817
0.0652378
0.0953925
0.15898
0.164126
0.134291
0.0744705
0.243204
0.243204
0.218944
0.243204
0.238352
0.241283
0.243204
0.243204
0.0459789
0.0168674
0.0405963
0.243204
0.120233
0.115765
0.0728691
0.190146
0.220243
0.0153258
0.0515517
0.0911429
0.158334
0.121288
0.106943
0.107569
0.202482
0.239473
0.0637992
0.0489363
0.101383
0.159349
0.20083
0.185626
0.164957
0.239473
0.239473
0.0875137
0.0972892
0.0541391
0.193723
0.239473
0.225996
0.239473
0.239473
0.239473
0.239473
0.160128
0.0871219
0.149599
0.148781
0.143443
0.138601
0.170575
0.19256
0.0574501
0.0720235
0.151249
0.225656
0.122
0.102746
0.0715315
0.0683151
0.101437
0.0622902
0.224068
0.163894
0.156003
0.228061
0.192473
0.208751
0.228061
0.228061
0.228061
0.228061
0.157144
0.141355
0.137549
0.0876096
0.0806197
0.134772
0.228061
0.210044
0.190671
0.156586
0.212603
0.132366
0.156139
0.0943411
0.0597147
0.0821395
0.0777195
0.298515
0.139469
0.135207
0.0265713
0.0729365
0.152351
0.150475
0.135986
0.243154
0.298515
0.25064
0.0402206
0.118985
0.0972173
0.012686
0.113794
0.290033
0.188581
0.178952
0.179096
0.227932
0.0166508
0.0207814
0.0833374
0.298515
0.298515
0.21629
0.126933
0.0309689
0.0278535
0.0505158
0.120036
0.164605
0.163333
0.175458
0.257664
0.31843
0.230273
0.0495066
0.047442
0.0493511
0.120213
0.154028
0.168155
0.0953658
0.198459
0.130882
0.113644
0.0197786
0.0361629
0.118715
0.31843
0.31843
0.262077
0.155038
0.0707516
0.102157
0.071148
0.0350324
0.0897437
0.138306
0.150256
0.0464008
0.0419871
0.193495
0.31843
0.103814
0.135006
0.214858
0.26809
0.26809
0.106263
0.198261
0.186771
0.207959
0.0957429
0.183436
0.171346
0.26809
0.225898
0.0455748
0.0754187
0.0469346
0.0970377
0.114834
0.055721
0.180982
0.195971
0.224613
0.088789
0.0825474
0.26809
0.26809
0.117308
0.210836
0.12974
0.118733
0.171629
0.0400642
0.0916216
0.0961478
0.0608968
0.0648709
0.149762
0.16653
0.278959
0.193562
0.0481427
0.073796
0.0584767
0.0612527
0.161892
0.162388
0.116996
0.0957288
0.111455
0.0993773
0.246554
0.278959
0.278959
0.111002
0.144557
0.107993
0.123873
0.19842
0.0346681
0.0714965
0.0746198
0.0528213
0.278959
0.101194
0.0537836
0.158477
0.278959
0.0161553
0.192896
0.278959
0.278959
0.0456813
0.0695901
0.0905304
0.134415
0.10688
0.0411103
0.178963
0.204007
0.154397
0.169304
0.127981
0.155868
0.251542
0.283756
0.0221313
0.00692869
0.0475257
0.283756
0.082644
0.0607731
0.0936334
0.189597
0.283756
0.235735
0.109467
0.0592098
0.10592
0.121377
0.139722
0.254955
0.283756
0.283756
0.0829235
0.0514601
0.0416148
0.264925
0.126299
0.125152
0.129446
0.257976
0.277911
0.0517731
0.0689679
0.0478038
0.173621
0.161554
0.138848
0.277911
0.277911
0.277911
0.193288
0.103652
0.07893
0.14236
0.0697057
0.108363
0.187125
0.277911
0.277911
0.0674952
0.0792504
0.0492496
0.146295
0.0674604
0.063141
0.208455
0.22123
0.242786
0.0640361
0.0607334
0.0319482
0.0827982
0.210399
0.168708
0.249499
0.249499
0.249499
0.249499
0.249499
0.155739
0.181467
0.149478
0.0616901
0.105462
0.132195
0.249499
0.249499
0.198677
0.170109
0.249499
0.0638471
0.0758342
0.179683
0.249499
0.249499
0.107608
0.154378
0.0808168
0.0834763
0.0336882
0.0455368
0.0746767
0.0847599
0.1122
0.0438246
0.039269
0.0326476
0.0179151
0.198024
0.0942093
0.061629
0.186833
0.31509
0.31509
0.25999
0.246597
0.31509
0.0446496
0.0460831
0.158498
0.31509
0.31509
0.31509
0.20523
0.0486508
0.0567493
0.0378411
0.0872628
0.0564884
0.120965
0.149082
0.0702628
0.06461
0.054205
0.034949
0.0195726
0.0277842
0.0361893
0.0606321
0.192915
0.0732728
0.0193365
0.0167914
0.0203899
0.0425427
0.0544546
0.201877
0.331633
0.331633
0.331633
0.187128
0.0736711
0.130296
0.128335
0.0506525
0.15969
0.176337
0.173634
0.0676076
0.0480433
0.257751
0.331633
0.0373827
0.029277
0.0290104
0.0529019
0.145823
0.0604757
0.0162688
0.0272788
0.115393
0.329066
0.0184224
0.00761967
0.0173952
0.033853
0.00872174
0.0137028
0.111876
0.331633
0.18205
0.0753412
0.301164
0.182202
0.236495
0.107134
0.0874093
0.373743
0.373743
0.096763
0.204503
0.135384
0.121881
0.202941
0.0455604
0.0957624
0.0891085
0.0387064
0.373743
0.0295118
0.0182019
0.0330415
0.0484416
0.00724246
0.0205874
0.162152
0.373743
0.0659146
0.0505402
0.0585038
0.033296
0.0401797
0.0473585
0.0719243
0.0580063
0.0450295
0.0954654
0.145111
0.126574
0.108835
0.191986
0.0380492
0.0819172
0.0713884
0.0404663
0.31445
0.123622
0.0838578
0.138878
0.269351
0.0227826
0.241833
0.321373
0.321373
0.0832849
0.0747002
0.0816087
0.0541816
0.0589997
0.0278516
0.0418614
0.0479185
0.030531
0.321373
0.1133
0.0625433
0.147405
0.321373
0.0293383
0.0441669
0.170696
0.321373
0.139638
0.113522
0.146863
0.327142
0.327142
0.272875
0.136216
0.106988
0.163583
0.129184
0.177318
0.327142
0.327142
0.327142
0.105763
0.0831259
0.0855939
0.327142
0.0164616
0.0200762
0.0196429
0.0401911
0.201189
0.0839686
0.0101587
0.00929091
0.0183697
0.0311687
0.0347891
0.0169101
0.0650321
0.191326
0.0444625
0.0267621
0.0310954
0.0380551
0.0773532
0.156902
0.323254
0.342641
0.342641
0.0904012
0.13593
0.102796
0.324286
0.0398424
0.0622009
0.342641
0.342641
0.342641
0.0656596
0.0850634
0.0670728
0.196231
0.0254386
0.0298095
0.0175699
0.0646005
0.232397
0.0463437
0.0237378
0.0360293
0.0320797
0.0309839
0.0348889
0.0416604
0.0374895
0.0541182
0.0268039
0.0230839
0.0257976
0.0166177
0.056053
0.12835
0.353108
0.353108
0.353108
0.183053
0.353108
0.22282
0.329231
0.0351447
0.0767851
0.258044
0.218814
0.241993
0.10625
0.0795967
0.0530851
0.0233479
0.0675049
0.0599169
0.0738111
0.0853631
0.145948
0.0722357
0.0493504
0.067357
0.0341514
0.0307708
0.0583626
0.0734034
0.0835276
0.0753246
0.0525814
0.0444136
0.0628378
0.0482714
0.0775625
0.259563
0.259563
0.259563
0.259563
0.259563
0.1958
0.126028
0.0602711
0.0839303
0.125477
0.184555
0.175188
0.259563
0.259563
0.099379
0.0722811
0.0719921
0.069436
0.125689
0.155852
0.234783
0.170198
0.15653
0.129831
0.182101
0.121254
0.0422974
0.0901658
0.124267
0.158815
0.194486
0.123509
0.116971
0.106747
0.0986692
0.0637735
0.0434892
0.0466927
0.0498051
0.0720608
0.0990032
0.0249342
0.0401162
0.163899
0.462633
0.029318
0.0115062
0.0191425
0.0309096
0.0178058
0.0212637
0.198232
0.462633
0.0638275
0.0266565
0.0263486
0.0394562
0.0461875
0.0311385
0.0290852
0.0370935
0.105578
0.462633
0.0339682
0.0109554
0.0215739
0.0371874
0.0113685
0.0170309
0.14053
0.462633
0.465612
0.0385305
0.0221436
0.0249539
0.0409749
0.0094579
0.0188346
0.202525
0.465612
0.0581384
0.0429722
0.0729357
0.0467518
0.047105
0.0600736
0.0759777
0.0621707
0.0303819
0.465612
0.0398169
0.0141268
0.0216054
0.0367624
0.00959567
0.0140939
0.125878
0.465612
0.0601644
0.142604
0.0408369
0.0333877
0.0705707
0.0270327
0.0349016
0.042597
0.0523581
0.102863
0.0961591
0.12779
0.0701429
0.0619088
0.0406096
0.0547834
0.0602203
0.0329555
0.329091
0.169223
0.104838
0.156982
0.329091
0.072504
0.0723046
0.292741
0.329091
0.0435603
0.100961
0.0574639
0.0398746
0.0700387
0.0434419
0.0406896
0.0406459
0.0195775
0.265236
0.278247
0.0574655
0.0609531
0.217656
0.145606
0.165466
0.27177
0.329091
0.111297
0.148324
0.154277
0.25277
0.25277
0.200456
0.0434221
0.0725334
0.106524
0.100239
0.133751
0.166563
0.204293
0.25277
0.214372
0.168207
0.166443
0.187076
0.109417
0.0950499
0.146363
0.25277
0.25277
0.22055
0.0726393
0.102358
0.112721
0.0621894
0.0963239
0.156076
0.25277
0.25277
0.110933
0.12482
0.110433
0.0663505
0.0840886
0.126162
0.165507
0.221729
0.231716
0.191602
0.126251
0.18289
0.177335
0.105793
0.123761
0.231716
0.228792
0.231716
0.147108
0.121334
0.150368
0.100185
0.0473215
0.108476
0.158813
0.231716
0.231716
0.141614
0.121865
0.0958786
0.0598224
0.055125
0.0607278
0.198645
0.231716
0.231716
0.163947
0.202328
0.231716
0.0678161
0.113541
0.115959
0.187553
0.225773
0.225773
0.160089
0.108512
0.167263
0.116677
0.0642926
0.116162
0.173568
0.224585
0.218762
0.148538
0.158603
0.180677
0.145584
0.0571433
0.0725387
0.193364
0.225773
0.225773
0.218553
0.199195
0.214739
0.0798716
0.0266527
0.0888357
0.15704
0.225773
0.225773
0.108877
0.0914133
0.225773
0.127461
0.0701766
0.118494
0.171668
0.232639
0.209513
0.169642
0.179918
0.212367
0.171854
0.0432248
0.114261
0.188503
0.19306
0.232639
0.136534
0.13738
0.132587
0.122078
0.0344847
0.1058
0.168405
0.232639
0.232639
0.144226
0.113479
0.209702
0.137206
0.0315369
0.107893
0.151222
0.232639
0.232639
0.203744
0.192354
0.176081
0.0847981
0.0558164
0.0246671
0.0336254
0.0400521
0.0473378
0.0288863
0.0291227
0.0332167
0.0967766
0.47953
0.0359849
0.0175121
0.0280218
0.0428228
0.0101602
0.0174257
0.122575
0.47953
0.0143082
0.0218369
0.0359452
0.0728631
0.089795
0.0450854
0.0431919
0.0349071
0.0346103
0.47953
0.0447873
0.0368958
0.0333776
0.0658681
0.00510731
0.016355
0.0944812
0.47953
0.464507
0.0409562
0.0210097
0.0287471
0.0418212
0.0123485
0.0146978
0.109464
0.464507
0.0729849
0.100369
0.0470445
0.0467878
0.0833898
0.0402252
0.0278558
0.0443161
0.0480959
0.437219
0.0430791
0.0673634
0.0316476
0.0657799
0.00907455
0.0167415
0.0924895
0.464507
0.117269
0.15089
0.148538
0.0877881
0.0922105
0.0332797
0.0265286
0.0295198
0.113803
0.0474513
0.0803465
0.0610602
0.0405551
0.0691192
0.0397133
0.0339589
0.041017
0.016849
0.30605
0.238325
0.0712898
0.0567313
0.196459
0.121528
0.0890824
0.233901
0.319198
0.068338
0.132606
0.144446
0.066722
0.0901529
0.033232
0.0369595
0.0351877
0.0346944
0.318305
0.319198
0.0796737
0.145239
0.319198
0.0269727
0.0461835
0.319198
0.319198
0.0839006
0.0727566
0.106229
0.215278
0.301568
0.163926
0.0507025
0.0692895
0.082398
0.0322231
0.0764311
0.134195
0.203336
0.283455
0.125234
0.0662703
0.0731041
0.0313594
0.0225277
0.039197
0.116334
0.301568
0.301568
0.301568
0.037347
0.0424644
0.0821188
0.00952493
0.0388393
0.0901248
0.301568
0.301568
0.301568
0.197637
0.0695399
0.016763
0.0237529
0.0684304
0.122902
0.164895
0.241479
0.116277
0.0552739
0.0549013
0.037498
0.0310325
0.0392244
0.090831
0.243947
0.224215
0.132665
0.100707
0.128566
0.038921
0.0101114
0.0456597
0.0727369
0.293413
0.308198
0.308198
0.116432
0.086152
0.0883273
0.12562
0.12802
0.0865361
0.308198
0.308198
0.308198
0.0754247
0.107795
0.229311
0.0310586
0.0428792
0.0902425
0.223125
0.269528
0.151334
0.095394
0.103051
0.050473
0.0203662
0.0612394
0.092923
0.173739
0.273698
0.129444
0.0614134
0.0955504
0.0569751
0.116326
0.1474
0.0949287
0.301132
0.301132
0.286003
0.0490687
0.14978
0.280982
0.0287966
0.0340026
0.0508788
0.301132
0.301132
0.25991
0.0250163
0.0614352
0.0393231
0.0275804
0.0791001
0.116548
0.205243
0.313944
0.167582
0.0760475
0.0853561
0.0737567
0.0193872
0.0715979
0.100897
0.223722
0.313944
0.194424
0.129324
0.132064
0.0580243
0.0381326
0.0520999
0.0709749
0.313944
0.313944
0.282691
0.0416183
0.0711186
0.0242131
0.0510781
0.0395042
0.0168643
0.313944
0.313944
0.189234
0.108347
0.0946625
0.0281218
0.0110094
0.0184785
0.0318273
0.0720921
0.107742
0.0673598
0.0413649
0.0343086
0.0327539
0.348543
0.0371834
0.0458745
0.0450259
0.0765974
0.0167939
0.0548153
0.204175
0.43434
0.0205717
0.0131048
0.0102463
0.11599
0.255881
0.0657903
0.0356311
0.0260134
0.00933886
0.216697
0.0281316
0.0633664
0.0851724
0.138237
0.0654467
0.247037
0.43434
0.43434
0.314563
0.0351174
0.0549853
0.0479021
0.077888
0.0276007
0.0508541
0.179857
0.370334
0.113807
0.128594
0.132238
0.0938792
0.0914314
0.0419113
0.0250965
0.0474782
0.110068
0.173768
0.0290565
0.0611757
0.106425
0.158573
0.0746704
0.181834
0.370334
0.370334
0.172112
0.213807
0.0915622
0.14398
0.104344
0.01389
0.0674603
0.271553
0.238062
0.067058
0.111258
0.113234
0.0631267
0.0771226
0.0325827
0.0335632
0.0392888
0.0344357
0.303897
0.300022
0.0850403
0.122178
0.266483
0.0165377
0.0579178
0.303897
0.303897
0.115525
0.152745
0.0808556
0.115731
0.0676879
0.0130344
0.0233483
0.0374718
0.0629323
0.249186
0.303897
0.216349
0.116373
0.130116
0.0193077
0.0866111
0.303897
0.303897
