0.0246727
0.093854
0.216381
0.19814
0.440151
0.392845
0.0403882
0.0180562
0.0406941
0.0164293
0.105921
0.120578
0.260483
0.440151
0.379458
0.107071
0.0341954
0.0465944
0.0347213
0.0284439
0.0327694
0.106847
0.189288
0.10027
0.0740715
0.0304362
0.0374311
0.012064
0.0249619
0.0279803
0.0926635
0.120725
0.0636318
0.0620777
0.0721321
0.0200973
0.0235769
0.116828
0.0445932
0.163139
0.291556
0.209142
0.0818564
0.0187073
0.0375523
0.127569
0.117255
0.276339
0.291556
0.291556
0.241456
0.184543
0.0557237
0.20638
0.053182
0.0558801
0.0235522
0.0805971
0.122456
0.0443522
0.0264231
0.0288231
0.0513149
0.248157
0.114777
0.0869993
0.291556
0.291556
0.154867
0.0745603
0.0672732
0.291556
0.0993223
0.0981661
0.180546
0.249374
0.283316
0.217605
0.157774
0.0358998
0.155713
0.0185228
0.0509479
0.0895919
0.283107
0.283316
0.247112
0.0488472
0.0129144
0.0309735
0.221986
0.147296
0.0781011
0.253149
0.283316
0.112535
0.0366234
0.0336507
0.283316
0.0338044
0.0376265
0.0336684
0.109491
0.283316
0.230261
0.0615484
0.016204
0.0430612
0.0164183
0.077998
0.118329
0.26951
0.26951
0.26951
0.0999301
0.0186414
0.0310939
0.019322
0.0574776
0.0686138
0.149378
0.218903
0.26951
0.26951
0.26951
0.26951
0.0276446
0.0690285
0.0487093
0.127473
0.26951
0.240857
0.0514683
0.035693
0.038026
0.0492651
0.0760843
0.0380649
0.149449
0.265779
0.26951
0.149026
0.116481
0.100291
0.0630317
0.0921325
0.122407
0.181819
0.195753
0.217578
0.217578
0.217578
0.217578
0.170117
0.192368
0.160698
0.217578
0.199959
0.138643
0.15004
0.127805
0.115538
0.0463435
0.0577241
0.0451968
0.128968
0.217578
0.217578
0.172617
0.138684
0.132201
0.0772385
0.193723
0.217578
0.195824
0.212658
0.199726
0.163765
0.165353
0.0866483
0.177718
0.168628
0.150271
0.206651
0.206651
0.140023
0.164626
0.119141
0.118798
0.0728399
0.184786
0.206651
0.147166
0.176429
0.192022
0.206651
0.184414
0.119433
0.0763956
0.179306
0.206651
0.203538
0.177549
0.203233
0.206651
0.149251
0.126725
0.0271098
0.11152
0.141956
0.206651
0.206651
0.122426
0.166096
0.166591
0.170695
0.0878957
0.211859
0.211859
0.139648
0.211859
0.211859
0.211859
0.211859
0.17914
0.0739852
0.174211
0.182519
0.149933
0.20281
0.127042
0.138801
0.148866
0.147988
0.0385199
0.126486
0.145541
0.211859
0.211859
0.152372
0.211859
0.211859
0.211859
0.0733676
0.090724
0.125484
0.187666
0.181526
0.0535766
0.16441
0.197112
0.0810879
0.178631
0.105117
0.108141
0.234332
0.234332
0.230879
0.149273
0.154915
0.166135
0.0372175
0.0819334
0.09707
0.228081
0.234332
0.183334
0.14297
0.190061
0.0642283
0.0614259
0.0799572
0.0945316
0.212792
0.228178
0.234332
0.111914
0.168382
0.143002
0.059658
0.0930312
0.234332
0.234332
0.234332
0.220566
0.101181
0.0874363
0.115819
0.0505928
0.0461891
0.0276324
0.0878756
0.130159
0.0403339
0.0242566
0.0300927
0.0613074
0.257216
0.0975998
0.0817932
0.331385
0.331385
0.0931316
0.0757692
0.0842042
0.331385
0.0411519
0.0672074
0.0568679
0.129001
0.195701
0.0362365
0.0183689
0.0199668
0.0372393
0.331385
0.0903086
0.0314061
0.331385
0.331385
0.0806647
0.0408153
0.0726159
0.331385
0.224045
0.13054
0.0743285
0.283316
0.283316
0.0824446
0.038057
0.0426383
0.283316
0.0426334
0.0485567
0.0293295
0.110886
0.283316
0.266376
0.0644577
0.0129225
0.0417176
0.283316
0.153943
0.0513089
0.283316
0.283316
0.0805384
0.0347471
0.0611654
0.283316
0.0925174
0.107144
0.0559226
0.167729
0.283316
0.0838937
0.0282719
0.0196476
0.0558735
0.0400216
0.0932595
0.0484609
0.140253
0.236018
0.236018
0.0588109
0.0409007
0.0473686
0.0596437
0.0805156
0.0703426
0.235565
0.236018
0.236018
0.130369
0.127999
0.130502
0.176038
0.193563
0.108162
0.209453
0.236018
0.150977
0.0814071
0.0772198
0.143547
0.21546
0.166273
0.168876
0.236018
0.236018
0.184676
0.220643
0.168489
0.236018
0.0575162
0.0505469
0.0633704
0.166356
0.215469
0.215469
0.143277
0.135308
0.14294
0.102176
0.147732
0.208762
0.161436
0.17982
0.215469
0.159529
0.172174
0.0872082
0.207098
0.121873
0.116371
0.168241
0.215469
0.199672
0.206048
0.204339
0.215469
0.116772
0.145862
0.138226
0.0998903
0.215469
0.201641
0.170866
0.175927
0.198008
0.119757
0.156586
0.202325
0.186018
0.193874
0.217384
0.217384
0.149495
0.126564
0.0490763
0.117603
0.134912
0.185868
0.217384
0.144598
0.148241
0.140981
0.150661
0.11294
0.114174
0.134221
0.105704
0.217384
0.217384
0.179724
0.197316
0.217384
0.143317
0.142248
0.086533
0.115862
0.140142
0.185979
0.217384
0.189576
0.215271
0.0575541
0.137864
0.140658
0.213012
0.213012
0.190492
0.213012
0.17474
0.202363
0.0622328
0.0899881
0.161929
0.205475
0.200285
0.0762821
0.126433
0.201895
0.0950745
0.167472
0.126428
0.135784
0.167879
0.19817
0.205172
0.213012
0.213012
0.213012
0.0707539
0.122774
0.208585
0.140353
0.134318
0.107735
0.213012
0.205043
0.115674
0.108557
0.116157
0.139874
0.205367
0.226243
0.217077
0.0961839
0.226243
0.192082
0.0700029
0.1195
0.226243
0.226243
0.226243
0.226243
0.0864751
0.095134
0.111248
0.062641
0.068051
0.166467
0.207121
0.216892
0.226243
0.152705
0.149964
0.130866
0.0975755
0.106734
0.117193
0.208751
0.226243
0.226243
0.161541
0.080566
0.104904
0.0428344
0.057341
0.055998
0.156082
0.230987
0.0409636
0.014523
0.0216184
0.0365706
0.325069
0.0688617
0.0273744
0.325069
0.325069
0.0594341
0.0659023
0.10487
0.325069
0.068156
0.0532573
0.032011
0.109451
0.171192
0.0531084
0.0364585
0.0240937
0.0370922
0.320831
0.0970744
0.0532808
0.302745
0.325069
0.0388942
0.125448
0.20568
0.187924
0.290845
0.152055
0.0582857
0.290845
0.290845
0.0802786
0.0595134
0.0830504
0.290845
0.112667
0.155632
0.0692052
0.190153
0.290845
0.110448
0.0407905
0.025675
0.0540257
0.239742
0.127783
0.0619263
0.290845
0.290845
0.0329205
0.109872
0.153313
0.151178
0.0498524
0.0467735
0.0621039
0.156191
0.290845
0.100808
0.0280847
0.0480896
0.0349849
0.18567
0.231255
0.125463
0.223436
0.231255
0.188779
0.103368
0.0806871
0.142942
0.185124
0.179284
0.187874
0.231255
0.231255
0.215008
0.185573
0.159297
0.231255
0.0538466
0.0845524
0.0689065
0.188312
0.231255
0.119106
0.0618928
0.0705692
0.0806647
0.131025
0.124095
0.0632908
0.129399
0.231255
0.176791
0.132188
0.152571
0.198513
0.175871
0.120123
0.127705
0.19798
0.221907
0.221907
0.190262
0.195254
0.221907
0.118245
0.128736
0.122351
0.0953791
0.221907
0.221907
0.179605
0.194759
0.21751
0.121572
0.0789568
0.0498731
0.0996818
0.220577
0.133629
0.123929
0.155104
0.220704
0.0847632
0.094066
0.0703505
0.0670884
0.129529
0.168557
0.221907
0.221907
0.221907
0.108262
0.101041
0.113075
0.09454
0.222889
0.222889
0.177146
0.194991
0.222889
0.146946
0.145673
0.0912171
0.108059
0.147504
0.182394
0.222889
0.179063
0.194587
0.107946
0.105458
0.10214
0.0741652
0.127038
0.174136
0.222889
0.222889
0.222889
0.119528
0.222889
0.158769
0.139758
0.0867587
0.129088
0.208008
0.222141
0.201847
0.153803
0.134882
0.130107
0.147135
0.213043
0.202936
0.213043
0.191534
0.213043
0.0706533
0.121532
0.179222
0.132153
0.142233
0.108282
0.212176
0.178882
0.0896186
0.163704
0.213043
0.200234
0.174007
0.147673
0.192944
0.213043
0.213043
0.213043
0.0703358
0.153893
0.156302
0.112147
0.201275
0.120756
0.0914025
0.167763
0.155591
0.0449721
0.0547412
0.11657
0.12384
0.159594
0.151783
0.0960875
0.138462
0.0853724
0.0534235
0.0769975
0.0770519
0.181438
0.235236
0.174254
0.101568
0.0751577
0.0671291
0.0448774
0.065771
0.0425939
0.184968
0.465073
0.18455
0.077937
0.100231
0.0716772
0.0465283
0.079729
0.0989382
0.318766
0.465073
0.242644
0.109456
0.0633008
0.0546742
0.078318
0.0576668
0.0331322
0.134715
0.192421
0.0557923
0.0403291
0.0329722
0.041642
0.292947
0.128675
0.0561009
0.292947
0.292947
0.041169
0.141595
0.226905
0.234992
0.0376383
0.0530828
0.0361384
0.160162
0.292947
0.0894604
0.0568784
0.0335583
0.0189117
0.292947
0.137195
0.0689978
0.292947
0.292947
0.0351383
0.108305
0.120627
0.287776
0.277557
0.156848
0.076356
0.277557
0.277557
0.0399077
0.136471
0.180278
0.195363
0.0723028
0.0723811
0.0577484
0.186324
0.277557
0.102031
0.0404517
0.0463016
0.0257393
0.277557
0.15286
0.0722978
0.277557
0.277557
0.0444084
0.130981
0.11369
0.244833
0.172036
0.0646479
0.0308341
0.11409
0.277557
0.133437
0.0477365
0.0375677
0.0958183
0.0739626
0.115727
0.0819296
0.237928
0.245161
0.120759
0.0854142
0.0744829
0.0874883
0.15206
0.19125
0.0830139
0.171935
0.245161
0.197105
0.122508
0.176121
0.235442
0.22095
0.123171
0.0470273
0.127883
0.245161
0.16086
0.0922462
0.0650449
0.191479
0.14375
0.165352
0.132891
0.0686397
0.245161
0.245161
0.113814
0.210911
0.245161
0.124727
0.0999877
0.0548899
0.113188
0.218115
0.145971
0.123421
0.174157
0.222755
0.147499
0.148591
0.0840477
0.0814338
0.102932
0.173694
0.222755
0.222755
0.222755
0.12108
0.124456
0.0969162
0.0500928
0.222755
0.214421
0.117796
0.170849
0.222755
0.120419
0.204392
0.153821
0.0525488
0.222755
0.189453
0.222755
0.222755
0.222755
0.121043
0.119495
0.0884983
0.0684564
0.0909172
0.157036
0.217266
0.217266
0.217266
0.108842
0.208707
0.151128
0.110816
0.129003
0.117929
0.199255
0.217266
0.186303
0.0669033
0.132421
0.113211
0.0599555
0.217266
0.196153
0.217266
0.217266
0.162179
0.099367
0.217266
0.217266
0.123001
0.217266
0.119464
0.196366
0.17278
0.217266
0.134904
0.220634
0.178596
0.141532
0.186545
0.172992
0.209904
0.220634
0.220634
0.0720594
0.120375
0.128074
0.107153
0.170453
0.129344
0.117313
0.106011
0.11794
0.116388
0.220634
0.220634
0.153169
0.220634
0.167422
0.220634
0.220634
0.220634
0.0705668
0.0942403
0.165064
0.181615
0.177063
0.0766614
0.101701
0.220634
0.123824
0.0120314
0.0328805
0.03354
0.0586951
0.325767
0.108486
0.022403
0.0342708
0.0214566
0.0169734
0.0318417
0.0564036
0.151179
0.325767
0.0730109
0.0314623
0.0317319
0.0442576
0.0176279
0.0979506
0.106671
0.21817
0.325767
0.325767
0.0657149
0.0206806
0.0110443
0.116643
0.158661
0.180767
0.325767
0.325767
0.202462
0.223006
0.0701054
0.25707
0.0314373
0.0438915
0.0348337
0.164067
0.276071
0.0757917
0.0389372
0.0339383
0.0372696
0.276071
0.128748
0.0542263
0.250784
0.276071
0.0255342
0.0697169
0.0764778
0.232491
0.113084
0.110712
0.12867
0.276071
0.276071
0.153509
0.1883
0.0622169
0.227451
0.258691
0.164569
0.0668294
0.263609
0.276071
0.0343966
0.0113615
0.0124016
0.168475
0.28248
0.176371
0.0810661
0.28248
0.28248
0.0760554
0.117692
0.099088
0.2551
0.161
0.070703
0.0246635
0.110932
0.28248
0.147082
0.0416975
0.0269337
0.0807129
0.28248
0.200007
0.0983033
0.28248
0.28248
0.117619
0.0410018
0.0473977
0.162107
0.154931
0.0809068
0.0540432
0.104977
0.256528
0.0986111
0.0548897
0.0679868
0.115831
0.15987
0.100307
0.0428977
0.117066
0.241125
0.182267
0.07946
0.0412505
0.131794
0.133266
0.158232
0.0969882
0.0827987
0.241125
0.241125
0.107927
0.199848
0.241125
0.241125
0.115966
0.0673677
0.12115
0.241125
0.188367
0.130862
0.100047
0.241125
0.241125
0.18562
0.053318
0.122928
0.241125
0.109007
0.137596
0.14024
0.241125
0.13591
0.126511
0.0828514
0.0669534
0.229316
0.229316
0.137513
0.189784
0.229316
0.190678
0.229316
0.132557
0.0872493
0.229316
0.193079
0.229316
0.229316
0.229316
0.229316
0.146534
0.049976
0.102774
0.229316
0.140764
0.167288
0.108896
0.229316
0.0787715
0.0764957
0.0788484
0.130269
0.229316
0.0673032
0.0763032
0.104465
0.136731
0.103804
0.16815
0.10653
0.079183
0.22334
0.222934
0.22334
0.22334
0.216526
0.118885
0.22334
0.22334
0.131583
0.22334
0.206811
0.221114
0.22334
0.22334
0.048761
0.0674201
0.0740474
0.106014
0.186271
0.110299
0.0907873
0.102194
0.101616
0.0876156
0.13397
0.0873382
0.0652005
0.193948
0.219777
0.0925873
0.207845
0.22334
0.0972411
0.22081
0.22081
0.121722
0.22081
0.209434
0.22081
0.22081
0.22081
0.0635682
0.0909079
0.144678
0.140768
0.163906
0.112999
0.142201
0.22081
0.0967319
0.0921013
0.125903
0.0922301
0.0606932
0.170876
0.218334
0.137172
0.217229
0.22081
0.0977482
0.106555
0.11886
0.0821878
0.205386
0.108083
0.216743
0.22081
0.22081
0.0174464
0.107373
0.110904
0.185519
0.307259
0.307259
0.0452074
0.0135242
0.00967741
0.114376
0.183378
0.182125
0.307259
0.307259
0.22537
0.12373
0.12361
0.268733
0.019443
0.0555147
0.0613755
0.133143
0.291322
0.12164
0.0479526
0.0423108
0.0216368
0.0650997
0.133067
0.0481291
0.107594
0.275247
0.132284
0.126904
0.188787
0.134167
0.107608
0.148528
0.118991
0.298181
0.310974
0.177097
0.101948
0.0999142
0.215942
0.260763
0.189838
0.0863514
0.249627
0.310974
0.0425395
0.00783974
0.00679039
0.146587
0.0577435
0.122154
0.0436513
0.0828829
0.21977
0.113129
0.110569
0.128176
0.106975
0.101854
0.160133
0.0918452
0.310974
0.310974
0.0370794
0.0415115
0.0379985
0.06056
0.311345
0.272722
0.132739
0.315877
0.315877
0.158791
0.0334663
0.0369064
0.154275
0.149224
0.0857113
0.0524446
0.110592
0.26705
0.109036
0.0520548
0.060865
0.120539
0.120526
0.173879
0.107383
0.315877
0.315877
0.09281
0.0633765
0.0300884
0.0748628
0.0474018
0.0411836
0.0330509
0.158751
0.315877
0.0716449
0.0191386
0.00993775
0.0258736
0.252874
0.145241
0.0814513
0.167333
0.252874
0.252874
0.148578
0.120184
0.252874
0.252874
0.252874
0.0447973
0.177589
0.252874
0.144883
0.169899
0.158851
0.252874
0.0558155
0.0180453
0.0304114
0.101353
0.234477
0.15241
0.057683
0.0241638
0.0563001
0.0350431
0.0170042
0.0656881
0.210256
0.252874
0.202198
0.115641
0.111746
0.083056
0.267187
0.204205
0.0440778
0.147687
0.267187
0.202538
0.209888
0.143349
0.267187
0.132537
0.10458
0.0792577
0.197202
0.267187
0.081775
0.097798
0.170566
0.190984
0.0365626
0.0180799
0.0380687
0.161359
0.267187
0.202841
0.158438
0.119945
0.107322
0.116671
0.120315
0.0341742
0.20492
0.267187
0.0795269
0.108754
0.150773
0.107993
0.0733525
0.08441
0.081436
0.12629
0.228763
0.136898
0.110654
0.172169
0.16719
0.12476
0.209327
0.121842
0.125995
0.238648
0.238648
0.107696
0.238648
0.238648
0.0852233
0.0837512
0.0313503
0.110174
0.238648
0.101466
0.15592
0.190027
0.130208
0.0464163
0.0549724
0.0326329
0.216324
0.238648
0.238648
0.238648
0.238648
0.204004
0.0993905
0.144587
0.0949995
0.0693429
0.187191
0.22719
0.134209
0.22719
0.22719
0.102437
0.110269
0.0886056
0.070727
0.22719
0.132345
0.22719
0.22719
0.22719
0.037377
0.0297327
0.0357128
0.109381
0.175444
0.22719
0.22719
0.22719
0.184505
0.0647786
0.0442522
0.0356962
0.110065
0.22719
0.22719
0.22719
0.220429
0.17273
0.0296578
0.0922985
0.0829976
0.196326
0.304929
0.222405
0.0446067
0.0452304
0.0237097
0.104425
0.256961
0.0849463
0.176904
0.304929
0.239853
0.135623
0.283999
0.225236
0.0113434
0.0521709
0.0335174
0.243834
0.304929
0.133579
0.0169026
0.0154584
0.00703493
0.0234101
0.0465007
0.123548
0.304929
0.304929
0.0424026
0.0188591
0.0363046
0.0123886
0.0657982
0.179427
0.0548709
0.0872552
0.306851
0.140706
0.0834841
0.144199
0.110155
0.191183
0.257311
0.116891
0.306851
0.306851
0.0443401
0.0389408
0.0342931
0.0560315
0.0149556
0.0306552
0.0616871
0.171129
0.306851
0.0366847
0.020205
0.0197621
0.010546
0.281632
0.306851
0.103476
0.244967
0.306851
0.0600253
0.061213
0.0798602
0.0609822
0.17706
0.264454
0.128254
0.30877
0.30877
0.0863988
0.0523702
0.0291982
0.0572335
0.0655105
0.0484937
0.033949
0.139675
0.303396
0.0572316
0.0128161
0.00694627
0.0458907
0.288314
0.30877
0.101888
0.30877
0.30877
0.0870215
0.0742005
0.0729531
0.0454315
0.105748
0.0645441
0.0293479
0.15787
0.296446
0.0253426
0.0171689
0.0248838
0.147465
0.0413188
0.0159535
0.0362212
0.108294
0.259798
0.131109
0.0343585
0.021715
0.0691931
0.0468068
0.0228049
0.0529369
0.220504
0.259798
0.181231
0.106462
0.0806918
0.0794373
0.0986174
0.0440295
0.0296967
0.259798
0.259798
0.0685238
0.0290196
0.0592571
0.243264
0.201073
0.259798
0.240096
0.259798
0.259798
0.19243
0.185964
0.244564
0.259798
0.0330601
0.0193249
0.0309431
0.148052
0.243426
0.162095
0.109378
0.0872149
0.0867768
0.109675
0.100025
0.02442
0.19587
0.243426
0.0795839
0.10983
0.128282
0.117174
0.162652
0.213932
0.176397
0.228521
0.243426
0.175937
0.14176
0.239517
0.243426
0.102468
0.156717
0.0677478
0.223658
0.243426
0.124927
0.19884
0.243426
0.219939
0.0644833
0.0511099
0.0204231
0.0894151
0.236617
0.100283
0.123403
0.156611
0.117337
0.0482303
0.0461672
0.0324159
0.205735
0.236617
0.236617
0.22345
0.236617
0.154524
0.0653723
0.0802249
0.060035
0.14618
0.236617
0.14452
0.17803
0.219216
0.190115
0.0362621
0.0558177
0.201919
0.236617
0.162704
0.227094
0.236617
0.236617
0.236617
0.0438308
0.0283377
0.0328715
0.12521
0.180162
0.226148
0.214579
0.226148
0.180472
0.0773957
0.0494402
0.0524063
0.136657
0.226148
0.173786
0.22487
0.200135
0.175724
0.0351897
0.0444116
0.169315
0.226148
0.188354
0.226148
0.226148
0.226148
0.226148
0.107892
0.0796853
0.123692
0.178279
0.226148
0.210376
0.135691
0.145604
0.106308
0.0262818
0.0845342
0.0568728
0.341066
0.423585
0.274501
0.0262595
0.0220757
0.00989221
0.0304511
0.07986
0.208074
0.423585
0.423585
0.0953951
0.0274159
0.00847924
0.00489801
0.0609025
0.10341
0.0829612
0.161494
0.151231
0.0530034
0.0670446
0.0583264
0.0224209
0.0550243
0.131184
0.154489
0.18234
0.181724
0.0260971
0.0247016
0.0428796
0.0469778
0.0170802
0.0403275
0.0784787
0.207314
0.339423
0.0530566
0.0191039
0.00614492
0.00299554
0.339423
0.339423
0.109939
0.339423
0.339423
0.0632543
0.0514023
0.0734064
0.107512
0.0333414
0.065592
0.0569164
0.0731026
0.0858438
0.02597
0.0128695
0.0186862
0.0142658
0.219008
0.207536
0.0974323
0.277156
0.339423
0.0888368
0.0273126
0.0316206
0.0951374
0.258463
0.315396
0.0741281
0.296247
0.31983
0.0595814
0.0429491
0.0438842
0.0446542
0.110056
0.0571264
0.0266121
0.130997
0.255409
0.0183702
0.00986156
0.0189203
0.143992
0.154852
0.154068
0.0735068
0.31086
0.31983
0.0697628
0.017186
0.0235877
0.0425083
0.08007
0.0800713
0.117465
0.31983
0.31983
0.0194381
0.0106969
0.0312012
0.128904
0.0862376
0.0435005
0.0294788
0.197417
0.301991
0.0412119
0.0162962
0.0339059
0.181407
0.170971
0.192296
0.137935
0.215993
0.301991
0.14144
0.126338
0.133244
0.247939
0.0810347
0.0917596
0.142725
0.301991
0.301991
0.0255602
0.0217227
0.0380788
0.124813
0.188035
0.119486
0.0962556
0.121354
0.243039
0.170911
0.103274
0.122384
0.248738
0.176379
0.183793
0.130023
0.193598
0.220972
0.142344
0.115479
0.163828
0.220972
0.0952113
0.164064
0.0589941
0.163616
0.220972
0.14846
0.174513
0.170467
0.181175
0.160321
0.109269
0.0976249
0.129356
0.220972
0.148726
0.132565
0.143606
0.220972
0.220972
0.107502
0.0637801
0.0624292
0.168533
0.194436
0.204858
0.220972
0.214376
0.066046
0.0828679
0.05388
0.111245
0.182113
0.163964
0.160538
0.186821
0.158353
0.0596183
0.0725491
0.151654
0.235927
0.123533
0.221925
0.235927
0.235927
0.235927
0.147117
0.0638484
0.0968769
0.0678001
0.144299
0.145036
0.206766
0.203699
0.16431
0.087286
0.111166
0.222927
0.208526
0.137326
0.191424
0.235927
0.235927
0.189564
0.0544074
0.0592006
0.131415
0.206637
0.144071
0.224219
0.224219
0.224219
0.224219
0.0980908
0.0895141
0.137829
0.179798
0.189487
0.145395
0.157813
0.115099
0.091831
0.0688086
0.120764
0.224219
0.215332
0.153274
0.155327
0.224219
0.224219
0.11854
0.0658948
0.112
0.224219
0.198495
0.203512
0.192993
0.14236
0.19837
0.126892
0.0322739
0.0475094
0.0418488
0.0572214
0.0609269
0.0313736
0.0321867
0.0237344
0.0118408
0.0268424
0.0638861
0.0851599
0.0873994
0.136893
0.0416436
0.01709
0.0163539
0.0149373
0.0346446
0.172071
0.300637
0.300637
0.300637
0.233679
0.162854
0.0387036
0.00334157
0.214984
0.300637
0.295458
0.276574
0.300637
0.300637
0.179097
0.017461
0.21485
0.0261932
0.0531714
0.0543159
0.0596931
0.0979008
0.0312602
0.0108406
0.0107508
0.00804541
0.170338
0.126902
0.0585141
0.245693
0.358825
0.0605158
0.0161271
0.017578
0.0936547
0.183801
0.358825
0.247532
0.241412
0.358825
0.170696
0.143908
0.00911598
0.0853288
0.103167
0.0560905
0.0266044
0.17897
0.358825
0.203896
0.0605959
0.0430466
0.194963
0.128621
0.105618
0.0516824
0.274465
0.355313
0.0485183
0.0122218
0.0145748
0.0439419
0.0882012
0.0650181
0.073995
0.355313
0.355313
0.0124895
0.00724124
0.0237561
0.117021
0.127189
0.0385353
0.0429818
0.233897
0.355313
0.130455
0.040014
0.0350778
0.127541
0.110628
0.0769961
0.0514163
0.288097
0.355313
0.0356561
0.00200284
0.00721619
0.104857
0.107578
0.0934096
0.107881
0.333167
0.333167
0.0188143
0.0167453
0.0313859
0.136146
0.183377
0.120544
0.0865466
0.107876
0.23746
0.184147
0.0997908
0.102798
0.264165
0.150714
0.107556
0.0900522
0.333167
0.333167
0.0711697
0.0167414
0.034179
0.0821145
0.183027
0.109076
0.0912027
0.0922873
0.20678
0.1104
0.163055
0.171245
0.165158
0.201212
0.137461
0.106852
0.144039
0.221473
0.167653
0.141405
0.135945
0.221473
0.199335
0.14797
0.0803026
0.110556
0.188626
0.221473
0.221473
0.205933
0.221473
0.177442
0.112469
0.109821
0.13165
0.221473
0.154394
0.171518
0.201588
0.164857
0.0585101
0.11671
0.0844098
0.221473
0.221473
0.0374466
0.121892
0.174768
0.160022
0.142865
0.118493
0.120942
0.0971571
0.169349
0.183683
0.226733
0.210758
0.217842
0.126144
0.197209
0.226013
0.214994
0.158531
0.226733
0.226733
0.226733
0.226733
0.0516533
0.0967075
0.110628
0.191835
0.203072
0.0365374
0.0842614
0.121964
0.14477
0.0550195
0.107553
0.155617
0.180332
0.188173
0.14124
0.140744
0.171952
0.174011
0.0907892
0.189402
0.228281
0.195973
0.16156
0.170622
0.228281
0.228281
0.13618
0.041725
0.103908
0.228281
0.216292
0.196277
0.222735
0.228281
0.217483
0.124259
0.0512911
0.103239
0.14884
0.126643
0.163203
0.115837
0.114664
0.108767
0.144552
0.0715209
0.070213
0.0878843
0.205474
0.228281
0.120856
0.15513
0.180751
0.228281
0.0197704
0.0890339
0.17877
0.22405
0.25547
0.190636
0.115474
0.0329996
0.00692269
0.118994
0.25547
0.252572
0.251315
0.25547
0.25547
0.100662
0.00671845
0.124444
0.0167345
0.0512263
0.0799488
0.107535
0.191765
0.157992
0.183231
0.129866
0.0882634
0.164182
0.25547
0.25547
0.25547
0.222763
0.0512022
0.071431
0.0194496
0.0978651
0.114051
0.295218
0.21779
0.240078
0.295218
0.143133
0.0876476
0.00483321
0.0571432
0.0874604
0.0460714
0.026969
0.139612
0.295218
0.160757
0.0583348
0.035219
0.144884
0.115697
0.277984
0.175526
0.23963
0.246949
0.0373872
0.0620343
0.027409
0.0610859
0.174011
0.132123
0.0651372
0.18785
0.238839
0.03186
0.0933538
0.129363
0.295218
0.114295
0.0424237
0.0471331
0.236197
0.33771
0.134345
0.0460839
0.0361864
0.121815
0.112842
0.0850188
0.0450793
0.31722
0.33771
0.0320389
0.00633701
0.00721149
0.0998785
0.211591
0.0991148
0.0585008
0.287525
0.33771
0.0149995
0.0543021
0.14166
0.33771
0.192525
0.037454
0.0372267
0.092067
0.158474
0.00988898
0.0249729
0.0106836
0.250379
0.141637
0.123459
0.0869837
0.30651
0.30651
0.0634098
0.0171981
0.0293469
0.0916055
0.158913
0.132773
0.0955473
0.0949039
0.237022
0.133288
0.173273
0.168079
0.20186
0.225063
0.0779575
0.101634
0.208567
0.30651
0.0217197
0.0403549
0.0308761
0.199937
0.176441
0.136008
0.0556813
0.206938
0.30651
0.107289
0.0916805
0.0776483
0.242272
0.16734
0.13584
0.122479
0.138891
0.242756
0.171925
0.196909
0.199529
0.230196
0.0378382
0.129327
0.103178
0.242756
0.242756
0.045184
0.163861
0.197543
0.241554
0.189622
0.164696
0.0878742
0.242756
0.242756
0.143659
0.153948
0.117303
0.242756
0.0678169
0.0321504
0.00416122
0.204024
0.242756
0.0518812
0.0591856
0.0379029
0.0820441
0.0496507
0.177148
0.181097
0.243961
0.243961
0.0596708
0.141958
0.173549
0.243961
0.0786049
0.221764
0.230776
0.243961
0.243961
0.21803
0.188975
0.243961
0.243961
0.0877869
0.0252999
0.00254162
0.130411
0.243961
0.0678776
0.0763733
0.04694
0.141704
0.23288
0.00555828
0.00421673
0.0650444
0.161056
0.0429729
0.0298698
0.082063
0.243961
0.0642672
0.201307
0.188756
0.179399
0.239945
0.155953
0.136683
0.146625
0.204913
0.0919741
0.105633
0.0924314
0.239945
0.239945
0.154973
0.239945
0.239629
0.239945
0.146802
0.017006
0.0109747
0.0406078
0.139042
0.0418262
0.0268303
0.0546645
0.239945
0.157925
0.0366138
0.073517
0.239945
0.239945
0.232671
0.0458782
0.1302
0.239945
0.0131576
0.0375344
0.0259358
0.0655376
0.199788
0.235199
0.225883
0.162457
0.09277
0.16285
0.266882
0.266882
0.266882
0.233116
0.0494444
0.0405336
0.0168586
0.105351
0.0424573
0.0174727
0.0197636
0.0524584
0.0871456
0.0995384
0.266882
0.266882
0.266882
0.266882
0.266882
0.108772
0.193165
0.266882
0.0443699
0.0279243
0.0127656
0.00418677
0.134677
0.247341
0.246133
0.247341
0.247341
0.0501962
0.0456115
0.0290032
0.0784672
0.222043
0.146838
0.111898
0.243154
0.247341
0.0750482
0.130282
0.132573
0.247341
0.20657
0.247341
0.121294
0.213156
0.247341
0.0475654
0.0294621
0.0241237
0.0106871
0.090855
0.176381
0.0973057
0.195135
0.247341
0.179369
0.0334731
0.0528619
0.0890328
0.27841
0.112053
0.123671
0.283508
0.283508
0.0564365
0.0872342
0.17297
0.283508
0.227311
0.0562804
0.0742799
0.133103
0.212414
0.024041
0.0562397
0.0248673
0.283508
0.0395675
0.157436
0.153512
0.283508
0.283508
0.209693
0.0468451
0.0722148
0.101312
0.039969
0.0202763
0.049583
0.154234
0.283508
0.130338
0.0338414
0.0242452
0.0721014
0.198438
0.112314
0.170216
0.244248
0.286356
0.0305477
0.0714126
0.0479632
0.224878
0.207227
0.229836
0.0835949
0.224313
0.286356
0.143802
0.131633
0.0901022
0.286356
0.0519877
0.0306444
0.0796222
0.226032
0.286356
0.1414
0.037357
0.0151459
0.049711
0.0320085
0.0413546
0.042675
0.233202
0.286356
0.202877
0.0426667
0.0218744
0.0609937
0.192708
0.234964
0.118376
0.235959
0.279209
0.189164
0.197327
0.120073
0.279209
0.0732694
0.0363201
0.00558935
0.243501
0.279209
0.0686405
0.0594006
0.045795
0.0849806
0.0352295
0.0394963
0.0534868
0.271441
0.279209
0.279209
0.0650466
0.035241
0.063964
0.0715553
0.0463932
0.0476918
0.196373
0.279209
0.188064
0.0864655
0.103736
0.0829961
0.0847707
0.0216378
0.00355096
0.15403
0.275646
0.106359
0.0762389
0.0635274
0.141333
0.213304
0.00385977
0.00126528
0.0748389
0.21315
0.0844001
0.0851667
0.126975
0.275646
0.0883006
0.0423783
0.0341905
0.159726
0.275646
0.275646
0.104469
0.143574
0.131298
0.132952
0.153439
0.157494
0.177248
0.275646
0.100477
0.275646
0.275646
0.275646
0.118128
0.0166124
0.0102444
0.0441121
0.160693
0.0565507
0.0452603
0.0675177
0.231959
0.162015
0.0699738
0.0903497
0.230501
0.231959
0.155436
0.0916592
0.110426
0.231959
0.0831949
0.10292
0.0739162
0.100243
0.219805
0.0715866
0.221227
0.231959
0.231959
0.193268
0.231959
0.170902
0.130673
0.231959
0.231959
0.231959
0.231959
0.231959
0.0495814
0.0270921
0.0295901
0.06061
0.10281
0.168107
0.292046
0.292046
0.292046
0.292046
0.292046
0.211966
0.196482
0.292046
0.055614
0.0337625
0.018016
0.00613919
0.0103742
0.018384
0.0294312
0.0440374
0.0528165
0.0909132
0.275067
0.225189
0.115031
0.0840063
0.292046
0.292046
0.0888985
0.0947317
0.0492138
0.0441358
0.0265643
0.00737952
0.22984
0.263754
0.168115
0.216761
0.263754
0.0618129
0.035236
0.0298351
0.0164784
0.0934393
0.220761
0.14244
0.263754
0.263754
0.245912
0.0510767
0.0522051
0.048298
0.0581093
0.263754
0.263754
0.109324
0.0972574
0.0493641
0.0299177
0.0195328
0.01528
0.05855
0.263754
0.263754
0.203456
0.263754
0.0848595
0.0711901
0.0672866
0.0579245
0.0277667
0.147658
0.150972
0.303032
0.303032
0.212759
0.0520092
0.0615907
0.0571689
0.0311721
0.0286914
0.064766
0.172014
0.303032
0.121925
0.0496018
0.0364332
0.0552089
0.0705731
0.303032
0.303032
0.204006
0.303032
0.0940705
0.0558969
0.0605716
0.0737912
0.136331
0.0678127
0.0836064
0.278178
0.303032
0.0702178
0.035962
0.0453896
0.126465
0.0355851
0.0558998
0.124368
0.254667
0.353187
0.14746
0.0618036
0.0315916
0.0411779
0.0402756
0.0728855
0.0680558
0.233448
0.353187
0.210743
0.0662152
0.0325474
0.0538027
0.170072
0.101341
0.141224
0.303333
0.353187
0.114091
0.0412114
0.0614786
0.191039
0.0678802
0.0240413
0.0478124
0.203822
0.353187
0.0542927
0.0389873
0.0449259
0.0872162
0.038211
0.0816035
0.105271
0.303048
0.316277
0.316277
0.108294
0.0449832
0.0410912
0.0880152
0.0785017
0.076626
0.273831
0.316277
0.195525
0.0801212
0.100986
0.103371
0.0606693
0.0243721
0.0629527
0.23288
0.316277
0.101647
0.0628581
0.0841612
0.110632
0.148906
0.179433
0.0854437
0.164982
0.316277
0.0747639
0.0382855
0.0914185
0.11265
0.0602775
0.0392086
0.0338505
0.134061
0.258302
0.183415
0.0623257
0.0877372
0.0918238
0.0838077
0.102633
0.0830972
0.140442
0.258302
0.126432
0.258302
0.258302
0.258302
0.0987772
0.0835406
0.0390706
0.0985596
0.224591
0.098277
0.0282008
0.16785
0.181474
0.145368
0.101985
0.0989989
0.141184
0.258302
0.258302
0.258302
0.258302
0.223963
0.0535472
0.0851292
0.0556224
0.0976108
0.184357
0.0887464
0.224376
0.224376
0.20239
0.126563
0.224376
0.165106
0.135041
0.224376
0.179364
0.224376
0.191256
0.224376
0.0897953
0.0500135
0.0426644
0.101706
0.224376
0.224376
0.152398
0.224376
0.224376
0.118158
0.138516
0.0995034
0.122682
0.224376
0.173522
0.132163
0.159849
0.182216
0.0252138
0.0589095
0.0892438
0.092496
0.106143
0.241985
0.373004
0.373004
0.321482
0.110875
0.373004
0.373004
0.159669
0.208539
0.102627
0.11956
0.071388
0.0286117
0.0594585
0.0760566
0.0948775
0.104121
0.11808
0.0457327
0.0981551
0.0652166
0.0528464
0.0540651
0.115498
0.150682
0.136669
0.104812
0.0480029
0.0590496
0.0313946
0.0192372
0.0671535
0.318212
0.318212
0.140667
0.133031
0.0645898
0.0494478
0.0316968
0.0303336
0.117094
0.318212
0.318212
0.318212
0.318212
0.105352
0.107646
0.0861484
0.0806933
0.036668
0.0924152
0.0890017
0.0855163
0.0722456
0.0305985
0.026054
0.0116929
0.0109897
0.0925559
0.200897
0.318212
0.318212
0.0790458
0.02406
0.0288744
0.0147306
0.00685197
0.076456
0.281721
0.281721
0.247145
0.281721
0.0734155
0.0499129
0.0495971
0.0618755
0.1511
0.0656148
0.0834253
0.276224
0.281721
0.060249
0.0354541
0.0468149
0.109119
0.0430422
0.13206
0.281721
0.241292
0.0723195
0.0189217
0.0159252
0.00877462
0.0127036
0.104736
0.281721
0.281721
0.273114
0.246204
0.0138169
0.0190725
0.0199496
0.056854
0.169061
0.0895988
0.118642
0.307982
0.320922
0.100186
0.0391912
0.0668433
0.171663
0.0604746
0.0207069
0.0533035
0.203136
0.320922
0.0313624
0.0286787
0.0365349
0.0731656
0.0999356
0.320922
0.320922
0.320922
0.306784
0.0369774
0.0358181
0.0322556
0.110276
0.0785968
0.0617273
0.0897105
0.104251
0.258165
0.0581859
0.0601306
0.0373173
0.115798
0.0606511
0.0238227
0.092213
0.266324
0.266324
0.0774514
0.05658
0.0854202
0.130041
0.193715
0.206992
0.124876
0.224237
0.266324
0.0684503
0.0447178
0.1031
0.137448
0.0943562
0.0289254
0.096107
0.148898
0.266324
0.115501
0.116363
0.0821435
0.222358
0.266324
0.266324
0.157384
0.197324
0.266324
0.148554
0.11146
0.131173
0.187795
0.103932
0.0853661
0.0540361
0.11942
0.240114
0.0908166
0.0350454
0.139597
0.188999
0.12039
0.112198
0.0962578
0.185884
0.263679
0.263679
0.263679
0.263679
0.195877
0.184671
0.117597
0.102391
0.0940503
0.155363
0.0980839
0.0801036
0.158103
0.263679
0.146535
0.126369
0.0679938
0.156792
0.263679
0.140967
0.0662973
0.151947
0.263679
0.084536
0.0670955
0.0532819
0.138949
0.241542
0.241542
0.232976
0.241542
0.241542
0.120219
0.20486
0.139608
0.166151
0.235066
0.208383
0.196038
0.168715
0.188141
0.112075
0.0990242
0.0695226
0.107086
0.241542
0.118037
0.0613914
0.174653
0.241542
0.197844
0.119634
0.0936356
0.0999464
0.191234
0.0464966
0.0226972
0.0266327
0.241542
0.128703
0.172674
0.194015
0.230764
0.230764
0.126362
0.230662
0.180342
0.120813
0.131033
0.230764
0.230764
0.230764
0.230764
0.0801752
0.108015
0.0789569
0.0681717
0.0679129
0.122631
0.193231
0.213834
0.230764
0.12837
0.18061
0.112311
0.042392
0.0662856
0.119013
0.230764
0.230764
0.230764
0.0339322
0.109439
0.14806
0.0344511
0.0913598
0.19173
0.21272
0.235056
0.178402
0.0463594
0.0473336
0.0339991
0.0374925
0.308387
0.415649
0.415649
0.415649
0.16041
0.0509013
0.0787339
0.0208338
0.00682284
0.0475549
0.0786247
0.113029
0.133353
0.131144
0.0244205
0.0698944
0.0937518
0.0254738
0.0855955
0.0833187
0.113253
0.102567
0.128765
0.0710624
0.0830197
0.149322
0.0875272
0.0713081
0.14146
0.287985
0.287985
0.0905385
0.0268066
0.0249308
0.013419
0.0170408
0.192961
0.287985
0.287985
0.287985
0.287985
0.0221247
0.0268047
0.0354527
0.106501
0.0252074
0.0393668
0.0438869
0.0311189
0.0433191
0.023018
0.027969
0.0445151
0.0237621
0.287985
0.287985
0.287985
0.0851431
0.287985
0.0086301
0.0512014
0.133579
0.214239
0.123826
0.261541
0.261541
0.261541
0.261541
0.0361463
0.0333664
0.0471292
0.135944
0.0860092
0.086167
0.100985
0.117216
0.215918
0.0518422
0.0766617
0.0392883
0.116814
0.261541
0.261541
0.261541
0.089431
0.210926
0.0113792
0.041964
0.0903302
0.137025
0.261541
0.261541
0.195839
0.202627
0.261541
0.041692
0.0553053
0.0386397
0.0368607
0.0750555
0.0501241
0.0573615
0.117921
0.244748
0.0663823
0.0918222
0.0666141
0.162908
0.254274
0.174299
0.0754613
0.164537
0.264042
0.0645514
0.0768593
0.123273
0.159463
0.264042
0.264042
0.113453
0.231633
0.264042
0.0527748
0.0573884
0.0476201
0.0467983
0.256532
0.167737
0.0619721
0.20969
0.264042
0.0455701
0.0813711
0.21591
0.264042
0.180397
0.104378
0.0726169
0.0969547
0.173156
0.0697853
0.0744144
0.149218
0.268259
0.1378
0.107455
0.0660087
0.140804
0.268259
0.126685
0.114439
0.152721
0.268259
0.238769
0.121389
0.0700948
0.15074
0.268259
0.0432664
0.0673343
0.151608
0.268259
0.201046
0.0799503
0.0701663
0.0816697
0.139448
0.0610287
0.24256
0.266618
0.268259
0.119789
0.0885755
0.0785079
0.119548
0.268378
0.115698
0.0908023
0.150484
0.268378
0.190055
0.116291
0.115363
0.130062
0.183124
0.0351807
0.0277557
0.0267795
0.268378
0.245585
0.112996
0.108006
0.101005
0.144183
0.045451
0.169715
0.171985
0.268378
0.268378
0.222372
0.183917
0.156914
0.268378
0.0399175
0.0672476
0.0505881
0.268378
0.103359
0.17888
0.200054
0.223998
0.223998
0.157852
0.190351
0.149892
0.0897908
0.107553
0.156916
0.223998
0.223998
0.223998
0.0501105
0.107198
0.162995
0.0680552
0.171953
0.219561
0.189566
0.113973
0.189556
0.0797606
0.107775
0.167149
0.170881
0.151466
0.189958
0.217086
0.223998
0.223998
0.0732257
0.12424
0.13802
0.096184
0.104691
0.146746
0.218059
0.218059
0.216334
0.0592595
0.104383
0.162083
0.061479
0.180582
0.159776
0.198401
0.180024
0.218059
0.179768
0.13901
0.218059
0.205293
0.122409
0.13123
0.180876
0.218059
0.21742
0.0910923
0.147863
0.131508
0.067276
0.0859806
0.0954146
0.166732
0.132799
0.20522
0.0627129
0.218059
0.218059
0.218059
0.0515638
0.0676485
0.0716685
0.051845
0.0700208
0.0558942
0.0436159
0.081683
0.0519902
0.33086
0.33086
0.33086
0.121929
0.33086
0.0132955
0.119905
0.240415
0.33086
0.0311338
0.0449507
0.0448499
0.0465999
0.078233
0.0243496
0.0744509
0.0978064
0.0791595
0.296025
0.232682
0.0474594
0.0908504
0.180786
0.00683835
0.0542351
0.0800242
0.318529
0.245287
0.245287
0.245287
0.0926155
0.192513
0.00894049
0.049093
0.0966377
0.136188
0.245287
0.245287
0.213204
0.2275
0.245287
0.0513009
0.0903267
0.0430998
0.0374988
0.245287
0.245287
0.0506507
0.101201
0.240701
0.00521348
0.029165
0.0545981
0.11016
0.245287
0.245287
0.153971
0.179863
0.245287
0.0145378
0.0278525
0.0364512
0.0760525
0.261212
0.261212
0.0844176
0.219058
0.261212
0.0467149
0.0692645
0.0474096
0.0359388
0.1962
0.102507
0.036443
0.195825
0.261212
0.0312143
0.0691252
0.173534
0.261212
0.261212
0.261212
0.149525
0.214455
0.261212
0.0122259
0.033038
0.048859
0.0789299
0.152074
0.129669
0.083168
0.174341
0.261212
0.0112805
0.0319631
0.0590684
0.188787
0.205962
0.0942472
0.0531052
0.161831
0.287113
0.038593
0.0713802
0.144566
0.287113
0.166125
0.0625089
0.0688069
0.0954985
0.137917
0.0816201
0.287113
0.287113
0.287113
0.133597
0.125587
0.0810803
0.158313
0.228174
0.0123457
0.0391165
0.051794
0.201533
0.121587
0.0426148
0.0331926
0.0748252
0.0779206
0.0424523
0.225058
0.287113
0.287113
0.178168
0.0863616
0.0882434
0.104077
0.109521
0.05523
0.178323
0.170723
0.24836
0.205633
0.195482
0.182999
0.12728
0.24836
0.0326079
0.0781372
0.0873866
0.24836
0.106772
0.0515709
0.0558357
0.0795752
0.0900004
0.0352644
0.124661
0.232873
0.24836
0.150467
0.203202
0.186678
0.199085
0.24836
0.0671252
0.24836
0.24836
0.209456
