0.29042
0.0916296
0.0488061
0.112817
0.246254
0.00401486
0.024839
0.167793
0.29042
0.196029
0.132568
0.0374357
0.120595
0.29042
0.015156
0.0462744
0.0651407
0.135008
0.29042
0.0438146
0.0315058
0.207436
0.29042
0.0246006
0.113266
0.225448
0.29042
0.100802
0.0541496
0.0351229
0.202068
0.29042
0.0191429
0.0527488
0.104122
0.143254
0.226891
0.140099
0.0279144
0.166183
0.314782
0.0136614
0.0377451
0.0557422
0.0542435
0.314782
0.105446
0.0102044
0.0562141
0.175694
0.007876
0.0185487
0.0358519
0.314782
0.0420604
0.0378054
0.0403873
0.251682
0.314782
0.0188537
0.0563611
0.108918
0.0569211
0.314782
0.149423
0.235389
0.216431
0.171842
0.0266348
0.0673525
0.0721338
0.314782
0.310258
0.069231
0.0124841
0.0449412
0.115917
0.013244
0.0338026
0.0584832
0.310258
0.111321
0.102688
0.0460753
0.0860653
0.193786
0.0402603
0.0673529
0.0848911
0.10471
0.310258
0.105157
0.16816
0.156212
0.200129
0.0781439
0.0657049
0.100866
0.310258
0.0562211
0.0931989
0.282769
0.304744
0.310258
0.251972
0.142938
0.0387406
0.0687354
0.0610427
0.0818955
0.0561622
0.0791771
0.116056
0.0325689
0.07195
0.116426
0.0985974
0.103019
0.261532
0.110171
0.198947
0.261532
0.0916565
0.0590495
0.12879
0.116158
0.0167403
0.0521686
0.215129
0.250671
0.261532
0.261532
0.186671
0.0802935
0.0464865
0.0613397
0.261532
0.261532
0.261532
0.261532
0.261532
0.181947
0.122558
0.0990578
0.10006
0.181449
0.103682
0.157242
0.229585
0.0611938
0.0497153
0.123399
0.14657
0.229585
0.11006
0.0522864
0.120379
0.199209
0.0584532
0.0798354
0.144954
0.229585
0.0356262
0.145661
0.229585
0.229585
0.229585
0.229585
0.162895
0.162724
0.108006
0.0679035
0.145524
0.123976
0.229585
0.216757
0.229585
0.224223
0.229585
0.161744
0.233727
0.123621
0.091505
0.158945
0.233727
0.056946
0.0805622
0.155271
0.233727
0.0595368
0.059996
0.0568983
0.035536
0.100834
0.0222872
0.0743518
0.0889785
0.0644535
0.081091
0.190973
0.177133
0.194952
0.219297
0.209507
0.19261
0.233727
0.174073
0.190868
0.2159
0.170947
0.104658
0.233727
0.212768
0.233727
0.233727
0.233727
0.0727261
0.12031
0.0982781
0.0627249
0.186452
0.0250958
0.0996916
0.12712
0.048522
0.0152487
0.0297671
0.0268347
0.0333948
0.0489639
0.0224198
0.0327414
0.0137231
0.0118264
0.216146
0.260132
0.260132
0.147194
0.260132
0.260132
0.260132
0.260132
0.260132
0.0501985
0.170192
0.249721
0.152358
0.260132
0.260132
0.174449
0.260132
0.054576
0.276669
0.0476657
0.026243
0.223568
0.276669
0.0258252
0.140701
0.225794
0.276669
0.0801885
0.0502509
0.0424498
0.210775
0.276669
0.0405016
0.06368
0.0864795
0.146733
0.182692
0.157698
0.0858412
0.270078
0.276669
0.106661
0.167946
0.204108
0.276669
0.0947258
0.122762
0.0677251
0.134457
0.201897
0.0398353
0.0403925
0.0601187
0.111114
0.0376632
0.0397927
0.0608131
0.299592
0.299592
0.0390021
0.0767347
0.0986174
0.0805803
0.299592
0.139526
0.275749
0.271992
0.236272
0.0244416
0.0705708
0.0931015
0.299592
0.125381
0.149832
0.0939902
0.144514
0.264439
0.031019
0.0343828
0.0777608
0.0998024
0.107864
0.0653165
0.11177
0.161587
0.129095
0.110603
0.182831
0.0924261
0.299592
0.282529
0.0885737
0.178572
0.176076
0.225228
0.075136
0.0720448
0.1096
0.282529
0.0508577
0.0835168
0.282529
0.282529
0.282529
0.242606
0.177588
0.0729918
0.0882293
0.0979744
0.0508009
0.0970195
0.111167
0.0892061
0.0933016
0.126733
0.124921
0.282529
0.0615478
0.0840402
0.134936
0.112772
0.192705
0.207622
0.168118
0.146805
0.0978247
0.0107481
0.0486479
0.249506
0.260353
0.260353
0.254617
0.191697
0.086071
0.0402887
0.0957702
0.260353
0.260353
0.260353
0.260353
0.260353
0.149367
0.111147
0.0691319
0.0478351
0.0629169
0.116155
0.0830771
0.144488
0.182604
0.143482
0.167334
0.10341
0.0830346
0.144859
0.138853
0.147513
0.208366
0.14638
0.147572
0.0690695
0.0332006
0.0492695
0.235488
0.240271
0.240271
0.240271
0.240271
0.16406
0.161709
0.0809507
0.0946867
0.194095
0.119485
0.230506
0.240271
0.240271
0.240271
0.240271
0.142737
0.0744521
0.128736
0.124503
0.131279
0.159775
0.116653
0.129438
0.0827696
0.0425441
0.0694517
0.15088
0.058681
0.131334
0.157581
0.16743
0.120209
0.210444
0.0833835
0.0887505
0.216619
0.190436
0.203755
0.229333
0.229333
0.229333
0.229333
0.141211
0.196742
0.229333
0.195063
0.110088
0.229333
0.206485
0.229333
0.229333
0.229333
0.051368
0.131779
0.0618521
0.113726
0.138007
0.149527
0.122833
0.185585
0.0849062
0.067112
0.149938
0.118438
0.114729
0.148893
0.111904
0.0976955
0.0654628
0.0708284
0.198604
0.231663
0.231663
0.133315
0.217713
0.20663
0.231663
0.231663
0.231663
0.0401568
0.101465
0.137122
0.160684
0.231663
0.231663
0.116172
0.158293
0.0485087
0.073209
0.148899
0.128525
0.117826
0.16798
0.150345
0.121794
0.0573056
0.0807167
0.0765538
0.0927541
0.165291
0.187626
0.222729
0.130802
0.0989142
0.231663
0.197571
0.258782
0.193685
0.0971831
0.258782
0.258782
0.14621
0.187187
0.20616
0.258782
0.11437
0.137986
0.0834287
0.170655
0.258782
0.0609401
0.0404207
0.0751179
0.162239
0.103147
0.241552
0.172579
0.215477
0.258782
0.140052
0.151296
0.195313
0.136394
0.118034
0.137401
0.0456982
0.0907784
0.178992
0.0257666
0.0325544
0.0607021
0.147498
0.172106
0.175731
0.121138
0.214763
0.277322
0.0465415
0.0417059
0.103705
0.162365
0.142141
0.0593869
0.163142
0.219192
0.165207
0.111177
0.244199
0.18325
0.277322
0.199247
0.137072
0.0505683
0.126953
0.277322
0.0409172
0.0397105
0.0758966
0.152112
0.102326
0.00204448
0.0262063
0.0414759
0.136628
0.0641505
0.277322
0.277322
0.277322
0.12457
0.0551767
0.128994
0.144326
0.121677
0.100489
0.160444
0.193806
0.250283
0.105711
0.111926
0.181761
0.147274
0.170996
0.234084
0.235678
0.232044
0.140545
0.0858108
0.0398581
0.0499725
0.057959
0.155883
0.0826461
0.196262
0.250283
0.250283
0.129859
0.119206
0.180265
0.250283
0.250283
0.167202
0.149363
0.161139
0.16337
0.0742511
0.0975941
0.165828
0.125572
0.168662
0.214932
0.190046
0.221231
0.130919
0.10448
0.169097
0.143598
0.214086
0.221231
0.191062
0.164774
0.124817
0.0351765
0.0951651
0.135747
0.171865
0.221231
0.221231
0.187351
0.137353
0.136227
0.159606
0.0508345
0.138728
0.111942
0.215382
0.221231
0.221231
0.198894
0.221231
0.0971165
0.0849277
0.167622
0.156517
0.215125
0.215125
0.154516
0.148727
0.116863
0.0379247
0.145485
0.215125
0.109596
0.166092
0.215125
0.215125
0.157761
0.215125
0.161965
0.0492651
0.149309
0.153268
0.155289
0.215125
0.215125
0.179745
0.179082
0.0917337
0.0793573
0.133715
0.215125
0.215125
0.182097
0.18042
0.154407
0.178277
0.117464
0.105995
0.203914
0.127818
0.169518
0.211641
0.211641
0.194577
0.211641
0.148621
0.0998881
0.203318
0.160723
0.181841
0.211641
0.163912
0.155785
0.0750301
0.0736204
0.0829324
0.151842
0.211641
0.193204
0.211641
0.184931
0.162998
0.144248
0.0826248
0.0918433
0.188599
0.185685
0.211641
0.179104
0.103445
0.211641
0.162089
0.0907126
0.0944383
0.160169
0.135988
0.152198
0.214762
0.179252
0.17432
0.0704313
0.0717481
0.112615
0.11596
0.171361
0.2221
0.2221
0.0962269
0.152747
0.2221
0.205618
0.0805428
0.142018
0.144309
0.185337
0.2221
0.130544
0.206818
0.135821
0.0692076
0.2221
0.2221
0.193607
0.2221
0.2221
0.144854
0.184545
0.12936
0.0767259
0.157844
0.233671
0.146145
0.217242
0.233671
0.1642
0.162365
0.211105
0.142267
0.140794
0.122273
0.0461761
0.0975073
0.21246
0.0307314
0.0295746
0.074305
0.156247
0.233671
0.233671
0.110761
0.233671
0.233671
0.146092
0.211761
0.233671
0.212817
0.0992592
0.123822
0.0790173
0.183466
0.233671
0.0280454
0.0831704
0.140557
0.109489
0.222119
0.11677
0.0415001
0.135484
0.284529
0.036518
0.0372471
0.0797278
0.145493
0.154327
0.00637265
0.0579853
0.0611948
0.126354
0.071309
0.220942
0.284529
0.284529
0.109773
0.123956
0.108847
0.276107
0.284529
0.0403358
0.0538319
0.110271
0.112243
0.206922
0.0477132
0.132359
0.102325
0.178754
0.215353
0.123352
0.26397
0.284529
0.119327
0.0365027
0.0651021
0.0642802
0.133854
0.086703
0.154311
0.24859
0.24859
0.137585
0.11569
0.180448
0.224848
0.24859
0.156251
0.16578
0.169493
0.128953
0.165949
0.0464783
0.10948
0.0955989
0.117774
0.157453
0.166824
0.211872
0.24859
0.0544322
0.0754334
0.224116
0.229607
0.214357
0.216099
0.24859
0.176328
0.0871434
0.105774
0.14002
0.191376
0.205264
0.222117
0.182514
0.17123
0.163612
0.143454
0.0470082
0.128737
0.120892
0.193681
0.222117
0.222117
0.195433
0.222117
0.096982
0.0474117
0.0951635
0.208407
0.222117
0.221342
0.199678
0.222117
0.181441
0.093037
0.0656391
0.0789877
0.164516
0.183053
0.222117
0.161439
0.119739
0.109092
0.0894831
0.0428944
0.159195
0.186356
0.198627
0.216895
0.216895
0.195627
0.208039
0.100239
0.0936213
0.144506
0.216895
0.208094
0.210242
0.216895
0.177223
0.181048
0.193334
0.0578908
0.102249
0.203984
0.216895
0.216895
0.141664
0.149989
0.106268
0.0854893
0.0997679
0.119715
0.122799
0.188607
0.146709
0.0928066
0.211366
0.136599
0.145152
0.0948626
0.170555
0.214883
0.196372
0.214883
0.214883
0.175691
0.12835
0.128651
0.133764
0.214883
0.145147
0.214883
0.183994
0.134368
0.214883
0.137532
0.0858226
0.0958621
0.141399
0.172359
0.208113
0.18182
0.0966501
0.162701
0.143084
0.128774
0.118929
0.203989
0.146128
0.186127
0.201892
0.137588
0.214883
0.181167
0.0818054
0.0953398
0.157581
0.0970399
0.143942
0.193513
0.132845
0.183988
0.100735
0.0465732
0.2344
0.2344
0.166574
0.197845
0.204059
0.151492
0.173955
0.159575
0.0792665
0.113516
0.20663
0.165179
0.111984
0.222489
0.141334
0.15403
0.130093
0.0678705
0.127239
0.2344
0.206371
0.0892589
0.166802
0.2344
0.2344
0.2344
0.082616
0.245725
0.222309
0.0952466
0.245725
0.245725
0.0841203
0.217692
0.245725
0.188757
0.132579
0.102241
0.0705623
0.158278
0.245725
0.0363533
0.0671664
0.110019
0.111496
0.241699
0.178429
0.154989
0.245725
0.245725
0.128924
0.191591
0.144569
0.104929
0.108856
0.0559467
0.0345287
0.13852
0.245725
0.0272321
0.0744444
0.154624
0.121932
0.124307
0.0990121
0.085264
0.234535
0.270004
0.0402508
0.0402064
0.0803557
0.10625
0.244669
0.0680408
0.111486
0.119389
0.172588
0.186701
0.0677282
0.228452
0.270004
0.0616439
0.0483439
0.0266695
0.223196
0.270004
0.0322292
0.0445392
0.113236
0.145696
0.234441
0.101693
0.232494
0.228736
0.188392
0.167598
0.0319796
0.239297
0.270004
0.193122
0.0586535
0.105196
0.109446
0.118058
0.137218
0.103248
0.195908
0.24661
0.0686902
0.0857433
0.189935
0.164012
0.16322
0.199675
0.24661
0.192629
0.103449
0.193582
0.0728928
0.127247
0.130102
0.122918
0.115217
0.0709855
0.218866
0.24661
0.0816223
0.195428
0.176051
0.235909
0.229846
0.190567
0.159707
0.204981
0.192869
0.0796787
0.106023
0.214954
0.214954
0.199338
0.197661
0.214954
0.214954
0.124688
0.080041
0.0904044
0.131015
0.171885
0.214954
0.143447
0.147726
0.0982818
0.0715141
0.0849196
0.178489
0.171762
0.182195
0.181199
0.169273
0.214954
0.214954
0.214954
0.138775
0.160067
0.214954
0.171665
0.203936
0.119536
0.0794234
0.127788
0.193982
0.0848116
0.108889
0.167304
0.222431
0.222431
0.131927
0.172633
0.104742
0.0799655
0.0901498
0.12483
0.118555
0.196491
0.221648
0.119692
0.177558
0.141248
0.135227
0.139438
0.152778
0.222431
0.180161
0.193076
0.114398
0.113399
0.18396
0.219795
0.0982366
0.222431
0.198427
0.222431
0.222431
0.0628847
0.222431
0.222431
0.0969374
0.0926856
0.145314
0.144331
0.218983
0.21995
0.130772
0.144816
0.164805
0.160571
0.127404
0.214208
0.122796
0.190376
0.21995
0.206323
0.21995
0.158778
0.0904544
0.0944757
0.21995
0.163721
0.21995
0.21995
0.08396
0.21995
0.21995
0.135623
0.0579903
0.104064
0.0556604
0.0857122
0.0938996
0.21995
0.21995
0.177468
0.105778
0.155859
0.251898
0.185356
0.151199
0.251898
0.213971
0.215059
0.166346
0.123522
0.172872
0.251898
0.251898
0.106288
0.156379
0.251898
0.251898
0.251898
0.141603
0.0627658
0.068552
0.0473364
0.0696752
0.103203
0.214229
0.251898
0.213701
0.149024
0.0184233
0.0244363
0.031503
0.0297997
0.084281
0.162073
0.114459
0.0244591
0.0132473
0.238011
0.186361
0.184009
0.252813
0.252813
0.0893241
0.190365
0.166165
0.123484
0.122838
0.0505399
0.0355815
0.139953
0.252813
0.0260231
0.0497267
0.137722
0.167774
0.252813
0.252813
0.13072
0.252813
0.252813
0.0724375
0.224963
0.137093
0.102969
0.100167
0.100687
0.0173103
0.145463
0.252813
0.0737203
0.0640808
0.134459
0.12655
0.0729448
0.0447907
0.0246608
0.22232
0.280054
0.0310171
0.0302
0.103078
0.178372
0.27084
0.135882
0.199178
0.216128
0.193648
0.107053
0.030364
0.24649
0.280054
0.0745198
0.0704164
0.0155443
0.150032
0.215843
0.0636091
0.0763652
0.135674
0.183656
0.175584
0.0191473
0.0849888
0.171815
0.180989
0.171632
0.154079
0.280054
0.280054
0.216888
0.0910787
0.104708
0.132093
0.145148
0.0872367
0.0571816
0.217848
0.249225
0.0902354
0.18644
0.150524
0.233733
0.230223
0.16445
0.145744
0.217388
0.211856
0.136459
0.0211213
0.0646485
0.0935429
0.133684
0.116895
0.122828
0.249225
0.249225
0.0833604
0.183152
0.223262
0.171204
0.242403
0.230189
0.120817
0.0907788
0.0635155
0.1089
0.161761
0.146285
0.194845
0.210356
0.167056
0.193224
0.210356
0.210356
0.144227
0.145318
0.17637
0.151976
0.185468
0.105788
0.123623
0.13032
0.162335
0.0731394
0.173191
0.210356
0.158337
0.210356
0.210356
0.160011
0.10516
0.078127
0.135336
0.171034
0.195824
0.172248
0.145744
0.141573
0.210356
0.210356
0.151618
0.164214
0.149038
0.2032
0.164804
0.184354
0.113457
0.140932
0.177488
0.175947
0.0944372
0.221038
0.183847
0.221038
0.221038
0.0650322
0.221038
0.221038
0.0981973
0.129203
0.181833
0.177727
0.17534
0.198409
0.169236
0.221038
0.221038
0.166794
0.0601252
0.116596
0.0464677
0.0860799
0.079818
0.0606178
0.221038
0.221038
0.110196
0.127452
0.251717
0.211212
0.251717
0.251717
0.135455
0.251717
0.251717
0.217722
0.0625468
0.131315
0.0781914
0.128812
0.156208
0.251717
0.251717
0.233606
0.147956
0.0675527
0.16555
0.0468069
0.142544
0.179715
0.112434
0.251717
0.251717
0.146105
0.0468841
0.0858488
0.046753
0.0759717
0.0484449
0.0265148
0.0747538
0.0936645
0.0521052
0.135983
0.192495
0.11747
0.233804
0.319604
0.319604
0.319604
0.319604
0.319604
0.0374368
0.045738
0.0618005
0.109634
0.217273
0.319604
0.13753
0.0623396
0.0398705
0.0817418
0.153906
0.10038
0.142059
0.115827
0.0739308
0.103299
0.143714
0.115977
0.0510794
0.0681672
0.07652
0.036776
0.116377
0.0815791
0.0486247
0.0878805
0.05612
0.270348
0.270348
0.160721
0.270348
0.270348
0.0642278
0.188935
0.156981
0.141032
0.11367
0.0941216
0.0328563
0.182143
0.270348
0.0572659
0.0483042
0.14142
0.149613
0.208732
0.199226
0.138507
0.270348
0.270348
0.127518
0.12277
0.0739915
0.0569534
0.0796169
0.0857888
0.0293029
0.177476
0.270348
0.0369446
0.0493306
0.0827255
0.0434175
0.0916023
0.0677015
0.033648
0.180934
0.223389
0.052114
0.0625814
0.147707
0.2165
0.232522
0.0284354
0.110286
0.198718
0.239949
0.200957
0.142389
0.292419
0.292419
0.0976982
0.0714981
0.0312425
0.0666771
0.0827581
0.0368031
0.0653885
0.13086
0.207883
0.19633
0.0361291
0.090593
0.0291493
0.204065
0.235233
0.21614
0.247274
0.292419
0.195027
0.0318514
0.0733846
0.110972
0.175769
0.135113
0.112345
0.245841
0.268497
0.0648488
0.199972
0.268497
0.212254
0.268497
0.268497
0.140602
0.111842
0.0543497
0.173739
0.0368089
0.0513216
0.0234122
0.125237
0.121643
0.148258
0.21099
0.268497
0.0588786
0.0943807
0.210803
0.0771013
0.133946
0.121638
0.187836
0.249851
0.105862
0.0756468
0.193625
0.214956
0.204869
0.214956
0.214956
0.166698
0.124517
0.0774663
0.137051
0.201307
0.208046
0.202969
0.138508
0.163763
0.214956
0.214956
0.17338
0.0737845
0.131343
0.18005
0.128617
0.127974
0.0853953
0.147804
0.200986
0.0957103
0.0944713
0.210996
0.214956
0.214956
0.104984
0.0811218
0.153719
0.177283
0.17145
0.163084
0.225186
0.200021
0.225186
0.191171
0.193605
0.225186
0.225186
0.225186
0.0796313
0.143746
0.0460868
0.105738
0.0811815
0.079167
0.225186
0.225186
0.156992
0.124099
0.225186
0.225186
0.225186
0.0941174
0.0862097
0.170284
0.225186
0.225186
0.0470837
0.036863
0.0621388
0.0589987
0.039963
0.0614499
0.149934
0.225186
0.151255
0.125168
0.264787
0.070401
0.225459
0.233275
0.173323
0.264787
0.264787
0.264787
0.0699822
0.109797
0.0970399
0.106676
0.0913408
0.0474384
0.100342
0.15629
0.0753808
0.0944625
0.115976
0.071748
0.0475559
0.0520978
0.12497
0.264787
0.264787
0.264787
0.0931111
0.264787
0.155672
0.0863096
0.172912
0.116996
0.20609
0.139054
0.0284373
0.102862
0.189758
0.171578
0.178999
0.182408
0.111334
0.11757
0.232626
0.15338
0.0716765
0.0877707
0.117313
0.05849
0.152376
0.0898664
0.102407
0.120039
0.0816426
0.202855
0.244555
0.244555
0.155409
0.236648
0.192985
0.244555
0.244555
0.0995929
0.0495121
0.126705
0.244555
0.205591
0.166076
0.168353
0.15196
0.175149
0.154762
0.203773
0.154738
0.171366
0.303853
0.303853
0.13264
0.122096
0.0947259
0.0786895
0.0835544
0.0703461
0.0518386
0.200333
0.303853
0.0413193
0.0456669
0.0786896
0.0442144
0.158951
0.160789
0.150337
0.303853
0.303853
0.249511
0.123271
0.0640536
0.132767
0.0777419
0.0718399
0.0727884
0.133097
0.303853
0.0391125
0.0570034
0.095869
0.125542
0.0873752
0.0607002
0.055481
0.0765974
0.0852075
0.0397801
0.0558415
0.120441
0.208002
0.246941
0.0440702
0.101566
0.0320549
0.169849
0.264661
0.229077
0.229215
0.299333
0.116418
0.0591078
0.0921518
0.0328536
0.0438264
0.0420591
0.0638341
0.102192
0.298891
0.299333
0.144106
0.0663606
0.0799524
0.106177
0.082645
0.299333
0.299333
0.299333
0.211922
0.0416729
0.0557986
0.0308017
0.111289
0.129028
0.141775
0.199616
0.273006
0.0418379
0.103323
0.249793
0.120006
0.182806
0.144315
0.172045
0.244636
0.130224
0.273006
0.158288
0.0856468
0.0911405
0.121739
0.0622095
0.136161
0.196013
0.273006
0.0703848
0.168125
0.144725
0.135767
0.188623
0.145059
0.182926
0.257166
0.204149
0.0786594
0.157467
0.215162
0.201316
0.188432
0.104729
0.145905
0.215162
0.137064
0.10013
0.215162
0.215162
0.215162
0.12586
0.109428
0.144972
0.201879
0.215162
0.102064
0.215162
0.21512
0.187129
0.215162
0.144286
0.129572
0.215162
0.167618
0.0915163
0.139424
0.0985081
0.134315
0.197666
0.124111
0.123068
0.145141
0.148369
0.149035
0.236248
0.236248
0.236248
0.109749
0.0855672
0.141888
0.236248
0.236248
0.0509508
0.0404745
0.0681912
0.0917793
0.0619641
0.10844
0.180374
0.236248
0.18421
0.134251
0.20708
0.146946
0.165415
0.224956
0.117535
0.123386
0.157209
0.134533
0.0666463
0.170944
0.129775
0.125529
0.205647
0.214183
0.236248
0.233602
0.0831057
0.0731402
0.0882305
0.0590516
0.0768686
0.0752322
0.130331
0.247653
0.247653
0.247653
0.0778767
0.208451
0.158198
0.0770327
0.150181
0.0919576
0.140756
0.102607
0.0442253
0.130804
0.247653
0.213234
0.19799
0.247653
0.247653
0.247653
0.247653
0.140976
0.0535882
0.127704
0.100558
0.102707
0.1306
0.0928664
0.232351
0.247653
0.133761
0.137231
0.230101
0.230101
0.125464
0.18871
0.129139
0.230101
0.230101
0.0979086
0.034531
0.0800428
0.215764
0.126966
0.102535
0.0990676
0.136624
0.129655
0.116579
0.114803
0.182858
0.160889
0.198311
0.204906
0.1647
0.230101
0.230101
0.230101
0.0102402
0.111389
0.192799
0.136449
0.0990753
0.0528448
0.230101
0.230101
0.159728
0.166905
0.174397
0.21095
0.284479
0.284479
0.24277
0.140032
0.0765659
0.120662
0.0899657
0.0741251
0.071666
0.12454
0.284479
0.0481969
0.0612555
0.108524
0.119827
0.284479
0.284479
0.267438
0.215851
0.284479
0.0800205
0.085282
0.0551388
0.0297375
0.137206
0.127501
0.0734117
0.0873192
0.206182
0.0525333
0.050621
0.0822634
0.0884968
0.0967796
0.0545073
0.0867418
0.0310529
0.0473987
0.0431055
0.0640875
0.114656
0.271339
0.271397
0.140514
0.197271
0.172417
0.0921406
0.0836693
0.271397
0.271397
0.271397
0.0887014
0.0898189
0.0555932
0.0636738
0.108308
0.0560864
0.0684253
0.109236
0.136063
0.106024
0.115865
0.271397
0.271397
0.271397
0.0391494
0.271397
0.190402
0.235643
0.195764
0.11546
0.116709
0.107684
0.109903
0.0496147
0.107714
0.157988
0.240637
0.0564664
0.117822
0.0999859
0.146749
0.240637
0.128593
0.125657
0.240637
0.205798
0.0861342
0.0611454
0.176722
0.240637
0.240637
0.0542401
0.182454
0.125051
0.195502
0.240637
0.131839
0.0567239
0.0759227
0.240077
0.105403
0.240637
0.240637
0.240637
0.0953104
0.22372
0.165382
0.216854
0.245613
0.156937
0.109169
0.241226
0.19379
0.0840212
0.124612
0.0873208
0.129841
0.215586
0.107771
0.0993933
0.149343
0.169544
0.245613
0.117102
0.0549073
0.122558
0.245613
0.174678
0.245613
0.245613
0.245613
0.104992
0.111283
0.0674585
0.123195
0.127137
0.0826806
0.136465
0.147714
0.19317
0.152951
0.221184
0.17168
0.212653
0.228847
0.127764
0.122401
0.182185
0.186532
0.0426833
0.139837
0.13739
0.186501
0.228847
0.228847
0.228847
0.226616
0.0941373
0.103644
0.133294
0.132273
0.210582
0.190936
0.0862215
0.162683
0.197707
0.228847
0.0881953
0.14181
0.154643
0.115141
0.228847
0.104061
0.113833
0.094632
0.0813716
0.070499
0.194414
0.203225
0.235042
0.235042
0.235042
0.235042
0.235042
0.141447
0.0396898
0.117255
0.124712
0.11153
0.150065
0.0934732
0.169638
0.200558
0.163874
0.164526
0.209299
0.196852
0.10784
0.235042
0.0897138
0.160559
0.16143
0.15543
0.155499
0.0910516
0.0375234
0.0324169
0.12289
0.0751587
0.166265
0.223959
0.235042
0.0768273
0.183593
0.200738
0.184128
0.202425
0.144224
0.190177
0.25819
0.25819
0.0116686
0.0914577
0.16864
0.0989483
0.101785
0.0344409
0.201249
0.249593
0.161241
0.25819
0.203779
0.0603513
0.0416673
0.189308
0.118128
0.25819
0.25819
0.25819
0.0915175
0.0762032
0.05999
0.0600593
0.0515984
0.0236613
0.116329
0.19254
0.171151
0.287455
0.287455
0.264567
0.226865
0.287455
0.0891923
0.100637
0.0554635
0.0304915
0.143761
0.125552
0.0501816
0.0836622
0.19259
0.0515334
0.063168
0.0981564
0.101361
0.195559
0.262229
0.287455
0.287455
0.287455
0.107978
0.0651263
0.058419
0.228138
0.0901264
0.0935032
0.0397205
0.051459
0.0774272
0.0436604
0.0883441
0.11719
0.148903
0.0979168
0.102832
0.0547365
0.0806587
0.117107
0.062105
0.0888132
0.148723
0.162973
0.132248
0.164725
0.270972
0.270972
0.270972
0.0852204
0.270972
0.270972
0.270972
0.0971152
0.113382
0.041331
0.0509049
0.108917
0.0412737
0.075555
0.117124
0.11048
0.139369
0.0692709
0.122303
0.175782
0.270972
0.115387
0.168221
0.270972
0.270972
0.091605
0.0775222
0.253616
0.259546
0.259546
0.0661943
0.162105
0.162165
0.204009
0.254564
0.108092
0.0834382
0.110142
0.259546
0.123364
0.259546
0.259546
0.259546
0.0935089
0.0486444
0.0718024
0.0869843
0.161808
0.0582109
0.0612951
0.138961
0.199419
0.259546
0.134292
0.0832992
0.0881012
0.134759
0.0202363
0.0223388
0.0703308
0.259546
0.218752
0.0814482
0.0521157
0.134587
0.271489
0.161226
0.271489
0.271489
0.271489
0.0982495
0.102782
0.0939758
0.130936
0.142884
0.0601598
0.130647
0.160643
0.194365
0.271489
0.117467
0.0795406
0.0807767
0.118886
0.0270468
0.0260055
0.0661156
0.271489
0.118755
0.134147
0.159754
0.230864
0.234334
0.0860682
0.0923193
0.15773
0.228846
0.101238
0.130706
0.162859
0.213707
0.20526
0.0694608
0.15393
0.193399
0.225421
0.075977
0.141176
0.139577
0.111315
0.225421
0.122804
0.0804778
0.0889637
0.0894274
0.163253
0.178125
0.220008
0.225421
0.225421
0.131859
0.119268
0.225421
0.225421
0.0812756
0.225421
0.098953
0.0777704
0.194509
0.0867056
0.183984
0.225421
0.225421
0.149034
0.224378
0.219043
0.119031
0.246603
0.129694
0.120081
0.179542
0.206687
0.148064
0.0929118
0.04614
0.0314948
0.143002
0.092995
0.146379
0.220355
0.246603
0.157578
0.246603
0.122875
0.0806861
0.221396
0.0993186
0.197363
0.246603
0.246603
0.187637
0.0687469
0.00810127
0.019151
0.0627728
0.0359046
0.103846
0.246603
0.246603
0.302138
0.223376
0.0863173
0.0373124
0.197052
0.147399
0.302138
0.302138
0.302138
0.0848745
0.0751617
0.0519126
0.0589259
0.0899151
0.0313912
0.140102
0.185234
0.196086
0.302138
0.145615
0.0101184
0.0465585
0.0962924
0.0426801
0.147505
0.302138
0.302138
0.0761152
0.0708561
0.0567924
0.0500477
0.0795355
0.0444296
0.0626463
0.116094
0.150462
0.21948
0.292135
0.292135
0.292135
0.292135
0.142114
0.101414
0.0811873
0.239024
0.08837
0.101565
0.0448387
0.0704232
0.0920994
0.0496566
0.107038
0.133941
0.152964
0.0810193
0.090828
0.123913
0.157002
0.15054
0.292135
0.292135
0.292135
0.142743
0.0808756
0.120887
0.0908971
0.0963341
0.136723
0.07128
0.0607082
0.0599089
0.0615073
0.119875
0.156345
0.0806761
0.106916
0.1807
0.0725084
0.130353
0.171893
0.149386
0.220178
0.0962081
0.188099
0.25106
0.25106
0.237722
0.238948
0.25106
0.25106
0.13469
0.223977
0.165734
0.161636
0.244813
0.0662995
0.071137
0.0471668
0.0655065
0.157466
0.156575
0.0673045
0.104452
0.205195
0.0278491
0.029618
0.0910324
0.25106
0.141681
0.0714496
0.117067
0.139118
0.271463
0.11288
0.0904444
0.246085
0.28838
0.300491
0.17504
0.145494
0.145814
0.23633
0.0248158
0.0202926
0.105088
0.300491
0.136372
0.0964597
0.032112
0.057275
0.118713
0.0170478
0.0157339
0.0492699
0.21776
0.277047
0.0925819
0.0776822
0.0858525
0.1859
0.0834071
0.105114
0.208719
0.300491
0.287677
0.127065
0.101218
0.103587
0.168408
0.0253269
0.0234534
0.0734648
0.287677
0.152149
0.147041
0.218645
0.279704
0.287677
0.0749625
0.143658
0.187835
0.241226
0.281707
0.0855701
0.0603162
0.0669264
0.113316
0.0792012
0.0955045
0.172616
0.287677
0.0640991
0.105121
0.152094
0.20621
0.168345
0.0737291
0.0913288
0.137004
0.108752
0.176836
0.169226
0.22443
0.23691
0.23691
0.112118
0.148479
0.22142
0.23691
0.101634
0.23691
0.0980912
0.0567327
0.213749
0.100505
0.224195
0.23691
0.23691
0.082086
0.143089
0.160336
0.210899
0.165257
0.120206
0.113457
0.170038
0.136836
0.075986
0.0377413
0.0561453
0.0640214
0.0605172
0.0701163
0.0717678
0.23691
0.23691
0.189868
0.272772
0.123406
0.0679973
0.264806
0.129864
0.244779
0.272772
0.272772
0.189822
0.0646975
0.0081104
0.0257181
0.0795303
0.0462909
0.121796
0.272772
0.272772
0.119335
0.0915789
0.0701144
0.0726576
0.125752
0.140976
0.102444
0.272772
0.272772
0.0956461
0.0482298
0.0244084
0.0404108
0.0847027
0.0188147
0.041306
0.189126
0.272772
0.3187
0.148098
0.0152126
0.094043
0.157991
0.0715084
0.215984
0.3187
0.3187
0.0908985
0.112617
0.0731881
0.0597148
0.116691
0.0782526
0.119465
0.167315
0.211616
0.235022
0.175669
0.0747843
0.129456
0.303391
0.0496764
0.0955519
0.262499
0.3187
0.0531373
0.0854018
0.0664125
0.0939554
0.108273
0.0485642
0.0970346
0.116932
0.0883875
0.0815877
0.079133
0.0597647
0.086054
0.158826
0.228901
0.251572
0.251572
0.16897
0.0675567
0.105638
0.0977577
0.0893942
0.127925
0.0767816
0.0615985
0.0553265
0.058204
0.182919
0.251572
0.101833
0.173969
0.251572
0.211174
0.251572
0.251572
0.251572
0.171238
0.182817
0.137425
0.232446
0.238537
0.187153
0.0696669
0.063288
0.0774887
0.130524
0.215965
0.200662
0.172995
0.234059
0.0915041
0.0894902
0.046912
0.0594989
0.188617
0.14274
0.0558538
0.100849
0.206913
0.0388598
0.0401234
0.0969681
0.229096
0.234059
0.234059
0.234059
0.234059
0.234059
0.210951
0.17593
0.0937664
0.0712446
0.234059
0.179242
0.106699
0.150167
0.234059
0.0571249
0.113147
0.0494662
0.234059
0.18341
0.102821
0.028286
0.0704326
0.144116
0.0307583
0.0287043
0.0539555
0.252325
0.267501
0.0694565
0.0745424
0.109829
0.216482
0.110646
0.146873
0.228053
0.267501
0.26476
0.131551
0.088502
0.0910343
0.211492
0.0202709
0.123617
0.0481768
0.267501
0.245259
0.0551084
0.130656
0.15083
0.145374
0.0493231
0.267501
0.234852
0.267501
0.288838
0.0932523
0.0681495
0.0980949
0.161876
0.12051
0.148342
0.220428
0.288838
0.0748518
0.125627
0.212282
0.280398
0.250023
0.0800593
0.134361
0.174005
0.117236
0.28287
0.0495716
0.123101
0.133497
0.161942
0.038765
0.265436
0.240177
0.288838
0.0433455
0.0506301
0.0638583
0.0862278
0.115697
0.0738839
0.144192
0.0745368
0.0830799
0.101653
0.205551
0.2278
0.297226
0.291696
0.160322
0.178745
0.240199
0.177305
0.106163
0.052454
0.0837058
0.0896554
0.0696185
0.0939646
0.109886
0.297226
0.297226
0.0441331
0.0781517
0.0865535
0.102981
0.163295
0.0915793
0.144352
0.129979
0.162647
0.0827738
0.0350777
0.0208554
0.0311271
0.0253116
0.0527921
0.169737
0.297226
0.297226
0.150423
0.104784
0.069387
0.0894851
0.137329
0.173768
0.138941
0.3284
0.3284
0.130373
0.0609094
0.0254455
0.0635745
0.112167
0.0231019
0.0523151
0.261456
0.3284
0.122287
0.0820159
0.0442072
0.0487527
0.109734
0.0677334
0.14865
0.3284
0.3284
0.155088
0.0668819
0.0452552
0.0339807
0.125795
0.0459967
0.0784548
0.207767
0.269524
0.264193
0.200013
0.0751301
0.201278
0.264193
0.0564329
0.13117
0.264193
0.264193
0.0631656
0.11505
0.0779926
0.0834444
0.136268
0.0866471
0.129021
0.160945
0.130108
0.264193
0.212675
0.151692
0.114417
0.264193
0.101804
0.0933194
0.264193
0.264193
0.081112
0.0856195
0.0462547
0.0898559
0.195283
0.0682891
0.0938278
0.177962
0.106946
0.260881
0.261687
0.102894
0.143546
0.261687
0.191536
0.261687
0.261687
0.261687
0.18493
0.180407
0.153587
0.200023
0.223317
0.162353
0.0663224
0.0642093
0.078522
0.261687
0.119656
0.0250104
0.0986474
0.168778
0.0113637
0.0273839
0.0823463
0.261687
0.173389
0.106548
0.0702449
0.100737
0.188504
0.0939397
0.0264723
0.0172394
0.0276823
0.24272
0.24272
0.24272
0.24272
0.24272
0.158698
0.138052
0.100741
0.0756194
0.24272
0.165503
0.0752837
0.144905
0.24272
0.0473059
0.086971
0.0551442
0.24272
0.202258
0.112272
0.110255
0.166601
0.24272
0.108252
0.0596548
0.0499478
0.0954935
0.24272
0.111198
0.0264053
0.173899
0.24272
0.0279896
0.0195782
0.0353317
0.24272
0.264975
0.128411
0.060852
0.102594
0.205834
0.0194909
0.0983794
0.0575727
0.264975
0.238175
0.0506511
0.122422
0.145765
0.156317
0.0579965
0.264975
0.236694
0.264975
0.225117
0.0441991
0.0121946
0.127936
0.264975
0.00456627
0.0367976
0.0682554
0.264975
0.201065
0.0733078
0.0548489
0.0558406
0.128199
0.103628
0.201919
0.218297
0.264975
0.309699
0.0632376
0.14305
0.149491
0.195235
0.0559536
0.305739
0.289167
0.309699
0.0358895
0.0657498
0.105387
0.102354
0.129564
0.112935
0.151319
0.100835
0.102563
0.309699
0.0632478
0.0762981
0.0695077
0.13719
0.115663
0.22854
0.298348
0.309699
0.0387413
0.0952503
0.106733
0.0711639
0.0924483
0.0822374
0.0963647
0.0865157
0.060597
0.0341687
0.106424
0.138666
0.111687
0.171529
0.129445
0.168965
0.168253
0.188075
0.0850512
0.047719
0.0398189
0.0409657
0.0434836
0.0617556
0.193296
0.288406
0.288406
0.0629377
0.112292
0.138756
0.0962603
0.104953
0.119046
0.117792
0.175787
0.146583
0.0880149
0.0564699
0.0678044
0.16503
0.288406
0.288406
0.288406
0.288406
0.288406
0.0979822
0.0740605
0.0359615
0.0439785
0.0918302
0.0512355
0.136427
0.291308
0.291308
0.144214
0.0642319
0.0253894
0.032255
0.112883
0.0309111
0.0605831
0.172976
0.230963
0.108386
0.043423
0.0390198
0.137328
0.226008
0.291308
0.291308
0.291308
0.291308
0.0736175
0.0337127
0.033885
0.111164
0.291308
0.269219
0.128493
0.15895
0.106507
0.282407
0.172026
0.0721364
0.0909139
0.287
0.0632773
0.0691364
0.243374
0.287
0.0589668
0.069667
0.044439
0.0664548
0.143153
0.067926
0.0733628
0.127777
0.0891999
0.160973
0.0748117
0.0687371
0.210915
0.287
0.287
0.251986
0.254617
0.164113
0.0770737
0.0799949
0.139534
0.163698
0.287
0.111619
0.103388
0.0881493
0.0482469
0.32903
0.176827
0.0349123
0.115069
0.206709
0.00926844
0.0247398
0.0844142
0.32903
0.234784
0.175536
0.113592
0.116007
0.242812
0.110528
0.038003
0.0311719
0.0403449
0.32903
0.0653372
0.0376512
0.227945
0.32903
0.00832137
0.0229636
0.0547389
0.32903
0.0610607
0.162332
0.123996
0.149017
0.202602
0.0482573
0.0482672
0.0155374
0.00745708
0.246338
0.161317
0.135349
0.182011
0.260069
0.113052
0.064424
0.0897836
0.12137
0.260069
0.136009
0.0351936
0.228879
0.260069
0.0307983
0.0155219
0.0691318
0.260069
0.0920123
0.246681
0.194423
0.178721
0.205925
0.0781386
0.0698924
0.0362605
0.0439325
0.260069
0.260069
0.0443415
0.155071
0.260069
0.020214
0.0250707
0.0282856
0.216864
0.227876
0.0385774
0.00270681
0.133502
0.261612
0.00297786
0.0245535
0.0910669
0.261612
0.206132
0.0819699
0.0728291
0.0675915
0.144543
0.101436
0.177511
0.236415
0.261612
0.223472
0.102632
0.00956626
0.0876479
0.236705
0.00973225
0.0253541
0.0605781
0.261612
0.261612
0.227335
0.113701
0.170992
0.207778
0.0818295
0.167152
0.176635
0.261612
0.279826
0.0549458
0.0719739
0.060056
0.120433
0.0994996
0.18209
0.267182
0.292466
0.0284542
0.0862307
0.106347
0.0678307
0.081371
0.0933239
0.0939947
0.0910055
0.0574601
0.292466
0.147508
0.105417
0.126927
0.141527
0.0846529
0.233732
0.292466
0.292466
0.0980453
0.150052
0.0938466
0.134451
0.139653
0.104569
0.26004
0.251063
0.167275
0.0563736
0.111971
0.154482
0.098418
0.0980079
0.142518
0.158642
0.198506
0.16304
0.0902181
0.0842054
0.130513
0.131761
0.217588
0.219383
0.25653
0.25653
0.25653
0.136582
0.168839
0.171531
0.177011
0.153081
0.151727
0.25653
0.25653
0.25653
0.0779403
0.161237
0.172438
0.132958
0.162884
0.0588366
0.127837
0.0902946
0.0370613
0.115496
0.0723227
0.0893948
0.120699
0.174166
0.230985
0.263774
0.26977
0.26977
0.0844481
0.0599496
0.0662489
0.123818
0.26977
0.26977
0.0888734
0.151333
0.110736
0.0769254
0.14145
0.172792
0.140219
0.157936
0.070793
0.121491
0.0989476
0.0409082
0.219302
0.263194
0.0999217
0.206332
0.26977
0.249851
0.054992
0.0269031
0.022376
0.0960487
0.0619949
0.0539258
0.118369
0.265753
0.265753
0.0845979
0.127381
0.0866522
0.032071
0.0280814
0.0644166
0.0740428
0.265753
0.265753
0.0946305
0.0580857
0.0326147
0.202733
0.228645
0.0808283
0.17149
0.265753
0.25986
0.0478262
0.0773565
0.14305
0.161973
0.145345
0.0423333
0.037456
0.265753
0.265753
0.186589
0.195771
0.265753
0.329945
0.0831282
0.0421451
0.266729
0.329945
0.00761937
0.0359824
0.0960316
0.329945
0.0653774
0.230744
0.151615
0.172215
0.225592
0.0596341
0.0697716
0.0318599
0.015567
0.329945
0.131113
0.0516446
0.101427
0.151712
0.0318494
0.0401415
0.146662
0.329945
0.143822
0.196329
0.0945723
0.120044
0.170519
0.0345533
0.0354392
0.0512952
0.0223524
0.105616
0.258243
0.220135
0.2056
0.245973
0.0853871
0.0830578
0.0546281
0.0583559
0.258243
0.258243
0.0624865
0.188081
0.258243
0.0241382
0.030446
0.0435149
0.254779
0.192862
0.258243
0.134461
0.156627
0.229388
0.0614291
0.054904
0.0653185
0.0385992
0.258243
0.258243
0.0198181
0.0945135
0.258243
0.0269314
0.0403088
0.043399
0.131879
0.209944
0.0805132
0.0104815
0.0824635
0.235409
0.00769629
0.0195031
0.071447
0.249433
0.242527
0.202675
0.116928
0.159152
0.203108
0.0802432
0.134876
0.202698
0.249433
0.249433
0.094415
0.00826565
0.0464646
0.131394
0.0205647
0.0650706
0.115639
0.249433
0.177282
0.0874821
0.0835719
0.249433
0.249433
0.152946
0.148574
0.249433
0.249433
0.258391
0.101577
0.0829555
0.0938066
0.124602
0.0726533
0.157106
0.266155
0.266155
0.0635841
0.119226
0.0701779
0.105901
0.129641
0.0910198
0.176187
0.176494
0.136982
0.188236
0.063499
0.0707392
0.25945
0.217753
0.140886
0.183519
0.266155
0.266155
0.0950992
0.120577
0.0406172
0.201316
0.266155
0.179269
0.135563
0.0925289
0.171889
0.106083
0.155836
0.151416
0.170796
0.208204
0.165806
0.263867
0.263867
0.263867
0.0579679
0.158094
0.189416
0.131536
0.110876
0.0180835
0.0962251
0.0648276
0.0199261
0.163601
0.199796
0.0859702
0.263867
0.263867
0.263867
0.263867
0.193589
0.263867
0.102143
0.127125
0.103468
0.0875784
0.133227
0.0258567
0.0194893
0.0185858
0.0289727
0.0727113
0.170774
0.233459
0.178316
0.157667
0.0319031
0.120292
0.0872416
0.0298317
0.2568
0.270587
0.154612
0.25132
0.285647
0.285647
0.0768435
0.0497967
0.0145726
0.0879726
0.120774
0.133595
0.116941
0.230501
0.0475926
0.029449
0.0252676
0.00906026
0.285647
0.285647
0.113523
0.207772
0.285647
0.0282431
0.101449
0.0901434
0.0387379
0.166725
0.182257
0.0988173
0.162426
0.26418
0.26418
0.0404518
0.0590226
0.0966654
0.108346
0.10755
0.0398184
0.0347857
0.26418
0.26418
0.187561
0.183261
0.26418
0.243059
0.248148
0.115759
0.11373
0.26418
0.0313001
0.0660904
0.096513
0.073372
0.0822342
0.103205
0.082735
0.048867
0.12624
0.0969056
0.131373
0.262113
0.26418
