0.15248
0.210126
0.14002
0.179221
0.199469
0.202815
0.152069
0.112623
0.145497
0.0784997
0.0932577
0.0527883
0.150469
0.159488
0.0929877
0.120572
0.121806
0.136923
0.143077
0.211912
0.152968
0.211912
0.211912
0.206474
0.194427
0.19962
0.211912
0.138241
0.164707
0.190451
0.136406
0.198201
0.211912
0.211912
0.149538
0.155318
0.0964465
0.112193
0.0809035
0.1883
0.216918
0.0908655
0.109973
0.101365
0.125938
0.11224
0.139247
0.131188
0.224172
0.224172
0.111616
0.18124
0.199896
0.224172
0.157069
0.184816
0.197814
0.140166
0.205194
0.205817
0.162358
0.127475
0.220174
0.172115
0.142611
0.0910353
0.118166
0.224172
0.223655
0.216919
0.109076
0.18098
0.109832
0.136596
0.171168
0.219814
0.219814
0.108685
0.165487
0.186905
0.219814
0.129679
0.101645
0.102211
0.132778
0.191425
0.116542
0.219814
0.219814
0.205681
0.145483
0.155877
0.105378
0.129451
0.219814
0.192464
0.186108
0.105755
0.166896
0.0787381
0.209206
0.204617
0.114735
0.210574
0.208591
0.147354
0.120158
0.123034
0.127694
0.118357
0.152286
0.217802
0.217802
0.144525
0.210473
0.217802
0.215302
0.138298
0.172369
0.217802
0.217802
0.217802
0.146507
0.115943
0.0989528
0.146135
0.060003
0.184913
0.211825
0.157232
0.217802
0.217802
0.179248
0.153545
0.129671
0.0585721
0.149983
0.11588
0.217802
0.217802
0.0467153
0.0885572
0.0649331
0.110374
0.144942
0.170414
0.205859
0.230103
0.230103
0.218554
0.102372
0.101798
0.14222
0.122109
0.138892
0.123595
0.230103
0.230103
0.202725
0.166647
0.185013
0.17416
0.05844
0.133394
0.124651
0.230103
0.230103
0.0450654
0.121297
0.125215
0.111041
0.0639702
0.0674338
0.134837
0.14231
0.225644
0.11121
0.230103
0.222281
0.154702
0.111848
0.122016
0.0903295
0.221252
0.221252
0.221252
0.159071
0.179679
0.122425
0.0855413
0.163404
0.173914
0.197208
0.221252
0.221252
0.221252
0.221252
0.221252
0.0523874
0.0567057
0.123782
0.105951
0.167999
0.0927678
0.219861
0.221252
0.102573
0.102901
0.221252
0.114347
0.168321
0.168326
0.173324
0.199902
0.130006
0.0612957
0.0772258
0.145062
0.154628
0.188089
0.214041
0.214041
0.178007
0.169799
0.188939
0.0568961
0.1108
0.207269
0.135917
0.116346
0.172754
0.214041
0.159251
0.101034
0.112519
0.214041
0.137471
0.15503
0.148042
0.133259
0.177505
0.127293
0.0608466
0.214041
0.214041
0.214041
0.214041
0.214041
0.214041
0.120055
0.130367
0.15927
0.130205
0.215641
0.179451
0.215641
0.215641
0.190206
0.180673
0.176001
0.215641
0.134287
0.159874
0.167521
0.174579
0.215641
0.215641
0.215641
0.139095
0.148535
0.0365897
0.109447
0.114207
0.193511
0.189924
0.14357
0.147935
0.173401
0.215641
0.0749854
0.120004
0.152616
0.204129
0.14722
0.155603
0.10544
0.130117
0.064304
0.169157
0.166257
0.179409
0.185594
0.2129
0.181968
0.187423
0.12797
0.2129
0.16723
0.157129
0.129405
0.136379
0.2129
0.2129
0.2129
0.15911
0.203811
0.0652339
0.101132
0.130618
0.200295
0.175624
0.1531
0.119659
0.159156
0.072574
0.158044
0.113052
0.108677
0.145621
0.2129
0.206548
0.162524
0.167776
0.16377
0.155381
0.170519
0.14324
0.152139
0.210479
0.166829
0.210479
0.141733
0.18763
0.0870744
0.210479
0.185813
0.114601
0.210479
0.190664
0.153076
0.14391
0.171434
0.122305
0.128642
0.0902398
0.130354
0.210479
0.163622
0.170929
0.173974
0.163509
0.11594
0.210479
0.178678
0.16442
0.210479
0.13645
0.172069
0.128268
0.195037
0.0698088
0.196963
0.191277
0.159011
0.219061
0.184065
0.170938
0.15438
0.163036
0.0904983
0.131477
0.113237
0.219061
0.219061
0.0474562
0.104464
0.0464381
0.105346
0.131587
0.219061
0.173276
0.166052
0.219061
0.144384
0.172469
0.111688
0.189006
0.219061
0.158568
0.190123
0.200579
0.219061
0.159144
0.142226
0.219061
0.107465
0.0750525
0.10428
0.107775
0.224726
0.224726
0.0391445
0.1145
0.0901243
0.0851589
0.0659738
0.0702567
0.109075
0.123791
0.224726
0.142613
0.204777
0.195848
0.169824
0.219156
0.149774
0.181298
0.17529
0.224726
0.145771
0.120505
0.192041
0.107412
0.18553
0.224726
0.224726
0.135792
0.224726
0.224726
0.176821
0.224726
0.137821
0.0440771
0.0669757
0.110013
0.100359
0.179493
0.112659
0.197054
0.217538
0.12982
0.0830861
0.217538
0.101639
0.161164
0.203173
0.135498
0.180214
0.121919
0.0740899
0.135354
0.217538
0.19864
0.121374
0.217538
0.217538
0.176754
0.217538
0.161914
0.095817
0.217538
0.217538
0.217538
0.17517
0.197618
0.148381
0.187136
0.15264
0.0832603
0.208823
0.121955
0.150915
0.180924
0.106895
0.164195
0.125114
0.0686062
0.169897
0.208823
0.208823
0.208823
0.206838
0.178336
0.0840018
0.111695
0.14083
0.0979228
0.208823
0.162571
0.208823
0.189692
0.168367
0.130518
0.191387
0.161812
0.160859
0.16442
0.193081
0.203719
0.208823
0.157897
0.101713
0.208823
0.158439
0.0283722
0.109441
0.16143
0.219736
0.219736
0.202774
0.173831
0.200883
0.219736
0.0687094
0.132461
0.175809
0.219736
0.212162
0.188675
0.125
0.16776
0.0697906
0.0577739
0.165727
0.212718
0.219736
0.219736
0.110929
0.107967
0.146589
0.137684
0.0796182
0.106789
0.0945615
0.0993147
0.219736
0.217956
0.0893132
0.219736
0.219736
0.0548854
0.0844055
0.11715
0.225226
0.187481
0.11899
0.133393
0.151173
0.0689784
0.11385
0.103974
0.115592
0.140051
0.235263
0.196365
0.156006
0.179215
0.162049
0.0709959
0.107994
0.0738701
0.122027
0.235263
0.174879
0.110273
0.183186
0.18362
0.235263
0.235263
0.115162
0.181872
0.235263
0.235263
0.235263
0.235263
0.128377
0.0912622
0.103385
0.0854647
0.103483
0.207681
0.119002
0.1387
0.164283
0.161838
0.109915
0.179427
0.134309
0.13544
0.211342
0.115504
0.12629
0.0888178
0.183431
0.199233
0.211342
0.118035
0.15875
0.211342
0.211342
0.211342
0.211342
0.14428
0.206926
0.211342
0.16622
0.117166
0.211342
0.193913
0.211342
0.211342
0.117043
0.117627
0.181697
0.123395
0.135921
0.212769
0.0973306
0.10436
0.0779199
0.172095
0.176954
0.121065
0.141593
0.175035
0.212769
0.119916
0.15572
0.196099
0.0835127
0.202132
0.182479
0.172049
0.0972349
0.193975
0.17256
0.194872
0.212769
0.158838
0.105769
0.144908
0.212769
0.212769
0.212769
0.192227
0.212769
0.212769
0.0869702
0.157519
0.107116
0.130148
0.159846
0.198572
0.112225
0.120379
0.150483
0.0762734
0.142657
0.211415
0.165562
0.114165
0.199383
0.211415
0.132763
0.211415
0.110597
0.131275
0.126556
0.211415
0.211415
0.18243
0.206912
0.211415
0.211415
0.0812029
0.0839603
0.172782
0.207646
0.174937
0.203293
0.211415
0.186287
0.170193
0.0819245
0.119887
0.211114
0.16583
0.141924
0.211114
0.211114
0.137912
0.211114
0.146478
0.10549
0.202808
0.16966
0.211114
0.196416
0.182254
0.150952
0.152285
0.109181
0.131114
0.20771
0.20219
0.211114
0.211114
0.20262
0.15087
0.148182
0.0618497
0.114413
0.123759
0.114285
0.106608
0.185186
0.112128
0.124971
0.211114
0.155199
0.11612
0.206564
0.148034
0.20827
0.20827
0.158653
0.138625
0.17582
0.147126
0.165614
0.191342
0.20827
0.20827
0.20827
0.125467
0.0893559
0.20827
0.205404
0.125268
0.1351
0.135792
0.163434
0.20827
0.0984038
0.115683
0.20827
0.11492
0.160511
0.131173
0.162129
0.127001
0.196071
0.0904159
0.191098
0.19865
0.157062
0.0823338
0.170789
0.182102
0.187476
0.22472
0.129479
0.0991925
0.132569
0.11886
0.0729377
0.0944918
0.0810837
0.110071
0.22472
0.178899
0.106268
0.211737
0.213021
0.22472
0.22472
0.187169
0.139798
0.205972
0.0897781
0.137467
0.22472
0.0922505
0.118299
0.22472
0.22472
0.100426
0.169397
0.0819613
0.161727
0.22472
0.221093
0.0757478
0.106465
0.0751292
0.131677
0.227974
0.135981
0.112083
0.150485
0.162647
0.186378
0.20898
0.0906667
0.149606
0.227974
0.227974
0.227974
0.227974
0.13913
0.0851736
0.162643
0.196732
0.140734
0.198832
0.0804289
0.123957
0.227974
0.164489
0.11757
0.102504
0.148791
0.227974
0.227974
0.150632
0.158279
0.14535
0.199163
0.172852
0.197722
0.103118
0.136835
0.216351
0.160695
0.184422
0.189973
0.14408
0.175415
0.171989
0.152314
0.116981
0.167718
0.205545
0.216351
0.209383
0.122478
0.109847
0.072834
0.120233
0.216351
0.216351
0.118389
0.129296
0.136933
0.165666
0.120628
0.161694
0.107736
0.216351
0.216351
0.185933
0.151041
0.200092
0.13859
0.181404
0.15089
0.16193
0.107174
0.161995
0.173642
0.209835
0.210383
0.151747
0.102163
0.148627
0.212894
0.212894
0.212894
0.164548
0.212894
0.212894
0.0858253
0.116666
0.13717
0.105061
0.212894
0.184098
0.17634
0.174015
0.212894
0.161995
0.0974024
0.10022
0.191042
0.212894
0.212894
0.126491
0.0915067
0.101842
0.0909454
0.12757
0.142164
0.212905
0.212905
0.212905
0.199907
0.212905
0.212905
0.0973084
0.0918303
0.203658
0.212905
0.197978
0.209367
0.173277
0.212905
0.212905
0.0837095
0.107144
0.104747
0.200642
0.212905
0.197177
0.161994
0.117248
0.124967
0.0945717
0.103072
0.111143
0.185089
0.212905
0.183103
0.0757666
0.070862
0.0876032
0.12446
0.148194
0.218816
0.218816
0.218816
0.218816
0.188928
0.188025
0.214345
0.061249
0.141781
0.149758
0.11972
0.125576
0.218816
0.15443
0.169172
0.218816
0.146002
0.10882
0.154229
0.218816
0.218816
0.193567
0.117236
0.0997356
0.127976
0.0974813
0.119341
0.121173
0.0955696
0.138658
0.218816
0.155664
0.131774
0.188869
0.150781
0.150927
0.15569
0.143383
0.191544
0.213202
0.147299
0.151705
0.213202
0.109617
0.168189
0.190116
0.213202
0.168441
0.213202
0.103033
0.210687
0.213202
0.210115
0.0893364
0.0976572
0.102675
0.153958
0.213202
0.152671
0.129871
0.189488
0.154185
0.112848
0.173323
0.157697
0.213202
0.207262
0.0973658
0.111903
0.168459
0.127529
0.213234
0.213234
0.113138
0.182901
0.213234
0.117421
0.130833
0.144325
0.0961425
0.116636
0.211205
0.172454
0.108537
0.134238
0.117581
0.199852
0.213234
0.190786
0.162561
0.19483
0.15688
0.213234
0.161615
0.18869
0.185861
0.208027
0.213234
0.0653681
0.168047
0.133027
0.148043
0.0827847
0.177789
0.140631
0.160789
0.165172
0.103448
0.138423
0.183973
0.173918
0.185044
0.103856
0.171846
0.214175
0.15593
0.100196
0.106715
0.176208
0.223397
0.223397
0.137628
0.137253
0.145474
0.20516
0.0504144
0.126682
0.133406
0.191468
0.135778
0.163908
0.141464
0.182998
0.205827
0.10567
0.223397
0.176423
0.180891
0.223397
0.190952
0.16718
0.176235
0.153193
0.0966489
0.0877051
0.143497
0.220703
0.220703
0.100195
0.114152
0.139361
0.150878
0.0954763
0.155939
0.115251
0.220703
0.220703
0.216664
0.172629
0.220703
0.164497
0.0827829
0.17191
0.15084
0.153666
0.191999
0.160528
0.157597
0.201389
0.154083
0.109496
0.220703
0.20692
0.163067
0.220703
0.19136
0.130409
0.169661
0.0853548
0.0951455
0.145048
0.119966
0.213588
0.213588
0.211414
0.212942
0.213588
0.184843
0.103932
0.111444
0.189158
0.213588
0.213588
0.126137
0.0987592
0.0949983
0.0942198
0.105556
0.213588
0.209372
0.177461
0.213588
0.192015
0.157638
0.213588
0.108399
0.0545579
0.164664
0.206234
0.180784
0.183507
0.148112
0.160924
0.129234
0.018087
0.120273
0.140417
0.213696
0.213696
0.213696
0.178268
0.142622
0.129396
0.120596
0.137505
0.166559
0.213696
0.213696
0.188889
0.0521372
0.106314
0.115069
0.153635
0.0797961
0.187815
0.213696
0.192629
0.169379
0.14911
0.191088
0.165436
0.0538249
0.0793758
0.213696
0.113034
0.15545
0.207995
0.204601
0.131139
0.213696
0.204631
0.11742
0.203624
0.218528
0.218528
0.169721
0.0934626
0.123995
0.149275
0.103292
0.10017
0.177815
0.152657
0.149267
0.19007
0.158348
0.146506
0.218528
0.150993
0.101468
0.218528
0.115286
0.17916
0.214238
0.176496
0.112626
0.218528
0.18798
0.0645554
0.127356
0.14407
0.218528
0.218528
0.114747
0.126006
0.215771
0.185477
0.0773951
0.162891
0.14251
0.147883
0.216611
0.180198
0.142657
0.226574
0.150808
0.0753408
0.197735
0.165137
0.226574
0.226574
0.0931679
0.0981046
0.212544
0.150021
0.0776733
0.170471
0.143395
0.226574
0.226574
0.124919
0.107775
0.226574
0.151985
0.0472323
0.168988
0.156504
0.226574
0.226574
0.104832
0.099042
0.193341
0.121071
0.14538
0.149499
0.129432
0.216925
0.182826
0.184527
0.191291
0.138666
0.216925
0.0659241
0.123699
0.109088
0.145237
0.0960991
0.21633
0.164328
0.112464
0.14006
0.11639
0.142969
0.216925
0.216925
0.216925
0.1445
0.216925
0.17471
0.110636
0.0949619
0.183568
0.204353
0.096383
0.216925
0.169023
0.216925
0.179267
0.141312
0.0647785
0.106069
0.11662
0.183925
0.130885
0.190155
0.170051
0.146094
0.169407
0.0820728
0.211883
0.17925
0.197276
0.211883
0.176362
0.185341
0.187977
0.135326
0.080767
0.177032
0.211883
0.105722
0.211883
0.195097
0.211883
0.199228
0.153903
0.0925844
0.15402
0.0786396
0.190093
0.200516
0.199392
0.211883
0.102179
0.152054
0.0783227
0.172327
0.175998
0.160864
0.187375
0.157744
0.167345
0.221772
0.144242
0.117313
0.221772
0.221772
0.193217
0.221772
0.162609
0.0886224
0.188691
0.133716
0.0510558
0.148201
0.106985
0.185494
0.207278
0.168654
0.166861
0.0946005
0.120238
0.141977
0.221772
0.221772
0.18544
0.20151
0.183809
0.14013
0.0841042
0.125746
0.109636
0.214523
0.214523
0.189324
0.214523
0.165939
0.0964019
0.214523
0.15491
0.0468681
0.144707
0.185349
0.172079
0.189753
0.118396
0.151911
0.107887
0.0337679
0.10549
0.214523
0.214523
0.214523
0.214523
0.208653
0.158471
0.101607
0.153932
0.151132
0.187319
0.133448
0.179091
0.211735
0.125941
0.0721003
0.189411
0.163686
0.0564639
0.162776
0.19296
0.182684
0.19987
0.12254
0.17588
0.1311
0.0686107
0.0709703
0.205402
0.135647
0.123326
0.18855
0.156748
0.159722
0.205565
0.180051
0.166011
0.174595
0.120447
0.207957
0.207957
0.207957
0.124884
0.198424
0.207957
0.1065
0.207957
0.13343
0.126993
0.122195
0.207957
0.163417
0.207957
0.183362
0.0877322
0.213049
0.130459
0.139279
0.21193
0.15411
0.148691
0.213049
0.165378
0.055883
0.171591
0.172221
0.213049
0.213049
0.116765
0.0943017
0.213049
0.19198
0.137323
0.203552
0.136542
0.142759
0.177178
0.213049
0.174195
0.15755
0.162446
0.127687
0.0576728
0.0978791
0.213049
0.213049
0.16865
0.107077
0.166526
0.209573
0.0844098
0.231883
0.175828
0.231883
0.231883
0.14778
0.103447
0.231883
0.155465
0.0535628
0.210962
0.174139
0.231883
0.231883
0.0944622
0.100329
0.231883
0.163137
0.167056
0.0833588
0.132867
0.231883
0.231883
0.182568
0.111062
0.13901
0.177093
0.128286
0.145551
0.163796
0.179912
0.157037
0.131749
0.0423077
0.0376264
0.0842372
0.104051
0.150412
0.213831
0.213831
0.213831
0.130299
0.211851
0.160307
0.122804
0.105541
0.159736
0.181443
0.104945
0.213831
0.18826
0.213831
0.155925
0.141887
0.0783509
0.182886
0.162725
0.145867
0.213831
0.179581
0.179399
0.10955
0.100167
0.10325
0.213831
0.213831
0.20167
0.213831
0.152319
0.185321
0.0757994
0.0590672
0.0993929
0.163384
0.196941
0.110115
0.213579
0.210164
0.213579
0.166893
0.151018
0.0675349
0.126074
0.103445
0.171185
0.187733
0.175791
0.19692
0.1301
0.145408
0.112334
0.213579
0.20862
0.196101
0.213579
0.167894
0.159028
0.0934762
0.0728806
0.113515
0.156363
0.204273
0.127696
0.19371
0.213579
0.1711
0.212455
0.129325
0.0492492
0.144852
0.122522
0.167234
0.190861
0.14921
0.156756
0.112639
0.121853
0.161342
0.220463
0.220463
0.220463
0.213406
0.139241
0.120728
0.153906
0.181883
0.100874
0.135116
0.124293
0.129704
0.204712
0.195356
0.132651
0.171817
0.118409
0.0919471
0.220463
0.197234
0.194585
0.220463
0.144047
0.220463
0.220463
0.111352
0.124352
0.212588
0.212588
0.212588
0.205935
0.140142
0.12233
0.122815
0.172225
0.131894
0.176726
0.10561
0.12621
0.178934
0.108765
0.090639
0.150261
0.151372
0.110053
0.206911
0.205788
0.187342
0.212588
0.114617
0.194549
0.212588
0.0806828
0.196263
0.205155
0.157914
0.163266
0.212588
0.154335
0.156165
0.180423
0.124607
0.136283
0.162377
0.0810766
0.173297
0.210882
0.15526
0.137009
0.151744
0.199968
0.0895502
0.163705
0.138856
0.0879665
0.0983196
0.15493
0.180469
0.155919
0.131601
0.210882
0.210882
0.210882
0.179398
0.210882
0.157514
0.168621
0.210882
0.107592
0.12373
0.131698
0.210882
0.210882
0.192917
0.210882
0.210882
0.138718
0.109686
0.103604
0.166032
0.152423
0.114102
0.184047
0.192625
0.201715
0.145436
0.138874
0.107001
0.0818037
0.109629
0.173404
0.215298
0.142319
0.105008
0.147323
0.184219
0.113233
0.141493
0.215298
0.215298
0.215298
0.215298
0.199596
0.211848
0.121334
0.120831
0.145385
0.20553
0.171477
0.215298
0.215298
0.134118
0.124975
0.168669
0.142564
0.109204
0.1612
0.214844
0.230504
0.173607
0.122232
0.139468
0.162067
0.118215
0.167552
0.195945
0.193164
0.175246
0.133794
0.0610281
0.0437374
0.0766903
0.121422
0.148982
0.200414
0.182468
0.230504
0.230504
0.164829
0.16455
0.230504
0.0609561
0.185934
0.151719
0.198635
0.230504
0.222605
0.205948
0.0316239
0.0537614
0.0792101
0.194599
0.170767
0.11982
0.214648
0.187716
0.194632
0.107388
0.109675
0.108622
0.214648
0.206636
0.197758
0.214648
0.146677
0.169758
0.0738655
0.0689393
0.123294
0.199019
0.161949
0.201862
0.214648
0.214648
0.121452
0.0888173
0.107651
0.108801
0.166398
0.1537
0.214648
0.214648
0.214648
0.214407
0.120042
0.115672
0.0900882
0.21896
0.181941
0.167724
0.21896
0.144186
0.125449
0.0799967
0.0860893
0.078436
0.122505
0.198866
0.13098
0.21106
0.20185
0.13818
0.21896
0.160994
0.120358
0.180477
0.148615
0.21896
0.188556
0.147409
0.116437
0.0933823
0.104654
0.160481
0.195502
0.0986487
0.188204
0.21896
0.140757
0.21896
0.21896
0.21896
0.0722684
0.121494
0.129034
0.114628
0.196496
0.144549
0.103641
0.188851
0.126108
0.0637693
0.145073
0.160255
0.173674
0.223324
0.141173
0.204698
0.223324
0.136565
0.147543
0.203711
0.100854
0.178236
0.223324
0.0965473
0.123083
0.178716
0.193474
0.0674663
0.209999
0.173077
0.212162
0.223324
0.223324
0.181899
0.204232
0.141915
0.100258
0.160052
0.179947
0.178743
0.219498
0.119735
0.180274
0.216627
0.0927269
0.157994
0.168199
0.124471
0.128189
0.219498
0.160509
0.154645
0.141297
0.110712
0.0639708
0.177068
0.180219
0.219498
0.219498
0.219498
0.165721
0.181639
0.141347
0.161497
0.219498
0.109798
0.105706
0.219498
0.19216
0.153539
0.0856397
0.166742
0.204486
0.186996
0.184571
0.144527
0.211773
0.156455
0.152872
0.140858
0.0957073
0.108661
0.110248
0.196315
0.192191
0.178902
0.211773
0.171878
0.114592
0.0879522
0.154799
0.180844
0.128808
0.157669
0.211773
0.211773
0.182642
0.125674
0.211773
0.0687322
0.161415
0.165157
0.211773
0.210164
0.202863
0.0618914
0.143779
0.159133
0.101153
0.129228
0.216259
0.178287
0.216259
0.216259
0.16489
0.168392
0.0999282
0.0893884
0.13639
0.180592
0.169908
0.216259
0.182777
0.162375
0.110137
0.128553
0.0776885
0.156146
0.200548
0.216259
0.216259
0.216259
0.0797209
0.167656
0.172386
0.0988739
0.210874
0.113687
0.149134
0.216259
0.216259
0.150016
0.103795
0.144327
0.0760371
0.137956
0.182167
0.154855
0.22635
0.202666
0.169441
0.131457
0.154757
0.0631103
0.193882
0.121732
0.140847
0.22635
0.178777
0.150064
0.0495165
0.0789905
0.111733
0.22635
0.119493
0.153566
0.22635
0.210094
0.147463
0.111562
0.160992
0.132162
0.21023
0.129345
0.193724
0.22635
0.22635
0.22635
0.145015
0.131979
0.121438
0.211294
0.157926
0.159433
0.218341
0.218341
0.111105
0.0812577
0.120386
0.10456
0.177039
0.1485
0.218341
0.218341
0.195813
0.151965
0.0837743
0.09324
0.0917855
0.162699
0.109678
0.184851
0.218341
0.155508
0.114981
0.218341
0.207313
0.133072
0.218341
0.160899
0.218341
0.218341
0.086023
0.169199
0.149161
0.151417
0.118808
0.19352
0.172381
0.203806
0.198895
0.150193
0.115486
0.0806309
0.115909
0.137178
0.153126
0.104535
0.201025
0.23128
0.150405
0.222946
0.23128
0.23128
0.134415
0.183703
0.145579
0.214101
0.23128
0.109622
0.159536
0.141414
0.10151
0.105334
0.0885574
0.0883496
0.154772
0.23128
0.198453
0.0922956
0.129295
0.215584
0.127507
0.172123
0.109196
0.188414
0.228957
0.122217
0.161994
0.218166
0.228957
0.064997
0.183931
0.175385
0.214263
0.228957
0.228957
0.219109
0.196865
0.154284
0.102868
0.0937851
0.0788517
0.138212
0.228957
0.152832
0.105248
0.10192
0.124927
0.0726594
0.178661
0.130293
0.228957
0.228957
0.131726
0.143355
0.102127
0.13431
0.0607363
0.165884
0.189656
0.226369
0.226369
0.226369
0.19118
0.183768
0.140103
0.202724
0.226369
0.119814
0.108692
0.226369
0.218815
0.145085
0.100502
0.161552
0.073681
0.172834
0.130773
0.226369
0.189183
0.116578
0.156493
0.115488
0.137442
0.0908686
0.220563
0.171043
0.172437
0.166596
0.137829
0.130312
0.107302
0.115671
0.186289
0.18896
0.131591
0.151207
0.215019
0.215019
0.152316
0.13687
0.215019
0.0827856
0.165291
0.195342
0.215019
0.215019
0.215019
0.0668839
0.168767
0.188124
0.0880529
0.169559
0.152862
0.200237
0.187304
0.16715
0.166328
0.15362
0.175088
0.0770695
0.130029
0.0963784
0.18579
0.164674
0.215019
0.112177
0.115543
0.136204
0.0884298
0.172202
0.215516
0.215516
0.215516
0.215516
0.0838102
0.160372
0.184299
0.0871413
0.194295
0.124123
0.200945
0.215516
0.171147
0.189677
0.101417
0.155572
0.0808934
0.116411
0.0943602
0.210104
0.215516
0.215516
0.143031
0.141722
0.131858
0.0853575
0.181855
0.135519
0.162614
0.151438
0.18778
0.21117
0.20211
0.0996346
0.100914
0.22408
0.129957
0.189107
0.22408
0.154768
0.174153
0.101956
0.152245
0.125411
0.22408
0.104552
0.167368
0.22408
0.22408
0.22408
0.17597
0.172593
0.0696958
0.179623
0.139872
0.18536
0.216529
0.184303
0.219619
0.177892
0.065466
0.0995011
0.138435
0.0852626
0.177291
0.191171
0.163519
0.157047
0.133631
0.0545952
0.0953205
0.187559
0.132447
0.161539
0.210245
0.17712
0.114149
0.205939
0.200086
0.15858
0.210245
0.156547
0.210245
0.210245
0.10412
0.133008
0.11276
0.129812
0.0786562
0.0815706
0.13554
0.20246
0.210245
0.142078
0.123796
0.149456
0.165093
0.163241
0.210245
0.178293
0.190195
0.210245
0.183224
0.167558
0.16849
0.161642
0.155692
0.196958
0.160692
0.218108
0.21845
0.120658
0.154078
0.115695
0.0927135
0.0879776
0.080373
0.115055
0.157097
0.21845
0.21845
0.102845
0.115634
0.21845
0.190834
0.21845
0.20237
0.201431
0.21845
0.15131
0.147695
0.166178
0.141771
0.15745
0.153761
0.172357
0.0899367
0.21845
0.194644
0.208217
0.110259
0.0564888
0.0899604
0.0931234
0.10661
0.165677
0.231141
0.208232
0.153108
0.13444
0.161822
0.0957086
0.231141
0.156769
0.231141
0.231141
0.159893
0.187346
0.124304
0.171955
0.159285
0.140081
0.142205
0.0969206
0.21438
0.125121
0.144798
0.130883
0.062182
0.0965574
0.231141
0.231141
0.197975
0.231141
0.231141
0.123103
0.131608
0.0857176
0.0896623
0.214156
0.146445
0.214156
0.214156
0.161216
0.169015
0.150481
0.173355
0.173814
0.214156
0.204498
0.169591
0.190154
0.151155
0.137782
0.140188
0.141086
0.0912556
0.214156
0.187743
0.179198
0.214156
0.179807
0.118033
0.165079
0.133661
0.0802658
0.176094
0.161921
0.112677
0.202467
0.170646
0.139609
0.149013
0.120437
0.128356
0.177739
0.164882
0.184691
0.205104
0.182184
0.132724
0.187625
0.198675
0.0967206
0.132234
0.123658
0.157749
0.172137
0.205104
0.17213
0.162311
0.177498
0.0805981
0.110189
0.11009
0.113441
0.176732
0.17727
0.170877
0.168753
0.188357
0.17537
0.205104
0.205104
0.156461
0.195726
0.112523
0.205104
0.205104
0.151582
0.0875474
0.145381
0.117817
0.191872
0.209155
0.209155
0.18327
0.187814
0.158934
0.103422
0.181383
0.138775
0.197509
0.206691
0.154343
0.209155
0.209155
0.13793
0.174183
0.206098
0.172687
0.14657
0.209155
0.146168
0.209155
0.209155
0.178238
0.135544
0.150868
0.0875324
0.114485
0.139073
0.125681
0.158338
0.157502
0.0925182
0.104071
0.213208
0.158408
0.213208
0.213208
0.158651
0.213208
0.210033
0.105427
0.112693
0.201641
0.111191
0.189763
0.213208
0.213208
0.213208
0.21024
0.079543
0.104461
0.184814
0.0955013
0.162649
0.211995
0.160873
0.177558
0.169651
0.0907849
0.0798007
0.181414
0.137283
0.18471
0.180851
0.120678
0.151417
0.132399
0.115014
0.0741506
0.093205
0.139435
0.163352
0.160714
0.122357
0.130105
0.173862
0.163442
0.172495
0.217038
0.13557
0.138597
0.195149
0.18801
0.138774
0.127307
0.129448
0.116626
0.147654
0.210822
0.217038
0.217038
0.217038
0.195162
0.217038
0.217038
0.127385
0.167752
0.125134
0.17967
0.217038
0.217038
0.0997921
0.119158
0.144141
0.220284
0.220284
0.203119
0.203633
0.220284
0.187487
0.137659
0.1358
0.126109
0.165135
0.176881
0.217175
0.101209
0.220284
0.183911
0.206251
0.107783
0.0424567
0.172544
0.197573
0.157919
0.209985
0.220284
0.220284
0.129722
0.169945
0.185572
0.102549
0.0828913
0.0895571
0.125287
0.125867
0.148921
0.12594
0.124403
0.0590337
0.171344
0.184393
0.212608
0.145129
0.233144
0.139398
0.171301
0.16358
0.0667857
0.14305
0.233144
0.233144
0.233144
0.233144
0.233144
0.166431
0.185898
0.110492
0.0927077
0.093595
0.133711
0.192198
0.134688
0.16453
0.134101
0.119683
0.052866
0.100059
0.0867343
0.121532
0.216664
0.233144
0.172489
0.157359
0.0866173
0.145633
0.113783
0.216609
0.165672
0.212013
0.216609
0.204705
0.136634
0.215088
0.163633
0.121591
0.179716
0.17864
0.133631
0.216609
0.168589
0.147568
0.169892
0.180328
0.0710748
0.0913781
0.133077
0.216609
0.216609
0.167975
0.136084
0.0723444
0.095985
0.0845245
0.176717
0.216609
0.188648
0.216609
0.1581
0.164872
0.135758
0.0855262
0.0887174
0.107577
0.124808
0.123819
0.21053
0.175595
0.155987
0.171058
0.21053
0.147857
0.21053
0.21053
0.158545
0.179732
0.13761
0.21053
0.21053
0.193528
0.0721476
0.124076
0.186941
0.180836
0.201929
0.165253
0.161547
0.138848
0.0877099
0.0846279
0.21053
0.21053
0.119344
0.208522
0.11333
0.131146
0.21053
0.162154
0.134683
0.21047
0.191646
0.158719
0.206549
0.137086
0.21047
0.21047
0.186269
0.148909
0.16123
0.0907658
0.135969
0.15897
0.107524
0.177488
0.153417
0.125008
0.0818052
0.21047
0.21047
0.157136
0.21047
0.155974
0.152926
0.202759
0.147841
0.0588572
0.126809
0.146158
0.126554
0.196766
0.21047
0.20731
0.154064
0.163989
0.137139
0.213055
0.120716
0.194103
0.213055
0.125608
0.20714
0.161576
0.121437
0.0856023
0.201238
0.134864
0.189214
0.188678
0.113903
0.173837
0.146995
0.13143
0.0726111
0.181845
0.199013
0.208208
0.213055
0.213055
0.213055
0.13665
0.137995
0.0637545
0.0978811
0.213055
0.213055
0.213055
0.0950955
0.10479
0.141373
0.184688
0.107672
0.182145
0.19846
0.209005
0.207792
0.21166
0.192671
0.21166
0.21166
0.0959504
0.14964
0.150681
0.134747
0.21166
0.201515
0.092803
0.100806
0.0979514
0.17429
0.21166
0.0900606
0.206683
0.21166
0.194182
0.140564
0.199116
0.0991564
0.0854203
0.183142
0.167014
0.115656
0.187049
0.151064
0.163073
0.134815
0.0937563
0.141015
0.195466
0.206343
0.165758
0.220709
0.220709
0.129912
0.141449
0.134652
0.112479
0.102371
0.0910349
0.121622
0.174535
0.138649
0.0912512
0.109126
0.0520227
0.115604
0.220709
0.220709
0.131377
0.220709
0.18643
0.220709
0.188691
0.156977
0.149722
0.175172
0.220709
0.189475
0.220709
0.195452
0.109691
0.131063
0.162045
0.109172
0.118848
0.135335
0.192765
0.175278
0.156953
0.10813
0.121825
0.0834766
0.105123
0.0992814
0.0862185
0.215291
0.2166
0.151914
0.158603
0.145446
0.129453
0.170693
0.2166
0.2166
0.211669
0.2166
0.2166
0.176064
0.154142
0.2166
0.0503556
0.0856265
0.145013
0.14707
0.2166
0.188127
0.2166
0.180781
0.210158
0.0867331
0.114496
0.122104
0.217257
0.217257
0.175966
0.144257
0.128999
0.126173
0.089595
0.202501
0.217257
0.209744
0.217257
0.161394
0.169152
0.178793
0.111898
0.0692504
0.103269
0.141752
0.163633
0.207755
0.152481
0.217257
0.141672
0.206292
0.111539
0.159124
0.167972
0.163919
0.217257
0.217257
0.172916
0.139183
0.155113
0.0705019
0.136291
0.195579
0.216042
0.216042
0.176097
0.15857
0.1628
0.106003
0.083899
0.216042
0.216042
0.142745
0.216042
0.143605
0.163008
0.216042
0.199723
0.125716
0.183044
0.162244
0.162895
0.216042
0.197605
0.11574
0.119138
0.0865532
0.135203
0.163031
0.160332
0.216042
0.188545
0.11521
0.0957357
0.141033
0.177979
0.0823258
0.210467
0.210467
0.17346
0.210467
0.180912
0.177575
0.210467
0.170913
0.0562701
0.128279
0.171737
0.173889
0.210467
0.207642
0.210467
0.174025
0.18074
0.147407
0.186646
0.172959
0.205451
0.153519
0.141886
0.126733
0.157153
0.154038
0.10593
0.133763
0.128966
0.118679
0.14837
0.191579
0.171231
0.129731
0.129962
0.0792485
0.187069
0.212327
0.212327
0.212327
0.212327
0.212327
0.145684
0.164409
0.0716384
0.116743
0.204509
0.212327
0.212327
0.100027
0.14494
0.156176
0.212228
0.133561
0.133385
0.132881
0.122377
0.162368
0.212327
0.212327
0.197866
0.153987
0.191854
0.172989
0.119371
0.133836
0.176486
0.11608
0.0920325
0.137661
0.123576
0.158411
0.211497
0.112582
0.193337
0.211497
0.204487
0.186365
0.20283
0.122039
0.0841543
0.205099
0.210057
0.104793
0.1365
0.137446
0.16087
0.133272
0.102817
0.164174
0.211497
0.118943
0.146121
0.181929
0.211497
0.168872
0.181837
0.166954
0.159596
0.190653
0.123877
0.139031
0.211497
0.13671
0.20644
0.128948
0.114859
0.0981515
0.213212
0.213212
0.103168
0.151902
0.151182
0.197299
0.163602
0.140833
0.135309
0.149127
0.185994
0.17028
0.213212
0.183271
0.100209
0.106245
0.13053
0.177874
0.213212
0.157645
0.187572
0.213212
0.114027
0.188598
0.146185
0.163262
0.0605798
0.0999352
0.186694
0.213212
0.213212
0.188275
0.176293
0.156293
0.16193
0.165195
0.184424
0.203801
0.169196
0.208968
0.187679
0.145643
0.126116
0.208968
0.0522854
0.0972308
0.117347
0.127419
0.177419
0.129855
0.208968
0.208968
0.14105
0.0807706
0.119192
0.197227
0.208968
0.208968
0.187818
0.200741
0.161556
0.183319
0.047462
0.123196
0.155297
0.208968
0.181861
0.135658
0.177931
0.196851
0.147485
0.0936595
0.127352
0.124404
0.138967
0.174514
0.107138
0.208856
0.203894
0.208856
0.103155
0.163304
0.124216
0.138293
0.208856
0.208856
0.16776
0.172724
0.148175
0.0850005
0.168011
0.188301
0.208856
0.184905
0.1285
0.195299
0.201087
0.155281
0.0689983
0.137258
0.138204
0.123188
0.208856
0.208856
0.208856
0.183069
0.200643
0.134772
0.208956
0.147742
0.161199
0.216156
0.168104
0.118519
0.145378
0.115533
0.122354
0.190562
0.162903
0.216156
0.211589
0.110562
0.0981914
0.14513
0.199355
0.0984192
0.167878
0.183563
0.120548
0.20914
0.177856
0.157667
0.16185
0.199112
0.141951
0.216156
0.216156
0.216156
0.210101
0.0467273
0.0651128
0.109032
0.199802
0.13862
0.211232
0.177659
0.211232
0.185794
0.13709
0.111494
0.142203
0.179448
0.101454
0.113182
0.12519
0.143898
0.151717
0.188395
0.174896
0.125585
0.127508
0.154959
0.211232
0.211232
0.211232
0.188115
0.0493251
0.0578043
0.113658
0.207988
0.211232
0.211232
0.211232
0.138557
0.138894
0.168458
0.186906
0.160372
0.211232
0.123711
0.117542
0.128703
0.132524
0.181002
0.20672
0.20672
0.167962
0.152407
0.159532
0.196654
0.149747
0.153418
0.183845
0.125585
0.144792
0.111749
0.136188
0.20672
0.20672
0.200143
0.119136
0.169835
0.196967
0.20672
0.190805
0.20672
0.120043
0.152263
0.118603
0.195556
0.1677
0.176849
0.20672
0.159523
0.0933621
0.174533
0.214291
0.14399
0.158265
0.176675
0.214291
0.214291
0.214291
0.196657
0.174539
0.214291
0.148775
0.140219
0.214291
0.152692
0.214291
0.132393
0.146662
0.0674034
0.147809
0.163552
0.175564
0.123841
0.16485
0.13312
0.134171
0.0720912
0.116996
0.089389
0.128356
0.214291
0.214291
0.18169
0.205804
0.139025
0.0756801
0.172117
0.215745
0.172957
0.18197
0.205217
0.113833
0.188525
0.132285
0.173792
0.0866201
0.0812942
0.179139
0.215745
0.215745
0.163372
0.211439
0.170627
0.176214
0.0909202
0.0911112
0.170046
0.215745
0.215745
0.211858
0.176699
0.141806
0.101317
0.105741
0.121969
0.0933803
0.187654
0.215745
0.215745
0.133527
0.111635
0.114889
0.104918
0.101295
0.173057
0.22455
0.22455
0.152832
0.193812
0.143341
0.164377
0.0659006
0.127644
0.132386
0.190304
0.171132
0.132835
0.16124
0.22455
0.138163
0.11183
0.125025
0.125091
0.214435
0.22455
0.22455
0.174849
0.101934
0.116749
0.119779
0.22455
0.128259
0.114966
0.22455
0.22455
0.22455
0.0904416
0.153428
0.106594
0.177029
0.169816
0.188471
0.184217
0.127038
0.165581
0.228362
0.155222
0.0692194
0.143285
0.12102
0.128391
0.228362
0.17798
0.188919
0.173028
0.173389
0.156226
0.228362
0.166176
0.145357
0.228362
0.228362
0.228362
0.100154
0.168513
0.116753
0.120583
0.101743
0.13732
0.220147
0.141102
0.123169
0.144677
0.14561
0.103357
0.186385
0.174432
0.136451
0.219594
0.163537
0.166341
0.162317
0.203397
0.136073
0.208688
0.219594
0.219594
0.219594
0.0553168
0.0889832
0.132784
0.198112
0.133197
0.146809
0.119715
0.165734
0.211099
0.118184
0.100749
0.12935
0.147152
0.111117
0.207358
0.219594
0.108979
0.17427
0.133256
0.202865
0.219594
0.139597
0.129538
0.20304
0.208444
0.208444
0.197993
0.057879
0.0810619
0.117569
0.185272
0.158469
0.16255
0.193706
0.157389
0.161953
0.193502
0.208444
0.136923
0.150547
0.101991
0.20557
0.208444
0.126447
0.137043
0.11586
0.16823
0.208444
0.126896
0.0974923
0.204449
0.208444
0.207828
0.151364
0.121876
0.20572
0.131045
0.16765
0.164241
0.192948
0.201121
0.148858
0.199871
0.207815
0.207815
0.138179
0.156818
0.083765
0.134924
0.155183
0.198683
0.169775
0.19182
0.207815
0.131631
0.110082
0.121091
0.207815
0.207815
0.207815
0.143711
0.142297
0.207815
0.135366
0.172513
0.0935147
0.128435
0.169251
0.109049
0.126422
0.15756
0.191273
0.194546
0.136875
0.0942007
0.200012
0.138067
0.188878
0.173834
0.191109
0.154422
0.201077
0.113744
0.123587
0.118178
0.128904
0.211312
0.211312
0.174904
0.211312
0.17236
0.0912081
0.111321
0.177458
0.142259
0.173538
0.211312
0.174678
0.092254
0.139422
0.148543
0.16984
0.211312
0.132466
0.136292
0.211312
0.208987
0.211312
0.179611
0.0985664
0.0838277
0.0995238
0.147853
0.221144
0.221144
0.176678
0.194439
0.147253
0.105532
0.126409
0.122636
0.110397
0.210262
0.221144
0.180366
0.154891
0.125505
0.130136
0.144445
0.155092
0.130992
0.18795
0.221144
0.182352
0.174963
0.132204
0.10233
0.129942
0.167598
0.221144
0.221144
0.148857
0.118441
0.221144
0.221144
0.145341
0.118957
0.121647
0.134795
0.217395
0.217395
0.171414
0.162622
0.103183
0.109039
0.0996307
0.197559
0.192277
0.138654
0.217395
0.216472
0.217395
0.0979106
0.150447
0.0979312
0.142606
0.217395
0.217395
0.137512
0.0990182
0.217395
0.217395
0.15546
0.0622437
0.191075
0.217395
0.201013
0.122445
0.140551
0.212904
0.12529
0.0746153
0.143697
0.228828
0.228828
0.1829
0.228828
0.228828
0.228828
0.127574
0.178505
0.109199
0.121226
0.123759
0.151805
0.212529
0.127169
0.115995
0.152019
0.161262
0.0900256
0.228828
0.228828
0.20453
0.154854
0.172071
0.228828
0.203858
0.131953
0.0723746
0.0852062
0.11024
0.100131
0.109637
0.0992876
0.156024
0.149864
0.155299
0.135876
0.166079
0.152055
0.192018
0.224441
0.127347
0.131573
0.170106
0.182883
0.110554
0.194756
0.224441
0.111218
0.220802
0.170957
0.224441
0.224441
0.126853
0.0883742
0.131429
0.121966
0.0925403
0.132615
0.106641
0.224441
0.224441
0.221932
0.0872876
0.173149
0.134401
0.202825
0.177906
0.178613
0.13097
0.173566
0.0696366
0.0951196
0.178741
0.217112
0.131982
0.164889
0.148062
0.213548
0.217112
0.117453
0.0788619
0.198946
0.217112
0.217112
0.217112
0.160955
0.217112
0.14442
0.100827
0.0660604
0.188827
0.110739
0.123087
0.155784
0.156016
0.133839
0.172353
0.0835738
0.0282939
0.12424
0.217112
0.18732
0.217112
0.156817
0.182606
0.217112
0.161869
0.088901
0.200062
0.207826
0.209564
0.19041
0.152507
0.209564
0.116039
0.100966
0.0749637
0.126408
0.18703
0.111008
0.120473
0.159086
0.150707
0.176671
0.139984
0.040759
0.159628
0.186999
0.163091
0.209564
0.16844
0.175246
0.209564
0.186503
0.103449
0.186388
0.207848
0.209564
0.209564
0.195096
0.133553
0.14847
0.175493
