0.147142
0.159329
0.133301
0.182884
0.216432
0.180566
0.149572
0.128796
0.212815
0.0448428
0.211013
0.161393
0.216432
0.216432
0.116918
0.0808112
0.126057
0.106637
0.0665993
0.181066
0.203464
0.184711
0.216432
0.193987
0.178479
0.179888
0.167296
0.121782
0.216432
0.124748
0.216432
0.216432
0.105605
0.0727788
0.169108
0.13761
0.0850707
0.224596
0.184601
0.224596
0.224596
0.154201
0.0995333
0.1495
0.161467
0.0896865
0.174186
0.0790388
0.159764
0.224596
0.130898
0.126241
0.183516
0.157247
0.144574
0.224596
0.146106
0.224596
0.204916
0.123826
0.109208
0.204889
0.173567
0.120172
0.165553
0.146831
0.157033
0.217327
0.0997631
0.068337
0.224596
0.168283
0.120195
0.166729
0.05973
0.135959
0.23099
0.184618
0.151339
0.176225
0.189392
0.0522728
0.222598
0.136297
0.23099
0.23099
0.195864
0.216936
0.12197
0.107176
0.159819
0.211267
0.151075
0.14873
0.200107
0.169961
0.0843758
0.23099
0.173611
0.0936201
0.192123
0.128887
0.135656
0.23099
0.154205
0.129224
0.116529
0.0794092
0.0568977
0.202758
0.114792
0.233596
0.233596
0.225845
0.209773
0.135196
0.0905322
0.137993
0.176893
0.233596
0.233596
0.233596
0.233596
0.107404
0.136164
0.059504
0.114221
0.187583
0.140453
0.147333
0.233596
0.196108
0.127584
0.0928304
0.0930001
0.0506869
0.21131
0.118984
0.120312
0.199782
0.22573
0.115656
0.0962378
0.0635772
0.148906
0.186749
0.22619
0.22619
0.22619
0.22619
0.1434
0.1969
0.078437
0.100512
0.206575
0.112318
0.22619
0.22619
0.190602
0.197254
0.197618
0.0885723
0.070827
0.142294
0.11262
0.167694
0.22619
0.22619
0.185922
0.140493
0.108116
0.121367
0.141253
0.113292
0.113001
0.176037
0.133215
0.130321
0.0843744
0.124329
0.104568
0.207305
0.0950986
0.211804
0.211804
0.192491
0.188934
0.211804
0.153157
0.0956981
0.211804
0.211804
0.208654
0.146006
0.211804
0.174767
0.182581
0.20866
0.130574
0.099653
0.115112
0.119844
0.211804
0.161225
0.184048
0.114313
0.139306
0.0780722
0.115706
0.184408
0.211804
0.202391
0.119576
0.135383
0.137064
0.0878709
0.0911477
0.215776
0.215776
0.215776
0.163064
0.215776
0.215776
0.215776
0.215776
0.0764862
0.11425
0.106931
0.143575
0.199601
0.171556
0.150309
0.136407
0.129112
0.091003
0.141491
0.20637
0.215776
0.215776
0.141035
0.145875
0.162197
0.0867277
0.112896
0.0754495
0.0942604
0.215776
0.215776
0.163582
0.146835
0.204649
0.106986
0.0734492
0.199132
0.186611
0.193804
0.23421
0.23421
0.181397
0.138354
0.129545
0.124972
0.23421
0.0980129
0.197236
0.23421
0.122066
0.0916524
0.198545
0.132803
0.0324311
0.106958
0.143497
0.118518
0.23421
0.23421
0.23421
0.108007
0.109622
0.0528134
0.102082
0.139035
0.144281
0.211339
0.196372
0.23421
0.120259
0.0925436
0.129305
0.215003
0.114957
0.208294
0.215003
0.122154
0.124467
0.215003
0.145203
0.0927357
0.136813
0.12503
0.159919
0.215003
0.0924341
0.0909488
0.215003
0.155011
0.0620438
0.153435
0.177632
0.172908
0.215003
0.215003
0.215003
0.177902
0.121317
0.118131
0.215003
0.158666
0.194827
0.204766
0.175664
0.215003
0.1189
0.0657964
0.132724
0.183395
0.149033
0.169589
0.214604
0.172682
0.118982
0.201684
0.159128
0.0913038
0.190858
0.131168
0.130729
0.214604
0.133811
0.130906
0.128409
0.068335
0.110619
0.214604
0.178142
0.198617
0.214604
0.214604
0.214604
0.185501
0.0768047
0.123738
0.163032
0.132929
0.156532
0.214604
0.214604
0.190234
0.107858
0.168805
0.128749
0.21262
0.154728
0.158946
0.222872
0.207624
0.146785
0.13046
0.0904768
0.0872435
0.186947
0.0930676
0.132589
0.222872
0.222872
0.145395
0.15475
0.0932494
0.0997705
0.154411
0.134719
0.167989
0.222872
0.222872
0.211401
0.18167
0.184341
0.0701853
0.147884
0.193161
0.222872
0.222872
0.0974137
0.127995
0.177965
0.123977
0.0962814
0.132525
0.0973325
0.18361
0.22431
0.22431
0.192241
0.176254
0.1361
0.162571
0.18035
0.109034
0.139376
0.172042
0.142784
0.117396
0.115977
0.137342
0.0864703
0.113765
0.184487
0.22431
0.22431
0.147686
0.171046
0.210526
0.194432
0.11233
0.182351
0.180532
0.22431
0.22431
0.168793
0.108129
0.126015
0.181719
0.164835
0.150782
0.132254
0.151125
0.217888
0.18195
0.162595
0.132178
0.154866
0.117193
0.147014
0.184971
0.217888
0.217888
0.147919
0.105722
0.106225
0.120749
0.122633
0.190228
0.20009
0.217888
0.217888
0.178096
0.143849
0.131422
0.217888
0.0831312
0.139708
0.210153
0.195619
0.217888
0.143768
0.140557
0.180197
0.0725071
0.104736
0.155882
0.188322
0.230083
0.230083
0.161938
0.108599
0.132239
0.107773
0.113086
0.0977737
0.0955601
0.214458
0.230083
0.19291
0.122759
0.196783
0.138203
0.0783301
0.150303
0.208738
0.215882
0.230083
0.141678
0.158454
0.151031
0.0798238
0.0768923
0.129515
0.230083
0.230083
0.230083
0.142008
0.163204
0.169648
0.111649
0.0449079
0.152735
0.178487
0.179475
0.259577
0.259577
0.228493
0.123423
0.132605
0.0418684
0.106496
0.14684
0.18481
0.259577
0.259577
0.259577
0.136041
0.114879
0.00224834
0.00469363
0.110805
0.259577
0.259577
0.174499
0.0694709
0.0120536
0.00208758
0.00952623
0.0164214
0.116838
0.245211
0.259577
0.223325
0.113817
0.0356256
0.00579442
0.0458672
0.140534
0.153304
0.185319
0.248585
0.248585
0.248585
0.150621
0.112532
0.0962902
0.207351
0.150165
0.204034
0.248585
0.248585
0.248585
0.0775614
0.0773566
0.00829527
0.0170769
0.103119
0.236978
0.248585
0.204583
0.0987101
0.0357414
0.00738124
0.0312051
0.0325179
0.0693508
0.202174
0.248585
0.248585
0.179794
0.0141016
0.00589324
0.0852621
0.216943
0.158279
0.194637
0.251642
0.251642
0.251642
0.11859
0.0672031
0.0954744
0.18393
0.139613
0.168064
0.251642
0.216562
0.189232
0.12342
0.129182
0.0289208
0.035287
0.0863729
0.204872
0.251642
0.251642
0.161253
0.025274
0.00893748
0.0526099
0.0879375
0.0490852
0.117351
0.251642
0.251642
0.150572
0.110863
0.111217
0.0816863
0.17977
0.132781
0.179578
0.259412
0.252442
0.206326
0.176266
0.134839
0.0854016
0.158407
0.176013
0.209711
0.259412
0.0903324
0.143568
0.205009
0.14301
0.0503426
0.0996756
0.0803698
0.13702
0.259412
0.259412
0.150321
0.0820141
0.079739
0.0486166
0.0856586
0.0936727
0.174861
0.259412
0.259412
0.13796
0.0540672
0.093932
0.0903161
0.125683
0.154229
0.222401
0.241983
0.120553
0.149024
0.189303
0.178667
0.100982
0.123607
0.131359
0.241983
0.230364
0.138287
0.100339
0.139177
0.17017
0.0543205
0.09469
0.0957178
0.183819
0.241983
0.241983
0.186955
0.0429104
0.0870864
0.150073
0.144668
0.105124
0.241983
0.241983
0.241983
0.193685
0.102973
0.115002
0.1101
0.144619
0.153982
0.218778
0.218778
0.145142
0.120182
0.122685
0.197821
0.0978812
0.15532
0.1818
0.186636
0.218778
0.156494
0.1088
0.125196
0.0946684
0.132543
0.148315
0.103476
0.218778
0.218778
0.218778
0.218778
0.131732
0.146668
0.102698
0.191799
0.107678
0.107009
0.218778
0.218778
0.149143
0.182186
0.212788
0.0888729
0.171135
0.173717
0.186064
0.212822
0.158128
0.123608
0.107831
0.099695
0.0705042
0.13086
0.218099
0.218099
0.218099
0.146237
0.163633
0.172702
0.126657
0.0600521
0.161554
0.181296
0.136881
0.218099
0.214189
0.12845
0.166208
0.184085
0.0543375
0.150048
0.213182
0.218099
0.218099
0.218099
0.154596
0.163214
0.122993
0.00112742
0.00259336
0.16244
0.286551
0.286551
0.137584
0.0523341
0.0269201
0.0150349
0
0.00272855
0.119802
0.286551
0.286551
0.286551
0.151115
0.0408393
0
0.0925413
0.0336974
0.0918
0.286551
0.127961
0.11486
0.14218
0.192246
0.284
0.0223397
0.0515147
0.2015
0.286551
0.278503
0.109397
0.0471567
0.0615518
0.111884
0.00276189
0.00495583
0.0850681
0.291552
0.291552
0.291552
0.149507
0.0293131
0.00328419
0.0383577
0.022714
0.0451311
0.220729
0.291552
0.291552
0.25898
0.0128642
0.0150036
0.0214433
0.0667864
0.180082
0.291552
0.249085
0.0967675
0.0502927
0.0505819
0.0881221
0.00296289
0.0273887
0.184015
0.291552
0.291552
0.108178
0.0328832
0.0135963
0.00895089
0.0412609
0.0311735
0.0767846
0.213431
0.285971
0.285971
0.261809
0.0144174
0.0175848
0.0579147
0.134837
0.0987978
0.192921
0.285971
0.285971
0.201695
0.158589
0.127955
0.00236207
0.0387611
0.193233
0.285971
0.285971
0.121436
0.0353127
0.0125586
0.00796554
0.0030137
0.00668985
0.137515
0.285971
0.263104
0.100181
0.0169756
0.00724029
0.0037206
0.0613591
0.156653
0.161934
0.221036
0.273977
0.273977
0.195271
0.10229
0.0837372
0.0748533
0.149211
0.150366
0.193701
0.273977
0.273977
0.138936
0.0754174
0.143287
0.00191646
0.0136834
0.159858
0.273977
0.273977
0.117743
0.0386476
0.00995607
0.00165716
0.00085562
0.026957
0.208176
0.245874
0.273977
0.182391
0.0551988
0.00286151
0.000788692
0.0746543
0.153762
0.15619
0.214011
0.251638
0.251638
0.174344
0.0418056
0.121982
0.147538
0.124156
0.112334
0.251638
0.251638
0.251638
0.245669
0.143943
0.153807
0.00171832
0.0314149
0.226763
0.21696
0.251638
0.184007
0.0798856
0.00872428
0.000678711
0.0182024
0.0186701
0.0978729
0.251638
0.251638
0.187639
0.0825999
0.0184714
0.00547326
0.110868
0.120513
0.098025
0.233033
0.233033
0.233033
0.228897
0.140171
0.154074
0.107092
0.187657
0.205667
0.119352
0.233033
0.233033
0.186178
0.171323
0.218449
0.0133842
0.0130693
0.113359
0.212646
0.233033
0.194083
0.0791177
0.0262123
0.00662644
0.00952736
0.0594575
0.233033
0.215083
0.233033
0.178178
0.17143
0.0628862
0.0186242
0.0738685
0.177214
0.223491
0.146447
0.223491
0.223491
0.166828
0.1661
0.194022
0.0647987
0.143164
0.223491
0.214591
0.223491
0.223491
0.171839
0.182752
0.149121
0.00963696
0.0479655
0.223491
0.179955
0.223491
0.196982
0.151454
0.0757851
0.0247496
0.0200757
0.0628129
0.121864
0.170995
0.223491
0.223491
0.170912
0.0784235
0.0810112
0.132312
0.0353611
0.156877
0.280649
0.176264
0.184202
0.232313
0.251942
0.280649
0.0397037
0.0696871
0.25112
0.280649
0.280649
0.159957
0.0754965
0.0779394
0.146216
0.172402
0.0569032
0.0350219
0.0501505
0.0700141
0.0836064
0.100043
0.0822364
0.280649
0.112102
0.100278
0.0972827
0.132776
0.173506
0.0790249
0.101565
0.107825
0.280649
0.0526107
0.0994022
0.245926
0.278242
0.278242
0.155624
0.0819769
0.087166
0.144137
0.0261114
0.030443
0.215233
0.278242
0.278242
0.124783
0.0572307
0.0579477
0.0467906
0.181347
0.182583
0.100535
0.128703
0.203395
0.059508
0.0835665
0.118734
0.278242
0.129586
0.127466
0.074753
0.118008
0.182806
0.0880538
0.103579
0.263615
0.274416
0.0300603
0.0481595
0.245794
0.262407
0.262407
0.131856
0.0613601
0.0624315
0.044211
0.0112038
0.0235811
0.262274
0.262407
0.262407
0.135054
0.0345984
0.0257743
0.0209302
0.210572
0.225853
0.098181
0.11931
0.254831
0.0884977
0.0877157
0.23555
0.235468
0.101751
0.0945662
0.125267
0.202798
0.242613
0.145147
0.162229
0.154718
0.164329
0.0102266
0.0352183
0.253521
0.253521
0.253521
0.148153
0.0541721
0.030178
0.0152711
0.00405339
0.0364179
0.253521
0.253521
0.253521
0.187537
0.0572117
0.00766307
0.00218121
0.154268
0.147487
0.134388
0.178729
0.253521
0.136398
0.147686
0.152618
0.173616
0.144762
0.169831
0.192025
0.253521
0.238869
0.151697
0.140443
0.172479
0.113899
0.00509788
0.041483
0.257949
0.257949
0.257949
0.202299
0.0749186
0.0119849
0.000691669
0.00145119
0.00577696
0.134179
0.257949
0.257949
0.257949
0.137641
0.0337871
0.000749329
0.169285
0.155115
0.159223
0.253227
0.208147
0.15109
0.148501
0.165257
0.14707
0.164824
0.06989
0.144199
0.257949
0.257949
0.157505
0.0812528
0.0975152
0.0896566
0.00204927
0.00571973
0.148723
0.266337
0.266337
0.252911
0.101175
0.0364463
0.000349095
0.00233188
0.0595775
0.266337
0.250245
0.266337
0.263743
0.266337
0.0901459
0.000641534
0.165811
0.0750624
0.112641
0.266337
0.239418
0.146858
0.0658102
0.0698308
0.103965
0.0265098
0.0396215
0.171446
0.266337
0.266337
0.10225
0.0593175
0.0156515
0.0190454
0.0137795
0.055395
0.251818
0.216806
0.251818
0.251818
0.251818
0.114936
0.0209675
0.0352071
0.0808448
0.225876
0.251818
0.251818
0.251818
0.244976
0.110187
0.122306
0.0221015
0.0626687
0.178672
0.251818
0.251818
0.118989
0.0552595
0.0129267
0.0270126
0.0363216
0.0519766
0.15478
0.251818
0.251818
0.0884776
0.0452718
0.0159338
0.00912323
0.264294
0.0773173
0.0428738
0.0717191
0.130222
0.142229
0.178662
0.126648
0.264294
0.196801
0.150471
0.105185
0.141569
0.264133
0.147106
0.159728
0.179873
0.264294
0.147542
0.0338927
0.0348405
0.0928111
0.183568
0.0521121
0.115748
0.264294
0.264294
0.0991899
0.0476203
0.0333817
0.141932
0.264294
0.0378378
0.115345
0.204598
0.261755
0.252451
0.239289
0.0973971
0.146033
0.252451
0.103292
0.111624
0.178496
0.252451
0.196682
0.140229
0.0539612
0.17202
0.252451
0.0980772
0.137728
0.252451
0.252451
0.14406
0.0778708
0.0276126
0.182048
0.252451
0.0332951
0.0919633
0.133591
0.252451
0.168003
0.0722618
0.0204452
0.0619814
0.111072
0.017722
0.0387273
0.154688
0.252451
0.237161
0.237161
0.0943202
0.164652
0.237161
0.0841203
0.113191
0.237161
0.237161
0.127006
0.130932
0.198103
0.237161
0.237161
0.161958
0.210045
0.195129
0.205638
0.237161
0.112973
0.0203624
0.100555
0.195988
0.00788853
0.0208408
0.0815188
0.237161
0.196183
0.073522
0.0441576
0.0774421
0.17269
0.0353563
0.0865049
0.119108
0.203084
0.194588
0.186486
0.207886
0.23011
0.23011
0.144512
0.175567
0.170022
0.210845
0.154994
0.200453
0.23011
0.23011
0.23011
0.19062
0.160719
0.1665
0.12954
0.23011
0.101675
0.0447506
0.0574236
0.146668
0.0248134
0.0603565
0.0787501
0.23011
0.23011
0.180178
0.0273137
0.0593555
0.11796
0.0574775
0.0999599
0.115705
0.199127
0.187794
0.171459
0.199252
0.245866
0.245866
0.195528
0.171004
0.163586
0.183516
0.158804
0.0925839
0.168887
0.245866
0.245866
0.188254
0.122478
0.114966
0.104626
0.245866
0.140465
0.0388213
0.0393885
0.0714757
0.0476973
0.0844846
0.119401
0.245866
0.245866
0.194134
0.0272786
0.0708539
0.154229
0.0620101
0.0985349
0.187601
0.200249
0.187475
0.0890258
0.150986
0.266488
0.266488
0.196434
0.114122
0.100526
0.162831
0.0460684
0.0646461
0.143044
0.266488
0.266488
0.140484
0.105307
0.041768
0.0618201
0.263806
0.115436
0.0335022
0.0710266
0.128626
0.0659831
0.0915653
0.167973
0.266488
0.266488
0.197439
0.057768
0.173449
0.226874
0.0964122
0.127277
0.101101
0.224667
0.0491746
0.0880124
0.199311
0.269751
0.269751
0.144062
0.0972068
0.0373858
0.100012
0.0704496
0.104416
0.269751
0.269751
0.269751
0.168362
0.0834166
0.0259783
0.0326885
0.227711
0.145139
0.0666652
0.132649
0.209643
0.101899
0.121917
0.0796558
0.269751
0.126143
0.209544
0.142356
0.193036
0.211901
0.177768
0.148041
0.104317
0.147815
0.210006
0.0497901
0.0494951
0.127125
0.248905
0.0704181
0.112159
0.266455
0.266455
0.145782
0.0603265
0.0338549
0.18737
0.266455
0.0629087
0.148314
0.266455
0.266455
0.0955502
0.0539325
0.0576537
0.054302
0.117056
0.0943871
0.266455
0.266455
0.266455
0.11187
0.0692696
0.0283745
0.102159
0.227537
0.0149139
0.0614725
0.0631009
0.266455
0.220867
0.0998464
0.0316942
0.268945
0.268945
0.0636549
0.135042
0.209198
0.268945
0.234229
0.0812195
0.0295595
0.111986
0.200598
0.0215759
0.0440063
0.268945
0.268945
0.149636
0.0992879
0.0356914
0.191589
0.268945
0.0157865
0.0809775
0.0604992
0.268945
0.126922
0.0637353
0.0145758
0.103395
0.217285
0.0132795
0.0292198
0.13421
0.268945
0.256102
0.139032
0.0301352
0.179605
0.256102
0.00854636
0.0213424
0.157707
0.256102
0.256102
0.118633
0.0866912
0.145147
0.234004
0.0479641
0.148123
0.186412
0.256102
0.220413
0.0654477
0.00948082
0.156897
0.256102
0.00752003
0.0217705
0.126243
0.256102
0.179156
0.0420329
0.00662134
0.204826
0.256102
0.0106945
0.0384168
0.0625574
0.256102
0.263399
0.169446
0.0847888
0.106693
0.24603
0.0325398
0.107411
0.117788
0.263399
0.263399
0.263399
0.052336
0.111828
0.218976
0.0738489
0.16481
0.166924
0.263399
0.263399
0.0588111
0.015601
0.111139
0.222496
0.00780644
0.0346915
0.0527109
0.263399
0.16035
0.0611461
0.0253155
0.155157
0.263399
0.0232338
0.049346
0.0521309
0.239895
0.262167
0.198101
0.0579217
0.0620335
0.146057
0.0524352
0.113475
0.14716
0.262167
0.262167
0.262167
0.018904
0.108858
0.255861
0.088776
0.180738
0.262167
0.262167
0.196045
0.0507465
0.0315339
0.0671
0.166119
0.0157575
0.0362248
0.0627445
0.262167
0.204921
0.0664041
0.0336079
0.159857
0.262167
0.0155393
0.0247978
0.0757567
0.259975
0.251363
0.124225
0.023024
0.0811916
0.204309
0.0776573
0.13972
0.200327
0.251363
0.251363
0.251363
0.042005
0.204307
0.251363
0.123191
0.170887
0.154838
0.251363
0.167506
0.0365719
0.0266523
0.102525
0.251363
0.0126657
0.0348539
0.0891398
0.251363
0.251363
0.06454
0.0227075
0.101956
0.251363
0.0373727
0.0568978
0.0891206
0.220767
0.247747
0.17238
0.0599867
0.145161
0.247747
0.122411
0.154121
0.125767
0.247747
0.167244
0.240532
0.209595
0.247747
0.247747
0.232551
0.190389
0.119894
0.193676
0.19817
0.0539762
0.020032
0.0502994
0.159164
0.0274533
0.067665
0.112459
0.247747
0.147813
0.0616389
0.0206424
0.0936413
0.247747
0.0383451
0.0453942
0.0866777
0.234785
0.144424
0.085211
0.109626
0.0868971
0.150902
0.105771
0.273651
0.273651
0.273651
0.173752
0.10321
0.0352084
0.12636
0.273651
0.0195489
0.0832872
0.088191
0.273651
0.273651
0.0686125
0.051077
0.0579714
0.13117
0.0642605
0.120936
0.273651
0.273651
0.273651
0.081426
0.0190144
0.075592
0.165459
0.0106129
0.0518218
0.0827119
0.273651
0.225815
0.144047
0.0430281
0.224312
0.270528
0.0181127
0.109643
0.0791847
0.270528
0.147026
0.0792503
0.0205347
0.140331
0.270528
0.0122941
0.038136
0.168148
0.270528
0.270528
0.1263
0.0116502
0.152469
0.270528
0.00804412
0.0233133
0.0534718
0.270528
0.234759
0.127059
0.00853142
0.113411
0.237053
0.0188396
0.0565575
0.0857752
0.270528
0.237987
0.0835678
0.0136502
0.191134
0.265657
0.00727293
0.0268535
0.150183
0.265657
0.195615
0.0498352
0.00860966
0.245973
0.265657
0.0114173
0.0344457
0.073305
0.265657
0.265657
0.127797
0.0064863
0.147346
0.265657
0.0114789
0.0295346
0.06869
0.265657
0.169665
0.049694
0.0160587
0.229949
0.265657
0.0122452
0.0227197
0.0655018
0.265657
0.273778
0.0780396
0.0212214
0.158396
0.273778
0.0108612
0.0354841
0.0903829
0.273778
0.169475
0.0631918
0.0398034
0.229282
0.273778
0.0263556
0.0632028
0.0881779
0.273778
0.273778
0.0607213
0.0202698
0.144406
0.273778
0.0115411
0.0198869
0.108416
0.273778
0.198858
0.0776519
0.0408781
0.134366
0.265464
0.0400813
0.0331678
0.108612
0.268974
0.253496
0.0649613
0.0478694
0.10859
0.276576
0.0200973
0.0503279
0.130595
0.290866
0.221939
0.0766176
0.0419479
0.271729
0.290866
0.01428
0.0388863
0.0973459
0.290866
0.212391
0.0712685
0.0334847
0.0751954
0.139591
0.0371395
0.0326586
0.173298
0.290866
0.255632
0.112745
0.0451531
0.165606
0.290866
0.0214904
0.0214131
0.0681828
0.184386
0.203898
0.0451449
0.0337969
0.156731
0.286434
0.0134882
0.0359751
0.126742
0.286434
0.286434
0.0999665
0.0351368
0.15166
0.286434
0.0545909
0.0721295
0.131417
0.286434
0.185375
0.0669123
0.0310932
0.114512
0.22466
0.0206781
0.0251877
0.120582
0.286434
0.093388
0.0719354
0.0318883
0.286434
0.286434
0.0121879
0.0242503
0.0760774
0.238056
0.260812
0.0712996
0.0326175
0.0699363
0.207032
0.0409598
0.0719534
0.162811
0.276347
0.218363
0.0727466
0.0167876
0.154889
0.276347
0.0424424
0.0738523
0.119018
0.276347
0.131676
0.0560065
0.024409
0.158829
0.276347
0.0109589
0.0410242
0.151591
0.276347
0.234268
0.0681801
0.0137883
0.250286
0.276347
0.0178095
0.060787
0.118386
0.276347
0.273898
0.0704239
0.0876893
0.0737288
0.16095
0.0690071
0.1001
0.29466
0.29466
0.29466
0.0972396
0.0197973
0.0787119
0.184346
0.0141421
0.0584684
0.123051
0.29466
0.29466
0.0727793
0.0263766
0.0913171
0.136701
0.0405138
0.0892022
0.0817308
0.29466
0.29466
0.0697342
0.0435387
0.126713
0.162121
0.0226087
0.0202263
0.0592603
0.29466
0.262675
0.140028
0.0105652
0.14617
0.262675
0.0113957
0.0281977
0.0789076
0.262675
0.23631
0.112449
0.00465394
0.123221
0.262675
0.0223072
0.0537143
0.0764508
0.262675
0.262675
0.137613
0.0374757
0.18464
0.262675
0.0110165
0.0136909
0.0470127
0.262675
0.262675
0.138819
0.0271567
0.128514
0.262675
0.0426966
0.0260157
0.0623344
0.262675
0.26875
0.124945
0.00298476
0.158689
0.26875
0.0171233
0.0313175
0.0643996
0.26875
0.163233
0.0497791
0.0188426
0.241193
0.26875
0.0139451
0.0201965
0.0640998
0.26875
0.26875
0.181577
0.027285
0.131511
0.26875
0.0285024
0.0187205
0.058075
0.26875
0.166547
0.0446244
0.0338795
0.208292
0.26875
0.0152799
0.0290478
0.090912
0.26875
0.264064
0.0635553
0.0238354
0.165545
0.264064
0.0153963
0.0189964
0.127778
0.264064
0.220032
0.103107
0.0504078
0.13803
0.264064
0.0489734
0.0344935
0.125088
0.264064
0.264064
0.0535189
0.0393016
0.14254
0.264064
0.0114646
0.0222533
0.116403
0.264064
0.264064
0.146167
0.0348285
0.135577
0.258423
0.0200833
0.0091095
0.0822078
0.264064
0.263484
0.105252
0.0484205
0.0955656
0.169777
0.0555201
0.0425013
0.250922
0.286739
0.264773
0.135712
0.0561052
0.219663
0.286739
0.0254855
0.0258452
0.085781
0.231631
0.286739
0.109071
0.039652
0.0785584
0.136647
0.0243067
0.0106916
0.131214
0.286739
0.189101
0.130179
0.0191884
0.154566
0.286739
0.0139493
0.022184
0.0947451
0.23481
0.221237
0.0839384
0.0399282
0.153276
0.2888
0.0276782
0.026609
0.166828
0.2888
0.121526
0.0908751
0.0493559
0.2888
0.2888
0.0178567
0.0234899
0.0893845
0.2888
0.192682
0.093692
0.0221975
0.0947277
0.26432
0.0166035
0.0215081
0.0870287
0.2888
0.179043
0.0834287
0.0599756
0.227105
0.2888
0.020569
0.0216032
0.0532169
0.199989
0.147474
0.0610543
0.0324268
0.181704
0.274206
0.0141941
0.0377907
0.176871
0.274206
0.24567
0.0680086
0.0119725
0.274206
0.274206
0.0179557
0.0820569
0.15324
0.274206
0.194863
0.0709193
0.0424798
0.109473
0.237292
0.0171588
0.0170728
0.0532048
0.274206
0.113728
0.034729
0.0149615
0.274206
0.274206
0.00662127
0.0259542
0.0599041
0.274206
0.310638
0.0727111
0.039729
0.106497
0.169319
0.0467062
0.0796415
0.0873963
0.310638
0.310638
0.0875551
0.0461166
0.133973
0.207502
0.0248187
0.0213203
0.0803642
0.310638
0.241203
0.0815213
0.0544393
0.110658
0.192971
0.0403964
0.0809906
0.185312
0.310638
0.148335
0.0440051
0.0281888
0.111671
0.25967
0.0238232
0.0503371
0.110095
0.310638
0.268427
0.121278
0.0323809
0.186652
0.268427
0.0162001
0.0155207
0.0616734
0.268427
0.268427
0.120884
0.0176381
0.135339
0.268427
0.0440302
0.0359996
0.0705469
0.268427
0.172171
0.0612732
0.0222134
0.172246
0.268427
0.0138227
0.035222
0.067093
0.268427
0.268427
0.121127
0.0210644
0.123022
0.268427
0.03101
0.0388933
0.0940419
0.268427
0.271077
0.145186
0.0185035
0.15717
0.271077
0.0347364
0.0301101
0.0714377
0.271077
0.196619
0.0660693
0.0302537
0.238618
0.271077
0.0179699
0.0411735
0.0895523
0.271077
0.271077
0.12243
0.0253227
0.144317
0.271077
0.0270006
0.0383176
0.0887374
0.271077
0.206412
0.160162
0.0613052
0.138421
0.237179
0.0133432
0.0281728
0.0668903
0.220176
0.260058
0.0692689
0.032877
0.159824
0.260058
0.0154051
0.0297081
0.11221
0.260058
0.260058
0.213025
0.0467061
0.138513
0.260058
0.027663
0.0120007
0.0954467
0.260058
0.174886
0.124853
0.0549288
0.0948837
0.129144
0.0130396
0.0308271
0.129301
0.260058
0.244395
0.228672
0.0465565
0.173267
0.260058
0.0194751
0.0371825
0.175343
0.260058
0.284724
0.142133
0.0418653
0.0776315
0.139198
0.0329753
0.0148392
0.134105
0.284724
0.17771
0.137851
0.0234277
0.143271
0.284724
0.0167152
0.0353786
0.079751
0.2336
0.239819
0.138021
0.0324241
0.102543
0.252611
0.0211443
0.0495526
0.229313
0.284724
0.210202
0.0705154
0.033729
0.191456
0.284724
0.01097
0.0607819
0.120957
0.284724
0.196539
0.0907799
0.0220156
0.0933455
0.281266
0.0213301
0.0343215
0.0835726
0.282474
0.171354
0.0825551
0.0606294
0.245375
0.282474
0.0276143
0.0317104
0.0482268
0.214965
0.282474
0.0407082
0.0331874
0.118023
0.252243
0.0116854
0.0521409
0.0899357
0.282474
0.273576
0.0693859
0.0310501
0.213237
0.282474
0.0100744
0.0452002
0.144219
0.258045
0.199678
0.0742673
0.0449678
0.128764
0.27125
0.0243668
0.0246671
0.0639336
0.277253
0.173875
0.0350444
0.0144629
0.277253
0.277253
0.00761091
0.0371234
0.073143
0.277253
0.277253
0.0641435
0.0279188
0.106684
0.268536
0.00846225
0.0373627
0.157692
0.277253
0.207092
0.0276984
0.00475205
0.176465
0.277253
0.00442828
0.0422132
0.11134
0.277253
0.238414
0.0766498
0.0638846
0.10831
0.183294
0.0287092
0.0762537
0.183457
0.256604
0.163983
0.0595533
0.0281996
0.111253
0.250928
0.0185393
0.0430271
0.109957
0.256604
0.0854482
0.0925625
0.122835
0.182962
0.256604
0.256604
0.240544
0.23836
0.233151
0.256604
0.0898031
0.0378017
0.13479
0.256604
0.0120131
0.0234419
0.0630651
0.256604
0.196432
0.0631491
0.0215129
0.179218
0.273819
0.0114447
0.029587
0.0675643
0.273819
0.273819
0.125802
0.020225
0.117381
0.273819
0.0191126
0.0393428
0.103665
0.273819
0.273819
0.0671347
0.0238003
0.187363
0.273819
0.00802583
0.0222686
0.0560588
0.273819
0.136379
0.0296273
0.0240727
0.224313
0.273819
0.0285256
0.0442714
0.0990034
0.273819
0.271183
0.106875
0.0255303
0.140005
0.271183
0.0181816
0.0370584
0.0934756
0.271183
0.265743
0.169844
0.0472249
0.112079
0.211846
0.0127635
0.0322133
0.0556468
0.225937
0.194671
0.0312679
0.0282935
0.183254
0.271183
0.0231471
0.0352307
0.114022
0.271183
0.271183
0.149686
0.097602
0.167129
0.271183
0.00763121
0.0258698
0.0803138
0.271183
0.19951
0.133672
0.0489511
0.0834427
0.120743
0.0144586
0.0309198
0.109678
0.272014
0.269389
0.255437
0.055506
0.170172
0.272014
0.0222295
0.0320987
0.182285
0.272014
0.261986
0.104837
0.0864706
0.0817145
0.181188
0.00748187
0.0243519
0.106713
0.272014
0.161805
0.0744015
0.0312692
0.272014
0.272014
0.00996258
0.0519741
0.0922168
0.272014
0.224471
0.14153
0.0320638
0.0925418
0.242577
0.020534
0.0358951
0.200454
0.276234
0.203823
0.0724547
0.0367833
0.171431
0.276234
0.00882897
0.052528
0.0892113
0.276234
0.201262
0.0353532
0.0230733
0.158451
0.276234
0.0122657
0.0473728
0.0982107
0.276234
0.159809
0.0625755
0.0262803
0.276234
0.276234
0.0217958
0.0405515
0.0937166
0.276234
0.274332
0.0390708
0.0314838
0.112178
0.252427
0.00929737
0.0449122
0.081672
0.276624
0.231875
0.0689415
0.0285939
0.202389
0.276624
0.0185744
0.0539079
0.115584
0.247732
0.24811
0.0558986
0.0268949
0.164935
0.276624
0.0256818
0.041742
0.114918
0.276624
0.201444
0.116385
0.0124183
0.174842
0.276624
0.0202159
0.0124585
0.0781709
0.276624
0.258899
0.0662076
0.0269168
0.118463
0.273252
0.015282
0.0420149
0.155526
0.273252
0.273252
0.0426433
0.0063998
0.156667
0.273252
0.00503499
0.0335381
0.10676
0.273252
0.21592
0.0816436
0.0123958
0.100651
0.26055
0.0144592
0.0112636
0.145504
0.273252
0.200884
0.0594198
0.00350671
0.197063
0.273252
0.00551937
0.0209113
0.123265
0.273252
0.0737985
0.0840964
0.112506
0.160987
0.244309
0.157552
0.234774
0.221472
0.244309
0.244309
0.100227
0.0427199
0.141201
0.244309
0.0136696
0.0246921
0.0663848
0.244309
0.144497
0.128304
0.056281
0.106114
0.174
0.244309
0.111414
0.219685
0.244309
0.244309
0.0833663
0.035074
0.165388
0.244309
0.00847774
0.0570089
0.0667814
0.244309
0.272186
0.0716181
0.028167
0.182576
0.272186
0.00866153
0.0191883
0.0495477
0.272186
0.139528
0.0378985
0.0210533
0.20417
0.272186
0.0232596
0.03746
0.078756
0.272186
0.272186
0.0476353
0.0241513
0.173759
0.272186
0.0104731
0.039541
0.04995
0.272186
0.190615
0.0419706
0.0205215
0.25758
0.272186
0.0164104
0.0215964
0.0547617
0.272186
0.191103
0.0359303
0.0226547
0.146243
0.268087
0.0174208
0.0258047
0.0784956
0.268087
0.261741
0.111501
0.0709701
0.145072
0.268087
0.00718625
0.0172864
0.0639671
0.268087
0.268087
0.0416537
0.0179079
0.173152
0.268087
0.0110711
0.0102932
0.0531853
0.268087
0.268087
0.157694
0.0173651
0.175551
0.268087
0.00147287
0.00822086
0.108795
0.268087
0.236446
0.078415
0.0640519
0.0699833
0.178136
0.00811023
0.0163676
0.0854068
0.296966
0.138495
0.0478966
0.0193989
0.256658
0.296966
0.0130285
0.0327981
0.0849922
0.241152
0.296966
0.104224
0.0147582
0.0921033
0.225605
0.000282333
0.00950097
0.120221
0.296966
0.176761
0.0416509
0.00625923
0.282009
0.296966
0.00901274
0.0218051
0.0894153
0.296966
0.192558
0.0288425
0.015424
0.14534
0.285488
0.0160569
0.0349065
0.100103
0.285488
0.160226
0.0626257
0.0280807
0.262757
0.285488
0.0172296
0.0271355
0.0701063
0.285488
0.269045
0.0161035
0.00753104
0.159058
0.285488
0.0108577
0.02747
0.104837
0.285488
0.133705
0.0513714
0.0138092
0.270094
0.285488
0.0153564
0.0378009
0.0671477
0.208897
0.272628
0.0614466
0.0321078
0.164876
0.272628
0.0227943
0.0328878
0.0954066
0.272628
0.225123
0.105163
0.0139987
0.170391
0.272628
0.0252285
0.0212952
0.0599094
0.272628
0.272628
0.054267
0.0235537
0.151216
0.272628
0.017965
0.0387658
0.0720367
0.272628
0.189051
0.0830413
0.0204176
0.236311
0.272628
0.0126346
0.0146887
0.0388282
0.242002
0.243619
0.0744319
0.013703
0.101532
0.258444
0.0172448
0.0158175
0.120599
0.266497
0.266497
0.0662893
0.0108543
0.172091
0.266497
0.00753578
0.0138012
0.114011
0.266497
0.266497
0.0603906
0.0251789
0.122498
0.266497
0.0188705
0.0224551
0.0445741
0.266497
0.239491
0.0655553
0.0409075
0.248545
0.266497
0.0611775
0.0526995
0.0491439
0.266497
0.148844
0.10893
0.0396909
0.111601
0.195113
0.16649
0.0992135
0.216163
0.264924
0.264924
0.0977402
0.0386617
0.166388
0.264924
0.018658
0.040141
0.0638437
0.264924
0.204556
0.108061
0.0177657
0.0972481
0.140059
0.158756
0.105701
0.170313
0.264924
0.264924
0.16491
0.0318563
0.198144
0.264924
0.0543868
0.0238519
0.0636839
0.264924
0.259533
0.0558855
0.0227817
0.165663
0.259533
0.0178065
0.0260255
0.0449715
0.259533
0.196951
0.0382677
0.0201037
0.259533
0.259533
0.0185967
0.0204178
0.0430799
0.259533
0.259533
0.138337
0.0222264
0.163303
0.259533
0.0381934
0.0126534
0.0445272
0.259533
0.259533
0.0685157
0.0235859
0.238387
0.259533
0.00686783
0.0125138
0.0463519
0.259533
0.269284
0.036385
0.0163322
0.171337
0.269284
0.0123139
0.0105047
0.03861
0.269284
0.252102
0.130332
0.0182669
0.206712
0.269284
0.0014712
0.00530463
0.0962967
0.269284
0.269284
0.0554097
0.0271724
0.146052
0.226075
0.00349321
0.00912892
0.0487738
0.269284
0.162308
0.102532
0.034101
0.248614
0.269284
0.00646691
0.0216918
0.0519688
0.269284
0.282194
0.0799599
0.0144522
0.0982982
0.232277
0.000194405
0.00634862
0.0946978
0.297943
0.13153
0.0340813
0.00522223
0.255282
0.297943
0.00943593
0.0187934
0.0972115
0.297943
0.187359
0.0632857
0.036949
0.138162
0.221724
0.0103854
0.0278044
0.0591613
0.297943
0.112652
0.0200324
0.00123965
0.285384
0.297943
0.0197971
0.0400704
0.0730183
0.297943
0.229229
0.0191534
0.0083143
0.15126
0.297127
0.0124888
0.0278749
0.120252
0.297127
0.118297
0.0651002
0.0185724
0.244001
0.297127
0.0162256
0.0292855
0.0621493
0.209483
0.227854
0.0179097
0.00896843
0.171792
0.297127
0.025938
0.0517007
0.0793328
0.297127
0.123406
0.0550316
0.0184792
0.219772
0.297127
0.0241938
0.0361259
0.060229
0.296937
0.266345
0.070216
0.0317253
0.142554
0.26199
0.0211146
0.0358876
0.0700039
0.279405
0.201424
0.0730733
0.0222675
0.247699
0.279405
0.0124814
0.0178388
0.0340578
0.265494
0.250531
0.0736624
0.0410299
0.14461
0.279405
0.0307706
0.0445852
0.0521103
0.279405
0.153165
0.0707576
0.0535905
0.218319
0.279405
0.0215874
0.0104659
0.0568284
0.279405
0.270222
0.0563293
0.0283625
0.13107
0.270222
0.0191742
0.0244759
0.0344753
0.270222
0.270222
0.0872889
0.042565
0.230142
0.270222
0.0495478
0.0413396
0.0435685
0.270222
0.255875
0.0522131
0.0644055
0.135963
0.270222
0.0275615
0.0176173
0.048321
0.270222
0.270222
0.0872181
0.0255612
0.155391
0.270222
0.0348689
0.0331615
0.0320483
0.219189
0.203301
0.10102
0.0195159
0.112973
0.183929
0.166243
0.125955
0.191011
0.276776
0.276776
0.17484
0.0396185
0.202419
0.276776
0.0486269
0.0207377
0.0686363
0.276776
0.210604
0.122887
0.0707915
0.131112
0.170497
0.0180732
0.0388823
0.14504
0.276776
0.154233
0.101766
0.0248864
0.184285
0.276776
0.0568505
0.0510046
0.128489
0.237883
0.26027
0.158749
0.0295926
0.16627
0.26027
0.0339247
0.00945019
0.0591003
0.26027
0.26027
0.0607712
0.0369921
0.26027
0.26027
0.00889305
0.0125194
0.0374252
0.26027
0.181603
0.0968833
0.0208192
0.143549
0.26027
0.0316293
0.0306428
0.12166
0.26027
0.26027
0.106648
0.0579798
0.159516
0.26027
0.0172378
0.0219147
0.0292435
0.26027
0.275717
0.0482416
0.0362469
0.169063
0.275717
0.00521793
0.010004
0.0467805
0.275717
0.186085
0.103664
0.0390633
0.275717
0.275717
0.00594693
0.0192436
0.0671591
0.275717
0.275717
0.0767076
0.0383742
0.0885016
0.192197
0.0108319
0.0155385
0.062093
0.275717
0.145152
0.0437621
0.0171833
0.256039
0.275717
0.0163068
0.0226792
0.0865259
0.275717
0.217583
0.0623257
0.0389683
0.15663
0.245694
0.00994934
0.0275349
0.0708101
0.298417
0.106093
0.0233829
0.0115593
0.298417
0.298417
0.0182084
0.0465318
0.0890112
0.298417
0.187275
0.0230664
0.0066159
0.134622
0.247367
0.0152303
0.0266033
0.110677
0.298417
0.156793
0.0429094
0.0483854
0.24789
0.298417
0.0143379
0.0219033
0.0508945
0.279593
0.197673
0.0224276
0.0196953
0.160184
0.291336
0.0218636
0.0542916
0.0836475
0.291336
0.118446
0.0622927
0.0199369
0.205894
0.291336
0.0142734
0.0253402
0.0612813
0.291336
0.241391
0.0420833
0.0459843
0.133568
0.291336
0.0145157
0.0307206
0.0691892
0.291336
0.151129
0.0187068
0.0105558
0.248878
0.291336
0.0109147
0.0211804
0.0888506
0.291336
0.236102
0.0839917
0.0409654
0.140427
0.279028
0.0211646
0.0376924
0.0636074
0.279028
0.185604
0.0654607
0.0539907
0.239705
0.279028
0.0176304
0.0208316
0.0593988
0.279028
0.2414
0.0257084
0.0205431
0.178085
0.279028
0.0178259
0.0385014
0.10564
0.279028
0.109628
0.024437
0.0661032
0.224007
0.279028
0.0204304
0.0431097
0.100923
0.279028
0.269058
0.0489835
0.0643756
0.15962
0.265444
0.0262226
0.0287378
0.0569637
0.269058
0.269058
0.105543
0.0197685
0.172897
0.269058
0.0267492
0.0185491
0.0409114
0.258792
0.206923
0.0310982
0.0808787
0.141516
0.269058
0.0255967
0.0467754
0.0788478
0.269058
0.269058
0.0924517
0.0320317
0.187118
0.269058
0.0134185
0.00937962
0.0763555
0.269058
0.203761
0.120016
0.0849511
0.118627
0.180674
0.028531
0.0526893
0.194458
0.306808
0.165071
0.113556
0.0356601
0.220696
0.306808
0.0438025
0.050052
0.143122
0.270549
0.186122
0.118386
0.0960692
0.0889654
0.152817
0.0448492
0.049345
0.148024
0.306808
0.0935978
0.087238
0.0459973
0.306808
0.306808
0.0233051
0.0561872
0.153729
0.168906
0.206316
0.128303
0.0312303
0.155647
0.260813
0.0222726
0.0293212
0.142621
0.260813
0.260813
0.119524
0.0612459
0.168892
0.260813
0.018207
0.0191798
0.0343283
0.260813
0.193691
0.0833784
0.0217733
0.18973
0.260813
0.019509
0.0440329
0.153301
0.260813
0.260813
0.168839
0.0585824
0.151697
0.260813
0.0229884
0.0355184
0.043569
0.260813
0.28319
0.0856221
0.042117
0.0912352
0.223784
0.0128452
0.0145718
0.0727659
0.28319
0.156965
0.0448212
0.0126594
0.282029
0.28319
0.0169813
0.0369394
0.113395
0.28319
0.28319
0.109149
0.0417518
0.0754829
0.190357
0.0256294
0.0331968
0.0637966
0.28319
0.245524
0.0629736
0.00829101
0.171289
0.28319
0.0155604
0.0313444
0.0899355
0.28319
0.186756
0.0203305
0.00319615
0.141827
0.258185
0.0166125
0.035928
0.126977
0.289995
0.140498
0.0373513
0.0546498
0.252475
0.289995
0.0246406
0.039145
0.066858
0.289995
0.219292
0.0326451
0.00622028
0.100917
0.236621
0.01569
0.0164397
0.0811781
0.289995
0.190923
0.0466265
0.0477036
0.289995
0.289995
0.0152585
0.0212632
0.114101
0.289995
0.209717
0.0351358
0.0462013
0.122107
0.274543
0.024014
0.04303
0.0715881
0.274543
0.213339
0.0215873
0.00809702
0.218944
0.274543
0.00639087
0.0140372
0.0640504
0.274543
0.22754
0.0524116
0.0411936
0.186822
0.274543
0.0160344
0.0172258
0.0785372
0.274543
0.241617
0.0313419
0.0105717
0.256827
0.274543
0.00806381
0.0195061
0.0717713
0.274543
0.274894
0.0327235
0.0171524
0.170633
0.274894
0.013681
0.0336695
0.0942496
0.274894
0.158019
0.0265212
0.0769856
0.23394
0.274894
0.018944
0.049099
0.0926938
0.274894
0.260479
0.0539889
0.0131579
0.195631
0.274894
0.0142082
0.0369279
0.0835386
0.274894
0.112948
0.028447
0.00805185
0.181766
0.274894
0.0127687
0.0590063
0.116001
0.274894
0.227453
0.0330986
0.0909517
0.162084
0.273781
0.026444
0.0559972
0.0858838
0.273781
0.273781
0.0777994
0.0311001
0.234709
0.273781
0.0184183
0.00569224
0.075305
0.273781
0.155018
0.0503961
0.0116712
0.107764
0.273781
0.0191367
0.0608579
0.0872272
0.273781
0.227975
0.0713902
0.0169879
0.220495
0.273781
0.0143601
0.0172942
0.0502862
0.273146
