0.0467402
0.316851
0.286418
0.03141
0.052968
0.0843079
0.316851
0.316851
0.0631797
0.0384472
0.053787
0.023625
0.0267455
0.0515813
0.0387332
0.146412
0.316851
0.213114
0.0803789
0.199953
0.103541
0.0193789
0.0518082
0.0900914
0.217657
0.0972354
0.0376051
0.193564
0.0493023
0.0725407
0.0889323
0.0539905
0.101113
0.170498
0.316851
0.316851
0.0403863
0.0277743
0.0187525
0.0239379
0.0411047
0.0312565
0.122185
0.257545
0.257545
0.149069
0.119293
0.184876
0.117267
0.218533
0.257545
0.129136
0.244598
0.257545
0.148401
0.051984
0.0681294
0.062664
0.0510916
0.0674204
0.127787
0.257545
0.257545
0.125216
0.253051
0.251934
0.142766
0.257545
0.104237
0.132947
0.174099
0.16411
0.227616
0.163927
0.237658
0.176056
0.237658
0.2071
0.160312
0.237658
0.237658
0.118031
0.141111
0.207972
0.203514
0.237013
0.0939123
0.0569878
0.0534208
0.0436239
0.148481
0.237658
0.237658
0.177916
0.237658
0.110524
0.159278
0.237658
0.138858
0.0525893
0.100691
0.0877079
0.161037
0.140083
0.0318558
0.0130146
0.0140002
0.0164182
0.290227
0.290227
0.290227
0.290227
0.290227
0.0790192
0.173727
0.0885393
0.104794
0.0529214
0.0903019
0.0818324
0.16883
0.241585
0.089157
0.030102
0.0246859
0.0301428
0.131048
0.198379
0.20298
0.290227
0.290227
0.0620031
0.0135877
0.0061407
0.0321175
0.0107358
0.0571871
0.0959157
0.207622
0.264854
0.101109
0.0272256
0.0237452
0.00681073
0.125849
0.209518
0.187321
0.26737
0.26737
0.161314
0.0530296
0.0336576
0.0785033
0.0974538
0.101552
0.162247
0.26737
0.26737
0.177308
0.0859299
0.141353
0.0540818
0.0210395
0.088255
0.223024
0.26737
0.26737
0.198168
0.0468187
0.0293859
0.0142808
0.0320324
0.129666
0.21301
0.26737
0.26737
0.148622
0.0294466
0.048899
0.0150671
0.120723
0.166465
0.212581
0.269923
0.269923
0.205628
0.0893563
0.118826
0.101393
0.0732917
0.119351
0.13394
0.183158
0.207264
0.219905
0.0878933
0.109647
0.0811265
0.0490248
0.147144
0.269923
0.269923
0.269923
0.187224
0.0386218
0.0354578
0.00980798
0.0254066
0.090432
0.171934
0.269923
0.269923
0.184145
0.0598077
0.0317972
0.0162718
0.0824543
0.15549
0.153424
0.221572
0.259976
0.243105
0.112604
0.0734468
0.0756586
0.00804761
0.034158
0.0799859
0.189578
0.281748
0.281748
0.220333
0.11911
0.0289102
0.0264084
0.0908179
0.150545
0.281748
0.281748
0.237017
0.0867749
0.0336021
0.00821088
0.00147487
0.0196817
0.105306
0.281748
0.281748
0.193005
0.122298
0.0471707
0.00708453
0.0765541
0.254671
0.111914
0.019817
0.053591
0.0987348
0.23559
0.088868
0.0343667
0.177986
0.0476009
0.0801635
0.0767186
0.0579675
0.102885
0.183584
0.365611
0.365611
0.0269843
0.168263
0.221732
0.0111515
0.0332544
0.0316141
0.0808007
0.022972
0.00997281
0.24703
0.0558387
0.0747559
0.0175203
0.0196285
0.0129662
0.22889
0.365611
0.365611
0.126371
0.0572391
0.05293
0.0614346
0.0745784
0.0706853
0.11201
0.274989
0.274989
0.103396
0.198907
0.274989
0.16939
0.274989
0.106441
0.125654
0.186024
0.14148
0.15096
0.0850991
0.107891
0.0586252
0.0681074
0.0448621
0.106037
0.234677
0.274989
0.145366
0.1987
0.274989
0.216004
0.212755
0.0593038
0.103727
0.149856
0.171249
0.145013
0.255558
0.255558
0.255558
0.255558
0.13756
0.152738
0.255558
0.122251
0.0655965
0.105139
0.119909
0.25208
0.167696
0.0386974
0.019179
0.0162942
0.0287304
0.182081
0.255558
0.255558
0.255558
0.255558
0.121829
0.100119
0.188383
0.132595
0.0346876
0.0467513
0.0820306
0.208156
0.206568
0.0339108
0.0125846
0.00902316
0.0320945
0.18211
0.188205
0.269234
0.303172
0.303172
0.0873478
0.0150911
0.00944691
0.0899058
0.0115849
0.0556507
0.10308
0.303172
0.303172
0.158178
0.0168055
0.0134027
0.000188284
0.0907722
0.0937413
0.198779
0.303172
0.303172
0.0513486
0.0171688
0.0159661
0.123381
0.0286051
0.0484753
0.0797165
0.251783
0.303172
0.108223
0.0169174
0.00998773
0.0142615
0.0166549
0.0508672
0.164443
0.328649
0.328649
0.221889
0.0222541
0.012892
0.000181261
0.0257713
0.081544
0.138765
0.268847
0.328649
0.146289
0.0229763
0.0460751
0.0210565
0.0464879
0.0856382
0.119141
0.328649
0.328649
0.136032
0.0197166
0.00796663
0.0213418
0.0138521
0.0392729
0.0753108
0.199498
0.328649
0.233425
0.0435426
0.0438059
0.0135925
0.037481
0.0917443
0.16228
0.321147
0.324989
0.156849
0.0336683
0.0329429
0.0127392
0.027207
0.0746632
0.108427
0.261097
0.312637
0.109239
0.0487327
0.0293745
0.0155523
0.0302611
0.0406494
0.0883388
0.259995
0.324989
0.239369
0.0575201
0.0268577
0.00939504
0.036283
0.0163417
0.0557382
0.295788
0.324989
0.288611
0.0403866
0.0297126
0.00985498
0.0301452
0.0808847
0.097874
0.280551
0.321389
0.142435
0.0705294
0.0278817
0.00628681
0.00146882
0.0215728
0.0840549
0.280537
0.321389
0.139522
0.0839676
0.0378978
0.00626362
0.0546365
0.0156912
0.0649325
0.321389
0.321389
0.321389
0.0714763
0.0318244
0.00971309
0.0108773
0.0143007
0.044355
0.150963
0.321389
0.321389
0.0355786
0.0297524
0.00510982
0.0412323
0.200519
0.209342
0.0148677
0.0446267
0.0499319
0.141154
0.030208
0.0128739
0.310749
0.0680749
0.122636
0.0144439
0.0230868
0.00710244
0.184886
0.387867
0.387867
0.0679756
0.347247
0.277731
0.00701575
0.0282779
0.0687414
0.102651
0.00750202
0.00671256
0.121259
0.0536323
0.0257427
0.00651164
0.0120635
0.00711093
0.0579269
0.21363
0.387867
0.19107
0.0993955
0.123858
0.0779914
0.102558
0.0577389
0.0940097
0.28121
0.28121
0.196299
0.206698
0.28121
0.28121
0.28121
0.0778802
0.0921185
0.182898
0.243573
0.0837858
0.076229
0.0661281
0.0086937
0.0183674
0.0268092
0.0348734
0.160851
0.28121
0.130453
0.181237
0.186135
0.0788111
0.125393
0.0583759
0.0414912
0.101769
0.28121
0.235447
0.269775
0.269775
0.269775
0.269775
0.160522
0.0974395
0.227708
0.192898
0.0407942
0.0608073
0.132174
0.269775
0.255298
0.043691
0.0198693
0.0126731
0.0561512
0.163685
0.269775
0.269775
0.113582
0.185195
0.0986067
0.0512433
0.170969
0.269775
0.0159913
0.0312259
0.0489985
0.0835652
0.126768
0.0363269
0.0195949
0.0126582
0.0164197
0.0997075
0.133485
0.318404
0.318404
0.318404
0.0746314
0.0370056
0.0310276
0.226236
0.0397151
0.0616913
0.109927
0.291869
0.318404
0.14191
0.0182374
0.0109124
0.0168199
0.0218275
0.0783972
0.120192
0.260614
0.318404
0.0786906
0.0359639
0.0343621
0.0648947
0.0660416
0.0451631
0.08503
0.190513
0.318404
0.111388
0.0201917
0.0158643
0.128387
0.0581184
0.0979274
0.137127
0.342232
0.342232
0.166986
0.0204954
0.0110067
0.0225668
0.021618
0.043346
0.0735644
0.259529
0.342232
0.23054
0.0435039
0.0445033
0.0160895
0.10077
0.0886334
0.115274
0.254997
0.342232
0.0971541
0.0433605
0.0283671
0.0926536
0.0784751
0.0864977
0.105823
0.252462
0.342232
0.106775
0.042993
0.0157199
0.0467448
0.0372847
0.0472684
0.0757546
0.301514
0.33437
0.235334
0.054798
0.0311393
0.0131244
0.0373726
0.0345141
0.0611695
0.330349
0.33437
0.22084
0.0385992
0.0297785
0.0268748
0.102502
0.112427
0.117983
0.268291
0.33437
0.0886892
0.073826
0.0255499
0.0209176
0.0163314
0.0438383
0.0486056
0.276587
0.33437
0.135803
0.0130399
0.0219307
0.0453825
0.056074
0.0409818
0.0704054
0.326078
0.326078
0.26024
0.0586003
0.0272563
0.0221664
0.0102831
0.017754
0.0572139
0.148363
0.326078
0.326078
0.0326914
0.0213527
0.00942469
0.0247822
0.0438481
0.0489773
0.316306
0.326078
0.135956
0.0259453
0.0293835
0.0498551
0.0136639
0.0176596
0.0309733
0.326078
0.326078
0.12767
0.0221357
0.0135955
0.01724
0.113782
0.348643
0.348643
0.0116006
0.036861
0.126264
0.214663
0.0125654
0.0115931
0.165855
0.0842447
0.0376217
0.0104743
0.013765
0.0108709
0.0163652
0.300894
0.348643
0.237428
0.348643
0.348643
0.0338198
0.0292089
0.0117687
0.0271692
0.00210708
0.000749559
0.129674
0.15735
0.0242583
0.00773726
0.0243668
0.00296751
0.00294368
0.0680566
0.28553
0.119599
0.0940489
0.0710485
0.0168275
0.0398452
0.0490045
0.036483
0.230973
0.265863
0.182178
0.216848
0.207784
0.129866
0.241701
0.125448
0.0504944
0.146827
0.265863
0.114826
0.117523
0.0277779
0.0133186
0.0417533
0.0516543
0.0882333
0.134566
0.265863
0.0736639
0.162485
0.119324
0.193316
0.265863
0.23935
0.265863
0.228384
0.26417
0.20437
0.265649
0.265649
0.163373
0.265649
0.180968
0.0773083
0.212845
0.265649
0.0215729
0.0515035
0.0749169
0.129854
0.169384
0.0609624
0.029976
0.0147177
0.0235614
0.106563
0.175439
0.137647
0.199427
0.265649
0.265649
0.265649
0.265649
0.265649
0.0201558
0.114562
0.0931422
0.104243
0.130551
0.0321928
0.0231092
0.0101688
0.00866633
0.0319006
0.149974
0.217559
0.274071
0.274071
0.154544
0.0629485
0.0440227
0.103053
0.0811411
0.0717774
0.120453
0.274071
0.274071
0.145839
0.0316004
0.0236379
0.109791
0.0494114
0.274071
0.24808
0.274071
0.274071
0.120771
0.0500552
0.0217593
0.0323348
0.0311834
0.10437
0.192061
0.274071
0.274071
0.127212
0.0149833
0.0325826
0.0526824
0.109482
0.105564
0.154449
0.30728
0.30728
0.120948
0.0495173
0.0369994
0.0740486
0.0827379
0.106079
0.137421
0.30728
0.30728
0.135947
0.0430791
0.0190046
0.0408015
0.0253605
0.0907901
0.21921
0.30728
0.30728
0.13903
0.0232625
0.0346808
0.0364117
0.0266344
0.0510821
0.125413
0.30728
0.30728
0.0951452
0.0407713
0.0360993
0.0629785
0.0932521
0.120424
0.149357
0.311011
0.311011
0.124011
0.0695655
0.0326731
0.0266638
0.0195608
0.0641357
0.0787726
0.311011
0.311011
0.131747
0.0225594
0.0366433
0.0769332
0.0269074
0.0556072
0.113916
0.311011
0.311011
0.082815
0.0515023
0.034636
0.0456552
0.00785837
0.0575693
0.14763
0.311011
0.311011
0.242476
0.0900342
0.0306906
0.0156923
0.029251
0.0620599
0.0752143
0.263503
0.328518
0.126605
0.0297323
0.039452
0.0688684
0.0180447
0.023192
0.057951
0.328518
0.328518
0.108868
0.0307473
0.0164679
0.0261315
0.00438872
0.0531087
0.108304
0.313429
0.328518
0.20619
0.0833216
0.0323837
0.0106621
0.0206011
0.0494617
0.0594173
0.243365
0.328518
0.328518
0.0284472
0.0389797
0.00950134
0.31261
0.343025
0.343025
0.0363552
0.0264046
0.0217509
0.0497082
0.00380571
0.000512525
0.16578
0.200811
0.0218042
0.0110801
0.0242401
0.00156497
0.00256489
0.0877563
0.308473
0.343025
0.343025
0.0417062
0.0183756
0.0846836
0
0
0
0
0.343025
0.301256
0.00284031
0.00942978
0.0661044
0.00454782
0.002865
0.0430578
0.175366
0.14581
0.140793
0.0186081
0.0264442
0.0505941
0.0668265
0.101792
0.157808
0.249387
0.0750564
0.171002
0.133102
0.249387
0.249387
0.249387
0.249387
0.249387
0.249387
0.249387
0.224808
0.00345489
0.0120543
0.056575
0.00630505
0.0234639
0.0886752
0.242558
0.131608
0.0479382
0.0666699
0.176405
0.248047
0.0728692
0.108243
0.219825
0.249387
0.10408
0.160737
0.125014
0.26933
0.26933
0.26933
0.26933
0.26933
0.26933
0.014611
0.0954891
0.102219
0.141533
0.228931
0.0596031
0.0264871
0.00997873
0.00774956
0.194653
0.0349307
0.0594142
0.173818
0.265647
0.0678885
0.12377
0.26933
0.26933
0.0129851
0.0574961
0.0524555
0.158166
0.26933
0.0522371
0.0292416
0.00275932
0.00590313
0.0287902
0.189866
0.205338
0.306606
0.307881
0.151277
0.0527232
0.00995961
0.0216551
0.0177778
0.0840073
0.156725
0.307881
0.307881
0.135346
0.0356866
0.0309418
0.0172385
0.0277932
0.108201
0.102795
0.307881
0.307881
0.119187
0.0538587
0.0101212
0.0169904
0.0110595
0.0279605
0.0699812
0.307881
0.307881
0.182795
0.0578038
0.0244325
0.0265021
0.0090339
0.0652443
0.161254
0.314008
0.314008
0.152602
0.050141
0.0372601
0.0119835
0.0184189
0.0522447
0.108895
0.314008
0.314008
0.17003
0.0375826
0.0371008
0.0407316
0.0134577
0.0284373
0.0635456
0.314008
0.314008
0.175262
0.0608651
0.0373054
0.0171952
0.0598218
0.0325101
0.0873304
0.314008
0.314008
0.218549
0.0288549
0.0205231
0.0530782
0.0127291
0.0581297
0.114006
0.328222
0.328222
0.170462
0.0524918
0.0489831
0.0370559
0.00987415
0.0457374
0.0993602
0.194811
0.328222
0.230798
0.0633567
0.0326018
0.0264592
0.0387802
0.0446451
0.0942834
0.328222
0.328222
0.177768
0.0349036
0.0365998
0.039177
0.0262925
0.0361212
0.0714032
0.328222
0.328222
0.15528
0.0478441
0.019125
0.0526366
0.00653976
0.0453852
0.0853846
0.195861
0.353094
0.226796
0.0623877
0.0369839
0.0166071
0.0241321
0.0468355
0.0644122
0.163908
0.353094
0.224555
0.0330026
0.0396238
0.0130635
0.0164724
0.0408113
0.0664692
0.297506
0.353094
0.169773
0.0518389
0.0227659
0.0289174
0.026915
0.0159402
0.0532083
0.233741
0.353094
0.347572
0.0417102
0.0251323
0.0131742
0.335169
0.335169
0.0569431
0.0165639
0.07172
6.12866e-05
0.000895714
0
0
0.335169
0.303996
0
0.00689072
0.055758
0.00218414
0.00323375
0.045475
0.16826
0.335169
0.335169
0.0433404
0.0674794
0.156671
0.0249535
0.026271
0.00699018
0
0.335169
0.260429
0.0162461
0.062617
0.268438
0.000728046
0.00222874
0.0111334
0.121685
0.270791
0.255233
0.00286195
0.01711
0.0575378
0.00242949
0.0243892
0.0947352
0.270791
0.143653
0.0385346
0.0891113
0.240599
0.270791
0.087035
0.109888
0.231091
0.270791
0.270791
0.236989
0.00802672
0.0500074
0.209953
0.000989458
0.00775884
0.0440351
0.223725
0.13498
0.0071293
0.0235014
0.188229
0.26827
0.0388219
0.0505314
0.188561
0.270791
0.225986
0.0283389
0.079892
0.271487
0.285202
0.0811079
0.133507
0.285202
0.285202
0.0101968
0.0451134
0.0788422
0.17779
0.285202
0.115495
0.0371297
0.00371537
0.00858952
0.19941
0.00943743
0.0158816
0.197035
0.251356
0.0551067
0.0633065
0.248271
0.285202
0.0039944
0.0180721
0.0634371
0.285202
0.285202
0.0654609
0.00542244
0.00295655
0.00218474
0.0149529
0.0582647
0.100421
0.279429
0.337169
0.178976
0.0571736
0.00686985
0.016535
0.00933903
0.0250293
0.0646932
0.305096
0.337169
0.204089
0.0679065
0.0213743
0.024411
0.00962508
0.0384425
0.0777095
0.337169
0.337169
0.131276
0.0107778
0.00686816
0.00463281
0.00400144
0.0309379
0.0188328
0.337169
0.337169
0.131088
0.0407063
0.000542564
0.000924447
0.0129572
0.0307762
0.0579788
0.285995
0.319797
0.229941
0.082678
0.0393123
0.016391
0.0568691
0.0420682
0.0736432
0.238838
0.319797
0.311677
0.0357298
0.0281683
0.0472481
0.0104529
0.0348137
0.0158756
0.319797
0.319797
0.144831
0.0262284
0.00480286
0.00679165
0.0128123
0.0218873
0.0330016
0.319797
0.319797
0.209231
0.0273549
0.00863936
0.00580385
0.0404418
0.055951
0.0909976
0.259999
0.339447
0.308354
0.0488732
0.0541018
0.0386053
0.0263576
0.0333757
0.0472187
0.210726
0.339447
0.188186
0.0234304
0.0182859
0.0543282
0.0203037
0.0259028
0.0388073
0.339447
0.339447
0.213473
0.0235376
0.0148001
0.0133987
0.0160414
0.02859
0.0298698
0.299975
0.339447
0.106552
0.0276725
0.0177999
0.0123629
0.0191296
0.0396104
0.0554227
0.225969
0.364045
0.218847
0.0303598
0.0258284
0.0329061
0.0356788
0.0259131
0.0397809
0.202758
0.364045
0.187074
0.0436984
0.0293218
0.0168113
0.023234
0.0311704
0.036491
0.352383
0.364045
0.0942435
0.0461644
0.0185969
0.0125169
0.026254
0.0659363
0.0421205
0.343224
0.364045
0.128196
0.0262778
0.0118046
0.0124781
0.292179
0.292179
0.0664912
0.0758631
0.170354
0.0148497
0.0225491
0.00827512
0.00263937
0.292179
0.283192
0.0148228
0.0538195
0.267191
0.000117074
0.00276346
0.0180384
0.112553
0.292179
0.265957
0.113018
0.11904
0.292179
0.0147727
0.010168
0.00956966
0.00332019
0.292179
0.292179
0.0312534
0.0795978
0.292179
0.00514319
0.0515238
0.018097
0.0303588
0.296762
0.292564
0.00790071
0.049687
0.255704
0.00130138
0.0122891
0.0615925
0.239998
0.139382
0.00898836
0.0249691
0.203962
0.296762
0.0481616
0.0763657
0.22595
0.296762
0.296762
0.296762
0.0160073
0.0967051
0.296762
0.00213656
0.0352561
0.0567792
0.10913
0.139244
0.065503
0.0266625
0.0851852
0.138441
0.0426299
0.0884155
0.133258
0.177229
0.261164
0.0155136
0.0257548
0.270604
0.292786
0.0911742
0.120406
0.292786
0.292786
0.00581678
0.0262462
0.130669
0.292786
0.292786
0.155399
0.0110607
0.0111516
0.00388632
0.239368
0.0754551
0.0290799
0.125785
0.15738
0.0538468
0.114833
0.243392
0.292786
0.0290086
0.0519609
0.0680597
0.183288
0.222754
0.072211
0.034519
0.0149187
0.0231506
0.0153955
0.0630319
0.172381
0.327852
0.327852
0.290869
0.0213534
0.0174364
0.0137718
0.00763833
0.0617804
0.0394958
0.327852
0.327852
0.214346
0.0475932
0.0109721
0.00908109
0.0325888
0.079106
0.107739
0.293249
0.309261
0.118019
0.0463664
0.0300836
0.0496578
0.00731466
0.03954
0.0823853
0.211085
0.308974
0.129736
0.0864261
0.0613595
0.0148312
0.0205901
0.0756598
0.0385786
0.330771
0.330771
0.281876
0.0430003
0.01848
0.0266909
0.0235105
0.035387
0.0508982
0.330771
0.330771
0.330771
0.0529771
0.0350934
0.0147609
0.00945137
0.0449883
0.0989914
0.247972
0.330771
0.141082
0.0818559
0.0694174
0.0243323
0.0146049
0.0459709
0.0709772
0.184654
0.281146
0.0913056
0.052441
0.0668756
0.0584619
0.0298027
0.0334265
0.0509067
0.347422
0.347422
0.330495
0.0408641
0.0387683
0.0266734
0.0233823
0.0369106
0.0458356
0.309658
0.347422
0.154769
0.0270439
0.0197673
0.0185431
0.0214644
0.0500501
0.0620553
0.210093
0.347422
0.121281
0.0389224
0.0553541
0.0533425
0.0182563
0.03002
0.0665416
0.205688
0.347422
0.132994
0.0514766
0.0263598
0.10664
0.027363
0.0379789
0.0528594
0.365282
0.389569
0.139495
0.0439467
0.0233466
0.0202217
0.0322187
0.0706409
0.0467237
0.389569
0.389569
0.100303
0.0406115
0.0219313
0.0210216
0.0245393
0.049295
0.0670993
0.278387
0.389569
0.176119
0.0596807
0.0327293
0.0914911
0.0559717
0.0975493
0.0391915
0.0812604
0.216756
0.0473623
0.0695382
0.0541398
0.0670958
0.257683
0.263598
0.124275
0.114976
0.263598
0.015667
0.00790967
0.010581
0.00732066
0.263598
0.263598
0.0317669
0.0958116
0.263598
0.00486739
0.0388238
0.0236735
0.027286
0.229519
0.263598
0.174122
0.172556
0.263598
0.042552
0.0100111
0.0403677
0.033555
0.263598
0.263598
0.0863057
0.262274
0.263598
0.00218107
0.0201586
0.0384112
0.0322208
0.303167
0.303167
0.029346
0.148596
0.303167
0.00288278
0.0412377
0.0861147
0.120353
0.128987
0.0831413
0.0432205
0.0747433
0.193688
0.0457926
0.120912
0.171855
0.186011
0.303167
0.303167
0.0770068
0.303167
0.303167
0.000661509
0.0219933
0.138515
0.15267
0.101191
0.176081
0.0759605
0.115282
0.143186
0.00984855
0.0401013
0.134901
0.105299
0.257612
0.141081
0.0732664
0.162517
0.257612
0.0926242
0.238
0.257612
0.257612
0.0487553
0.0887503
0.155127
0.185368
0.239555
0.14848
0.0661889
0.0405835
0.0409342
0.20939
0.257612
0.117598
0.22461
0.257612
0.0167472
0.0896981
0.257612
0.257612
0.119997
0.140577
0.111538
0.0986241
0.0510958
0.0322739
0.0788661
0.104125
0.0536072
0.0847129
0.170382
0.23923
0.23923
0.23923
0.23923
0.113309
0.0776289
0.122362
0.0216105
0.103028
0.185193
0.23923
0.23923
0.23923
0.162867
0.137627
0.0518704
0.187052
0.203956
0.206581
0.172465
0.130484
0.06771
0.1406
0.168825
0.124934
0.09924
0.137425
0.122476
0.233568
0.180023
0.109664
0.105637
0.202736
0.0795252
0.0247608
0.0782554
0.150492
0.253277
0.253277
0.196498
0.118603
0.103883
0.0628359
0.0977478
0.0593331
0.103828
0.201914
0.253277
0.15873
0.204856
0.253277
0.253277
0.0724169
0.102023
0.103256
0.171956
0.14945
0.0792819
0.0648626
0.129844
0.0791519
0.165355
0.0716161
0.0850102
0.211992
0.253277
0.192088
0.157626
0.253277
0.253277
0.041003
0.0577562
0.0877727
0.132479
0.298437
0.144303
0.118627
0.152787
0.114291
0.067635
0.189293
0.201333
0.190261
0.298437
0.153661
0.106459
0.0873701
0.101367
0.0571234
0.0744003
0.0838885
0.147018
0.298437
0.166491
0.105269
0.142733
0.170258
0.0723909
0.256843
0.164164
0.239849
0.298437
0.251162
0.106935
0.101368
0.0779895
0.062918
0.236073
0.248938
0.240908
0.353276
0.237347
0.154404
0.1138
0.0611161
0.0387065
0.0668493
0.0380774
0.0906241
0.221308
0.0483726
0.0598833
0.0514608
0.0627557
0.0571775
0.299285
0.211519
0.31011
0.353276
0.313931
0.156791
0.120724
0.0336036
0.035533
0.048488
0.0468465
0.0587803
0.0731999
0.0688481
0.0381997
0.03502
0.0456229
0.182123
0.257909
0.160979
0.141796
0.194185
0.0364395
0.018504
0.0302878
0.0363705
0.257909
0.250517
0.0891
0.21652
0.257909
0.00385004
0.0159028
0.0233477
0.0317891
0.122094
0.257909
0.257909
0.202476
0.257909
0.0642635
0.0444889
0.0876805
0.100236
0.215741
0.257909
0.257909
0.198291
0.248564
0.00855032
0.00400825
0.00499264
0.0120853
0.261166
0.261166
0.0836606
0.261166
0.261166
0.00644897
0.0176548
0.0794151
0.115244
0.0679754
0.107394
0.0750637
0.111923
0.122209
0.0304958
0.0371506
0.104236
0.0954819
0.234768
0.261166
0.261166
0.225992
0.261166
0.0826912
0.107822
0.033045
0.049564
0.0591489
0.120443
0.115395
0.158381
0.235095
0.187959
0.261166
0.222669
0.17627
0.117441
0.149704
0.105036
0.203856
0.215815
0.0483374
0.069681
0.242695
0.261462
0.0617159
0.08163
0.0866024
0.0977665
0.090662
0.0519292
0.0467231
0.0523956
0.0400005
0.0884732
0.100236
0.150469
0.257118
0.277133
0.277133
0.277133
0.277133
0.277133
0.0304716
0.0480853
0.0799366
0.277133
0.277133
0.165669
0.0537499
0.025799
0.0180187
0.117667
0.130247
0.152718
0.177748
0.189886
0.111263
0.0973824
0.0940458
0.0930959
0.0576112
0.0941288
0.0812209
0.271921
0.290092
0.114958
0.0636315
0.11556
0.0575964
0.0521834
0.0767909
0.167418
0.302543
0.302543
0.302543
0.102786
0.0458655
0.0289113
0.0204742
0.0250783
0.0674863
0.302543
0.302543
0.302543
0.0760269
0.101004
0.0842825
0.0453648
0.0627717
0.0569544
0.180982
0.206046
0.0882151
0.051554
0.0778568
0.0510219
0.161817
0.0472507
0.050298
0.189957
0.289956
0.22426
0.185407
0.289956
0.289956
0.0174159
0.0422854
0.0584342
0.289956
0.289956
0.264309
0.0710585
0.0735495
0.048866
0.0597456
0.0856735
0.0478754
0.252238
0.289956
0.244914
0.0922326
0.060358
0.0559127
0.068277
0.0752579
0.0974068
0.160901
0.294241
0.229508
0.163925
0.191713
0.194465
0.100605
0.294241
0.258931
0.268209
0.294241
0.246068
0.144057
0.13996
0.0890707
0.040764
0.0784346
0.0541651
0.169716
0.294241
0.13496
0.0546232
0.0325063
0.0266189
0.0236771
0.0570494
0.058032
0.15642
0.294241
0.106621
0.031855
0.0394918
0.0354949
0.0866142
0.333592
0.333592
0.333592
0.333592
0.333592
0.223613
0.172159
0.0247929
0.0255007
0.0382944
0.0395406
0.0877763
0.149536
0.056296
0.0415004
0.0299199
0.040578
0.0306267
0.0738229
0.0854563
0.168005
0.333592
0.103637
0.0276351
0.0327259
0.0275352
0.0294818
0.0520991
0.0196187
0.162225
0.333592
0.06264
0.0353288
0.0254585
0.0268923
0.0876091
0.194899
0.200348
0.133228
0.170452
0.064084
0.05811
0.0506869
0.053878
0.146507
0.270382
0.248797
0.132659
0.209696
0.0728888
0.0150534
0.000338042
0.0108424
0.0375505
0.213487
0.270382
0.260451
0.270382
0.270382
0.253238
0.027552
0.0143319
0.0373708
0.245772
0.270382
0.134094
0.22882
0.157069
0.0382708
0.00852466
0.00729073
0.244695
0.263287
0.263287
0.261813
0.263287
0.143599
0.0758228
0.0214
0.0535869
0.0544463
0.101418
0.132983
0.193786
0.189395
0.17702
0.234519
0.20893
0.180349
0.081893
0.263287
0.263287
0.221298
0.263287
0.2073
0.0769622
0.0153816
0.0158513
0.0535214
0.0634522
0.0608691
0.083599
0.116755
0.101948
0.106584
0.0215577
0.0242794
0.0916044
0.0980724
0.218397
0.269358
0.269358
0.269358
0.269358
0.269358
0.269358
0.0239837
0.0459054
0.0810143
0.269358
0.269358
0.213521
0.060776
0.0276855
0.0238454
0.109697
0.134254
0.131676
0.186425
0.230081
0.201033
0.23361
0.0480533
0.0502184
0.0331098
0.0787113
0.0880495
0.139574
0.136166
0.0491913
0.0426267
0.0393866
0.0154379
0.0408781
0.0710172
0.135084
0.323598
0.323598
0.323598
0.103068
0.0421675
0.0318141
0.0101532
0.0343229
0.0630266
0.323598
0.323598
0.323598
0.0630097
0.0831221
0.0691184
0.0537391
0.158593
0.145627
0.248631
0.228785
0.080075
0.0544823
0.0599968
0.0339058
0.0570232
0.109216
0.0754234
0.113006
0.229709
0.118178
0.0375488
0.0734237
0.166473
0.013141
0.0537008
0.0653559
0.324062
0.324062
0.324062
0.0835902
0.0700352
0.049602
0.0727242
0.077185
0.0564561
0.324062
0.324062
0.316836
0.109558
0.0457718
0.0563543
0.0484286
0.120906
0.0614824
0.123286
0.197854
0.127412
0.0497286
0.0608835
0.0954
0.0843502
0.105915
0.0516364
0.204853
0.324062
0.137705
0.0521322
0.0311484
0.15463
0.0751443
0.113776
0.112045
0.326609
0.326609
0.302034
0.125023
0.0438548
0.0543136
0.0364396
0.0880115
0.144735
0.325427
0.326609
0.189071
0.0709178
0.0838582
0.0911031
0.0815486
0.143545
0.0685816
0.227604
0.326609
0.175984
0.083377
0.0433482
0.116171
0.0695157
0.0615871
0.0916319
0.164044
0.199626
0.0615284
0.0739459
0.0716566
0.0562857
0.0561093
0.134381
0.223671
0.388813
0.388813
0.21675
0.0764305
0.0790558
0.0745723
0.0598899
0.103173
0.0509439
0.388813
0.388813
0.130079
0.0945237
0.0590991
0.0525774
0.0872568
0.0982486
0.134783
0.178497
0.146074
0.0932474
0.0873054
0.0975034
0.0571418
0.103975
0.113331
0.144923
0.11893
0.123274
0.0808799
0.0490541
0.0622606
0.0771123
0.0530868
0.262583
0.262583
0.21108
0.262583
0.262583
0.214247
0.025838
0.00750039
0.0285079
0.207633
0.262583
0.142177
0.262583
0.206783
0.0438316
0.00873936
0.00845908
0.253556
0.262583
0.262583
0.256713
0.262583
0.0772148
0.0585518
0.0360766
0.00146494
0.0305137
0.0426087
0.0596911
0.0564833
0.152532
0.0496469
0.0151486
0.00855101
0.00827209
0.101895
0.319903
0.319903
0.319903
0.319903
0.319903
0.106331
0.0276334
0.0291263
0.0730115
0.125404
0.119025
0.172367
0.158417
0.155457
0.0758138
0.023483
0.0338651
0.0759182
0.0907915
0.100539
0.161462
0.319903
0.160884
0.0612379
0.0280503
0.0241373
0.0337865
0.0709863
0.0422191
0.143812
0.319903
0.163396
0.036501
0.0210009
0.0196481
0.137304
0.242795
0.241835
0.275968
0.259486
0.230823
0.123216
0.0520986
0.0634565
0.0533776
0.130958
0.115978
0.185196
0.204267
0.0711129
0.0553278
0.0663609
0.0353436
0.0620751
0.121238
0.0967253
0.275968
0.275968
0.275968
0.0865701
0.0382568
0.0215053
0.0358442
0.0825092
0.113078
0.275968
0.275968
0.275968
0.0689991
0.0322513
0.0286014
0.0635078
0.176313
0.127141
0.204025
0.239706
0.0904886
0.0601091
0.0738787
0.0432945
0.0475098
0.11892
0.0855923
0.156336
0.262505
0.116333
0.0365642
0.0766935
0.0861793
0.0457218
0.108295
0.139046
0.324363
0.324363
0.324363
0.0792682
0.0317997
0.0265365
0.0367267
0.0702701
0.0869123
0.31622
0.324363
0.324363
0.0148377
0.02685
0.0570902
0.0458656
0.130212
0.0744556
0.147343
0.23512
0.133031
0.0491434
0.0662013
0.0608058
0.0899654
0.100781
0.0657529
0.224555
0.329478
0.186072
0.0501483
0.0264874
0.116381
0.0325247
0.0744776
0.0655971
0.257873
0.329478
0.31717
0.0202849
0.0310636
0.0394817
0.0435389
0.0726859
0.113649
0.329478
0.329478
0.329478
0.0361549
0.0166519
0.0208629
0.0834029
0.126073
0.0810488
0.240619
0.325985
0.218372
0.0842713
0.0391458
0.102348
0.062755
0.0608833
0.104367
0.194235
0.231226
0.0962667
0.0877674
0.0644603
0.0556862
0.0383848
0.0649912
0.0976522
0.325985
0.325985
0.325985
0.0625345
0.0324271
0.0172892
0.0529865
0.0245131
0.0627522
0.198403
0.325985
0.325985
0.0683982
0.0396143
0.0297307
0.0730444
0.100352
0.155177
0.198141
0.211172
0.130784
0.1174
0.0870677
0.0600914
0.0948876
0.120088
0.157383
0.15072
0.255751
0.150595
0.0527441
0.0595661
0.0749739
0.0573335
0.0296041
0.0579948
0.203949
0.34144
0.34144
0.110088
0.0483408
0.0440366
0.0424515
0.0487184
0.130096
0.254998
0.34144
0.34144
0.0736979
0.15361
0.128988
0.3068
0.3068
0.3068
0.29663
0.3068
0.0574438
0.0495465
0.0416214
0.00312426
0.0404918
0.0529529
0.058774
0.0825206
0.146059
0.0457365
0.0209816
0.0155209
0.0176233
0.3068
0.3068
0.159188
0.291296
0.3068
0.105622
0.090997
0.0269234
0.00286012
0.0185243
0.0263239
0.0328513
0.158132
0.218569
0.0322848
0.00733375
0.00795263
0.00955683
0.12309
0.144552
0.165014
0.264155
0.323336
0.176649
0.104096
0.0601211
0.0590449
0.0591042
0.160343
0.092624
0.220281
0.323336
0.182688
0.059263
0.0435226
0.0408634
0.0349048
0.0629172
0.0830671
0.323336
0.323336
0.135208
0.0290443
0.0348392
0.0399204
0.0321661
0.0449854
0.0942649
0.323336
0.323336
0.119728
0.0333818
0.0448109
0.0189698
0.0635679
0.146088
0.100193
0.235641
0.31124
0.225549
0.0802492
0.0408662
0.0223947
0.052337
0.104345
0.116479
0.260791
0.31124
0.251735
0.0574572
0.0384685
0.0394647
0.02874
0.0523954
0.0867402
0.31124
0.31124
0.170287
0.0373226
0.0476396
0.0176181
0.0402893
0.0956976
0.0685971
0.31124
0.31124
0.18256
0.095476
0.037662
0.00412635
0.057996
0.110768
0.115412
0.243683
0.312824
0.247795
0.0565778
0.0344433
0.0283956
0.0526854
0.0559904
0.0722046
0.255637
0.312824
0.262955
0.0198932
0.0430653
0.0353143
0.0374475
0.0987034
0.0669124
0.312824
0.312824
0.199535
0.0954497
0.0567425
0.00917965
0.0485447
0.0436337
0.055287
0.312824
0.312824
0.165625
0.0375391
0.0473842
0.0504605
0.047898
0.0590011
0.0615714
0.238809
0.319037
0.241155
0.0248045
0.04319
0.0272368
0.0523104
0.0673347
0.0992957
0.276235
0.319037
0.319037
0.0322237
0.021316
0.00883846
0.0415427
0.0523339
0.0719484
0.319037
0.319037
0.142439
0.0332267
0.0418376
0.0364709
0.073844
0.0555613
0.0714259
0.319037
0.319037
0.111258
0.044153
0.0423838
0.0254626
0.0412701
0.0493996
0.0778985
0.286204
0.320192
0.320192
0.0490542
0.0290023
0.00832928
0.0297709
0.0274787
0.0418571
0.1755
0.320192
0.320192
0.0616244
0.0247093
0.0264004
0.0713347
0.0566076
0.092308
0.320192
0.320192
0.0860524
0.0308271
0.0310103
0.0192499
0.0407311
0.0256905
0.0479229
0.320192
0.320192
0.0709089
0.0389769
0.0719826
0.0472349
0.0275243
0.0261379
0.0364538
0.159402
0.326118
0.326118
0.0817656
0.0266458
0.0350535
0.0244947
0.0288565
0.0778837
0.195883
0.326118
0.326118
0.0462935
0.0865771
0.073945
0.0432661
0.0246984
0.0566829
0.326118
0.326118
0.0918324
0.0339571
0.0586381
0.0378621
0.0270545
0.0336814
0.0739595
0.325512
0.326118
0.12206
0.0518009
0.0753947
0.0322027
0.336965
0.336965
0.199806
0.336965
0.336965
0.129096
0.124855
0.0316167
0.00311582
0.0188143
0.039016
0.0450359
0.155424
0.186237
0.0381687
0.0164556
0.0112342
0.0133688
0.336965
0.124921
0.0972596
0.336965
0.336965
0.0310862
0.00557481
0.0103684
0.00599096
0.0270433
0.0509994
0.0502903
0.109813
0.142563
0.0460991
0.018416
0.00870098
0.0151237
0.0440672
0.111066
0.114853
0.297535
0.297535
0.143816
0.0509802
0.0445401
0.0509668
0.058586
0.0941128
0.130042
0.297535
0.297535
0.104202
0.0680572
0.0645036
0.0297743
0.099742
0.212571
0.185356
0.297535
0.297535
0.141935
0.0646255
0.0420468
0.0397653
0.0363936
0.152777
0.133206
0.297535
0.297535
0.095019
0.113477
0.0619405
0.0374156
0.0682428
0.116446
0.133421
0.286775
0.286775
0.130304
0.0655469
0.0569836
0.0300711
0.0869751
0.163457
0.11967
0.286775
0.286775
0.197453
0.129987
0.044927
0.00973116
0.0594497
0.175042
0.142505
0.286775
0.286775
0.0894191
0.112421
0.101704
0.0420601
0.110667
0.177255
0.172707
0.286775
0.277791
0.0934572
0.0768618
0.0591084
0.0157491
0.079364
0.164044
0.110846
0.280117
0.280117
0.19655
0.126837
0.0579241
0.0183378
0.111521
0.0703019
0.0826031
0.280117
0.280117
0.163841
0.0659229
0.0947194
0.0991367
0.102618
0.188153
0.153851
0.280117
0.228313
0.0938467
0.105459
0.0951477
0.0251697
0.0928293
0.175766
0.145897
0.280117
0.280117
0.121922
0.0568024
0.197695
0.0576817
0.0964477
0.0779923
0.108722
0.303111
0.303111
0.149676
0.0729502
0.0873054
0.0820494
0.0947739
0.100917
0.126501
0.303111
0.303111
0.116633
0.0535472
0.0553607
0.0515431
0.103012
0.145826
0.142525
0.290661
0.303111
0.120188
0.100135
0.181099
0.0735865
0.153667
0.145671
0.143998
0.170998
0.303111
0.0966585
0.0943686
0.0837547
0.0516291
0.0944848
0.11294
0.166428
0.347035
0.347035
0.105248
0.0456211
0.0439927
0.0455673
0.0443304
0.0686575
0.0641591
0.347035
0.347035
0.114422
0.0602045
0.118647
0.0954615
0.175971
0.146623
0.170507
0.201867
0.347035
0.0980323
0.0939536
0.0813326
0.0734757
0.0937366
0.171913
0.0902214
0.15126
0.163208
0.0941484
0.0469936
0.125075
0.0716011
0.047074
0.0690349
0.0825203
0.361204
0.361204
0.155486
0.05316
0.10056
0.0885382
0.0399646
0.0592501
0.114761
0.361204
0.361204
0.191171
0.0863535
0.0936506
0.0395211
0.0981624
0.180832
0.116923
0.210637
0.19226
0.102243
0.0284341
0.126546
0.0907265
0.0509643
0.147602
0.164648
0.186852
0.200951
0.117624
0.0566217
0.153762
0.0803178
0.390128
0.150762
0.0952285
0.390128
0.390128
0.0195326
0.0101503
0.0102699
0.0108215
0.034099
0.0641734
0.0601759
0.129829
0.16173
0.0734939
0.035002
0.0146122
0.0139168
0.2087
0.242458
0.117559
0.390128
0.390128
0.0371414
0.0118277
0.00769002
0.0100391
0.0454796
0.0732839
0.0740013
0.0696069
0.0739857
0.0495665
0.0492756
0.0351562
0.0186935
0.114836
0.215582
0.202188
0.234816
0.234816
0.203413
0.105233
0.0581923
0.0491243
0.0604709
0.214852
0.146372
0.234816
0.234816
0.102384
0.158769
0.0746685
0.0297818
0.133417
0.201685
0.211964
0.234816
0.228547
0.152853
0.144423
0.112706
0.0887699
0.100085
0.234816
0.0972862
0.227238
0.234816
0.126857
0.114399
0.130737
0.0632911
0.093812
0.225918
0.189179
0.226998
0.226998
0.089038
0.17249
0.107917
0.0392061
0.119213
0.226998
0.226998
0.226998
0.212418
0.146903
0.109391
0.0830847
0.0342568
0.134695
0.226998
0.0999722
0.226998
0.226998
0.126338
0.133372
0.146718
0.0932162
0.151191
0.173295
0.192003
0.226998
0.226998
0.122662
0.114148
0.13044
0.1016
0.104949
0.22284
0.214516
0.233006
0.15612
0.124503
0.147375
0.101576
0.0477073
0.170471
0.194463
0.189446
0.233006
0.233006
0.100516
0.0796314
0.150016
0.0987578
0.128856
0.150165
0.218732
0.220836
0.233006
0.140151
0.120894
0.104639
0.089641
0.219495
0.162002
0.165494
0.233006
0.233006
0.0880678
0.0857907
0.152385
0.112905
0.161019
0.166185
0.181425
0.234262
0.234262
0.092214
0.139134
0.150224
0.133214
0.149897
0.172639
0.203938
0.188321
0.234262
0.0953844
0.0911413
0.0772923
0.0778566
0.178692
0.174983
0.189441
0.234262
0.234262
0.148155
0.0985357
0.125277
0.126968
0.147687
0.15119
0.218784
0.234262
0.234262
0.131491
0.106229
0.112179
0.082695
0.183865
0.202298
0.230662
0.221675
0.230662
0.135343
0.125525
0.103454
0.121729
0.122412
0.210855
0.123117
0.135753
0.20494
0.118103
0.0830701
0.175931
0.10644
0.143035
0.180857
0.205259
0.230662
0.230662
0.214873
0.149727
0.12938
0.111556
0.128456
0.154307
0.170545
0.150458
0.188104
0.103908
0.188783
0.165284
0.106341
0.139248
0.210858
0.147417
0.193519
0.210858
0.162661
0.0798932
0.171178
0.136322
0.0852098
0.199906
0.210858
0.210858
0.210356
0.166221
0.0872809
0.175832
0.121613
0.122368
0.150293
0.148824
0.166907
0.210858
0.151562
0.210858
0.195051
0.119813
0.143555
0.192255
0.109709
0.111097
0.210858
0.210858
0.20172
0.122809
0.1092
0.177383
0.224349
0.103404
0.294406
0.294406
0.0373586
0.0136075
0.00844878
0.0156312
0.0393112
0.0624581
0.0693179
0.0739436
0.101159
0.0471863
0.0406381
0.029357
0.016365
0.193158
0.294406
0.294406
0.294406
0.294406
0.170516
0.121639
0.202736
0.0983216
0.0475307
0.051092
0.133664
0.276451
0.294406
0.110902
0.0725317
0.0918864
0.103993
0.0859584
0.124122
0.164892
0.207752
0.255544
0.127743
0.111829
0.0840281
0.0649514
0.0639027
0.142017
0.0729497
0.168503
0.202492
0.0864852
0.0825304
0.0884351
0.0314796
0.0814514
0.101619
0.314004
0.314004
0.314004
0.314004
0.234196
0.174929
0.225434
0.0414849
0.0906267
0.155667
0.151199
0.220784
0.119594
0.0742624
0.0628156
0.0470706
0.123258
0.183398
0.11255
0.228388
0.228388
0.131742
0.15503
0.145153
0.07386
0.125217
0.197391
0.183625
0.228388
0.228388
0.143194
0.136512
0.163646
0.0935821
0.0591384
0.154277
0.228388
0.228388
0.228388
0.180427
0.127178
0.112995
0.0764162
0.0946056
0.187706
0.162553
0.220059
0.228388
0.146644
0.13812
0.132632
0.135736
0.124674
0.160724
0.218128
0.232167
0.232167
0.163443
0.147266
0.125622
0.102428
0.232167
0.16612
0.184703
0.232167
0.232167
0.0976881
0.0973419
0.111521
0.134745
0.0986494
0.181393
0.181039
0.232167
0.232167
0.150869
0.129804
0.0949409
0.116523
0.0900949
0.232167
0.232167
0.144842
0.146803
0.183126
0.118832
0.0360595
0.0521441
0.234098
0.170555
0.209747
0.23799
0.23799
0.156337
0.117373
0.0924258
0.166855
0.152664
0.151711
0.214367
0.23799
0.23799
0.149852
0.10619
0.0923134
0.101457
0.109316
0.228796
0.23799
0.159203
0.166338
0.171917
0.107971
0.0414137
0.0571341
0.0981427
0.147534
0.14086
0.183162
0.23799
0.170635
0.162649
0.0766456
0.0558319
0.140521
0.171812
0.212295
0.229379
0.229379
0.229379
0.168356
0.119299
0.130876
0.134211
0.151507
0.21011
0.125643
0.160555
0.129322
0.212501
0.162842
0.104388
0.116314
0.14696
0.18762
0.229379
0.229379
0.189935
0.189833
0.121439
0.0940774
0.0796098
0.133325
0.172403
0.158465
0.191849
0.145627
0.157107
0.143905
0.0923372
0.134856
0.143801
0.16581
0.118732
0.173372
0.177103
0.208081
0.180209
0.104357
0.158177
0.173904
0.140891
0.0901371
0.208081
0.208081
0.208081
0.128198
0.101891
0.0851892
0.146001
0.181306
0.208081
0.208081
0.167037
0.142869
0.150659
0.127919
0.134525
0.208081
0.204535
0.199936
0.208081
0.110377
0.197324
0.208081
0.123196
